<TICKER>,<PER>,<DATE>,<TIME>,<OPEN>,<HIGH>,<LOW>,<CLOSE>,<VOL>,<OPENINT>
AQWA.US,D,20210413,000000,15.0129,15.0318,14.9443,15.0179,3257.8650305934,0
AQWA.US,D,20210414,000000,15.0626,15.0785,15.0626,15.0725,1401.5460122349,0
AQWA.US,D,20210415,000000,15.5228,15.5228,15.1302,15.1749,2732.6625766188,0
AQWA.US,D,20210416,000000,15.2385,16.7701,15.2345,15.3071,13911.828220511,0
AQWA.US,D,20210419,000000,15.3955,15.3955,15.2793,15.2902,39633.668710666,0
AQWA.US,D,20210420,000000,15.317,15.3369,15.2286,15.2634,13979.239263454,0
AQWA.US,D,20210421,000000,15.3071,15.3846,15.2683,15.3717,13691.484662234,0
AQWA.US,D,20210422,000000,15.4552,15.484,15.4055,15.484,14615.116564052,0
AQWA.US,D,20210423,000000,15.4254,15.5029,15.4254,15.4403,9918.4785273594,0
AQWA.US,D,20210426,000000,15.4452,15.4452,15.329,15.3319,2224.5644171223,0
AQWA.US,D,20210427,000000,15.3667,15.3667,15.16,15.2097,10062.355827969,0
AQWA.US,D,20210428,000000,15.2972,15.317,15.2534,15.2584,9135.705521244,0
AQWA.US,D,20210429,000000,15.2286,15.327,15.2286,15.2932,2389.5705520875,0
AQWA.US,D,20210430,000000,15.317,15.327,15.2087,15.2465,6181.6932513792,0
AQWA.US,D,20210503,000000,15.3667,15.4055,15.322,15.3488,6410.0858894103,0
AQWA.US,D,20210504,000000,15.3369,15.3767,15.2972,15.3767,6046.871165493,0
AQWA.US,D,20210505,000000,15.4154,15.4154,15.317,15.3667,2334.233128776,0
AQWA.US,D,20210506,000000,15.48,15.48,15.4055,15.479,1777.8404907531,0
AQWA.US,D,20210507,000000,15.5228,15.6301,15.5228,15.6013,2062.576687065,0
AQWA.US,D,20210510,000000,15.6897,15.7673,15.644,15.644,6723.9999998319,0
AQWA.US,D,20210511,000000,15.5625,15.5625,15.4154,15.4641,15799.337422918,0
AQWA.US,D,20210512,000000,15.317,15.317,15.0725,15.0725,3807.2147238312,0
AQWA.US,D,20210513,000000,15.2385,15.4055,15.2385,15.3856,4901.8895704296,0
AQWA.US,D,20210514,000000,15.6013,15.6013,15.5794,15.5794,1769.7914109987,0
AQWA.US,D,20210517,000000,15.5327,15.5327,15.4264,15.4264,5193.6687115266,0
AQWA.US,D,20210518,000000,15.484,15.484,15.3846,15.3846,6680.736196152,0
AQWA.US,D,20210519,000000,15.2872,15.2872,15.1888,15.2584,4598.036809701,0
AQWA.US,D,20210520,000000,15.3468,15.4254,15.3468,15.4254,2264.8098158943,0
AQWA.US,D,20210521,000000,15.4651,15.484,15.4452,15.48,1972.024539828,0
AQWA.US,D,20210524,000000,15.5526,15.5625,15.5317,15.5456,2232.6134968767,0
AQWA.US,D,20210525,000000,15.5824,15.5824,15.5327,15.5476,1327.0920245067,0
AQWA.US,D,20210526,000000,15.5735,15.6709,15.5725,15.651,4064.785275972,0
AQWA.US,D,20210527,000000,15.7096,15.7295,15.6947,15.6947,1773.8159508759,0
AQWA.US,D,20210528,000000,15.7394,15.7394,15.6748,15.6748,914.5766870937,0
AQWA.US,D,20210601,000000,15.808,15.808,15.7384,15.7494,2374.478527548,0
AQWA.US,D,20210602,000000,15.808,15.808,15.7196,15.7295,1507.1901840114,0
AQWA.US,D,20210603,000000,15.6997,15.6997,15.5824,15.5864,7855.9018402944,0
AQWA.US,D,20210604,000000,15.6858,15.7096,15.6719,15.6947,1169.1288343266,0
AQWA.US,D,20210607,000000,15.7693,15.7693,15.7146,15.7345,2553.5705520834,0
AQWA.US,D,20210608,000000,15.7494,15.7494,15.6212,15.7116,2806.1104293777,0
AQWA.US,D,20210609,000000,15.6808,15.7047,15.6808,15.6808,1147.9999999713,0
AQWA.US,D,20210610,000000,15.651,15.7196,15.651,15.6659,1969.0061349201,0
AQWA.US,D,20210611,000000,15.7394,15.7593,15.6709,15.7593,1669.1779140687,0
AQWA.US,D,20210614,000000,15.818,15.818,15.7494,15.7494,1468.957055178,0
AQWA.US,D,20210615,000000,15.7891,15.818,15.7494,15.818,1387.4601226647,0
AQWA.US,D,20210616,000000,15.818,15.8279,15.5913,15.6102,10745.521472124,0
AQWA.US,D,20210617,000000,15.6112,15.6112,15.5128,15.5774,3740.8098158574,0
AQWA.US,D,20210618,000000,15.4353,15.4353,15.2783,15.2783,2186.3312882889,0
AQWA.US,D,20210621,000000,15.2872,15.5426,15.2872,15.5317,3214.6012269135,0
AQWA.US,D,20210622,000000,15.5824,15.5824,15.5228,15.5735,639.9018404748,0
AQWA.US,D,20210623,000000,15.6013,15.6013,15.5426,15.5426,1230.5030674539,0
AQWA.US,D,20210624,000000,15.4353,15.4353,15.4353,15.4353,1042.3558281948,0
AQWA.US,D,20210625,000000,15.6092,15.6092,15.5337,15.5864,2865.4723925664,0
AQWA.US,D,20210628,000000,15.651,15.6987,15.6212,15.6808,3306.1595091198,0
AQWA.US,D,20210629,000000,15.6609,15.7295,15.6311,15.643,3535.5582821202,0
AQWA.US,D,20210630,000000,15.6112,15.6212,15.5774,15.5774,4208.6625765819,0
AQWA.US,D,20210701,000000,15.64,15.64,15.6013,15.6162,1697.3496932091,0
AQWA.US,D,20210702,000000,15.641,15.7593,15.641,15.7196,1381.4233128489,0
AQWA.US,D,20210706,000000,15.6709,15.6897,15.5824,15.6897,2974.1349692508,0
AQWA.US,D,20210707,000000,15.7404,15.8686,15.7404,15.8686,1456.8834355464,0
AQWA.US,D,20210708,000000,15.808,15.808,15.6609,15.6609,4650.3558281046,0
AQWA.US,D,20210709,000000,15.8279,15.8776,15.8279,15.8677,1091.6564416905,0
AQWA.US,D,20210712,000000,15.9164,15.9551,15.8965,15.9551,3580.8343557387,0
AQWA.US,D,20210713,000000,15.9362,15.9859,15.9213,15.9213,4802.2822084689,0
AQWA.US,D,20210714,000000,15.9253,15.9253,15.8577,15.8875,26118.257668059,0
AQWA.US,D,20210715,000000,15.8527,15.8965,15.8378,15.8965,4795.2392636838,0
AQWA.US,D,20210716,000000,15.9859,15.9949,15.9263,15.9362,5982.4785274578,0
AQWA.US,D,20210719,000000,15.8279,15.8279,15.7345,15.7345,3232.7116563609,0
AQWA.US,D,20210720,000000,15.7693,16.0346,15.7693,16.0048,2581.7423312238,0
AQWA.US,D,20210721,000000,16.0545,16.1231,16.0346,16.0456,2784.9815950224,0
AQWA.US,D,20210722,000000,16.1032,16.1032,15.9561,15.9859,5372.760736062,0
AQWA.US,D,20210723,000000,16.1032,16.133,16.0744,16.133,2779.9509201759,0
AQWA.US,D,20210726,000000,16.1827,16.2016,16.1529,16.1778,3761.9386502127,0
AQWA.US,D,20210727,000000,16.1917,16.2712,16.1479,16.2563,2716.56441711,0
AQWA.US,D,20210728,000000,16.3199,16.3199,16.1728,16.2493,5526.6993863649,0
AQWA.US,D,20210729,000000,16.3696,16.4083,16.3109,16.3895,4285.1288342487,0
AQWA.US,D,20210730,000000,16.4183,16.4878,16.4183,16.4481,5995.5582820587,0
AQWA.US,D,20210802,000000,16.4978,16.5167,16.4382,16.4481,9899.3619629427,0
AQWA.US,D,20210803,000000,16.468,16.6349,16.4431,16.6151,4174.4539876257,0
AQWA.US,D,20210804,000000,16.5962,16.625,16.5912,16.625,6664.6380366432,0
AQWA.US,D,20210805,000000,16.6946,16.6946,16.6131,16.6737,3719.6809815021,0
AQWA.US,D,20210806,000000,16.7135,16.7135,16.6846,16.6946,9609.5950917843,0
AQWA.US,D,20210809,000000,17.0285,17.0285,16.5187,16.5763,13274.944784944,0
AQWA.US,D,20210810,000000,16.5763,16.6151,16.5763,16.5912,2654.1840490134,0
AQWA.US,D,20210811,000000,16.7135,16.7135,16.62,16.6747,7311.5828219031,0
AQWA.US,D,20210812,000000,16.7333,16.7333,16.6846,16.6896,13334.306748133,0
AQWA.US,D,20210813,000000,16.7045,16.9113,16.7005,16.9113,4568.8588955913,0
AQWA.US,D,20210816,000000,16.7532,16.8218,16.6349,16.797,7945.4478525621,0
AQWA.US,D,20210817,000000,16.7731,16.783,16.6856,16.6946,8541.0797543877,0
AQWA.US,D,20210818,000000,16.6548,16.6737,16.5197,16.5197,19999.950919745,0
AQWA.US,D,20210819,000000,16.4878,16.6946,16.458,16.6946,6249.1042943223,0
AQWA.US,D,20210820,000000,16.5266,16.7135,16.5266,16.6846,15612.196318628,0
AQWA.US,D,20210823,000000,16.7433,16.7632,16.6717,16.7125,9078.3558279939,0
AQWA.US,D,20210824,000000,16.7234,16.7632,16.6658,16.7632,3698.5521471468,0
AQWA.US,D,20210825,000000,16.7234,16.8119,16.7234,16.8119,3773.006134875,0
AQWA.US,D,20210826,000000,16.7333,16.7333,16.6548,16.6846,6994.6503065736,0
AQWA.US,D,20210827,000000,16.7642,16.793,16.7443,16.7691,4984.3926379122,0
AQWA.US,D,20210830,000000,16.8417,16.9152,16.8417,16.9152,6920.1963188454,0
AQWA.US,D,20210831,000000,16.9252,16.96,16.9013,16.9053,4555.7791409904,0
AQWA.US,D,20210901,000000,16.95,16.9898,16.8914,16.9898,10279.680981338,0
AQWA.US,D,20210902,000000,17.0782,17.2651,17.0782,17.1468,6867.8773004418,0
AQWA.US,D,20210903,000000,17.1667,17.1667,17.0464,17.0733,8548.1226991728,0
AQWA.US,D,20210907,000000,17.0583,17.0733,16.9113,16.946,9590.4785273676,0
AQWA.US,D,20210908,000000,16.9699,17.0882,16.9609,17.0683,79850.895703525,0
AQWA.US,D,20210909,000000,17.0484,17.0882,16.9699,16.9759,7051.9999998237,0
AQWA.US,D,20210910,000000,17.0096,17.0096,16.8417,16.8516,5454.2576685753,0
AQWA.US,D,20210913,000000,16.96,16.96,16.7045,16.7632,3238.7484661767,0
AQWA.US,D,20210914,000000,16.7731,16.8029,16.7135,16.7333,2842.3312882725,0
AQWA.US,D,20210915,000000,16.7234,16.7701,16.7135,16.7701,2918.7975459393,0
AQWA.US,D,20210916,000000,16.6349,16.6846,16.5862,16.6499,4617.1533741177,0
AQWA.US,D,20210917,000000,16.4978,16.5365,16.4382,16.4382,5126.2576685835,0
AQWA.US,D,20210920,000000,16.2115,16.3368,16.1927,16.3368,9646.8220856484,0
AQWA.US,D,20210921,000000,16.3994,16.4481,16.3398,16.3895,3540.5889569667,0
AQWA.US,D,20210922,000000,16.4382,16.4978,16.4382,16.4481,1671.1901840073,0
AQWA.US,D,20210923,000000,16.5266,16.6349,16.5266,16.5813,2906.7239263077,0
AQWA.US,D,20210924,000000,16.4878,16.5167,16.458,16.4948,3496.3190183175,0
AQWA.US,D,20210927,000000,16.4282,16.458,16.3795,16.3795,3076.7607361194,0
AQWA.US,D,20210928,000000,16.2215,16.2215,16.0048,16.0048,4557.791410929,0
AQWA.US,D,20210929,000000,16.0048,16.0644,15.966,16.0167,3481.226993778,0
AQWA.US,D,20210930,000000,16.143,16.143,15.7792,15.7792,4116.0981594063,0
AQWA.US,D,20211001,000000,15.7494,15.8965,15.7196,15.8478,3262.8957054399,0
AQWA.US,D,20211004,000000,15.8478,15.8965,15.7394,15.7792,7220.0245396968,0
AQWA.US,D,20211005,000000,15.9164,16.0138,15.8378,16.0138,2762.8466256978,0
AQWA.US,D,20211006,000000,15.818,15.9561,15.7464,15.9561,9722.2822083459,0
AQWA.US,D,20211007,000000,16.1131,16.1131,16.0545,16.0545,1597.7423312484,0
AQWA.US,D,20211008,000000,16.0346,16.0346,15.9164,15.9412,2946.9693250797,0
AQWA.US,D,20211011,000000,15.9462,15.9462,15.7752,15.7752,5965.3742329797,0
AQWA.US,D,20211012,000000,15.818,15.818,15.7693,15.7693,1624.9079754195,0
AQWA.US,D,20211013,000000,15.8279,15.9263,15.8279,15.8826,14329.374232771,0
AQWA.US,D,20211014,000000,15.9949,16.143,15.976,16.13,3560.7116563527,0
AQWA.US,D,20211015,000000,16.1728,16.2314,16.1131,16.1718,9294.6748463934,0
AQWA.US,D,20211018,000000,16.1131,16.2016,16.0943,16.1728,4108.0490796519,0
AQWA.US,D,20211019,000000,16.2612,16.2911,16.2414,16.2662,4118.1104293449,0
AQWA.US,D,20211020,000000,16.2712,16.2911,16.2712,16.2911,975.950920221,0
AQWA.US,D,20211021,000000,16.2612,16.3398,16.2612,16.3298,4496.4171778017,0
AQWA.US,D,20211022,000000,16.4183,16.4282,16.3795,16.3795,1628.9325152967,0
AQWA.US,D,20211025,000000,16.4282,16.4809,16.3696,16.4391,1877.4478527138,0
AQWA.US,D,20211026,000000,16.4978,16.4978,16.4183,16.4203,2698.4539876626,0
AQWA.US,D,20211027,000000,16.4183,16.4183,16.3696,16.3696,1755.7055214285,0
AQWA.US,D,20211028,000000,16.3596,16.4978,16.3596,16.458,2290.9693250961,0
AQWA.US,D,20211029,000000,16.4878,16.5365,16.4878,16.4918,3814.2576686163,0
AQWA.US,D,20211101,000000,16.5465,16.5465,16.5028,16.5365,2255.7546011706,0
AQWA.US,D,20211102,000000,16.6061,16.7135,16.5962,16.7135,2882.5766870445,0
AQWA.US,D,20211103,000000,16.6548,16.6548,16.5067,16.5167,2512.3190183421,0
AQWA.US,D,20211104,000000,16.7333,16.8119,16.7333,16.7731,7234.110429267,0
AQWA.US,D,20211105,000000,16.8516,16.96,16.8417,16.9202,6075.0429446334,0
AQWA.US,D,20211108,000000,17.0285,17.0434,16.96,17.0434,3161.2760735406,0
AQWA.US,D,20211109,000000,17.0484,17.0484,17.0096,17.0236,3735.7791410109,0
AQWA.US,D,20211110,000000,17.0583,17.0583,17.0096,17.0186,7068.0981593325,0
AQWA.US,D,20211111,000000,17.0882,17.0882,16.9401,17.0196,3381.6196318173,0
AQWA.US,D,20211112,000000,17.0583,17.0931,16.9401,17.0931,2620.9815950265,0
AQWA.US,D,20211115,000000,17.1369,17.1667,17.0285,17.0484,2714.5521471714,0
AQWA.US,D,20211116,000000,17.0285,17.1567,17.0285,17.0971,4263.9999998934,0
AQWA.US,D,20211117,000000,17.0782,17.0782,16.9798,17.0583,5528.7116563035,0
AQWA.US,D,20211118,000000,17.0484,17.1269,17.0484,17.1041,10298.797545755,0
AQWA.US,D,20211119,000000,17.108,17.1667,17.108,17.1667,2423.7791410437,0
AQWA.US,D,20211122,000000,17.1667,17.2551,17.1667,17.1965,5935.1901839007,0
AQWA.US,D,20211123,000000,17.0981,17.0981,16.9997,17.0782,3880.6625765901,0
AQWA.US,D,20211124,000000,17.0285,17.0285,16.95,16.96,3035.5092023781,0
AQWA.US,D,20211126,000000,16.8119,16.8814,16.7045,16.7065,3263.9018404092,0
AQWA.US,D,20211129,000000,16.8119,16.9202,16.7731,16.9013,3535.5582821202,0
AQWA.US,D,20211130,000000,16.8347,16.8417,16.5067,16.5067,2646.134969259,0
AQWA.US,D,20211201,000000,16.5962,16.6061,16.3398,16.3398,3395.7055213875,0
AQWA.US,D,20211202,000000,16.6349,16.7135,16.6349,16.6548,1005.1288343307,0
AQWA.US,D,20211203,000000,16.7234,16.7234,16.5028,16.6002,3897.7668710682,0
AQWA.US,D,20211206,000000,16.6946,16.9013,16.6946,16.8397,4670.4785274906,0
AQWA.US,D,20211207,000000,16.96,17.0981,16.96,17.0494,2218.5276073065,0
AQWA.US,D,20211208,000000,17.1369,17.1567,17.1289,17.1468,2702.4785275398,0
AQWA.US,D,20211209,000000,17.0782,17.0782,16.9957,17.0047,2032.392637986,0
AQWA.US,D,20211210,000000,17.0683,17.0782,17.0096,17.0683,15577.987729672,0
AQWA.US,D,20211213,000000,17.0385,17.0981,16.9749,17.0385,14002.380367748,0
AQWA.US,D,20211214,000000,16.9609,17.0285,16.8327,16.8516,3277.9877299794,0
AQWA.US,D,20211215,000000,16.8516,17.0683,16.8516,17.0285,4116.0981594063,0
AQWA.US,D,20211216,000000,17.0683,17.0683,16.9798,16.9798,1320.0490797216,0
AQWA.US,D,20211217,000000,16.8218,16.8218,16.8119,16.8119,818.9938650102,0
AQWA.US,D,20211220,000000,16.6846,16.7532,16.5564,16.6846,5305.3496931189,0
AQWA.US,D,20211221,000000,16.7731,16.8516,16.7731,16.8516,7279.3865028855,0
AQWA.US,D,20211222,000000,16.8576,16.9898,16.8576,16.9699,2498.2331287719,0
AQWA.US,D,20211223,000000,17.0882,17.0882,17.0385,17.0504,1885.4969324682,0
AQWA.US,D,20211227,000000,17.0385,17.2064,17.0385,17.2064,1449.8404907613,0
AQWA.US,D,20211228,000000,17.2064,17.275,17.2064,17.275,2938.9202453253,0
AQWA.US,D,20211229,000000,17.2949,17.3834,17.2949,17.3734,4121.1288342528,0
AQWA.US,D,20211230,000000,17.4629,17.4629,17.3138,17.3138,11516.220858608,0
AQWA.US,D,20211231,000000,17.3138,17.443,17.2939,17.433,21341.128833822,0
AQWA.US,D,20220103,000000,17.4231,17.4231,17.1349,17.2144,6103.2147237738,0
AQWA.US,D,20220104,000000,17.1846,17.2872,17.1846,17.284,10619.754600961,0
AQWA.US,D,20220105,000000,17.1647,17.2442,16.9759,16.9759,6322.5521470812,0
AQWA.US,D,20220106,000000,16.9759,17.0255,16.8963,16.8963,12301.006134662,0
AQWA.US,D,20220107,000000,16.7622,16.7771,16.7622,16.7771,1191.2638036512,0
AQWA.US,D,20220110,000000,16.5982,16.5982,16.4888,16.5684,2619.9754600572,0
AQWA.US,D,20220111,000000,16.5584,16.5932,16.4491,16.5833,2890.6257667989,0
AQWA.US,D,20220112,000000,16.6866,16.6866,16.6201,16.6479,1110.7730061072,0
AQWA.US,D,20220113,000000,16.5882,16.618,16.4789,16.4789,2278.8957054645,0
AQWA.US,D,20220114,000000,16.3898,16.3898,16.1509,16.1509,3104.9325152598,0
AQWA.US,D,20220118,000000,16.0714,16.0863,16.0714,16.0863,1882.4785275603,0
AQWA.US,D,20220119,000000,16.1012,16.1012,16.0326,16.0515,1359.2883435243,0
AQWA.US,D,20220120,000000,16.0416,16.0416,15.8428,15.8428,2452.9570551534,0
AQWA.US,D,20220121,000000,15.7732,15.7832,15.7335,15.7345,4202.6257667661,0
AQWA.US,D,20220124,000000,15.5546,15.7118,15.2276,15.7118,32228.515336618,0
AQWA.US,D,20220125,000000,15.485,15.4949,15.326,15.4154,2997.2760735447,0
AQWA.US,D,20220126,000000,15.485,15.5536,15.1769,15.1968,5738.9938648872,0
AQWA.US,D,20220127,000000,15.4244,15.4244,15.0477,15.0775,5933.1779139621,0
AQWA.US,D,20220128,000000,15.0576,15.2663,15.0278,15.2525,3432.9325152516,0
AQWA.US,D,20220131,000000,15.3675,15.6033,15.3359,15.5844,10674.085889304,0
AQWA.US,D,20220201,000000,15.654,15.654,15.5248,15.6107,6891.0184047357,0
AQWA.US,D,20220202,000000,15.6738,15.6838,15.666,15.666,2060.5644171264,0
AQWA.US,D,20220203,000000,15.5248,15.5248,15.327,15.3423,3055.6319017641,0
AQWA.US,D,20220204,000000,15.3061,15.3061,15.0874,15.2166,1345.2024539541,0
AQWA.US,D,20220207,000000,15.2166,15.2166,15.1086,15.1086,3334.3312882602,0
AQWA.US,D,20220208,000000,15.0974,15.316,15.0974,15.3061,25754.036809172,0
AQWA.US,D,20220209,000000,15.4751,15.484,15.4353,15.4353,1444.8098159148,0
AQWA.US,D,20220210,000000,15.2658,15.2912,15.193,15.2067,1243.5828220548,0
AQWA.US,D,20220211,000000,15.0179,15.0492,15.0179,15.0492,1017.2024539623,0
AQWA.US,D,20220214,000000,14.9632,14.9632,14.8887,14.9483,1492.0981594719,0
AQWA.US,D,20220215,000000,15.0477,15.1271,15.0477,15.1271,3229.693251453,0
AQWA.US,D,20220216,000000,15.0129,15.157,15.0129,15.1446,741.5214723741,0
AQWA.US,D,20220217,000000,15.0377,15.0556,14.9483,14.9884,2287.9509201882,0
AQWA.US,D,20220218,000000,15.0278,15.0555,14.9879,14.988,4209.6687115512,0
AQWA.US,D,20220222,000000,14.9085,14.9085,14.7396,14.768,5124.2453986449,0
AQWA.US,D,20220223,000000,14.8688,14.8688,14.6601,14.6601,3060.6625766106,0
AQWA.US,D,20220224,000000,14.3818,14.6614,14.3112,14.6614,4971.3128833113,0
AQWA.US,D,20220225,000000,14.7296,14.9185,14.7296,14.9185,972.9325153131,0
AQWA.US,D,20220301,000000,14.9781,15.0112,14.68,14.777,2968.098159435,0
AQWA.US,D,20220302,000000,14.9085,14.988,14.9085,14.988,1750.674846582,0
AQWA.US,D,20220303,000000,15.0278,15.0278,14.8797,14.946,3477.2024539008,0
AQWA.US,D,20220304,000000,14.7674,14.9284,14.7674,14.9284,2238.6503066925,0
AQWA.US,D,20220307,000000,14.65,14.65,14.5159,14.5805,4724.8098158328,0
AQWA.US,D,20220308,000000,14.5507,14.5593,14.342,14.342,3338.3558281374,0
AQWA.US,D,20220309,000000,14.6004,14.7197,14.6004,14.6879,3077.7668710887,0
AQWA.US,D,20220310,000000,14.501,14.501,14.3917,14.5007,3147.1901839704,0
AQWA.US,D,20220311,000000,14.5706,14.6094,14.3023,14.3315,7020.8098157754,0
AQWA.US,D,20220314,000000,14.4116,14.4116,14.2724,14.3122,7828.7361961233,0
AQWA.US,D,20220315,000000,14.4513,14.4614,14.4414,14.4614,1121.8404907695,0
AQWA.US,D,20220316,000000,14.6799,14.7793,14.6501,14.7793,7187.8282206792,0
AQWA.US,D,20220317,000000,14.7992,14.9582,14.7495,14.9085,14696.613496565,0
AQWA.US,D,20220318,000000,14.8986,15.1272,14.8986,15.0874,3386.6503066638,0
AQWA.US,D,20220321,000000,15.0676,15.0774,15.0377,15.0377,1784.8834355382,0
AQWA.US,D,20220322,000000,15.0874,15.157,15.0874,15.0966,2077.6687116045,0
AQWA.US,D,20220323,000000,14.9384,14.9533,14.8489,14.9284,2755.8036809127,0
AQWA.US,D,20220324,000000,14.9185,14.9678,14.9085,14.9284,8964.662576463,0
AQWA.US,D,20220325,000000,15.0179,15.0179,14.9581,15.0079,5138.3312882151,0
AQWA.US,D,20220328,000000,15.0179,15.0179,14.9483,14.9483,700.2699386328,0
AQWA.US,D,20220329,000000,15.2166,15.316,15.2166,15.2962,76256.981593186,0
AQWA.US,D,20220330,000000,15.3309,15.3309,15.3061,15.3061,1891.533742284,0
AQWA.US,D,20220331,000000,15.3061,15.3061,15.0974,15.1471,5857.7177912646,0
AQWA.US,D,20220401,000000,15.157,15.3061,15.157,15.3061,3249.815950839,0
AQWA.US,D,20220404,000000,15.326,15.326,15.2166,15.2763,2080.6871165124,0
AQWA.US,D,20220405,000000,15.3359,15.3955,15.167,15.167,9175.950920016,0
AQWA.US,D,20220406,000000,15.1173,15.1173,15.1173,15.1173,608.7116564265,0
AQWA.US,D,20220407,000000,15.0875,15.0875,15.0775,15.0775,2137.0306747932,0
AQWA.US,D,20220408,000000,15.1472,15.1472,15.0874,15.0874,627.8282208432,0
AQWA.US,D,20220411,000000,14.9433,14.9433,14.8887,14.8887,2552.5644171141,0
AQWA.US,D,20220412,000000,14.9831,14.988,14.829,14.829,3268.9325152557,0
AQWA.US,D,20220413,000000,14.8887,14.9185,14.8588,14.9185,1386.4539876954,0
AQWA.US,D,20220414,000000,14.8986,14.8986,14.6998,14.6998,810.9447852558,0
AQWA.US,D,20220418,000000,14.6899,14.6899,14.4712,14.5209,16710.895705104,0
AQWA.US,D,20220419,000000,14.4414,14.6302,14.4414,14.6302,3970.2085888578,0
AQWA.US,D,20220420,000000,14.7694,14.8489,14.7694,14.8489,1556.4907975071,0
AQWA.US,D,20220421,000000,14.829,14.829,14.5805,14.6302,9271.5337420995,0
AQWA.US,D,20220422,000000,14.5209,14.6104,14.4215,14.4613,2507.2883434956,0
AQWA.US,D,20220425,000000,14.342,14.3619,14.1631,14.3619,2402.6503066884,0
AQWA.US,D,20220426,000000,14.2724,14.2724,13.9146,13.9146,6922.208588784,0
AQWA.US,D,20220427,000000,14.1333,14.1333,14.014,14.0339,767.6809815759,0
AQWA.US,D,20220428,000000,14.1332,14.2029,13.9445,14.183,1226.4785275767,0
AQWA.US,D,20220429,000000,14.004,14.004,13.9246,13.9246,626.8220858739,0
AQWA.US,D,20220502,000000,13.9345,13.9345,13.686,13.8053,10037.202453737,0
AQWA.US,D,20220503,000000,13.8451,13.9007,13.8232,13.8451,10137.815950667,0
AQWA.US,D,20220504,000000,13.8252,14.2526,13.8152,14.2526,8369.0306746374,0
AQWA.US,D,20220505,000000,14.1432,14.1432,13.7407,13.791,6625.3987728405,0
AQWA.US,D,20220506,000000,13.7457,13.7457,13.5121,13.6662,9182.9938648011,0
AQWA.US,D,20220509,000000,13.537,13.5568,13.4562,13.4562,5274.1595090706,0
AQWA.US,D,20220510,000000,13.5668,13.5668,13.2885,13.3382,5425.0797544656,0
AQWA.US,D,20220511,000000,13.3608,13.4795,13.2785,13.3282,2134.0122698853,0
AQWA.US,D,20220512,000000,13.2984,13.4475,13.2984,13.4475,756.6134969136,0
AQWA.US,D,20220513,000000,13.5509,13.6967,13.5509,13.686,1307.97546009,0
AQWA.US,D,20220516,000000,13.6562,13.6562,13.6562,13.6562,312.9079754523,0
AQWA.US,D,20220517,000000,13.8848,13.8848,13.8848,13.8848,604.6871165493,0
AQWA.US,D,20220518,000000,13.6761,13.7159,13.5767,13.5767,935.705521449,0
AQWA.US,D,20220519,000000,13.5767,13.7258,13.5767,13.7258,533.251533729,0
AQWA.US,D,20220520,000000,13.5852,13.7159,13.5852,13.7159,195.1901840442,0
AQWA.US,D,20220523,000000,13.8649,13.9146,13.8649,13.9146,720.3926380188,0
AQWA.US,D,20220524,000000,13.7556,13.8181,13.7556,13.8181,854.2085889357,0
AQWA.US,D,20220525,000000,13.7357,13.8103,13.6662,13.7457,14192.539876946,0
AQWA.US,D,20220526,000000,13.8302,13.8302,13.8103,13.8103,983.9999999754,0
AQWA.US,D,20220527,000000,13.907,13.9643,13.8948,13.9643,779.7546012075,0
AQWA.US,D,20220531,000000,13.85,13.9048,13.85,13.8848,1029.2760735939,0
AQWA.US,D,20220601,000000,13.8252,13.9146,13.8152,13.9146,1129.8895705239,0
AQWA.US,D,20220602,000000,14.0438,14.2426,14.0438,14.2426,2584.7607361317,0
AQWA.US,D,20220603,000000,14.183,14.183,14.0836,14.1333,4236.8343557223,0
AQWA.US,D,20220606,000000,14.1533,14.1979,14.1477,14.1477,902.5030674621,0
AQWA.US,D,20220607,000000,14.0936,14.1919,14.0935,14.1532,1127.8773005853,0
AQWA.US,D,20220608,000000,14.0637,14.0637,13.9445,13.9494,780.7607361768,0
AQWA.US,D,20220609,000000,13.9246,14.014,13.8053,13.8053,2107.8527606835,0
AQWA.US,D,20220610,000000,13.5371,13.5371,13.4972,13.4972,293.7914110356,0
AQWA.US,D,20220613,000000,13.2288,13.2288,12.9605,12.9605,3097.8895704747,0
AQWA.US,D,20220614,000000,12.9406,12.9406,12.7021,12.722,6171.6319016862,0
AQWA.US,D,20220615,000000,12.9474,12.9474,12.871,12.9406,1046.380368072,0
AQWA.US,D,20220616,000000,12.6723,12.6723,12.5033,12.5033,911.5582821858,0
AQWA.US,D,20220617,000000,12.558,12.5828,12.558,12.5828,430.6257668604,0
AQWA.US,D,20220621,000000,12.5629,12.6126,12.5629,12.6126,4505.4723925254,0
AQWA.US,D,20220622,000000,12.6723,12.712,12.6126,12.6226,5400.9325152024,0
AQWA.US,D,20220623,000000,12.6822,12.881,12.6822,12.8561,1240.5644171469,0
AQWA.US,D,20220624,000000,13.0201,13.2686,13.0201,13.2686,2573.6932514694,0
AQWA.US,D,20220627,000000,13.2686,13.2686,13.2463,13.2463,1403.5582821735,0
AQWA.US,D,20220628,000000,13.2885,13.2984,13.04,13.04,3916.8834354849,0
AQWA.US,D,20220629,000000,12.38,13.07,12.37,13.07,2244,0
AQWA.US,D,20220630,000000,13,13.16,13,13.16,428,0
AQWA.US,D,20220701,000000,13.1,13.32,13.1,13.32,1675,0
AQWA.US,D,20220705,000000,13.02,13.22,13.02,13.22,3846,0
AQWA.US,D,20220706,000000,13.27,13.3065,13.27,13.3065,373,0
AQWA.US,D,20220707,000000,13.43,13.46,13.425,13.46,903,0
AQWA.US,D,20220708,000000,13.3,13.35,13.3,13.32,935,0
AQWA.US,D,20220711,000000,13.235,13.27,13.23,13.23,556,0
AQWA.US,D,20220712,000000,13.309,13.309,13.09,13.09,639,0
AQWA.US,D,20220713,000000,13.05,13.14,13.0199,13.121,1165,0
AQWA.US,D,20220714,000000,12.92,13.0578,12.9145,13.0578,2579,0
AQWA.US,D,20220715,000000,13.1853,13.2099,13.15,13.15,655,0
AQWA.US,D,20220718,000000,13.36,13.36,13.0719,13.0719,3643,0
AQWA.US,D,20220719,000000,13.24,13.41,13.24,13.39,4365,0
AQWA.US,D,20220720,000000,13.5104,13.53,13.47,13.485,6638,0
AQWA.US,D,20220721,000000,13.588,13.635,13.585,13.635,1437,0
AQWA.US,D,20220722,000000,13.77,13.79,13.67,13.71,3938,0
AQWA.US,D,20220725,000000,13.76,13.77,13.755,13.77,1267,0
AQWA.US,D,20220726,000000,13.79,13.83,13.79,13.83,2148,0
AQWA.US,D,20220727,000000,13.9499,14.11,13.925,14.04,1794,0
AQWA.US,D,20220728,000000,14.29,14.49,14.15,14.4,3726,0
AQWA.US,D,20220729,000000,14.51,14.52,14.51,14.52,543,0
AQWA.US,D,20220801,000000,14.5,14.56,14.43,14.55,3764,0
AQWA.US,D,20220802,000000,14.59,14.59,14.5,14.5,2483,0
AQWA.US,D,20220803,000000,14.4799,14.62,14.45,14.62,3572,0
AQWA.US,D,20220804,000000,14.7201,14.87,14.71,14.87,1423,0
AQWA.US,D,20220805,000000,14.72,14.72,14.5589,14.61,4159,0
AQWA.US,D,20220808,000000,14.76,14.8299,14.76,14.77,7983,0
AQWA.US,D,20220809,000000,14.7081,14.71,14.6527,14.6527,657,0
AQWA.US,D,20220810,000000,14.9,14.99,14.89,14.96,6315,0
AQWA.US,D,20220811,000000,15.02,15.115,14.9,14.9,3470,0
AQWA.US,D,20220812,000000,15.03,15.1387,15.03,15.1387,4782,0
AQWA.US,D,20220815,000000,15.12,15.21,15.12,15.21,3627,0
AQWA.US,D,20220816,000000,15.19,15.2696,15.19,15.245,2051,0
AQWA.US,D,20220817,000000,15.15,15.15,15.1199,15.1216,742,0
AQWA.US,D,20220818,000000,15.17,15.21,15.1152,15.19,3562,0
AQWA.US,D,20220819,000000,14.945,14.945,14.945,14.945,865,0
AQWA.US,D,20220822,000000,14.79,14.805,14.6786,14.73,2480,0
AQWA.US,D,20220823,000000,14.65,14.65,14.52,14.58,1289,0
AQWA.US,D,20220824,000000,14.58,14.59,14.58,14.585,1544,0
AQWA.US,D,20220825,000000,14.63,14.83,14.6,14.7101,6105,0
AQWA.US,D,20220826,000000,14.5296,14.5296,14.3729,14.375,3343,0
AQWA.US,D,20220829,000000,14.24,14.37,14.001,14.27,14868,0
AQWA.US,D,20220830,000000,14.23,14.23,14.03,14.03,2752,0
AQWA.US,D,20220831,000000,14.11,14.11,13.99,13.99,1359,0
AQWA.US,D,20220901,000000,13.9,13.92,13.8181,13.92,3272,0
AQWA.US,D,20220902,000000,14.01,14.01,13.83,13.86,5864,0
AQWA.US,D,20220906,000000,13.89,13.9195,13.8,13.8389,3084,0
AQWA.US,D,20220907,000000,13.9593,14.14,13.955,14.14,1170,0
AQWA.US,D,20220908,000000,14.0612,14.14,14.0612,14.1,3188,0
AQWA.US,D,20220909,000000,14.27,14.32,14.27,14.3,2028,0
AQWA.US,D,20220912,000000,14.4,14.63,14.375,14.48,6619,0
AQWA.US,D,20220913,000000,14.29,14.29,13.9739,14,11324,0
AQWA.US,D,20220914,000000,13.97,13.98,13.87,13.93,6768,0
AQWA.US,D,20220915,000000,13.7649,13.7649,13.69,13.69,1203,0
AQWA.US,D,20220916,000000,13.54,13.63,13.5,13.59,6640,0
AQWA.US,D,20220919,000000,13.44,13.76,13.44,13.71,8583,0
AQWA.US,D,20220920,000000,13.53,13.56,13.4,13.46,11197,0
AQWA.US,D,20220921,000000,13.6,13.6,13.35,13.37,1138,0
AQWA.US,D,20220922,000000,13.26,13.26,13.15,13.16,3024,0
AQWA.US,D,20220923,000000,12.99,12.99,12.82,12.9,1542,0
AQWA.US,D,20220926,000000,12.73,12.8531,12.61,12.64,8169,0
AQWA.US,D,20220927,000000,12.6897,12.6897,12.435,12.44,2118,0
AQWA.US,D,20220928,000000,12.5184,12.89,12.5184,12.82,2099,0
AQWA.US,D,20220929,000000,12.5959,12.5959,12.51,12.51,3479,0
AQWA.US,D,20220930,000000,12.515,12.5601,12.46,12.46,1821,0
AQWA.US,D,20221003,000000,12.63,12.95,12.605,12.9086,2455,0
AQWA.US,D,20221004,000000,13.209,13.28,13.209,13.28,2391,0
AQWA.US,D,20221005,000000,13.115,13.115,13.07,13.07,640,0
AQWA.US,D,20221006,000000,12.98,12.98,12.88,12.9013,726,0
AQWA.US,D,20221007,000000,12.6315,12.64,12.57,12.64,1835,0
AQWA.US,D,20221010,000000,12.56,12.6,12.52,12.52,2243,0
AQWA.US,D,20221011,000000,12.5,12.6,12.5,12.53,1570,0
AQWA.US,D,20221012,000000,12.39,12.3945,12.34,12.34,1559,0
AQWA.US,D,20221013,000000,12.525,12.525,12.525,12.525,534,0
AQWA.US,D,20221014,000000,12.605,12.605,12.28,12.3022,2844,0
AQWA.US,D,20221017,000000,12.8099,12.81,12.74,12.8,915,0
AQWA.US,D,20221018,000000,12.99,12.99,12.87,12.9412,938,0
AQWA.US,D,20221019,000000,12.6774,12.79,12.6774,12.79,615,0
AQWA.US,D,20221020,000000,12.4541,12.4541,12.4399,12.4489,1452,0
AQWA.US,D,20221021,000000,12.442,12.72,12.4234,12.72,1378,0
AQWA.US,D,20221024,000000,12.76,12.91,12.76,12.8706,2358,0
AQWA.US,D,20221025,000000,13.21,13.2116,13.1917,13.2116,362,0
AQWA.US,D,20221026,000000,13.325,13.325,13.22,13.22,914,0
AQWA.US,D,20221027,000000,13.4286,13.4286,13.3123,13.3123,636,0
AQWA.US,D,20221028,000000,13.4819,13.5375,13.4819,13.5375,478,0
AQWA.US,D,20221031,000000,13.44,13.55,13.44,13.52,2310,0
AQWA.US,D,20221101,000000,13.65,13.6514,13.4584,13.4584,1203,0
AQWA.US,D,20221102,000000,13.4155,13.4155,13.1684,13.1684,542,0
AQWA.US,D,20221103,000000,13,13.01,12.879,12.93,4572,0
AQWA.US,D,20221104,000000,13.17,13.23,13.0799,13.23,971,0
AQWA.US,D,20221107,000000,13.29,13.29,13.171,13.29,1890,0
AQWA.US,D,20221108,000000,13.42,13.42,13.3902,13.3963,868,0
AQWA.US,D,20221109,000000,13.34,13.34,13.17,13.17,898,0
AQWA.US,D,20221110,000000,13.9,14.02,13.8902,14.02,1554,0
AQWA.US,D,20221111,000000,14.06,14.08,14.03,14.0475,1315,0
AQWA.US,D,20221114,000000,14.02,14.0587,14.01,14.01,708,0
AQWA.US,D,20221115,000000,14.24,14.24,14.13,14.24,2621,0
AQWA.US,D,20221116,000000,14.19,14.32,14.1,14.145,5076,0
AQWA.US,D,20221117,000000,14.02,14.02,13.8176,13.9312,2040,0
AQWA.US,D,20221118,000000,14.14,14.14,14.14,14.14,169,0
AQWA.US,D,20221121,000000,14.17,14.17,14.17,14.17,119,0
AQWA.US,D,20221122,000000,14.16,14.25,14.16,14.25,1649,0
AQWA.US,D,20221123,000000,14.29,14.46,14.29,14.46,2360,0
AQWA.US,D,20221125,000000,14.5399,14.54,14.46,14.46,514,0
AQWA.US,D,20221128,000000,14.42,14.42,14.14,14.1521,1637,0
AQWA.US,D,20221129,000000,14.0985,14.0985,14.0545,14.09,1350,0
AQWA.US,D,20221130,000000,14.03,14.34,13.99,14.34,1210,0
AQWA.US,D,20221201,000000,14.4438,14.5,14.4438,14.5,314,0
AQWA.US,D,20221202,000000,14.35,14.456,14.3,14.456,3217,0
AQWA.US,D,20221205,000000,14.3,14.31,14.29,14.29,48632,0
AQWA.US,D,20221206,000000,14.2,14.24,14.2,14.24,666,0
AQWA.US,D,20221207,000000,14.2503,14.3,14.2503,14.3,1887,0
AQWA.US,D,20221208,000000,14.32,14.32,14.32,14.32,289,0
AQWA.US,D,20221209,000000,14.35,14.4,14.35,14.38,1389,0
AQWA.US,D,20221212,000000,14.41,14.41,14.41,14.41,235,0
AQWA.US,D,20221213,000000,14.76,14.76,14.528,14.5853,714,0
AQWA.US,D,20221214,000000,14.6585,14.66,14.33,14.53,2695,0
AQWA.US,D,20221215,000000,14.3599,14.36,13.821,14.11,3349,0
AQWA.US,D,20221216,000000,13.9589,13.9746,13.919,13.9746,367,0
AQWA.US,D,20221219,000000,13.9363,13.96,13.84,13.84,525,0
AQWA.US,D,20221220,000000,13.8799,13.91,13.8799,13.91,9059,0
AQWA.US,D,20221221,000000,13.99,14.1091,13.99,14.02,863,0
AQWA.US,D,20221222,000000,13.87,13.9029,13.79,13.9029,1826,0
AQWA.US,D,20221223,000000,13.98,13.99,13.98,13.98,890,0
AQWA.US,D,20221227,000000,14.08,14.08,13.93,14.08,4293,0
AQWA.US,D,20221228,000000,14.11,14.11,13.88,13.88,2878,0
AQWA.US,D,20221229,000000,13.94,14.05,13.94,14.05,3485,0
AQWA.US,D,20221230,000000,13.91,13.93,13.83,13.83,4993,0
AQWA.US,D,20230103,000000,13.87,13.87,13.6,13.83,46367,0
AQWA.US,D,20230104,000000,13.98,14.163,13.98,14.15,2370,0
AQWA.US,D,20230105,000000,14.06,14.146,13.8901,13.96,2935,0
AQWA.US,D,20230106,000000,14.25,14.33,14.24,14.33,1280,0
AQWA.US,D,20230109,000000,14.32,14.32,14.24,14.24,575,0
AQWA.US,D,20230110,000000,14.275,14.4,14.24,14.4,1433,0
AQWA.US,D,20230111,000000,14.5,14.55,14.5,14.55,560,0
AQWA.US,D,20230112,000000,14.54,14.6304,14.54,14.61,614,0
AQWA.US,D,20230113,000000,14.7,14.72,14.6999,14.72,341,0
AQWA.US,D,20230117,000000,14.7,14.75,14.6,14.6,2807,0
AQWA.US,D,20230118,000000,14.68,14.68,14.46,14.46,1195,0
AQWA.US,D,20230119,000000,14.2899,14.29,14.2,14.2,1133,0
AQWA.US,D,20230120,000000,14.17,14.3533,14.17,14.3533,2844,0
AQWA.US,D,20230123,000000,14.32,14.3996,14.245,14.37,3744,0
AQWA.US,D,20230124,000000,14.44,14.52,14.44,14.52,677,0
AQWA.US,D,20230125,000000,14.41,14.57,14.41,14.54,528,0
AQWA.US,D,20230126,000000,14.54,14.54,14.51,14.51,732,0
AQWA.US,D,20230127,000000,14.59,14.66,14.59,14.66,1647,0
AQWA.US,D,20230130,000000,14.46,14.46,14.46,14.46,252,0
AQWA.US,D,20230131,000000,14.54,14.8379,14.54,14.8379,2060,0
AQWA.US,D,20230201,000000,14.765,15.03,14.765,15.03,2413,0
AQWA.US,D,20230202,000000,15.124,15.25,15.124,15.24,3150,0
AQWA.US,D,20230203,000000,15.07,15.09,14.99,14.99,1413,0
AQWA.US,D,20230206,000000,14.8767,14.89,14.8767,14.89,886,0
AQWA.US,D,20230207,000000,14.91,15,14.83,15,2027,0
AQWA.US,D,20230208,000000,14.95,14.952,14.84,14.85,1925,0
AQWA.US,D,20230209,000000,14.95,14.95,14.73,14.73,1525,0
AQWA.US,D,20230210,000000,14.6701,14.74,14.6701,14.74,2190,0
AQWA.US,D,20230213,000000,14.78,14.95,14.78,14.95,1782,0
AQWA.US,D,20230214,000000,14.9192,14.9575,14.91,14.91,1170,0
AQWA.US,D,20230215,000000,14.9407,15.02,14.9407,15.0137,975,0
AQWA.US,D,20230216,000000,14.9,14.9001,14.77,14.86,1387,0
AQWA.US,D,20230217,000000,14.87,14.945,14.85,14.945,689,0
AQWA.US,D,20230221,000000,14.87,14.87,14.67,14.71,10609,0
AQWA.US,D,20230222,000000,14.72,14.72,14.61,14.61,480,0
AQWA.US,D,20230223,000000,14.645,14.645,14.645,14.645,183,0
AQWA.US,D,20230224,000000,14.43,14.49,14.27,14.45,1577,0
AQWA.US,D,20230227,000000,14.57,14.57,14.55,14.55,290,0
AQWA.US,D,20230228,000000,14.63,14.63,14.47,14.47,1519,0
AQWA.US,D,20230301,000000,14.39,14.4201,14.37,14.37,560,0
AQWA.US,D,20230302,000000,14.29,14.47,14.29,14.47,733,0
AQWA.US,D,20230303,000000,14.52,14.6146,14.47,14.6146,1498,0
AQWA.US,D,20230306,000000,14.6,14.6892,14.535,14.535,3535,0
AQWA.US,D,20230307,000000,14.44,14.44,14.26,14.26,972,0
AQWA.US,D,20230308,000000,14.42,14.42,14.42,14.42,212,0
AQWA.US,D,20230309,000000,14.3908,14.3908,14.2,14.2,822,0
AQWA.US,D,20230310,000000,14.21,14.21,14,14.03,1523,0
AQWA.US,D,20230313,000000,14.02,14.0901,13.97,14.05,820,0
AQWA.US,D,20230314,000000,14.14,14.23,14.14,14.15,1793,0
AQWA.US,D,20230315,000000,13.925,14.04,13.925,14.04,358,0
AQWA.US,D,20230316,000000,13.97,14.18,13.97,14.18,3368,0
AQWA.US,D,20230317,000000,14.03,14.03,13.83,13.88,1405,0
AQWA.US,D,20230320,000000,13.97,14.06,13.97,14.06,759,0
AQWA.US,D,20230321,000000,14.17,14.19,14.011,14.04,2073,0
AQWA.US,D,20230322,000000,14.03,14.119,13.91,13.91,1610,0
AQWA.US,D,20230323,000000,14.019,14.019,13.86,13.86,240,0
AQWA.US,D,20230324,000000,13.77,14.0162,13.76,14.0162,535,0
AQWA.US,D,20230327,000000,14.1,14.1,14.07,14.07,477,0
AQWA.US,D,20230328,000000,14.185,14.21,14.185,14.19,900,0
AQWA.US,D,20230329,000000,14.3366,14.3366,14.3366,14.3366,133,0
AQWA.US,D,20230330,000000,14.41,14.4414,14.41,14.4173,4814,0
AQWA.US,D,20230331,000000,14.49,14.59,14.49,14.588,969,0
AQWA.US,D,20230403,000000,14.54,14.54,14.53,14.54,1816,0
AQWA.US,D,20230404,000000,14.55,14.55,14.3799,14.3799,196,0
AQWA.US,D,20230405,000000,14.39,14.39,14.39,14.39,161,0
AQWA.US,D,20230406,000000,14.31,14.36,14.31,14.36,965,0
AQWA.US,D,20230410,000000,14.3694,14.452,14.3694,14.452,594,0
AQWA.US,D,20230411,000000,14.5301,14.5301,14.53,14.53,464,0
AQWA.US,D,20230412,000000,14.63,14.66,14.555,14.555,1273,0
AQWA.US,D,20230413,000000,14.53,14.67,14.53,14.67,1289,0
AQWA.US,D,20230414,000000,14.62,14.62,14.51,14.51,3079,0
AQWA.US,D,20230417,000000,14.42,14.56,14.4101,14.49,5381,0
AQWA.US,D,20230418,000000,14.55,14.5516,14.16,14.45,7050,0
AQWA.US,D,20230419,000000,14.45,14.49,14.45,14.471,887,0
AQWA.US,D,20230420,000000,14.51,14.5806,14.502,14.5806,1160,0
AQWA.US,D,20230421,000000,14.62,14.6629,14.3,14.62,2795,0
AQWA.US,D,20230424,000000,14.71,14.75,14.6,14.7,6591,0
AQWA.US,D,20230425,000000,14.57,14.5985,14.36,14.51,830,0
AQWA.US,D,20230426,000000,14.46,14.4855,14.15,14.357,1487,0
AQWA.US,D,20230427,000000,14.41,14.58,14.41,14.58,709,0
AQWA.US,D,20230428,000000,14.56,14.67,14.56,14.6404,1794,0
AQWA.US,D,20230501,000000,14.69,14.71,14.6882,14.71,691,0
AQWA.US,D,20230502,000000,14.58,14.68,14.49,14.68,2522,0
AQWA.US,D,20230503,000000,14.74,14.8,14.7094,14.7094,1888,0
AQWA.US,D,20230504,000000,14.7,14.79,14.7,14.79,909,0
AQWA.US,D,20230505,000000,14.87,14.96,14.87,14.95,803,0
AQWA.US,D,20230508,000000,15,15,14.9,14.97,530,0
AQWA.US,D,20230509,000000,14.89,14.935,14.88,14.935,272,0
AQWA.US,D,20230510,000000,14.98,15,14.93,14.98,414,0
AQWA.US,D,20230511,000000,14.89,14.91,14.53,14.91,2957,0
AQWA.US,D,20230512,000000,14.85,14.85,14.84,14.84,265,0
AQWA.US,D,20230515,000000,14.86,14.8955,14.301,14.89,3770,0
AQWA.US,D,20230516,000000,14.85,14.85,14.25,14.75,1204,0
AQWA.US,D,20230517,000000,14.68,14.8292,14.68,14.81,5020,0
AQWA.US,D,20230518,000000,14.77,14.9,14.77,14.9,896,0
AQWA.US,D,20230519,000000,14.9,14.9,14.75,14.81,2151,0
AQWA.US,D,20230522,000000,14.89,14.89,14.815,14.8891,1144,0
AQWA.US,D,20230523,000000,14.79,14.84,14.7,14.7,663,0
AQWA.US,D,20230524,000000,14.56,14.56,14.52,14.56,408,0
AQWA.US,D,20230525,000000,14.53,14.5329,14.49,14.505,868,0
AQWA.US,D,20230526,000000,14.55,14.66,14.55,14.66,685,0
AQWA.US,D,20230530,000000,14.67,14.67,14.59,14.59,709,0
AQWA.US,D,20230531,000000,14.59,14.59,14.4694,14.56,691,0
AQWA.US,D,20230601,000000,14.6519,14.6519,14.6519,14.6519,93,0
AQWA.US,D,20230602,000000,15,15,15,15,51,0
AQWA.US,D,20230605,000000,15,15.02,14.95,15.02,932,0
AQWA.US,D,20230606,000000,14.97,15.13,14.97,15.09,804,0
AQWA.US,D,20230607,000000,15.2528,15.29,15.2528,15.29,472,0
AQWA.US,D,20230608,000000,15.24,15.32,15.24,15.32,709,0
AQWA.US,D,20230609,000000,15.31,15.31,15.305,15.305,216,0
AQWA.US,D,20230612,000000,15.25,15.27,15.15,15.27,1500,0
AQWA.US,D,20230613,000000,15.3782,15.3882,15.36,15.36,1316,0
AQWA.US,D,20230614,000000,15.4473,15.45,15.3257,15.3538,792,0
AQWA.US,D,20230615,000000,15.4646,15.54,15.4646,15.54,786,0
AQWA.US,D,20230616,000000,15.5699,15.5699,15.5,15.5,397,0
AQWA.US,D,20230620,000000,15.49,15.5094,15.41,15.48,1650,0
AQWA.US,D,20230621,000000,15.435,15.529,15.435,15.49,776,0
AQWA.US,D,20230622,000000,15.44,15.44,15.36,15.36,512,0
AQWA.US,D,20230623,000000,15.2801,15.2801,15.1,15.175,2843,0
AQWA.US,D,20230626,000000,15.15,15.15,15.12,15.15,255,0
AQWA.US,D,20230627,000000,15.27,15.46,15.27,15.44,2431,0
AQWA.US,D,20230628,000000,15.39,15.39,15.31,15.3343,1557,0
AQWA.US,D,20230629,000000,15.3269,15.3269,15.3269,15.3269,125,0
AQWA.US,D,20230630,000000,15.37,15.4528,15.37,15.4197,1336,0
AQWA.US,D,20230703,000000,15.41,15.41,15.3,15.39,2075,0
AQWA.US,D,20230705,000000,16.13,16.13,15.19,15.2506,10932,0
AQWA.US,D,20230706,000000,15,15.08,14.98,15.08,2170,0
AQWA.US,D,20230707,000000,15.03,15.155,15.03,15.0979,2888,0
AQWA.US,D,20230710,000000,15.15,15.2431,15.14,15.2431,1913,0
AQWA.US,D,20230711,000000,15.28,16.16,15.28,15.49,21085,0
AQWA.US,D,20230712,000000,15.57,15.65,15.52,15.5713,15700,0
AQWA.US,D,20230713,000000,15.64,15.64,15.5,15.6259,11920,0
AQWA.US,D,20230714,000000,15.5397,15.66,15.53,15.56,3495,0
AQWA.US,D,20230717,000000,15.53,15.6391,15.53,15.58,1867,0
AQWA.US,D,20230718,000000,15.59,15.67,15.59,15.66,1033,0
AQWA.US,D,20230719,000000,15.66,15.69,15.66,15.69,24587,0
AQWA.US,D,20230720,000000,15.625,15.77,15.625,15.77,20916,0
AQWA.US,D,20230721,000000,15.77,15.86,15.77,15.81,1735,0
AQWA.US,D,20230724,000000,15.86,15.9,15.79,15.87,9055,0
AQWA.US,D,20230725,000000,15.9,15.96,15.89,15.95,5365,0
AQWA.US,D,20230726,000000,15.88,15.99,15.8521,15.8865,11842,0
AQWA.US,D,20230727,000000,15.96,15.99,15.7752,15.7752,2220,0
AQWA.US,D,20230728,000000,15.91,15.91,15.79,15.796,2783,0
AQWA.US,D,20230731,000000,15.81,15.88,15.78,15.88,2264,0
AQWA.US,D,20230801,000000,15.8,15.8,15.69,15.79,3369,0
AQWA.US,D,20230802,000000,15.66,15.76,15.66,15.7,9596,0
AQWA.US,D,20230803,000000,15.63,15.63,15.46,15.51,4537,0
AQWA.US,D,20230804,000000,15.5,15.65,15.4064,15.505,3085,0
AQWA.US,D,20230807,000000,15.53,15.77,15.53,15.67,4761,0
AQWA.US,D,20230808,000000,15.59,15.59,15.42,15.58,2495,0
AQWA.US,D,20230809,000000,15.44,15.55,15.37,15.37,2761,0
AQWA.US,D,20230810,000000,15.41,15.69,15.37,15.43,20603,0
AQWA.US,D,20230811,000000,15.39,15.4499,15.39,15.42,6419,0
AQWA.US,D,20230814,000000,15.36,15.435,15.33,15.43,2124,0
AQWA.US,D,20230815,000000,15.24,15.24,15.225,15.225,374,0
AQWA.US,D,20230816,000000,15.25,15.25,15.17,15.17,3003,0
AQWA.US,D,20230817,000000,15.19,15.19,14.99,14.99,1492,0
AQWA.US,D,20230818,000000,14.91,14.97,14.89,14.97,861,0
AQWA.US,D,20230821,000000,14.89,15.03,14.83,14.905,3348,0
AQWA.US,D,20230822,000000,14.91,15.05,14.91,14.9638,2202,0
AQWA.US,D,20230823,000000,15.04,15.19,14.9773,15.14,3998,0
AQWA.US,D,20230824,000000,15.12,15.185,14.96,14.96,2839,0
AQWA.US,D,20230825,000000,15.035,15.11,15.035,15.11,1042,0
AQWA.US,D,20230828,000000,15.13,15.22,15.13,15.21,2299,0
AQWA.US,D,20230829,000000,15.13,15.37,15.12,15.37,7251,0
AQWA.US,D,20230830,000000,15.465,15.5026,15.39,15.39,730,0
AQWA.US,D,20230831,000000,15.42,15.42,15.3764,15.3764,897,0
AQWA.US,D,20230901,000000,15.495,15.495,15.32,15.32,3233,0
AQWA.US,D,20230905,000000,15.28,15.28,15.0043,15.04,1825,0
AQWA.US,D,20230906,000000,14.97,15.004,14.85,14.93,1671,0
AQWA.US,D,20230907,000000,14.89,14.91,14.855,14.88,2652,0
AQWA.US,D,20230908,000000,14.88,14.88,14.815,14.815,276,0
AQWA.US,D,20230911,000000,14.85,14.9799,14.85,14.95,6368,0
AQWA.US,D,20230912,000000,14.91,14.91,14.8,14.8,898,0
AQWA.US,D,20230913,000000,14.8346,14.8346,14.75,14.75,987,0
AQWA.US,D,20230914,000000,14.83,14.92,14.83,14.92,822,0
AQWA.US,D,20230915,000000,14.87,14.8702,14.78,14.795,2812,0
AQWA.US,D,20230918,000000,14.77,14.79,14.71,14.72,3167,0
AQWA.US,D,20230919,000000,14.6999,14.739,14.6,14.71,5020,0
AQWA.US,D,20230920,000000,14.6001,14.6145,14.6,14.6145,627,0
AQWA.US,D,20230921,000000,14.4563,14.4563,14.3775,14.3775,974,0
AQWA.US,D,20230922,000000,14.4,14.41,14.35,14.35,454,0
AQWA.US,D,20230925,000000,14.28,14.34,14.23,14.34,3086,0
AQWA.US,D,20230926,000000,14.29,14.31,14.22,14.22,1480,0
AQWA.US,D,20230927,000000,14.12,14.16,14.12,14.16,498,0
AQWA.US,D,20230928,000000,14.25,14.25,14.23,14.23,647,0
AQWA.US,D,20230929,000000,14.26,14.26,14.17,14.23,574,0
AQWA.US,D,20231002,000000,14.16,14.16,14.02,14.05,2407,0
AQWA.US,D,20231003,000000,13.96,13.96,13.85,13.87,2118,0
AQWA.US,D,20231004,000000,13.945,14.03,13.91,14.03,1032,0
AQWA.US,D,20231005,000000,14,14.07,13.95,14.02,2010,0
AQWA.US,D,20231006,000000,13.93,14.12,13.93,14.1145,336,0
AQWA.US,D,20231009,000000,14.01,14.17,14.01,14.17,818,0
AQWA.US,D,20231010,000000,14.23,14.44,14.23,14.34,1055,0
AQWA.US,D,20231011,000000,14.385,14.4652,14.385,14.4652,276,0
AQWA.US,D,20231012,000000,14.4,14.4,14.27,14.27,1114,0
AQWA.US,D,20231013,000000,14.1501,14.1501,14.11,14.14,376,0
AQWA.US,D,20231016,000000,14.3221,14.3336,14.23,14.3336,2167,0
AQWA.US,D,20231017,000000,14.4536,14.4536,14.41,14.41,285,0
AQWA.US,D,20231018,000000,13.94,13.9595,13.94,13.9595,419,0
AQWA.US,D,20231019,000000,14.0087,14.0087,13.82,13.8644,1339,0
AQWA.US,D,20231020,000000,13.81,13.88,13.77,13.77,2354,0
AQWA.US,D,20231023,000000,13.735,13.8491,13.72,13.72,2127,0
AQWA.US,D,20231024,000000,13.76,13.76,13.75,13.75,3018,0
AQWA.US,D,20231025,000000,13.65,13.65,13.6292,13.6292,640,0
AQWA.US,D,20231026,000000,13.7703,13.81,13.7703,13.81,416,0
AQWA.US,D,20231027,000000,13.705,13.72,13.705,13.72,985,0
AQWA.US,D,20231030,000000,13.83,13.86,13.7732,13.86,848,0
AQWA.US,D,20231031,000000,13.965,13.97,13.965,13.97,173,0
AQWA.US,D,20231101,000000,14.01,14.14,14.01,14.14,2186,0
AQWA.US,D,20231102,000000,14.35,14.41,14.3441,14.41,526,0
AQWA.US,D,20231103,000000,14.59,14.76,14.59,14.76,2251,0
AQWA.US,D,20231106,000000,14.61,14.61,14.61,14.61,360,0
AQWA.US,D,20231107,000000,14.615,14.62,14.59,14.6,832,0
AQWA.US,D,20231108,000000,14.5512,14.575,14.5512,14.575,505,0
AQWA.US,D,20231109,000000,14.64,14.64,14.52,14.52,587,0
AQWA.US,D,20231110,000000,14.59,14.68,14.59,14.68,500,0
AQWA.US,D,20231113,000000,14.63,14.655,14.6,14.655,826,0
AQWA.US,D,20231114,000000,14.93,15.2259,14.93,15.2259,4065,0
AQWA.US,D,20231115,000000,15.25,15.25,15.19,15.19,1805,0
AQWA.US,D,20231116,000000,15.19,15.2,15.19,15.2,529,0
AQWA.US,D,20231117,000000,15.22,15.27,15.18,15.27,1077,0
AQWA.US,D,20231120,000000,15.22,15.22,15.2,15.2095,745,0
AQWA.US,D,20231121,000000,15.22,15.24,15.22,15.24,545,0
AQWA.US,D,20231122,000000,15.2503,15.305,15.2503,15.305,647,0
AQWA.US,D,20231124,000000,15.3201,15.39,15.3201,15.39,661,0
AQWA.US,D,20231127,000000,15.33,15.42,15.33,15.4,3372,0
AQWA.US,D,20231128,000000,15.37,15.41,15.22,15.39,1299,0
AQWA.US,D,20231129,000000,15.39,15.39,15.37,15.37,289,0
AQWA.US,D,20231130,000000,15.391,15.4488,15.391,15.4488,537,0
AQWA.US,D,20231201,000000,15.5817,15.63,15.5817,15.63,336,0
AQWA.US,D,20231204,000000,15.6399,15.6399,15.58,15.6,979,0
AQWA.US,D,20231205,000000,15.5101,15.58,15.5101,15.58,555,0
AQWA.US,D,20231206,000000,15.7164,15.7164,15.63,15.68,510,0
AQWA.US,D,20231207,000000,15.6703,15.671,15.67,15.67,297,0
AQWA.US,D,20231208,000000,15.7237,15.73,15.71,15.73,1607,0
AQWA.US,D,20231211,000000,15.71,15.79,15.71,15.79,1634,0
AQWA.US,D,20231212,000000,15.79,15.8645,15.79,15.85,760,0
AQWA.US,D,20231213,000000,15.92,16.17,15.9006,16.17,1968,0
AQWA.US,D,20231214,000000,16.24,16.435,16.24,16.36,1978,0
AQWA.US,D,20231215,000000,16.28,16.32,16.16,16.2,3688,0
AQWA.US,D,20231218,000000,16.14,16.19,16.09,16.19,2112,0
AQWA.US,D,20231219,000000,16.25,16.33,16.25,16.31,5226,0
AQWA.US,D,20231220,000000,16.34,16.37,16.21,16.21,1293,0
AQWA.US,D,20231221,000000,16.2899,16.3122,16.2899,16.31,1523,0
AQWA.US,D,20231222,000000,16.34,16.56,16.34,16.47,3057,0
AQWA.US,D,20231226,000000,16.5,16.5452,16.49,16.5452,1078,0
AQWA.US,D,20231227,000000,16.6,16.61,16.6,16.61,550,0
AQWA.US,D,20231228,000000,16.45,16.45,16.395,16.42,1343,0
AQWA.US,D,20231229,000000,16.4,16.4001,16.33,16.3557,530,0
AQWA.US,D,20240102,000000,16.25,16.25,16.09,16.13,3764,0
AQWA.US,D,20240103,000000,16,16.0236,15.95,15.97,4906,0
AQWA.US,D,20240104,000000,15.93,15.97,15.9,15.92,2416,0
AQWA.US,D,20240105,000000,15.9135,15.93,15.6,15.85,3021,0
AQWA.US,D,20240108,000000,15.84,16.01,15.84,16.01,3816,0
AQWA.US,D,20240109,000000,15.86,15.94,15.86,15.9,4363,0
AQWA.US,D,20240110,000000,15.99,16.06,15.99,16.06,52652,0
AQWA.US,D,20240111,000000,16.08,16.12,15.975,16,2051,0
AQWA.US,D,20240112,000000,16.14,16.1599,16.04,16.08,3689,0
AQWA.US,D,20240116,000000,16.02,16.03,15.89,15.97,4504,0
AQWA.US,D,20240117,000000,15.82,15.85,15.71,15.76,3241,0
AQWA.US,D,20240118,000000,15.78,15.8329,15.71,15.8,8173,0
AQWA.US,D,20240119,000000,15.89,15.89,15.71,15.85,7499,0
AQWA.US,D,20240122,000000,15.92,16.01,15.92,15.99,4873,0
AQWA.US,D,20240123,000000,16.01,16.01,15.88,15.92,4857,0
AQWA.US,D,20240124,000000,16.07,16.07,15.67,15.75,7909,0
AQWA.US,D,20240125,000000,15.82,15.8697,15.73,15.8697,5163,0
AQWA.US,D,20240126,000000,15.93,15.96,15.8,15.88,5174,0
AQWA.US,D,20240129,000000,15.82,15.94,15.78,15.94,5047,0
AQWA.US,D,20240130,000000,15.91,15.96,15.83,15.9294,4588,0
AQWA.US,D,20240131,000000,15.93,15.93,15.794,15.794,432,0
AQWA.US,D,20240201,000000,15.92,16.0152,15.92,16.0152,1327,0
AQWA.US,D,20240202,000000,15.8599,15.9777,15.83,15.9584,1361,0
AQWA.US,D,20240205,000000,15.8,15.8,15.6464,15.67,1172,0
AQWA.US,D,20240206,000000,15.99,15.99,15.99,15.99,137,0
AQWA.US,D,20240207,000000,16.06,16.1726,16.06,16.14,1607,0
AQWA.US,D,20240208,000000,16.15,16.27,16.15,16.27,1740,0
AQWA.US,D,20240209,000000,16.315,16.39,16.315,16.3753,1376,0
AQWA.US,D,20240212,000000,16.3998,16.54,16.3998,16.515,2944,0
AQWA.US,D,20240213,000000,16.27,16.27,16.215,16.27,408,0
AQWA.US,D,20240214,000000,16.31,16.36,16.09,16.36,3926,0
AQWA.US,D,20240215,000000,16.57,16.605,16.57,16.605,1181,0
AQWA.US,D,20240216,000000,16.6,16.6885,16.575,16.61,15343,0
AQWA.US,D,20240220,000000,16.65,16.65,16.5181,16.65,4305,0
AQWA.US,D,20240221,000000,16.55,16.5509,16.5,16.53,2835,0
AQWA.US,D,20240222,000000,16.6267,16.67,16.6267,16.67,1719,0
AQWA.US,D,20240223,000000,16.68,16.7,16.67,16.7,4371,0
AQWA.US,D,20240226,000000,16.71,16.71,16.61,16.61,1613,0
AQWA.US,D,20240227,000000,16.75,16.75,16.75,16.75,263,0
AQWA.US,D,20240228,000000,16.7209,16.796,16.7209,16.7897,1239,0
AQWA.US,D,20240229,000000,16.805,16.81,16.79,16.8,1750,0
AQWA.US,D,20240301,000000,16.81,16.955,16.81,16.93,4850,0
AQWA.US,D,20240304,000000,16.95,17.11,16.95,17.04,4534,0
AQWA.US,D,20240305,000000,16.98,16.98,16.77,16.77,1112,0
AQWA.US,D,20240306,000000,16.88,16.97,16.84,16.92,4586,0
AQWA.US,D,20240307,000000,16.97,17.05,16.97,17.03,1672,0
AQWA.US,D,20240308,000000,17.12,17.15,17.05,17.05,1849,0
AQWA.US,D,20240311,000000,17.03,17.03,16.915,17,2908,0
AQWA.US,D,20240312,000000,16.99,16.99,16.96,16.96,1289,0
AQWA.US,D,20240313,000000,16.9901,17.09,16.9901,17.09,871,0
AQWA.US,D,20240314,000000,17.09,17.09,16.88,17,1978,0
AQWA.US,D,20240315,000000,16.97,17,16.97,16.9919,921,0
AQWA.US,D,20240318,000000,17,17,16.9266,16.9266,376,0
AQWA.US,D,20240319,000000,17.0279,17.17,17.015,17.17,509,0
AQWA.US,D,20240320,000000,17.12,17.31,17.12,17.31,3153,0
AQWA.US,D,20240321,000000,17.4637,17.55,17.4637,17.54,4462,0
AQWA.US,D,20240322,000000,17.42,17.435,17.42,17.435,881,0
AQWA.US,D,20240325,000000,17.45,17.459,17.34,17.34,2949,0
AQWA.US,D,20240326,000000,17.31,17.31,17.25,17.28,1462,0
AQWA.US,D,20240327,000000,17.26,17.43,17.26,17.43,1041,0
AQWA.US,D,20240328,000000,17.4938,17.5,17.4401,17.49,1191,0
AQWA.US,D,20240401,000000,17.58,17.58,17.32,17.33,1974,0
AQWA.US,D,20240402,000000,17.33,17.33,17.26,17.26,507,0
AQWA.US,D,20240403,000000,17.325,17.365,17.3108,17.3108,3113,0
AQWA.US,D,20240404,000000,17.25,17.25,17.25,17.25,299,0
AQWA.US,D,20240405,000000,17.19,17.2303,17.19,17.23,530,0
AQWA.US,D,20240408,000000,17.3308,17.3308,17.25,17.29,1645,0
AQWA.US,D,20240409,000000,17.241,17.925,17.2,17.33,6148,0
AQWA.US,D,20240410,000000,17.01,17.02,16.8884,16.99,4074,0
AQWA.US,D,20240411,000000,16.89,17.04,16.89,16.9631,1021,0
AQWA.US,D,20240412,000000,16.8501,16.89,16.7754,16.85,1684,0
AQWA.US,D,20240415,000000,17,17,16.6181,16.73,1833,0
AQWA.US,D,20240416,000000,16.57,16.58,16.57,16.58,417,0
AQWA.US,D,20240417,000000,16.66,16.67,16.571,16.63,1083,0
AQWA.US,D,20240418,000000,16.75,16.75,16.75,16.75,288,0
AQWA.US,D,20240419,000000,16.804,16.804,16.804,16.804,428,0
AQWA.US,D,20240422,000000,16.8,16.875,16.7998,16.875,1771,0
AQWA.US,D,20240423,000000,16.93,17.09,16.93,17.08,2342,0
AQWA.US,D,20240424,000000,17.03,17.07,17.01,17.01,593,0
AQWA.US,D,20240425,000000,16.94,17.07,16.83,17.07,794,0
AQWA.US,D,20240426,000000,17.15,17.15,17.08,17.08,528,0
AQWA.US,D,20240429,000000,17.17,17.28,17.17,17.22,2340,0
AQWA.US,D,20240430,000000,17.13,17.2201,17.01,17.01,1886,0
AQWA.US,D,20240501,000000,17.06,17.15,17.06,17.15,1057,0
AQWA.US,D,20240502,000000,17.25,17.3459,17.225,17.3459,1182,0
AQWA.US,D,20240503,000000,17.52,17.5799,17.5001,17.5339,1314,0
AQWA.US,D,20240506,000000,17.59,17.72,17.59,17.72,1605,0
AQWA.US,D,20240507,000000,17.8413,17.94,17.8413,17.92,1380,0
AQWA.US,D,20240508,000000,17.895,17.9344,17.895,17.9344,720,0
AQWA.US,D,20240509,000000,17.96,18.1199,17.96,18.0906,41126,0
AQWA.US,D,20240510,000000,18.22,18.22,18.1401,18.21,4993,0
AQWA.US,D,20240513,000000,18.27,18.27,18.06,18.06,2327,0
AQWA.US,D,20240514,000000,18.14,18.18,18.0701,18.1,4128,0
AQWA.US,D,20240515,000000,18.31,18.36,18.3099,18.36,1809,0
AQWA.US,D,20240516,000000,18.1655,18.2,18.1655,18.1782,734,0
AQWA.US,D,20240517,000000,18.19,18.36,18.1881,18.23,1165,0
AQWA.US,D,20240520,000000,18.21,18.2576,18.2,18.2,1611,0
AQWA.US,D,20240521,000000,18.21,18.25,18.17,18.25,3791,0
AQWA.US,D,20240522,000000,18.18,18.18,18.02,18.02,2855,0
AQWA.US,D,20240523,000000,18.08,18.08,17.73,17.735,3741,0
AQWA.US,D,20240524,000000,17.7,17.87,17.7,17.755,2377,0
AQWA.US,D,20240528,000000,17.7,17.7,17.38,17.38,1565,0
AQWA.US,D,20240529,000000,17.3,17.3,17.15,17.2,24791,0
AQWA.US,D,20240530,000000,17.225,17.38,17.225,17.3472,3351,0
AQWA.US,D,20240531,000000,17.39,17.5553,17.3618,17.5553,2913,0
AQWA.US,D,20240603,000000,17.65,17.65,17.3768,17.3768,1470,0
AQWA.US,D,20240604,000000,17.33,17.33,17.1275,17.2083,1976,0
AQWA.US,D,20240605,000000,17.21,17.35,17.21,17.34,2157,0
AQWA.US,D,20240606,000000,17.33,17.33,17.14,17.17,4272,0
AQWA.US,D,20240607,000000,17.1,17.1,17.02,17.04,891,0
AQWA.US,D,20240610,000000,17.04,17.12,16.9906,17.12,4658,0
AQWA.US,D,20240611,000000,17.05,17.1,16.988,17.0828,23036,0
AQWA.US,D,20240612,000000,17.38,17.54,17.36,17.36,13588,0
AQWA.US,D,20240613,000000,17.3,17.47,17.3,17.44,1202,0
AQWA.US,D,20240614,000000,17.25,17.25,17.1499,17.2095,3614,0
AQWA.US,D,20240617,000000,17.12,17.3,17.1199,17.24,6916,0
AQWA.US,D,20240618,000000,17.25,17.38,17.25,17.38,1310,0
AQWA.US,D,20240620,000000,17.31,17.31,17.18,17.18,1385,0
AQWA.US,D,20240621,000000,17.26,17.26,17.15,17.26,1263,0
AQWA.US,D,20240624,000000,17.389,17.3992,17.36,17.36,1407,0
AQWA.US,D,20240625,000000,17.13,17.15,17.05,17.05,2615,0
AQWA.US,D,20240626,000000,16.97,16.99,16.9015,16.985,2794,0
AQWA.US,D,20240627,000000,16.9,17.02,16.855,16.87,1931,0
AQWA.US,D,20240628,000000,16.99,17.06,16.92,16.95,2555,0
AQWA.US,D,20240701,000000,16.93,17.01,16.715,16.715,3358,0
AQWA.US,D,20240702,000000,16.6943,16.71,16.6865,16.71,4022,0
AQWA.US,D,20240703,000000,16.9,16.9,16.81,16.86,1157,0
AQWA.US,D,20240705,000000,16.82,16.9071,16.75,16.9071,1834,0
AQWA.US,D,20240708,000000,16.96,17.025,16.9,16.985,2628,0
AQWA.US,D,20240709,000000,16.955,17.005,16.955,17,1496,0
AQWA.US,D,20240710,000000,17.055,17.2106,17.055,17.2106,1707,0
AQWA.US,D,20240711,000000,17.45,17.6599,17.45,17.64,1715,0
AQWA.US,D,20240712,000000,17.8591,17.8666,17.76,17.76,1036,0
AQWA.US,D,20240715,000000,17.77,17.92,17.69,17.69,1365,0
AQWA.US,D,20240716,000000,17.94,18.135,17.94,18.135,993,0
AQWA.US,D,20240717,000000,18.13,18.17,18.06,18.06,3036,0
AQWA.US,D,20240718,000000,18.07,18.07,17.82,17.82,898,0
AQWA.US,D,20240719,000000,17.88,17.88,17.65,17.73,3923,0
AQWA.US,D,20240722,000000,17.81,18,17.81,18,910,0
AQWA.US,D,20240723,000000,17.93,18.03,17.93,17.965,2286,0
AQWA.US,D,20240724,000000,17.9858,18,17.83,17.83,1820,0
AQWA.US,D,20240725,000000,17.9,18.0724,17.9,17.9065,2555,0
AQWA.US,D,20240726,000000,17.99,18.255,17.99,18.235,3688,0
AQWA.US,D,20240729,000000,18.2,18.2,18.13,18.13,2398,0
AQWA.US,D,20240730,000000,18.12,18.12,18.01,18.01,2762,0
AQWA.US,D,20240731,000000,18.23,18.23,18.19,18.19,515,0
AQWA.US,D,20240801,000000,18.19,18.19,17.915,17.9751,2646,0
AQWA.US,D,20240802,000000,17.94,17.94,17.49,17.8,6474,0
AQWA.US,D,20240805,000000,18.7981,18.7981,17.04,17.25,6167,0
AQWA.US,D,20240806,000000,17.17,17.38,17.17,17.3,3287,0
AQWA.US,D,20240807,000000,17.47,17.5051,17.205,17.205,2966,0
AQWA.US,D,20240808,000000,17.18,17.34,17.18,17.34,2372,0
AQWA.US,D,20240809,000000,17.21,17.38,17.21,17.3421,3149,0
AQWA.US,D,20240812,000000,17.1864,17.2398,17.1864,17.2398,525,0
AQWA.US,D,20240813,000000,17.5245,17.64,17.5007,17.64,385,0
AQWA.US,D,20240814,000000,17.56,17.6,17.53,17.53,2999,0
AQWA.US,D,20240815,000000,17.68,17.74,17.67,17.74,912,0
AQWA.US,D,20240816,000000,17.7011,17.76,17.7011,17.76,314,0
AQWA.US,D,20240819,000000,17.78,17.87,17.69,17.8292,3988,0
AQWA.US,D,20240820,000000,17.8,17.8,17.6901,17.74,1658,0
AQWA.US,D,20240821,000000,17.7801,17.9192,17.7801,17.88,7106,0
AQWA.US,D,20240822,000000,17.8554,17.8554,17.74,17.79,738,0
AQWA.US,D,20240823,000000,18,18.09,18,18.09,986,0
AQWA.US,D,20240826,000000,18.15,18.208,18.0923,18.1,4331,0
AQWA.US,D,20240827,000000,17.95,17.99,17.95,17.99,1474,0
AQWA.US,D,20240828,000000,17.97,17.98,17.88,17.88,720,0
AQWA.US,D,20240829,000000,17.91,18.04,17.29,17.9388,19760,0
AQWA.US,D,20240830,000000,17.92,18.0312,17.85,18.0312,1004,0
AQWA.US,D,20240903,000000,17.92,17.95,17.64,17.6468,1420,0
AQWA.US,D,20240904,000000,17.52,17.56,17.47,17.47,2758,0
AQWA.US,D,20240905,000000,17.49,17.49,17.3654,17.3654,1293,0
AQWA.US,D,20240906,000000,17.29,17.29,17.2345,17.2345,603,0
AQWA.US,D,20240909,000000,17.4,17.44,17.4,17.44,730,0
AQWA.US,D,20240910,000000,17.4,17.4903,17.4,17.49,2239,0
AQWA.US,D,20240911,000000,17.26,17.4944,17.25,17.4944,1021,0
AQWA.US,D,20240912,000000,17.49,17.58,17.49,17.58,283,0
AQWA.US,D,20240913,000000,17.85,17.85,17.775,17.775,1273,0
AQWA.US,D,20240916,000000,17.901,18.0029,17.901,18.0029,380,0
AQWA.US,D,20240917,000000,18.04,18.16,18.04,18.1302,2093,0
AQWA.US,D,20240918,000000,18.1899,18.19,18.04,18.12,3152,0
AQWA.US,D,20240919,000000,18.31,18.33,18.24,18.33,2124,0
AQWA.US,D,20240920,000000,18.205,18.205,18.1186,18.1186,1883,0
AQWA.US,D,20240923,000000,18.236,18.236,18.236,18.236,126,0
AQWA.US,D,20240924,000000,18.29,18.32,18.29,18.32,323,0
AQWA.US,D,20240925,000000,18.23,18.23,18.16,18.16,481,0
AQWA.US,D,20240926,000000,18.415,18.43,18.37,18.43,771,0
AQWA.US,D,20240927,000000,18.43,18.43,18.42,18.42,332,0
AQWA.US,D,20240930,000000,18.46,18.51,18.3942,18.51,1503,0
AQWA.US,D,20241001,000000,18.48,18.55,18.405,18.44,4296,0
AQWA.US,D,20241002,000000,18.41,18.4209,18.41,18.4209,1174,0
AQWA.US,D,20241003,000000,18.42,18.42,18.18,18.18,681,0
AQWA.US,D,20241004,000000,18.1712,18.24,18.1712,18.24,927,0
AQWA.US,D,20241007,000000,18.2,18.23,18.19,18.23,732,0
AQWA.US,D,20241008,000000,18.1,18.14,18.1,18.11,737,0
AQWA.US,D,20241009,000000,18.02,18.14,18.02,18.13,763,0
AQWA.US,D,20241010,000000,18.14,18.15,18.09,18.15,1767,0
AQWA.US,D,20241011,000000,18.1581,18.1815,18.1581,18.16,750,0
AQWA.US,D,20241014,000000,18.26,18.47,18.26,18.46,906,0
AQWA.US,D,20241015,000000,18.5179,18.5488,18.3661,18.3661,1240,0
AQWA.US,D,20241016,000000,18.5201,18.57,18.5201,18.57,290,0
AQWA.US,D,20241017,000000,18.58,18.86,18.39,18.39,3102,0
AQWA.US,D,20241018,000000,18.4694,18.51,18.44,18.455,866,0
AQWA.US,D,20241021,000000,18.42,18.42,18.2668,18.27,3124,0
AQWA.US,D,20241022,000000,18.1,18.1,18.1,18.1,243,0
AQWA.US,D,20241023,000000,18.01,18.01,18.0099,18.01,641,0
AQWA.US,D,20241024,000000,18,18,18,18,474,0
AQWA.US,D,20241025,000000,18,18,17.85,17.85,1585,0
AQWA.US,D,20241028,000000,18.02,18.02,17.93,17.93,1650,0
AQWA.US,D,20241029,000000,17.79,17.88,17.76,17.76,2589,0
AQWA.US,D,20241030,000000,17.77,17.78,17.76,17.78,1193,0
AQWA.US,D,20241031,000000,17.64,17.64,17.64,17.64,202,0
AQWA.US,D,20241101,000000,17.64,17.6642,17.53,17.53,975,0
AQWA.US,D,20241104,000000,17.63,17.63,17.63,17.63,222,0
