<TICKER>,<PER>,<DATE>,<TIME>,<OPEN>,<HIGH>,<LOW>,<CLOSE>,<VOL>,<OPENINT>
BKCH.US,D,20210715,000000,86.7488,88.0856,82.6628,84.4968,36343.195690865,0
BKCH.US,D,20210716,000000,85.5272,85.7184,82.8536,82.9292,10618.63554747775,0
BKCH.US,D,20210719,000000,79.8776,80.7928,78.2744,79.3048,4715.260323116,0
BKCH.US,D,20210720,000000,78.9588,81.1352,75.7916,80.4864,16681.11310576975,0
BKCH.US,D,20210721,000000,84.5724,89.5736,84.4968,88.0856,14362.9443445705,0
BKCH.US,D,20210722,000000,90.4928,90.4928,87.0552,87.3736,6455.08078988625,0
BKCH.US,D,20210723,000000,87.3616,87.3616,85.412,86.4424,8264.77558340625,0
BKCH.US,D,20210726,000000,95.454,99.2732,93.966,98.5852,12040.7540393855,0
BKCH.US,D,20210727,000000,95.454,95.454,88.9688,90.7592,10786.2836623775,0
BKCH.US,D,20210728,000000,93.926,95.9116,93.3928,94.8452,8641.543985557,0
BKCH.US,D,20210729,000000,94.8452,96.182,93.4684,93.584,8768.72531410175,0
BKCH.US,D,20210730,000000,91.714,94.3836,91.4832,94.0416,3096.337522413,0
BKCH.US,D,20210802,000000,94.0416,97.1328,93.6596,95.072,7418.7432674355,0
BKCH.US,D,20210803,000000,93.966,94.4992,91.7936,93.1624,3953.931777342,0
BKCH.US,D,20210804,000000,94.348,98.5492,93.2776,98.3184,9702.47755825825,0
BKCH.US,D,20210805,000000,97.1328,104.159,95.4936,103.284,17013.895870578,0
BKCH.US,D,20210806,000000,103.435,109.693,102.627,108.782,10443.94973060325,0
BKCH.US,D,20210809,000000,114.965,118.327,113.019,114.738,25021.292638905,0
BKCH.US,D,20210810,000000,115.12,115.92,109.773,112.136,26260.17953297,0
BKCH.US,D,20210811,000000,114.965,117.599,112.255,113.019,13110.98743255325,0
BKCH.US,D,20210812,000000,109.964,111.492,105.687,108.814,37721.0771989325,0
BKCH.US,D,20210813,000000,111.527,112.944,107.672,107.672,14728.15080776275,0
BKCH.US,D,20210816,000000,108.591,108.591,104.199,104.867,10131.27468572275,0
BKCH.US,D,20210817,000000,103.284,104.234,96.6752,97.8968,15532.45960488275,0
BKCH.US,D,20210818,000000,97.7852,102.174,96.906,98.6608,17087.5403948145,0
BKCH.US,D,20210819,000000,97.0972,99.3488,96.3332,98.8516,7396.37342901575,0
BKCH.US,D,20210820,000000,100.419,105.762,100.419,103.884,16553.429084227,0
BKCH.US,D,20210823,000000,108.969,110.039,106.144,106.852,20211.52603212825,0
BKCH.US,D,20210824,000000,107.33,107.461,104.772,107.461,13133.105924474,0
BKCH.US,D,20210825,000000,106.642,109.773,106.288,109.124,14244.057450496,0
BKCH.US,D,20210826,000000,106.717,107.978,104.274,104.426,9914.86534999775,0
BKCH.US,D,20210827,000000,105.038,111.257,105.038,110.728,19252.63913806175,0
BKCH.US,D,20210830,000000,109.622,111.492,107.406,111.261,22691.561938748,0
BKCH.US,D,20210831,000000,110.843,111.826,109.315,111.034,21237.7737879535,0
BKCH.US,D,20210901,000000,110.994,115.382,110.918,112.598,20349.263913635,0
BKCH.US,D,20210902,000000,116.568,117.945,114.547,115.04,62921.831238195,0
BKCH.US,D,20210903,000000,117.256,120.73,117.256,119.126,45328.0789941925,0
BKCH.US,D,20210907,000000,119.317,120.236,110.115,112.673,52408.0071808425,0
BKCH.US,D,20210908,000000,110.728,111.444,105.38,107.903,25014.0035904325,0
BKCH.US,D,20210909,000000,109.622,111.854,109.403,109.697,30414.9371630925,0
BKCH.US,D,20210910,000000,109.888,109.888,104.772,104.998,21291.310592262,0
BKCH.US,D,20210913,000000,104.199,105.938,101.983,103.817,15734.542190159,0
BKCH.US,D,20210914,000000,106.184,107.099,103.359,103.968,12302.4057449485,0
BKCH.US,D,20210915,000000,104.234,104.696,102.75,103.968,26250.125673005,0
BKCH.US,D,20210916,000000,103.892,104.274,101.756,103.435,9665.02692989225,0
BKCH.US,D,20210917,000000,103.435,103.435,102.138,103.435,15847.648114754,0
BKCH.US,D,20210920,000000,96.4844,97.9364,94.1968,95.836,35484.84739644,0
BKCH.US,D,20210921,000000,95.8756,96.7908,94.348,94.654,14191.52603218425,0
BKCH.US,D,20210922,000000,95.2628,100.419,95.2272,99.6156,9752.24416508,0
BKCH.US,D,20210923,000000,101.108,102.098,100.304,101.64,55372.1364447275,0
BKCH.US,D,20210924,000000,96.7508,98.0876,95.5216,96.942,21101.04129244325,0
BKCH.US,D,20210927,000000,96.7908,97.8212,95.5692,95.9512,12841.292639019,0
BKCH.US,D,20210928,000000,94.5388,94.666,90.4528,90.7592,16702.47755819325,0
BKCH.US,D,20210929,000000,91.6744,92.2072,87.9304,87.9304,7051.02333925225,0
BKCH.US,D,20210930,000000,89.0008,90.9104,88.778,90.2976,8650.3411130255,0
BKCH.US,D,20211001,000000,94.2724,94.8768,90.4928,93.1424,21508.47396748425,0
BKCH.US,D,20211004,000000,93.584,93.584,89.1916,91.7896,18745.421902878,0
BKCH.US,D,20211005,000000,93.0112,97.5544,93.0112,97.3756,15088.83303397125,0
BKCH.US,D,20211006,000000,100.188,101.183,97.0972,98.6248,25458.88689384,0
BKCH.US,D,20211007,000000,98.74,99.158,97.1728,97.9208,19924.236983657,0
BKCH.US,D,20211008,000000,98.6608,99.3888,97.3636,98.3184,15818.99461385675,0
BKCH.US,D,20211011,000000,100.228,103.586,99.5,101.525,30712.02872503,0
BKCH.US,D,20211012,000000,101.983,101.983,95.9908,96.942,20673.500897474,0
BKCH.US,D,20211013,000000,96.906,98.9312,95.072,98.8596,13364.093357147,0
BKCH.US,D,20211014,000000,100.495,100.495,98.5492,99.5796,8314.542190228,0
BKCH.US,D,20211015,000000,102.365,106.144,102.365,106.108,56250.3411125825,0
BKCH.US,D,20211018,000000,106.451,111.659,105.762,108.894,42173.6804304875,0
BKCH.US,D,20211019,000000,110.958,112.98,106.717,112.98,26723.66247731,0
BKCH.US,D,20211020,000000,113.437,119.126,113.039,116.835,54244.847396265,0
BKCH.US,D,20211021,000000,116.532,117.714,111.225,112.637,29097.1274683125,0
BKCH.US,D,20211022,000000,112.864,112.864,106.335,108.32,42075.65529584,0
BKCH.US,D,20211025,000000,110.879,116.799,110.803,116.075,30606.4631954075,0
BKCH.US,D,20211026,000000,117.408,117.408,113.743,115.502,24217.98922778225,0
BKCH.US,D,20211027,000000,111.949,112.637,109.812,110.194,24924.02154375425,0
BKCH.US,D,20211028,000000,114.201,117.217,113.517,117.217,23849.2639136025,0
BKCH.US,D,20211029,000000,116.568,120.694,116.568,119.508,27609.9102331375,0
BKCH.US,D,20211101,000000,120.388,124.971,120.272,123.137,39760.25134613,0
BKCH.US,D,20211102,000000,125.81,132.49,125.81,132.49,45324.560143205,0
BKCH.US,D,20211103,000000,131.46,134.516,127.294,134.324,59301.4362651575,0
BKCH.US,D,20211104,000000,133.942,137.531,132.041,134.44,48879.856372975,0
BKCH.US,D,20211105,000000,135.777,136.521,131.536,133.596,56184.9910228175,0
BKCH.US,D,20211108,000000,140.129,148.102,140.129,147,68705.0628359875,0
BKCH.US,D,20211109,000000,155.363,157.5,144.06,149.443,100979.71274592,0
BKCH.US,D,20211110,000000,150.016,150.016,135.355,136.234,88371.4183115675,0
BKCH.US,D,20211111,000000,138.028,143.336,137.492,141.733,36490.23339284,0
BKCH.US,D,20211112,000000,142.417,147.422,137.456,147.04,70866.894074745,0
BKCH.US,D,20211115,000000,149.292,149.865,140.241,140.853,94316.7684012775,0
BKCH.US,D,20211116,000000,133.139,139.25,130.851,135.586,63734.183123285,0
BKCH.US,D,20211117,000000,135.697,135.964,130.008,131.309,39879.8922797025,0
BKCH.US,D,20211118,000000,130.62,131.344,122.373,125.046,65398.3482938275,0
BKCH.US,D,20211119,000000,125.62,133.139,125.62,130.43,28281.5080787325,0
BKCH.US,D,20211122,000000,131.118,131.118,121.036,122.906,103428.83303315,0
BKCH.US,D,20211123,000000,123.328,126.877,120.503,125.198,27648.3662475,0
BKCH.US,D,20211124,000000,122.448,126.192,120.272,126.001,31981.8312384825,0
BKCH.US,D,20211126,000000,120.197,121.744,117.869,119.357,32827.109514955,0
BKCH.US,D,20211129,000000,124.128,126.574,119.584,124.856,47898.09694749,0
BKCH.US,D,20211130,000000,126.001,129.359,119.854,123.67,61937.8096942175,0
BKCH.US,D,20211201,000000,126.726,129.093,118.744,118.975,86069.58707281,0
BKCH.US,D,20211202,000000,118.251,120.348,112.255,114.738,47398.42010728,0
BKCH.US,D,20211203,000000,115.271,115.422,100.877,102.44,78666.17594182,0
BKCH.US,D,20211206,000000,96.5996,103.053,92.6688,101.334,49956.37342862,0
BKCH.US,D,20211207,000000,106.948,109.582,105.85,107.445,38789.802513105,0
BKCH.US,D,20211208,000000,107.214,108.702,104.581,107.748,24835.547576071,0
BKCH.US,D,20211209,000000,106.144,106.144,99.2732,99.8464,35055.2962294775,0
BKCH.US,D,20211210,000000,101.867,101.947,96.2176,97.1728,34330.91561907,0
BKCH.US,D,20211213,000000,96.3332,96.3332,91.1768,91.9052,65802.51346438,0
BKCH.US,D,20211214,000000,90.262,93.1264,89.3468,91.5588,42325.7450624425,0
BKCH.US,D,20211215,000000,95.454,95.454,87.1308,94.348,54772.1723513775,0
BKCH.US,D,20211216,000000,95.5692,96.0268,88.2764,89.3068,64197.1633746275,0
BKCH.US,D,20211217,000000,86.7488,89.498,84.266,86.6332,62164.0215434075,0
BKCH.US,D,20211220,000000,84.3456,85.8896,83.2356,84.648,45495.7271090925,0
BKCH.US,D,20211221,000000,87.8192,89.498,86.7128,89.498,40856.122082205,0
BKCH.US,D,20211222,000000,89.3468,91.352,88.5828,90.0708,28458.4560140975,0
BKCH.US,D,20211223,000000,90.1108,96.8144,88.8176,96.7908,89634.434469545,0
BKCH.US,D,20211227,000000,98.0876,99.2732,97.1168,99.0824,63085.45780911,0
BKCH.US,D,20211228,000000,95.9116,95.9116,90.7948,91.0656,45503.267504065,0
BKCH.US,D,20211229,000000,89.4224,90.604,87.8192,88.0856,48165.7809690325,0
BKCH.US,D,20211230,000000,88.6028,90.8704,88.1464,89.1596,27025.52962273,0
BKCH.US,D,20211231,000000,89.478,90.5,86.6136,86.7328,49654.5062832025,0
BKCH.US,D,20220103,000000,88.404,91.9844,87.1308,88.0456,59712.3877911875,0
BKCH.US,D,20220104,000000,88.4436,89.9952,85.6192,87.8868,61790.771992245,0
BKCH.US,D,20220105,000000,87.4092,87.9664,80.4864,80.7848,73999.17414653,0
BKCH.US,D,20220106,000000,80.0092,80.3472,75.8912,79.2928,38010.879712395,0
BKCH.US,D,20220107,000000,77.7812,80.2876,76.866,78.338,37987.2531414775,0
BKCH.US,D,20220110,000000,76.0304,76.9456,73.8224,76.9456,42174.685816485,0
BKCH.US,D,20220111,000000,78.0196,82.7144,77.1844,82.1176,36007.899461065,0
BKCH.US,D,20220112,000000,84.5844,85.42,82.1376,83.3112,48090.6283658,0
BKCH.US,D,20220113,000000,84.5844,84.5844,78.8352,78.9348,61776.696588295,0
BKCH.US,D,20220114,000000,77.9404,80.208,77.6616,80.0092,41157.737881125,0
BKCH.US,D,20220118,000000,77.582,77.9004,74.8768,74.9164,58592.1364446975,0
BKCH.US,D,20220119,000000,75.6724,76.8328,72.41,72.4496,39886.17594218,0
BKCH.US,D,20220120,000000,74.2004,77.706,72.9112,73.166,31218.743267215,0
BKCH.US,D,20220121,000000,69.426,69.9036,63.9756,64.1744,144433.752242825,0
BKCH.US,D,20220124,000000,57.7688,63.1,55.302,62.9808,143158.92279939,0
BKCH.US,D,20220125,000000,62.2648,63.9756,60.2556,62.3044,37106.032315635,0
BKCH.US,D,20220126,000000,65.4872,67.1092,61.4688,62.1452,46147.21723476,0
BKCH.US,D,20220127,000000,62.782,62.782,57.6892,58.0076,37551.16696554,0
BKCH.US,D,20220128,000000,58.5248,61.3496,56.7344,61.1108,28593.9317771125,0
BKCH.US,D,20220131,000000,62.1056,65.7656,60.9448,65.7656,22797.63016136825,0
BKCH.US,D,20220201,000000,67.8744,69.824,65.5272,68.8692,54950.12567274,0
BKCH.US,D,20220202,000000,68.5904,68.5904,63.6572,65.1292,27699.3895868175,0
BKCH.US,D,20220203,000000,63.5776,64.0548,61.8672,61.986,33698.779173835,0
BKCH.US,D,20220204,000000,63.0604,68.0336,61.986,67.556,84329.51525954,0
BKCH.US,D,20220207,000000,70.6196,72.9672,70.54,72.1316,58497.6301610375,0
BKCH.US,D,20220208,000000,70.8184,72.808,69.466,72.5692,28109.3357268475,0
BKCH.US,D,20220209,000000,74.0412,76.7864,73.4444,76.508,76328.15080719,0
BKCH.US,D,20220210,000000,74.5584,79.5696,73.8024,74.6776,33199.6050266225,0
BKCH.US,D,20220211,000000,74.4392,75.8316,69.6252,70.1424,49035.4398559175,0
BKCH.US,D,20220214,000000,69.9832,71.8132,67.8824,68.8492,24676.947935139,0
BKCH.US,D,20220215,000000,73.0864,74.7176,72.0524,73.7628,20348.761220637,0
BKCH.US,D,20220216,000000,72.5692,73.922,71.5744,73.0068,28669.3357268425,0
BKCH.US,D,20220217,000000,71.2564,71.6144,67.238,67.596,45685.9964089125,0
BKCH.US,D,20220218,000000,67.556,67.8744,64.5724,65.8056,26809.120287005,0
BKCH.US,D,20220222,000000,63.4384,65.1692,61.4688,62.4236,31817.1992815725,0
BKCH.US,D,20220223,000000,64.3732,65.0896,60.156,60.3548,36474.649909895,0
BKCH.US,D,20220224,000000,56.1776,63.9756,55.5808,63.856,48527.2172347375,0
BKCH.US,D,20220225,000000,64.6516,65.1228,62.5032,63.7368,17147.36086160025,0
BKCH.US,D,20220228,000000,62.5828,68.1132,62.5828,66.9592,36899.174146875,0
BKCH.US,D,20220301,000000,69.824,70.4204,66.084,67.8744,25568.976660445,0
BKCH.US,D,20220302,000000,68.1528,69.4256,66.9992,68.7896,16583.842010618,0
BKCH.US,D,20220303,000000,69.6252,69.6252,63.8964,64.3732,21512.24416497075,0
BKCH.US,D,20220304,000000,63.14,63.6968,58.8828,59.4,27427.9353677875,0
BKCH.US,D,20220307,000000,59.758,60.7476,56.2572,56.416,43428.653500495,0
BKCH.US,D,20220308,000000,56.7344,59.3604,55.302,57.4904,26099.317773545,0
BKCH.US,D,20220309,000000,61.3892,63.6572,61.3892,62.6228,24742.549371404,0
BKCH.US,D,20220310,000000,60.872,61.5088,59.0804,61.5088,17521.113105762,0
BKCH.US,D,20220311,000000,61.9064,61.9064,56.6748,56.7344,19974.506283477,0
BKCH.US,D,20220314,000000,56.2572,56.3764,53.1144,53.4968,35866.89407507,0
BKCH.US,D,20220315,000000,53.5912,55.1828,51.96,54.9044,52781.7594250025,0
BKCH.US,D,20220316,000000,57.9676,60.912,57.212,60.892,44559.9640929425,0
BKCH.US,D,20220317,000000,59.5992,63.7764,59.44,63.6968,29323.8420105,0
BKCH.US,D,20220318,000000,62.9012,67.7552,62.8616,67.3572,39666.499101965,0
BKCH.US,D,20220321,000000,67.1584,68.1928,64.588,66.442,25272.890484505,0
BKCH.US,D,20220322,000000,68.1928,70.9776,68.1928,69.9432,49370.23339272,0
BKCH.US,D,20220323,000000,69.9432,72.1912,67.954,69.824,69934.649909585,0
BKCH.US,D,20220324,000000,71.3356,73.2456,69.3028,73.166,32087.8994611025,0
BKCH.US,D,20220325,000000,74.3196,74.4788,69.7044,70.7788,31417.055655005,0
BKCH.US,D,20220328,000000,74.5584,77.8208,73.7924,76.4284,50555.332135975,0
BKCH.US,D,20220329,000000,77.5024,77.5024,73.524,76.508,41956.768401765,0
BKCH.US,D,20220330,000000,75.4336,75.9112,72.0916,72.8476,30235.475762735,0
BKCH.US,D,20220331,000000,72.8476,72.9272,69.2668,69.426,24714.14721700575,0
BKCH.US,D,20220401,000000,69.824,71.2516,68.3916,69.6648,25727.5763013775,0
BKCH.US,D,20220404,000000,70.0628,71.2164,69.3084,71.1768,22363.5547574225,0
BKCH.US,D,20220405,000000,71.2164,71.2164,66.7604,67.0388,23010.26929960675,0
BKCH.US,D,20220406,000000,65.1292,65.2884,62.384,63.1796,67706.96588806,0
BKCH.US,D,20220407,000000,62.742,63.6172,59.9968,62.1852,65358.13285397,0
BKCH.US,D,20220408,000000,61.8272,61.8272,59.778,59.798,30899.7845598575,0
BKCH.US,D,20220411,000000,58.1668,59.1612,57.006,57.2916,56521.041292115,0
BKCH.US,D,20220412,000000,58.3656,59.9172,55.7,56.058,38728.7253138225,0
BKCH.US,D,20220413,000000,56.0184,58.3656,55.7,57.9676,24126.24775561075,0
BKCH.US,D,20220414,000000,58.3656,58.3656,55.5012,55.6604,20378.1687610315,0
BKCH.US,D,20220418,000000,55.1432,55.9784,53.5516,55.302,47351.16696545,0
BKCH.US,D,20220419,000000,55.302,56.9652,54.7052,56.6548,20033.5727107655,0
BKCH.US,D,20220420,000000,57.2516,57.3312,54.228,54.4268,24840.323159554,0
BKCH.US,D,20220421,000000,56.058,57.0528,51.7216,51.9204,26317.7378812625,0
BKCH.US,D,20220422,000000,51.7612,52.3976,49.4936,49.5732,30638.88689379,0
BKCH.US,D,20220425,000000,48.4192,50.3688,48.0812,50.3688,52242.621184435,0
BKCH.US,D,20220426,000000,49.772,49.772,46.5492,46.7484,32242.7289045475,0
BKCH.US,D,20220427,000000,46.7084,48.2204,46.1516,46.39,32621.0053856925,0
BKCH.US,D,20220428,000000,47.3052,48.1804,44.918,47.5836,37347.32495477,0
BKCH.US,D,20220429,000000,47.3452,49.1752,44.9976,45.1568,17794.82944328175,0
BKCH.US,D,20220502,000000,45.1568,47.3452,44.4604,47.1064,15446.4991021905,0
BKCH.US,D,20220503,000000,47.1064,48.3796,46.6688,47.186,24378.85098720625,0
BKCH.US,D,20220504,000000,47.3452,49.4536,45.0612,49.2988,26873.213644275,0
BKCH.US,D,20220505,000000,48.3,48.3,44.0032,44.7588,38424.8473964125,0
BKCH.US,D,20220506,000000,43.9632,44.3808,41.696,42.9684,20795.65529603675,0
BKCH.US,D,20220509,000000,40.3028,40.3028,35.6082,36.0061,50995.9425488975,0
BKCH.US,D,20220510,000000,37.7168,38.5524,34.7687,35.4491,37634.61400324,0
BKCH.US,D,20220511,000000,33.2211,34.6932,30.8737,31.192,52960.7181323625,0
BKCH.US,D,20220512,000000,29.1629,31.8286,27.6511,30.7146,42726.6427285075,0
BKCH.US,D,20220513,000000,33.1017,34.8523,32.8236,33.42,40882.5134646125,0
BKCH.US,D,20220516,000000,33.6985,33.8178,30.9135,31.1522,59376.8402148875,0
BKCH.US,D,20220517,000000,32.2662,33.2608,31.1522,32.9824,35871.669658555,0
BKCH.US,D,20220518,000000,32.1071,32.5845,30.5125,30.7146,41616.9479349825,0
BKCH.US,D,20220519,000000,31.1522,33.1813,31.0726,32.0673,42305.888689015,0
BKCH.US,D,20220520,000000,32.9028,32.9028,29.1271,30.5952,106005.637341925,0
BKCH.US,D,20220523,000000,30.9533,31.192,30.078,30.6624,24986.60682203,0
BKCH.US,D,20220524,000000,29.9586,29.9586,28.2081,28.8048,25925.6373426675,0
BKCH.US,D,20220525,000000,28.6457,30.1934,28.2081,29.854,48934.64990978,0
BKCH.US,D,20220526,000000,29.1232,31.2716,28.6457,30.9931,85825.278275685,0
BKCH.US,D,20220527,000000,30.9931,32.7436,30.7544,32.3458,58268.6535003575,0
BKCH.US,D,20220531,000000,34.2953,36.0856,33.2211,33.8178,55373.8958702225,0
BKCH.US,D,20220601,000000,33.8974,33.8974,31.0476,31.1522,56756.0502687725,0
BKCH.US,D,20220602,000000,30.9533,32.9605,30.9135,32.5049,18428.473967513,0
BKCH.US,D,20220603,000000,31.8684,31.8684,30.635,31.1124,69266.570914975,0
BKCH.US,D,20220606,000000,32.4652,32.8037,31.3114,31.6694,54235.7989222975,0
BKCH.US,D,20220607,000000,30.635,31.3114,29.7597,31.1124,31505.7809691875,0
BKCH.US,D,20220608,000000,31.0328,32.1071,30.5554,30.7942,32818.815080485,0
BKCH.US,D,20220609,000000,30.6748,30.6748,29.0436,29.0834,58580.57450574,0
BKCH.US,D,20220610,000000,28.1285,28.6457,27.5118,27.6904,45297.9174143,0
BKCH.US,D,20220613,000000,24.6274,26.1392,23.3542,23.8714,56301.8671449,0
BKCH.US,D,20220614,000000,23.8714,24.2705,23.1553,23.7521,54352.17235138,0
BKCH.US,D,20220615,000000,23.6327,24.5856,23.0757,24.1897,41468.4021540125,0
BKCH.US,D,20220616,000000,23.2746,23.5134,22.3198,22.5983,34649.1202869325,0
BKCH.US,D,20220617,000000,22.6778,23.3542,22.5585,22.7522,22614.14721702525,0
BKCH.US,D,20220621,000000,23.8714,25.8607,23.7123,24.6274,37542.1184915725,0
BKCH.US,D,20220622,000000,23.8714,24.6672,22.8171,22.8768,71789.5870729425,0
BKCH.US,D,20220623,000000,23.1155,23.9112,22.6381,23.8316,43442.728904445,0
BKCH.US,D,20220624,000000,24.3091,25.4628,23.8316,25.1446,29006.642728635,0
BKCH.US,D,20220627,000000,25.065,25.1446,23.394,23.6725,47357.4506279275,0
BKCH.US,D,20220628,000000,23.8714,24.2693,22.1742,22.28,37272.17235154,0
BKCH.US,D,20220629,000000,21.6,23.24,21,21.4,52504.25,0
BKCH.US,D,20220630,000000,20.76,20.92,19.7748,20.2,96481.25,0
BKCH.US,D,20220701,000000,20.24,20.92,20.16,20.56,39854.75,0
BKCH.US,D,20220705,000000,20.04,21.96,19.52,21.96,33444,0
BKCH.US,D,20220706,000000,21.88,21.98,20.9032,21.08,25887.75,0
BKCH.US,D,20220707,000000,21.12,23.32,21.12,23.28,41245.25,0
BKCH.US,D,20220708,000000,22.88,25.08,22.5268,24.28,44455,0
BKCH.US,D,20220711,000000,23.48,23.6,22.54,22.6,17662.5,0
BKCH.US,D,20220712,000000,22.5,22.7828,22,22.28,14730.5,0
BKCH.US,D,20220713,000000,21.72,22.3772,21.16,22.12,22271.25,0
BKCH.US,D,20220714,000000,21.8,22.56,21.2,22.4,14567.25,0
BKCH.US,D,20220715,000000,22.88,23.22,22.3916,22.92,14430.5,0
BKCH.US,D,20220718,000000,24.2,26.56,24.2,24.8,27227.25,0
BKCH.US,D,20220719,000000,25.72,28,25.52,27.92,37438.75,0
BKCH.US,D,20220720,000000,28.56,29.9184,28.044,29.16,107462.5,0
BKCH.US,D,20220721,000000,28.12,29.6,28.0004,29.56,38144.5,0
BKCH.US,D,20220722,000000,30.36,30.36,27.5948,27.72,25927.25,0
BKCH.US,D,20220725,000000,27.32,27.4,26.2,26.4,33435.75,0
BKCH.US,D,20220726,000000,25.4,25.52,24.08,24.08,23482.5,0
BKCH.US,D,20220727,000000,25.16,27.38,24.84,27.12,23394.75,0
BKCH.US,D,20220728,000000,27.12,28.3996,26.36,28.28,31059,0
BKCH.US,D,20220729,000000,27.84,28.88,27.2,27.96,23903.5,0
BKCH.US,D,20220801,000000,27.56,28.3,26.92,27.68,25574.75,0
BKCH.US,D,20220802,000000,27.12,29.52,26.8,29.04,63755.75,0
BKCH.US,D,20220803,000000,29.56,30.76,29.56,30.68,43379.25,0
BKCH.US,D,20220804,000000,32,33.48,30.52,30.84,90011.25,0
BKCH.US,D,20220805,000000,30.32,32.08,30.08,31.32,64300.5,0
BKCH.US,D,20220808,000000,32.44,33.88,32.1544,32.68,31019,0
BKCH.US,D,20220809,000000,32.04,32.04,30.3,30.92,31044.5,0
BKCH.US,D,20220810,000000,32.56,34.16,31.92,33.96,50355.25,0
BKCH.US,D,20220811,000000,36.08,37.5996,34.08,34.56,49209.25,0
BKCH.US,D,20220812,000000,34.64,36.68,33.7496,36.56,85705.75,0
BKCH.US,D,20220815,000000,36.32,37.52,35.8,36.76,41974,0
BKCH.US,D,20220816,000000,36.24,36.44,34.08,34.92,41346.5,0
BKCH.US,D,20220817,000000,33.96,34,32.32,32.56,93739.75,0
BKCH.US,D,20220818,000000,33,33,31.76,32.04,34794.75,0
BKCH.US,D,20220819,000000,29.6,29.88,28.6,28.6,84144.75,0
BKCH.US,D,20220822,000000,27.72,28.118,27.2452,27.32,89467.25,0
BKCH.US,D,20220823,000000,27.6,29.1596,27.6,28.12,19697,0
BKCH.US,D,20220824,000000,28.4,29,28.08,28.48,13520.5,0
BKCH.US,D,20220825,000000,28.72,29.1028,28.06,28.64,21562.75,0
BKCH.US,D,20220826,000000,28.88,28.88,26.4,26.48,31198.5,0
BKCH.US,D,20220829,000000,25.96,27.4492,25.88,26.84,37784.75,0
BKCH.US,D,20220830,000000,27.32,27.6,25.92,26.68,50495.25,0
BKCH.US,D,20220831,000000,27.12,27.68,26.68,27.4,566969,0
BKCH.US,D,20220901,000000,26.56,26.64,25.12,26.12,46685,0
BKCH.US,D,20220902,000000,26.8,26.84,25.6,25.84,21950.75,0
BKCH.US,D,20220906,000000,25.8,25.8,24.68,24.76,22307.25,0
BKCH.US,D,20220907,000000,24.56,25.7596,24.32,25.64,23611.25,0
BKCH.US,D,20220908,000000,25.44,27.44,25.12,27.4,34639.75,0
BKCH.US,D,20220909,000000,28.84,29.64,28.6,29.56,24463,0
BKCH.US,D,20220912,000000,30.28,30.6,29.76,30.48,74945.75,0
BKCH.US,D,20220913,000000,28.12,28.72,27.4,27.52,32932.5,0
BKCH.US,D,20220914,000000,27.72,28,27.16,27.6,18943.75,0
BKCH.US,D,20220915,000000,27.4,28.36,27.04,27.2,71522,0
BKCH.US,D,20220916,000000,26.48,26.56,25.64,25.76,14826,0
BKCH.US,D,20220919,000000,24.96,25.44,24.56,25.2,25463,0
BKCH.US,D,20220920,000000,24.68,24.88,24.1204,24.24,17102.5,0
BKCH.US,D,20220921,000000,24.32,25.48,24.1,24.36,28821.5,0
BKCH.US,D,20220922,000000,24.16,24.4,22.9604,23.32,22687.25,0
BKCH.US,D,20220923,000000,22.6,22.92,22.036,22.44,30762.75,0
BKCH.US,D,20220926,000000,22.56,23.56,22.4,22.6,23871.5,0
BKCH.US,D,20220927,000000,23.72,23.98,22.54,23.04,15515.75,0
BKCH.US,D,20220928,000000,22.76,24.52,22.76,24.52,43863.25,0
BKCH.US,D,20220929,000000,23.8,23.8,22.82,23.44,16322.75,0
BKCH.US,D,20220930,000000,23.24,24.88,23.12,23.48,20976,0
BKCH.US,D,20221003,000000,23.72,24.24,23.08,23.9072,14419.5,0
BKCH.US,D,20221004,000000,25.04,26.1532,25.04,26.12,28580,0
BKCH.US,D,20221005,000000,25.44,25.9196,24.76,25.84,13546,0
BKCH.US,D,20221006,000000,25.72,26.68,25.4404,25.84,16400.25,0
BKCH.US,D,20221007,000000,24.92,25.04,23.332,23.48,17287.25,0
BKCH.US,D,20221010,000000,23.4,23.4,22.24,22.64,12986.5,0
BKCH.US,D,20221011,000000,22.44,23.12,21.6,22.4,18633,0
BKCH.US,D,20221012,000000,22.4,22.64,21.8,22.34,44559,0
BKCH.US,D,20221013,000000,20.96,22.8,20.6,22.7488,24752.5,0
BKCH.US,D,20221014,000000,23.32,23.48,21.3136,21.36,11373.75,0
BKCH.US,D,20221017,000000,22.2,23,22.12,22.68,9009.5,0
BKCH.US,D,20221018,000000,23.68,23.84,22,22.28,43132.75,0
BKCH.US,D,20221019,000000,22,22.2,21.4,21.52,13034,0
BKCH.US,D,20221020,000000,21.48,22.52,21.28,21.44,32124.5,0
BKCH.US,D,20221021,000000,21.2,22.36,20.96,22.3312,15538,0
BKCH.US,D,20221024,000000,22.36,22.84,21.56,22.84,14479.5,0
BKCH.US,D,20221025,000000,22.88,25.4,22.88,25.32,38861.5,0
BKCH.US,D,20221026,000000,25.36,26.8,25.2,25.32,37621,0
BKCH.US,D,20221027,000000,25.56,25.72,24.44,24.52,23098,0
BKCH.US,D,20221028,000000,24.2,24.72,23.8024,24.72,30703.5,0
BKCH.US,D,20221031,000000,24.36,24.6,23.24,23.36,20644.25,0
BKCH.US,D,20221101,000000,23.92,24,22.4,22.4,29241.5,0
BKCH.US,D,20221102,000000,22.44,22.84,21.16,21.2,34303.25,0
BKCH.US,D,20221103,000000,21,21.36,20.4,20.52,28600.5,0
BKCH.US,D,20221104,000000,21.84,21.92,20.56,21.16,16152,0
BKCH.US,D,20221107,000000,21.4,21.48,20.724,21.04,29254.25,0
BKCH.US,D,20221108,000000,20.4,21,18.84,19.6,95630.5,0
BKCH.US,D,20221109,000000,18.72,19.16,17.88,17.9756,46786.75,0
BKCH.US,D,20221110,000000,19.24,19.68,18.84,19.36,41160.5,0
BKCH.US,D,20221111,000000,18.96,19.92,18.52,19.84,49509.5,0
BKCH.US,D,20221114,000000,19.64,19.7464,19.12,19.24,19458,0
BKCH.US,D,20221115,000000,20,20.44,19.64,19.84,23904.25,0
BKCH.US,D,20221116,000000,19.6,19.6,18.2,18.28,43665.75,0
BKCH.US,D,20221117,000000,18,18.1824,17.6,17.92,13165,0
BKCH.US,D,20221118,000000,18.32,18.32,17.2004,17.32,23098.25,0
BKCH.US,D,20221121,000000,17,17.04,15.8,15.84,50918.5,0
BKCH.US,D,20221122,000000,16.04,16.24,15.6,15.92,20808.75,0
BKCH.US,D,20221123,000000,16.24,16.64,16,16.4,12733,0
BKCH.US,D,20221125,000000,16.52,16.52,16.16,16.36,8775.25,0
BKCH.US,D,20221128,000000,16.12,16.36,15.4,15.56,44841,0
BKCH.US,D,20221129,000000,15.88,15.92,15.52,15.64,34193.5,0
BKCH.US,D,20221130,000000,15.92,16.52,15.28,16.52,22015.25,0
BKCH.US,D,20221201,000000,16.68,17.16,16.32,16.64,17724.25,0
BKCH.US,D,20221202,000000,16.32,16.96,16.16,16.96,31430.25,0
BKCH.US,D,20221205,000000,16.96,17.2,15.88,16,25051.25,0
BKCH.US,D,20221206,000000,16,16,15.04,15.2436,87098.5,0
BKCH.US,D,20221207,000000,15.12,15.2384,14.7828,14.8748,37985.25,0
BKCH.US,D,20221208,000000,15,15.36,14.6804,15.24,18948.75,0
BKCH.US,D,20221209,000000,15.24,15.48,15,15.08,10327.75,0
BKCH.US,D,20221212,000000,14.92,15.3196,14.72,15.04,29848.5,0
BKCH.US,D,20221213,000000,15.84,16.3912,14.88,15.0876,42600.25,0
BKCH.US,D,20221214,000000,15,15.76,14.8196,15.64,29542.5,0
BKCH.US,D,20221215,000000,15.88,16.24,15.2,15.96,60985,0
BKCH.US,D,20221216,000000,15.44,15.6,14.2016,14.56,48527,0
BKCH.US,D,20221219,000000,14.56,15.16,13.52,13.52,39133.5,0
BKCH.US,D,20221220,000000,13.44,14.24,13.44,13.58,30735,0
BKCH.US,D,20221221,000000,13.45,13.65,13.19,13.2599,77035,0
BKCH.US,D,20221222,000000,13.1,13.26,12.86,13.15,50535,0
BKCH.US,D,20221223,000000,13.28,13.31,12.78,13.18,16567,0
BKCH.US,D,20221227,000000,13.03,13.03,12.4,12.5,30878,0
BKCH.US,D,20221228,000000,12.35,12.8,12.15,12.2449,63970,0
BKCH.US,D,20221229,000000,12.27,12.8481,12.27,12.72,62932,0
BKCH.US,D,20221230,000000,12.55,12.93,12.47,12.88,25236,0
BKCH.US,D,20230103,000000,13.08,13.42,12.58,12.74,55251,0
BKCH.US,D,20230104,000000,13.14,14.39,13.14,14.2195,33533,0
BKCH.US,D,20230105,000000,14.14,14.14,13.54,13.96,14526,0
BKCH.US,D,20230106,000000,13.97,14.3,13.41,14.14,28447,0
BKCH.US,D,20230109,000000,14.59,16,14.59,15.5,33729,0
BKCH.US,D,20230110,000000,15.41,16.76,15.41,16.76,29255,0
BKCH.US,D,20230111,000000,16.66,16.99,16.18,16.52,32246,0
BKCH.US,D,20230112,000000,16.89,19,16.3204,19,48565,0
BKCH.US,D,20230113,000000,18.67,19.75,18.32,19.45,36172,0
BKCH.US,D,20230117,000000,20.66,21,19.745,20.75,98732,0
BKCH.US,D,20230118,000000,20.94,21.0799,18.95,19.02,72036,0
BKCH.US,D,20230119,000000,18.51,19.45,18.2405,19.07,41169,0
BKCH.US,D,20230120,000000,19.49,20.54,19.155,20.53,41310,0
BKCH.US,D,20230123,000000,20.8,21.8799,20.53,21.58,52960,0
BKCH.US,D,20230124,000000,21.25,21.97,20.7,21.07,36428,0
BKCH.US,D,20230125,000000,20.43,20.91,19.4217,20.91,26427,0
BKCH.US,D,20230126,000000,21.4,21.82,20.6601,21.09,39727,0
BKCH.US,D,20230127,000000,20.79,22.17,20.79,21.95,59303,0
BKCH.US,D,20230130,000000,21.56,22.29,20.47,20.68,58497,0
BKCH.US,D,20230131,000000,20.75,21.4341,20.5801,21.13,27344,0
BKCH.US,D,20230201,000000,21.07,22.5878,20.5,22.3,59694,0
BKCH.US,D,20230202,000000,23.23,25.14,23,24.4,74356,0
BKCH.US,D,20230203,000000,23.3,24.6925,22.68,22.72,43864,0
BKCH.US,D,20230206,000000,22.46,22.9392,21.6689,22.5904,43602,0
BKCH.US,D,20230207,000000,22.73,22.79,21.3926,22.67,34446,0
BKCH.US,D,20230208,000000,22.41,23.21,21.9301,22.17,12088,0
BKCH.US,D,20230209,000000,22.28,22.28,19.7601,19.86,82744,0
BKCH.US,D,20230210,000000,19.76,19.99,19.15,19.44,55870,0
BKCH.US,D,20230213,000000,19.19,19.54,18.6418,19.4,27113,0
BKCH.US,D,20230214,000000,19.12,20.45,19,20.22,21289,0
BKCH.US,D,20230215,000000,20.47,22.4,20.414,22.4,25420,0
BKCH.US,D,20230216,000000,22.06,23.325,21.4001,21.41,45934,0
BKCH.US,D,20230217,000000,21.21,21.83,20.75,21.59,22711,0
BKCH.US,D,20230221,000000,21.45,21.68,20.45,20.53,36911,0
BKCH.US,D,20230222,000000,20.48,20.71,19.8001,20.29,24673,0
BKCH.US,D,20230223,000000,20.78,20.9712,19.96,20.4,5803,0
BKCH.US,D,20230224,000000,20.12,20.12,19.3645,19.59,25847,0
BKCH.US,D,20230227,000000,19.79,20.053,19.55,19.6595,21845,0
BKCH.US,D,20230228,000000,19.67,20.66,19.67,19.91,215257,0
BKCH.US,D,20230301,000000,20.29,20.29,19.7,19.96,22382,0
BKCH.US,D,20230302,000000,19.51,19.79,18.975,19.6382,12854,0
BKCH.US,D,20230303,000000,19.15,19.98,19.07,19.91,20926,0
BKCH.US,D,20230306,000000,19.99,20.7,19.67,19.7,27704,0
BKCH.US,D,20230307,000000,19.56,19.87,19,19.0741,18433,0
BKCH.US,D,20230308,000000,19.13,19.1654,18.6,19.09,17602,0
BKCH.US,D,20230309,000000,18.93,18.9729,17.41,17.49,52271,0
BKCH.US,D,20230310,000000,17.39,17.39,16.2501,16.72,51628,0
BKCH.US,D,20230313,000000,17.4,18.775,16.57,18.46,50824,0
BKCH.US,D,20230314,000000,19.56,20.1219,19.08,19.56,55225,0
BKCH.US,D,20230315,000000,18.96,19.41,18.56,19.09,40904,0
BKCH.US,D,20230316,000000,19.09,20,19.08,20,17269,0
BKCH.US,D,20230317,000000,20.61,21.41,20.33,21.41,39778,0
BKCH.US,D,20230320,000000,21.86,21.97,20.94,21.31,78054,0
BKCH.US,D,20230321,000000,21.52,22.9899,21.43,22.69,31492,0
BKCH.US,D,20230322,000000,22.97,23.18,21.17,21.19,40503,0
BKCH.US,D,20230323,000000,20.29,21.8,20.15,21.22,65737,0
BKCH.US,D,20230324,000000,20.64,20.84,20.16,20.38,23469,0
BKCH.US,D,20230327,000000,20.62,20.64,19.42,19.69,28778,0
BKCH.US,D,20230328,000000,19.7,19.71,19.22,19.63,24037,0
BKCH.US,D,20230329,000000,20.47,21.13,20.35,21.13,59735,0
BKCH.US,D,20230330,000000,21.53,21.65,20.9601,21.26,34151,0
BKCH.US,D,20230331,000000,21.38,22.29,20.99,22.2479,37695,0
BKCH.US,D,20230403,000000,21.9,22,21.26,21.8165,62962,0
BKCH.US,D,20230404,000000,21.99,22.15,21.37,21.63,30521,0
BKCH.US,D,20230405,000000,21.61,21.6928,20.58,20.86,22877,0
BKCH.US,D,20230406,000000,20.67,21.3,20.49,21.14,22754,0
BKCH.US,D,20230410,000000,21.05,22.71,20.54,22.7,99816,0
BKCH.US,D,20230411,000000,23.36,24.7999,23.3214,24.45,86323,0
BKCH.US,D,20230412,000000,24.68,25,23.655,23.91,44084,0
BKCH.US,D,20230413,000000,24.63,26.255,24.5,26.04,48074,0
BKCH.US,D,20230414,000000,26.71,26.96,25.36,26.21,46163,0
BKCH.US,D,20230417,000000,25.34,25.76,24.7101,25.76,57982,0
BKCH.US,D,20230418,000000,26.64,27.2399,25.89,26.18,46433,0
BKCH.US,D,20230419,000000,25.25,25.25,24.6,24.655,38830,0
BKCH.US,D,20230420,000000,24.11,24.38,22.88,22.98,42296,0
BKCH.US,D,20230421,000000,23.17,23.24,22.6,22.68,34897,0
BKCH.US,D,20230424,000000,22.66,22.97,21.76,22.25,60215,0
BKCH.US,D,20230425,000000,22.2,22.52,21.59,22,57932,0
BKCH.US,D,20230426,000000,23.34,23.88,22.5,22.62,43336,0
BKCH.US,D,20230427,000000,22.98,23.5,22.49,23.49,32707,0
BKCH.US,D,20230428,000000,23.39,23.52,22.81,23.42,28833,0
BKCH.US,D,20230501,000000,23.36,23.42,22.05,22.1,44559,0
BKCH.US,D,20230502,000000,22.13,22.97,21.69,22.82,27999,0
BKCH.US,D,20230503,000000,22.58,22.97,22.3,22.34,45079,0
BKCH.US,D,20230504,000000,22.56,23.29,22.39,22.8333,32619,0
BKCH.US,D,20230505,000000,23.22,23.9413,22.93,23.8903,23511,0
BKCH.US,D,20230508,000000,23.12,23.33,22.515,22.96,116140,0
BKCH.US,D,20230509,000000,22.95,23.455,22.916,23.27,35192,0
BKCH.US,D,20230510,000000,23.88,24.74,23.5,24.08,108281,0
BKCH.US,D,20230511,000000,23.68,23.68,22.26,22.388,39555,0
BKCH.US,D,20230512,000000,22.38,22.38,21.55,21.76,37401,0
BKCH.US,D,20230515,000000,22.18,23.24,21.97,23.24,16408,0
BKCH.US,D,20230516,000000,23.08,23.5,22.972,23.49,24031,0
BKCH.US,D,20230517,000000,23.13,25,23.1,24.79,19576,0
BKCH.US,D,20230518,000000,24.6,25.53,23.9701,24.38,36521,0
BKCH.US,D,20230519,000000,24.59,24.71,23.8401,24.31,34597,0
BKCH.US,D,20230522,000000,24.25,25.2,23.98,25.13,17238,0
BKCH.US,D,20230523,000000,25.3,26.02,24.42,24.5,23170,0
BKCH.US,D,20230524,000000,24.12,24.6116,23.49,24.39,19363,0
BKCH.US,D,20230525,000000,25.11,25.11,23.6,24.15,6160,0
BKCH.US,D,20230526,000000,24.28,24.917,23.8399,23.89,15269,0
BKCH.US,D,20230530,000000,24.95,26.18,24.95,25.6,24287,0
BKCH.US,D,20230531,000000,25.14,25.69,24.57,25.61,19030,0
BKCH.US,D,20230601,000000,25.75,26.6026,25.35,26.16,20443,0
BKCH.US,D,20230602,000000,26.64,26.6409,25.56,26.04,21872,0
BKCH.US,D,20230605,000000,25.6,25.67,23.5001,24.5,23105,0
BKCH.US,D,20230606,000000,23.53,24.84,23,24.8,27211,0
BKCH.US,D,20230607,000000,24.95,25.52,23.95,24.03,44178,0
BKCH.US,D,20230608,000000,24.14,24.65,23.9374,24.28,14211,0
BKCH.US,D,20230609,000000,24.63,24.6321,23.5,23.61,22985,0
BKCH.US,D,20230612,000000,23.48,24.04,23.2219,23.86,26111,0
BKCH.US,D,20230613,000000,24.46,24.7469,23.98,24.52,18912,0
BKCH.US,D,20230614,000000,24.68,25.03,24.32,24.59,16652,0
BKCH.US,D,20230615,000000,24.3,24.46,23.5801,24.46,14983,0
BKCH.US,D,20230616,000000,24.68,25.5517,24.1803,25.36,14273,0
BKCH.US,D,20230620,000000,25.94,27.55,25.4424,27.53,42052,0
BKCH.US,D,20230621,000000,28.53,29.38,28.14,28.48,74152,0
BKCH.US,D,20230622,000000,28.87,28.87,27.26,28.51,27804,0
BKCH.US,D,20230623,000000,28.37,30.12,28.045,29.17,44692,0
BKCH.US,D,20230626,000000,29.61,29.99,27.62,27.85,65465,0
BKCH.US,D,20230627,000000,28.48,29.92,28.37,29.74,34336,0
BKCH.US,D,20230628,000000,29.06,30.4,28.8,29.9,31000,0
BKCH.US,D,20230629,000000,30.2,31.43,29.9,30.46,43257,0
BKCH.US,D,20230630,000000,31.3,31.67,29.5117,30.84,72513,0
BKCH.US,D,20230703,000000,31.02,33.7718,31,33.69,48051,0
BKCH.US,D,20230705,000000,33,34.4781,32.33,34.07,60480,0
BKCH.US,D,20230706,000000,34.14,34.14,31.9201,33.36,61776,0
BKCH.US,D,20230707,000000,33.36,36.1,33.36,35.15,116106,0
BKCH.US,D,20230710,000000,35.42,37.0031,34,36.98,90566,0
BKCH.US,D,20230711,000000,37.32,38.04,36.73,37.86,73753,0
BKCH.US,D,20230712,000000,38.76,39.4999,36.67,37.3,176336,0
BKCH.US,D,20230713,000000,37.81,43.385,37.79,43.13,174716,0
BKCH.US,D,20230714,000000,42.78,44,39.85,40.61,114401,0
BKCH.US,D,20230717,000000,40.66,42.0684,39.0989,39.4,94548,0
BKCH.US,D,20230718,000000,38.85,39.67,38.0213,38.71,111940,0
BKCH.US,D,20230719,000000,39.11,40.7499,39.09,40.19,51286,0
BKCH.US,D,20230720,000000,40.38,40.97,38.02,38.23,52135,0
BKCH.US,D,20230721,000000,38.59,38.7701,36.62,37.77,79705,0
BKCH.US,D,20230724,000000,36.8,37.5726,36.22,37.1,57084,0
BKCH.US,D,20230725,000000,37.2,39,37.2,37.26,45691,0
BKCH.US,D,20230726,000000,37.57,38.5999,37.35,38.51,33282,0
BKCH.US,D,20230727,000000,39.32,39.37,36.18,36.5,44579,0
BKCH.US,D,20230728,000000,37.28,37.99,37.1,37.48,49327,0
BKCH.US,D,20230731,000000,38.04,38.9,37.68,38.42,35844,0
BKCH.US,D,20230801,000000,37.79,37.79,35.61,37.01,61023,0
BKCH.US,D,20230802,000000,36.67,37.5,35.44,35.92,46220,0
BKCH.US,D,20230803,000000,35.27,36.14,34.89,35.24,29276,0
BKCH.US,D,20230804,000000,35.36,35.36,33.801,33.83,45448,0
BKCH.US,D,20230807,000000,34.02,34.02,31.68,32.81,94412,0
BKCH.US,D,20230808,000000,33.65,34.55,32.8,34.34,35747,0
BKCH.US,D,20230809,000000,34.75,34.8499,32.8495,32.85,29676,0
BKCH.US,D,20230810,000000,32.95,34.22,32.25,32.33,46240,0
BKCH.US,D,20230811,000000,31.93,33.135,31.5792,32.53,53073,0
BKCH.US,D,20230814,000000,32.06,32.2312,30.841,31.87,25446,0
BKCH.US,D,20230815,000000,31.79,32.19,30.19,30.19,31197,0
BKCH.US,D,20230816,000000,30.1,30.1,29.1984,29.57,26312,0
BKCH.US,D,20230817,000000,29.05,29.05,27.37,27.37,107011,0
BKCH.US,D,20230818,000000,26.16,27.21,26,26.55,81698,0
BKCH.US,D,20230821,000000,26.99,26.99,25.87,26.49,36747,0
BKCH.US,D,20230822,000000,26.53,26.53,25.65,25.94,23488,0
BKCH.US,D,20230823,000000,25.93,27.71,25.93,27.38,38009,0
BKCH.US,D,20230824,000000,27.84,27.84,25.53,25.89,38733,0
BKCH.US,D,20230825,000000,25.84,26.17,24.93,25.58,38363,0
BKCH.US,D,20230828,000000,25.92,26.14,25.33,25.69,29061,0
BKCH.US,D,20230829,000000,25.68,29.96,25.59,29.7,75833,0
BKCH.US,D,20230830,000000,29.33,29.54,28.7,29.42,32717,0
BKCH.US,D,20230831,000000,29.42,29.5,27.5001,27.61,253790,0
BKCH.US,D,20230901,000000,27.91,27.97,26.56,26.83,28198,0
BKCH.US,D,20230905,000000,26.66,26.66,26.1932,26.33,19704,0
BKCH.US,D,20230906,000000,26.39,27.05,26.1194,26.5,18826,0
BKCH.US,D,20230907,000000,26.11,26.75,25.21,26.65,17622,0
BKCH.US,D,20230908,000000,26.37,26.4,25.5503,25.95,22916,0
BKCH.US,D,20230911,000000,25.75,25.83,24.71,24.84,50332,0
BKCH.US,D,20230912,000000,25.43,26.83,25.225,25.39,25691,0
BKCH.US,D,20230913,000000,25.5,25.5,24.6,24.73,26695,0
BKCH.US,D,20230914,000000,25.47,26.345,25.3,25.89,25424,0
BKCH.US,D,20230915,000000,25.73,26.575,25,25.38,18420,0
BKCH.US,D,20230918,000000,26.22,26.5,25.31,25.41,32834,0
BKCH.US,D,20230919,000000,25.5,25.61,24.38,24.83,32640,0
BKCH.US,D,20230920,000000,24.88,25.15,24.08,24.23,39999,0
BKCH.US,D,20230921,000000,23.53,23.55,23.04,23.4,51978,0
BKCH.US,D,20230922,000000,23.45,23.5,22.61,22.63,37076,0
BKCH.US,D,20230925,000000,22.21,22.86,22.0914,22.63,21467,0
BKCH.US,D,20230926,000000,22.46,22.83,22.04,22.22,20900,0
BKCH.US,D,20230927,000000,22.75,23,22.065,22.56,146089,0
BKCH.US,D,20230928,000000,22.62,24.1064,22.36,23.4,30321,0
BKCH.US,D,20230929,000000,23.83,23.966,23.1001,23.3,18967,0
BKCH.US,D,20231002,000000,24.49,25.3216,23.36,23.55,42291,0
BKCH.US,D,20231003,000000,23.26,23.29,21.51,21.75,51755,0
BKCH.US,D,20231004,000000,21.99,22.34,21.2,22.28,44168,0
BKCH.US,D,20231005,000000,22.28,22.41,21.68,22.08,14130,0
BKCH.US,D,20231006,000000,21.68,23.44,21.61,23.35,22650,0
BKCH.US,D,20231009,000000,22.78,23.24,22.5915,23.24,16914,0
BKCH.US,D,20231010,000000,23.22,24.14,23.22,23.56,18610,0
BKCH.US,D,20231011,000000,23.56,23.56,22.25,22.7,29725,0
BKCH.US,D,20231012,000000,22.5,22.5,21.8,21.96,17020,0
BKCH.US,D,20231013,000000,22.14,22.14,21.51,21.73,23575,0
BKCH.US,D,20231016,000000,22.76,23.5,22.15,22.95,25472,0
BKCH.US,D,20231017,000000,22.47,23.74,22.38,23.43,20265,0
BKCH.US,D,20231018,000000,23.3,23.5,21.81,21.97,29986,0
BKCH.US,D,20231019,000000,22.2,22.3,21.71,21.9,20548,0
BKCH.US,D,20231020,000000,22.35,23.2,21.81,21.98,41763,0
BKCH.US,D,20231023,000000,22.46,23.98,22.02,23.4,53704,0
BKCH.US,D,20231024,000000,25.48,26.66,24.85,25.42,65159,0
BKCH.US,D,20231025,000000,25.53,26.1,24.6405,24.97,41598,0
BKCH.US,D,20231026,000000,24.47,24.67,23.23,23.8,83129,0
BKCH.US,D,20231027,000000,24.17,24.21,23.14,23.3,39254,0
BKCH.US,D,20231030,000000,23.87,24.55,22.99,23.53,37990,0
BKCH.US,D,20231031,000000,23.53,23.65,22.66,23.6,21118,0
BKCH.US,D,20231101,000000,24.08,24.13,23.416,24.09,18405,0
BKCH.US,D,20231102,000000,24.9,26.11,24.8,26.11,46991,0
BKCH.US,D,20231103,000000,25.89,26.839,25.81,26.33,39451,0
BKCH.US,D,20231106,000000,26.65,26.87,25.22,25.8,18162,0
BKCH.US,D,20231107,000000,25.58,26.11,24.8,26.09,31027,0
BKCH.US,D,20231108,000000,25.82,25.82,24.39,24.84,58527,0
BKCH.US,D,20231109,000000,26.31,27.5078,24.775,25.07,71789,0
BKCH.US,D,20231110,000000,25.36,25.57,24.11,25.01,47684,0
BKCH.US,D,20231113,000000,24.76,24.76,23.52,24.1,70567,0
BKCH.US,D,20231114,000000,24.45,24.8,23.66,24.41,41510,0
BKCH.US,D,20231115,000000,24.64,26.52,24.58,26.28,40751,0
BKCH.US,D,20231116,000000,25.65,25.65,24.455,25.13,44081,0
BKCH.US,D,20231117,000000,25.35,25.8,24.717,25.71,20053,0
BKCH.US,D,20231120,000000,26.11,27.38,26.11,27.11,69625,0
BKCH.US,D,20231121,000000,26.6,26.94,25.83,26.7,29150,0
BKCH.US,D,20231122,000000,26.85,27.6,26,27.6,39158,0
BKCH.US,D,20231124,000000,27.8,29.322,27.06,29.09,47634,0
BKCH.US,D,20231127,000000,28.21,29.61,27.82,29.04,62525,0
BKCH.US,D,20231128,000000,29.56,31.385,29.4201,31.34,69785,0
BKCH.US,D,20231129,000000,31.98,32.232,31.19,31.82,55925,0
BKCH.US,D,20231130,000000,31.67,31.67,30.83,30.93,57354,0
BKCH.US,D,20231201,000000,31.09,34.4999,31.09,34.2,81481,0
BKCH.US,D,20231204,000000,37.74,37.97,35.24,36.97,144599,0
BKCH.US,D,20231205,000000,36.82,39.29,36.635,37.52,143900,0
BKCH.US,D,20231206,000000,38.31,38.3787,36.93,37.1,64981,0
BKCH.US,D,20231207,000000,36.18,37.6611,35.442,37.04,81970,0
BKCH.US,D,20231208,000000,37.29,40.15,37.29,40.15,82166,0
BKCH.US,D,20231211,000000,38.32,38.32,35.002,35.75,114758,0
BKCH.US,D,20231212,000000,36.47,36.7799,35.5,36.19,52279,0
BKCH.US,D,20231213,000000,36,39.7,35.3,39.61,112798,0
BKCH.US,D,20231214,000000,40.21,41.6,39.6792,41.22,72533,0
BKCH.US,D,20231215,000000,40.66,41.0936,39.5,41.08,36512,0
BKCH.US,D,20231218,000000,40,43,39.51,42.75,64110,0
BKCH.US,D,20231219,000000,44.13,45.673,42.7672,43.84,190281,0
BKCH.US,D,20231220,000000,46.07,47.59,44.04,44.31,167341,0
BKCH.US,D,20231221,000000,46.18,47.81,44.84,47.66,91881,0
BKCH.US,D,20231222,000000,48.13,51.67,47,50.38,158245,0
BKCH.US,D,20231226,000000,50.34,50.67,48.63,50.46,141577,0
BKCH.US,D,20231227,000000,52.42,56.95,52.001,56.77,206847,0
BKCH.US,D,20231228,000000,53.36,54.77,51.79,52.61,234787,0
BKCH.US,D,20231229,000000,53.6,54.46,45.4118,46.24,278465,0
BKCH.US,D,20240102,000000,50.98,51.0489,44.43,44.81,202370,0
BKCH.US,D,20240103,000000,40.87,44.64,40.43,43.48,161348,0
BKCH.US,D,20240104,000000,44.4,46.5,43.04,45.61,124741,0
BKCH.US,D,20240105,000000,44.95,44.97,42.3411,43.43,123461,0
BKCH.US,D,20240108,000000,44.06,46.18,40.961,45.66,167971,0
BKCH.US,D,20240109,000000,45.27,46.24,44.2,44.67,131654,0
BKCH.US,D,20240110,000000,43.55,46.76,42.34,44.49,193559,0
BKCH.US,D,20240111,000000,47.81,49.05,39.51,40.68,435354,0
BKCH.US,D,20240112,000000,39.6,40.02,36.82,36.91,193195,0
BKCH.US,D,20240116,000000,36.01,36.49,34.05,35.17,146177,0
BKCH.US,D,20240117,000000,34.5,34.59,33.51,33.91,190584,0
BKCH.US,D,20240118,000000,34.18,34.81,31.84,32.01,86111,0
BKCH.US,D,20240119,000000,32.01,32.2933,30.05,31.96,104801,0
BKCH.US,D,20240122,000000,31.58,33.5106,31.19,32.51,66178,0
BKCH.US,D,20240123,000000,31.88,32.22,31.1,31.76,35455,0
BKCH.US,D,20240124,000000,32.91,33.4299,31.15,31.24,42962,0
BKCH.US,D,20240125,000000,31.54,32.16,31.1765,32.12,111862,0
BKCH.US,D,20240126,000000,33.62,34.91,33.16,34.55,106664,0
BKCH.US,D,20240129,000000,35.05,37.42,34.23,36.25,81392,0
BKCH.US,D,20240130,000000,36.67,36.79,34.9301,35.51,76505,0
BKCH.US,D,20240131,000000,34.36,36.1701,33.96,34.06,87901,0
BKCH.US,D,20240201,000000,34.07,35.1699,32.88,34.81,67559,0
BKCH.US,D,20240202,000000,34.22,35.077,33.66,34.31,67170,0
BKCH.US,D,20240205,000000,34.01,34.18,31.76,31.82,68744,0
BKCH.US,D,20240206,000000,32.02,33.52,31.68,33.27,75682,0
BKCH.US,D,20240207,000000,33.55,34.52,32.3,34.41,72287,0
BKCH.US,D,20240208,000000,35.68,38.47,35.14,38.34,114668,0
BKCH.US,D,20240209,000000,41.9,43.52,40.555,42.9,178210,0
BKCH.US,D,20240212,000000,43.22,47.87,43.22,47.23,153859,0
BKCH.US,D,20240213,000000,43.51,45.92,42.42,45.23,138206,0
BKCH.US,D,20240214,000000,50.11,51.5499,48.5,50.88,128867,0
BKCH.US,D,20240215,000000,52.68,53.43,48.76,49.83,141154,0
BKCH.US,D,20240216,000000,50.95,52.16,48.7,50.43,103720,0
BKCH.US,D,20240220,000000,50.44,51.05,45.17,47.6,189866,0
BKCH.US,D,20240221,000000,45.24,46.27,44.72,44.86,54237,0
BKCH.US,D,20240222,000000,45.67,47.83,44.81,46.99,115683,0
BKCH.US,D,20240223,000000,46.13,46.38,43.94,45.35,61416,0
BKCH.US,D,20240226,000000,45.93,53.7599,45.76,52.98,177443,0
BKCH.US,D,20240227,000000,57.12,57.67,51.93,53.73,168672,0
BKCH.US,D,20240228,000000,56.5,56.5,50.101,51.24,278199,0
BKCH.US,D,20240229,000000,51.925,52.2877,46,47.01,191964,0
BKCH.US,D,20240301,000000,47.53,48.6399,45.2,48.6,106596,0
BKCH.US,D,20240304,000000,50.68,51.26,46.66,47.44,176428,0
BKCH.US,D,20240305,000000,46.46,48.36,43.51,44.12,143473,0
BKCH.US,D,20240306,000000,45.83,47.5597,44.01,46.25,84244,0
BKCH.US,D,20240307,000000,45.98,46.775,44.66,46.49,63718,0
BKCH.US,D,20240308,000000,47.14,51.76,47.14,49.64,118707,0
BKCH.US,D,20240311,000000,51.55,51.96,45.71,45.78,224035,0
BKCH.US,D,20240312,000000,45.8,46.21,43.58,44.96,124482,0
BKCH.US,D,20240313,000000,44.96,47.2406,44.77,45.32,86090,0
BKCH.US,D,20240314,000000,44.59,44.59,41.63,42.44,88693,0
BKCH.US,D,20240315,000000,41.63,45.13,41.24,44.71,115130,0
BKCH.US,D,20240318,000000,44.34,45.7138,42.66,44.53,88166,0
BKCH.US,D,20240319,000000,42.66,43.5919,40.81,43.36,56026,0
BKCH.US,D,20240320,000000,43.58,49.61,42.92,49.61,113291,0
BKCH.US,D,20240321,000000,49.71,51.44,49.14,50.13,110961,0
BKCH.US,D,20240322,000000,48.32,48.68,47.1,47.84,83067,0
BKCH.US,D,20240325,000000,48.7,52.6,48.7,51.59,149823,0
BKCH.US,D,20240326,000000,51.91,52.2,50.05,50.68,66034,0
BKCH.US,D,20240327,000000,52,52.37,49.4,50.63,90413,0
BKCH.US,D,20240328,000000,51.39,54.25,50.7729,50.98,77184,0
BKCH.US,D,20240401,000000,50.03,50.92,48.15,48.4,49863,0
BKCH.US,D,20240402,000000,46.2,46.2,44.7,45.4,48635,0
BKCH.US,D,20240403,000000,45.23,46.0699,44.84,44.9,53147,0
BKCH.US,D,20240404,000000,46.5,47.1199,44.06,44.33,40075,0
BKCH.US,D,20240405,000000,43.71,45.07,43.42,43.75,42422,0
BKCH.US,D,20240408,000000,46.04,46.04,43.37,44.21,33282,0
BKCH.US,D,20240409,000000,43.6,44.09,42.34,42.82,23640,0
BKCH.US,D,20240410,000000,41.67,43.2934,41.31,42.52,19392,0
BKCH.US,D,20240411,000000,42.77,43.74,41.895,43.74,35187,0
BKCH.US,D,20240412,000000,43.08,43.08,40.56,40.88,52619,0
BKCH.US,D,20240415,000000,40.99,41.57,38.46,38.46,52333,0
BKCH.US,D,20240416,000000,38.2,38.3519,36.78,37.91,54738,0
BKCH.US,D,20240417,000000,38.24,38.895,37.23,37.96,30585,0
BKCH.US,D,20240418,000000,38.27,40.6943,37.75,39.27,36818,0
BKCH.US,D,20240419,000000,40.2,41.2,39.37,40.44,43477,0
BKCH.US,D,20240422,000000,41.94,44.19,40.87,44.19,71394,0
BKCH.US,D,20240423,000000,43.67,46.91,43.67,46.49,50343,0
BKCH.US,D,20240424,000000,46.19,47.3008,44.6501,45.13,58029,0
BKCH.US,D,20240425,000000,42.85,45.0299,41.85,44.77,37600,0
BKCH.US,D,20240426,000000,44.64,45.61,44.21,45.5,25957,0
BKCH.US,D,20240429,000000,44.18,44.4401,42.54,42.83,24173,0
BKCH.US,D,20240430,000000,41.63,42.08,39.725,39.83,49366,0
BKCH.US,D,20240501,000000,38.72,41.4399,38.225,39.29,76875,0
BKCH.US,D,20240502,000000,40.52,41.39,39.195,41.19,36697,0
BKCH.US,D,20240503,000000,42.57,43.15,41.01,41.46,43137,0
BKCH.US,D,20240506,000000,42.66,45,42.4,43.44,46656,0
BKCH.US,D,20240507,000000,44.02,44.02,41.75,42.06,24694,0
BKCH.US,D,20240508,000000,41.22,42.07,40.58,41.74,31733,0
BKCH.US,D,20240509,000000,42,43.09,41.5634,42.19,13789,0
BKCH.US,D,20240510,000000,42.97,43.3099,39.59,39.59,41716,0
BKCH.US,D,20240513,000000,40.12,41.27,39.5201,39.68,25437,0
BKCH.US,D,20240514,000000,39.29,40.525,39.199,40.27,37035,0
BKCH.US,D,20240515,000000,41.83,43.34,40.7231,43.34,31995,0
BKCH.US,D,20240516,000000,43.16,43.83,42.4,42.4,41899,0
BKCH.US,D,20240517,000000,43.12,44.62,42.44,42.75,113209,0
BKCH.US,D,20240520,000000,43.07,46.8184,42.38,46.78,52668,0
BKCH.US,D,20240521,000000,47,47.43,45.795,46.48,51794,0
BKCH.US,D,20240522,000000,46.25,49.217,46,46.69,76439,0
BKCH.US,D,20240523,000000,47.35,47.35,43.77,43.9,53824,0
BKCH.US,D,20240524,000000,44.45,46.9599,44.1463,46.22,34424,0
BKCH.US,D,20240528,000000,46.49,47.6974,45.4,46.26,31938,0
BKCH.US,D,20240529,000000,45.58,46.63,45.3076,45.84,21697,0
BKCH.US,D,20240530,000000,46.16,47.16,45.2,45.66,20536,0
BKCH.US,D,20240531,000000,46.09,46.99,43.74,44.59,31506,0
BKCH.US,D,20240603,000000,46.01,47.03,44.59,44.81,26806,0
BKCH.US,D,20240604,000000,45.13,48.14,45.11,47.19,38494,0
BKCH.US,D,20240605,000000,47.82,48.76,46.53,48.61,37100,0
BKCH.US,D,20240606,000000,48.64,50.88,48.55,50.42,57411,0
BKCH.US,D,20240607,000000,50.44,52,48,48.22,75862,0
BKCH.US,D,20240610,000000,47.57,49.26,47.41,48.77,24307,0
BKCH.US,D,20240611,000000,47.28,49.21,45.42,49.14,58160,0
BKCH.US,D,20240612,000000,51.49,52.9999,50.84,51.72,62457,0
BKCH.US,D,20240613,000000,51.8,54,51,52.54,56382,0
BKCH.US,D,20240614,000000,52.64,53.14,50.86,51.53,48179,0
BKCH.US,D,20240617,000000,51.18,55.21,50.78,54.72,60685,0
BKCH.US,D,20240618,000000,53.44,54.55,52.8882,54.1,31289,0
BKCH.US,D,20240620,000000,54.95,56.46,53.3,54.53,76147,0
BKCH.US,D,20240621,000000,52.76,52.76,50.65,51.315,40910,0
BKCH.US,D,20240624,000000,49.24,50.9,48.44,49.8,53889,0
BKCH.US,D,20240625,000000,50.87,53.5,50.45,52.68,34080,0
BKCH.US,D,20240626,000000,52,54.2231,51.5101,51.75,28064,0
BKCH.US,D,20240627,000000,52.64,53.61,51.46,52.095,57462,0
BKCH.US,D,20240628,000000,52.15,52.15,50.69,50.97,14816,0
BKCH.US,D,20240701,000000,52.17,55.3671,52,55.01,37692,0
BKCH.US,D,20240702,000000,54.96,55.47,54,54.75,19646,0
BKCH.US,D,20240703,000000,53.63,55,53.34,54.42,19858,0
BKCH.US,D,20240705,000000,50.98,54.8736,50.3626,54.62,57005,0
BKCH.US,D,20240708,000000,55.78,56.5,54.105,54.59,36646,0
BKCH.US,D,20240709,000000,55.4,55.4,51.55,51.66,33876,0
BKCH.US,D,20240710,000000,52.71,52.83,51.35,51.72,25400,0
BKCH.US,D,20240711,000000,53.28,53.93,50.6046,51,32305,0
BKCH.US,D,20240712,000000,51.31,54.55,51,54.13,16322,0
BKCH.US,D,20240715,000000,56.89,60.8399,56.41,60.77,91739,0
BKCH.US,D,20240716,000000,60.72,63.8,59.72,63.49,50335,0
BKCH.US,D,20240717,000000,61.9,65.5,59.54,60.91,118841,0
BKCH.US,D,20240718,000000,62.05,62.0773,56.01,56.26,64619,0
BKCH.US,D,20240719,000000,56.61,60.13,55.47,59.13,48212,0
BKCH.US,D,20240722,000000,60.43,61.18,57.77,60.27,35761,0
BKCH.US,D,20240723,000000,59.28,60.03,57.4268,57.63,77406,0
BKCH.US,D,20240724,000000,58.09,58.51,54.0823,54.46,36479,0
BKCH.US,D,20240725,000000,53.09,53.81,51.02,51.35,72188,0
BKCH.US,D,20240726,000000,54.23,55.355,53.055,53.36,43613,0
BKCH.US,D,20240729,000000,55.22,55.56,51.48,51.64,51508,0
BKCH.US,D,20240730,000000,51.63,51.92,49.4501,49.75,103390,0
BKCH.US,D,20240731,000000,51.72,53.39,51.34,51.34,26398,0
BKCH.US,D,20240801,000000,51.14,51.515,47.49,48.16,59540,0
BKCH.US,D,20240802,000000,47.09,47.7,44.07,44.3,81439,0
BKCH.US,D,20240805,000000,37.01,41.85,36.0001,41.19,114398,0
BKCH.US,D,20240806,000000,42.98,43.381,40.86,42.45,166937,0
BKCH.US,D,20240807,000000,43.76,43.76,39.3,39.57,43490,0
BKCH.US,D,20240808,000000,41.2,43.925,40.38,43.72,38694,0
BKCH.US,D,20240809,000000,43.59,44.1113,42.29,42.96,34894,0
BKCH.US,D,20240812,000000,42.37,42.69,41.0604,41.93,35397,0
BKCH.US,D,20240813,000000,42.18,42.88,41.3,41.91,37954,0
BKCH.US,D,20240814,000000,42.53,42.725,41.1329,41.38,18450,0
BKCH.US,D,20240815,000000,42,43.84,42,42.69,33878,0
BKCH.US,D,20240816,000000,42.73,44.39,42.73,44.31,32001,0
BKCH.US,D,20240819,000000,44.54,45.38,44,45.38,20300,0
BKCH.US,D,20240820,000000,46.57,47.03,44.73,45.73,55933,0
BKCH.US,D,20240821,000000,45.7,47.55,45.6,47.55,34687,0
BKCH.US,D,20240822,000000,47.56,47.56,45.61,45.89,56970,0
BKCH.US,D,20240823,000000,46.5,48.95,46.01,48.95,45161,0
BKCH.US,D,20240826,000000,48.82,48.82,47.35,47.93,27673,0
BKCH.US,D,20240827,000000,47.1,47.22,45.2713,46.24,39719,0
BKCH.US,D,20240828,000000,45.54,45.54,43.5,43.95,23720,0
BKCH.US,D,20240829,000000,44.91,46.37,43.82,44.32,33521,0
BKCH.US,D,20240830,000000,44.81,44.81,42.9501,43.45,17787,0
BKCH.US,D,20240903,000000,42.78,42.78,39,39.18,198238,0
BKCH.US,D,20240904,000000,38.86,40.28,38.59,39.25,71262,0
BKCH.US,D,20240905,000000,40.14,41.01,39.57,39.87,47651,0
BKCH.US,D,20240906,000000,39.8,40.57,37.02,37.8,231607,0
BKCH.US,D,20240909,000000,38.71,41,38.71,41,19860,0
BKCH.US,D,20240910,000000,41.07,42.49,40.11,42.49,49901,0
BKCH.US,D,20240911,000000,41.51,42.5,40.05,42.33,39820,0
BKCH.US,D,20240912,000000,42.21,43.29,41.63,42.77,34220,0
BKCH.US,D,20240913,000000,42.88,44.0733,42.6,43.29,36724,0
BKCH.US,D,20240916,000000,42.45,42.5606,41.02,42.03,25009,0
BKCH.US,D,20240917,000000,42.95,44.23,42.83,43.25,20968,0
BKCH.US,D,20240918,000000,43,45.1376,42.48,42.7,40055,0
BKCH.US,D,20240919,000000,45.12,45.23,43.6862,43.96,33003,0
BKCH.US,D,20240920,000000,43.59,43.821,42.902,43.64,100451,0
BKCH.US,D,20240923,000000,44.3,45.1418,44.128,44.8,17953,0
BKCH.US,D,20240924,000000,45.2,47,44.25,47,38413,0
BKCH.US,D,20240925,000000,47,48.5,46.56,46.78,22255,0
BKCH.US,D,20240926,000000,48.42,50.17,47.37,49.37,37856,0
BKCH.US,D,20240927,000000,50.12,50.15,48.94,49.36,27496,0
BKCH.US,D,20240930,000000,47.77,48.02,46.76,47,34105,0
BKCH.US,D,20241001,000000,47.18,47.31,43.8301,44.5,39169,0
BKCH.US,D,20241002,000000,44.12,45.87,44,45.09,80678,0
BKCH.US,D,20241003,000000,44.79,45.585,44.4,45.21,16808,0
BKCH.US,D,20241004,000000,46.37,46.98,45.21,46.68,20981,0
BKCH.US,D,20241007,000000,46.63,47.52,44.57,45.55,33577,0
BKCH.US,D,20241008,000000,44.94,45.48,44.7,45.05,15566,0
BKCH.US,D,20241009,000000,45.21,45.21,43.83,43.85,72642,0
BKCH.US,D,20241010,000000,44.08,44.14,42.73,43.47,31313,0
BKCH.US,D,20241011,000000,43.76,45.98,43.76,45.98,27924,0
BKCH.US,D,20241014,000000,47.14,48.7849,46.6,48.36,46035,0
BKCH.US,D,20241015,000000,48.36,50,47.307,48.61,33451,0
BKCH.US,D,20241016,000000,49.26,51.82,48.9,51.82,41184,0
BKCH.US,D,20241017,000000,51.67,51.67,50.196,50.51,30362,0
BKCH.US,D,20241018,000000,51.65,53.64,51.3,53.36,63185,0
BKCH.US,D,20241021,000000,53.02,55,51.24,55,53761,0
BKCH.US,D,20241022,000000,54.28,55.44,54.0052,55.07,35763,0
BKCH.US,D,20241023,000000,54,54.3513,51.26,52.9,30316,0
BKCH.US,D,20241024,000000,54.71,54.71,52.41,53.8,37813,0
BKCH.US,D,20241025,000000,53.8,54.3737,52.13,52.52,40855,0
BKCH.US,D,20241028,000000,54.2,57.32,52.38,56.88,88090,0
BKCH.US,D,20241029,000000,58.26,58.99,56.76,56.99,60327,0
BKCH.US,D,20241030,000000,55.63,57.4483,54.86,56.15,29183,0
BKCH.US,D,20241031,000000,55.01,55.01,51,51,58600,0
BKCH.US,D,20241101,000000,51.63,53.56,50.04,50.16,53099,0
BKCH.US,D,20241104,000000,49.54,49.69,48.1701,48.45,42793,0
