<TICKER>,<PER>,<DATE>,<TIME>,<OPEN>,<HIGH>,<LOW>,<CLOSE>,<VOL>,<OPENINT>
BSCT.US,D,20190917,000000,19.3812,19.393,19.3484,19.3653,6998.6868854694,0
BSCT.US,D,20190918,000000,19.4416,19.4535,19.3911,19.3911,2355.7737511804,0
BSCT.US,D,20190919,000000,19.4714,19.4714,19.408,19.408,3399.4198774532,0
BSCT.US,D,20190920,000000,19.4901,19.5248,19.4901,19.5248,909.40537695529,0
BSCT.US,D,20190923,000000,19.5784,19.5784,19.5437,19.5437,8032.2397223199,0
BSCT.US,D,20190924,000000,19.6477,19.6477,19.6229,19.6229,982.07706079633,0
BSCT.US,D,20190925,000000,19.515,19.5199,19.4941,19.4941,457.22601083324,0
BSCT.US,D,20190926,000000,19.5655,19.5784,19.5338,19.5338,2201.3464230182,0
BSCT.US,D,20190927,000000,19.5685,19.5685,19.5437,19.5437,1179.9055334747,0
BSCT.US,D,20190930,000000,19.6031,19.6081,19.6031,19.6031,2181.1598441735,0
BSCT.US,D,20191001,000000,19.6378,19.6378,19.6229,19.6229,310.87331420891,0
BSCT.US,D,20191002,000000,19.6576,19.6665,19.6428,19.6428,3197.554089006,0
BSCT.US,D,20191003,000000,19.7636,19.7646,19.7398,19.7398,517.78574736744,0
BSCT.US,D,20191004,000000,19.8012,19.8012,19.7874,19.7874,787.27657494465,0
BSCT.US,D,20191007,000000,19.7349,19.7349,19.7012,19.7012,698.45562802782,0
BSCT.US,D,20191008,000000,19.7448,19.7448,19.7201,19.7201,296.7427090176,0
BSCT.US,D,20191009,000000,19.7349,19.7349,19.6745,19.6922,839.76167994095,0
BSCT.US,D,20191010,000000,19.6081,19.6081,19.5981,19.5981,100.93289422367,0
BSCT.US,D,20191011,000000,19.5387,19.5387,19.508,19.508,1417.0978349004,0
BSCT.US,D,20191014,000000,19.5585,19.5685,19.5585,19.5635,6867.4741229787,0
BSCT.US,D,20191015,000000,19.5387,19.5387,19.5248,19.5248,10068.056198811,0
BSCT.US,D,20191016,000000,19.5387,19.5784,19.5387,19.5585,2687.8429731764,0
BSCT.US,D,20191017,000000,19.5734,19.5734,19.5734,19.5734,13.121276249077,0
BSCT.US,D,20191018,000000,19.6279,19.6279,19.6131,19.6131,5177.8574736744,0
BSCT.US,D,20191021,000000,19.5784,19.5784,19.5685,19.5784,13253.49834051,0
BSCT.US,D,20191022,000000,19.6081,19.618,19.5784,19.5843,4721.6407917834,0
BSCT.US,D,20191023,000000,19.5892,19.5932,19.5892,19.5932,1729.9898069937,0
BSCT.US,D,20191024,000000,19.6665,19.6665,19.6229,19.6229,2540.4809476098,0
BSCT.US,D,20191025,000000,19.6279,19.6279,19.6031,19.6031,4152.3792683619,0
BSCT.US,D,20191028,000000,19.5872,19.5882,19.5585,19.5585,1969.2007663038,0
BSCT.US,D,20191029,000000,19.5784,19.5784,19.5535,19.5535,2157.9452785021,0
BSCT.US,D,20191030,000000,19.5585,19.6279,19.5585,19.6081,1795.5961882392,0
BSCT.US,D,20191031,000000,19.6864,19.7546,19.6665,19.721,3444.8396798539,0
BSCT.US,D,20191101,000000,19.7448,19.7448,19.6962,19.7062,6528.3395983872,0
BSCT.US,D,20191104,000000,19.6526,19.6526,19.618,19.6477,1959.1074768815,0
BSCT.US,D,20191105,000000,19.5387,19.5387,19.51,19.5248,3533.6606267707,0
BSCT.US,D,20191106,000000,19.5981,19.5981,19.5834,19.5834,278.57478805734,0
BSCT.US,D,20191107,000000,19.509,19.51,19.4416,19.4664,2013.6112397622,0
BSCT.US,D,20191108,000000,19.4813,19.4882,19.4367,19.4515,1764.3069910298,0
BSCT.US,D,20191111,000000,19.4515,19.4664,19.4515,19.4664,100.93289422367,0
BSCT.US,D,20191112,000000,19.4614,19.4901,19.4466,19.4664,5635.0834845076,0
BSCT.US,D,20191113,000000,19.5487,19.5487,19.505,19.505,2052.9750685094,0
BSCT.US,D,20191114,000000,19.6081,19.6279,19.5685,19.5834,8675.1822585246,0
BSCT.US,D,20191115,000000,19.5882,19.6081,19.5497,19.5734,3951.5228088567,0
BSCT.US,D,20191118,000000,19.6398,19.6477,19.6131,19.6131,3495.3061269657,0
BSCT.US,D,20191119,000000,19.6279,19.6665,19.6279,19.6576,11331.736034492,0
BSCT.US,D,20191120,000000,19.6864,19.7062,19.6715,19.6815,1525.0960317196,0
BSCT.US,D,20191121,000000,19.6556,19.6556,19.6329,19.6329,196.81914373616,0
BSCT.US,D,20191122,000000,19.6378,19.6864,19.6378,19.6715,4260.3774651813,0
BSCT.US,D,20191125,000000,19.7091,19.7091,19.7012,19.7012,1645.2061758459,0
BSCT.US,D,20191126,000000,19.7546,19.7646,19.7438,19.7438,809.48181167386,0
BSCT.US,D,20191127,000000,19.7448,19.7546,19.721,19.721,4211.9296759538,0
BSCT.US,D,20191129,000000,19.726,19.7349,19.7062,19.7062,1504.9094528749,0
BSCT.US,D,20191202,000000,19.6576,19.6576,19.6378,19.6378,8181.6204057708,0
BSCT.US,D,20191203,000000,19.7864,19.7864,19.7696,19.7696,2791.8038542268,0
BSCT.US,D,20191204,000000,19.7349,19.7349,19.731,19.731,252.33223555919,0
BSCT.US,D,20191205,000000,19.6962,19.721,19.6962,19.721,204.89377527405,0
BSCT.US,D,20191206,000000,19.6715,19.7121,19.6715,19.7012,4883.1334225413,0
BSCT.US,D,20191209,000000,19.731,19.731,19.6864,19.7111,2147.8519890798,0
BSCT.US,D,20191210,000000,19.7161,19.7161,19.6815,19.6815,371.43305074312,0
BSCT.US,D,20191211,000000,19.7191,19.7696,19.7191,19.7696,1521.0587159507,0
BSCT.US,D,20191212,000000,19.6864,19.6864,19.6378,19.6576,7772.8421841649,0
BSCT.US,D,20191213,000000,19.7825,19.7923,19.7596,19.7696,6911.884596437,0
BSCT.US,D,20191216,000000,19.7646,19.7646,19.726,19.731,4505.6443981447,0
BSCT.US,D,20191217,000000,19.7161,19.73,19.7161,19.726,1952.0421742858,0
BSCT.US,D,20191218,000000,19.6765,19.726,19.6765,19.6962,6394.0988490696,0
BSCT.US,D,20191219,000000,19.726,19.7349,19.6962,19.7161,11679.954519563,0
BSCT.US,D,20191220,000000,19.7161,19.7349,19.6785,19.726,11377.155836893,0
BSCT.US,D,20191223,000000,19.6428,19.6428,19.6428,19.6428,29452.218534468,0
BSCT.US,D,20191224,000000,19.6378,19.6765,19.6378,19.6675,4100.9034923078,0
BSCT.US,D,20191226,000000,19.7062,19.7161,19.6715,19.7012,17488.642582136,0
BSCT.US,D,20191227,000000,19.7448,19.7646,19.7131,19.731,32868.79700394,0
BSCT.US,D,20191230,000000,19.6765,19.7498,19.6576,19.7498,19651.634505349,0
BSCT.US,D,20191231,000000,19.7111,19.7498,19.6576,19.7498,19651.634505349,0
BSCT.US,D,20200102,000000,19.8022,19.8022,19.727,19.731,5662.335365948,0
BSCT.US,D,20200103,000000,19.7923,19.8508,19.7716,19.8122,18743.238457336,0
BSCT.US,D,20200106,000000,19.8508,19.8508,19.7835,19.8222,17856.03831711,0
BSCT.US,D,20200107,000000,19.7923,19.7923,19.7696,19.7696,7534.6405537971,0
BSCT.US,D,20200108,000000,19.7746,19.7746,19.7141,19.721,122953.42375644,0
BSCT.US,D,20200109,000000,19.7448,19.7786,19.726,19.7786,11164.187430081,0
BSCT.US,D,20200110,000000,19.8409,19.8508,19.8082,19.8309,6995.6588986428,0
BSCT.US,D,20200113,000000,19.8309,19.8309,19.7923,19.7973,8598.4732589146,0
BSCT.US,D,20200114,000000,19.8122,19.8309,19.7746,19.8122,23590.036037957,0
BSCT.US,D,20200115,000000,19.8607,20.2134,19.8222,19.8707,119470.2295768,0
BSCT.US,D,20200116,000000,19.8757,19.93,19.8172,19.8458,16155.319049441,0
BSCT.US,D,20200117,000000,19.8478,19.8508,19.8172,19.8222,1827.8947143907,0
BSCT.US,D,20200121,000000,19.8309,19.8805,19.8309,19.8508,27076.258204442,0
BSCT.US,D,20200122,000000,19.8875,19.8875,19.8409,19.8657,5783.4548390164,0
BSCT.US,D,20200123,000000,19.9103,19.9203,19.8905,19.8953,45724.619741207,0
BSCT.US,D,20200124,000000,19.9163,19.9499,19.9103,19.9103,8735.7419950588,0
BSCT.US,D,20200127,000000,19.9855,20.0084,19.9796,19.9796,3200.5820758327,0
BSCT.US,D,20200128,000000,19.9796,19.9895,19.9618,19.9895,6945.1924515308,0
BSCT.US,D,20200129,000000,20.0271,20.0668,19.9895,20.028,56275.135174409,0
BSCT.US,D,20200130,000000,20.0183,20.0856,20.0183,20.0668,11949.44534714,0
BSCT.US,D,20200131,000000,20.0698,20.1055,20.047,20.1055,7660.8066715767,0
BSCT.US,D,20200203,000000,20.0856,20.1351,20.037,20.1351,26518.099299386,0
BSCT.US,D,20200204,000000,20.047,20.0668,20.034,20.0619,17129.321478699,0
BSCT.US,D,20200205,000000,20.047,20.047,20.0173,20.037,24170.400179743,0
BSCT.US,D,20200206,000000,20.037,20.0668,20.0134,20.0134,14278.976545824,0
BSCT.US,D,20200207,000000,20.1154,20.1154,20.058,20.0756,9052.6712829211,0
BSCT.US,D,20200210,000000,20.1451,20.1639,20.0955,20.1351,8819.5162972644,0
BSCT.US,D,20200211,000000,20.1154,20.1252,20.1114,20.1154,2848.3262749921,0
BSCT.US,D,20200212,000000,20.0955,20.0955,20.047,20.0619,10648.420340597,0
BSCT.US,D,20200213,000000,20.0955,20.0955,20.0756,20.0955,12596.425199115,0
BSCT.US,D,20200214,000000,20.1351,20.1351,20.0906,20.0906,5295.9489599161,0
BSCT.US,D,20200218,000000,20.1551,20.1837,20.1371,20.1501,6992.630911816,0
BSCT.US,D,20200219,000000,20.1551,20.1737,20.1252,20.1301,9148.5575324336,0
BSCT.US,D,20200220,000000,20.1727,20.2036,20.1511,20.1887,21225.178326296,0
BSCT.US,D,20200221,000000,20.2382,20.2728,20.2173,20.2482,11234.840456038,0
BSCT.US,D,20200224,000000,20.2728,20.3214,20.2728,20.2778,13146.509472634,0
BSCT.US,D,20200225,000000,20.3284,20.3284,20.2878,20.2878,6797.8304259643,0
BSCT.US,D,20200226,000000,20.2828,20.3125,20.262,20.2778,6036.7964035178,0
BSCT.US,D,20200227,000000,20.2531,20.2531,20.1737,20.1737,7811.1966839699,0
BSCT.US,D,20200228,000000,20.2412,20.3789,20.2412,20.3789,5372.6579595261,0
BSCT.US,D,20200302,000000,20.477,20.4868,20.3403,20.3541,20128.037766085,0
BSCT.US,D,20200303,000000,20.3591,20.6543,20.3591,20.5702,38797.595210639,0
BSCT.US,D,20200304,000000,20.6245,20.689,20.6197,20.6197,2040.8631212027,0
BSCT.US,D,20200305,000000,20.68,20.7326,20.6454,20.6533,15350.883882477,0
BSCT.US,D,20200306,000000,20.5999,20.7524,20.5949,20.6444,33967.956222034,0
BSCT.US,D,20200309,000000,20.3025,20.4482,20.3025,20.3373,20420.743159333,0
BSCT.US,D,20200310,000000,20.263,20.263,19.9707,19.9707,13180.826656669,0
BSCT.US,D,20200311,000000,19.8399,19.8647,19.3911,19.3911,4588.4093714081,0
BSCT.US,D,20200312,000000,19.0879,19.0879,18.5985,18.5985,9723.8750295085,0
BSCT.US,D,20200313,000000,18.9115,19.2959,18.862,19.1563,16596.395797199,0
BSCT.US,D,20200316,000000,18.6085,19.1028,18.6085,19.074,6461.7238881995,0
BSCT.US,D,20200317,000000,18.7927,18.867,18.3597,18.4925,5176.8481447321,0
BSCT.US,D,20200318,000000,18.1388,18.1388,17.4929,17.5414,10869.463378947,0
BSCT.US,D,20200319,000000,17.6206,17.6206,16.9349,16.9697,12464.203107681,0
BSCT.US,D,20200320,000000,17.1727,17.1727,16.8438,16.8438,457.22601083324,0
BSCT.US,D,20200323,000000,17.6206,17.7643,17.364,17.7643,1034.5621657926,0
BSCT.US,D,20200324,000000,18.0348,18.0348,17.6791,17.7999,5194.0067367501,0
BSCT.US,D,20200325,000000,18.0992,18.4309,18.0497,18.4309,4657.0437394802,0
BSCT.US,D,20200326,000000,18.333,18.4319,18.2646,18.4319,3581.0990870558,0
BSCT.US,D,20200327,000000,18.2359,18.3993,18.226,18.3993,5946.9661276588,0
BSCT.US,D,20200330,000000,18.4815,18.7442,18.4815,18.6421,9362.5352681878,0
BSCT.US,D,20200331,000000,18.7541,18.8124,18.6907,18.7153,10347.640315811,0
BSCT.US,D,20200401,000000,18.5776,18.5886,18.5193,18.5193,5090.0458556998,0
BSCT.US,D,20200402,000000,18.5688,18.6757,18.5688,18.6065,3414.5598115867,0
BSCT.US,D,20200403,000000,18.5876,18.5886,17.3046,18.5183,20787.129565366,0
BSCT.US,D,20200406,000000,18.7055,18.7738,18.6757,18.7738,2649.4884733714,0
BSCT.US,D,20200407,000000,18.7918,18.8105,18.7918,18.8075,4340.1144516179,0
BSCT.US,D,20200408,000000,18.8769,19.0879,18.8769,19.0662,3980.7933481816,0
BSCT.US,D,20200409,000000,19.5278,19.8697,19.5179,19.7488,15368.042474496,0
BSCT.US,D,20200413,000000,19.6121,21.6807,19.5824,19.7448,21434.109417339,0
BSCT.US,D,20200414,000000,19.8112,19.83,18.4717,19.7151,158475.74654953,0
BSCT.US,D,20200415,000000,19.5575,19.8697,19.5575,19.8349,13113.20161754,0
BSCT.US,D,20200416,000000,19.8697,19.8697,19.8478,19.8498,7093.5638060396,0
BSCT.US,D,20200417,000000,20.047,20.047,19.8399,19.9093,6289.128639077,0
BSCT.US,D,20200420,000000,19.9688,19.9688,19.7161,19.8212,19890.845464659,0
BSCT.US,D,20200421,000000,19.7488,19.8012,19.7151,19.7963,18523.204747929,0
BSCT.US,D,20200422,000000,19.8012,19.8212,19.7438,19.8212,5764.2775891139,0
BSCT.US,D,20200423,000000,19.8697,19.9093,19.8309,19.8895,3152.1342866052,0
BSCT.US,D,20200424,000000,19.8993,19.8993,19.8498,19.8805,15303.445422193,0
BSCT.US,D,20200427,000000,19.8042,19.8212,19.7825,19.7854,7713.2917765731,0
BSCT.US,D,20200428,000000,19.8212,19.8697,19.8112,19.83,24525.683967411,0
BSCT.US,D,20200429,000000,19.9013,19.9688,19.8448,19.9688,11080.413127874,0
BSCT.US,D,20200430,000000,19.9588,19.9688,19.8895,19.929,8800.3390473619,0
BSCT.US,D,20200501,000000,19.83,19.83,19.8212,19.8212,866.0042324391,0
BSCT.US,D,20200504,000000,19.8677,19.8905,19.8677,19.8905,8423.8593519077,0
BSCT.US,D,20200505,000000,19.8795,19.9093,19.8795,19.8993,10047.869619967,0
BSCT.US,D,20200506,000000,19.7537,19.7537,19.7201,19.7201,1207.1574149151,0
BSCT.US,D,20200507,000000,19.7913,19.8112,19.7913,19.7913,5118.3070660824,0
BSCT.US,D,20200508,000000,19.7736,19.7736,19.6834,19.725,3941.4295194344,0
BSCT.US,D,20200511,000000,19.6755,19.7052,19.6259,19.6755,5277.7810389558,0
BSCT.US,D,20200512,000000,19.6556,19.8012,19.6556,19.7488,4357.2730436359,0
BSCT.US,D,20200513,000000,19.7636,19.8212,19.7636,19.7786,1696.6819518999,0
BSCT.US,D,20200514,000000,19.7339,19.8498,19.7339,19.8399,5354.4900385658,0
BSCT.US,D,20200515,000000,19.8012,19.8012,19.7537,19.7537,2457.7159743464,0
BSCT.US,D,20200518,000000,19.9489,19.9588,19.8212,19.8895,8274.4786684566,0
BSCT.US,D,20200519,000000,19.8399,20.028,19.8399,20.028,4804.4057650467,0
BSCT.US,D,20200520,000000,20.0124,20.1451,20.0124,20.1154,6840.2222415383,0
BSCT.US,D,20200521,000000,20.1649,20.2144,20.1252,20.2045,2638.3858550068,0
BSCT.US,D,20200522,000000,20.2144,20.2243,20.159,20.2243,3676.9853365683,0
BSCT.US,D,20200526,000000,20.2541,20.2738,20.2342,20.2738,4989.1129614761,0
BSCT.US,D,20200527,000000,20.2541,20.2938,20.2075,20.2938,4192.7524260514,0
BSCT.US,D,20200528,000000,20.2541,20.2738,20.2144,20.2738,7629.5174743673,0
BSCT.US,D,20200529,000000,20.3085,20.3689,20.2878,20.3511,1760.2696752609,0
BSCT.US,D,20200601,000000,20.3134,20.4295,20.2898,20.3699,11187.401995751,0
BSCT.US,D,20200602,000000,20.4482,20.473,20.4335,20.473,1206.1480859729,0
BSCT.US,D,20200603,000000,20.5276,20.5612,20.5176,20.5324,14271.911243227,0
BSCT.US,D,20200604,000000,20.5463,20.5562,20.5176,20.5373,5226.3052629017,0
BSCT.US,D,20200605,000000,20.4978,20.5463,20.4026,20.5463,3573.024455518,0
BSCT.US,D,20200608,000000,20.6157,20.6255,20.5741,20.6157,3669.9200339728,0
BSCT.US,D,20200609,000000,20.6553,20.6553,20.5503,20.6553,7230.8325421838,0
BSCT.US,D,20200610,000000,20.6553,20.7296,20.5711,20.7296,2855.3915775878,0
BSCT.US,D,20200611,000000,20.6157,20.6157,20.5096,20.5176,5827.8653124749,0
BSCT.US,D,20200612,000000,20.6057,20.6057,20.5276,20.5879,1206.1480859729,0
BSCT.US,D,20200615,000000,20.6345,20.7931,20.6057,20.7931,9932.8061205516,0
BSCT.US,D,20200616,000000,20.8515,20.8812,20.8117,20.8812,3694.1439285864,0
BSCT.US,D,20200617,000000,20.8327,20.9099,20.8137,20.9,11388.258455258,0
BSCT.US,D,20200618,000000,20.8307,20.8515,20.7742,20.8227,4408.74881969,0
BSCT.US,D,20200619,000000,20.8613,20.8613,20.7931,20.8079,2881.6341300858,0
BSCT.US,D,20200622,000000,20.7931,20.803,20.7346,20.7445,6605.0485979971,0
BSCT.US,D,20200623,000000,20.7286,20.7643,20.7,20.7494,10072.09351458,0
BSCT.US,D,20200624,000000,20.675,20.7147,20.6345,20.68,18416.215880051,0
BSCT.US,D,20200625,000000,20.69,20.7049,20.6533,20.6673,19736.418136497,0
BSCT.US,D,20200626,000000,20.685,20.695,20.6553,20.6553,3104.6958263201,0
BSCT.US,D,20200629,000000,20.7049,20.7742,20.695,20.7594,7298.4575813137,0
BSCT.US,D,20200630,000000,20.7742,20.803,20.7633,20.803,3092.5838790133,0
BSCT.US,D,20200701,000000,20.7931,20.8427,20.7742,20.8377,4911.3946329239,0
BSCT.US,D,20200702,000000,20.8902,20.9,20.8653,20.8693,3664.8733892615,0
BSCT.US,D,20200706,000000,20.8802,20.9248,20.8743,20.9248,1968.1914373616,0
BSCT.US,D,20200707,000000,20.8902,20.9684,20.8902,20.9446,1184.9521781859,0
BSCT.US,D,20200708,000000,20.9398,20.9524,20.9298,20.9348,4884.1427514835,0
BSCT.US,D,20200709,000000,20.9485,21.008,20.9485,20.998,2715.0948546167,0
BSCT.US,D,20200710,000000,20.9398,20.9495,20.9398,20.9495,639.91454937807,0
BSCT.US,D,20200713,000000,20.9883,20.998,20.9455,20.9514,5812.7253783413,0
BSCT.US,D,20200714,000000,20.9883,21.0565,20.9883,21.0229,4454.1686220906,0
BSCT.US,D,20200715,000000,21.0378,21.0427,21.01,21.0427,3298.4869832296,0
BSCT.US,D,20200716,000000,21.0863,21.116,21.0685,21.0814,3874.8138092468,0
BSCT.US,D,20200717,000000,21.116,21.1358,21.1111,21.1111,2776.6639200932,0
BSCT.US,D,20200720,000000,21.1477,21.1843,21.1477,21.1696,8426.8873387344,0
BSCT.US,D,20200721,000000,21.2338,21.2637,21.2072,21.2162,4529.8682927584,0
BSCT.US,D,20200722,000000,21.2834,21.2933,21.2388,21.2587,3563.9404950379,0
BSCT.US,D,20200723,000000,21.2834,21.2933,21.2338,21.2686,7237.8978447795,0
BSCT.US,D,20200724,000000,21.2736,21.2736,21.229,21.229,3393.3639037999,0
BSCT.US,D,20200727,000000,21.1942,21.2438,21.1942,21.2042,4434.9913721882,0
BSCT.US,D,20200728,000000,21.2172,21.2933,21.1725,21.2042,8031.2303933776,0
BSCT.US,D,20200729,000000,21.2338,21.3132,21.2092,21.2893,12411.718002685,0
BSCT.US,D,20200730,000000,21.3033,21.3329,21.2637,21.3033,8277.5066552832,0
BSCT.US,D,20200731,000000,21.3429,21.3726,21.3033,21.3439,4727.6967654368,0
BSCT.US,D,20200803,000000,21.3726,21.3825,21.3231,21.3776,4314.8812280619,0
BSCT.US,D,20200804,000000,21.431,21.4509,21.3825,21.4261,5109.2231056023,0
BSCT.US,D,20200805,000000,21.4212,21.44,21.4073,21.4123,4152.3792683619,0
BSCT.US,D,20200806,000000,21.4707,21.4994,21.4707,21.4806,28580.158328374,0
BSCT.US,D,20200807,000000,21.4896,21.4994,21.4163,21.4163,22027.594835374,0
BSCT.US,D,20200810,000000,21.4509,21.4509,21.3627,21.3825,7857.6258153129,0
BSCT.US,D,20200811,000000,21.3033,21.3329,21.2913,21.2983,20558.011895478,0
BSCT.US,D,20200812,000000,21.2933,21.2933,21.2428,21.2637,14651.418925508,0
BSCT.US,D,20200813,000000,21.224,21.2438,21.1457,21.1556,3520.5393505217,0
BSCT.US,D,20200814,000000,21.1656,21.2042,21.0971,21.1011,11321.64274507,0
BSCT.US,D,20200817,000000,21.1358,21.1556,21.1061,21.1407,37047.418824799,0
BSCT.US,D,20200818,000000,21.1656,21.2042,21.1656,21.1843,3961.6160982791,0
BSCT.US,D,20200819,000000,21.2032,21.2032,21.1457,21.1457,5585.626366338,0
BSCT.US,D,20200820,000000,21.2042,21.2338,21.1745,21.2052,1641.168860077,0
BSCT.US,D,20200821,000000,21.2537,21.2834,21.1942,21.2537,7337.8214100609,0
BSCT.US,D,20200824,000000,21.2142,21.224,21.1745,21.1795,17450.28808233,0
BSCT.US,D,20200825,000000,21.0961,21.116,21.0565,21.1011,6381.9869017627,0
BSCT.US,D,20200826,000000,21.0961,21.126,21.0961,21.126,2780.7012358622,0
BSCT.US,D,20200827,000000,21.2142,21.2142,21.0229,21.0279,14852.275385014,0
BSCT.US,D,20200828,000000,21.0309,21.0863,21.0309,21.0665,8030.2210644354,0
BSCT.US,D,20200831,000000,21.1061,21.1656,21.1061,21.1556,6223.5222578316,0
BSCT.US,D,20200901,000000,21.1556,21.2637,21.1556,21.2122,12913.354486977,0
BSCT.US,D,20200902,000000,21.2834,21.3033,21.2686,21.2834,5166.7548553098,0
BSCT.US,D,20200903,000000,21.2834,21.3033,21.2338,21.2488,12593.397212287,0
BSCT.US,D,20200904,000000,21.1556,21.1852,21.116,21.116,6268.9420602322,0
BSCT.US,D,20200908,000000,21.0961,21.1843,21.0863,21.0951,10742.287932226,0
BSCT.US,D,20200909,000000,21.1349,21.1427,21.1111,21.1111,20919.351656799,0
BSCT.US,D,20200910,000000,21.0765,21.1358,21.0765,21.126,6062.0296270738,0
BSCT.US,D,20200911,000000,21.1111,21.224,21.0961,21.1496,17227.226386096,0
BSCT.US,D,20200914,000000,21.1745,21.224,21.1656,21.1676,12928.49442111,0
BSCT.US,D,20200915,000000,21.1536,21.2438,21.1536,21.2092,17450.28808233,0
BSCT.US,D,20200916,000000,21.2338,21.2438,21.1922,21.2062,7256.0657657398,0
BSCT.US,D,20200917,000000,21.2438,21.2537,21.1696,21.1862,23784.836523809,0
BSCT.US,D,20200918,000000,21.2142,21.2142,21.1696,21.1696,6385.0148885895,0
BSCT.US,D,20200921,000000,21.1141,21.1349,21.1141,21.121,903.34940330187,0
BSCT.US,D,20200922,000000,21.1358,21.1556,21.0863,21.119,10066.037540927,0
BSCT.US,D,20200923,000000,21.1358,21.1358,21.0179,21.0179,6101.393455821,0
BSCT.US,D,20200924,000000,21.008,21.0179,20.9883,20.9883,12145.255161934,0
BSCT.US,D,20200925,000000,20.9784,21.0565,20.9634,20.9853,11623.432098798,0
BSCT.US,D,20200928,000000,20.9784,21.1061,20.9784,21.0555,13270.656932529,0
BSCT.US,D,20200929,000000,21.0961,21.0961,21.0495,21.0495,6548.5261772318,0
BSCT.US,D,20200930,000000,21.0368,21.0665,21.0329,21.0555,2014.6205687044,0
BSCT.US,D,20201001,000000,21.0565,21.116,21.0378,21.0941,4554.0921873721,0
BSCT.US,D,20201002,000000,21.0863,21.116,21.0378,21.1061,13513.905207606,0
BSCT.US,D,20201005,000000,21.0289,21.1061,21.0289,21.0329,12710.479369587,0
BSCT.US,D,20201006,000000,21.0279,21.0814,21.0239,21.0456,12812.421592753,0
BSCT.US,D,20201007,000000,21.0279,21.0466,21.0279,21.0329,895.27477176398,0
BSCT.US,D,20201008,000000,21.0765,21.1061,21.0715,21.0765,6378.958914936,0
BSCT.US,D,20201009,000000,21.0814,21.126,21.0814,21.1011,3449.8863245651,0
BSCT.US,D,20201012,000000,21.1656,21.2142,21.1407,21.1745,7875.7937362731,0
BSCT.US,D,20201013,000000,21.1892,21.1942,21.1745,21.1745,6774.6158602928,0
BSCT.US,D,20201014,000000,21.224,21.2736,21.2012,21.2012,7514.4539749523,0
BSCT.US,D,20201015,000000,21.1843,21.1942,21.1666,21.1666,16864.877295834,0
BSCT.US,D,20201016,000000,21.1556,21.1745,21.1457,21.1477,13073.837788793,0
BSCT.US,D,20201019,000000,21.126,21.1556,21.0863,21.1081,25187.803753518,0
BSCT.US,D,20201020,000000,21.1151,21.126,21.0785,21.0912,4923.5065802307,0
BSCT.US,D,20201021,000000,21.0765,21.0961,21.0605,21.0615,9076.8951775348,0
BSCT.US,D,20201022,000000,21.0665,21.0765,21.0179,21.0289,9661.2966350899,0
BSCT.US,D,20201023,000000,21.0665,21.0961,21.0476,21.0765,10246.707421586,0
BSCT.US,D,20201026,000000,21.0961,21.1745,21.0863,21.116,125985.44789893,0
BSCT.US,D,20201027,000000,21.1358,21.1656,21.121,21.1656,17532.043726652,0
BSCT.US,D,20201028,000000,21.126,21.126,21.0565,21.0665,12938.587710533,0
BSCT.US,D,20201029,000000,21.0179,21.0476,21.009,21.0378,8157.3965111572,0
BSCT.US,D,20201030,000000,20.9594,21.0179,20.9594,20.9784,7240.9258316061,0
BSCT.US,D,20201102,000000,21.008,21.0378,21.008,21.0279,4740.8180416859,0
BSCT.US,D,20201103,000000,20.9833,21.0279,20.9784,20.998,10579.785972526,0
BSCT.US,D,20201104,000000,21.1656,21.2438,21.1457,21.2338,20510.573435192,0
BSCT.US,D,20201105,000000,21.2923,21.2933,21.226,21.2637,4143.2953078817,0
BSCT.US,D,20201106,000000,21.1725,21.2736,21.1725,21.2338,58687.431346354,0
BSCT.US,D,20201109,000000,21.1852,21.1852,21.0912,21.116,9839.9478578658,0
BSCT.US,D,20201110,000000,21.0179,21.0912,21.0179,21.0863,12828.570855829,0
BSCT.US,D,20201111,000000,21.0565,21.0863,21.0515,21.0863,2987.6136690207,0
BSCT.US,D,20201112,000000,21.0961,21.1656,21.0961,21.1656,5616.9155635474,0
BSCT.US,D,20201113,000000,21.1606,21.1843,21.1606,21.1843,2214.4676992673,0
BSCT.US,D,20201116,000000,21.1716,21.1942,21.1556,21.1696,13408.934997616,0
BSCT.US,D,20201117,000000,21.2042,21.2338,21.1556,21.23,21643.040508383,0
BSCT.US,D,20201118,000000,21.224,21.2903,21.2142,21.2142,794543.74332874,0
BSCT.US,D,20201119,000000,21.2438,21.3429,21.2338,21.3329,9194.9866637765,0
BSCT.US,D,20201120,000000,21.3033,21.3231,21.2736,21.3132,12092.770056938,0
BSCT.US,D,20201123,000000,21.2637,21.2834,21.2338,21.2834,8281.5439710523,0
BSCT.US,D,20201124,000000,21.2736,21.3529,21.2338,21.2736,23988.720970141,0
BSCT.US,D,20201125,000000,21.2933,21.3132,21.2883,21.3132,54492.660262419,0
BSCT.US,D,20201127,000000,21.3329,21.3429,21.2834,21.3319,3396.3918906267,0
BSCT.US,D,20201130,000000,21.3529,21.4073,21.3529,21.3875,10603.000538197,0
BSCT.US,D,20201201,000000,21.325,21.3489,21.3231,21.3329,8215.9375898069,0
BSCT.US,D,20201202,000000,21.3231,21.3231,21.2537,21.3231,27436.588636822,0
BSCT.US,D,20201203,000000,21.3529,21.3825,21.3479,21.3627,4305.7972675818,0
BSCT.US,D,20201204,000000,21.2834,21.3083,21.2834,21.3073,6079.1882190917,0
BSCT.US,D,20201207,000000,21.3231,21.3627,21.3033,21.3231,41648.949472455,0
BSCT.US,D,20201208,000000,21.3132,21.3329,21.3033,21.3033,10661.541616845,0
BSCT.US,D,20201209,000000,21.2637,21.2637,21.2042,21.2338,12036.247636174,0
BSCT.US,D,20201210,000000,21.2686,21.3329,21.2637,21.3231,327028.63325835,0
BSCT.US,D,20201211,000000,21.3329,21.3429,21.3132,21.3182,25405.818805041,0
BSCT.US,D,20201214,000000,21.2933,21.3329,21.2834,21.3329,20084.636621567,0
BSCT.US,D,20201215,000000,21.3182,21.3726,21.3182,21.3499,142367.86596036,0
BSCT.US,D,20201216,000000,21.3231,21.3825,21.3182,21.3529,62772.185575586,0
BSCT.US,D,20201217,000000,21.3825,21.3825,21.3329,21.3577,9635.0540825917,0
BSCT.US,D,20201218,000000,21.3726,21.3726,21.3429,21.3479,18005.419000561,0
BSCT.US,D,20201221,000000,21.3132,21.3329,21.2913,21.3033,49586.312274205,0
BSCT.US,D,20201222,000000,21.3231,21.3529,21.3182,21.3479,28078.521844084,0
BSCT.US,D,20201223,000000,21.3132,21.442,21.2953,21.3529,124222.15023685,0
BSCT.US,D,20201224,000000,21.3776,21.4023,21.3776,21.4023,9280.7796238666,0
BSCT.US,D,20201228,000000,21.3627,21.4202,21.3627,21.4123,38125.382135108,0
BSCT.US,D,20201229,000000,21.3825,21.4221,21.3825,21.4221,34083.019721449,0
BSCT.US,D,20201230,000000,21.4123,21.442,21.4123,21.442,30519.079226412,0
BSCT.US,D,20201231,000000,21.44,21.4667,21.44,21.4618,34628.057350258,0
BSCT.US,D,20210104,000000,21.4221,21.4221,21.3924,21.4123,13248.4516958,0
BSCT.US,D,20210105,000000,21.3627,21.3677,21.3329,21.3627,23023.802501363,0
BSCT.US,D,20210106,000000,21.2537,21.2736,21.2338,21.2637,47011.514142561,0
BSCT.US,D,20210107,000000,21.2142,21.2537,21.2142,21.2537,14595.905833686,0
BSCT.US,D,20210108,000000,21.2032,21.2388,21.1892,21.1942,9273.714321271,0
BSCT.US,D,20210111,000000,21.1457,21.1656,21.126,21.1407,71594.729859676,0
BSCT.US,D,20210112,000000,21.0961,21.2042,21.0863,21.1843,384829.87379343,0
BSCT.US,D,20210113,000000,21.1942,21.2933,21.126,21.2736,262947.34804468,0
BSCT.US,D,20210114,000000,21.2736,21.2933,21.224,21.224,22795.694160417,0
BSCT.US,D,20210115,000000,21.2637,21.2637,21.224,21.2488,11709.225058889,0
BSCT.US,D,20210119,000000,21.231,21.2686,21.219,21.2438,70223.051827178,0
BSCT.US,D,20210120,000000,21.2388,21.2686,21.2142,21.2388,76509.152479428,0
BSCT.US,D,20210121,000000,21.219,21.2587,21.1992,21.2488,38289.902752693,0
BSCT.US,D,20210122,000000,21.219,21.2388,21.2092,21.229,23426.524749315,0
BSCT.US,D,20210125,000000,21.229,21.2883,21.229,21.2785,26721.983745718,0
BSCT.US,D,20210126,000000,21.2587,21.328,21.2488,21.2883,41586.371078037,0
BSCT.US,D,20210127,000000,21.2883,21.2983,21.2587,21.2686,40751.656042808,0
BSCT.US,D,20210128,000000,21.2686,21.2686,21.229,21.231,48199.494307572,0
BSCT.US,D,20210129,000000,21.1992,21.2388,21.1825,21.2092,26622.060180436,0
BSCT.US,D,20210201,000000,21.219,21.2438,21.2142,21.2388,9795.5373844074,0
BSCT.US,D,20210202,000000,21.1795,21.2587,21.1795,21.219,32247.050375522,0
BSCT.US,D,20210203,000000,21.1795,21.2092,21.1795,21.2092,18206.275460066,0
BSCT.US,D,20210204,000000,21.1696,21.219,21.1696,21.2142,17630.957962991,0
BSCT.US,D,20210205,000000,21.2092,21.229,21.1942,21.1992,33852.89272262,0
BSCT.US,D,20210208,000000,21.1992,21.2388,21.1795,21.219,77436.725777344,0
BSCT.US,D,20210209,000000,21.219,21.2388,21.1843,21.1992,72238.681724825,0
BSCT.US,D,20210210,000000,21.2388,21.2686,21.229,21.2637,163404.29977448,0
BSCT.US,D,20210211,000000,21.2686,21.2686,21.229,21.2388,54080.854053987,0
BSCT.US,D,20210212,000000,21.1992,21.219,21.1862,21.1992,22052.828058931,0
BSCT.US,D,20210216,000000,21.1011,21.1011,21.0427,21.0515,23974.59036495,0
BSCT.US,D,20210217,000000,21.0615,21.1407,21.0427,21.0814,46027.418423879,0
BSCT.US,D,20210218,000000,21.0515,21.1011,21.0515,21.0863,14415.235953025,0
BSCT.US,D,20210219,000000,21.0515,21.0555,20.9634,20.9784,24015.972851581,0
BSCT.US,D,20210222,000000,20.9436,20.9436,20.8782,20.8782,28723.483038172,0
BSCT.US,D,20210223,000000,20.8446,20.9138,20.8446,20.9138,15332.715961518,0
BSCT.US,D,20210224,000000,20.8098,20.9436,20.805,20.9318,22019.520203837,0
BSCT.US,D,20210225,000000,20.805,20.805,20.5393,20.6029,42853.078900544,0
BSCT.US,D,20210226,000000,20.7366,20.7801,20.6573,20.7761,14685.736109545,0
BSCT.US,D,20210301,000000,20.7951,20.8544,20.7951,20.8544,9211.1359268523,0
BSCT.US,D,20210302,000000,20.8347,20.8544,20.8147,20.8347,25627.871172332,0
BSCT.US,D,20210303,000000,20.7366,20.7652,20.7167,20.7167,13421.046944922,0
BSCT.US,D,20210304,000000,20.7167,20.7366,20.5582,20.5779,29100.972062568,0
BSCT.US,D,20210305,000000,20.4611,20.5582,20.4611,20.5296,359150.52684504,0
BSCT.US,D,20210308,000000,20.4315,20.471,20.362,20.362,14826.032832514,0
BSCT.US,D,20210309,000000,20.4412,20.4998,20.4412,20.4611,19779.819281012,0
BSCT.US,D,20210310,000000,20.5196,20.5682,20.4998,20.5483,20516.629408846,0
BSCT.US,D,20210311,000000,20.5503,20.5979,20.5483,20.5692,18698.827983878,0
BSCT.US,D,20210312,000000,20.4412,20.4412,20.3967,20.4066,12075.61146492,0
BSCT.US,D,20210315,000000,20.3719,20.48,20.3719,20.4315,19904.976069852,0
BSCT.US,D,20210316,000000,20.472,20.5393,20.4364,20.4412,39441.547075785,0
BSCT.US,D,20210317,000000,20.3521,20.5483,20.2332,20.4315,37692.380018888,0
BSCT.US,D,20210318,000000,20.2828,20.3423,20.2728,20.3264,10419.302670709,0
BSCT.US,D,20210319,000000,20.2928,20.3324,20.2828,20.3025,14575.719254841,0
BSCT.US,D,20210322,000000,20.3125,20.362,20.3025,20.3423,15019.823989424,0
BSCT.US,D,20210323,000000,20.3699,20.4066,20.367,20.3918,16727.608559689,0
BSCT.US,D,20210324,000000,20.362,20.4315,20.3521,20.4315,10147.793185249,0
BSCT.US,D,20210325,000000,20.4512,20.4512,20.4115,20.4315,8454.1392201747,0
BSCT.US,D,20210326,000000,20.3819,20.4315,20.3769,20.4016,15084.421041728,0
BSCT.US,D,20210329,000000,20.3918,20.4016,20.3521,20.3521,9573.4850171153,0
BSCT.US,D,20210330,000000,20.3423,20.3819,20.3025,20.3769,16002.910379163,0
BSCT.US,D,20210331,000000,20.3918,20.4412,20.3918,20.4016,15245.913672486,0
BSCT.US,D,20210401,000000,20.471,20.4898,20.4512,20.48,2423.3987903103,0
BSCT.US,D,20210405,000000,20.4215,20.4611,20.4115,20.4215,18817.928799061,0
BSCT.US,D,20210406,000000,20.471,20.5483,20.4562,20.5393,33637.905657924,0
BSCT.US,D,20210407,000000,20.5196,20.5779,20.4512,20.4998,40223.777006018,0
BSCT.US,D,20210408,000000,20.5393,20.5879,20.5393,20.5779,19287.266757202,0
BSCT.US,D,20210409,000000,20.5393,20.5582,20.5344,20.5483,28523.63590761,0
BSCT.US,D,20210412,000000,20.5296,20.5393,20.5196,20.5296,24001.842246389,0
BSCT.US,D,20210413,000000,20.5296,20.6077,20.5296,20.6029,10164.951777267,0
BSCT.US,D,20210414,000000,20.5879,20.5979,20.5682,20.5979,9865.1810814217,0
BSCT.US,D,20210415,000000,20.6673,20.7465,20.6623,20.7069,27914.001226499,0
BSCT.US,D,20210416,000000,20.6474,20.6653,20.6077,20.6255,18150.762368244,0
BSCT.US,D,20210419,000000,20.5582,20.6265,20.5493,20.5612,34553.367008532,0
BSCT.US,D,20210420,000000,20.5582,20.6177,20.5582,20.5969,7138.9836084403,0
BSCT.US,D,20210421,000000,20.6077,20.6275,20.6077,20.6227,20669.038079124,0
BSCT.US,D,20210422,000000,20.6474,20.6573,20.6097,20.6424,9128.3709535889,0
BSCT.US,D,20210423,000000,20.6573,20.677,20.6523,20.6673,13422.056273864,0
BSCT.US,D,20210426,000000,20.6523,20.6653,20.6474,20.6523,14318.34037457,0
BSCT.US,D,20210427,000000,20.6474,20.6474,20.5779,20.5869,12930.513078995,0
BSCT.US,D,20210428,000000,20.5393,20.5879,20.4998,20.5779,36824.357128564,0
BSCT.US,D,20210429,000000,20.5096,20.6177,20.4898,20.5662,36922.262035962,0
BSCT.US,D,20210430,000000,20.5662,20.677,20.5296,20.6019,28159.268159463,0
BSCT.US,D,20210503,000000,20.6077,20.6563,20.6077,20.6275,20834.568025651,0
BSCT.US,D,20210504,000000,20.6573,20.6721,20.6177,20.6375,115915.37304223,0
BSCT.US,D,20210505,000000,20.6325,20.6673,20.6177,20.6573,18556.512603023,0
BSCT.US,D,20210506,000000,20.677,20.7108,20.6692,20.695,25467.387870517,0
BSCT.US,D,20210507,000000,20.7465,20.7851,20.677,20.7167,11612.329480433,0
BSCT.US,D,20210510,000000,20.7049,20.7266,20.6494,20.6494,8505.6149962288,0
BSCT.US,D,20210511,000000,20.5929,20.6275,20.5929,20.6275,16419.763232306,0
BSCT.US,D,20210512,000000,20.5483,20.6375,20.5196,20.5296,40377.195005238,0
BSCT.US,D,20210513,000000,20.5682,20.6177,20.5582,20.5929,25296.811279279,0
BSCT.US,D,20210514,000000,20.5582,20.6673,20.5582,20.6474,9316.106136845,0
BSCT.US,D,20210517,000000,20.6275,20.6673,20.6275,20.6375,19525.468387569,0
BSCT.US,D,20210518,000000,20.6375,20.6623,20.6029,20.6275,38986.339722836,0
BSCT.US,D,20210519,000000,20.6573,20.6573,20.5296,20.5682,17794.469251634,0
BSCT.US,D,20210520,000000,20.6275,20.692,20.6275,20.6573,20732.625802485,0
BSCT.US,D,20210521,000000,20.7951,20.7951,20.6474,20.6673,17216.123767732,0
BSCT.US,D,20210524,000000,20.7564,20.7564,20.6375,20.6673,28192.576014556,0
BSCT.US,D,20210525,000000,20.7069,20.7465,20.698,20.7366,26699.778508988,0
BSCT.US,D,20210526,000000,20.7465,20.7465,20.699,20.7266,27047.99699406,0
BSCT.US,D,20210527,000000,20.8247,20.8247,20.6573,20.677,17963.027184987,0
BSCT.US,D,20210528,000000,20.6077,20.7266,20.6077,20.687,19989.759700999,0
BSCT.US,D,20210601,000000,20.5879,20.697,20.5879,20.697,29015.17910248,0
BSCT.US,D,20210602,000000,20.805,20.805,20.697,20.7167,36889.963509811,0
BSCT.US,D,20210603,000000,20.6673,20.685,20.6474,20.6613,13930.758060751,0
BSCT.US,D,20210604,000000,20.5979,20.7761,20.5979,20.7584,10495.002341377,0
BSCT.US,D,20210607,000000,20.7465,20.7662,20.7455,20.7564,10730.175984919,0
BSCT.US,D,20210608,000000,20.8446,20.8446,20.805,20.8247,19692.007663038,0
BSCT.US,D,20210609,000000,20.9634,20.9634,20.8505,20.8842,20882.006485936,0
BSCT.US,D,20210610,000000,20.8633,20.9534,20.8633,20.9534,14588.84053109,0
BSCT.US,D,20210611,000000,20.9554,20.9764,20.9298,20.9534,11837.409834553,0
BSCT.US,D,20210614,000000,20.9238,20.9338,20.8842,20.903,17037.472544956,0
BSCT.US,D,20210615,000000,20.9833,20.9833,20.8961,20.9338,9233.3411635815,0
BSCT.US,D,20210616,000000,21.0615,21.0615,20.7821,20.8247,33455.217119378,0
BSCT.US,D,20210617,000000,20.8643,20.9684,20.8593,20.904,21034.415156214,0
BSCT.US,D,20210618,000000,20.8941,20.9833,20.8941,20.9644,13301.946129738,0
BSCT.US,D,20210621,000000,20.9238,20.9338,20.904,20.904,18157.827670839,0
BSCT.US,D,20210622,000000,20.8347,20.9338,20.8347,20.9238,24231.969245219,0
BSCT.US,D,20210623,000000,20.9338,20.9338,20.8842,20.8941,58487.584215791,0
BSCT.US,D,20210624,000000,20.8941,20.9338,20.8941,20.899,13408.934997616,0
BSCT.US,D,20210625,000000,20.8961,20.904,20.8446,20.8743,19035.943850585,0
BSCT.US,D,20210628,000000,20.9288,20.9734,20.9288,20.9328,16058.423470986,0
BSCT.US,D,20210629,000000,20.9338,20.9634,20.9138,20.9534,26272.832366422,0
BSCT.US,D,20210630,000000,21.0715,21.0715,20.9584,20.9734,37603.559071971,0
BSCT.US,D,20210701,000000,20.9863,20.9931,20.9338,20.9634,16930.48367708,0
BSCT.US,D,20210702,000000,20.9823,21.0229,20.9823,21.013,7836.4299075259,0
BSCT.US,D,20210706,000000,21.121,21.121,21.0427,21.0991,11985.781189062,0
BSCT.US,D,20210707,000000,21.2092,21.2686,21.1061,21.1506,53126.02887463,0
BSCT.US,D,20210708,000000,21.1556,21.1725,21.1417,21.1506,12799.300316504,0
BSCT.US,D,20210709,000000,21.0863,21.0912,21.0715,21.0765,8735.7419950588,0
BSCT.US,D,20210712,000000,21.0902,21.0912,21.0615,21.0715,6144.7946003372,0
BSCT.US,D,20210713,000000,21.0872,21.0912,21.013,21.013,6057.9923113047,0
BSCT.US,D,20210714,000000,21.0615,21.0912,21.0515,21.0892,41397.62656584,0
BSCT.US,D,20210715,000000,21.1795,21.1795,21.0951,21.1358,22980.401356846,0
BSCT.US,D,20210716,000000,21.12,21.1407,21.12,21.1309,17814.655830478,0
BSCT.US,D,20210719,000000,21.2142,21.2488,21.2142,21.2368,9879.311686613,0
BSCT.US,D,20210720,000000,21.2933,21.2983,21.2092,21.229,19095.494258176,0
BSCT.US,D,20210721,000000,21.1407,21.1892,21.1309,21.1407,138883.66245177,0
BSCT.US,D,20210722,000000,21.1745,21.2092,21.1696,21.1835,10283.043263508,0
BSCT.US,D,20210723,000000,21.1636,21.1795,21.1556,21.1795,5400.9191699087,0
BSCT.US,D,20210726,000000,21.1745,21.1992,21.1506,21.1696,25571.348751567,0
BSCT.US,D,20210727,000000,21.2042,21.219,21.1992,21.2002,12381.438134419,0
BSCT.US,D,20210728,000000,21.121,21.2388,21.121,21.229,73055.228839094,0
BSCT.US,D,20210729,000000,21.2785,21.2785,21.1892,21.2092,9972.1699492988,0
BSCT.US,D,20210730,000000,21.2883,21.2883,21.229,21.229,15063.225133941,0
BSCT.US,D,20210802,000000,21.3083,21.328,21.2666,21.2883,12204.805569526,0
BSCT.US,D,20210803,000000,21.3083,21.328,21.2983,21.2983,18086.16531594,0
BSCT.US,D,20210804,000000,21.2983,21.3529,21.219,21.2686,51989.524485672,0
BSCT.US,D,20210805,000000,21.2488,21.2488,21.219,21.229,26378.811905357,0
BSCT.US,D,20210806,000000,21.229,21.229,21.1131,21.121,13313.048748102,0
BSCT.US,D,20210809,000000,21.123,21.1289,21.0615,21.0615,50575.454637597,0
BSCT.US,D,20210810,000000,21.0595,21.0595,21.013,21.0179,37934.618965026,0
BSCT.US,D,20210811,000000,21.005,21.0615,20.9931,21.0515,84084.166190915,0
BSCT.US,D,20210812,000000,21.0309,21.0515,21.0309,21.0437,9819.7612790211,0
BSCT.US,D,20210813,000000,21.1407,21.1506,21.121,21.1457,17353.392503875,0
BSCT.US,D,20210816,000000,21.1696,21.219,21.1656,21.1656,11272.1856269,0
BSCT.US,D,20210817,000000,21.1506,21.1795,21.1368,21.1427,13690.537772499,0
BSCT.US,D,20210818,000000,21.1407,21.1506,21.1031,21.1111,67204.148960948,0
BSCT.US,D,20210819,000000,21.126,21.1606,21.122,21.1457,13646.12729904,0
BSCT.US,D,20210820,000000,21.1506,21.1606,21.1309,21.1309,10716.045379727,0
BSCT.US,D,20210823,000000,21.1111,21.1378,21.1111,21.1111,13114.210946482,0
BSCT.US,D,20210824,000000,21.2092,21.2092,21.0765,21.0814,9074.8765196503,0
BSCT.US,D,20210825,000000,21.0715,21.0765,21.013,21.0615,62151.448276111,0
BSCT.US,D,20210826,000000,21.1407,21.1407,20.9931,21.0515,21808.570454908,0
BSCT.US,D,20210827,000000,21.008,21.1011,21.003,21.1011,10205.324934956,0
BSCT.US,D,20210830,000000,21.1001,21.1506,21.0991,21.1407,21491.641167046,0
BSCT.US,D,20210831,000000,21.1487,21.1586,21.1111,21.1111,12022.117030982,0
BSCT.US,D,20210901,000000,21.121,21.1397,21.0814,21.121,55128.537496028,0
BSCT.US,D,20210902,000000,21.1319,21.1506,21.1309,21.1457,15740.484854182,0
BSCT.US,D,20210903,000000,21.0515,21.12,21.0515,21.1071,5018.383500801,0
BSCT.US,D,20210907,000000,21.1111,21.1111,21.013,21.0239,13150.546788402,0
BSCT.US,D,20210908,000000,21.0427,21.0912,21.0329,21.0615,38111.251529917,0
BSCT.US,D,20210909,000000,21.0961,21.1596,21.0912,21.1506,14673.624162237,0
BSCT.US,D,20210910,000000,21.1407,21.1407,21.0912,21.1111,34963.15455908,0
BSCT.US,D,20210913,000000,21.1387,21.1566,21.121,21.1309,12964.830263031,0
BSCT.US,D,20210914,000000,21.1309,21.1696,21.1309,21.1696,14361.741519088,0
BSCT.US,D,20210915,000000,21.2092,21.2092,21.1309,21.1606,91521.911166257,0
BSCT.US,D,20210916,000000,21.0863,21.229,21.0814,21.229,24071.485943404,0
BSCT.US,D,20210917,000000,21.1011,21.1011,21.0535,21.0765,13266.61961676,0
BSCT.US,D,20210920,000000,21.2092,21.2092,21.0515,21.1061,23753.5473266,0
BSCT.US,D,20210921,000000,21.116,21.1299,21.0961,21.1011,18075.062697575,0
BSCT.US,D,20210922,000000,21.1011,21.1407,21.0715,21.1309,264626.87140457,0
BSCT.US,D,20210923,000000,21.0615,21.0765,21.0229,21.0269,13002.175433894,0
BSCT.US,D,20210924,000000,21.003,21.003,20.9734,20.9931,13102.098999176,0
BSCT.US,D,20210927,000000,20.9813,20.9833,20.9544,20.9654,16831.56944074,0
BSCT.US,D,20210928,000000,20.8842,20.8892,20.8495,20.8574,40501.342465133,0
BSCT.US,D,20210929,000000,20.7851,20.902,20.7851,20.8347,137116.32747393,0
BSCT.US,D,20210930,000000,20.8524,20.8633,20.8397,20.8397,20774.008289116,0
BSCT.US,D,20211001,000000,20.9118,20.9534,20.8961,20.9436,21522.930364256,0
BSCT.US,D,20211004,000000,20.9138,20.9338,20.904,20.9138,6734.2427026033,0
BSCT.US,D,20211005,000000,20.904,20.904,20.8446,20.8643,22319.290899681,0
BSCT.US,D,20211006,000000,20.8743,20.8743,20.8347,20.8574,43016.590189187,0
BSCT.US,D,20211007,000000,20.8347,20.8347,20.7951,20.7951,6188.1957448532,0
BSCT.US,D,20211008,000000,20.7603,20.7643,20.7256,20.7356,7345.8960415989,0
BSCT.US,D,20211011,000000,20.7157,20.7157,20.686,20.686,2248.7848833034,0
BSCT.US,D,20211012,000000,20.7256,20.7752,20.7256,20.7752,11640.590690817,0
BSCT.US,D,20211013,000000,20.7157,20.8247,20.7157,20.8147,43793.77347471,0
BSCT.US,D,20211014,000000,20.8623,20.8941,20.8544,20.8922,9787.4627528695,0
BSCT.US,D,20211015,000000,20.8297,20.8446,20.8157,20.8197,9148.5575324336,0
BSCT.US,D,20211018,000000,20.7356,20.7851,20.7356,20.7801,15279.221527579,0
BSCT.US,D,20211019,000000,20.7455,20.7455,20.7059,20.7108,6343.6324019578,0
BSCT.US,D,20211020,000000,20.7059,20.7157,20.676,20.676,131157.24939895,0
BSCT.US,D,20211021,000000,20.696,20.696,20.6265,20.6464,9582.5689775954,0
BSCT.US,D,20211022,000000,20.6663,20.676,20.6553,20.6663,7950.4840779986,0
BSCT.US,D,20211025,000000,20.7009,20.7256,20.696,20.696,6016.609824673,0
BSCT.US,D,20211026,000000,20.7009,20.7455,20.7009,20.7406,31736.329930749,0
BSCT.US,D,20211027,000000,20.8079,20.8544,20.7702,20.8147,7068.3305824837,0
BSCT.US,D,20211028,000000,20.8147,20.8147,20.7682,20.7851,19172.203257786,0
BSCT.US,D,20211029,000000,20.7554,20.8743,20.7406,20.7901,20017.011582439,0
BSCT.US,D,20211101,000000,20.7256,20.7851,20.7256,20.7652,19507.30046661,0
BSCT.US,D,20211102,000000,20.7801,20.8147,20.7752,20.8098,14330.452321877,0
BSCT.US,D,20211103,000000,20.805,20.8147,20.7455,20.7951,40229.832979671,0
BSCT.US,D,20211104,000000,20.8247,20.8842,20.8147,20.8743,27947.309081593,0
BSCT.US,D,20211105,000000,20.8961,20.9833,20.8961,20.9734,9913.628870649,0
BSCT.US,D,20211108,000000,20.9328,20.9436,20.8842,20.899,16380.399403559,0
BSCT.US,D,20211109,000000,20.9634,20.9833,20.9436,20.9475,21772.234612989,0
BSCT.US,D,20211110,000000,20.8941,20.8941,20.7851,20.8,42066.811654542,0
BSCT.US,D,20211111,000000,20.7951,20.7951,20.7256,20.7256,19055.121100486,0
BSCT.US,D,20211112,000000,20.805,20.805,20.7455,20.7603,5389.8165515441,0
BSCT.US,D,20211115,000000,20.7554,20.7554,20.6563,20.6613,20675.094052778,0
BSCT.US,D,20211116,000000,20.6613,20.695,20.6365,20.6464,40957.559147024,0
BSCT.US,D,20211117,000000,20.6464,20.686,20.6167,20.685,10246.707421586,0
BSCT.US,D,20211118,000000,20.686,20.7059,20.686,20.691,9237.3784793505,0
BSCT.US,D,20211119,000000,20.7752,20.7752,20.7356,20.7356,6293.165954846,0
BSCT.US,D,20211122,000000,20.7157,20.7157,20.5672,20.5672,15922.164063784,0
BSCT.US,D,20211123,000000,20.5473,20.5473,20.479,20.479,13492.709299821,0
BSCT.US,D,20211124,000000,20.4492,20.5086,20.4492,20.5086,15360.977171901,0
BSCT.US,D,20211126,000000,20.6167,20.6464,20.5919,20.6087,3747.6383625249,0
BSCT.US,D,20211129,000000,20.6167,20.6464,20.6167,20.6365,23126.754053469,0
BSCT.US,D,20211130,000000,20.7059,20.7652,20.6573,20.676,20270.353146941,0
BSCT.US,D,20211201,000000,20.7455,20.7652,20.6414,20.686,291981.70439707,0
BSCT.US,D,20211202,000000,20.6663,20.676,20.6375,20.6623,12356.204910861,0
BSCT.US,D,20211203,000000,20.696,20.8247,20.686,20.805,126851.45213137,0
BSCT.US,D,20211206,000000,20.7951,20.7951,20.7216,20.7356,86321.848455853,0
BSCT.US,D,20211207,000000,20.7455,20.7652,20.7356,20.7455,15882.800235036,0
BSCT.US,D,20211208,000000,20.6464,20.7157,20.6414,20.6711,197288.48169429,0
BSCT.US,D,20211209,000000,20.7059,20.7186,20.684,20.684,6072.1229164961,0
BSCT.US,D,20211210,000000,20.7246,20.7455,20.676,20.7009,14763.454438097,0
BSCT.US,D,20211213,000000,20.7574,20.8147,20.7574,20.7712,18144.706394589,0
BSCT.US,D,20211214,000000,20.7009,20.7356,20.696,20.7098,8874.0200601453,0
BSCT.US,D,20211215,000000,20.686,20.7752,20.6663,20.7415,71121.354585769,0
BSCT.US,D,20211216,000000,20.7455,20.7951,20.7455,20.7682,20725.560499888,0
BSCT.US,D,20211217,000000,20.8237,20.8247,20.7752,20.7951,35281.093175884,0
BSCT.US,D,20211220,000000,20.686,20.7603,20.686,20.7039,54523.949459628,0
BSCT.US,D,20211221,000000,20.805,20.805,20.6563,20.7157,30191.047320185,0
BSCT.US,D,20211222,000000,20.6464,20.7356,20.6464,20.7256,118289.31471437,0
BSCT.US,D,20211223,000000,20.681,20.7157,20.681,20.7009,16200.738851843,0
BSCT.US,D,20211227,000000,20.7059,20.7554,20.7059,20.7455,48020.843084797,0
BSCT.US,D,20211228,000000,20.7662,20.7752,20.7356,20.7415,58010.171626113,0
BSCT.US,D,20211229,000000,20.696,20.7236,20.6563,20.676,53427.818228359,0
BSCT.US,D,20211230,000000,20.7554,20.7554,20.676,20.7256,37329.021599683,0
BSCT.US,D,20211231,000000,20.7167,20.7346,20.696,20.696,15139.93413355,0
BSCT.US,D,20220103,000000,20.5869,20.5869,20.5423,20.5771,320727.39267197,0
BSCT.US,D,20220104,000000,20.5206,20.5672,20.4988,20.5672,21755.076020971,0
BSCT.US,D,20220105,000000,20.469,20.5622,20.4492,20.469,248872.25594519,0
BSCT.US,D,20220106,000000,20.4295,20.4393,20.4145,20.4393,30214.261885856,0
BSCT.US,D,20220107,000000,20.3997,20.3997,20.3501,20.3799,12885.093276594,0
BSCT.US,D,20220110,000000,20.2808,20.3699,20.2808,20.364,93930.170022433,0
BSCT.US,D,20220111,000000,20.3521,20.4095,20.3521,20.4046,20359.174093857,0
BSCT.US,D,20220112,000000,20.3601,20.469,20.3601,20.4195,49405.642393546,0
BSCT.US,D,20220113,000000,20.4295,20.4492,20.3899,20.4492,87912.550868818,0
BSCT.US,D,20220114,000000,20.4095,20.4095,20.3304,20.3353,11242.915087574,0
BSCT.US,D,20220118,000000,20.2502,20.2511,20.1917,20.1917,38989.367709663,0
BSCT.US,D,20220119,000000,20.2213,20.3204,20.2016,20.2016,144946.7014078,0
BSCT.US,D,20220120,000000,20.2511,20.2511,20.2016,20.2016,69314.655779165,0
BSCT.US,D,20220121,000000,20.2708,20.3204,20.2412,20.2908,63082.049560853,0
BSCT.US,D,20220124,000000,20.3055,20.3304,20.2808,20.2808,36837.478404815,0
BSCT.US,D,20220125,000000,20.3006,20.3006,20.2412,20.2412,47859.350454039,0
BSCT.US,D,20220126,000000,20.2808,20.2908,20.1422,20.1571,188799.01596115,0
BSCT.US,D,20220127,000000,20.2312,20.2312,20.1521,20.162,28115.867014945,0
BSCT.US,D,20220128,000000,20.1025,20.1917,20.1025,20.1717,24924.368899593,0
BSCT.US,D,20220131,000000,20.1421,20.2114,20.1421,20.1817,20381.379330586,0
BSCT.US,D,20220201,000000,20.2105,20.2402,20.1522,20.2213,32537.737110886,0
BSCT.US,D,20220202,000000,20.2312,20.263,20.2213,20.2213,21682.40433713,0
BSCT.US,D,20220203,000000,20.1421,20.1421,20.0982,20.1165,10496.01167032,0
BSCT.US,D,20220204,000000,19.9688,19.9885,19.934,19.9736,19265.061520473,0
BSCT.US,D,20220207,000000,19.9638,20.0232,19.9539,20.0084,16697.328691421,0
BSCT.US,D,20220208,000000,19.9618,19.9835,19.9489,19.9489,13005.203420721,0
BSCT.US,D,20220209,000000,19.9934,20.038,19.9143,19.9934,111693.35007686,0
BSCT.US,D,20220210,000000,19.9242,19.9242,19.8181,19.8181,15466.956710836,0
BSCT.US,D,20220211,000000,19.8845,19.933,19.8052,19.9274,21006.153945831,0
BSCT.US,D,20220214,000000,19.8747,19.8845,19.8172,19.8349,37335.077573336,0
BSCT.US,D,20220215,000000,19.7953,19.8251,19.7556,19.7556,30904.642882346,0
BSCT.US,D,20220216,000000,19.7953,19.7953,19.7359,19.7756,23904.946667935,0
BSCT.US,D,20220217,000000,19.8052,19.8349,19.7903,19.8052,19531.524361222,0
BSCT.US,D,20220218,000000,19.8548,19.8548,19.8052,19.8152,35996.707395931,0
BSCT.US,D,20220222,000000,19.7656,19.7756,19.726,19.7656,28031.083383798,0
BSCT.US,D,20220223,000000,19.7359,19.7756,19.6665,19.6765,147162.17843601,0
BSCT.US,D,20220224,000000,19.6467,19.7255,19.6467,19.6974,27919.047871209,0
BSCT.US,D,20220225,000000,19.7062,19.7359,19.6864,19.726,14978.441502793,0
BSCT.US,D,20220228,000000,19.83,19.8845,19.83,19.8795,16779.084335743,0
BSCT.US,D,20220301,000000,19.9638,20.0134,19.9439,19.9681,8312.8331682616,0
BSCT.US,D,20220302,000000,19.8845,19.9043,19.7656,19.7656,150540.40240567,0
BSCT.US,D,20220303,000000,19.7854,19.8448,19.7766,19.8152,8445.0552596947,0
BSCT.US,D,20220304,000000,19.9242,19.934,19.8697,19.8697,11381.193152661,0
BSCT.US,D,20220307,000000,19.7854,19.8138,19.7161,19.7161,8776.1151527483,0
BSCT.US,D,20220308,000000,19.6269,19.666,19.5675,19.6072,30235.457793643,0
BSCT.US,D,20220309,000000,19.6011,19.617,19.5575,19.5969,22411.139833424,0
BSCT.US,D,20220310,000000,19.508,19.512,19.3594,19.4387,83797.516771319,0
BSCT.US,D,20220311,000000,19.4535,19.4584,19.4188,19.4288,25829.736960779,0
BSCT.US,D,20220314,000000,19.31,19.3148,19.2252,19.2252,5706.7458394064,0
BSCT.US,D,20220315,000000,19.2999,19.3197,19.2603,19.2799,349693.11465628,0
BSCT.US,D,20220316,000000,19.3197,19.3494,19.1761,19.3197,129907.70016847,0
BSCT.US,D,20220317,000000,19.3989,19.4684,19.3693,19.4288,30939.969395324,0
BSCT.US,D,20220318,000000,19.409,19.4684,19.399,19.4485,166329.33504907,0
BSCT.US,D,20220321,000000,19.3445,19.3544,19.2306,19.2306,35824.112146808,0
BSCT.US,D,20220322,000000,19.196,19.2107,19.181,19.2058,17086.929663126,0
BSCT.US,D,20220323,000000,19.196,19.2306,19.1612,19.2157,38370.649068071,0
BSCT.US,D,20220324,000000,19.1216,19.2106,19.0919,19.2058,20191.625489446,0
BSCT.US,D,20220325,000000,19.1513,19.1513,19.0423,19.0721,13898.4595346,0
BSCT.US,D,20220328,000000,19.1216,19.161,19.082,19.1329,10828.080892315,0
BSCT.US,D,20220329,000000,19.2107,19.2406,19.181,19.2306,9313.0781500183,0
BSCT.US,D,20220330,000000,19.191,19.2702,19.191,19.2702,62284.679696485,0
BSCT.US,D,20220331,000000,19.2801,19.3397,19.2702,19.2724,25484.546462535,0
BSCT.US,D,20220401,000000,19.1761,19.2999,19.1761,19.2702,17290.814109458,0
BSCT.US,D,20220404,000000,19.2901,19.3099,19.2553,19.2901,28572.083696837,0
BSCT.US,D,20220405,000000,19.2503,19.2503,19.0523,19.0572,51072.044477178,0
BSCT.US,D,20220406,000000,18.9235,19.0028,18.9235,18.9736,9472.5521228917,0
BSCT.US,D,20220407,000000,18.9235,18.9631,18.8938,18.9135,27844.357529485,0
BSCT.US,D,20220408,000000,18.8541,18.8591,18.7871,18.8045,18856.283298866,0
BSCT.US,D,20220411,000000,18.7402,18.7402,18.6717,18.6857,47499.02002166,0
BSCT.US,D,20220412,000000,18.7748,18.8244,18.7452,18.7452,18118.463842092,0
BSCT.US,D,20220413,000000,18.7748,18.864,18.7748,18.8344,74488.47593707,0
BSCT.US,D,20220414,000000,18.8034,18.8045,18.6857,18.6857,12208.842885296,0
BSCT.US,D,20220418,000000,18.6658,18.6658,18.5864,18.5864,25966.320680779,0
BSCT.US,D,20220419,000000,18.5268,18.5467,18.4765,18.4765,16774.720567022,0
BSCT.US,D,20220420,000000,18.4871,18.6261,18.4871,18.5764,67825.065007732,0
BSCT.US,D,20220421,000000,18.5714,18.5814,18.4274,18.443,24122.158966086,0
BSCT.US,D,20220422,000000,18.4077,18.4722,18.3779,18.4574,49062.154804009,0
BSCT.US,D,20220425,000000,18.507,18.5865,18.507,18.5514,30948.881031728,0
BSCT.US,D,20220426,000000,18.636,18.636,18.5457,18.5764,34707.707639721,0
BSCT.US,D,20220427,000000,18.5764,18.6013,18.4524,18.4574,289318.85810622,0
BSCT.US,D,20220428,000000,18.4177,18.4574,18.3799,18.452,20449.950548953,0
BSCT.US,D,20220429,000000,18.3581,18.4077,18.3332,18.354,29070.474915997,0
BSCT.US,D,20220502,000000,18.2984,18.3084,18.229,18.2885,41922.197187699,0
BSCT.US,D,20220503,000000,18.3977,18.4037,18.3184,18.3282,9936.9194304553,0
BSCT.US,D,20220504,000000,18.3184,18.5069,18.2488,18.3481,49106.471087703,0
BSCT.US,D,20220505,000000,18.368,18.368,18.1794,18.2787,69401.314643721,0
BSCT.US,D,20220506,000000,18.1545,18.229,18.1496,18.1633,19332.978762172,0
BSCT.US,D,20220509,000000,18.1296,18.229,18.1296,18.2091,8599.3734134632,0
BSCT.US,D,20220510,000000,18.3184,18.3244,18.2488,18.2488,23581.298867348,0
BSCT.US,D,20220511,000000,18.229,18.368,18.2191,18.3312,243943.01235508,0
BSCT.US,D,20220512,000000,18.3481,18.423,18.3184,18.3381,25341.863955978,0
BSCT.US,D,20220513,000000,18.3381,18.3381,18.2488,18.2787,39721.49082691,0
BSCT.US,D,20220516,000000,18.3282,18.3779,18.3184,18.3338,17956.152402814,0
BSCT.US,D,20220517,000000,18.23,18.2685,18.2191,18.229,25154.526938538,0
BSCT.US,D,20220518,000000,18.2191,18.2762,18.1991,18.2488,88930.695117726,0
BSCT.US,D,20220519,000000,18.3878,18.4077,18.3111,18.3282,36435.035515581,0
BSCT.US,D,20220520,000000,18.373,18.3977,18.3481,18.3779,19037.87260029,0
BSCT.US,D,20220523,000000,18.3184,18.3779,18.2697,18.3049,20301.893873879,0
BSCT.US,D,20220524,000000,18.3581,18.4574,18.3581,18.4447,10631.879333863,0
BSCT.US,D,20220525,000000,18.5268,18.5567,18.497,18.5467,69561.457577985,0
BSCT.US,D,20220526,000000,18.5864,18.5914,18.5665,18.5914,22660.7287924,0
BSCT.US,D,20220527,000000,18.646,18.6841,18.5964,18.651,22914.540235383,0
BSCT.US,D,20220531,000000,18.4771,18.5567,18.4771,18.5163,9070.7375218611,0
BSCT.US,D,20220601,000000,18.5665,18.5814,18.3977,18.4474,287624.76744314,0
BSCT.US,D,20220602,000000,18.4274,18.4871,18.3997,18.4659,25036.685911439,0
BSCT.US,D,20220603,000000,18.3977,18.422,18.3878,18.4127,12803.377234943,0
BSCT.US,D,20220606,000000,18.3928,18.4077,18.3184,18.3381,10852.453564074,0
BSCT.US,D,20220607,000000,18.3957,18.4177,18.3869,18.3977,8422.1082786811,0
BSCT.US,D,20220608,000000,18.3581,18.3878,18.3184,18.3277,23142.164783456,0
BSCT.US,D,20220609,000000,18.2941,18.3234,18.2389,18.2389,7802.6874952096,0
BSCT.US,D,20220610,000000,18.1593,18.1593,18.0304,18.0899,13674.595084867,0
BSCT.US,D,20220613,000000,17.8318,17.9212,17.6929,17.7921,65895.292290447,0
BSCT.US,D,20220614,000000,17.8418,17.8616,17.6433,17.6829,51445.162240908,0
BSCT.US,D,20220615,000000,17.8318,17.899,17.7425,17.899,14760.344035406,0
BSCT.US,D,20220616,000000,17.7326,17.8922,17.6929,17.8922,24147.338672732,0
BSCT.US,D,20220617,000000,17.9311,17.941,17.8418,17.9158,22478.427716289,0
BSCT.US,D,20220621,000000,17.8983,17.9481,17.8089,17.8287,41744.77010143,0
BSCT.US,D,20220622,000000,17.9679,17.9878,17.9281,17.9303,19430.033488172,0
BSCT.US,D,20220623,000000,18.0575,18.1371,18.0061,18.0276,24367.197861142,0
BSCT.US,D,20220624,000000,18.0078,18.1152,18.0078,18.0326,37472.997181006,0
BSCT.US,D,20220627,000000,17.9779,18.0058,17.9182,17.9265,21782.021402006,0
BSCT.US,D,20220628,000000,17.9182,17.9182,17.8648,17.8993,13706.862897843,0
BSCT.US,D,20220629,000000,17.9281,17.9877,17.9003,17.9679,16091.01474896,0
BSCT.US,D,20220630,000000,18.0078,18.0865,18.0078,18.0575,21082.455766096,0
BSCT.US,D,20220701,000000,18.2167,18.2664,18.1879,18.2565,15377.377390489,0
BSCT.US,D,20220705,000000,18.2515,18.2764,18.2266,18.2565,13246.516545477,0
BSCT.US,D,20220706,000000,18.2962,18.3162,18.1669,18.1769,77895.025361665,0
BSCT.US,D,20220707,000000,18.1987,18.1987,18.118,18.1471,14770.283074269,0
BSCT.US,D,20220708,000000,18.0973,18.1271,18.0776,18.1072,9369.7569798116,0
BSCT.US,D,20220711,000000,18.1454,18.2067,18.1271,18.1617,32971.051084398,0
BSCT.US,D,20220712,000000,18.2366,18.2764,18.2067,18.2124,11344.823753608,0
BSCT.US,D,20220713,000000,18.0774,18.3062,18.0774,18.3062,47326.218343105,0
BSCT.US,D,20220714,000000,18.1471,18.2266,18.1371,18.1967,18562.612304566,0
BSCT.US,D,20220715,000000,18.2167,18.3162,18.2167,18.3112,18661.114362496,0
BSCT.US,D,20220718,000000,18.2962,18.2962,18.2271,18.2464,14595.765207131,0
BSCT.US,D,20220719,000000,18.2284,18.2564,18.1984,18.2464,13694.123420474,0
BSCT.US,D,20220720,000000,18.3062,18.3062,18.2065,18.2165,131411.03085477,0
BSCT.US,D,20220721,000000,18.2982,18.4259,18.2982,18.4259,47719.817807688,0
BSCT.US,D,20220722,000000,18.5495,18.6053,18.4757,18.5229,50944.265353962,0
BSCT.US,D,20220725,000000,18.4657,18.4757,18.4429,18.4657,53622.111372174,0
BSCT.US,D,20220726,000000,18.5156,18.5156,18.4259,18.4259,13851.5847781,0
BSCT.US,D,20220727,000000,18.4956,18.6303,18.4956,18.5555,47765.952982534,0
BSCT.US,D,20220728,000000,18.6851,18.705,18.6652,18.705,11709.30796353,0
BSCT.US,D,20220729,000000,18.6751,18.7649,18.6701,18.7649,12794.487510985,0
BSCT.US,D,20220801,000000,18.7349,18.7948,18.7349,18.7549,24558.957096613,0
BSCT.US,D,20220802,000000,18.7469,18.7469,18.5754,18.5754,11828.657654978,0
BSCT.US,D,20220803,000000,18.5654,18.6652,18.5106,18.6652,41809.500734533,0
BSCT.US,D,20220804,000000,18.6851,18.7549,18.6835,18.7549,11393.382309696,0
BSCT.US,D,20220805,000000,18.5455,18.5654,18.4956,18.5605,4023.7895974032,0
BSCT.US,D,20220808,000000,18.6253,18.6652,18.6108,18.6203,19818.066411936,0
BSCT.US,D,20220809,000000,18.5754,18.5754,18.5535,18.5704,9199.9556273628,0
BSCT.US,D,20220810,000000,18.6452,18.7549,18.6452,18.705,59885.462826756,0
BSCT.US,D,20220811,000000,18.7449,18.7748,18.5804,18.5804,25721.362915006,0
BSCT.US,D,20220812,000000,18.6851,18.7748,18.6253,18.7349,29822.378783346,0
BSCT.US,D,20220815,000000,18.7549,18.7649,18.7549,18.7599,3760.0167499164,0
BSCT.US,D,20220816,000000,18.705,18.705,18.6365,18.6901,7608.2920951896,0
BSCT.US,D,20220817,000000,18.5954,18.6203,18.4857,18.5555,72132.345871096,0
BSCT.US,D,20220818,000000,18.6053,18.6353,18.5854,18.5954,18590.46958561,0
BSCT.US,D,20220819,000000,18.4857,18.5355,18.4234,18.4458,25068.449897082,0
BSCT.US,D,20220822,000000,18.366,18.366,18.3162,18.3261,25358.299147742,0
BSCT.US,D,20220823,000000,18.2962,18.386,18.2813,18.3311,14990.923009069,0
BSCT.US,D,20220824,000000,18.2962,18.2962,18.2464,18.28,17137.211577973,0
BSCT.US,D,20220825,000000,18.3062,18.4458,18.2663,18.441,55135.545694826,0
BSCT.US,D,20220826,000000,18.3959,18.4259,18.3214,18.3214,17327.769908857,0
BSCT.US,D,20220829,000000,18.2364,18.2464,18.1866,18.2065,26500.646194463,0
BSCT.US,D,20220830,000000,18.2364,18.2583,18.1467,18.2065,35507.034675191,0
BSCT.US,D,20220831,000000,18.1965,18.2065,18.0819,18.0869,48082.881574951,0
BSCT.US,D,20220901,000000,17.9871,18.0071,17.9074,18.0071,18993.650896217,0
BSCT.US,D,20220902,000000,18.0769,18.1168,18.0569,18.0619,10132.688510111,0
BSCT.US,D,20220906,000000,17.9971,17.9971,17.8775,17.8775,19601.431677878,0
BSCT.US,D,20220907,000000,17.9473,18.047,17.9473,18.037,33410.893035467,0
BSCT.US,D,20220908,000000,18.037,18.0569,18.007,18.0071,9286.2083455524,0
BSCT.US,D,20220909,000000,18.047,18.0869,18.0273,18.032,20385.729650254,0
BSCT.US,D,20220912,000000,18.0869,18.0968,17.9772,17.9921,22562.106376666,0
BSCT.US,D,20220913,000000,17.8525,17.9173,17.8476,17.8874,1842899.647365,0
BSCT.US,D,20220914,000000,17.8874,17.9473,17.8775,17.9173,56492.521598437,0
BSCT.US,D,20220915,000000,17.8974,17.8974,17.8476,17.8476,16125.246547121,0
BSCT.US,D,20220916,000000,17.8366,17.8775,17.8176,17.8674,13610.879518036,0
BSCT.US,D,20220919,000000,17.7578,17.8376,17.7528,17.8276,13859.608286768,0
BSCT.US,D,20220920,000000,17.7279,17.7279,17.6781,17.6833,16472.263297046,0
BSCT.US,D,20220921,000000,17.7279,17.7578,17.698,17.7206,17890.418454257,0
BSCT.US,D,20220922,000000,17.6083,17.6083,17.5285,17.5385,22671.426682278,0
BSCT.US,D,20220923,000000,17.4587,17.5185,17.4437,17.5085,20321.541580903,0
BSCT.US,D,20220926,000000,17.4188,17.4587,17.2593,17.2693,24159.78754034,0
BSCT.US,D,20220927,000000,17.2792,17.2942,17.1128,17.1128,15660.885982914,0
BSCT.US,D,20220928,000000,17.2493,17.4088,17.2294,17.3989,31773.094328448,0
BSCT.US,D,20220929,000000,17.3091,17.3091,17.1895,17.2792,22535.027034908,0
BSCT.US,D,20220930,000000,17.359,17.3989,17.2694,17.2742,40405.386717493,0
BSCT.US,D,20221003,000000,17.4388,17.6182,17.4388,17.4986,107573.18659977,0
BSCT.US,D,20221004,000000,17.5783,17.6282,17.5385,17.5883,95925.057889838,0
BSCT.US,D,20221005,000000,17.4786,17.4836,17.3789,17.3789,97680.200411138,0
BSCT.US,D,20221006,000000,17.4587,17.4587,17.3988,17.4088,15631.80076399,0
BSCT.US,D,20221007,000000,17.349,17.349,17.2892,17.2892,14898.652659378,0
BSCT.US,D,20221010,000000,17.3091,17.3091,17.1596,17.2037,13850.581839516,0
BSCT.US,D,20221011,000000,17.2493,17.2792,17.1795,17.1862,18577.431384023,0
BSCT.US,D,20221012,000000,17.1745,17.1995,17.1596,17.1795,33094.967381633,0
BSCT.US,D,20221013,000000,16.9701,17.2294,16.9651,17.2094,137515.91801315,0
BSCT.US,D,20221014,000000,17.2693,17.2693,17.0798,17.0969,47451.030267283,0
BSCT.US,D,20221017,000000,17.2443,17.2493,17.1396,17.1496,21490.967969381,0
BSCT.US,D,20221018,000000,17.2493,17.2493,17.1616,17.2221,28861.563620257,0
BSCT.US,D,20221019,000000,17.1097,17.1396,17.0399,17.04,20607.379077229,0
BSCT.US,D,20221020,000000,17.0111,17.0798,16.9505,16.9505,77327.567734144,0
BSCT.US,D,20221021,000000,16.9003,17.02,16.8904,17.015,575838.19071252,0
BSCT.US,D,20221024,000000,17.02,17.07,16.98,17.04,20412,0
BSCT.US,D,20221025,000000,17.15,17.2351,17.15,17.1941,50275,0
BSCT.US,D,20221026,000000,17.23,17.29,17.23,17.2454,51508,0
BSCT.US,D,20221027,000000,17.3,17.34,17.25,17.315,54644,0
BSCT.US,D,20221028,000000,17.26,17.34,17.26,17.3245,50602,0
BSCT.US,D,20221031,000000,17.27,17.3,17.2,17.3,34248,0
BSCT.US,D,20221101,000000,17.38,17.38,17.25,17.31,171236,0
BSCT.US,D,20221102,000000,17.33,17.45,17.27,17.2991,92230,0
BSCT.US,D,20221103,000000,17.12,17.24,17.1172,17.23,65768,0
BSCT.US,D,20221104,000000,17.26,17.3,17.2,17.255,285214,0
BSCT.US,D,20221107,000000,17.23,17.24,17.1941,17.24,51668,0
BSCT.US,D,20221108,000000,17.25,17.32,17.23,17.29,124710,0
BSCT.US,D,20221109,000000,17.26,17.31,17.22,17.268,97304,0
BSCT.US,D,20221110,000000,17.55,17.7,17.55,17.7,42190,0
BSCT.US,D,20221111,000000,17.67,17.72,17.663,17.72,55977,0
BSCT.US,D,20221114,000000,17.655,17.71,17.64,17.66,82062,0
BSCT.US,D,20221115,000000,17.7436,17.805,17.7411,17.8,43952,0
BSCT.US,D,20221116,000000,17.849,17.92,17.82,17.8859,45023,0
BSCT.US,D,20221117,000000,17.78,17.81,17.75,17.8,56694,0
BSCT.US,D,20221118,000000,17.81,17.825,17.76,17.78,31404,0
BSCT.US,D,20221121,000000,17.78,17.78,17.715,17.72,19142,0
BSCT.US,D,20221122,000000,17.75,17.82,17.75,17.82,39130,0
BSCT.US,D,20221123,000000,17.845,17.91,17.8427,17.91,48765,0
BSCT.US,D,20221125,000000,17.92,17.925,17.885,17.925,3580,0
BSCT.US,D,20221128,000000,17.87,17.94,17.81,17.83,65710,0
BSCT.US,D,20221129,000000,17.79,17.81,17.765,17.78,39686,0
BSCT.US,D,20221130,000000,17.755,17.95,17.74,17.9437,46482,0
BSCT.US,D,20221201,000000,18.04,18.11,18,18.11,441794,0
BSCT.US,D,20221202,000000,18.04,18.15,17.98,18.15,55900,0
BSCT.US,D,20221205,000000,18.09,18.09,17.98,18.03,72408,0
BSCT.US,D,20221206,000000,18.04,18.085,17.94,18.07,174026,0
BSCT.US,D,20221207,000000,18.13,18.2,18.12,18.1821,53296,0
BSCT.US,D,20221208,000000,18.12,18.17,18.12,18.135,78072,0
BSCT.US,D,20221209,000000,18.08,18.11,18.07,18.0746,79475,0
BSCT.US,D,20221212,000000,18.11,18.122,18.02,18.02,45073,0
BSCT.US,D,20221213,000000,18.24,18.28,18.12,18.1522,50059,0
BSCT.US,D,20221214,000000,18.17,18.23,18.07,18.1937,102395,0
BSCT.US,D,20221215,000000,18.2,18.21,18.15,18.2,77134,0
BSCT.US,D,20221216,000000,18.11,18.1845,18.09,18.17,233286,0
BSCT.US,D,20221219,000000,18.07,18.07,17.98,18.01,55226,0
BSCT.US,D,20221220,000000,17.91,17.91,17.86,17.875,164472,0
BSCT.US,D,20221221,000000,17.94,17.97,17.9203,17.945,118617,0
BSCT.US,D,20221222,000000,17.96,17.97,17.915,17.965,194568,0
BSCT.US,D,20221223,000000,17.89,17.95,17.89,17.9338,200557,0
BSCT.US,D,20221227,000000,17.87,17.88,17.77,17.77,74857,0
BSCT.US,D,20221228,000000,17.83,17.83,17.75,17.765,65583,0
BSCT.US,D,20221229,000000,17.78,17.84,17.77,17.84,71436,0
BSCT.US,D,20221230,000000,17.8189,17.8189,17.74,17.775,94435,0
BSCT.US,D,20230103,000000,17.91,17.91,17.81,17.8211,40349,0
BSCT.US,D,20230104,000000,17.93,17.93,17.8821,17.92,36401,0
BSCT.US,D,20230105,000000,17.81,17.895,17.805,17.88,61268,0
BSCT.US,D,20230106,000000,17.93,18.1293,17.908,18.125,37871,0
BSCT.US,D,20230109,000000,18.12,18.2,18.1158,18.16,92108,0
BSCT.US,D,20230110,000000,18.15,18.15,18.1037,18.15,103303,0
BSCT.US,D,20230111,000000,18.18,18.25,18.18,18.235,102394,0
BSCT.US,D,20230112,000000,18.31,18.39,18.25,18.38,100650,0
BSCT.US,D,20230113,000000,18.36,18.38,18.3026,18.3116,44363,0
BSCT.US,D,20230117,000000,18.3,18.35,18.28,18.31,70815,0
BSCT.US,D,20230118,000000,18.51,18.51,18.42,18.4837,97478,0
BSCT.US,D,20230119,000000,18.41,18.45,18.405,18.41,83857,0
BSCT.US,D,20230120,000000,18.38,18.38,18.32,18.36,57837,0
BSCT.US,D,20230123,000000,18.29,18.3,18.26,18.27,60486,0
BSCT.US,D,20230124,000000,18.31,18.335,18.24,18.325,62521,0
BSCT.US,D,20230125,000000,18.35,18.36,18.308,18.345,108458,0
BSCT.US,D,20230126,000000,18.35,18.35,18.285,18.325,86089,0
BSCT.US,D,20230127,000000,18.28,18.31,18.261,18.295,94166,0
BSCT.US,D,20230130,000000,18.23,18.27,18.22,18.25,102129,0
BSCT.US,D,20230131,000000,18.32,18.35,18.263,18.3426,94277,0
BSCT.US,D,20230201,000000,18.4,18.51,18.32,18.485,100517,0
BSCT.US,D,20230202,000000,18.57,18.62,18.4858,18.5061,82039,0
BSCT.US,D,20230203,000000,18.398,18.398,18.3245,18.335,100015,0
BSCT.US,D,20230206,000000,18.23,18.23,18.17,18.1845,124939,0
BSCT.US,D,20230207,000000,18.18,18.26,18.15,18.17,88315,0
BSCT.US,D,20230208,000000,18.17,18.195,18.14,18.18,99244,0
BSCT.US,D,20230209,000000,18.23,18.23,18.0901,18.095,68482,0
BSCT.US,D,20230210,000000,18.09,18.09,18.01,18.015,65365,0
BSCT.US,D,20230213,000000,18.01,18.04,17.99,18.0309,83033,0
BSCT.US,D,20230214,000000,18,18.02,17.915,17.965,129552,0
BSCT.US,D,20230215,000000,17.95,17.9545,17.9,17.925,55999,0
BSCT.US,D,20230216,000000,17.89,17.95,17.86,17.88,54339,0
BSCT.US,D,20230217,000000,17.85,17.93,17.84,17.91,61635,0
BSCT.US,D,20230221,000000,17.77,17.77,17.7,17.715,69952,0
BSCT.US,D,20230222,000000,17.74,17.77,17.72,17.725,129353,0
BSCT.US,D,20230223,000000,17.74,17.8,17.73,17.795,223827,0
BSCT.US,D,20230224,000000,17.72,17.72,17.66,17.71,61992,0
BSCT.US,D,20230227,000000,17.75,17.75,17.72,17.75,36535,0
BSCT.US,D,20230228,000000,17.7,17.74,17.67,17.74,87187,0
BSCT.US,D,20230301,000000,17.69,17.698,17.61,17.62,102099,0
BSCT.US,D,20230302,000000,17.59,17.645,17.575,17.6272,208311,0
BSCT.US,D,20230303,000000,17.76,17.76,17.66,17.75,947016,0
BSCT.US,D,20230306,000000,17.77,17.77,17.7121,17.715,260636,0
BSCT.US,D,20230307,000000,17.7289,17.7289,17.65,17.655,150436,0
BSCT.US,D,20230308,000000,17.66,17.699,17.5856,17.625,243404,0
BSCT.US,D,20230309,000000,17.648,17.7194,17.6463,17.6933,241371,0
BSCT.US,D,20230310,000000,17.8618,17.91,17.8023,17.8958,604340,0
BSCT.US,D,20230313,000000,18.05,18.185,17.98,18.0376,409221,0
BSCT.US,D,20230314,000000,18,18.0009,17.88,17.93,255837,0
BSCT.US,D,20230315,000000,18.09,18.185,18.03,18.11,594894,0
BSCT.US,D,20230316,000000,18.16,18.16,17.98,18.02,270819,0
BSCT.US,D,20230317,000000,18.0514,18.22,18.0514,18.17,93560,0
BSCT.US,D,20230320,000000,18.09,18.12,18.038,18.055,29977,0
BSCT.US,D,20230321,000000,18.038,18.095,18.0062,18.06,83828,0
BSCT.US,D,20230322,000000,18.04,18.26,18,18.22,176453,0
BSCT.US,D,20230323,000000,18.23,18.34,18.23,18.3347,94407,0
BSCT.US,D,20230324,000000,18.42,18.42,18.33,18.375,72639,0
BSCT.US,D,20230327,000000,18.212,18.24,18.19,18.205,74338,0
BSCT.US,D,20230328,000000,18.17,18.1792,18.1201,18.135,64515,0
BSCT.US,D,20230329,000000,18.11,18.2,18.09,18.16,94593,0
BSCT.US,D,20230330,000000,18.13,18.192,18.13,18.19,75595,0
BSCT.US,D,20230331,000000,18.2,18.33,18.2,18.2948,75423,0
BSCT.US,D,20230403,000000,18.268,18.42,18.268,18.4079,62920,0
BSCT.US,D,20230404,000000,18.37,18.49,18.37,18.47,64565,0
BSCT.US,D,20230405,000000,18.52,18.56,18.47,18.505,110551,0
BSCT.US,D,20230406,000000,18.53,18.53,18.47,18.48,139739,0
BSCT.US,D,20230410,000000,18.34,18.37,18.3,18.365,120109,0
BSCT.US,D,20230411,000000,18.36,18.38,18.32,18.365,175922,0
BSCT.US,D,20230412,000000,18.46,18.46,18.3708,18.395,608508,0
BSCT.US,D,20230413,000000,18.46,18.46,18.4,18.4055,264171,0
BSCT.US,D,20230414,000000,18.38,18.38,18.32,18.355,71784,0
BSCT.US,D,20230417,000000,18.3,18.31,18.265,18.275,66349,0
BSCT.US,D,20230418,000000,18.29,18.31,18.27,18.29,72807,0
BSCT.US,D,20230419,000000,18.26,18.26,18.2,18.205,132568,0
BSCT.US,D,20230420,000000,18.27,18.29,18.26,18.2752,61063,0
BSCT.US,D,20230421,000000,18.36,18.36,18.25,18.285,67146,0
BSCT.US,D,20230424,000000,18.23,18.29,18.23,18.29,44398,0
BSCT.US,D,20230425,000000,18.3686,18.415,18.36,18.4054,135002,0
BSCT.US,D,20230426,000000,18.41,18.42,18.3198,18.345,72446,0
BSCT.US,D,20230427,000000,18.31,18.31,18.255,18.255,40134,0
BSCT.US,D,20230428,000000,18.35,18.36,18.3017,18.3455,55869,0
BSCT.US,D,20230501,000000,18.28,18.298,18.2,18.2,34532,0
BSCT.US,D,20230502,000000,18.24,18.375,18.235,18.365,72761,0
BSCT.US,D,20230503,000000,18.4,18.44,18.38,18.435,179903,0
BSCT.US,D,20230504,000000,18.4,18.52,18.4,18.46,83692,0
BSCT.US,D,20230505,000000,18.4,18.4091,18.345,18.375,43962,0
BSCT.US,D,20230508,000000,18.3,18.319,18.27,18.275,48942,0
BSCT.US,D,20230509,000000,18.2638,18.3,18.2601,18.285,64616,0
BSCT.US,D,20230510,000000,18.34,18.406,18.34,18.405,68799,0
BSCT.US,D,20230511,000000,18.47,18.47,18.4,18.405,100246,0
BSCT.US,D,20230512,000000,18.412,18.415,18.31,18.3286,115649,0
BSCT.US,D,20230515,000000,18.28,18.3,18.2744,18.295,78566,0
BSCT.US,D,20230516,000000,18.26,18.26,18.2163,18.235,83324,0
BSCT.US,D,20230517,000000,18.26,18.26,18.17,18.175,109508,0
BSCT.US,D,20230518,000000,18.13,18.13,18.0897,18.1,54644,0
BSCT.US,D,20230519,000000,18.1,18.125,18.06,18.075,77198,0
BSCT.US,D,20230522,000000,18.04,18.04,17.99,18.01,41483,0
BSCT.US,D,20230523,000000,17.995,18.04,17.98,18.035,72470,0
BSCT.US,D,20230524,000000,18.05,18.05,17.968,17.985,67595,0
BSCT.US,D,20230525,000000,17.95,17.95,17.89,17.89,71438,0
BSCT.US,D,20230526,000000,17.87,17.91,17.84,17.9,106753,0
BSCT.US,D,20230530,000000,17.97,18.03,17.9501,18.03,66985,0
BSCT.US,D,20230531,000000,18.04,18.09,18.0073,18.073,76696,0
BSCT.US,D,20230601,000000,18.12,18.145,18.1,18.13,53034,0
BSCT.US,D,20230602,000000,18.1,18.1,18.04,18.05,44942,0
BSCT.US,D,20230605,000000,18.03,18.065,17.97,18.055,47842,0
BSCT.US,D,20230606,000000,18.07,18.07,17.9999,18.04,71711,0
BSCT.US,D,20230607,000000,18.02,18.028,17.91,17.935,222499,0
BSCT.US,D,20230608,000000,17.97,18.035,17.97,18.035,138522,0
BSCT.US,D,20230609,000000,17.97,18.05,17.95,17.95,274275,0
BSCT.US,D,20230612,000000,17.99,18.01,17.9431,18.0058,148232,0
BSCT.US,D,20230613,000000,18.05,18.05,17.91,17.925,207085,0
BSCT.US,D,20230614,000000,17.98,18.02,17.88,17.93,109562,0
BSCT.US,D,20230615,000000,17.99,18.06,17.99,18.055,212560,0
BSCT.US,D,20230616,000000,17.99,18.02,17.975,18.01,84277,0
BSCT.US,D,20230620,000000,17.96,18,17.96,17.985,71508,0
BSCT.US,D,20230621,000000,17.96,18,17.925,17.99,132699,0
BSCT.US,D,20230622,000000,17.96,17.96,17.9013,17.93,86066,0
BSCT.US,D,20230623,000000,18.02,18.02,17.9298,17.955,91415,0
BSCT.US,D,20230626,000000,17.9785,18,17.97,18,66297,0
BSCT.US,D,20230627,000000,18,18,17.929,17.94,70636,0
BSCT.US,D,20230628,000000,17.98,18.01,17.955,18.0053,225716,0
BSCT.US,D,20230629,000000,17.9,17.905,17.87,17.9,87397,0
BSCT.US,D,20230630,000000,17.92,17.96,17.895,17.9453,217793,0
BSCT.US,D,20230703,000000,17.96,17.9899,17.9266,17.9345,30521,0
BSCT.US,D,20230705,000000,17.95,17.95,17.85,17.86,149026,0
BSCT.US,D,20230706,000000,17.76,17.76,17.67,17.745,77771,0
BSCT.US,D,20230707,000000,17.74,17.8099,17.74,17.77,46432,0
BSCT.US,D,20230710,000000,17.76,17.87,17.76,17.865,64980,0
BSCT.US,D,20230711,000000,17.88,17.91,17.87,17.885,132780,0
BSCT.US,D,20230712,000000,18.03,18.07,18.01,18.07,225455,0
BSCT.US,D,20230713,000000,18.14,18.18,18.1345,18.1748,212464,0
BSCT.US,D,20230714,000000,18.13,18.15,18.0617,18.065,144227,0
BSCT.US,D,20230717,000000,18.06,18.09,18.0537,18.085,79998,0
BSCT.US,D,20230718,000000,18.16,18.16,18.09,18.095,134960,0
BSCT.US,D,20230719,000000,18.15,18.15,18.101,18.135,113966,0
BSCT.US,D,20230720,000000,18.06,18.06,18.0028,18.045,77001,0
BSCT.US,D,20230721,000000,18.06,18.07,18.05,18.055,55637,0
BSCT.US,D,20230724,000000,18.029,18.04,17.96,17.96,90892,0
BSCT.US,D,20230725,000000,17.93,17.956,17.92,17.9508,74922,0
BSCT.US,D,20230726,000000,17.99,18.04,17.96,18.03,102753,0
BSCT.US,D,20230727,000000,17.99,18.019,17.88,17.915,110357,0
BSCT.US,D,20230728,000000,17.97,17.989,17.94,17.975,100552,0
BSCT.US,D,20230731,000000,17.99,18.04,17.975,18.02,177528,0
BSCT.US,D,20230801,000000,17.96,17.98,17.92,17.9259,165387,0
BSCT.US,D,20230802,000000,17.9,17.91,17.86,17.895,184866,0
BSCT.US,D,20230803,000000,17.825,17.86,17.81,17.845,48952,0
BSCT.US,D,20230804,000000,17.91,18,17.91,17.9847,46641,0
BSCT.US,D,20230807,000000,17.99,18,17.96,17.995,69345,0
BSCT.US,D,20230808,000000,18.03,18.0399,18,18.015,465181,0
BSCT.US,D,20230809,000000,18.01,18.03,17.9925,18.005,73022,0
BSCT.US,D,20230810,000000,18.02,18.048,17.9,17.9134,97233,0
BSCT.US,D,20230811,000000,17.86,17.8999,17.84,17.845,62714,0
BSCT.US,D,20230814,000000,17.83,17.84,17.7982,17.815,48724,0
BSCT.US,D,20230815,000000,17.83,17.8329,17.7621,17.775,46472,0
BSCT.US,D,20230816,000000,17.8,17.82,17.715,17.74,76723,0
BSCT.US,D,20230817,000000,17.74,17.75,17.68,17.705,71331,0
BSCT.US,D,20230818,000000,17.71,17.78,17.71,17.76,237736,0
BSCT.US,D,20230821,000000,17.66,17.669,17.61,17.63,66647,0
BSCT.US,D,20230822,000000,17.63,17.65,17.61,17.61,74178,0
BSCT.US,D,20230823,000000,17.71,17.7873,17.71,17.77,135495,0
BSCT.US,D,20230824,000000,17.74,17.755,17.7107,17.7234,167606,0
BSCT.US,D,20230825,000000,17.72,17.73,17.662,17.6985,98544,0
BSCT.US,D,20230828,000000,17.73,17.75,17.71,17.75,58638,0
BSCT.US,D,20230829,000000,17.74,17.87,17.7315,17.865,87600,0
BSCT.US,D,20230830,000000,17.88,17.89,17.85,17.855,101810,0
BSCT.US,D,20230831,000000,17.89,17.9085,17.86,17.895,136374,0
BSCT.US,D,20230901,000000,17.909,17.91,17.83,17.86,80705,0
BSCT.US,D,20230905,000000,17.82,17.82,17.77,17.775,135580,0
BSCT.US,D,20230906,000000,17.77,17.78,17.7,17.72,70028,0
BSCT.US,D,20230907,000000,17.74,17.78,17.7232,17.775,92579,0
BSCT.US,D,20230908,000000,17.83,17.83,17.765,17.775,76083,0
BSCT.US,D,20230911,000000,17.78,17.78,17.7452,17.765,56253,0
BSCT.US,D,20230912,000000,17.76,17.77,17.74,17.755,49510,0
BSCT.US,D,20230913,000000,17.75,17.8,17.7401,17.77,96243,0
BSCT.US,D,20230914,000000,17.82,17.82,17.77,17.785,132019,0
BSCT.US,D,20230915,000000,17.75,17.76,17.73,17.75,66697,0
BSCT.US,D,20230918,000000,17.67,17.6932,17.6615,17.685,80073,0
BSCT.US,D,20230919,000000,17.67,17.67,17.6301,17.645,145035,0
BSCT.US,D,20230920,000000,17.7,17.71,17.62,17.62,149446,0
BSCT.US,D,20230921,000000,17.565,17.6,17.55,17.57,111641,0
BSCT.US,D,20230922,000000,17.59,17.63,17.58,17.63,92947,0
BSCT.US,D,20230925,000000,17.58,17.6,17.55,17.58,153132,0
BSCT.US,D,20230926,000000,17.59,17.59,17.53,17.545,195270,0
BSCT.US,D,20230927,000000,17.59,17.59,17.44,17.465,346117,0
BSCT.US,D,20230928,000000,17.49,17.53,17.438,17.53,129314,0
BSCT.US,D,20230929,000000,17.57,17.59,17.52,17.525,50440,0
BSCT.US,D,20231002,000000,17.45,17.47,17.41,17.41,210895,0
BSCT.US,D,20231003,000000,17.4,17.42,17.31,17.31,295196,0
BSCT.US,D,20231004,000000,17.38,17.42,17.334,17.42,118314,0
BSCT.US,D,20231005,000000,17.47,17.47,17.4,17.43,135304,0
BSCT.US,D,20231006,000000,17.35,17.4,17.3214,17.39,136678,0
BSCT.US,D,20231009,000000,17.4699,17.55,17.456,17.545,98530,0
BSCT.US,D,20231010,000000,17.5,17.57,17.485,17.535,67090,0
BSCT.US,D,20231011,000000,17.59,17.59,17.51,17.55,115868,0
BSCT.US,D,20231012,000000,17.52,17.5329,17.4501,17.475,193235,0
BSCT.US,D,20231013,000000,17.55,17.56,17.4941,17.515,63048,0
BSCT.US,D,20231016,000000,17.49,17.49,17.45,17.455,88566,0
BSCT.US,D,20231017,000000,17.37,17.37,17.3,17.32,110734,0
BSCT.US,D,20231018,000000,17.3,17.31,17.24,17.24,71344,0
BSCT.US,D,20231019,000000,17.22,17.2679,17.2,17.225,145105,0
BSCT.US,D,20231020,000000,17.26,17.3,17.26,17.3,85473,0
BSCT.US,D,20231023,000000,17.24,17.31,17.185,17.3,75312,0
BSCT.US,D,20231024,000000,17.305,17.3287,17.27,17.3,123924,0
BSCT.US,D,20231025,000000,17.27,17.39,17.22,17.25,306321,0
BSCT.US,D,20231026,000000,17.26,17.33,17.26,17.325,100999,0
BSCT.US,D,20231027,000000,17.33,17.33,17.3,17.32,67412,0
BSCT.US,D,20231030,000000,17.32,17.325,17.28,17.315,192768,0
BSCT.US,D,20231031,000000,17.3,17.33,17.29,17.31,109760,0
BSCT.US,D,20231101,000000,17.33,17.46,17.3184,17.455,239334,0
BSCT.US,D,20231102,000000,17.55,17.55,17.4992,17.515,202567,0
BSCT.US,D,20231103,000000,17.65,17.69,17.62,17.63,135862,0
BSCT.US,D,20231106,000000,17.61,17.61,17.54,17.56,94927,0
BSCT.US,D,20231107,000000,17.57,17.63,17.56,17.6,105184,0
BSCT.US,D,20231108,000000,17.63,17.64,17.6081,17.61,121403,0
BSCT.US,D,20231109,000000,17.6079,17.61,17.52,17.52,115003,0
BSCT.US,D,20231110,000000,17.62,17.62,17.54,17.58,113671,0
BSCT.US,D,20231113,000000,17.56,17.58,17.51,17.56,107847,0
BSCT.US,D,20231114,000000,17.79,17.8,17.765,17.77,179365,0
BSCT.US,D,20231115,000000,17.76,17.76,17.7,17.71,163778,0
BSCT.US,D,20231116,000000,17.81,17.83,17.78,17.82,343006,0
BSCT.US,D,20231117,000000,17.83,17.84,17.7988,17.82,286094,0
BSCT.US,D,20231120,000000,17.77,17.7999,17.75,17.79,186311,0
BSCT.US,D,20231121,000000,17.81,17.825,17.8,17.82,266941,0
BSCT.US,D,20231122,000000,17.84,17.86,17.8,17.84,127134,0
BSCT.US,D,20231124,000000,17.81,17.82,17.7901,17.815,21606,0
BSCT.US,D,20231127,000000,17.85,17.89,17.82,17.89,135583,0
BSCT.US,D,20231128,000000,17.89,17.98,17.87,17.98,149757,0
BSCT.US,D,20231129,000000,18.06,18.0764,18.03,18.06,420530,0
BSCT.US,D,20231130,000000,18.06,18.06,17.99,18.03,146047,0
BSCT.US,D,20231201,000000,18.02,18.158,18.01,18.14,171357,0
BSCT.US,D,20231204,000000,18.12,18.13,18.07,18.09,949899,0
BSCT.US,D,20231205,000000,18.11,18.15,18.0938,18.14,276332,0
BSCT.US,D,20231206,000000,18.18,18.18,18.14,18.15,261093,0
BSCT.US,D,20231207,000000,18.16,18.1953,18.1443,18.17,145852,0
BSCT.US,D,20231208,000000,18.09,18.105,18.065,18.08,243724,0
BSCT.US,D,20231211,000000,18.065,18.08,18.04,18.08,205594,0
BSCT.US,D,20231212,000000,18.11,18.14,18.08,18.14,191292,0
BSCT.US,D,20231213,000000,18.18,18.39,18.1631,18.37,517259,0
BSCT.US,D,20231214,000000,18.46,18.51,18.45,18.46,441376,0
BSCT.US,D,20231215,000000,18.43,18.46,18.42,18.435,582266,0
BSCT.US,D,20231218,000000,18.4,18.4,18.35,18.355,1377414,0
BSCT.US,D,20231219,000000,18.41,18.41,18.3525,18.37,170284,0
BSCT.US,D,20231220,000000,18.43,18.43,18.375,18.43,483516,0
BSCT.US,D,20231221,000000,18.46,18.47,18.42,18.44,612992,0
BSCT.US,D,20231222,000000,18.48,18.48,18.44,18.45,360396,0
BSCT.US,D,20231226,000000,18.46,18.47,18.4231,18.46,202875,0
BSCT.US,D,20231227,000000,18.5,18.57,18.4852,18.57,161814,0
BSCT.US,D,20231228,000000,18.55,18.56,18.52,18.54,210060,0
BSCT.US,D,20231229,000000,18.52,18.55,18.51,18.545,173658,0
BSCT.US,D,20240102,000000,18.45,18.47,18.4272,18.44,229774,0
BSCT.US,D,20240103,000000,18.38,18.45,18.36,18.44,262295,0
BSCT.US,D,20240104,000000,18.38,18.39,18.36,18.385,202577,0
BSCT.US,D,20240105,000000,18.34,18.44,18.34,18.35,191411,0
BSCT.US,D,20240108,000000,18.41,18.44,18.37,18.4,263108,0
BSCT.US,D,20240109,000000,18.43,18.43,18.39,18.42,738228,0
BSCT.US,D,20240110,000000,18.45,18.465,18.39,18.41,188776,0
BSCT.US,D,20240111,000000,18.43,18.51,18.415,18.5,244115,0
BSCT.US,D,20240112,000000,18.54,18.58,18.52,18.56,543991,0
BSCT.US,D,20240116,000000,18.5,18.58,18.43,18.44,299792,0
BSCT.US,D,20240117,000000,18.4,18.41,18.37,18.39,349773,0
BSCT.US,D,20240118,000000,18.43,18.43,18.36,18.37,187247,0
BSCT.US,D,20240119,000000,18.36,18.38,18.325,18.37,144690,0
BSCT.US,D,20240122,000000,18.35,18.35,18.33,18.3347,134251,0
BSCT.US,D,20240123,000000,18.33,18.33,18.285,18.31,395872,0
BSCT.US,D,20240124,000000,18.37,18.37,18.28,18.29,154680,0
BSCT.US,D,20240125,000000,18.37,18.37,18.32,18.36,160327,0
BSCT.US,D,20240126,000000,18.37,18.37,18.32,18.33,787938,0
BSCT.US,D,20240129,000000,18.41,18.41,18.37,18.385,159982,0
BSCT.US,D,20240130,000000,18.38,18.4,18.34,18.385,177990,0
BSCT.US,D,20240131,000000,18.45,18.4899,18.42,18.47,304965,0
BSCT.US,D,20240201,000000,18.49,18.54,18.47,18.52,153629,0
BSCT.US,D,20240202,000000,18.39,18.41,18.36,18.41,263093,0
BSCT.US,D,20240205,000000,18.34,18.35,18.28,18.305,159890,0
BSCT.US,D,20240206,000000,18.34,18.39,18.3159,18.37,382991,0
BSCT.US,D,20240207,000000,18.36,18.41,18.349,18.36,298189,0
BSCT.US,D,20240208,000000,18.33,18.34,18.3,18.315,165704,0
BSCT.US,D,20240209,000000,18.28,18.31,18.2655,18.31,316564,0
BSCT.US,D,20240212,000000,18.31,18.33,18.29,18.325,507151,0
BSCT.US,D,20240213,000000,18.22,18.23,18.16,18.18,224520,0
BSCT.US,D,20240214,000000,18.23,18.24,18.195,18.24,431887,0
BSCT.US,D,20240215,000000,18.31,18.31,18.25,18.29,2786153,0
BSCT.US,D,20240216,000000,18.2,18.23,18.19,18.225,328563,0
BSCT.US,D,20240220,000000,18.27,18.27,18.2,18.215,410824,0
BSCT.US,D,20240221,000000,18.23,18.23,18.16,18.19,255323,0
BSCT.US,D,20240222,000000,18.17,18.186,18.15,18.15,308218,0
BSCT.US,D,20240223,000000,18.17,18.21,18.16,18.19,816751,0
BSCT.US,D,20240226,000000,18.2,18.2,18.13,18.14,362725,0
BSCT.US,D,20240227,000000,18.16,18.1693,18.13,18.14,139650,0
BSCT.US,D,20240228,000000,18.14,18.16,18.12,18.14,203456,0
BSCT.US,D,20240229,000000,18.18,18.2,18.15,18.17,266372,0
BSCT.US,D,20240301,000000,18.16,18.26,18.119,18.255,200927,0
BSCT.US,D,20240304,000000,18.23,18.23,18.21,18.225,176696,0
BSCT.US,D,20240305,000000,18.27,18.2887,18.25,18.28,178405,0
BSCT.US,D,20240306,000000,18.31,18.34,18.28,18.3,140067,0
BSCT.US,D,20240307,000000,18.33,18.35,18.31,18.35,206228,0
BSCT.US,D,20240308,000000,18.38,18.4,18.36,18.37,146485,0
BSCT.US,D,20240311,000000,18.39,18.39,18.34,18.36,155214,0
BSCT.US,D,20240312,000000,18.36,18.36,18.31,18.315,222242,0
BSCT.US,D,20240313,000000,18.3,18.32,18.29,18.3,378376,0
BSCT.US,D,20240314,000000,18.26,18.26,18.21,18.22,325612,0
BSCT.US,D,20240315,000000,18.21,18.22,18.19,18.21,157529,0
BSCT.US,D,20240318,000000,18.16,18.16,18.13,18.13,126999,0
BSCT.US,D,20240319,000000,18.17,18.2,18.16,18.195,207738,0
BSCT.US,D,20240320,000000,18.19,18.24,18.18,18.24,174285,0
BSCT.US,D,20240321,000000,18.26,18.26,18.23,18.24,172839,0
BSCT.US,D,20240322,000000,18.31,18.31,18.27,18.285,232611,0
BSCT.US,D,20240325,000000,18.29,18.29,18.25,18.26,208294,0
BSCT.US,D,20240326,000000,18.23,18.25,18.22,18.25,367276,0
BSCT.US,D,20240327,000000,18.26,18.31,18.25,18.31,390105,0
BSCT.US,D,20240328,000000,18.295,18.31,18.28,18.3,243504,0
BSCT.US,D,20240401,000000,18.28,18.28,18.18,18.2,278570,0
BSCT.US,D,20240402,000000,18.21,18.21,18.15,18.2,877046,0
BSCT.US,D,20240403,000000,18.18,18.22,18.15,18.22,217225,0
BSCT.US,D,20240404,000000,18.32,18.32,18.19,18.22,184446,0
BSCT.US,D,20240405,000000,18.18,18.215,18.17,18.17,169047,0
BSCT.US,D,20240408,000000,18.17,18.17,18.1404,18.145,211178,0
BSCT.US,D,20240409,000000,18.2,18.215,18.18,18.195,175136,0
BSCT.US,D,20240410,000000,18.07,18.07,18,18.015,214855,0
BSCT.US,D,20240411,000000,18.06,18.06,17.99,18.01,191384,0
BSCT.US,D,20240412,000000,18.06,18.08,18.04,18.0549,191797,0
BSCT.US,D,20240415,000000,17.99,17.99,17.94,17.95,231842,0
BSCT.US,D,20240416,000000,17.93,17.93,17.88,17.915,184366,0
BSCT.US,D,20240417,000000,17.97,18.01,17.9413,17.98,313077,0
BSCT.US,D,20240418,000000,17.97,17.97,17.9223,17.93,148680,0
BSCT.US,D,20240419,000000,17.97,17.97,17.9496,17.955,155265,0
BSCT.US,D,20240422,000000,17.9,17.9201,17.88,17.915,136074,0
BSCT.US,D,20240423,000000,17.89,17.99,17.89,17.96,180687,0
BSCT.US,D,20240424,000000,17.94,17.94,17.9,17.91,331317,0
BSCT.US,D,20240425,000000,17.85,17.89,17.84,17.885,375966,0
BSCT.US,D,20240426,000000,17.91,17.93,17.91,17.915,394996,0
BSCT.US,D,20240429,000000,17.96,17.9783,17.94,17.965,341847,0
BSCT.US,D,20240430,000000,17.93,17.94,17.9,17.91,545472,0
BSCT.US,D,20240501,000000,17.93,18.01,17.915,17.97,260988,0
BSCT.US,D,20240502,000000,17.99,18.05,17.96,18.05,471235,0
BSCT.US,D,20240503,000000,18.15,18.15,18.09,18.13,176406,0
BSCT.US,D,20240506,000000,18.15,18.16,18.125,18.15,510313,0
BSCT.US,D,20240507,000000,18.18,18.19,18.14,18.15,249173,0
BSCT.US,D,20240508,000000,18.13,18.14,18.118,18.13,210054,0
BSCT.US,D,20240509,000000,18.13,18.15,18.11,18.14,232526,0
BSCT.US,D,20240510,000000,18.13,18.13,18.09,18.11,194288,0
BSCT.US,D,20240513,000000,18.13,18.14,18.1,18.11,173411,0
BSCT.US,D,20240514,000000,18.12,18.15,18.12,18.145,131290,0
BSCT.US,D,20240515,000000,18.21,18.2486,18.2,18.2349,181601,0
BSCT.US,D,20240516,000000,18.24,18.24,18.19,18.2,403483,0
BSCT.US,D,20240517,000000,18.19,18.205,18.18,18.18,136474,0
BSCT.US,D,20240520,000000,18.11,18.1185,18.095,18.11,310376,0
BSCT.US,D,20240521,000000,18.12,18.14,18.12,18.13,214351,0
BSCT.US,D,20240522,000000,18.1,18.125,18.09,18.1,375830,0
BSCT.US,D,20240523,000000,18.1,18.1,18.03,18.05,199776,0
BSCT.US,D,20240524,000000,18.05,18.07,18.0312,18.07,281675,0
BSCT.US,D,20240528,000000,18.1,18.1,18.02,18.02,245601,0
BSCT.US,D,20240529,000000,18.03,18.03,17.965,17.975,149317,0
BSCT.US,D,20240530,000000,18.03,18.05,18.01,18.05,150923,0
BSCT.US,D,20240531,000000,18.08,18.1098,18.07,18.1,249343,0
BSCT.US,D,20240603,000000,18.12,18.18,18.12,18.18,179355,0
BSCT.US,D,20240604,000000,18.21,18.23,18.1901,18.215,267019,0
BSCT.US,D,20240605,000000,18.23,18.25,18.2,18.25,280122,0
BSCT.US,D,20240606,000000,18.25,18.26,18.24,18.24,918031,0
BSCT.US,D,20240607,000000,18.17,18.17,18.1399,18.14,431392,0
BSCT.US,D,20240610,000000,18.14,18.14,18.12,18.14,211628,0
BSCT.US,D,20240611,000000,18.13,18.19,18.13,18.17,302330,0
BSCT.US,D,20240612,000000,18.31,18.3288,18.24,18.24,250767,0
BSCT.US,D,20240613,000000,18.29,18.33,18.29,18.3,253742,0
BSCT.US,D,20240614,000000,18.28,18.3199,18.27,18.295,319373,0
BSCT.US,D,20240617,000000,18.26,18.26,18.24,18.24,214845,0
BSCT.US,D,20240618,000000,18.3,18.31,18.27,18.2966,297766,0
BSCT.US,D,20240620,000000,18.26,18.28,18.25,18.27,226320,0
BSCT.US,D,20240621,000000,18.3,18.3,18.2596,18.275,297936,0
BSCT.US,D,20240624,000000,18.22,18.22,18.2,18.21,478001,0
BSCT.US,D,20240625,000000,18.21,18.21,18.185,18.2,387315,0
BSCT.US,D,20240626,000000,18.14,18.165,18.14,18.16,289606,0
BSCT.US,D,20240627,000000,18.17,18.195,18.17,18.18,218064,0
BSCT.US,D,20240628,000000,18.23,18.23,18.15,18.16,333276,0
BSCT.US,D,20240701,000000,18.13,18.14,18.09,18.12,608502,0
BSCT.US,D,20240702,000000,18.17,18.18,18.14,18.17,487568,0
BSCT.US,D,20240703,000000,18.17,18.2395,18.17,18.22,118817,0
BSCT.US,D,20240705,000000,18.29,18.32,18.27,18.31,190320,0
BSCT.US,D,20240708,000000,18.3,18.32,18.28,18.31,289058,0
BSCT.US,D,20240709,000000,18.3,18.3,18.27,18.29,196247,0
BSCT.US,D,20240710,000000,18.31,18.319,18.29,18.305,292047,0
BSCT.US,D,20240711,000000,18.4,18.4,18.37,18.4,445257,0
BSCT.US,D,20240712,000000,18.41,18.43,18.38,18.43,256171,0
BSCT.US,D,20240715,000000,18.41,18.43,18.39,18.4,359885,0
BSCT.US,D,20240716,000000,18.41,18.4399,18.39,18.435,320440,0
BSCT.US,D,20240717,000000,18.41,18.45,18.4,18.43,449345,0
BSCT.US,D,20240718,000000,18.42,18.445,18.4,18.4,243499,0
BSCT.US,D,20240719,000000,18.44,18.44,18.37,18.38,152065,0
BSCT.US,D,20240722,000000,18.32,18.32,18.28,18.3,299169,0
BSCT.US,D,20240723,000000,18.31,18.3287,18.3,18.31,472568,0
BSCT.US,D,20240724,000000,18.34,18.3493,18.28,18.28,309952,0
BSCT.US,D,20240725,000000,18.31,18.33,18.29,18.3,357774,0
BSCT.US,D,20240726,000000,18.37,18.37,18.335,18.36,287268,0
BSCT.US,D,20240729,000000,18.38,18.39,18.36,18.38,265071,0
BSCT.US,D,20240730,000000,18.47,18.47,18.365,18.39,616755,0
BSCT.US,D,20240731,000000,18.47,18.47,18.39,18.47,794854,0
BSCT.US,D,20240801,000000,18.55,18.55,18.48,18.53,315166,0
BSCT.US,D,20240802,000000,18.53,18.6691,18.53,18.66,632192,0
BSCT.US,D,20240805,000000,18.69,18.7,18.6,18.63,383408,0
BSCT.US,D,20240806,000000,18.61,18.61,18.56,18.56,247867,0
BSCT.US,D,20240807,000000,18.58,18.58,18.515,18.525,234317,0
BSCT.US,D,20240808,000000,18.51,18.54,18.4901,18.51,353108,0
BSCT.US,D,20240809,000000,18.58,18.58,18.54,18.56,223496,0
BSCT.US,D,20240812,000000,18.55,18.59,18.535,18.58,225034,0
BSCT.US,D,20240813,000000,18.63,18.66,18.6201,18.65,317635,0
BSCT.US,D,20240814,000000,18.68,18.7,18.66,18.68,219487,0
BSCT.US,D,20240815,000000,18.6,18.62,18.59,18.62,252785,0
BSCT.US,D,20240816,000000,18.64,18.659,18.6113,18.655,260415,0
BSCT.US,D,20240819,000000,18.58,18.6,18.57,18.58,286270,0
BSCT.US,D,20240820,000000,18.63,18.63,18.605,18.63,321254,0
BSCT.US,D,20240821,000000,18.65,18.69,18.63,18.665,345341,0
BSCT.US,D,20240822,000000,18.66,18.66,18.6,18.625,268797,0
BSCT.US,D,20240823,000000,18.67,18.71,18.64,18.71,382692,0
BSCT.US,D,20240826,000000,18.73,18.73,18.685,18.69,357561,0
BSCT.US,D,20240827,000000,18.67,18.71,18.66,18.71,546069,0
BSCT.US,D,20240828,000000,18.7,18.7179,18.69,18.7,380000,0
BSCT.US,D,20240829,000000,18.69,18.69,18.67,18.69,285736,0
BSCT.US,D,20240830,000000,18.68,18.7,18.66,18.67,346047,0
BSCT.US,D,20240903,000000,18.71,18.729,18.69,18.72,496939,0
BSCT.US,D,20240904,000000,18.72,18.78,18.72,18.78,743139,0
BSCT.US,D,20240905,000000,18.81,18.81,18.76,18.81,950599,0
BSCT.US,D,20240906,000000,18.82,18.87,18.785,18.825,401514,0
BSCT.US,D,20240909,000000,18.83,18.85,18.81,18.84,240334,0
BSCT.US,D,20240910,000000,18.85,18.88,18.8385,18.87,392071,0
BSCT.US,D,20240911,000000,18.83,18.8895,18.83,18.87,404869,0
BSCT.US,D,20240912,000000,18.86,18.865,18.82,18.86,319454,0
BSCT.US,D,20240913,000000,18.9,18.91,18.88,18.9,365351,0
BSCT.US,D,20240916,000000,18.9,18.93,18.89,18.92,228316,0
BSCT.US,D,20240917,000000,18.92,18.92,18.89,18.92,385308,0
BSCT.US,D,20240918,000000,18.9,18.96,18.87,18.89,487685,0
BSCT.US,D,20240919,000000,18.9,18.9179,18.88,18.91,562734,0
BSCT.US,D,20240920,000000,18.89,18.93,18.865,18.92,715894,0
BSCT.US,D,20240923,000000,18.83,18.8599,18.81,18.83,361704,0
BSCT.US,D,20240924,000000,18.83,18.87,18.8147,18.87,395965,0
BSCT.US,D,20240925,000000,18.85,18.85,18.82,18.82,299325,0
BSCT.US,D,20240926,000000,18.83,18.83,18.78,18.8,467731,0
BSCT.US,D,20240927,000000,18.84,18.86,18.82,18.85,457656,0
BSCT.US,D,20240930,000000,18.86,18.86,18.8,18.81,324058,0
BSCT.US,D,20241001,000000,18.83,18.88,18.83,18.86,360820,0
BSCT.US,D,20241002,000000,18.81,18.85,18.81,18.84,359677,0
BSCT.US,D,20241003,000000,18.82,18.82,18.78,18.78,657324,0
BSCT.US,D,20241004,000000,18.71,18.71,18.67,18.68,372940,0
BSCT.US,D,20241007,000000,18.65,18.65,18.63,18.64,445463,0
BSCT.US,D,20241008,000000,18.62,18.66,18.62,18.65,729559,0
BSCT.US,D,20241009,000000,18.66,18.66,18.62,18.64,310366,0
BSCT.US,D,20241010,000000,18.65,18.65,18.6019,18.64,1569708,0
BSCT.US,D,20241011,000000,18.65,18.67,18.6315,18.67,258792,0
BSCT.US,D,20241014,000000,18.68,18.68,18.62,18.65,222711,0
BSCT.US,D,20241015,000000,18.69,18.69,18.67,18.68,730172,0
BSCT.US,D,20241016,000000,18.72,18.72,18.7,18.71,316511,0
BSCT.US,D,20241017,000000,18.68,18.68,18.6513,18.665,400515,0
BSCT.US,D,20241018,000000,18.68,18.7,18.66,18.68,619589,0
BSCT.US,D,20241021,000000,18.57,18.58,18.52,18.53,404961,0
BSCT.US,D,20241022,000000,18.54,18.54,18.4939,18.52,525091,0
BSCT.US,D,20241023,000000,18.47,18.4899,18.452,18.47,494604,0
BSCT.US,D,20241024,000000,18.52,18.52,18.48,18.5,473399,0
BSCT.US,D,20241025,000000,18.55,18.55,18.47,18.48,393802,0
BSCT.US,D,20241028,000000,18.5,18.5,18.44,18.47,466308,0
BSCT.US,D,20241029,000000,18.43,18.48,18.41,18.48,616985,0
BSCT.US,D,20241030,000000,18.5,18.505,18.43,18.44,350234,0
BSCT.US,D,20241031,000000,18.42,18.44,18.38,18.42,280234,0
BSCT.US,D,20241101,000000,18.45,18.46,18.38,18.385,1729826,0
BSCT.US,D,20241104,000000,18.45,18.47,18.4209,18.44,362465,0
