<TICKER>,<PER>,<DATE>,<TIME>,<OPEN>,<HIGH>,<LOW>,<CLOSE>,<VOL>,<OPENINT>
BSCU.US,D,20200918,000000,19.6041,20.1445,19.6041,19.6807,13888.843710375,0
BSCU.US,D,20200921,000000,19.6717,19.6717,19.6519,19.6519,654.0536209096,0
BSCU.US,D,20200922,000000,19.6717,19.6717,19.6329,19.6329,2391.1637753684,0
BSCU.US,D,20200923,000000,19.6329,19.6329,19.5045,19.5294,11489.642409712,0
BSCU.US,D,20200924,000000,19.5244,19.5543,19.4528,19.4558,11959.83763949,0
BSCU.US,D,20200925,000000,19.4756,19.4756,19.4209,19.4209,1722.03979453,0
BSCU.US,D,20200928,000000,19.4657,19.5244,19.4657,19.5145,2234.432032109,0
BSCU.US,D,20200929,000000,19.5344,19.5344,19.5145,19.5344,8494.6595465295,0
BSCU.US,D,20200930,000000,19.5244,19.5244,19.5045,19.5045,7066.9941159418,0
BSCU.US,D,20201001,000000,19.5443,19.5642,19.5443,19.5642,1808.4431914551,0
BSCU.US,D,20201002,000000,19.5344,19.5543,19.5344,19.5344,3762.5665288886,0
BSCU.US,D,20201005,000000,19.5244,19.5543,19.4756,19.4876,10941.081308303,0
BSCU.US,D,20201006,000000,19.5045,19.5045,19.5045,19.5045,1017.7516405245,0
BSCU.US,D,20201007,000000,19.4946,19.5543,19.4946,19.5045,3211.9960461567,0
BSCU.US,D,20201008,000000,19.5742,19.5742,19.5642,19.5692,529.47197883158,0
BSCU.US,D,20201009,000000,19.5642,19.5941,19.5543,19.5652,918.28726499443,0
BSCU.US,D,20201012,000000,19.6329,19.6617,19.6329,19.6429,4525.1267412855,0
BSCU.US,D,20201013,000000,19.6519,19.6519,19.6229,19.6329,2665.4443260725,0
BSCU.US,D,20201015,000000,19.6329,19.6329,19.5911,19.5911,7601.489548083,0
BSCU.US,D,20201016,000000,19.6229,19.6329,19.6041,19.6051,1329.2057457195,0
BSCU.US,D,20201019,000000,19.6041,19.614,19.5742,19.5742,1944.0764308142,0
BSCU.US,D,20201020,000000,19.5244,19.5523,19.5244,19.5523,185.86777245511,0
BSCU.US,D,20201021,000000,19.5443,19.5443,19.5344,19.5443,556.59862670341,0
BSCU.US,D,20201022,000000,19.5145,19.5145,19.4876,19.4876,817.81819880248,0
BSCU.US,D,20201023,000000,19.5165,19.5543,19.5165,19.5344,2840.2605012465,0
BSCU.US,D,20201026,000000,19.5543,19.5841,19.5443,19.5841,4976.2328484873,0
BSCU.US,D,20201027,000000,19.6041,19.6041,19.5841,19.6041,559.61269868917,0
BSCU.US,D,20201028,000000,19.5642,19.5642,19.5393,19.5393,3557.609633857,0
BSCU.US,D,20201029,000000,19.4946,19.5045,19.4846,19.4846,609.84723178514,0
BSCU.US,D,20201030,000000,19.4756,19.4756,19.407,19.407,509.37816559319,0
BSCU.US,D,20201102,000000,19.4607,19.4627,19.4607,19.4627,100.46906619195,0
BSCU.US,D,20201103,000000,19.4558,19.4558,19.4458,19.4458,1187.5443623889,0
BSCU.US,D,20201104,000000,19.6229,19.7205,19.6229,19.6957,842.93546535047,0
BSCU.US,D,20201105,000000,19.7593,19.7593,19.7424,19.7424,200.9381323839,0
BSCU.US,D,20201109,000000,19.6429,19.6519,19.6229,19.6229,5243.4805645579,0
BSCU.US,D,20201110,000000,19.6329,19.6717,19.6051,19.6051,903.21690506564,0
BSCU.US,D,20201111,000000,19.6041,19.6329,19.6041,19.6229,417.95131535852,0
BSCU.US,D,20201112,000000,19.6617,19.7055,19.6617,19.7055,711.32098863901,0
BSCU.US,D,20201113,000000,19.7055,19.7205,19.7055,19.7055,459.14363249722,0
BSCU.US,D,20201116,000000,19.7205,19.7493,19.7205,19.7443,5569.0003390198,0
BSCU.US,D,20201119,000000,19.8967,19.8967,19.8967,19.8967,179.83962848359,0
BSCU.US,D,20201120,000000,19.8867,19.8967,19.8678,19.8678,715.33975128669,0
BSCU.US,D,20201123,000000,19.8678,19.8678,19.8678,19.8678,385.80121417709,0
BSCU.US,D,20201124,000000,19.8867,19.8867,19.8867,19.8867,200.9381323839,0
BSCU.US,D,20201127,000000,19.9365,19.9365,19.9265,19.9265,183.85839113127,0
BSCU.US,D,20201130,000000,19.9365,19.9733,19.9365,19.9733,511.38754691703,0
BSCU.US,D,20201201,000000,19.9962,19.9962,19.8967,19.9086,3721.3742117499,0
BSCU.US,D,20201202,000000,19.8867,19.8867,19.8867,19.8867,252.1773561418,0
BSCU.US,D,20201207,000000,19.9664,19.9664,19.9166,19.9166,210.9850390031,0
BSCU.US,D,20201208,000000,19.9166,19.9315,19.9016,19.9016,4681.8584845449,0
BSCU.US,D,20201209,000000,19.8867,19.8867,19.8091,19.8091,4531.154885257,0
BSCU.US,D,20201210,000000,19.8389,19.9166,19.8389,19.8917,285372.33561162,0
BSCU.US,D,20201211,000000,19.9166,19.9265,19.8778,19.8917,12935.392272214,0
BSCU.US,D,20201214,000000,19.9763,19.9763,19.8489,19.8957,12981.608042662,0
BSCU.US,D,20201215,000000,19.9166,19.9464,19.9066,19.9414,7523.1236764533,0
BSCU.US,D,20201216,000000,19.9265,19.9564,19.9255,19.9265,4818.496414566,0
BSCU.US,D,20201217,000000,19.9365,19.9365,19.9265,19.9265,2123.9160592978,0
BSCU.US,D,20201218,000000,19.9564,20.0062,19.9265,19.9265,13926.017264867,0
BSCU.US,D,20201221,000000,19.9962,19.9962,19.8967,19.8967,21753.562211882,0
BSCU.US,D,20201222,000000,19.9962,19.9962,19.9355,19.9464,2113.8691526786,0
BSCU.US,D,20201223,000000,19.9464,19.9664,19.9066,19.9564,35349.036248976,0
BSCU.US,D,20201224,000000,19.9763,19.9962,19.9763,19.9862,5412.2685957604,0
BSCU.US,D,20201228,000000,19.9763,20.026,19.9763,20.0161,8799.0808170911,0
BSCU.US,D,20201229,000000,19.9862,20.046,19.9862,20.028,12470.220495745,0
BSCU.US,D,20201230,000000,20.056,20.0758,20.026,20.046,12262.249528728,0
BSCU.US,D,20201231,000000,20.0758,20.0858,20.056,20.056,19929.043969836,0
BSCU.US,D,20210104,000000,20.0658,20.0658,19.9962,19.9962,25335.284421625,0
BSCU.US,D,20210105,000000,19.9763,20.0658,19.9464,19.9514,12344.634163005,0
BSCU.US,D,20210106,000000,19.8191,19.829,19.7891,19.829,10446.773502639,0
BSCU.US,D,20210107,000000,19.7991,19.8081,19.7891,19.7991,4320.1698462539,0
BSCU.US,D,20210108,000000,19.8191,19.829,19.7493,19.7593,13711.013463216,0
BSCU.US,D,20210111,000000,19.7394,19.7483,19.6907,19.6907,19533.195849039,0
BSCU.US,D,20210112,000000,19.6319,19.6995,19.6319,19.6917,1562.2939792848,0
BSCU.US,D,20210113,000000,19.7793,19.8589,19.7793,19.8191,9607.8567999363,0
BSCU.US,D,20210114,000000,19.8678,19.8678,19.7793,19.7793,10513.083086326,0
BSCU.US,D,20210115,000000,19.8171,19.8489,19.8091,19.8091,11913.621869041,0
BSCU.US,D,20210119,000000,19.8678,19.8678,19.8091,19.8091,18590.796008158,0
BSCU.US,D,20210120,000000,19.8439,19.8589,19.8091,19.8091,16254.890219196,0
BSCU.US,D,20210121,000000,19.7793,19.7891,19.7693,19.7693,17546.922410424,0
BSCU.US,D,20210122,000000,19.8191,19.8389,19.7593,19.7593,32665.507490989,0
BSCU.US,D,20210125,000000,19.829,19.829,19.8191,19.829,26175.205814989,0
BSCU.US,D,20210126,000000,19.829,19.8389,19.8191,19.8191,6391.8419911319,0
BSCU.US,D,20210127,000000,19.9166,19.9166,19.7991,19.8091,11438.403185954,0
BSCU.US,D,20210128,000000,19.8191,19.8191,19.7991,19.7991,7980.2579276267,0
BSCU.US,D,20210129,000000,19.7205,19.7394,19.7135,19.7255,9022.1221440372,0
BSCU.US,D,20210201,000000,19.7991,19.7991,19.7593,19.7593,14283.68714051,0
BSCU.US,D,20210202,000000,19.7295,19.7493,19.7255,19.7255,10548.247259493,0
BSCU.US,D,20210203,000000,19.7593,19.7793,19.7345,19.7345,1217.6850822464,0
BSCU.US,D,20210204,000000,19.7105,19.7295,19.7015,19.7165,3773.6181261697,0
BSCU.US,D,20210205,000000,19.7295,19.7295,19.7205,19.7205,3319.4979469821,0
BSCU.US,D,20210208,000000,19.7285,19.7434,19.7205,19.7205,24251.223197413,0
BSCU.US,D,20210209,000000,19.7295,19.7295,19.7295,19.7295,567.65022398452,0
BSCU.US,D,20210210,000000,19.7543,19.7593,19.7543,19.7593,2920.6357542,0
BSCU.US,D,20210211,000000,19.7793,19.7793,19.7295,19.7295,11395.201487491,0
BSCU.US,D,20210212,000000,19.7105,19.7205,19.6857,19.6857,4277.9728384533,0
BSCU.US,D,20210216,000000,19.6509,19.6509,19.5234,19.5234,8476.5751146149,0
BSCU.US,D,20210217,000000,19.5334,19.5632,19.5324,19.5583,10158.427282668,0
BSCU.US,D,20210218,000000,19.5284,19.5831,19.5284,19.5533,8223.3930678112,0
BSCU.US,D,20210219,000000,19.5433,19.5632,19.4438,19.4438,54452.224494713,0
BSCU.US,D,20210222,000000,19.405,19.4229,19.3354,19.3354,2193.2397149703,0
BSCU.US,D,20210223,000000,19.3552,19.3552,19.3552,19.3552,345.61358770031,0
BSCU.US,D,20210224,000000,19.3652,19.3752,19.3502,19.3752,9667.1335489895,0
BSCU.US,D,20210225,000000,19.2268,19.2268,19.0586,19.0586,16305.124752292,0
BSCU.US,D,20210226,000000,19.187,19.2268,19.1273,19.2268,14862.388961775,0
BSCU.US,D,20210301,000000,19.2756,19.2846,19.2517,19.2656,8683.5413909703,0
BSCU.US,D,20210302,000000,19.3054,19.3054,19.2736,19.2856,14081.744317464,0
BSCU.US,D,20210303,000000,19.1671,19.197,19.1671,19.1671,1815.4760260886,0
BSCU.US,D,20210304,000000,19.1472,19.1671,18.9999,19.0099,16342.298306783,0
BSCU.US,D,20210305,000000,18.9421,18.9471,18.9023,18.9471,10756.21822651,0
BSCU.US,D,20210308,000000,18.9123,18.9123,18.8028,18.8028,5086.7488212985,0
BSCU.US,D,20210309,000000,18.9799,18.9799,18.8923,18.8923,1925.9919988997,0
BSCU.US,D,20210310,000000,18.9521,19.0099,18.9521,18.9799,8606.1802100025,0
BSCU.US,D,20210311,000000,18.9899,19.0198,18.9859,18.9859,10487.965819778,0
BSCU.US,D,20210312,000000,18.8426,18.8516,18.8227,18.8227,15329.570119567,0
BSCU.US,D,20210315,000000,18.8625,18.8675,18.8525,18.8575,3330.5495442632,0
BSCU.US,D,20210316,000000,18.8625,18.8625,18.8396,18.8476,19082.089741837,0
BSCU.US,D,20210317,000000,18.7929,18.9123,18.7839,18.8426,21522.48335964,0
BSCU.US,D,20210318,000000,18.6983,18.753,18.6983,18.7331,3518.4266980421,0
BSCU.US,D,20210319,000000,18.6933,18.7431,18.6933,18.7082,5084.7394399746,0
BSCU.US,D,20210322,000000,18.8028,18.8426,18.7829,18.7879,34681.921649461,0
BSCU.US,D,20210323,000000,18.8227,18.8525,18.8227,18.8327,3510.3891727468,0
BSCU.US,D,20210324,000000,18.8825,18.8825,18.8426,18.8725,3028.1376550254,0
BSCU.US,D,20210325,000000,18.8923,18.9023,18.8625,18.8625,3942.4061573722,0
BSCU.US,D,20210326,000000,18.8426,18.8725,18.8426,18.8625,6932.3655672446,0
BSCU.US,D,20210329,000000,18.8317,18.8327,18.7929,18.7929,19269.966895616,0
BSCU.US,D,20210330,000000,18.7729,18.8028,18.7321,18.8028,2333.896407639,0
BSCU.US,D,20210331,000000,18.8327,18.8625,18.8277,18.8327,3211.9960461567,0
BSCU.US,D,20210401,000000,18.9322,18.9471,18.9322,18.9471,2671.472470044,0
BSCU.US,D,20210405,000000,18.8923,18.9322,18.8625,18.8625,35368.125371552,0
BSCU.US,D,20210406,000000,18.9421,18.9899,18.9421,18.9749,7361.3684798842,0
BSCU.US,D,20210407,000000,18.9949,19.0287,18.9799,18.9799,7038.8627774081,0
BSCU.US,D,20210408,000000,19.0297,19.0497,19.0247,19.0347,10688.903952161,0
BSCU.US,D,20210409,000000,18.9999,19.0885,18.9899,18.9949,14137.00230387,0
BSCU.US,D,20210412,000000,18.9849,19.0099,18.9799,18.9849,13294.066838519,0
BSCU.US,D,20210413,000000,18.9899,19.0596,18.9899,19.0596,1781.3165435833,0
BSCU.US,D,20210414,000000,19.0616,19.0685,19.0447,19.0536,7607.5176920545,0
BSCU.US,D,20210415,000000,19.1382,19.198,19.1382,19.188,2760.8899389548,0
BSCU.US,D,20210416,000000,19.0984,19.1372,19.0795,19.0795,12763.590169025,0
BSCU.US,D,20210419,000000,19.0148,19.0695,18.9999,18.9999,17086.774087265,0
BSCU.US,D,20210420,000000,18.9999,19.0596,18.9999,19.0447,9615.8943252316,0
BSCU.US,D,20210421,000000,19.0596,19.0795,19.0297,19.0695,7077.041022561,0
BSCU.US,D,20210422,000000,19.1084,19.1084,19.0815,19.0925,7548.2409430013,0
BSCU.US,D,20210423,000000,19.1273,19.1283,19.1004,19.1034,5818.1636231759,0
BSCU.US,D,20210426,000000,19.1133,19.1183,19.0984,19.0984,9985.620488818,0
BSCU.US,D,20210427,000000,19.0984,19.0984,19.0247,19.0247,4826.5339398613,0
BSCU.US,D,20210428,000000,19.0148,19.0586,18.9859,19.0347,6078.378504613,0
BSCU.US,D,20210429,000000,18.9799,18.9999,18.9421,18.9949,16985.300330411,0
BSCU.US,D,20210430,000000,18.9999,19.0297,18.9929,19.0148,4357.3434007449,0
BSCU.US,D,20210503,000000,19.0795,19.0795,19.0546,19.0546,5611.1973468205,0
BSCU.US,D,20210504,000000,19.0695,19.0835,19.0586,19.0695,1102.1456561257,0
BSCU.US,D,20210505,000000,19.0984,19.1153,19.0885,19.0885,13076.048964882,0
BSCU.US,D,20210507,000000,19.198,19.198,19.1233,19.1233,7119.2380303616,0
BSCU.US,D,20210510,000000,19.1681,19.188,19.0984,19.0984,7865.7231921678,0
BSCU.US,D,20210511,000000,19.0397,19.0497,19.0397,19.0497,1931.0154522093,0
BSCU.US,D,20210512,000000,18.9749,18.9799,18.9123,18.9273,7651.724081179,0
BSCU.US,D,20210513,000000,18.9849,19.0297,18.9721,19.0049,12340.615400357,0
BSCU.US,D,20210514,000000,19.0397,19.0785,19.0397,19.0695,2692.5709739443,0
BSCU.US,D,20210517,000000,19.0646,19.0695,19.0546,19.0596,3676.1631319635,0
BSCU.US,D,20210518,000000,19.0885,19.0984,19.0297,19.0297,6354.6684366409,0
BSCU.US,D,20210519,000000,19.0297,19.0497,18.9511,18.9691,7160.4303475003,0
BSCU.US,D,20210520,000000,19.0497,19.0984,19.0497,19.0795,17191.261916105,0
BSCU.US,D,20210521,000000,19.1283,19.1283,19.0695,19.0885,9442.0828407195,0
BSCU.US,D,20210524,000000,19.0695,19.0984,19.0596,19.0695,8533.8424823443,0
BSCU.US,D,20210525,000000,19.1283,19.1382,19.1183,19.1382,2202.2819309276,0
BSCU.US,D,20210526,000000,19.1502,19.1571,19.1283,19.1283,2455.4639777313,0
BSCU.US,D,20210527,000000,19.0885,19.0984,19.0606,19.0795,4010.7251223827,0
BSCU.US,D,20210528,000000,19.1273,19.1283,19.1084,19.1084,6360.6965806124,0
BSCU.US,D,20210601,000000,19.0596,19.1183,19.0596,19.1084,7256.8806510446,0
BSCU.US,D,20210602,000000,19.1382,19.1581,19.1283,19.1482,12975.57989869,0
BSCU.US,D,20210603,000000,19.0875,19.0875,19.0695,19.0695,1225.7226075418,0
BSCU.US,D,20210604,000000,19.0198,19.198,19.0198,19.178,3949.4389920056,0
BSCU.US,D,20210607,000000,19.178,19.188,19.1681,19.1681,2761.8946296167,0
BSCU.US,D,20210608,000000,19.2368,19.2467,19.2368,19.2368,2637.3129875387,0
BSCU.US,D,20210609,000000,19.3462,19.3462,19.2964,19.3064,3233.094550057,0
BSCU.US,D,20210610,000000,19.386,19.386,19.3762,19.3762,643.00202362849,0
BSCU.US,D,20210611,000000,19.405,19.4348,19.386,19.386,13565.333317238,0
BSCU.US,D,20210614,000000,19.3264,19.3462,19.3174,19.3412,1646.6879948861,0
BSCU.US,D,20210615,000000,19.396,19.396,19.3363,19.3462,4616.5535915201,0
BSCU.US,D,20210616,000000,19.3762,19.406,19.2467,19.2467,4403.5591711932,0
BSCU.US,D,20210617,000000,19.3462,19.3652,19.3264,19.3264,1415.6091426446,0
BSCU.US,D,20210618,000000,19.386,19.4866,19.3462,19.406,9407.9233582143,0
BSCU.US,D,20210621,000000,19.3612,19.4249,19.3612,19.3762,7392.5138904037,0
BSCU.US,D,20210623,000000,19.3752,19.3762,19.3412,19.3412,6876.1028901771,0
BSCU.US,D,20210624,000000,19.3602,19.3652,19.3562,19.3612,1033.8266911152,0
BSCU.US,D,20210625,000000,19.3562,19.3562,19.2866,19.3174,1380.4449694774,0
BSCU.US,D,20210628,000000,19.3762,19.4249,19.3762,19.391,6894.1873220917,0
BSCU.US,D,20210629,000000,19.4249,19.4249,19.406,19.406,1793.3728315263,0
BSCU.US,D,20210630,000000,19.4597,19.4746,19.4458,19.4458,10748.180701215,0
BSCU.US,D,20210701,000000,19.4348,19.4348,19.406,19.4348,2563.9705692186,0
BSCU.US,D,20210702,000000,19.4538,19.4647,19.4528,19.4528,2637.3129875387,0
BSCU.US,D,20210706,000000,19.5443,19.614,19.5443,19.5543,3984.6031651728,0
BSCU.US,D,20210707,000000,19.614,19.6229,19.609,19.614,3734.4351903548,0
BSCU.US,D,20210708,000000,19.6329,19.7325,19.6041,19.618,8917.6343151976,0
BSCU.US,D,20210709,000000,19.5642,19.5742,19.5393,19.5393,1475.8905823598,0
BSCU.US,D,20210712,000000,19.5642,19.5642,19.5055,19.5393,4323.1839182396,0
BSCU.US,D,20210713,000000,19.5642,19.5642,19.5244,19.5244,1143.3379732644,0
BSCU.US,D,20210714,000000,19.5742,19.5742,19.5244,19.5543,1023.779784496,0
BSCU.US,D,20210715,000000,19.6329,19.6329,19.5742,19.614,3755.5336942551,0
BSCU.US,D,20210716,000000,19.5941,19.6041,19.5791,19.5941,1001.6765899338,0
BSCU.US,D,20210719,000000,19.6827,19.7025,19.6827,19.6877,3878.1059550093,0
BSCU.US,D,20210720,000000,19.7105,19.7225,19.6777,19.6777,9862.0435374019,0
BSCU.US,D,20210721,000000,19.5841,19.5901,19.5841,19.5861,448.0920352161,0
BSCU.US,D,20210723,000000,19.6219,19.6229,19.618,19.618,792.70093225449,0
BSCU.US,D,20210726,000000,19.6329,19.6329,19.609,19.609,2494.6469135461,0
BSCU.US,D,20210727,000000,19.6578,19.6647,19.6578,19.6647,694.24124738638,0
BSCU.US,D,20210728,000000,19.6449,19.6927,19.6449,19.6927,1003.6859712576,0
BSCU.US,D,20210729,000000,19.6529,19.6827,19.6449,19.6677,3494.3141221561,0
BSCU.US,D,20210730,000000,19.7325,19.7325,19.6977,19.6977,4384.4700486167,0
BSCU.US,D,20210802,000000,19.7623,19.8021,19.7623,19.7723,6712.3383122842,0
BSCU.US,D,20210803,000000,19.7921,19.8021,19.7723,19.7723,3154.7286784273,0
BSCU.US,D,20210804,000000,19.8041,19.822,19.7125,19.7523,1595.4487711282,0
BSCU.US,D,20210806,000000,19.6627,19.6627,19.5791,19.5791,5359.0199906787,0
BSCU.US,D,20210809,000000,19.5244,19.5344,19.5115,19.5115,881.11371050341,0
BSCU.US,D,20210810,000000,19.4936,19.4946,19.4697,19.4697,469.19053911641,0
BSCU.US,D,20210811,000000,19.4836,19.5085,19.4836,19.5085,133.62385803529,0
BSCU.US,D,20210812,000000,19.4548,19.5065,19.4548,19.5045,5167.124074252,0
BSCU.US,D,20210813,000000,19.614,19.614,19.5841,19.6041,3695.25225454,0
BSCU.US,D,20210816,000000,19.6627,19.6627,19.6229,19.6379,1686.8756213629,0
BSCU.US,D,20210817,000000,19.618,19.618,19.609,19.609,1715.0069598966,0
BSCU.US,D,20210818,000000,19.6529,19.6529,19.5642,19.5692,19333.262407317,0
BSCU.US,D,20210819,000000,19.5991,19.6329,19.5891,19.609,5574.0237923294,0
BSCU.US,D,20210820,000000,19.5841,19.6329,19.5841,19.5991,7760.2306726663,0
BSCU.US,D,20210823,000000,19.5841,19.6041,19.5752,19.5891,3248.1649099858,0
BSCU.US,D,20210824,000000,19.5642,19.5732,19.5543,19.5543,2713.6694778446,0
BSCU.US,D,20210825,000000,19.5324,19.5324,19.4846,19.4846,3814.8104433084,0
BSCU.US,D,20210826,000000,19.7025,19.7025,19.4647,19.4806,15599.831907625,0
BSCU.US,D,20210827,000000,19.5443,19.5642,19.5443,19.5642,4121.2410951938,0
BSCU.US,D,20210830,000000,19.5841,19.6229,19.5781,19.614,14200.29781557,0
BSCU.US,D,20210831,000000,19.6041,19.613,19.5841,19.5841,1174.4833837839,0
BSCU.US,D,20210901,000000,19.5941,19.5991,19.5941,19.5991,1155.3942612074,0
BSCU.US,D,20210902,000000,19.618,19.6329,19.6041,19.6229,8962.8453949839,0
BSCU.US,D,20210903,000000,19.5821,19.5941,19.5821,19.5841,1245.8164207802,0
BSCU.US,D,20210907,000000,19.5344,19.5344,19.4995,19.5045,3124.5879585697,0
BSCU.US,D,20210908,000000,19.5234,19.5742,19.5224,19.5493,1680.8474773913,0
BSCU.US,D,20210909,000000,19.6429,19.6429,19.6279,19.6329,1646.6879948861,0
BSCU.US,D,20210910,000000,19.5543,19.6329,19.5543,19.5791,18520.467661824,0
BSCU.US,D,20210913,000000,19.6041,19.6329,19.6041,19.6229,3006.0344604632,0
BSCU.US,D,20210914,000000,19.6379,19.6727,19.6379,19.6578,7120.2427210236,0
BSCU.US,D,20210915,000000,19.6927,19.6927,19.615,19.6279,5303.7620042731,0
BSCU.US,D,20210916,000000,19.6031,19.614,19.5851,19.5991,5899.5435667914,0
BSCU.US,D,20210917,000000,19.5742,19.5742,19.5593,19.5593,3602.8207136434,0
BSCU.US,D,20210920,000000,19.5742,19.6379,19.5742,19.6219,9535.5190722781,0
BSCU.US,D,20210921,000000,19.6229,19.6229,19.618,19.618,4108.1801165889,0
BSCU.US,D,20210922,000000,19.5443,19.6429,19.5443,19.6379,1394.5106387443,0
BSCU.US,D,20210923,000000,19.5931,19.5941,19.5334,19.5334,4574.3565837195,0
BSCU.US,D,20210924,000000,19.5443,19.5443,19.4736,19.4896,1685.8709307009,0
BSCU.US,D,20210927,000000,19.4647,19.4946,19.4448,19.4647,5401.2169984793,0
BSCU.US,D,20210928,000000,19.3612,19.396,19.3412,19.3412,6253.194679787,0
BSCU.US,D,20210929,000000,19.3762,19.3762,19.3412,19.3462,7270.9463203115,0
BSCU.US,D,20210930,000000,19.3264,19.3562,19.3264,19.3363,1545.2142380322,0
BSCU.US,D,20211001,000000,19.416,19.4348,19.406,19.4348,1870.7340124941,0
BSCU.US,D,20211004,000000,19.4239,19.4249,19.411,19.411,1997.325035896,0
BSCU.US,D,20211005,000000,19.405,19.406,19.3612,19.3612,12846.979493965,0
BSCU.US,D,20211006,000000,19.3762,19.3762,19.3363,19.3462,7183.5382327245,0
BSCU.US,D,20211007,000000,19.3264,19.3264,19.2816,19.2816,9096.4692530192,0
BSCU.US,D,20211008,000000,19.2069,19.2467,19.2069,19.2119,5298.7385509635,0
BSCU.US,D,20211011,000000,19.197,19.3164,19.1741,19.1741,9846.9731774731,0
BSCU.US,D,20211012,000000,19.2368,19.2467,19.2168,19.2467,7730.0899528087,0
BSCU.US,D,20211013,000000,19.2866,19.3264,19.2866,19.3064,1022.7750938341,0
BSCU.US,D,20211014,000000,19.3652,19.396,19.3652,19.3762,8386.1529550421,0
BSCU.US,D,20211015,000000,19.3264,19.3363,19.3014,19.3014,11383.145199548,0
BSCU.US,D,20211018,000000,19.2368,19.2368,19.2368,19.2368,476.22337374985,0
BSCU.US,D,20211019,000000,19.187,19.197,19.1571,19.1621,3065.3112095164,0
BSCU.US,D,20211020,000000,19.1522,19.1671,19.1422,19.1422,5468.5312728279,0
BSCU.US,D,20211021,000000,19.1571,19.1571,19.0825,19.0825,6262.2368957443,0
BSCU.US,D,20211022,000000,19.1163,19.1561,19.1163,19.1273,7502.025172553,0
BSCU.US,D,20211025,000000,19.1671,19.192,19.1571,19.1571,18581.753792201,0
BSCU.US,D,20211026,000000,19.1671,19.2168,19.1472,19.197,38926.739696071,0
BSCU.US,D,20211027,000000,19.3363,19.3363,19.2964,19.2964,2304.7603784434,0
BSCU.US,D,20211028,000000,19.3064,19.3363,19.2566,19.2566,13549.258266647,0
BSCU.US,D,20211029,000000,19.2268,19.2866,19.2268,19.2666,8736.789996052,0
BSCU.US,D,20211101,000000,19.2467,19.2566,19.2268,19.2318,7328.2136880409,0
BSCU.US,D,20211102,000000,19.2517,19.3064,19.2368,19.2766,2249.5023920378,0
BSCU.US,D,20211103,000000,19.2766,19.2766,19.2467,19.2616,4063.9737274644,0
BSCU.US,D,20211104,000000,19.3164,19.3662,19.2964,19.3462,4764.2431188223,0
BSCU.US,D,20211105,000000,19.4846,19.4846,19.3762,19.4548,24440.105041854,0
BSCU.US,D,20211108,000000,19.4348,19.4348,19.386,19.401,9549.5847415449,0
BSCU.US,D,20211109,000000,19.5244,19.5244,19.4398,19.4398,13175.513340412,0
BSCU.US,D,20211110,000000,19.391,19.391,19.2964,19.2964,7638.663102574,0
BSCU.US,D,20211111,000000,19.2816,19.2866,19.2368,19.2368,25209.698088885,0
BSCU.US,D,20211112,000000,19.3164,19.3164,19.2418,19.2467,7973.2250929932,0
BSCU.US,D,20211115,000000,19.3064,19.3562,19.1472,19.1472,9243.1540896595,0
BSCU.US,D,20211116,000000,19.1571,19.177,19.1084,19.1163,37013.808675777,0
BSCU.US,D,20211117,000000,19.1571,19.177,19.1223,19.1721,22976.270747437,0
BSCU.US,D,20211118,000000,19.196,19.2069,19.187,19.187,3915.2795095003,0
BSCU.US,D,20211119,000000,19.2666,19.2666,19.2318,19.2318,6482.2641507047,0
BSCU.US,D,20211122,000000,19.1472,19.1472,19.0477,19.0477,7420.6452289375,0
BSCU.US,D,20211123,000000,19.0227,19.0287,18.9701,18.9701,2158.0755418031,0
BSCU.US,D,20211124,000000,19.0079,19.0079,18.9302,18.9879,10384.4826816,0
BSCU.US,D,20211126,000000,19.0865,19.1074,19.0865,19.1034,1206.6334849653,0
BSCU.US,D,20211129,000000,19.2268,19.2268,19.0974,19.1323,3701.2803985115,0
BSCU.US,D,20211130,000000,19.2517,19.2517,19.177,19.177,2291.6993998384,0
BSCU.US,D,20211201,000000,19.197,19.197,19.1372,19.1721,19351.346839232,0
BSCU.US,D,20211202,000000,19.177,19.197,19.177,19.192,2842.2698825703,0
BSCU.US,D,20211203,000000,19.2069,19.3014,19.197,19.3014,117954.702472,0
BSCU.US,D,20211206,000000,19.2964,19.2964,19.2268,19.2268,6143.6833976378,0
BSCU.US,D,20211207,000000,19.2268,19.2418,19.2268,19.2418,660.08176488112,0
BSCU.US,D,20211208,000000,19.193,19.193,19.1422,19.1721,2287.6806371907,0
BSCU.US,D,20211209,000000,19.197,19.2119,19.1681,19.177,2913.6029195666,0
BSCU.US,D,20211210,000000,19.2368,19.2467,19.191,19.2069,6335.5793140644,0
BSCU.US,D,20211213,000000,19.3363,19.3363,19.2806,19.2806,2552.9189719375,0
BSCU.US,D,20211214,000000,19.2268,19.2368,19.2168,19.2168,6229.082103901,0
BSCU.US,D,20211215,000000,19.2368,19.2368,19.196,19.2368,3615.8816922483,0
BSCU.US,D,20211216,000000,19.2955,19.2964,19.2806,19.2806,2700.6084992396,0
BSCU.US,D,20211217,000000,19.3264,19.3264,19.2876,19.2964,2754.8617949833,0
BSCU.US,D,20211220,000000,19.2964,19.3064,19.2467,19.2556,29296.779701573,0
BSCU.US,D,20211221,000000,19.2168,19.2566,19.177,19.2467,12983.617423985,0
BSCU.US,D,20211222,000000,19.2467,19.2766,19.2268,19.2566,19288.05132753,0
BSCU.US,D,20211223,000000,19.2178,19.2566,19.197,19.2418,23245.527844832,0
BSCU.US,D,20211227,000000,19.2458,19.2964,19.2458,19.2866,75351.799643963,0
BSCU.US,D,20211228,000000,19.3004,19.3264,19.2766,19.2866,60550.696812565,0
BSCU.US,D,20211229,000000,19.2268,19.2268,19.177,19.197,55869.843018682,0
BSCU.US,D,20211230,000000,19.2467,19.2766,19.197,19.2766,26815.193766632,0
BSCU.US,D,20211231,000000,19.2566,19.2616,19.2268,19.2268,6671.1459951455,0
BSCU.US,D,20220103,000000,19.1173,19.1173,19.0675,19.0775,27084.450864026,0
BSCU.US,D,20220104,000000,19.0377,19.0875,19.0217,19.0875,7890.8404587158,0
BSCU.US,D,20220105,000000,18.9591,19.1074,18.9591,18.9879,46110.277928796,0
BSCU.US,D,20220106,000000,18.9293,18.973,18.9243,18.9491,4306.104176987,0
BSCU.US,D,20220107,000000,18.8993,18.9243,18.8595,18.8785,436283.90586656,0
BSCU.US,D,20220110,000000,18.8795,18.9093,18.8098,18.8635,16158.439915651,0
BSCU.US,D,20220111,000000,18.8496,18.9193,18.8496,18.9083,8052.5956552849,0
BSCU.US,D,20220112,000000,18.9591,18.9879,18.9143,18.9293,42574.771489501,0
BSCU.US,D,20220113,000000,18.9979,18.9979,18.9143,18.9611,2547.8955186279,0
BSCU.US,D,20220114,000000,18.9293,18.9293,18.8307,18.8347,11266.601082765,0
BSCU.US,D,20220118,000000,18.7899,18.7899,18.6804,18.6804,153004.34090372,0
BSCU.US,D,20220119,000000,18.6008,18.7998,18.6008,18.7202,624126.900163,0
BSCU.US,D,20220120,000000,18.7441,18.75,18.6953,18.7052,328026.47766341,0
BSCU.US,D,20220121,000000,18.76,18.8098,18.76,18.7998,39230.156275971,0
BSCU.US,D,20220124,000000,18.765,18.7998,18.7401,18.7401,20796.092011072,0
BSCU.US,D,20220125,000000,18.75,18.76,18.7003,18.7003,17389.185976502,0
BSCU.US,D,20220126,000000,18.7102,18.7202,18.5708,18.5858,30752.576470694,0
BSCU.US,D,20220127,000000,18.6107,18.6704,18.6058,18.6276,26296.773385081,0
BSCU.US,D,20220128,000000,18.6008,18.6406,18.5908,18.6406,5741.80713287,0
BSCU.US,D,20220131,000000,18.6107,18.6804,18.6107,18.6555,33925.389581036,0
BSCU.US,D,20220201,000000,18.6604,18.6904,18.6406,18.6804,36548.636899308,0
BSCU.US,D,20220202,000000,18.7202,18.75,18.6804,18.6804,73410.737285134,0
BSCU.US,D,20220203,000000,18.6008,18.6008,18.551,18.5708,33747.559333876,0
BSCU.US,D,20220204,000000,18.4724,18.4724,18.3728,18.4176,18547.594309696,0
BSCU.US,D,20220207,000000,18.3977,18.4724,18.3977,18.4276,18133.661756985,0
BSCU.US,D,20220208,000000,18.3429,18.4226,18.3429,18.3629,16876.793738924,0
BSCU.US,D,20220209,000000,18.2733,18.4724,18.2733,18.4306,39977.646128439,0
BSCU.US,D,20220210,000000,18.2932,18.3131,18.2474,18.2474,9205.9805351685,0
BSCU.US,D,20220211,000000,18.3031,18.3529,18.2335,18.3529,27881.170558928,0
BSCU.US,D,20220214,000000,18.2833,18.3131,18.2484,18.2633,35557.007215994,0
BSCU.US,D,20220215,000000,18.2135,18.2335,18.1737,18.1737,15283.35434912,0
BSCU.US,D,20220216,000000,18.2335,18.2335,18.1539,18.1837,4771.2759534557,0
BSCU.US,D,20220217,000000,18.2285,18.2623,18.2135,18.2285,21090.466375015,0
BSCU.US,D,20220218,000000,18.2932,18.2932,18.2235,18.2484,29078.761827936,0
BSCU.US,D,20220222,000000,18.2135,18.2135,18.1489,18.1887,36062.366618939,0
BSCU.US,D,20220223,000000,18.1539,18.1539,18.0941,18.0941,22119.26961282,0
BSCU.US,D,20220224,000000,18.1339,18.1409,18.0752,18.1011,18256.23401774,0
BSCU.US,D,20220225,000000,18.1041,18.1737,18.1041,18.1389,31769.323420557,0
BSCU.US,D,20220228,000000,18.2435,18.3231,18.2435,18.3081,25096.168044087,0
BSCU.US,D,20220301,000000,18.4524,18.4574,18.3997,18.4226,2196.253786956,0
BSCU.US,D,20220302,000000,18.2484,18.2733,18.2027,18.2027,24607.888382394,0
BSCU.US,D,20220303,000000,18.1847,18.2533,18.1847,18.2235,5470.5406541517,0
BSCU.US,D,20220304,000000,18.3081,18.338,18.2971,18.2971,8023.4596260892,0
BSCU.US,D,20220307,000000,18.2235,18.2435,18.124,18.1589,11398.215559477,0
BSCU.US,D,20220308,000000,18.0354,18.0643,17.9757,17.9976,16497.020668718,0
BSCU.US,D,20220309,000000,18.0105,18.0245,17.9657,17.9856,10566.331691408,0
BSCU.US,D,20220310,000000,17.8324,17.8762,17.7906,17.8314,6701.2867150031,0
BSCU.US,D,20220311,000000,17.8364,17.8662,17.8164,17.8264,11275.643298722,0
BSCU.US,D,20220314,000000,17.7368,17.7368,17.5985,17.5985,4188.5553695424,0
BSCU.US,D,20220315,000000,17.702,17.702,17.5985,17.6522,20186.244779287,0
BSCU.US,D,20220316,000000,17.7119,17.7119,17.5686,17.703,84528.644149936,0
BSCU.US,D,20220317,000000,17.8314,17.8762,17.8264,17.8462,31284.057830849,0
BSCU.US,D,20220318,000000,17.8861,17.8861,17.8164,17.8562,121831.80373634,0
BSCU.US,D,20220321,000000,17.7666,17.7866,17.6472,17.6721,57216.128505654,0
BSCU.US,D,20220322,000000,17.6372,17.6373,17.6074,17.6171,13366.404566177,0
BSCU.US,D,20220323,000000,17.6074,17.6572,17.5676,17.6201,91772.463822375,0
BSCU.US,D,20220324,000000,17.6373,17.6472,17.5626,17.6273,26246.538851985,0
BSCU.US,D,20220325,000000,17.5975,17.5975,17.4418,17.4879,34410.655170743,0
BSCU.US,D,20220328,000000,17.5377,17.5726,17.5129,17.5478,8482.6032585864,0
BSCU.US,D,20220329,000000,17.6572,17.6853,17.6074,17.6472,18187.915052728,0
BSCU.US,D,20220330,000000,17.6738,17.7268,17.6738,17.7169,41894.595911381,0
BSCU.US,D,20220331,000000,17.7318,17.7965,17.7268,17.731,64348.42751462,0
BSCU.US,D,20220401,000000,17.6373,17.7666,17.6273,17.7368,41329.959759383,0
BSCU.US,D,20220404,000000,17.7268,17.7766,17.7219,17.7484,10539.205043536,0
BSCU.US,D,20220405,000000,17.707,17.707,17.4979,17.512,22622.619634442,0
BSCU.US,D,20220406,000000,17.3984,17.4874,17.3688,17.4481,24743.521621753,0
BSCU.US,D,20220407,000000,17.3776,17.3984,17.3287,17.3586,17410.284480403,0
BSCU.US,D,20220408,000000,17.3785,17.3785,17.2093,17.2192,21758.585665191,0
BSCU.US,D,20220411,000000,17.1694,17.1694,17.0898,17.0998,14298.757500439,0
BSCU.US,D,20220412,000000,17.2142,17.2292,17.1652,17.1694,15834.929522514,0
BSCU.US,D,20220413,000000,17.2292,17.2491,17.1944,17.2192,87366.895269858,0
BSCU.US,D,20220414,000000,17.2043,17.2043,17.07,17.075,10619.580296489,0
BSCU.US,D,20220418,000000,17.04,17.04,16.9405,16.955,37967.260113938,0
BSCU.US,D,20220419,000000,16.8709,16.8858,16.8164,16.8164,28753.242053474,0
BSCU.US,D,20220420,000000,16.8908,16.9704,16.8908,16.9459,65582.187647458,0
BSCU.US,D,20220421,000000,16.9206,16.9206,16.7515,16.7879,59239.57549876,0
BSCU.US,D,20220422,000000,16.7415,16.8012,16.7415,16.786,20162.1322034,0
BSCU.US,D,20220425,000000,16.8211,16.9306,16.8211,16.9011,49220.800218099,0
BSCU.US,D,20220426,000000,16.9903,16.9903,16.8908,16.9405,15146.716419099,0
BSCU.US,D,20220427,000000,16.9405,16.9405,16.7713,16.8211,61099.257913973,0
BSCU.US,D,20220428,000000,16.8012,16.8012,16.7515,16.7913,4581.389418353,0
BSCU.US,D,20220429,000000,16.6619,16.7679,16.6619,16.6876,7129.2849369808,0
BSCU.US,D,20220502,000000,16.6619,16.6619,16.5723,16.6419,20216.385499145,0
BSCU.US,D,20220503,000000,16.7415,16.7515,16.6715,16.6715,22366.423515653,0
BSCU.US,D,20220504,000000,16.6718,16.8211,16.6021,16.8211,16470.898711508,0
BSCU.US,D,20220505,000000,16.6718,16.6767,16.5227,16.6096,58992.421595928,0
BSCU.US,D,20220506,000000,16.5126,16.5822,16.4827,16.5,25539.236625994,0
BSCU.US,D,20220509,000000,16.4827,16.5723,16.4719,16.5723,16660.785246611,0
BSCU.US,D,20220510,000000,16.7415,16.7415,16.6021,16.632,13352.33889691,0
BSCU.US,D,20220511,000000,16.5773,16.7117,16.5773,16.6673,32040.589899275,0
BSCU.US,D,20220512,000000,16.6718,16.7713,16.6718,16.7215,23464.55040913,0
BSCU.US,D,20220513,000000,16.6619,16.6917,16.5723,16.627,38657.482598677,0
BSCU.US,D,20220516,000000,16.7813,16.7813,16.6619,16.7017,26090.811799388,0
BSCU.US,D,20220517,000000,16.6419,16.6419,16.5424,16.5729,28910.978487396,0
BSCU.US,D,20220518,000000,16.5324,16.632,16.5324,16.5922,20295.756061436,0
BSCU.US,D,20220519,000000,16.7315,16.7315,16.6619,16.7017,40215.757815314,0
BSCU.US,D,20220520,000000,16.7167,16.7515,16.692,16.729,11505.717460303,0
BSCU.US,D,20220523,000000,16.6817,16.7117,16.6121,16.632,31978.299078236,0
BSCU.US,D,20220524,000000,16.7713,16.8211,16.7415,16.8061,20590.130425378,0
BSCU.US,D,20220525,000000,16.8709,16.9206,16.8509,16.9206,149973.18917671,0
BSCU.US,D,20220526,000000,16.9667,16.9704,16.92,16.9556,18132.657066323,0
BSCU.US,D,20220527,000000,17.0112,17.0202,16.9505,17.0202,24557.653849298,0
BSCU.US,D,20220531,000000,16.9107,16.9206,16.8659,16.8681,21836.951536821,0
BSCU.US,D,20220601,000000,16.9306,16.9668,16.7713,16.7813,12169.817987831,0
BSCU.US,D,20220602,000000,16.7813,16.841,16.7813,16.8111,12032.175367148,0
BSCU.US,D,20220603,000000,16.718,16.7713,16.718,16.7515,15572.705259752,0
BSCU.US,D,20220606,000000,16.7315,16.7315,16.6519,16.6619,10906.921825798,0
BSCU.US,D,20220607,000000,16.7305,16.7713,16.7117,16.7315,14346.982652211,0
BSCU.US,D,20220608,000000,16.6982,16.7515,16.6718,16.6917,9389.8389262997,0
BSCU.US,D,20220609,000000,16.6285,16.6625,16.5759,16.5759,11052.601971777,0
BSCU.US,D,20220610,000000,16.4976,16.4976,16.3732,16.4196,27578.758669691,0
BSCU.US,D,20220613,000000,16.2239,16.2239,15.995,16.0767,14285.696521833,0
BSCU.US,D,20220614,000000,16.174,16.174,15.9501,15.9651,12280.333960642,0
BSCU.US,D,20220615,000000,16.214,16.2538,16.0696,16.2538,26652.4338794,0
BSCU.US,D,20220616,000000,16.0162,16.2239,16.0162,16.2101,13924.007883542,0
BSCU.US,D,20220617,000000,16.3334,16.3334,16.1741,16.2836,280488.53430402,0
BSCU.US,D,20220621,000000,16.3195,16.3195,16.15,16.1799,20662.112213083,0
BSCU.US,D,20220622,000000,16.3096,16.3295,16.2636,16.2647,23030.972101469,0
BSCU.US,D,20220623,000000,16.3642,16.4891,16.3398,16.3568,31798.660880064,0
BSCU.US,D,20220624,000000,16.3495,16.4592,16.3495,16.3594,28945.603223549,0
BSCU.US,D,20220627,000000,16.3295,16.3295,16.259,16.259,20385.427774152,0
BSCU.US,D,20220628,000000,16.2597,16.2597,16.1998,16.24,17220.598883914,0
BSCU.US,D,20220629,000000,16.2768,16.2996,16.2565,16.2896,7317.1004339088,0
BSCU.US,D,20220630,000000,16.3993,16.4144,16.3195,16.3993,17613.570985584,0
BSCU.US,D,20220701,000000,16.5703,16.5988,16.534,16.5988,10050.862988131,0
BSCU.US,D,20220705,000000,16.6387,16.6387,16.5839,16.6088,23857.015498858,0
BSCU.US,D,20220706,000000,16.6786,16.6786,16.4791,16.4991,26433.388716442,0
BSCU.US,D,20220707,000000,16.529,16.529,16.4592,16.4798,28614.784872653,0
BSCU.US,D,20220708,000000,16.4392,16.4492,16.4193,16.4382,134306.23558467,0
BSCU.US,D,20220711,000000,16.4756,16.519,16.4492,16.4841,12989.131431998,0
BSCU.US,D,20220712,000000,16.5889,16.6088,16.539,16.539,16931.884686768,0
BSCU.US,D,20220713,000000,16.4093,16.6487,16.4093,16.6387,27601.27774309,0
BSCU.US,D,20220714,000000,16.4492,16.5789,16.4492,16.549,28583.707997266,0
BSCU.US,D,20220715,000000,16.539,16.6587,16.539,16.6431,7309.0805950992,0
BSCU.US,D,20220718,000000,16.5491,16.5889,16.519,16.519,17687.754494573,0
BSCU.US,D,20220719,000000,16.524,16.5689,16.5091,16.549,130322.380656,0
BSCU.US,D,20220720,000000,16.6487,16.6487,16.529,16.549,35202.079974888,0
BSCU.US,D,20220721,000000,16.6786,16.7385,16.5988,16.7385,63469.004339174,0
BSCU.US,D,20220722,000000,16.8083,16.8781,16.7594,16.8382,23770.802231654,0
BSCU.US,D,20220725,000000,16.8283,16.8283,16.7485,16.7684,18534.849968837,0
BSCU.US,D,20220726,000000,16.8781,16.8781,16.7286,16.7485,14341.476751267,0
BSCU.US,D,20220727,000000,16.8781,16.915,16.8005,16.8482,11236.796652101,0
BSCU.US,D,20220728,000000,17.0078,17.0278,16.9879,17.0278,12312.457532438,0
BSCU.US,D,20220729,000000,16.9879,17.0876,16.9879,17.0677,12383.633601874,0
BSCU.US,D,20220801,000000,17.1375,17.1375,17.0676,17.0776,18814.541847322,0
BSCU.US,D,20220802,000000,17.0477,17.0477,16.8582,16.8582,13686.857408434,0
BSCU.US,D,20220803,000000,16.918,17.0078,16.8382,17.0078,28979.68753849,0
BSCU.US,D,20220804,000000,17.0477,17.0776,16.9978,17.0776,78581.388096014,0
BSCU.US,D,20220805,000000,16.8283,16.8781,16.8083,16.8632,6568.2479850624,0
BSCU.US,D,20220808,000000,16.9579,16.9579,16.9051,16.9081,18605.023558421,0
BSCU.US,D,20220809,000000,16.928,16.928,16.8432,16.8632,9469.4246744352,0
BSCU.US,D,20220810,000000,16.8781,17.0077,16.8781,16.948,27747.639801365,0
BSCU.US,D,20220811,000000,17.0517,17.0517,16.8781,16.8881,14698.359578294,0
BSCU.US,D,20220812,000000,16.9458,17.0078,16.938,17.0058,17976.468691718,0
BSCU.US,D,20220815,000000,17.072,17.0767,17.0377,17.0527,4538.2262863824,0
BSCU.US,D,20220816,000000,17.0278,17.0377,16.9629,17.0078,13047.275263368,0
BSCU.US,D,20220817,000000,16.9579,16.9579,16.8382,16.8881,31901.916304738,0
BSCU.US,D,20220818,000000,16.918,16.918,16.8781,16.8972,14287.342839302,0
BSCU.US,D,20220819,000000,16.7884,16.7884,16.6886,16.7584,10257.373837478,0
BSCU.US,D,20220822,000000,16.6387,16.6487,16.5789,16.5988,25293.569125627,0
BSCU.US,D,20220823,000000,16.5774,16.6587,16.5774,16.6129,9491.4792311616,0
BSCU.US,D,20220824,000000,16.5889,16.5889,16.5091,16.549,19527.305021525,0
BSCU.US,D,20220825,000000,16.5858,16.7285,16.5858,16.7285,11756.081215022,0
BSCU.US,D,20220826,000000,16.6886,16.6886,16.5889,16.5889,17751.91320505,0
BSCU.US,D,20220829,000000,16.5091,16.519,16.4941,16.5091,29314.51580879,0
BSCU.US,D,20220830,000000,16.5889,16.5889,16.4293,16.4692,46219.333539576,0
BSCU.US,D,20220831,000000,16.4592,16.4791,16.3195,16.3345,32337.99504001,0
BSCU.US,D,20220901,000000,16.2597,16.2996,16.1899,16.2697,15600.591444374,0
BSCU.US,D,20220902,000000,16.3495,16.3694,16.3195,16.3295,15597.584004821,0
BSCU.US,D,20220906,000000,16.3096,16.3096,16.1353,16.1599,21590.408555294,0
BSCU.US,D,20220907,000000,16.2198,16.3096,16.2198,16.2996,8004.801611832,0
BSCU.US,D,20220908,000000,16.2796,16.3195,16.2697,16.2697,11018.256044539,0
BSCU.US,D,20220909,000000,16.3594,16.3594,16.2896,16.2896,11236.796652101,0
BSCU.US,D,20220912,000000,16.3894,16.3894,16.2547,16.2597,62202.872287109,0
BSCU.US,D,20220913,000000,16.132,16.1699,16.11,16.1699,1791762.3124453,0
BSCU.US,D,20220914,000000,16.1899,16.2198,16.145,16.1998,13168.575325363,0
BSCU.US,D,20220915,000000,16.1599,16.2098,16.1029,16.1029,22655.042157269,0
BSCU.US,D,20220916,000000,16.11,16.14,16.0665,16.13,51780.089274182,0
BSCU.US,D,20220919,000000,16.1,16.12,16.04,16.105,14901,0
BSCU.US,D,20220920,000000,15.98,16.01,15.97,15.975,13966,0
BSCU.US,D,20220921,000000,16.0206,16.05,15.9499,15.9998,43607,0
BSCU.US,D,20220922,000000,15.865,15.88,15.8,15.82,130347,0
BSCU.US,D,20220923,000000,15.77,15.8,15.73,15.785,65181,0
BSCU.US,D,20220926,000000,15.71,15.71,15.51,15.53,24616,0
BSCU.US,D,20220927,000000,15.52,15.55,15.37,15.375,14641,0
BSCU.US,D,20220928,000000,15.54,15.69,15.51,15.69,61353,0
BSCU.US,D,20220929,000000,15.5162,15.56,15.46,15.5419,36468,0
BSCU.US,D,20220930,000000,15.67,15.67,15.53,15.54,34242,0
BSCU.US,D,20221003,000000,15.72,15.87,15.72,15.775,277755,0
BSCU.US,D,20221004,000000,15.855,15.9,15.82,15.865,69659,0
BSCU.US,D,20221005,000000,15.78,15.78,15.66,15.74,56954,0
BSCU.US,D,20221006,000000,15.75,15.75,15.675,15.6788,19059,0
BSCU.US,D,20221007,000000,15.63,15.63,15.56,15.56,17875,0
BSCU.US,D,20221010,000000,15.55,15.55,15.41,15.4532,48495,0
BSCU.US,D,20221011,000000,15.45,15.52,15.42,15.46,9409,0
BSCU.US,D,20221012,000000,15.42,15.4698,15.42,15.43,45856,0
BSCU.US,D,20221013,000000,15.23,15.5,15.23,15.4802,155393,0
BSCU.US,D,20221014,000000,15.54,15.54,15.335,15.35,53249,0
BSCU.US,D,20221017,000000,15.51,15.52,15.41,15.416,48927,0
BSCU.US,D,20221018,000000,15.49,15.51,15.41,15.4951,50573,0
BSCU.US,D,20221019,000000,15.38,15.4,15.3,15.3,44963,0
BSCU.US,D,20221020,000000,15.33,15.34,15.2,15.2027,30259,0
BSCU.US,D,20221021,000000,15.15,15.29,15.13,15.27,677010,0
BSCU.US,D,20221024,000000,15.24,15.28,15.155,15.22,62183,0
BSCU.US,D,20221025,000000,15.32,15.45,15.32,15.4069,54963,0
BSCU.US,D,20221026,000000,15.48,15.52,15.4486,15.4594,69960,0
BSCU.US,D,20221027,000000,15.5,15.58,15.49,15.5285,49177,0
BSCU.US,D,20221028,000000,15.49,15.56,15.48,15.5404,37566,0
BSCU.US,D,20221031,000000,15.53,15.53,15.43,15.49,52394,0
BSCU.US,D,20221101,000000,15.62,15.62,15.46,15.5232,48511,0
BSCU.US,D,20221102,000000,15.56,15.68,15.47,15.48,59978,0
BSCU.US,D,20221103,000000,15.33,15.46,15.32,15.4319,46844,0
BSCU.US,D,20221104,000000,15.46,15.5,15.41,15.46,40984,0
BSCU.US,D,20221107,000000,15.43,15.44,15.39,15.4284,25772,0
BSCU.US,D,20221108,000000,15.48,15.51,15.46,15.4867,30505,0
BSCU.US,D,20221109,000000,15.46,15.525,15.44,15.475,87419,0
BSCU.US,D,20221110,000000,15.77,15.9228,15.77,15.9,47575,0
BSCU.US,D,20221111,000000,15.89,15.9487,15.865,15.9239,15251,0
BSCU.US,D,20221114,000000,15.88,15.8885,15.84,15.85,20402,0
BSCU.US,D,20221115,000000,16,16.02,15.96,16.015,151017,0
BSCU.US,D,20221116,000000,16.075,16.14,16.0401,16.1,14582,0
BSCU.US,D,20221117,000000,16.02,16.0215,15.97,16.0215,53627,0
BSCU.US,D,20221118,000000,16.08,16.08,15.99,16.005,24062,0
BSCU.US,D,20221121,000000,16.03,16.03,15.92,15.93,34394,0
BSCU.US,D,20221122,000000,15.98,16.05,15.98,16.04,22536,0
BSCU.US,D,20221123,000000,16.0913,16.24,16.075,16.17,57489,0
BSCU.US,D,20221125,000000,16.11,16.17,16.11,16.16,5672,0
BSCU.US,D,20221128,000000,16.12,16.145,16.06,16.08,102960,0
BSCU.US,D,20221129,000000,16.03,16.04,16,16,26902,0
BSCU.US,D,20221130,000000,16.02,16.19,15.98,16.1796,40084,0
BSCU.US,D,20221201,000000,16.28,16.51,16.23,16.35,572221,0
BSCU.US,D,20221202,000000,16.2593,16.41,16.245,16.4,72554,0
BSCU.US,D,20221205,000000,16.35,16.35,16.245,16.2779,58252,0
BSCU.US,D,20221206,000000,16.33,16.35,16.14,16.325,138046,0
BSCU.US,D,20221207,000000,16.39,16.46,16.37,16.44,26453,0
BSCU.US,D,20221208,000000,16.38,16.44,16.38,16.41,55428,0
BSCU.US,D,20221209,000000,16.4,16.4,16.33,16.33,18922,0
BSCU.US,D,20221212,000000,16.4,16.4,16.29,16.3,26161,0
BSCU.US,D,20221213,000000,16.58,16.58,16.41,16.42,50732,0
BSCU.US,D,20221214,000000,16.44,16.4999,16.34,16.4685,140678,0
BSCU.US,D,20221215,000000,16.47,16.48,16.45,16.4769,36334,0
BSCU.US,D,20221216,000000,16.3649,16.46,16.3649,16.45,29836,0
BSCU.US,D,20221219,000000,16.28,16.28,16.24,16.2588,93203,0
BSCU.US,D,20221220,000000,16.17,16.17,16.115,16.135,103742,0
BSCU.US,D,20221221,000000,16.21,16.22,16.17,16.2,57526,0
BSCU.US,D,20221222,000000,16.22,16.22,16.17,16.2,37486,0
BSCU.US,D,20221223,000000,16.1,16.21,16.1,16.1602,62833,0
BSCU.US,D,20221227,000000,16.1,16.1152,16,16.02,493983,0
BSCU.US,D,20221228,000000,16.055,16.0599,15.97,15.985,79095,0
BSCU.US,D,20221229,000000,16,16.06,16,16.05,21830,0
BSCU.US,D,20221230,000000,16.03,16.03,15.96,15.9662,69968,0
BSCU.US,D,20230103,000000,16.18,16.18,16.0501,16.09,12330,0
BSCU.US,D,20230104,000000,16.1833,16.19,16.14,16.18,27385,0
BSCU.US,D,20230105,000000,16.12,16.1999,16.09,16.18,74614,0
BSCU.US,D,20230106,000000,16.22,16.4,16.2,16.37,34853,0
BSCU.US,D,20230109,000000,16.4,16.47,16.37,16.43,130806,0
BSCU.US,D,20230110,000000,16.42,16.42,16.3457,16.39,138010,0
BSCU.US,D,20230111,000000,16.43,16.5,16.43,16.47,103444,0
BSCU.US,D,20230112,000000,16.55,16.6324,16.47,16.6324,75493,0
BSCU.US,D,20230113,000000,16.61,16.63,16.55,16.58,14231,0
BSCU.US,D,20230117,000000,16.53,16.58,16.5141,16.52,32245,0
BSCU.US,D,20230118,000000,16.72,16.73,16.6427,16.6847,76208,0
BSCU.US,D,20230119,000000,16.67,16.69,16.64,16.67,59962,0
BSCU.US,D,20230120,000000,16.61,16.62,16.555,16.59,61072,0
BSCU.US,D,20230123,000000,16.53,16.54,16.4908,16.51,44560,0
BSCU.US,D,20230124,000000,16.55,16.59,16.49,16.5841,48138,0
BSCU.US,D,20230125,000000,16.6,16.6,16.5341,16.585,51891,0
BSCU.US,D,20230126,000000,16.61,16.61,16.5327,16.57,54560,0
BSCU.US,D,20230127,000000,16.52,16.55,16.52,16.55,163725,0
BSCU.US,D,20230130,000000,16.53,16.53,16.46,16.47,159418,0
BSCU.US,D,20230131,000000,16.58,16.6,16.491,16.6,45908,0
BSCU.US,D,20230201,000000,16.65,16.74,16.57,16.74,55530,0
BSCU.US,D,20230202,000000,16.78,16.8,16.74,16.746,36900,0
BSCU.US,D,20230203,000000,16.63,16.64,16.57,16.5879,76272,0
BSCU.US,D,20230206,000000,16.52,16.52,16.46,16.46,65640,0
BSCU.US,D,20230207,000000,16.45,16.51,16.4001,16.4139,138045,0
BSCU.US,D,20230208,000000,16.42,16.45,16.37,16.42,185149,0
BSCU.US,D,20230209,000000,16.52,16.52,16.35,16.37,87576,0
BSCU.US,D,20230210,000000,16.36,16.36,16.24,16.25,101701,0
BSCU.US,D,20230213,000000,16.27,16.3,16.26,16.3,27868,0
BSCU.US,D,20230214,000000,16.29,16.31,16.2,16.27,95324,0
BSCU.US,D,20230215,000000,16.25,16.25,16.1883,16.21,36999,0
BSCU.US,D,20230216,000000,16.13,16.1953,16.13,16.14,34550,0
BSCU.US,D,20230217,000000,16.11,16.17,16.08,16.165,44507,0
BSCU.US,D,20230221,000000,16.03,16.03,15.93,15.945,38062,0
BSCU.US,D,20230222,000000,15.96,15.9917,15.95,15.955,49543,0
BSCU.US,D,20230223,000000,15.99,16.0599,15.98,16.045,114026,0
BSCU.US,D,20230224,000000,15.95,15.98,15.93,15.975,34270,0
BSCU.US,D,20230227,000000,16.02,16.02,15.98,15.99,332876,0
BSCU.US,D,20230228,000000,15.96,16,15.92,15.9803,102267,0
BSCU.US,D,20230301,000000,15.945,15.97,15.87,15.8867,493680,0
BSCU.US,D,20230302,000000,15.85,15.88,15.811,15.88,214931,0
BSCU.US,D,20230303,000000,15.98,16,15.92,16,57806,0
BSCU.US,D,20230306,000000,16.07,16.07,15.96,15.975,72305,0
BSCU.US,D,20230307,000000,16,16.01,15.92,15.95,54048,0
BSCU.US,D,20230308,000000,15.97,16,15.9,15.9146,58181,0
BSCU.US,D,20230309,000000,15.93,15.955,15.905,15.9246,29901,0
BSCU.US,D,20230310,000000,16.05,16.12,16.0384,16.065,85628,0
BSCU.US,D,20230313,000000,16.16,16.32,16.13,16.2,49884,0
BSCU.US,D,20230314,000000,16.1928,16.1928,16.1,16.1155,71644,0
BSCU.US,D,20230315,000000,16.21,16.34,16.21,16.28,148567,0
BSCU.US,D,20230316,000000,16.35,16.35,16.17,16.2145,73095,0
BSCU.US,D,20230317,000000,16.329,16.37,16.3057,16.34,22260,0
BSCU.US,D,20230320,000000,16.29,16.29,16.2038,16.2247,18033,0
BSCU.US,D,20230321,000000,16.24,16.28,16.22,16.25,28353,0
BSCU.US,D,20230322,000000,16.27,16.419,16.2137,16.3536,53185,0
BSCU.US,D,20230323,000000,16.359,16.46,16.355,16.43,68480,0
BSCU.US,D,20230324,000000,16.49,16.53,16.4584,16.52,53919,0
BSCU.US,D,20230327,000000,16.4,16.4,16.33,16.36,30064,0
BSCU.US,D,20230328,000000,16.34,16.35,16.3,16.315,28312,0
BSCU.US,D,20230329,000000,16.34,16.38,16.3061,16.36,86185,0
BSCU.US,D,20230330,000000,16.36,16.389,16.36,16.3791,33410,0
BSCU.US,D,20230331,000000,16.45,16.49,16.42,16.49,85047,0
BSCU.US,D,20230403,000000,16.47,16.63,16.465,16.605,31772,0
BSCU.US,D,20230404,000000,16.55,16.63,16.5157,16.6184,43866,0
BSCU.US,D,20230405,000000,16.66,16.685,16.6301,16.66,50262,0
BSCU.US,D,20230406,000000,16.69,16.69,16.6401,16.66,112065,0
BSCU.US,D,20230410,000000,16.57,16.57,16.52,16.565,23360,0
BSCU.US,D,20230411,000000,16.55,16.58,16.5253,16.565,44476,0
BSCU.US,D,20230412,000000,16.6,16.62,16.54,16.5528,75131,0
BSCU.US,D,20230413,000000,16.61,16.61,16.56,16.58,111139,0
BSCU.US,D,20230414,000000,16.57,16.57,16.5,16.535,30215,0
BSCU.US,D,20230417,000000,16.5,16.5,16.4401,16.465,37267,0
BSCU.US,D,20230418,000000,16.499,16.499,16.4641,16.49,35975,0
BSCU.US,D,20230419,000000,16.46,16.46,16.41,16.415,30490,0
BSCU.US,D,20230420,000000,16.47,16.475,16.4501,16.465,41142,0
BSCU.US,D,20230421,000000,16.53,16.53,16.43,16.465,68499,0
BSCU.US,D,20230424,000000,16.39,16.48,16.39,16.47,23871,0
BSCU.US,D,20230425,000000,16.54,16.58,16.54,16.5667,46961,0
BSCU.US,D,20230426,000000,16.6,16.6,16.49,16.49,45601,0
BSCU.US,D,20230427,000000,16.49,16.49,16.4301,16.445,61488,0
BSCU.US,D,20230428,000000,16.51,16.56,16.5,16.56,29773,0
BSCU.US,D,20230501,000000,16.47,16.49,16.3461,16.36,20422,0
BSCU.US,D,20230502,000000,16.405,16.529,16.4,16.52,58297,0
BSCU.US,D,20230503,000000,16.55,16.5598,16.509,16.54,29829,0
BSCU.US,D,20230504,000000,16.47,16.57,16.47,16.535,15375,0
BSCU.US,D,20230505,000000,16.47,16.489,16.4339,16.465,36534,0
BSCU.US,D,20230508,000000,16.38,16.41,16.3699,16.375,57119,0
BSCU.US,D,20230509,000000,16.4,16.4,16.3666,16.385,85888,0
BSCU.US,D,20230510,000000,16.46,16.48,16.455,16.48,40594,0
BSCU.US,D,20230511,000000,16.57,16.57,16.5101,16.515,21693,0
BSCU.US,D,20230512,000000,16.53,16.53,16.43,16.45,75513,0
BSCU.US,D,20230515,000000,16.39,16.4,16.385,16.395,184045,0
BSCU.US,D,20230516,000000,16.35,16.35,16.3195,16.3195,29380,0
BSCU.US,D,20230517,000000,16.38,16.38,16.28,16.2853,115508,0
BSCU.US,D,20230518,000000,16.28,16.28,16.225,16.245,49303,0
BSCU.US,D,20230519,000000,16.25,16.25,16.2,16.21,47577,0
BSCU.US,D,20230522,000000,16.16,16.2,16.156,16.16,135543,0
BSCU.US,D,20230523,000000,16.15,16.19,16.14,16.17,67658,0
BSCU.US,D,20230524,000000,16.21,16.21,16.12,16.14,61018,0
BSCU.US,D,20230525,000000,16.16,16.16,16.07,16.08,84710,0
BSCU.US,D,20230526,000000,16.08,16.1289,16.06,16.115,36247,0
BSCU.US,D,20230530,000000,16.2,16.22,16.18,16.22,39555,0
BSCU.US,D,20230531,000000,16.27,16.27,16.2,16.2638,52679,0
BSCU.US,D,20230601,000000,16.31,16.34,16.2901,16.32,36706,0
BSCU.US,D,20230602,000000,16.33,16.33,16.25,16.26,55257,0
BSCU.US,D,20230605,000000,16.24,16.27,16.195,16.245,43145,0
BSCU.US,D,20230606,000000,16.23,16.26,16.2,16.25,49626,0
BSCU.US,D,20230607,000000,16.23,16.25,16.1191,16.13,246832,0
BSCU.US,D,20230608,000000,16.17,16.224,16.15,16.21,185159,0
BSCU.US,D,20230609,000000,16.17,16.21,16.16,16.16,137673,0
BSCU.US,D,20230612,000000,16.22,16.22,16.1401,16.21,51304,0
BSCU.US,D,20230613,000000,16.24,16.24,16.11,16.14,61152,0
BSCU.US,D,20230614,000000,15.81,17.39,15.81,16.14,299751,0
BSCU.US,D,20230615,000000,16.25,16.28,16.22,16.28,119450,0
BSCU.US,D,20230616,000000,16.25,16.255,16.21,16.24,97298,0
BSCU.US,D,20230620,000000,16.24,16.24,16.21,16.23,82477,0
BSCU.US,D,20230621,000000,16.19,16.23,16.15,16.225,80881,0
BSCU.US,D,20230622,000000,16.18,16.195,16.14,16.16,58657,0
BSCU.US,D,20230623,000000,16.27,16.27,16.17,16.1892,135037,0
BSCU.US,D,20230626,000000,16.2,16.25,16.2,16.22,42164,0
BSCU.US,D,20230627,000000,16.226,16.226,16.17,16.18,50909,0
BSCU.US,D,20230628,000000,16.23,16.25,16.1899,16.24,54457,0
BSCU.US,D,20230629,000000,16.16,16.16,16.11,16.1358,40149,0
BSCU.US,D,20230630,000000,16.16,16.2199,16.15,16.2,57939,0
BSCU.US,D,20230703,000000,16.2,16.2499,16.19,16.195,15939,0
BSCU.US,D,20230705,000000,16.19,16.19,16.08,16.1,115962,0
BSCU.US,D,20230706,000000,16,16,15.92,15.9614,40819,0
BSCU.US,D,20230707,000000,15.97,16.01,15.965,15.97,67318,0
BSCU.US,D,20230710,000000,15.97,16.05,15.9601,16.03,63807,0
BSCU.US,D,20230711,000000,16.06,16.0951,16.0583,16.085,89050,0
BSCU.US,D,20230712,000000,16.16,16.23,16.16,16.22,117645,0
BSCU.US,D,20230713,000000,16.3,16.32,16.275,16.31,97858,0
BSCU.US,D,20230714,000000,16.3,16.3,16.23,16.235,56693,0
BSCU.US,D,20230717,000000,16.239,16.27,16.22,16.245,62253,0
BSCU.US,D,20230718,000000,16.2821,16.32,16.28,16.285,40094,0
BSCU.US,D,20230719,000000,16.34,16.35,16.3,16.335,83432,0
BSCU.US,D,20230720,000000,16.29,16.29,16.21,16.255,60755,0
BSCU.US,D,20230721,000000,16.29,16.29,16.27,16.275,69795,0
BSCU.US,D,20230724,000000,16.24,16.27,16.18,16.2,72424,0
BSCU.US,D,20230725,000000,16.17,16.18,16.15,16.175,43065,0
BSCU.US,D,20230726,000000,16.22,16.24,16.16,16.22,113126,0
BSCU.US,D,20230727,000000,16.22,16.23,16.07,16.1,175937,0
BSCU.US,D,20230728,000000,16.15,16.16,16.1,16.145,57962,0
BSCU.US,D,20230731,000000,16.16,16.21,16.16,16.19,261351,0
BSCU.US,D,20230801,000000,16.12,16.12,16.07,16.075,74248,0
BSCU.US,D,20230802,000000,16.04,16.04,15.9917,16.025,78101,0
BSCU.US,D,20230803,000000,15.95,15.95,15.92,15.94,52035,0
BSCU.US,D,20230804,000000,16.01,16.09,16.001,16.09,31674,0
BSCU.US,D,20230807,000000,16.07,16.08,16.05,16.06,60633,0
BSCU.US,D,20230808,000000,16.14,16.4693,16.08,16.11,646747,0
BSCU.US,D,20230809,000000,16.13,16.135,16.105,16.12,71707,0
BSCU.US,D,20230810,000000,16.14,16.15,16.01,16.0314,86908,0
BSCU.US,D,20230811,000000,15.969,16.01,15.9601,15.97,107750,0
BSCU.US,D,20230814,000000,15.99,15.99,15.92,15.9563,35071,0
BSCU.US,D,20230815,000000,15.96,15.97,15.9,15.92,315990,0
BSCU.US,D,20230816,000000,15.91,15.92,15.85,15.855,67094,0
BSCU.US,D,20230817,000000,15.88,15.88,15.8007,15.83,51582,0
BSCU.US,D,20230818,000000,15.82,15.89,15.79,15.88,263432,0
BSCU.US,D,20230821,000000,15.8,15.8,15.7227,15.73,386129,0
BSCU.US,D,20230822,000000,15.77,15.78,15.72,15.77,106194,0
BSCU.US,D,20230823,000000,15.86,15.94,15.85,15.93,73399,0
BSCU.US,D,20230824,000000,15.9,15.91,15.86,15.8739,172001,0
BSCU.US,D,20230825,000000,15.88,15.9,15.8341,15.875,54036,0
BSCU.US,D,20230828,000000,15.94,15.94,15.89,15.93,37270,0
BSCU.US,D,20230829,000000,15.93,16.03,15.9095,16.03,77629,0
BSCU.US,D,20230830,000000,16.06,16.06,16,16.015,69650,0
BSCU.US,D,20230831,000000,16.04,16.05,16.025,16.025,184058,0
BSCU.US,D,20230901,000000,16.07,16.07,15.95,15.98,59448,0
BSCU.US,D,20230905,000000,15.94,15.94,15.88,15.885,68158,0
BSCU.US,D,20230906,000000,15.9,15.9,15.83,15.85,78285,0
BSCU.US,D,20230907,000000,15.89,15.91,15.8625,15.91,123399,0
BSCU.US,D,20230908,000000,15.95,15.95,15.9,15.91,42600,0
BSCU.US,D,20230911,000000,15.9,15.9,15.87,15.885,43194,0
BSCU.US,D,20230912,000000,15.89,15.89,15.86,15.89,52694,0
BSCU.US,D,20230913,000000,15.88,15.95,15.88,15.9,255603,0
BSCU.US,D,20230914,000000,15.94,15.96,15.89,15.895,62222,0
BSCU.US,D,20230915,000000,15.89,15.89,15.86,15.875,58836,0
BSCU.US,D,20230918,000000,15.79,15.83,15.79,15.825,83269,0
BSCU.US,D,20230919,000000,15.8,15.8,15.77,15.785,127686,0
BSCU.US,D,20230920,000000,15.85,15.85,15.78,15.785,63650,0
BSCU.US,D,20230921,000000,15.7,15.7,15.67,15.68,72829,0
BSCU.US,D,20230922,000000,15.69,15.7497,15.68,15.745,55376,0
BSCU.US,D,20230925,000000,15.69,15.69,15.63,15.65,85328,0
BSCU.US,D,20230926,000000,15.66,15.665,15.6,15.63,110390,0
BSCU.US,D,20230927,000000,15.68,15.68,15.525,15.555,435198,0
BSCU.US,D,20230928,000000,15.54,15.59,15.49,15.59,64469,0
BSCU.US,D,20230929,000000,15.655,15.67,15.57,15.58,99544,0
BSCU.US,D,20231002,000000,15.54,15.54,15.47,15.48,266821,0
BSCU.US,D,20231003,000000,15.45,15.46,15.3491,15.355,90417,0
BSCU.US,D,20231004,000000,15.41,15.46,15.37,15.45,104322,0
BSCU.US,D,20231005,000000,15.5,15.5,15.43,15.46,98835,0
BSCU.US,D,20231006,000000,15.37,15.43,15.32,15.41,130268,0
BSCU.US,D,20231009,000000,15.48,15.58,15.47,15.58,332394,0
BSCU.US,D,20231010,000000,15.53,15.599,15.5017,15.57,137853,0
BSCU.US,D,20231011,000000,15.63,15.63,15.5829,15.61,70956,0
BSCU.US,D,20231012,000000,15.62,15.62,15.4881,15.51,98535,0
BSCU.US,D,20231013,000000,15.61,15.6185,15.57,15.58,77518,0
BSCU.US,D,20231016,000000,15.54,15.54,15.5,15.51,115991,0
BSCU.US,D,20231017,000000,15.39,15.42,15.35,15.39,100005,0
BSCU.US,D,20231018,000000,15.37,15.37,15.29,15.3,149397,0
BSCU.US,D,20231019,000000,15.29,15.31,15.22,15.245,1093457,0
BSCU.US,D,20231020,000000,15.27,15.29,15.25,15.29,97115,0
BSCU.US,D,20231023,000000,15.2,15.33,15.185,15.32,420211,0
BSCU.US,D,20231024,000000,15.33,15.36,15.29,15.36,331783,0
BSCU.US,D,20231025,000000,15.3,15.3,15.24,15.26,162936,0
BSCU.US,D,20231026,000000,15.28,15.35,15.27,15.34,204325,0
BSCU.US,D,20231027,000000,15.34,15.345,15.3,15.32,94346,0
BSCU.US,D,20231030,000000,15.31,15.31,15.265,15.3,110216,0
BSCU.US,D,20231031,000000,15.32,15.3497,15.3,15.3,171131,0
BSCU.US,D,20231101,000000,15.34,15.48,15.32,15.46,610219,0
BSCU.US,D,20231102,000000,15.58,15.586,15.53,15.58,288313,0
BSCU.US,D,20231103,000000,15.73,15.74,15.64,15.66,180539,0
BSCU.US,D,20231106,000000,15.62,15.62,15.57,15.585,116965,0
BSCU.US,D,20231107,000000,15.63,15.69,15.6127,15.675,112731,0
BSCU.US,D,20231108,000000,15.69,15.72,15.6681,15.705,177773,0
BSCU.US,D,20231109,000000,15.71,15.71,15.59,15.605,102764,0
BSCU.US,D,20231110,000000,15.67,15.67,15.6211,15.65,89700,0
BSCU.US,D,20231113,000000,15.63,15.66,15.58,15.65,105979,0
BSCU.US,D,20231114,000000,15.86,15.87,15.83,15.865,207292,0
BSCU.US,D,20231115,000000,15.82,15.82,15.76,15.795,177311,0
BSCU.US,D,20231116,000000,15.88,15.89,15.85,15.89,375085,0
BSCU.US,D,20231117,000000,15.93,15.93,15.89,15.925,319053,0
BSCU.US,D,20231120,000000,15.85,15.9,15.83,15.9,169582,0
BSCU.US,D,20231121,000000,15.91,15.92,15.85,15.91,382112,0
BSCU.US,D,20231122,000000,15.95,15.95,15.892,15.95,169632,0
BSCU.US,D,20231124,000000,15.91,15.9188,15.89,15.895,116959,0
BSCU.US,D,20231127,000000,15.95,15.99,15.91,15.99,166280,0
BSCU.US,D,20231128,000000,15.97,16.05,15.959,16.05,102919,0
BSCU.US,D,20231129,000000,16.11,16.14,16.09,16.14,124073,0
BSCU.US,D,20231130,000000,16.12,16.12,16.0604,16.09,130321,0
BSCU.US,D,20231201,000000,16.09,16.22,16.08,16.21,386891,0
BSCU.US,D,20231204,000000,16.14,16.18,16.115,16.15,272845,0
BSCU.US,D,20231205,000000,16.18,16.24,16.1785,16.23,164155,0
BSCU.US,D,20231206,000000,16.29,17.135,16.23,16.275,319820,0
BSCU.US,D,20231207,000000,16.27,16.3,16.24,16.275,966850,0
BSCU.US,D,20231208,000000,16.22,16.225,16.175,16.2,409271,0
BSCU.US,D,20231211,000000,16.18,16.2,16.16,16.2,522181,0
BSCU.US,D,20231212,000000,16.21,16.26,16.18,16.26,237636,0
BSCU.US,D,20231213,000000,16.32,16.5,16.275,16.46,261230,0
BSCU.US,D,20231214,000000,16.59,16.61,16.55,16.575,414853,0
BSCU.US,D,20231215,000000,16.56,16.575,16.53,16.56,207085,0
BSCU.US,D,20231218,000000,16.5,16.5,16.45,16.46,249317,0
BSCU.US,D,20231219,000000,16.46,16.51,16.46,16.49,308292,0
BSCU.US,D,20231220,000000,16.53,16.55,16.48,16.545,499876,0
BSCU.US,D,20231221,000000,16.59,16.59,16.52,16.55,437395,0
BSCU.US,D,20231222,000000,16.59,16.59,16.53,16.55,323948,0
BSCU.US,D,20231226,000000,16.6,16.6,16.55,16.59,1255242,0
BSCU.US,D,20231227,000000,16.64,16.69,16.615,16.69,1355303,0
BSCU.US,D,20231228,000000,16.69,16.7,16.625,16.66,219927,0
BSCU.US,D,20231229,000000,16.62,16.6535,16.6101,16.635,102782,0
BSCU.US,D,20240102,000000,16.57,16.57,16.5309,16.55,166936,0
BSCU.US,D,20240103,000000,16.49,16.54,16.45,16.53,330893,0
BSCU.US,D,20240104,000000,16.47,16.51,16.46,16.485,382818,0
BSCU.US,D,20240105,000000,16.45,16.535,16.4236,16.44,190255,0
BSCU.US,D,20240108,000000,16.39,16.53,16.39,16.48,187614,0
BSCU.US,D,20240109,000000,16.53,16.53,16.48,16.525,732484,0
BSCU.US,D,20240110,000000,16.52,16.57,16.49,16.5,262208,0
BSCU.US,D,20240111,000000,16.52,16.61,16.5115,16.6,258043,0
BSCU.US,D,20240112,000000,16.68,16.69,16.62,16.665,904152,0
BSCU.US,D,20240116,000000,16.64,16.64,16.52,16.53,231547,0
BSCU.US,D,20240117,000000,16.49,16.49,16.4486,16.48,234757,0
BSCU.US,D,20240118,000000,16.49,16.495,16.45,16.46,271121,0
BSCU.US,D,20240119,000000,16.46,16.46,16.405,16.445,164019,0
BSCU.US,D,20240122,000000,16.46,16.46,16.42,16.43,321710,0
BSCU.US,D,20240123,000000,16.42,16.44,16.39,16.4,1721309,0
BSCU.US,D,20240124,000000,16.47,16.47,16.36,16.37,185930,0
BSCU.US,D,20240125,000000,16.4,16.45,16.4,16.45,168410,0
BSCU.US,D,20240126,000000,16.45,16.45,16.405,16.415,161151,0
BSCU.US,D,20240129,000000,16.47,16.485,16.44,16.485,126719,0
BSCU.US,D,20240130,000000,16.5,16.5,16.425,16.47,200449,0
BSCU.US,D,20240131,000000,16.55,16.58,16.5,16.5359,375642,0
BSCU.US,D,20240201,000000,16.59,16.64,16.5604,16.62,261579,0
BSCU.US,D,20240202,000000,16.48,16.5087,16.455,16.5,182040,0
BSCU.US,D,20240205,000000,16.42,16.42,16.3557,16.39,291101,0
BSCU.US,D,20240206,000000,16.42,16.49,16.4015,16.47,399905,0
BSCU.US,D,20240207,000000,16.45,16.4999,16.428,16.455,206505,0
BSCU.US,D,20240208,000000,16.42,16.43,16.38,16.38,126606,0
BSCU.US,D,20240209,000000,16.37,16.388,16.35,16.37,186245,0
BSCU.US,D,20240212,000000,16.37,16.41,16.36,16.4,127459,0
BSCU.US,D,20240213,000000,16.29,16.3,16.23,16.26,175937,0
BSCU.US,D,20240214,000000,16.28,16.32,16.26,16.3,166768,0
BSCU.US,D,20240215,000000,16.38,16.38,16.33,16.35,318400,0
BSCU.US,D,20240216,000000,16.29,16.31,16.275,16.3,1273154,0
BSCU.US,D,20240220,000000,16.31,16.31,16.28,16.28,269811,0
BSCU.US,D,20240221,000000,16.31,16.31,16.24,16.265,282635,0
BSCU.US,D,20240222,000000,16.26,16.28,16.235,16.26,320471,0
BSCU.US,D,20240223,000000,16.25,16.29,16.2341,16.275,355685,0
BSCU.US,D,20240226,000000,16.27,16.27,16.22,16.24,239408,0
BSCU.US,D,20240227,000000,16.21,16.26,16.21,16.22,151438,0
BSCU.US,D,20240228,000000,16.24,16.26,16.21,16.25,383706,0
BSCU.US,D,20240229,000000,16.28,16.3,16.22,16.27,186561,0
BSCU.US,D,20240301,000000,16.27,16.37,16.22,16.365,176961,0
BSCU.US,D,20240304,000000,16.34,16.3487,16.325,16.335,161816,0
BSCU.US,D,20240305,000000,16.37,16.409,16.35,16.395,241820,0
BSCU.US,D,20240306,000000,16.43,16.4486,16.3901,16.41,249628,0
BSCU.US,D,20240307,000000,16.45,16.47,16.4112,16.46,197442,0
BSCU.US,D,20240308,000000,16.5,16.515,16.48,16.49,125607,0
BSCU.US,D,20240311,000000,16.48,16.51,16.46,16.46,143852,0
BSCU.US,D,20240312,000000,16.47,16.47,16.42,16.425,179862,0
BSCU.US,D,20240313,000000,16.43,16.45,16.409,16.415,131608,0
BSCU.US,D,20240314,000000,16.37,16.38,16.32,16.32,154869,0
BSCU.US,D,20240315,000000,16.31,16.32,16.29,16.3,131310,0
BSCU.US,D,20240318,000000,16.25,16.2525,16.21,16.225,109997,0
BSCU.US,D,20240319,000000,16.27,16.295,16.2441,16.285,168661,0
BSCU.US,D,20240320,000000,16.29,16.3357,16.26,16.335,143532,0
BSCU.US,D,20240321,000000,16.37,16.4,16.325,16.34,230593,0
BSCU.US,D,20240322,000000,16.41,16.41,16.37,16.39,208016,0
BSCU.US,D,20240325,000000,16.39,16.39,16.34,16.35,193968,0
BSCU.US,D,20240326,000000,16.36,16.36,16.32,16.35,199624,0
BSCU.US,D,20240327,000000,16.36,16.41,16.35,16.41,171228,0
BSCU.US,D,20240328,000000,16.39,16.4097,16.37,16.39,196042,0
BSCU.US,D,20240401,000000,16.38,16.38,16.26,16.29,182329,0
BSCU.US,D,20240402,000000,16.21,16.28,16.21,16.28,346577,0
BSCU.US,D,20240403,000000,16.26,16.3099,16.22,16.3,105613,0
BSCU.US,D,20240404,000000,16.34,16.34,16.28,16.31,207896,0
BSCU.US,D,20240405,000000,16.28,16.3,16.26,16.27,148916,0
BSCU.US,D,20240408,000000,16.2,16.25,16.2,16.225,130958,0
BSCU.US,D,20240409,000000,16.3,16.3,16.2679,16.275,150976,0
BSCU.US,D,20240410,000000,16.17,16.17,16.0711,16.085,350733,0
BSCU.US,D,20240411,000000,16.08,16.11,16.06,16.09,188194,0
BSCU.US,D,20240412,000000,16.12,16.1486,16.11,16.11,210300,0
BSCU.US,D,20240415,000000,16.07,16.07,16.01,16.02,183771,0
BSCU.US,D,20240416,000000,16,16,15.95,15.985,147530,0
BSCU.US,D,20240417,000000,16.05,16.07,16.0113,16.045,247221,0
BSCU.US,D,20240418,000000,16.04,16.04,15.99,16.005,193453,0
BSCU.US,D,20240419,000000,16.04,16.04,16.01,16.01,180528,0
BSCU.US,D,20240422,000000,15.98,16,15.95,15.995,276653,0
BSCU.US,D,20240423,000000,15.98,16.06,15.97,16.03,271830,0
BSCU.US,D,20240424,000000,16.03,16.03,15.965,15.99,171754,0
BSCU.US,D,20240425,000000,15.92,15.95,15.89,15.945,433039,0
BSCU.US,D,20240426,000000,16,16,15.97,15.98,254619,0
BSCU.US,D,20240429,000000,16.03,16.04,16,16.03,478883,0
BSCU.US,D,20240430,000000,15.96,16.005,15.96,15.96,265285,0
BSCU.US,D,20240501,000000,16.02,16.075,15.98,16.03,250972,0
BSCU.US,D,20240502,000000,16.03,16.13,16.03,16.12,672324,0
BSCU.US,D,20240503,000000,16.23,16.24,16.17,16.22,183405,0
BSCU.US,D,20240506,000000,16.24,16.24,16.2099,16.22,219300,0
BSCU.US,D,20240507,000000,16.23,16.26,16.22,16.22,165227,0
BSCU.US,D,20240508,000000,16.22,16.22,16.19,16.21,207657,0
BSCU.US,D,20240509,000000,16.21,16.23,16.19,16.22,185992,0
BSCU.US,D,20240510,000000,16.21,16.21,16.16,16.18,302562,0
BSCU.US,D,20240513,000000,16.21,16.21,16.18,16.19,169828,0
BSCU.US,D,20240514,000000,16.23,16.23,16.2,16.22,132814,0
BSCU.US,D,20240515,000000,16.31,16.33,16.2773,16.33,160091,0
BSCU.US,D,20240516,000000,16.33,16.33,16.28,16.29,372032,0
BSCU.US,D,20240517,000000,16.29,16.29,16.26,16.27,257401,0
BSCU.US,D,20240520,000000,16.2,16.21,16.18,16.19,144212,0
BSCU.US,D,20240521,000000,16.23,16.23,16.2,16.215,166772,0
BSCU.US,D,20240522,000000,16.2,16.206,16.17,16.1752,268827,0
BSCU.US,D,20240523,000000,16.21,16.21,16.11,16.13,136602,0
BSCU.US,D,20240524,000000,16.16,16.16,16.12,16.15,226924,0
BSCU.US,D,20240528,000000,16.19,16.19,16.09,16.1,150637,0
BSCU.US,D,20240529,000000,16.09,16.09,16.035,16.05,117341,0
BSCU.US,D,20240530,000000,16.11,16.12,16.0877,16.11,121664,0
BSCU.US,D,20240531,000000,16.17,16.18,16.14,16.17,197560,0
BSCU.US,D,20240603,000000,16.18,16.26,16.18,16.25,204703,0
BSCU.US,D,20240604,000000,16.3,16.32,16.28,16.3,93935,0
BSCU.US,D,20240605,000000,16.34,16.35,16.29,16.34,280117,0
BSCU.US,D,20240606,000000,16.34,16.36,16.3292,16.35,71852,0
BSCU.US,D,20240607,000000,16.25,16.25,16.2189,16.225,220583,0
BSCU.US,D,20240610,000000,16.19,16.23,16.19,16.215,165006,0
BSCU.US,D,20240611,000000,16.22,16.2787,16.22,16.265,152099,0
BSCU.US,D,20240612,000000,16.36,16.425,16.34,16.345,229196,0
BSCU.US,D,20240613,000000,16.38,16.43,16.38,16.4147,88470,0
BSCU.US,D,20240614,000000,16.37,16.41,16.37,16.39,164830,0
BSCU.US,D,20240617,000000,16.37,16.37,16.3399,16.35,149537,0
BSCU.US,D,20240618,000000,16.4,16.42,16.375,16.41,1137245,0
BSCU.US,D,20240620,000000,16.39,16.39,16.35,16.38,226514,0
BSCU.US,D,20240621,000000,16.37,16.4091,16.3513,16.37,302990,0
BSCU.US,D,20240624,000000,16.34,16.34,16.305,16.32,826562,0
BSCU.US,D,20240625,000000,16.34,16.34,16.29,16.32,142552,0
BSCU.US,D,20240626,000000,16.25,16.27,16.2357,16.25,254561,0
BSCU.US,D,20240627,000000,16.3,16.3,16.28,16.29,111858,0
BSCU.US,D,20240628,000000,16.34,16.35,16.24,16.26,271037,0
BSCU.US,D,20240701,000000,16.16,16.31,16.16,16.19,215250,0
BSCU.US,D,20240702,000000,16.28,16.28,16.235,16.26,113599,0
BSCU.US,D,20240703,000000,16.29,16.33,16.275,16.325,178726,0
BSCU.US,D,20240705,000000,16.42,16.42,16.37,16.42,200846,0
BSCU.US,D,20240708,000000,16.39,16.43,16.39,16.4146,231363,0
BSCU.US,D,20240709,000000,16.36,16.4099,16.36,16.39,166073,0
BSCU.US,D,20240710,000000,16.44,16.44,16.391,16.42,276599,0
BSCU.US,D,20240711,000000,16.52,16.52,16.48,16.5,345801,0
BSCU.US,D,20240712,000000,16.53,16.55,16.49,16.55,222586,0
BSCU.US,D,20240715,000000,16.53,16.5499,16.49,16.51,672602,0
BSCU.US,D,20240716,000000,16.55,16.55,16.5,16.545,222224,0
BSCU.US,D,20240717,000000,16.55,16.55,16.5,16.55,201157,0
BSCU.US,D,20240718,000000,16.56,16.56,16.5001,16.51,227619,0
BSCU.US,D,20240719,000000,16.5,16.5,16.46,16.47,128017,0
BSCU.US,D,20240722,000000,16.45,16.45,16.38,16.41,161173,0
BSCU.US,D,20240723,000000,16.44,16.44,16.405,16.42,156842,0
BSCU.US,D,20240724,000000,16.46,16.46,16.385,16.39,271990,0
BSCU.US,D,20240725,000000,16.38,16.4393,16.38,16.405,316896,0
BSCU.US,D,20240726,000000,16.54,16.54,16.444,16.48,371447,0
BSCU.US,D,20240729,000000,16.5,16.5,16.46,16.5,281200,0
BSCU.US,D,20240730,000000,16.51,16.5199,16.4714,16.51,508614,0
BSCU.US,D,20240731,000000,16.545,16.6,16.51,16.6,255075,0
BSCU.US,D,20240801,000000,16.61,16.6689,16.61,16.655,288209,0
BSCU.US,D,20240802,000000,16.72,16.8,16.72,16.79,163851,0
BSCU.US,D,20240805,000000,16.79,16.87,16.72,16.755,242888,0
BSCU.US,D,20240806,000000,16.76,16.76,16.68,16.68,270142,0
BSCU.US,D,20240807,000000,16.7,16.7,16.6226,16.645,199815,0
BSCU.US,D,20240808,000000,16.64,16.64,16.605,16.635,223061,0
BSCU.US,D,20240809,000000,16.59,16.6899,16.59,16.67,437749,0
BSCU.US,D,20240812,000000,16.69,16.716,16.6507,16.705,116265,0
BSCU.US,D,20240813,000000,16.765,16.79,16.73,16.77,297556,0
BSCU.US,D,20240814,000000,16.81,16.82,16.7701,16.795,261078,0
BSCU.US,D,20240815,000000,16.76,16.76,16.71,16.74,239807,0
BSCU.US,D,20240816,000000,16.78,16.78,16.7213,16.775,199974,0
BSCU.US,D,20240819,000000,16.71,16.73,16.69,16.715,213773,0
BSCU.US,D,20240820,000000,16.76,16.76,16.725,16.75,302954,0
BSCU.US,D,20240821,000000,16.79,16.826,16.76,16.8046,235254,0
BSCU.US,D,20240822,000000,16.78,16.78,16.725,16.75,1393900,0
BSCU.US,D,20240823,000000,16.8,16.84,16.76,16.84,312959,0
BSCU.US,D,20240826,000000,16.83,16.87,16.81,16.82,321294,0
BSCU.US,D,20240827,000000,16.81,16.84,16.78,16.83,1566140,0
BSCU.US,D,20240828,000000,16.81,16.84,16.805,16.82,289749,0
BSCU.US,D,20240829,000000,16.82,16.82,16.79,16.81,354966,0
BSCU.US,D,20240830,000000,16.81,16.83,16.77,16.79,402882,0
BSCU.US,D,20240903,000000,16.86,16.86,16.8,16.83,607810,0
BSCU.US,D,20240904,000000,16.87,16.91,16.83,16.91,491982,0
BSCU.US,D,20240905,000000,16.95,16.96,16.88,16.93,275349,0
BSCU.US,D,20240906,000000,16.98,17.005,16.9,16.94,677612,0
BSCU.US,D,20240909,000000,16.97,16.98,16.94,16.96,455784,0
BSCU.US,D,20240910,000000,16.95,17.01,16.95,17.01,204533,0
BSCU.US,D,20240911,000000,16.96,17.02,16.96,16.99,335475,0
BSCU.US,D,20240912,000000,17.06,17.06,16.955,17,235883,0
BSCU.US,D,20240913,000000,17.05,17.05,17.015,17.03,464232,0
BSCU.US,D,20240916,000000,17.08,17.08,17.02,17.05,236549,0
BSCU.US,D,20240917,000000,17.09,17.09,17.02,17.05,250259,0
BSCU.US,D,20240918,000000,17.05,17.1299,17,17.02,478345,0
BSCU.US,D,20240919,000000,17.02,17.0487,17.00711,17.02,249445,0
BSCU.US,D,20240920,000000,17.04,17.05,16.99,17.05,1023914,0
BSCU.US,D,20240923,000000,16.98,16.98,16.93,16.96,210026,0
BSCU.US,D,20240924,000000,16.96,17.01,16.945,16.99,293727,0
BSCU.US,D,20240925,000000,16.94,16.9755,16.94,16.94,201196,0
BSCU.US,D,20240926,000000,16.98,16.98,16.905,16.92,329095,0
BSCU.US,D,20240927,000000,16.98,16.989,16.94,16.98,226160,0
BSCU.US,D,20240930,000000,16.98,16.98,16.92,16.95,343951,0
BSCU.US,D,20241001,000000,16.97,17.01,16.9667,16.99,285538,0
BSCU.US,D,20241002,000000,16.92,16.98,16.92,16.98,267504,0
BSCU.US,D,20241003,000000,16.96,16.96,16.9,16.91,295561,0
BSCU.US,D,20241004,000000,16.85,16.85,16.78,16.79,295627,0
BSCU.US,D,20241007,000000,16.75,16.76,16.73,16.74,465695,0
BSCU.US,D,20241008,000000,16.7,16.77,16.7,16.765,840151,0
BSCU.US,D,20241009,000000,16.75,16.75,16.72,16.74,287941,0
BSCU.US,D,20241010,000000,16.71,16.75,16.7018,16.74,350882,0
BSCU.US,D,20241011,000000,16.76,16.77,16.7363,16.7646,145880,0
BSCU.US,D,20241014,000000,16.79,16.79,16.715,16.75,305383,0
BSCU.US,D,20241015,000000,16.83,16.83,16.77,16.78,336698,0
BSCU.US,D,20241016,000000,16.79,16.8198,16.79,16.81,369734,0
BSCU.US,D,20241017,000000,16.75,16.785,16.75,16.75,224116,0
BSCU.US,D,20241018,000000,16.77,16.78,16.75,16.76,215554,0
BSCU.US,D,20241021,000000,16.66,16.66,16.6,16.6,188343,0
BSCU.US,D,20241022,000000,16.65,16.65,16.58,16.61,244964,0
BSCU.US,D,20241023,000000,16.58,16.58,16.53,16.555,470334,0
BSCU.US,D,20241024,000000,16.61,16.61,16.5601,16.58,252779,0
BSCU.US,D,20241025,000000,16.62,16.62,16.5428,16.545,181671,0
BSCU.US,D,20241028,000000,16.55,16.5683,16.5112,16.54,261090,0
BSCU.US,D,20241029,000000,16.48,16.56,16.475,16.56,199223,0
BSCU.US,D,20241030,000000,16.52,16.58,16.5,16.5,213591,0
BSCU.US,D,20241031,000000,16.5,16.5,16.4492,16.49,232672,0
BSCU.US,D,20241101,000000,16.49,16.535,16.4301,16.445,318891,0
BSCU.US,D,20241104,000000,16.53,16.53,16.4807,16.5,195964,0
