<TICKER>,<PER>,<DATE>,<TIME>,<OPEN>,<HIGH>,<LOW>,<CLOSE>,<VOL>,<OPENINT>
BSJR.US,D,20190916,000000,23.5073,23.5073,23.4954,23.4954,275.83943424161,0
BSJR.US,D,20190917,000000,23.5455,23.5455,23.5308,23.5367,1592.947286303,0
BSJR.US,D,20190918,000000,23.5455,23.5455,23.5073,23.5357,230.03583814982,0
BSJR.US,D,20190919,000000,23.5633,23.5829,23.5033,23.5033,4964.091958658,0
BSJR.US,D,20190920,000000,23.5633,23.573,23.517,23.5573,1496.2508056648,0
BSJR.US,D,20190923,000000,23.574,23.574,23.5671,23.5671,479.4109724273,0
BSJR.US,D,20190924,000000,23.573,23.573,23.5633,23.5633,101.78576909284,0
BSJR.US,D,20190925,000000,23.5633,23.5633,23.5073,23.5623,1381.2328865899,0
BSJR.US,D,20190926,000000,23.5849,23.5849,23.5308,23.5308,359.30376489773,0
BSJR.US,D,20190927,000000,23.5553,23.5633,23.52,23.52,1030.0719832195,0
BSJR.US,D,20190930,000000,23.5455,23.573,23.5455,23.572,1743.5902245604,0
BSJR.US,D,20191001,000000,23.5269,23.5475,23.5269,23.5475,326.73231878802,0
BSJR.US,D,20191002,000000,23.4974,23.4974,23.4394,23.4394,744.05397206868,0
BSJR.US,D,20191003,000000,23.4502,23.4875,23.4502,23.4857,2366.5191314085,0
BSJR.US,D,20191004,000000,23.5101,23.5504,23.5101,23.5504,3547.2340528856,0
BSJR.US,D,20191007,000000,23.4867,23.4867,23.4867,23.4867,54.964315310135,0
BSJR.US,D,20191008,000000,23.4688,23.4688,23.409,23.409,4034.7878868403,0
BSJR.US,D,20191009,000000,23.5357,23.5357,23.4964,23.4964,2252.5190700247,0
BSJR.US,D,20191010,000000,23.517,23.5269,23.5121,23.5121,1298.7864136247,0
BSJR.US,D,20191011,000000,23.6487,23.6487,23.6075,23.6133,2999.626615166,0
BSJR.US,D,20191014,000000,23.6399,23.6399,23.6399,23.6399,104.83934216562,0
BSJR.US,D,20191015,000000,23.6713,23.6713,23.6301,23.6301,514.01813391886,0
BSJR.US,D,20191016,000000,23.631,23.6761,23.631,23.6761,101.78576909284,0
BSJR.US,D,20191017,000000,23.689,23.689,23.689,23.689,96.696480638201,0
BSJR.US,D,20191018,000000,23.6811,23.6811,23.6811,23.6811,96.696480638201,0
BSJR.US,D,20191021,000000,23.7332,23.7332,23.7184,23.7184,666.69678755812,0
BSJR.US,D,20191022,000000,23.7283,23.7283,23.7283,23.7283,97.714338329129,0
BSJR.US,D,20191023,000000,23.7686,23.7686,23.7578,23.7578,3442.3947107199,0
BSJR.US,D,20191024,000000,23.7616,23.7962,23.7616,23.7962,128.25006905699,0
BSJR.US,D,20191025,000000,23.8088,23.8284,23.8088,23.8284,1241.7863829326,0
BSJR.US,D,20191028,000000,23.8442,23.8442,23.8442,23.8442,69.214322983133,0
BSJR.US,D,20191029,000000,23.8038,23.8038,23.8038,23.8038,80.410757583346,0
BSJR.US,D,20191030,000000,23.8009,23.8088,23.7519,23.7962,1885.0724435995,0
BSJR.US,D,20191031,000000,23.8088,23.8088,23.7332,23.7597,7620.7005319812,0
BSJR.US,D,20191101,000000,23.8009,23.8432,23.8009,23.8432,317.57159956967,0
BSJR.US,D,20191104,000000,23.8893,23.8893,23.861,23.861,3297.858918608,0
BSJR.US,D,20191105,000000,23.8384,23.8658,23.8334,23.8461,6788.0929408017,0
BSJR.US,D,20191106,000000,23.8284,23.8384,23.8284,23.8294,3686.6805565427,0
BSJR.US,D,20191107,000000,23.8284,23.8384,23.8108,23.8108,571.01816461084,0
BSJR.US,D,20191108,000000,23.7813,23.8187,23.7813,23.8088,2199.5904700963,0
BSJR.US,D,20191111,000000,23.7912,23.8088,23.7764,23.7764,1349.679298171,0
BSJR.US,D,20191112,000000,23.8038,23.8038,23.8038,23.8038,1493.1972325921,0
BSJR.US,D,20191113,000000,23.8138,23.8187,23.7626,23.7696,19247.688935457,0
BSJR.US,D,20191114,000000,23.7912,23.7912,23.7715,23.7715,76382.076842651,0
BSJR.US,D,20191115,000000,23.7912,23.797,23.7872,23.7912,50053.151951405,0
BSJR.US,D,20191118,000000,23.8187,23.8187,23.7803,23.8,5296.9314235915,0
BSJR.US,D,20191119,000000,23.7519,23.7912,23.742,23.7616,34623.44721462,0
BSJR.US,D,20191120,000000,23.7715,23.7912,23.7332,23.7852,3125.8409688412,0
BSJR.US,D,20191121,000000,23.7715,23.7715,23.7519,23.7715,26761.51440989,0
BSJR.US,D,20191122,000000,23.7912,23.7912,23.742,23.7872,5222.6278121538,0
BSJR.US,D,20191125,000000,23.8284,23.8284,23.8148,23.8284,194577.74762864,0
BSJR.US,D,20191126,000000,23.8384,23.8717,23.8384,23.8717,27617.532727961,0
BSJR.US,D,20191127,000000,23.8854,23.9032,23.8854,23.9032,48909.079906801,0
BSJR.US,D,20191129,000000,23.9316,23.9316,23.8826,23.8826,2080.5011202577,0
BSJR.US,D,20191202,000000,23.8481,23.8953,23.8384,23.8697,65003.445715761,0
BSJR.US,D,20191203,000000,23.8481,23.8854,23.8284,23.8854,34494.179287874,0
BSJR.US,D,20191204,000000,23.8993,23.8993,23.8993,23.8993,133.33935751162,0
BSJR.US,D,20191205,000000,23.9513,23.9513,23.9464,23.9504,3904.5021024014,0
BSJR.US,D,20191206,000000,23.9847,23.9994,23.97,23.9896,7676.6827049822,0
BSJR.US,D,20191209,000000,23.9797,23.9797,23.9797,23.9797,1717.1259245962,0
BSJR.US,D,20191210,000000,23.9827,23.9867,23.9827,23.9867,1498.2865210466,0
BSJR.US,D,20191211,000000,24.0112,24.0662,24.0112,24.0525,26845.996598237,0
BSJR.US,D,20191212,000000,24.0937,24.132,24.0839,24.1094,14005.721827175,0
BSJR.US,D,20191213,000000,24.1595,24.1595,24.1133,24.1133,110466.05948109,0
BSJR.US,D,20191216,000000,24.1978,24.1978,24.1978,24.1978,4588.5024707053,0
BSJR.US,D,20191217,000000,24.1881,24.2174,24.1881,24.2174,1373.0900250624,0
BSJR.US,D,20191218,000000,24.2362,24.25,24.2362,24.246,760.33969512353,0
BSJR.US,D,20191219,000000,24.2756,24.2843,24.246,24.2666,32981.642759153,0
BSJR.US,D,20191220,000000,24.2726,24.2756,24.2333,24.2362,9252.3264105394,0
BSJR.US,D,20191223,000000,24.1595,24.1645,24.1507,24.1507,5787.5388306191,0
BSJR.US,D,20191224,000000,24.1507,24.1507,24.132,24.1469,1842.3224205805,0
BSJR.US,D,20191226,000000,24.2078,24.2078,24.192,24.193,18602.367159408,0
BSJR.US,D,20191227,000000,24.1655,24.1861,24.1655,24.1762,6092.8961378975,0
BSJR.US,D,20191230,000000,24.1685,24.1685,24.1469,24.1507,4729.9846897444,0
BSJR.US,D,20191231,000000,24.1507,24.1685,24.1469,24.1507,4729.9846897444,0
BSJR.US,D,20200102,000000,24.2078,24.2078,24.191,24.2028,14186.900496161,0
BSJR.US,D,20200103,000000,24.1881,24.2048,24.1595,24.1901,8710.8261189655,0
BSJR.US,D,20200106,000000,24.1507,24.2174,24.1507,24.193,5543.2529847962,0
BSJR.US,D,20200107,000000,24.2174,24.2174,24.1704,24.1714,6241.5033607732,0
BSJR.US,D,20200108,000000,24.2166,24.2362,24.194,24.2078,36872.912711573,0
BSJR.US,D,20200109,000000,24.3591,24.3591,24.2028,24.241,2913.1087114371,0
BSJR.US,D,20200110,000000,24.249,24.2656,24.249,24.251,3197.0910072062,0
BSJR.US,D,20200113,000000,24.2559,24.303,24.2559,24.2804,3446.4661414836,0
BSJR.US,D,20200114,000000,24.303,24.3188,24.2824,24.2843,2374.6619929361,0
BSJR.US,D,20200115,000000,24.3325,24.3325,24.3128,24.3128,3833.2520640365,0
BSJR.US,D,20200116,000000,24.3413,24.3501,24.3295,24.3462,2377.7155660088,0
BSJR.US,D,20200117,000000,24.3551,24.3551,24.3365,24.3365,8315.8973348852,0
BSJR.US,D,20200121,000000,24.2656,24.2656,24.2174,24.2174,65592.78531881,0
BSJR.US,D,20200122,000000,24.2362,24.241,24.2352,24.2352,544.55386464671,0
BSJR.US,D,20200123,000000,24.1881,24.2174,24.1881,24.193,4637.3596398699,0
BSJR.US,D,20200124,000000,24.1978,24.1978,24.1037,24.1399,157006.5845411,0
BSJR.US,D,20200127,000000,23.9611,23.9797,23.9012,23.9012,4970.1991048035,0
BSJR.US,D,20200128,000000,24.0289,24.1017,24.0289,24.0604,4380.859501756,0
BSJR.US,D,20200129,000000,24.1419,24.1507,24.08,24.08,5698.9852115082,0
BSJR.US,D,20200130,000000,24.0652,24.1881,24.0652,24.1359,90873.316788399,0
BSJR.US,D,20200131,000000,24.0388,24.0388,24.019,24.019,902.83977185351,0
BSJR.US,D,20200203,000000,24.0839,24.1037,24.0652,24.0721,34548.125745493,0
BSJR.US,D,20200204,000000,24.1419,24.1595,24.1419,24.1469,24842.852662491,0
BSJR.US,D,20200205,000000,24.1881,24.2304,24.1881,24.2304,72886.753532002,0
BSJR.US,D,20200206,000000,24.246,24.2559,24.2224,24.2362,10399.452028216,0
BSJR.US,D,20200207,000000,24.1968,24.246,24.1968,24.2214,2904.9658499097,0
BSJR.US,D,20200210,000000,24.2362,24.254,24.2314,24.254,9879.3267481513,0
BSJR.US,D,20200211,000000,24.3787,24.3787,24.248,24.253,21648.815228357,0
BSJR.US,D,20200212,000000,24.2559,24.3178,24.2559,24.3178,1896.2688781997,0
BSJR.US,D,20200213,000000,24.3128,24.3128,24.2932,24.303,2128.3404317313,0
BSJR.US,D,20200218,000000,24.3226,24.3226,24.2843,24.2843,1925.7867512366,0
BSJR.US,D,20200219,000000,24.3501,24.3501,24.3128,24.3128,628.01819530284,0
BSJR.US,D,20200220,000000,24.3128,24.3501,24.2656,24.3365,124262.10262393,0
BSJR.US,D,20200221,000000,24.2892,24.3226,24.2892,24.3226,1928.8403243094,0
BSJR.US,D,20200224,000000,24.0829,24.1027,24.0416,24.0987,4367.6273517738,0
BSJR.US,D,20200225,000000,24.1311,24.1409,23.8746,23.91,111706.82800633,0
BSJR.US,D,20200226,000000,23.9886,24.018,23.9445,24.018,2464.2334697377,0
BSJR.US,D,20200227,000000,23.8254,24.0083,23.6477,23.6477,5068.9313008236,0
BSJR.US,D,20200228,000000,23.4974,24.0083,23.4974,24.0083,4047.0021791314,0
BSJR.US,D,20200302,000000,23.7312,23.973,23.7213,23.973,220942.29753907,0
BSJR.US,D,20200303,000000,23.9325,23.9325,23.8707,23.8707,2349.2155506628,0
BSJR.US,D,20200304,000000,24.0554,24.1988,24.0505,24.1988,96116.301754371,0
BSJR.US,D,20200305,000000,24.0604,24.0604,23.8314,23.9042,698.2503759769,0
BSJR.US,D,20200306,000000,23.4326,23.6192,23.4256,23.6192,3758.9484525987,0
BSJR.US,D,20200309,000000,22.1956,22.5307,22.1956,22.5208,8591.7367691269,0
BSJR.US,D,20200310,000000,22.8715,23.0681,22.8637,23.0681,684.0003683039,0
BSJR.US,D,20200311,000000,22.6289,22.6289,22.3891,22.455,1733.4116476511,0
BSJR.US,D,20200312,000000,21.8468,21.8468,21.3212,21.3989,1902.3760243453,0
BSJR.US,D,20200313,000000,21.8753,22.3795,21.7388,22.3795,6211.9854877362,0
BSJR.US,D,20200316,000000,20.9714,21.3507,20.7691,20.7691,1296.7506982428,0
BSJR.US,D,20200317,000000,20.6542,21.0324,20.6542,21.0324,1121.6791754032,0
BSJR.US,D,20200318,000000,20.3781,20.3781,19.9016,20.3014,9971.9517980257,0
BSJR.US,D,20200319,000000,19.7768,19.9881,19.4447,19.6363,22868.208742089,0
BSJR.US,D,20200320,000000,19.7208,19.7208,19.3612,19.3612,1870.8224359264,0
BSJR.US,D,20200323,000000,18.815,18.815,18.7227,18.7473,1152.2149061311,0
BSJR.US,D,20200324,000000,19.1304,19.2758,19.1304,19.205,687.05394137668,0
BSJR.US,D,20200325,000000,19.7208,20.1972,19.6835,19.7916,1633.6615939401,0
BSJR.US,D,20200330,000000,21.0256,21.0256,20.8162,20.8162,3347.7339454636,0
BSJR.US,D,20200331,000000,20.6443,21.0923,20.6443,20.8311,4824.6454550007,0
BSJR.US,D,20200401,000000,20.7691,20.7691,20.4812,20.4812,10496.148508854,0
BSJR.US,D,20200402,000000,21.2063,21.2063,20.4822,20.4842,1941.0546166005,0
BSJR.US,D,20200403,000000,20.2543,20.2543,20.0008,20.0008,65810.606864668,0
BSJR.US,D,20200406,000000,20.5874,20.6513,20.4587,20.6513,14262.221965289,0
BSJR.US,D,20200407,000000,20.9185,20.9578,20.6374,20.6374,5523.9136886686,0
BSJR.US,D,20200408,000000,20.8359,21.1405,20.8359,21.1189,5601.2708731791,0
BSJR.US,D,20200409,000000,22.8067,23.2065,22.2733,22.4137,464487.14296289,0
BSJR.US,D,20200413,000000,21.9393,22.0061,21.9117,21.9422,116312.63405777,0
BSJR.US,D,20200414,000000,22.123,22.123,21.9019,21.9343,18484.29566726,0
BSJR.US,D,20200415,000000,21.6179,21.9765,21.6179,21.8587,12708.971128932,0
BSJR.US,D,20200416,000000,21.6425,21.7968,21.6425,21.735,922.17906798115,0
BSJR.US,D,20200417,000000,22.1416,22.1416,21.8075,21.9825,1315.0721366795,0
BSJR.US,D,20200420,000000,21.9196,21.9196,21.7987,21.7987,297.2144457511,0
BSJR.US,D,20200422,000000,21.5384,21.5668,21.3763,21.5364,22794.922988342,0
BSJR.US,D,20200423,000000,21.6346,21.6701,21.4411,21.4647,11618.845541949,0
BSJR.US,D,20200424,000000,21.4607,21.4607,21.331,21.3419,28053.175819678,0
BSJR.US,D,20200427,000000,21.451,21.451,21.3783,21.4195,2234.1976315879,0
BSJR.US,D,20200428,000000,21.3949,21.3949,21.3507,21.3507,610.71461455706,0
BSJR.US,D,20200429,000000,21.5384,21.5668,21.5098,21.563,66199.428502602,0
BSJR.US,D,20200430,000000,21.5138,21.5767,21.5138,21.5767,528.26814159185,0
BSJR.US,D,20200501,000000,21.4656,21.4656,21.3802,21.3802,3355.876806991,0
BSJR.US,D,20200504,000000,21.2603,21.3576,21.2603,21.3576,16965.651992395,0
BSJR.US,D,20200508,000000,21.6798,21.7722,21.6798,21.7722,434.62523402643,0
BSJR.US,D,20200511,000000,21.729,21.729,21.5963,21.6897,1509.4829556468,0
BSJR.US,D,20200514,000000,21.3478,21.4313,21.2466,21.392,11270.73821165,0
BSJR.US,D,20200515,000000,21.3664,21.4607,21.3586,21.446,4641.4310706337,0
BSJR.US,D,20200518,000000,21.6532,21.7388,21.6532,21.7024,34475.857849435,0
BSJR.US,D,20200519,000000,21.7388,21.7672,21.7388,21.7575,5000.7348355314,0
BSJR.US,D,20200520,000000,21.948,22.0355,21.948,22.0355,7322.4682285391,0
BSJR.US,D,20200522,000000,22.1524,22.1524,22.1377,22.1377,1415.8400480814,0
BSJR.US,D,20200526,000000,22.3961,22.3961,22.3815,22.3815,1450.4472095731,0
BSJR.US,D,20200527,000000,22.3815,22.4097,22.291,22.3901,1361.8935904622,0
BSJR.US,D,20200528,000000,22.4001,22.6956,22.4001,22.4137,6306.6462529924,0
BSJR.US,D,20200529,000000,22.4373,22.5042,22.4373,22.5042,1058.5719985656,0
BSJR.US,D,20200601,000000,22.4942,22.5867,22.4923,22.5867,61265.872274672,0
BSJR.US,D,20200602,000000,22.7144,22.9069,22.6859,22.9069,62853.730272521,0
BSJR.US,D,20200603,000000,22.9158,23.1074,22.9069,23.1074,64768.320589158,0
BSJR.US,D,20200604,000000,23.012,23.012,22.9639,23.012,3006.7516190027,0
BSJR.US,D,20200605,000000,23.3756,23.4139,23.2518,23.299,23965.45933291,0
BSJR.US,D,20200608,000000,23.299,23.299,23.2026,23.289,17800.295298956,0
BSJR.US,D,20200609,000000,23.0592,23.0592,22.9836,23.0316,5945.3067727129,0
BSJR.US,D,20200610,000000,22.9639,23.1555,22.8677,23.0788,4926.4312240936,0
BSJR.US,D,20200611,000000,22.5915,22.6191,22.2545,22.3815,5933.0924804218,0
BSJR.US,D,20200612,000000,22.7537,22.7537,22.4462,22.6584,31099.623888628,0
BSJR.US,D,20200615,000000,22.3233,22.9639,22.3233,22.9069,20466.064591498,0
BSJR.US,D,20200616,000000,23.1161,23.1161,22.8293,22.9158,19969.350038325,0
BSJR.US,D,20200617,000000,22.9354,22.9649,22.8479,22.8677,5172.7527852983,0
BSJR.US,D,20200618,000000,22.7773,22.792,22.7341,22.7821,1741.5545091785,0
BSJR.US,D,20200619,000000,22.8677,22.8677,22.7341,22.8107,8397.3259501595,0
BSJR.US,D,20200622,000000,22.7242,22.7242,22.6388,22.6859,2110.0189932946,0
BSJR.US,D,20200623,000000,22.6485,22.7144,22.6485,22.7144,2358.3762698812,0
BSJR.US,D,20200624,000000,22.4942,22.4942,22.284,22.4373,4965.1098163489,0
BSJR.US,D,20200625,000000,22.3332,22.4462,22.2743,22.4462,4402.2345132654,0
BSJR.US,D,20200626,000000,22.3332,22.3332,22.124,22.1868,2813.3586577262,0
BSJR.US,D,20200629,000000,22.1701,22.1779,22.0846,22.1042,2827.6086653992,0
BSJR.US,D,20200630,000000,22.0944,22.3037,22.0944,22.284,30029.855455462,0
BSJR.US,D,20200701,000000,22.3233,22.3901,22.2743,22.3901,6017.5746687689,0
BSJR.US,D,20200702,000000,22.5042,22.6191,22.4462,22.5032,5045.5205739322,0
BSJR.US,D,20200706,000000,22.5817,22.7341,22.5817,22.7341,17328.009330366,0
BSJR.US,D,20200707,000000,22.7056,22.7723,22.5817,22.6093,6873.5929868397,0
BSJR.US,D,20200708,000000,22.6093,22.6956,22.5621,22.6956,6016.556811078,0
BSJR.US,D,20200709,000000,22.6191,22.6485,22.4659,22.6485,13458.114389456,0
BSJR.US,D,20200710,000000,22.6485,22.7144,22.6485,22.7144,838.71473732503,0
BSJR.US,D,20200713,000000,22.7537,22.7723,22.4942,22.4942,3620.5198066324,0
BSJR.US,D,20200715,000000,22.9639,22.9639,22.8578,22.959,439.71452248108,0
BSJR.US,D,20200716,000000,22.9069,22.9934,22.9069,22.9934,2473.3941889561,0
BSJR.US,D,20200717,000000,23.2321,23.2321,23.0229,23.0691,5446.556504158,0
BSJR.US,D,20200720,000000,23.2528,23.3275,23.2145,23.2655,1191.9113560772,0
BSJR.US,D,20200721,000000,23.3549,23.5495,23.3549,23.41,3109.5552457864,0
BSJR.US,D,20200722,000000,23.4296,23.4914,23.4296,23.463,476.35739935451,0
BSJR.US,D,20200723,000000,23.405,23.4286,23.3235,23.4149,3428.1447030469,0
BSJR.US,D,20200724,000000,23.4817,23.4867,23.4817,23.4867,1182.7506368589,0
BSJR.US,D,20200727,000000,23.4532,23.4582,23.4532,23.4582,867.21475267102,0
BSJR.US,D,20200728,000000,23.4433,23.5681,23.3569,23.517,14074.936150158,0
BSJR.US,D,20200729,000000,23.6427,23.7027,23.5936,23.6497,1351.7150135529,0
BSJR.US,D,20200730,000000,23.7509,23.7606,23.7077,23.7077,1627.5544477946,0
BSJR.US,D,20200731,000000,23.6841,23.8178,23.6114,23.8178,2836.7693846175,0
BSJR.US,D,20200803,000000,23.8078,23.8078,23.7794,23.7952,1391.4114634991,0
BSJR.US,D,20200805,000000,23.8668,23.8668,23.8324,23.8324,1149.1613330582,0
BSJR.US,D,20200806,000000,23.8471,23.9109,23.8471,23.9109,1176.6434907133,0
BSJR.US,D,20200807,000000,23.9571,23.9571,23.8796,23.908,2201.6261854782,0
BSJR.US,D,20200810,000000,23.9425,23.9425,23.8471,23.8471,733.8753951594,0
BSJR.US,D,20200811,000000,23.9325,23.972,23.7077,23.7077,4057.1807560407,0
BSJR.US,D,20200812,000000,23.7223,23.8854,23.7174,23.7174,2547.6978003939,0
BSJR.US,D,20200813,000000,23.7656,23.8374,23.6595,23.6595,992.41124865521,0
BSJR.US,D,20200814,000000,23.6261,23.7706,23.521,23.521,9421.2907872335,0
BSJR.US,D,20200817,000000,23.6359,23.7322,23.6359,23.7322,2785.8765000711,0
BSJR.US,D,20200818,000000,23.7902,23.8668,23.7174,23.7902,15440.901171384,0
BSJR.US,D,20200819,000000,23.8,23.8374,23.689,23.7047,7202.3610210096,0
BSJR.US,D,20200820,000000,23.6742,23.8078,23.6742,23.8078,3416.9482684468,0
BSJR.US,D,20200821,000000,23.8078,23.8178,23.7902,23.8078,5584.9851501243,0
BSJR.US,D,20200824,000000,23.8078,23.9325,23.7754,23.8226,3548.2519105765,0
BSJR.US,D,20200825,000000,23.8471,23.862,23.8471,23.862,412.23236482601,0
BSJR.US,D,20200826,000000,23.8953,23.8993,23.8766,23.8903,2945.6801575469,0
BSJR.US,D,20200827,000000,23.9012,23.9012,23.8,23.8854,1805.679543707,0
BSJR.US,D,20200828,000000,23.9425,23.9768,23.8766,23.8854,4897.9312087476,0
BSJR.US,D,20200831,000000,23.851,23.8668,23.851,23.8668,717.58967210453,0
BSJR.US,D,20200901,000000,23.8668,24.192,23.857,24.0682,12726.274709678,0
BSJR.US,D,20200902,000000,23.9817,24.0162,23.9139,24.0162,1398.5364673356,0
BSJR.US,D,20200903,000000,23.8854,23.8854,23.7902,23.8284,1533.9115402291,0
BSJR.US,D,20200904,000000,23.6261,23.8471,23.5976,23.8148,3323.3053608814,0
BSJR.US,D,20200908,000000,23.7223,23.7322,23.6674,23.6674,4716.7525397623,0
BSJR.US,D,20200909,000000,23.7902,23.8028,23.7902,23.8028,216.80368816775,0
BSJR.US,D,20200910,000000,23.8,23.8,23.7077,23.7077,1090.1255869843,0
BSJR.US,D,20200911,000000,23.7696,23.7706,23.6771,23.7706,1682.5187631047,0
BSJR.US,D,20200914,000000,23.8178,23.8178,23.7606,23.7706,2811.3229423443,0
BSJR.US,D,20200915,000000,23.8178,23.8178,23.7803,23.7803,334.87518031546,0
BSJR.US,D,20200916,000000,23.8766,23.9817,23.7902,23.8766,8845.183334168,0
BSJR.US,D,20200917,000000,23.7126,23.7892,23.7126,23.7892,1275.3756867334,0
BSJR.US,D,20200918,000000,23.741,23.741,23.6644,23.6644,4384.9309325197,0
BSJR.US,D,20200921,000000,23.3863,23.5308,23.3196,23.3618,1900.3403089634,0
BSJR.US,D,20200922,000000,23.3667,23.4433,23.3627,23.4336,1629.5901631764,0
BSJR.US,D,20200923,000000,23.3372,23.3372,23.1593,23.1593,939.48264872693,0
BSJR.US,D,20200924,000000,23.1643,23.1939,23.0495,23.1507,5969.7353572952,0
BSJR.US,D,20200925,000000,23.1457,23.2036,23.1211,23.1358,2089.6618394761,0
BSJR.US,D,20200928,000000,23.2999,23.3863,23.2704,23.2754,5854.7174382202,0
BSJR.US,D,20200929,000000,23.3275,23.3275,23.295,23.295,166.92866131227,0
BSJR.US,D,20200930,000000,23.4041,23.41,23.4041,23.405,1036.1791293651,0
BSJR.US,D,20201001,000000,23.4904,23.4914,23.4798,23.4867,710.46466826804,0
BSJR.US,D,20201002,000000,23.521,23.521,23.521,23.521,244.28584582283,0
BSJR.US,D,20201005,000000,23.6409,23.8471,23.6301,23.6791,9201.433525993,0
BSJR.US,D,20201006,000000,23.7509,23.7509,23.6359,23.6703,20533.2431991,0
BSJR.US,D,20201007,000000,23.7902,23.7902,23.7459,23.7459,1231.6078060234,0
BSJR.US,D,20201008,000000,23.7706,23.8,23.7606,23.8,732.85753746847,0
BSJR.US,D,20201009,000000,23.8953,23.9129,23.857,23.857,1702.8759169232,0
BSJR.US,D,20201012,000000,23.9817,24.0584,23.9817,24.0584,3793.5556140902,0
BSJR.US,D,20201013,000000,24.0486,24.0486,23.8668,23.9229,6637.4500025443,0
BSJR.US,D,20201014,000000,23.9522,23.9621,23.854,23.8668,7465.98616296,0
BSJR.US,D,20201015,000000,23.7706,23.9032,23.7322,23.8717,2915.1444268191,0
BSJR.US,D,20201016,000000,23.9129,23.9129,23.7952,23.7952,7705.1827203282,0
BSJR.US,D,20201019,000000,23.8374,23.8471,23.7174,23.7174,2903.9479922188,0
BSJR.US,D,20201020,000000,23.8766,23.8766,23.8128,23.8128,529.28599928279,0
BSJR.US,D,20201021,000000,23.8098,23.9042,23.8078,23.8078,2758.3943424161,0
BSJR.US,D,20201022,000000,23.8028,23.9631,23.8,23.8854,3415.9304107558,0
BSJR.US,D,20201023,000000,23.857,23.9335,23.857,23.9335,814.28615274273,0
BSJR.US,D,20201026,000000,23.8274,23.8471,23.7322,23.7322,15317.740390783,0
BSJR.US,D,20201027,000000,23.7606,23.7803,23.7223,23.741,4873.5026241653,0
BSJR.US,D,20201028,000000,23.515,23.5298,23.3451,23.5298,4937.6276586938,0
BSJR.US,D,20201029,000000,23.5583,23.5583,23.5583,23.5583,577.12531075641,0
BSJR.US,D,20201030,000000,23.4994,23.5769,23.4738,23.5769,1169.5184868767,0
BSJR.US,D,20201102,000000,23.6536,23.7126,23.5769,23.5769,5401.7707657571,0
BSJR.US,D,20201103,000000,23.7223,23.8806,23.7223,23.8274,875.35761419845,0
BSJR.US,D,20201105,000000,24.2234,24.301,24.2234,24.2626,6673.0750217267,0
BSJR.US,D,20201106,000000,24.2136,24.248,24.1469,24.2234,2983.3408921113,0
BSJR.US,D,20201109,000000,24.4935,24.4935,24.3404,24.3404,978.16124098221,0
BSJR.US,D,20201110,000000,24.301,24.6861,24.2814,24.3678,18933.170908959,0
BSJR.US,D,20201111,000000,24.3109,24.3492,24.2962,24.2962,2916.16228451,0
BSJR.US,D,20201112,000000,24.2107,24.2107,24.1173,24.1311,6538.7178065243,0
BSJR.US,D,20201113,000000,24.1272,24.253,24.1272,24.253,2479.5013351017,0
BSJR.US,D,20201116,000000,24.3355,24.3452,24.3305,24.3452,1074.8577216204,0
BSJR.US,D,20201117,000000,24.3394,24.3727,24.3295,24.3727,6975.3787559324,0
BSJR.US,D,20201118,000000,24.3963,24.3963,24.2912,24.2912,1788.3759629612,0
BSJR.US,D,20201119,000000,24.2962,24.4159,24.2962,24.4159,2272.8762238432,0
BSJR.US,D,20201120,000000,24.3482,24.3581,24.3482,24.3492,2588.412108031,0
BSJR.US,D,20201123,000000,24.301,24.301,24.2726,24.2775,2223.0011969877,0
BSJR.US,D,20201124,000000,24.3875,24.3875,24.3236,24.3305,3653.0912527422,0
BSJR.US,D,20201125,000000,24.2962,24.301,24.2962,24.301,3648.0019642875,0
BSJR.US,D,20201127,000000,24.3207,24.3275,24.3207,24.3275,147.58936518463,0
BSJR.US,D,20201130,000000,24.2626,24.2912,24.253,24.2746,2737.0193309065,0
BSJR.US,D,20201201,000000,24.3963,24.4061,24.3875,24.3963,792.91114123324,0
BSJR.US,D,20201202,000000,24.4249,24.4642,24.4249,24.4445,3819.0020563634,0
BSJR.US,D,20201203,000000,24.4878,24.4878,24.4642,24.4642,402.05378791673,0
BSJR.US,D,20201204,000000,24.5309,24.581,24.4935,24.5368,4976.3062509491,0
BSJR.US,D,20201207,000000,24.5319,24.5564,24.5319,24.5564,6834.9143945843,0
BSJR.US,D,20201208,000000,24.5712,24.6006,24.5515,24.5712,16943.259123194,0
BSJR.US,D,20201209,000000,24.5251,24.5251,24.4838,24.4838,2812.3408000353,0
BSJR.US,D,20201210,000000,24.5614,24.591,24.5614,24.5664,8727.1118420203,0
BSJR.US,D,20201211,000000,24.5319,24.5515,24.4955,24.5181,4665.859655216,0
BSJR.US,D,20201214,000000,24.5319,24.5319,24.4985,24.5221,5189.0385083531,0
BSJR.US,D,20201215,000000,24.6006,24.6292,24.6006,24.6056,4654.6632206157,0
BSJR.US,D,20201216,000000,24.6961,24.6961,24.5035,24.581,2674.9300117599,0
BSJR.US,D,20201217,000000,24.6106,24.6292,24.6056,24.6106,1516.6079594833,0
BSJR.US,D,20201218,000000,24.6468,24.6478,24.6006,24.639,3946.2342677295,0
BSJR.US,D,20201221,000000,24.4445,24.4739,24.3875,24.4347,29698.033848219,0
BSJR.US,D,20201222,000000,24.4209,24.4642,24.4209,24.4642,15124.347429506,0
BSJR.US,D,20201223,000000,24.5614,24.581,24.5614,24.5712,2045.8939587662,0
BSJR.US,D,20201224,000000,24.581,24.5957,24.5427,24.5957,956.78622947272,0
BSJR.US,D,20201228,000000,24.6714,24.6861,24.6212,24.6242,17533.616583932,0
BSJR.US,D,20201229,000000,24.6577,24.6577,24.6194,24.6292,1270.2863982787,0
BSJR.US,D,20201230,000000,24.6577,24.6961,24.6577,24.6961,6382.9855798122,0
BSJR.US,D,20201231,000000,24.6961,24.7147,24.6665,24.7147,5912.7353266033,0
BSJR.US,D,20210104,000000,24.6763,24.6763,24.5712,24.6577,9948.5410711344,0
BSJR.US,D,20210105,000000,24.6232,24.6577,24.6222,24.6577,1956.3224819644,0
BSJR.US,D,20210106,000000,24.6626,24.7117,24.6006,24.6006,3849.5377870912,0
BSJR.US,D,20210107,000000,24.6714,24.7216,24.6429,24.6961,5872.0210189661,0
BSJR.US,D,20210108,000000,24.7009,24.7009,24.6665,24.6961,3565.5554913224,0
BSJR.US,D,20210111,000000,24.6096,24.8985,24.5515,24.5712,19360.67113915,0
BSJR.US,D,20210112,000000,24.5319,24.6006,24.5221,24.6006,8672.1475267102,0
BSJR.US,D,20210113,000000,24.5712,24.6961,24.5712,24.6528,9090.4870376817,0
BSJR.US,D,20210114,000000,24.6616,24.6961,24.6577,24.6665,12237.703018032,0
BSJR.US,D,20210115,000000,24.591,24.6577,24.591,24.639,15331.990398455,0
BSJR.US,D,20210119,000000,24.6695,24.7177,24.6184,24.6891,20791.779052595,0
BSJR.US,D,20210120,000000,24.7569,24.7569,24.6901,24.7274,23303.851833806,0
BSJR.US,D,20210121,000000,24.7127,24.7373,24.6744,24.7177,8069.5757736805,0
BSJR.US,D,20210122,000000,24.6508,24.6793,24.6508,24.6655,4416.4845209385,0
BSJR.US,D,20210125,000000,24.7373,24.7373,24.586,24.6458,8870.6297764412,0
BSJR.US,D,20210126,000000,24.6783,24.6783,24.6184,24.6272,4352.3594864099,0
BSJR.US,D,20210127,000000,24.584,24.5987,24.5348,24.5398,3069.8587958402,0
BSJR.US,D,20210128,000000,24.6645,24.6645,24.6419,24.6419,737.94682592311,0
BSJR.US,D,20210129,000000,24.6322,24.6508,24.5152,24.5447,33759.286035023,0
BSJR.US,D,20210201,000000,24.5644,24.6891,24.5644,24.6351,5485.2350964133,0
BSJR.US,D,20210202,000000,24.6989,24.6989,24.6803,24.6941,2997.5908997842,0
BSJR.US,D,20210203,000000,24.7177,24.7177,24.7177,24.7177,1567.5008440298,0
BSJR.US,D,20210204,000000,24.7668,24.7668,24.7353,24.7353,9244.183549012,0
BSJR.US,D,20210205,000000,24.8148,24.8148,24.806,24.806,410.19664944416,0
BSJR.US,D,20210208,000000,24.8453,24.8925,24.806,24.8699,6435.9141797404,0
BSJR.US,D,20210209,000000,24.8649,24.8649,24.8355,24.8552,31415.159772815,0
BSJR.US,D,20210210,000000,24.8542,24.8552,24.803,24.8552,56587.798327165,0
BSJR.US,D,20210211,000000,24.8649,24.8749,24.8355,24.8503,19498.081927425,0
BSJR.US,D,20210212,000000,24.8158,24.8925,24.8158,24.8925,51362.116941939,0
BSJR.US,D,20210216,000000,24.8925,24.8925,24.8453,24.8453,13945.668223411,0
BSJR.US,D,20210217,000000,24.8158,24.8453,24.806,24.8355,27269.425397663,0
BSJR.US,D,20210218,000000,24.806,24.8355,24.7952,24.8355,52272.081717629,0
BSJR.US,D,20210219,000000,24.8256,24.8552,24.7765,24.8256,26616.978617779,0
BSJR.US,D,20210222,000000,24.6891,24.7077,24.6695,24.6793,32003.481518172,0
BSJR.US,D,20210223,000000,24.6498,24.7569,24.6086,24.7569,107701.55799252,0
BSJR.US,D,20210224,000000,24.6989,24.7569,24.6891,24.7569,109630.39831683,0
BSJR.US,D,20210225,000000,24.7177,24.7177,24.5251,24.5644,329195.53440007,0
BSJR.US,D,20210226,000000,24.5938,24.5967,24.5054,24.5644,84474.045485532,0
BSJR.US,D,20210301,000000,24.6036,24.7177,24.5938,24.7077,312379.50748824,0
BSJR.US,D,20210302,000000,24.6989,24.6989,24.6606,24.6842,166875.73271233,0
BSJR.US,D,20210303,000000,24.6606,24.6793,24.6222,24.6419,19298.581820002,0
BSJR.US,D,20210304,000000,24.6695,24.7077,24.4563,24.5348,130488.33811934,0
BSJR.US,D,20210305,000000,24.5644,24.5741,24.4367,24.5741,171998.61047078,0
BSJR.US,D,20210308,000000,24.5644,24.5644,24.3894,24.4081,181545.09775399,0
BSJR.US,D,20210309,000000,24.5054,24.5054,24.4367,24.4367,81619.972520168,0
BSJR.US,D,20210310,000000,24.4612,24.5054,24.4563,24.4955,57029.548565029,0
BSJR.US,D,20210311,000000,24.5054,24.589,24.5054,24.5741,145193.32818017,0
BSJR.US,D,20210312,000000,24.5152,24.5152,24.4955,24.4955,36168.55518945,0
BSJR.US,D,20210315,000000,24.4759,24.4907,24.4709,24.4858,21589.779482282,0
BSJR.US,D,20210316,000000,24.4759,24.4858,24.4277,24.4367,29416.087267832,0
BSJR.US,D,20210317,000000,24.3894,24.4858,24.3698,24.4759,70832.716711708,0
BSJR.US,D,20210318,000000,24.3423,24.3983,24.2736,24.2833,60738.621990771,0
BSJR.US,D,20210319,000000,24.2932,24.3325,24.2342,24.3325,54812.654514186,0
BSJR.US,D,20210322,000000,24.2636,24.3423,24.2636,24.3226,108064.93318818,0
BSJR.US,D,20210323,000000,24.3325,24.3404,24.303,24.3325,35337.983313654,0
BSJR.US,D,20210324,000000,24.3511,24.5084,24.3511,24.3983,61367.658043766,0
BSJR.US,D,20210325,000000,24.3894,24.4179,24.3325,24.4179,53098.582162664,0
BSJR.US,D,20210326,000000,24.4759,24.4955,24.4033,24.4955,62523.944380661,0
BSJR.US,D,20210329,000000,24.4759,24.5054,24.4513,24.5054,48471.401099702,0
BSJR.US,D,20210330,000000,24.4661,24.5251,24.4563,24.4955,33124.142835883,0
BSJR.US,D,20210331,000000,24.4858,24.584,24.4759,24.584,42263.487042731,0
BSJR.US,D,20210401,000000,24.584,24.5938,24.5152,24.5938,49242.937229427,0
BSJR.US,D,20210405,000000,24.6036,24.6135,24.5741,24.6135,29943.337551733,0
BSJR.US,D,20210406,000000,24.6222,24.6606,24.6222,24.6606,43206.023264529,0
BSJR.US,D,20210407,000000,24.6508,24.6695,24.6419,24.6606,37540.627356822,0
BSJR.US,D,20210408,000000,24.6891,24.6989,24.6606,24.6891,20811.118348722,0
BSJR.US,D,20210409,000000,24.6567,24.6891,24.6419,24.6744,21131.743521364,0
BSJR.US,D,20210412,000000,24.6793,24.6793,24.5938,24.6606,30725.052258365,0
BSJR.US,D,20210413,000000,24.584,24.6606,24.584,24.6606,19793.260657793,0
BSJR.US,D,20210414,000000,24.6606,24.6793,24.6419,24.6793,18885.331597487,0
BSJR.US,D,20210415,000000,24.6989,24.7274,24.6901,24.7274,21865.618916524,0
BSJR.US,D,20210416,000000,24.7373,24.7569,24.6911,24.7077,22370.476331225,0
BSJR.US,D,20210419,000000,24.6498,24.6498,24.5545,24.5987,2495.7870581565,0
BSJR.US,D,20210420,000000,24.5938,24.5938,24.5309,24.5447,3628.6626681599,0
BSJR.US,D,20210421,000000,24.5693,24.5741,24.5644,24.5741,2227.0726277514,0
BSJR.US,D,20210422,000000,24.584,24.6222,24.5251,24.5741,17757.545275937,0
BSJR.US,D,20210423,000000,24.6135,24.6419,24.5545,24.6419,12434.149552381,0
BSJR.US,D,20210426,000000,24.6793,24.6793,24.6322,24.6419,8497.0760038705,0
BSJR.US,D,20210427,000000,24.6135,24.6645,24.6135,24.6419,7488.3790321605,0
BSJR.US,D,20210428,000000,24.6695,24.6989,24.6135,24.6695,7757.0934625655,0
BSJR.US,D,20210429,000000,24.6989,24.6989,24.6606,24.6606,237.16084198632,0
BSJR.US,D,20210430,000000,24.7274,24.7274,24.6322,24.6458,1928.8403243094,0
BSJR.US,D,20210503,000000,24.7077,24.7077,24.6695,24.6891,3607.2876566503,0
BSJR.US,D,20210504,000000,24.7177,24.7177,24.6645,24.6645,9390.7550565056,0
BSJR.US,D,20210505,000000,24.6508,24.7274,24.6508,24.7274,3948.2699831113,0
BSJR.US,D,20210506,000000,24.7177,24.7274,24.6891,24.6891,2053.0189626027,0
BSJR.US,D,20210507,000000,24.6695,24.7569,24.6695,24.7569,3445.4482837927,0
BSJR.US,D,20210510,000000,24.7373,24.7373,24.7077,24.7127,855.00046037987,0
BSJR.US,D,20210511,000000,24.6419,24.6695,24.6222,24.6695,3616.4483758687,0
BSJR.US,D,20210512,000000,24.6695,24.6695,24.5545,24.5644,7976.950723806,0
BSJR.US,D,20210513,000000,24.6135,24.6322,24.5741,24.5938,1225.5006598778,0
BSJR.US,D,20210514,000000,24.641,24.6508,24.637,24.637,29390.640825558,0
BSJR.US,D,20210517,000000,24.7373,24.7373,24.6036,24.6685,7864.9863778039,0
BSJR.US,D,20210518,000000,24.6606,24.6606,24.6468,24.6468,8569.3438999265,0
BSJR.US,D,20210519,000000,24.5644,24.584,24.4759,24.584,10442.202051234,0
BSJR.US,D,20210520,000000,24.6036,24.6036,24.5594,24.6026,3976.7699984574,0
BSJR.US,D,20210521,000000,24.6222,24.6508,24.4955,24.6458,6584.521402616,0
BSJR.US,D,20210524,000000,24.5703,24.5987,24.5703,24.5987,51757.04572602,0
BSJR.US,D,20210525,000000,24.6222,24.6222,24.5741,24.6222,6958.0751751867,0
BSJR.US,D,20210526,000000,24.6036,24.6322,24.5644,24.6322,9348.0050334866,0
BSJR.US,D,20210527,000000,24.6989,24.6989,24.6135,24.6508,16565.63391986,0
BSJR.US,D,20210528,000000,24.6508,24.6695,24.6419,24.6419,11970.006445318,0
BSJR.US,D,20210601,000000,24.6989,24.6989,24.6577,24.6989,8468.5759885245,0
BSJR.US,D,20210602,000000,24.6695,24.7177,24.6606,24.6989,15129.43671796,0
BSJR.US,D,20210603,000000,24.7264,24.7373,24.6891,24.6891,3086.144518895,0
BSJR.US,D,20210604,000000,24.7373,24.7373,24.7127,24.7127,273.80371885974,0
BSJR.US,D,20210607,000000,24.806,24.806,24.6989,24.7422,438425.91464437,0
BSJR.US,D,20210608,000000,24.806,24.8158,24.7432,24.7864,38810.9137551,0
BSJR.US,D,20210609,000000,24.8158,24.8158,24.7874,24.8158,10693.612900894,0
BSJR.US,D,20210610,000000,24.8552,24.8552,24.7668,24.8011,9450.8086602705,0
BSJR.US,D,20210611,000000,24.7962,24.8552,24.7962,24.8453,2094.7511279308,0
BSJR.US,D,20210614,000000,24.8649,24.8649,24.8227,24.8256,5125.9313315155,0
BSJR.US,D,20210615,000000,24.8355,24.8649,24.8355,24.8552,7319.4146554663,0
BSJR.US,D,20210616,000000,24.8649,24.8649,24.7864,24.804,3974.7342830756,0
BSJR.US,D,20210617,000000,24.8355,24.8552,24.8158,24.8552,4048.0200368223,0
BSJR.US,D,20210618,000000,24.806,24.806,24.7814,24.7874,5619.5923116158,0
BSJR.US,D,20210621,000000,24.7373,24.7765,24.7373,24.7519,6152.9497416624,0
BSJR.US,D,20210622,000000,24.7962,24.806,24.7353,24.806,6930.5930175317,0
BSJR.US,D,20210623,000000,24.8256,24.8256,24.7373,24.7765,25764.01387278,0
BSJR.US,D,20210624,000000,24.8355,24.8355,24.811,24.811,6109.1818609524,0
BSJR.US,D,20210625,000000,24.8158,24.8453,24.8158,24.8256,2441.8406005373,0
BSJR.US,D,20210628,000000,24.8355,24.8649,24.7962,24.8404,4261.7701519173,0
BSJR.US,D,20210629,000000,24.8552,24.8649,24.8374,24.8649,7860.9149470402,0
BSJR.US,D,20210630,000000,24.806,24.8552,24.806,24.8552,12289.61376027,0
BSJR.US,D,20210701,000000,24.8925,24.8925,24.8925,24.8925,1359.8578750804,0
BSJR.US,D,20210702,000000,24.9171,24.9417,24.9171,24.9367,9044.6834415901,0
BSJR.US,D,20210706,000000,24.8552,24.9514,24.8552,24.9514,14247.971957616,0
BSJR.US,D,20210707,000000,24.9887,24.9887,24.9417,24.971,22496.6906849,0
BSJR.US,D,20210708,000000,24.9121,24.971,24.8364,24.9514,92445.906920883,0
BSJR.US,D,20210709,000000,24.9287,24.9417,24.8925,24.9417,1171.5542022587,0
BSJR.US,D,20210712,000000,24.922,24.922,24.9023,24.922,13360.400051127,0
BSJR.US,D,20210713,000000,24.9014,24.9121,24.8649,24.8649,5101.5027469332,0
BSJR.US,D,20210714,000000,24.806,24.8749,24.806,24.8649,15108.06170645,0
BSJR.US,D,20210715,000000,24.8749,24.8845,24.8571,24.8845,10384.184162851,0
BSJR.US,D,20210716,000000,24.8453,24.8845,24.8208,24.8208,8116.3972274633,0
BSJR.US,D,20210719,000000,24.6989,24.7373,24.5751,24.6212,10250.84480534,0
BSJR.US,D,20210720,000000,24.6695,24.7274,24.6695,24.7274,22340.958458188,0
BSJR.US,D,20210721,000000,24.8158,24.8649,24.7864,24.806,57913.049040755,0
BSJR.US,D,20210722,000000,24.8256,24.8649,24.8256,24.8649,1069.7684331657,0
BSJR.US,D,20210723,000000,24.9121,24.9121,24.9023,24.9023,4493.841705449,0
BSJR.US,D,20210726,000000,24.8649,24.8649,24.8649,24.8649,3103.4480996408,0
BSJR.US,D,20210727,000000,24.8011,24.8845,24.8011,24.8355,1195.982786841,0
BSJR.US,D,20210728,000000,24.8158,24.8256,24.7864,24.8158,18724.510082319,0
BSJR.US,D,20210729,000000,24.8463,24.8925,24.8453,24.8925,9815.2017136229,0
BSJR.US,D,20210730,000000,24.8649,24.8649,24.8503,24.8552,8059.3971967713,0
BSJR.US,D,20210802,000000,24.8845,24.8845,24.8158,24.8158,1549.1794055931,0
BSJR.US,D,20210803,000000,24.806,24.8355,24.7952,24.8355,5633.8423192889,0
BSJR.US,D,20210804,000000,24.7864,24.7864,24.7373,24.7668,16213.455158798,0
BSJR.US,D,20210805,000000,24.7854,24.8158,24.7765,24.8158,10218.273359231,0
BSJR.US,D,20210806,000000,24.806,24.8256,24.7914,24.7914,9301.183579704,0
BSJR.US,D,20210809,000000,24.7814,24.7962,24.7422,24.7422,2983.3408921113,0
BSJR.US,D,20210810,000000,24.7226,24.7765,24.7137,24.7177,5009.8955547497,0
BSJR.US,D,20210811,000000,24.7668,24.7668,24.6596,24.7323,27179.853920862,0
BSJR.US,D,20210812,000000,24.7569,24.7962,24.7117,24.7814,5529.0029771233,0
BSJR.US,D,20210813,000000,24.806,24.806,24.7668,24.7962,9078.2727453906,0
BSJR.US,D,20210817,000000,24.7569,24.7569,24.7373,24.7373,1321.1792828251,0
BSJR.US,D,20210818,000000,24.7569,24.7962,24.7373,24.7373,23167.458903221,0
BSJR.US,D,20210819,000000,24.6695,24.7373,24.6695,24.7038,2304.4298122619,0
BSJR.US,D,20210820,000000,24.7559,24.7765,24.6989,24.7668,8568.3260422355,0
BSJR.US,D,20210823,000000,24.6989,24.7274,24.6842,24.7177,10551.112824163,0
BSJR.US,D,20210824,000000,24.7471,24.7471,24.7274,24.7471,20266.564484075,0
BSJR.US,D,20210825,000000,24.7569,24.8158,24.7569,24.7914,16762.080454209,0
BSJR.US,D,20210826,000000,24.8355,24.8355,24.7716,24.8011,2431.662023628,0
BSJR.US,D,20210827,000000,24.8463,24.8925,24.8256,24.8925,15551.847659697,0
BSJR.US,D,20210830,000000,24.922,24.922,24.859,24.8845,5572.7708578332,0
BSJR.US,D,20210831,000000,24.9317,24.9317,24.8826,24.8925,1380.2150288989,0
BSJR.US,D,20210901,000000,24.8925,24.9317,24.8845,24.9121,26451.067814157,0
BSJR.US,D,20210902,000000,24.9662,24.9897,24.9662,24.9849,18344.849163603,0
BSJR.US,D,20210903,000000,24.979,24.9809,24.9613,24.971,15716.740605625,0
BSJR.US,D,20210907,000000,25.0192,25.0192,24.9023,24.9023,2464.2334697377,0
BSJR.US,D,20210908,000000,24.8649,24.922,24.8552,24.922,8399.3616655414,0
BSJR.US,D,20210910,000000,24.9996,24.9996,24.922,24.9317,14332.454145963,0
BSJR.US,D,20210913,000000,24.9514,24.9662,24.9465,24.9662,1061.6255716384,0
BSJR.US,D,20210914,000000,24.9897,24.9996,24.972,24.9996,4015.4485907127,0
BSJR.US,D,20210915,000000,25.0388,25.0684,24.9996,25.0684,25023.013473785,0
BSJR.US,D,20210916,000000,25.0584,25.0584,24.9897,25.0142,5425.1814926484,0
BSJR.US,D,20210917,000000,24.973,25.0094,24.9613,24.9946,1817.8938359982,0
BSJR.US,D,20210920,000000,24.8158,24.8453,24.7618,24.8208,12070.774356721,0
BSJR.US,D,20210921,000000,24.806,24.9023,24.806,24.8552,6043.0211110421,0
BSJR.US,D,20210922,000000,24.8552,24.9514,24.8552,24.922,22851.923019033,0
BSJR.US,D,20210923,000000,24.922,24.922,24.9023,24.9023,2213.8404777693,0
BSJR.US,D,20210924,000000,24.8797,24.9121,24.8797,24.8925,4546.7703053773,0
BSJR.US,D,20210927,000000,24.8836,24.9317,24.8836,24.9023,11923.184991536,0
BSJR.US,D,20210928,000000,24.8649,24.8649,24.7775,24.7775,12074.845787484,0
BSJR.US,D,20210929,000000,24.806,24.8749,24.7962,24.8158,36451.519627529,0
BSJR.US,D,20210930,000000,24.9023,24.9023,24.8256,24.8296,10891.077292934,0
BSJR.US,D,20211001,000000,24.8552,24.8845,24.8552,24.8845,5241.9671082814,0
BSJR.US,D,20211004,000000,24.8552,24.8552,24.7864,24.7864,3904.5021024014,0
BSJR.US,D,20211005,000000,24.8247,24.8552,24.7962,24.806,5257.2349736453,0
BSJR.US,D,20211006,000000,24.6793,24.7864,24.6793,24.7864,16679.633981244,0
BSJR.US,D,20211007,000000,24.859,24.8649,24.7962,24.7962,4485.6988439216,0
BSJR.US,D,20211008,000000,24.7519,24.7519,24.7226,24.7226,767.46469896003,0
BSJR.US,D,20211011,000000,24.6793,24.6793,24.6793,24.6793,2295.2690930437,0
BSJR.US,D,20211012,000000,24.7471,24.7471,24.6941,24.7077,690.10751444947,0
BSJR.US,D,20211013,000000,24.6695,24.7177,24.6498,24.7177,20615.689672065,0
BSJR.US,D,20211014,000000,24.7668,24.8709,24.7668,24.86,10085.95185941,0
BSJR.US,D,20211015,000000,24.8639,24.8649,24.8286,24.8443,3056.6266458581,0
BSJR.US,D,20211018,000000,24.8158,24.8158,24.7962,24.7962,2167.0190239865,0
BSJR.US,D,20211019,000000,24.8552,24.8552,24.806,24.8208,5163.5920660799,0
BSJR.US,D,20211020,000000,24.7962,24.8355,24.7864,24.8178,62791.640953375,0
BSJR.US,D,20211021,000000,24.7864,24.8355,24.7549,24.7864,14506.507811112,0
BSJR.US,D,20211022,000000,24.7373,24.7471,24.7137,24.7471,6003.3246610959,0
BSJR.US,D,20211025,000000,24.7177,24.7668,24.7177,24.7668,3946.2342677295,0
BSJR.US,D,20211026,000000,24.7864,24.7884,24.7569,24.7765,2232.161916206,0
BSJR.US,D,20211027,000000,24.7765,24.7765,24.7471,24.7569,36015.876535812,0
BSJR.US,D,20211028,000000,24.7569,24.7864,24.7471,24.7864,11504.845480564,0
BSJR.US,D,20211029,000000,24.7569,24.7864,24.7373,24.7765,11102.791692647,0
BSJR.US,D,20211101,000000,24.7765,24.7765,24.7274,24.7569,7060.8788019705,0
BSJR.US,D,20211102,000000,24.7471,24.812,24.7373,24.7962,18057.813294761,0
BSJR.US,D,20211103,000000,24.7716,24.8649,24.7716,24.8649,8029.8793237344,0
BSJR.US,D,20211104,000000,24.8649,24.9023,24.8649,24.9023,10241.684086122,0
BSJR.US,D,20211105,000000,24.9514,25.0006,24.9417,25.0006,22614.762177048,0
BSJR.US,D,20211108,000000,25.0202,25.0202,24.97,24.9809,10389.273451307,0
BSJR.US,D,20211109,000000,25.0006,25.0103,24.9317,25.0103,191448.85308674,0
BSJR.US,D,20211110,000000,24.922,24.9906,24.9121,24.9121,11711.470591821,0
BSJR.US,D,20211111,000000,24.8925,24.9023,24.8699,24.9023,2715.6443193971,0
BSJR.US,D,20211112,000000,24.8256,24.8845,24.8158,24.8649,9809.0945674773,0
BSJR.US,D,20211115,000000,24.8355,24.8552,24.81,24.8552,5353.9314542836,0
BSJR.US,D,20211116,000000,24.8552,24.8649,24.8256,24.8649,5050.6098623869,0
BSJR.US,D,20211117,000000,24.7972,24.8552,24.7972,24.8552,10278.326962995,0
BSJR.US,D,20211118,000000,24.8256,24.8453,24.811,24.8158,29845.623213404,0
BSJR.US,D,20211119,000000,24.806,24.806,24.7765,24.7962,2154.8047316954,0
BSJR.US,D,20211122,000000,24.7373,24.7373,24.6203,24.6203,3498.376883721,0
BSJR.US,D,20211123,000000,24.592,24.6016,24.5329,24.5427,14781.329387663,0
BSJR.US,D,20211124,000000,24.5035,24.5525,24.5035,24.5427,6428.789175904,0
BSJR.US,D,20211126,000000,24.3658,24.3953,24.2991,24.3953,9443.6836564339,0
BSJR.US,D,20211129,000000,24.4249,24.5231,24.4249,24.5231,18446.634932695,0
BSJR.US,D,20211130,000000,24.4838,24.4838,24.3138,24.3953,15008.311652739,0
BSJR.US,D,20211201,000000,24.4642,24.5231,24.3767,24.4051,133663.03625735,0
BSJR.US,D,20211202,000000,24.4051,24.5624,24.4051,24.5624,13745.150258297,0
BSJR.US,D,20211203,000000,24.5721,24.5721,24.4935,24.5624,8013.5936006794,0
BSJR.US,D,20211206,000000,24.582,24.6685,24.582,24.6685,8883.8619264233,0
BSJR.US,D,20211207,000000,24.7373,24.8158,24.7373,24.8158,84883.224277285,0
BSJR.US,D,20211208,000000,24.7864,24.806,24.7177,24.806,13131.382070667,0
BSJR.US,D,20211209,000000,24.806,24.806,24.7177,24.7177,20253.332334094,0
BSJR.US,D,20211210,000000,24.7422,24.7765,24.7177,24.7678,9529.183702472,0
BSJR.US,D,20211213,000000,24.7471,24.7864,24.7471,24.7569,5180.8956468257,0
BSJR.US,D,20211214,000000,24.7471,24.7471,24.6587,24.7471,2176.179743205,0
BSJR.US,D,20211215,000000,24.6783,24.7962,24.6783,24.7864,16574.794639079,0
BSJR.US,D,20211216,000000,24.806,24.8158,24.7539,24.7765,2806.2336538897,0
BSJR.US,D,20211217,000000,24.6979,24.7864,24.6979,24.7668,8864.5226302956,0
BSJR.US,D,20211220,000000,24.591,24.6528,24.5564,24.6468,12781.239024988,0
BSJR.US,D,20211221,000000,24.5712,24.7765,24.5712,24.7519,13181.257097523,0
BSJR.US,D,20211222,000000,24.7765,24.8256,24.7569,24.806,19112.313862562,0
BSJR.US,D,20211223,000000,24.8355,24.9032,24.8336,24.8699,32621.321136565,0
BSJR.US,D,20211227,000000,24.8845,24.9427,24.8836,24.8935,15687.22273259,0
BSJR.US,D,20211228,000000,24.8749,24.9032,24.8296,24.8749,7069.0216634979,0
BSJR.US,D,20211229,000000,24.8845,24.8845,24.8296,24.8649,9317.4693027588,0
BSJR.US,D,20211230,000000,24.8845,24.8845,24.813,24.8453,26073.442610823,0
BSJR.US,D,20211231,000000,24.8453,24.8552,24.806,24.8453,14466.811361166,0
BSJR.US,D,20220103,000000,24.7785,24.8649,24.7785,24.8649,14726.365072353,0
BSJR.US,D,20220104,000000,24.8845,24.8845,24.7962,24.8158,19908.278576869,0
BSJR.US,D,20220105,000000,24.8158,24.8158,24.639,24.639,21806.583170451,0
BSJR.US,D,20220106,000000,24.639,24.6773,24.6006,24.6194,12067.720783647,0
BSJR.US,D,20220107,000000,24.6194,24.6292,24.5721,24.6106,13703.418092969,0
BSJR.US,D,20220110,000000,24.4729,24.5712,24.4267,24.5614,18841.563716776,0
BSJR.US,D,20220111,000000,24.5624,24.6587,24.5418,24.6587,31515.927684217,0
BSJR.US,D,20220112,000000,24.7569,24.7569,24.6783,24.6979,24480.495324519,0
BSJR.US,D,20220113,000000,24.7177,24.7373,24.638,24.6881,9637.0766177103,0
BSJR.US,D,20220114,000000,24.6685,24.6979,24.6174,24.6979,9959.7375057346,0
BSJR.US,D,20220118,000000,24.6006,24.6006,24.5418,24.581,21067.618486837,0
BSJR.US,D,20220119,000000,24.6006,24.6106,24.5515,24.5614,15745.240620973,0
BSJR.US,D,20220120,000000,24.5721,24.639,24.4925,24.4925,79953.739480118,0
BSJR.US,D,20220121,000000,24.4925,24.5515,24.4583,24.4828,10911.434446752,0
BSJR.US,D,20220124,000000,24.414,24.4728,24.2808,24.4596,26305.514164355,0
BSJR.US,D,20220125,000000,24.3943,24.4337,24.3551,24.4043,12673.34610975,0
BSJR.US,D,20220126,000000,24.5025,24.5025,24.355,24.3551,10485.969931945,0
BSJR.US,D,20220127,000000,24.3551,24.3648,24.08,24.1978,16373.258816274,0
BSJR.US,D,20220128,000000,24.1488,24.2078,24.0604,24.2078,6246.5926492278,0
BSJR.US,D,20220131,000000,24.1978,24.2962,24.1193,24.2962,35739.019243879,0
BSJR.US,D,20220201,000000,24.2862,24.3452,24.2666,24.3452,34881.983068117,0
BSJR.US,D,20220202,000000,24.3648,24.4239,24.3059,24.4239,7006.9323443513,0
BSJR.US,D,20220203,000000,24.2962,24.2962,24.1942,24.1978,4381.8773594469,0
BSJR.US,D,20220204,000000,24.0363,24.0898,23.9522,24.0898,5319.3242927919,0
BSJR.US,D,20220207,000000,24.0308,24.1291,24.0308,24.08,20625.868248974,0
BSJR.US,D,20220208,000000,24.0704,24.1243,24.0604,24.0604,22885.512322835,0
BSJR.US,D,20220209,000000,24.2077,24.2078,24.1585,24.1978,3707.0377103613,0
BSJR.US,D,20220210,000000,24.1193,24.1389,23.9129,23.9129,17872.563195013,0
BSJR.US,D,20220211,000000,23.9621,23.9621,23.7366,23.7656,15924.383574575,0
BSJR.US,D,20220214,000000,23.7558,23.8147,23.6771,23.7852,19519.456938935,0
BSJR.US,D,20220215,000000,23.8387,23.8387,23.7558,23.8148,7274.6289170655,0
BSJR.US,D,20220216,000000,23.8038,23.9621,23.7825,23.9621,10212.166213085,0
BSJR.US,D,20220217,000000,23.8272,23.8687,23.8207,23.8442,3503.4661721757,0
BSJR.US,D,20220218,000000,23.8355,23.8836,23.8197,23.8836,4128.4307944057,0
BSJR.US,D,20220222,000000,23.7362,23.7952,23.7263,23.7263,2872.3944038001,0
BSJR.US,D,20220223,000000,23.8048,23.8048,23.6777,23.7263,4874.5204818563,0
BSJR.US,D,20220224,000000,23.5397,23.8,23.4512,23.8,7035.4323596973,0
BSJR.US,D,20220225,000000,23.8646,23.9616,23.8646,23.9229,18360.117028966,0
BSJR.US,D,20220228,000000,23.9522,24.021,23.9522,23.9522,18859.885155213,0
BSJR.US,D,20220301,000000,23.972,23.972,23.849,23.859,7321.4503708481,0
BSJR.US,D,20220302,000000,23.8737,23.9861,23.862,23.9674,15660.758432624,0
BSJR.US,D,20220303,000000,23.9817,24.0112,23.9229,23.9229,2623.0192695225,0
BSJR.US,D,20220304,000000,23.7558,23.8151,23.7459,23.7575,10215.219786157,0
BSJR.US,D,20220307,000000,23.6183,23.6575,23.5053,23.5053,1870.8224359264,0
BSJR.US,D,20220308,000000,23.5789,23.5789,23.4022,23.4707,26155.889083788,0
BSJR.US,D,20220309,000000,23.6159,23.6379,23.5985,23.6379,1121.6791754032,0
BSJR.US,D,20220310,000000,23.4904,23.5126,23.4611,23.4807,4851.1097549649,0
BSJR.US,D,20220311,000000,23.5004,23.5004,23.2842,23.2842,12839.256913372,0
BSJR.US,D,20220314,000000,23.2055,23.2252,23.0287,23.0289,23946.120036782,0
BSJR.US,D,20220315,000000,22.9994,23.2155,22.9994,23.1762,33780.661046533,0
BSJR.US,D,20220316,000000,23.3333,23.5008,23.2447,23.5008,2257.6083584792,0
BSJR.US,D,20220317,000000,23.5888,23.6281,23.5397,23.6281,255424.26253466,0
BSJR.US,D,20220318,000000,23.6182,23.6967,23.5819,23.6967,42345.933515694,0
BSJR.US,D,20220321,000000,23.5985,23.6182,23.3627,23.395,20940.38627547,0
BSJR.US,D,20220322,000000,23.4021,23.5034,23.3677,23.5034,11014.238073535,0
BSJR.US,D,20220323,000000,23.4217,23.4611,23.4217,23.4557,2535.4835081027,0
BSJR.US,D,20220324,000000,23.4119,23.4512,23.3333,23.4512,12913.560524809,0
BSJR.US,D,20220325,000000,23.4413,23.4413,23.3039,23.3087,20457.921729971,0
BSJR.US,D,20220328,000000,23.3039,23.4512,23.3039,23.4462,34362.875645744,0
BSJR.US,D,20220329,000000,23.5593,23.7213,23.5397,23.7213,11995.452887592,0
BSJR.US,D,20220330,000000,23.6967,23.6967,23.6379,23.6379,8171.3615427734,0
BSJR.US,D,20220331,000000,23.6967,23.6967,23.5773,23.5888,6889.8787098944,0
BSJR.US,D,20220401,000000,23.515,23.5878,23.5004,23.5789,12957.328405519,0
BSJR.US,D,20220404,000000,23.6085,23.7263,23.5888,23.7138,51142.259680699,0
BSJR.US,D,20220405,000000,23.6674,23.6674,23.5101,23.52,8415.6473885962,0
BSJR.US,D,20220406,000000,23.294,23.3873,23.294,23.353,12068.738641339,0
BSJR.US,D,20220407,000000,23.294,23.3332,23.2744,23.3186,7268.5217709199,0
BSJR.US,D,20220408,000000,23.2155,23.3039,23.1579,23.1663,18115.831183143,0
BSJR.US,D,20220411,000000,23.0975,23.0975,22.9985,23.0287,8715.9154074202,0
BSJR.US,D,20220412,000000,23.1859,23.2252,23.1271,23.1564,19331.153266113,0
BSJR.US,D,20220413,000000,23.2517,23.2843,23.2351,23.2843,1047.3755639653,0
BSJR.US,D,20220414,000000,23.2842,23.3136,23.1074,23.1412,3807.8056217632,0
BSJR.US,D,20220418,000000,23.1467,23.1549,23.0973,23.1161,5490.6396012487,0
BSJR.US,D,20220419,000000,23.1073,23.1467,23.058,23.132,7807.5576970666,0
BSJR.US,D,20220420,000000,23.1663,23.2158,23.127,23.1861,10730.828975072,0
BSJR.US,D,20220421,000000,23.2452,23.2452,23.0037,23.0085,8324.6816484307,0
BSJR.US,D,20220422,000000,22.9691,22.9887,22.904,22.9149,9380.2228903329,0
BSJR.US,D,20220425,000000,22.9199,23.0726,22.9199,23.0726,7750.7754592697,0
BSJR.US,D,20220426,000000,23.0085,23.0085,22.9494,22.9629,17328.72221336,0
BSJR.US,D,20220427,000000,22.9494,22.9494,22.8015,22.8015,2419.3289175586,0
BSJR.US,D,20220428,000000,22.8804,22.9688,22.8113,22.941,43321.805533399,0
BSJR.US,D,20220429,000000,22.841,22.841,22.6535,22.6535,14799.884694336,0
BSJR.US,D,20220502,000000,22.6634,22.6732,22.5481,22.6191,10836.281702409,0
BSJR.US,D,20220503,000000,22.7226,22.7966,22.7207,22.7657,56854.229562626,0
BSJR.US,D,20220504,000000,22.7029,22.9988,22.7029,22.9684,288852.25764109,0
BSJR.US,D,20220505,000000,22.8804,22.8804,22.5352,22.5796,62763.638167626,0
BSJR.US,D,20220506,000000,22.3972,22.4563,22.259,22.3183,94649.906596153,0
BSJR.US,D,20220509,000000,22.2098,22.2098,22.0618,22.0618,8706.9477850273,0
BSJR.US,D,20220510,000000,22.2321,22.2393,22.1308,22.1703,8668.4169808081,0
BSJR.US,D,20220511,000000,22.1309,22.2134,22.0618,22.0668,4086.2931843089,0
BSJR.US,D,20220512,000000,22.0421,22.0783,21.955,22.0075,20565.30976778,0
BSJR.US,D,20220513,000000,22.0914,22.0935,21.9731,22.0471,2740.75694223,0
BSJR.US,D,20220516,000000,22.0914,22.0914,21.9982,22.0174,19160.96335084,0
BSJR.US,D,20220517,000000,22.0618,22.0618,21.9731,21.9731,12762.821913374,0
BSJR.US,D,20220518,000000,21.835,21.835,21.8064,21.8103,720.93162631355,0
BSJR.US,D,20220519,000000,21.835,21.983,21.835,21.983,35598.407224495,0
BSJR.US,D,20220520,000000,21.8743,21.9426,21.8646,21.9426,6422.4766822363,0
BSJR.US,D,20220523,000000,21.8547,21.909,21.8547,21.8892,18773.627371583,0
BSJR.US,D,20220524,000000,21.8251,21.9878,21.8251,21.9878,25432.358721795,0
BSJR.US,D,20220525,000000,22.0027,22.2936,21.983,22.2936,226928.18541804,0
BSJR.US,D,20220526,000000,22.3578,22.5944,22.3578,22.5944,46776.396322218,0
BSJR.US,D,20220527,000000,22.7226,22.8508,22.6733,22.8404,7046.0673294696,0
BSJR.US,D,20220531,000000,22.7226,22.7226,22.6239,22.676,25199.145959415,0
BSJR.US,D,20220601,000000,22.6913,22.6913,22.5845,22.5944,34778.106682037,0
BSJR.US,D,20220602,000000,22.555,22.693,22.555,22.693,20112.065833937,0
BSJR.US,D,20220603,000000,22.5944,22.5944,22.486,22.5159,14134.721337287,0
BSJR.US,D,20220606,000000,22.5451,22.5451,22.3004,22.3775,15597.877929088,0
BSJR.US,D,20220607,000000,22.2985,22.4119,22.2985,22.4119,15760.112894221,0
BSJR.US,D,20220608,000000,22.3675,22.3675,22.2098,22.2098,11756.965129544,0
BSJR.US,D,20220609,000000,22.1899,22.19,22.0174,22.0241,1453.01690648,0
BSJR.US,D,20220610,000000,21.7659,21.7659,21.5884,21.6574,42148.643941774,0
BSJR.US,D,20220613,000000,21.2926,21.2926,20.8291,20.9648,137778.04413992,0
BSJR.US,D,20220614,000000,21.0953,21.2137,20.9573,21.0953,63130.694776242,0
BSJR.US,D,20220615,000000,21.3804,21.5884,21.3517,21.4799,18491.744119663,0
BSJR.US,D,20220616,000000,21.1841,21.2532,20.9867,21.1304,78206.378911305,0
BSJR.US,D,20220617,000000,21.3123,21.3123,21.1446,21.2213,7762.9430816548,0
BSJR.US,D,20220621,000000,21.3286,21.3583,21.1849,21.1849,17932.786320389,0
BSJR.US,D,20220622,000000,21.1898,21.2097,21.1135,21.1135,6669.4015884496,0
BSJR.US,D,20220623,000000,21.1503,21.2592,21.1503,21.2582,9105.1918159249,0
BSJR.US,D,20220624,000000,21.2443,21.4722,21.2295,21.3817,97266.060156902,0
BSJR.US,D,20220627,000000,21.3682,21.3682,21.3038,21.3038,1848.2933719466,0
BSJR.US,D,20220628,000000,21.3187,21.3187,21.0125,21.0125,11344.140313455,0
BSJR.US,D,20220629,000000,20.9323,20.9968,20.923,20.9968,4966.4682632317,0
BSJR.US,D,20220630,000000,20.9025,21.0017,20.9025,20.9422,66121.660700501,0
BSJR.US,D,20220701,000000,21.0413,21.1849,21.0215,21.1353,26197.110643779,0
BSJR.US,D,20220705,000000,20.9521,21.1057,20.8827,21.1057,50942.639709808,0
BSJR.US,D,20220706,000000,21.0709,21.1106,21.0017,21.0151,55826.333501985,0
BSJR.US,D,20220707,000000,21.1799,21.3276,21.1799,21.3137,8433.9110445734,0
BSJR.US,D,20220708,000000,21.2493,21.3286,21.1998,21.3236,77850.399470927,0
BSJR.US,D,20220711,000000,21.3286,21.3484,21.2196,21.2577,61132.984652353,0
BSJR.US,D,20220712,000000,21.279,21.3583,21.2691,21.3434,55961.599101024,0
BSJR.US,D,20220713,000000,21.1601,21.3979,21.1403,21.3286,53728.707272108,0
BSJR.US,D,20220714,000000,21.0809,21.2973,21.051,21.2939,11430.952563584,0
BSJR.US,D,20220715,000000,21.3632,21.5118,21.3583,21.5118,52062.113958573,0
BSJR.US,D,20220718,000000,21.5964,21.5964,21.3078,21.3178,17913.505995747,0
BSJR.US,D,20220719,000000,21.466,21.6561,21.466,21.6263,3367.0719425481,0
BSJR.US,D,20220720,000000,21.6561,21.864,21.6561,21.7507,104294.82734129,0
BSJR.US,D,20220721,000000,21.7059,22.0045,21.7059,22.0045,37297.028778109,0
BSJR.US,D,20220722,000000,22.104,22.104,21.895,21.9348,22988.731415565,0
BSJR.US,D,20220725,000000,21.9746,21.9746,21.8751,21.89,14019.920863734,0
BSJR.US,D,20220726,000000,21.895,21.895,21.7855,21.7955,4606.9904078135,0
BSJR.US,D,20220727,000000,21.9149,22.0741,21.895,22.0244,47409.297363547,0
BSJR.US,D,20220728,000000,22.1239,22.2831,22.109,22.2831,84934.41487068,0
BSJR.US,D,20220729,000000,22.2831,22.3697,22.2831,22.3578,7287.7865709643,0
BSJR.US,D,20220801,000000,22.308,22.3329,22.2732,22.3329,138268.99520803,0
BSJR.US,D,20220802,000000,22.2931,22.305,22.2334,22.2449,38894.654677438,0
BSJR.US,D,20220803,000000,22.3627,22.4324,22.2923,22.4324,19864.820144487,0
BSJR.US,D,20220804,000000,22.4473,22.4921,22.4414,22.4805,78140.988011961,0
BSJR.US,D,20220805,000000,22.3329,22.4125,22.295,22.4125,15651.709832609,0
BSJR.US,D,20220808,000000,22.5469,22.5469,22.4274,22.4424,7191.3261393067,0
BSJR.US,D,20220809,000000,22.3826,22.3826,22.3078,22.313,3849.3741008361,0
BSJR.US,D,20220810,000000,22.512,22.5916,22.4822,22.5618,37307.07673974,0
BSJR.US,D,20220811,000000,22.731,22.7608,22.4822,22.517,129306.21343318,0
BSJR.US,D,20220812,000000,22.5071,22.6812,22.5071,22.6679,44163.805756734,0
BSJR.US,D,20220815,000000,22.6613,22.6853,22.6017,22.6464,19133.32853775,0
BSJR.US,D,20220816,000000,22.5518,22.6215,22.527,22.5571,14361.551559188,0
BSJR.US,D,20220817,000000,22.3926,22.4473,22.3329,22.3428,101235.22302465,0
BSJR.US,D,20220818,000000,22.4025,22.4324,22.392,22.4257,14308.297362544,0
BSJR.US,D,20220819,000000,22.2931,22.2931,22.2383,22.2433,8341.8177460562,0
BSJR.US,D,20220822,000000,21.9049,21.9122,21.7955,21.8253,7689.7050362043,0
BSJR.US,D,20220823,000000,21.8253,21.9248,21.8253,21.9149,5504.2733814618,0
BSJR.US,D,20220824,000000,21.895,21.9248,21.8363,21.895,12148.990408042,0
BSJR.US,D,20220825,000000,21.9648,22.0741,21.9648,22.0741,10048.966427163,0
BSJR.US,D,20220826,000000,22.094,22.094,21.7242,21.7242,8932.637889959,0
BSJR.US,D,20220829,000000,21.6163,21.7258,21.6163,21.6362,16393.249400976,0
BSJR.US,D,20220830,000000,21.4869,21.6462,21.4272,21.5068,9027.0887292904,0
BSJR.US,D,20220831,000000,21.5268,21.5467,21.3675,21.3775,19631.707434648,0
BSJR.US,D,20220901,000000,21.2679,21.4521,21.2655,21.4521,5123.4556356469,0
BSJR.US,D,20220902,000000,21.5865,21.6064,21.3947,21.3947,39426.191847718,0
BSJR.US,D,20220906,000000,21.4471,21.4471,21.3377,21.3874,7653.5323743327,0
BSJR.US,D,20220907,000000,21.4571,21.6462,21.4571,21.6462,13739.582734229,0
BSJR.US,D,20220908,000000,21.6064,21.7208,21.6064,21.7208,18926.340528152,0
BSJR.US,D,20220909,000000,21.7557,21.89,21.7557,21.7855,38603.263790139,0
BSJR.US,D,20220912,000000,21.8353,21.885,21.7855,21.8419,13302.496403281,0
BSJR.US,D,20220913,000000,21.5806,21.5806,21.4173,21.4173,4207.0815348997,0
BSJR.US,D,20220914,000000,21.4272,21.5865,21.4073,21.4173,15181.465228278,0
BSJR.US,D,20220915,000000,21.3675,21.4055,21.2879,21.3078,13746.616307371,0
BSJR.US,D,20220916,000000,21.1884,21.3576,21.1884,21.3523,15155.340528037,0
BSJR.US,D,20220919,000000,21.1784,21.3476,21.1784,21.3476,20996.220624138,0
BSJR.US,D,20220920,000000,21.1983,21.1983,21.1287,21.1486,17663.311751135,0
BSJR.US,D,20220921,000000,21.1983,21.2381,21.0391,21.0789,6117.1990409528,0
BSJR.US,D,20220922,000000,20.9197,21.0092,20.8898,20.9495,7577.1678659371,0
BSJR.US,D,20220923,000000,20.84,20.84,20.6585,20.6908,14912.179856567,0
BSJR.US,D,20220926,000000,20.6211,20.6709,20.4321,20.4321,13422.06714669,0
BSJR.US,D,20220927,000000,20.5912,20.5912,20.3623,20.4021,28818.558753871,0
BSJR.US,D,20220928,000000,20.4221,20.7156,20.4221,20.7107,7359.1270985444,0
BSJR.US,D,20220929,000000,20.641,20.641,20.432,20.5314,17488.477218755,0
BSJR.US,D,20220930,000000,20.5713,20.6311,20.3905,20.3905,19142.371703218,0
BSJR.US,D,20221003,000000,20.5414,20.6609,20.5414,20.6609,8957.7577940365,0
BSJR.US,D,20221004,000000,20.8301,21.049,20.8301,21.049,25788.093525961,0
BSJR.US,D,20221005,000000,20.8699,21.0291,20.8102,21.0092,24337.167866445,0
BSJR.US,D,20221006,000000,20.9866,20.9866,20.8948,20.8948,15168.402878158,0
BSJR.US,D,20221007,000000,20.8002,20.8301,20.6808,20.6908,19732.187050958,0
BSJR.US,D,20221010,000000,20.7903,20.7903,20.3875,20.4619,8623.1606717242,0
BSJR.US,D,20221011,000000,20.4818,20.647,20.4818,20.5216,63586.515589457,0
BSJR.US,D,20221012,000000,20.4917,20.5912,20.4917,20.5514,14114.371703066,0
BSJR.US,D,20221013,000000,20.3126,20.6062,20.3126,20.6062,6816.5371704704,0
BSJR.US,D,20221014,000000,20.7007,20.7206,20.4996,20.5315,6155.3812951506,0
BSJR.US,D,20221017,000000,20.7704,20.8201,20.7306,20.8052,12919.66906514,0
BSJR.US,D,20221018,000000,20.9585,20.9993,20.86,20.911,79660.239810568,0
BSJR.US,D,20221019,000000,20.847,20.847,20.7505,20.7505,1301.2110312145,0
BSJR.US,D,20221020,000000,20.8102,20.8848,20.6311,20.6709,8438.2781777138,0
BSJR.US,D,20221021,000000,20.651,20.85,20.641,20.85,9961.5491609734,0
BSJR.US,D,20221024,000000,20.89,20.89,20.82,20.88,4394,0
BSJR.US,D,20221025,000000,20.97,21.055,20.97,21.05,7621,0
BSJR.US,D,20221026,000000,21.02,21.16,21.015,21.1,10452,0
BSJR.US,D,20221027,000000,21.1581,21.35,21.1557,21.3,10604,0
BSJR.US,D,20221028,000000,21.35,21.46,21.35,21.45,27489,0
BSJR.US,D,20221031,000000,21.36,21.36,21.135,21.15,17738,0
BSJR.US,D,20221101,000000,21.36,21.36,21.1799,21.26,24586,0
BSJR.US,D,20221102,000000,21.23,21.39,21.06,21.07,10345,0
BSJR.US,D,20221103,000000,20.8399,21.03,20.83,21.01,17923,0
BSJR.US,D,20221104,000000,21.08,21.17,20.9899,21.12,28956,0
BSJR.US,D,20221107,000000,21.13,21.13,21.06,21.105,11317,0
BSJR.US,D,20221108,000000,21.09,21.14,21.03,21.11,31222,0
BSJR.US,D,20221109,000000,21.03,21.0399,20.87,20.88,8000,0
BSJR.US,D,20221110,000000,21.35,21.4616,21.28,21.4616,7434,0
BSJR.US,D,20221111,000000,21.53,21.58,21.4515,21.5161,17188,0
BSJR.US,D,20221114,000000,21.429,21.44,21.35,21.37,21519,0
BSJR.US,D,20221115,000000,21.555,21.64,21.47,21.58,35295,0
BSJR.US,D,20221116,000000,21.58,21.58,21.54,21.54,24473,0
BSJR.US,D,20221117,000000,21.37,21.47,21.37,21.455,8363,0
BSJR.US,D,20221118,000000,21.54,21.57,21.43,21.4865,23133,0
BSJR.US,D,20221121,000000,21.389,21.3953,21.24,21.365,7897,0
BSJR.US,D,20221122,000000,21.3833,21.51,21.3833,21.51,24181,0
BSJR.US,D,20221123,000000,21.58,21.63,21.539,21.6,21060,0
BSJR.US,D,20221125,000000,21.64,21.64,21.55,21.575,17698,0
BSJR.US,D,20221128,000000,21.519,21.52,21.4,21.4,13447,0
BSJR.US,D,20221129,000000,21.39,21.46,21.389,21.45,14110,0
BSJR.US,D,20221130,000000,21.49,21.7344,21.4301,21.7344,23654,0
BSJR.US,D,20221201,000000,21.87,21.87,21.67,21.795,15743,0
BSJR.US,D,20221202,000000,21.71,21.81,21.7021,21.81,8403,0
BSJR.US,D,20221205,000000,21.72,21.72,21.57,21.6299,17761,0
BSJR.US,D,20221206,000000,21.605,21.61,21.54,21.566,10634,0
BSJR.US,D,20221207,000000,21.59,21.69,21.58,21.66,65676,0
BSJR.US,D,20221208,000000,21.689,21.7,21.61,21.6575,28322,0
BSJR.US,D,20221209,000000,21.59,21.73,21.59,21.67,57283,0
BSJR.US,D,20221212,000000,21.7,21.76,21.685,21.76,49658,0
BSJR.US,D,20221213,000000,22.14,22.14,21.84,21.9901,91505,0
BSJR.US,D,20221214,000000,21.98,22,21.79,21.88,32602,0
BSJR.US,D,20221215,000000,21.76,21.81,21.68,21.81,13608,0
BSJR.US,D,20221216,000000,21.69,21.71,21.61,21.69,13134,0
BSJR.US,D,20221219,000000,21.53,21.568,21.479,21.51,193772,0
BSJR.US,D,20221220,000000,21.409,21.58,21.39,21.515,293452,0
BSJR.US,D,20221221,000000,21.55,21.675,21.55,21.6,61529,0
BSJR.US,D,20221222,000000,21.53,21.57,21.465,21.515,49270,0
BSJR.US,D,20221223,000000,21.47,21.57,21.45,21.565,35720,0
BSJR.US,D,20221227,000000,21.55,21.55,21.3599,21.385,125760,0
BSJR.US,D,20221228,000000,21.379,21.38,21.03,21.03,53006,0
BSJR.US,D,20221229,000000,21.07,21.38,21.07,21.36,30695,0
BSJR.US,D,20221230,000000,21.28,21.375,21.272,21.375,10957,0
BSJR.US,D,20230103,000000,21.46,21.46,21.37,21.415,55238,0
BSJR.US,D,20230104,000000,21.5201,21.6176,21.47,21.6176,30279,0
BSJR.US,D,20230105,000000,21.55,21.59,21.545,21.59,33818,0
BSJR.US,D,20230106,000000,21.68,21.94,21.68,21.905,35523,0
BSJR.US,D,20230109,000000,21.92,22.01,21.919,21.975,100876,0
BSJR.US,D,20230110,000000,21.94,21.98,21.9097,21.97,41180,0
BSJR.US,D,20230111,000000,22.03,22.08,21.995,22.08,32297,0
BSJR.US,D,20230112,000000,22.0599,22.1986,22.04,22.185,18666,0
BSJR.US,D,20230113,000000,22.11,22.2,22.11,22.2,31705,0
BSJR.US,D,20230117,000000,22.15,22.159,22.1001,22.13,17674,0
BSJR.US,D,20230118,000000,22.23,22.28,22.13,22.135,12137,0
BSJR.US,D,20230119,000000,22.07,22.07,21.996,22.035,34069,0
BSJR.US,D,20230120,000000,22.06,22.07,21.96,22.0695,21252,0
BSJR.US,D,20230123,000000,21.95,22.01,21.92,21.935,21745,0
BSJR.US,D,20230124,000000,21.92,21.96,21.87,21.955,25406,0
BSJR.US,D,20230125,000000,21.89,21.99,21.87,21.965,75831,0
BSJR.US,D,20230126,000000,22.03,22.03,21.95,22.0163,95517,0
BSJR.US,D,20230127,000000,21.98,22.01,21.95,21.97,84439,0
BSJR.US,D,20230130,000000,21.89,21.9313,21.84,21.84,48149,0
BSJR.US,D,20230131,000000,21.94,22.06,21.935,22.05,124799,0
BSJR.US,D,20230201,000000,22.0399,22.275,21.9901,22.2104,53093,0
BSJR.US,D,20230202,000000,22.43,22.43,22.3,22.34,26333,0
BSJR.US,D,20230203,000000,22.17,22.24,22.12,22.14,24251,0
BSJR.US,D,20230206,000000,22.05,22.05,21.98,22.025,19117,0
BSJR.US,D,20230207,000000,22,22.145,21.995,22.115,32122,0
BSJR.US,D,20230208,000000,22.04,22.07,21.95,22.01,65169,0
BSJR.US,D,20230209,000000,22.09,22.09,21.9,21.9,23702,0
BSJR.US,D,20230210,000000,21.83,21.83,21.725,21.73,9531,0
BSJR.US,D,20230213,000000,21.76,21.84,21.755,21.795,38173,0
BSJR.US,D,20230214,000000,21.74,21.82,21.72,21.79,16600,0
BSJR.US,D,20230215,000000,21.7,21.76,21.685,21.74,16406,0
BSJR.US,D,20230216,000000,21.65,21.68,21.56,21.605,33171,0
BSJR.US,D,20230217,000000,21.51,21.69,21.499,21.68,31254,0
BSJR.US,D,20230221,000000,21.4,21.4,21.16,21.215,12482,0
BSJR.US,D,20230222,000000,21.31,21.41,21.28,21.35,13872,0
BSJR.US,D,20230223,000000,21.45,21.57,21.43,21.57,12381,0
BSJR.US,D,20230224,000000,21.38,21.46,21.36,21.445,12357,0
BSJR.US,D,20230227,000000,21.55,21.6,21.53,21.555,38589,0
BSJR.US,D,20230228,000000,21.55,21.55,21.5,21.5057,28236,0
BSJR.US,D,20230301,000000,21.44,21.53,21.4,21.45,52680,0
BSJR.US,D,20230302,000000,21.4,21.5099,21.3599,21.49,28303,0
BSJR.US,D,20230303,000000,21.54,21.72,21.54,21.715,33046,0
BSJR.US,D,20230306,000000,21.78,21.78,21.7,21.72,134135,0
BSJR.US,D,20230307,000000,21.6005,21.655,21.59,21.6,22008,0
BSJR.US,D,20230308,000000,21.56,21.5899,21.4599,21.5049,32974,0
BSJR.US,D,20230309,000000,21.5995,21.6,21.3,21.385,154354,0
BSJR.US,D,20230310,000000,21.45,21.475,21.36,21.36,43190,0
BSJR.US,D,20230313,000000,21.32,21.469,21.09,21.245,109433,0
BSJR.US,D,20230314,000000,21.4172,21.52,21.32,21.405,36261,0
BSJR.US,D,20230315,000000,21.29,21.29,21.19,21.285,35564,0
BSJR.US,D,20230316,000000,21.24,21.47,21.24,21.425,21420,0
BSJR.US,D,20230317,000000,21.3,21.355,21.25,21.25,6015,0
BSJR.US,D,20230320,000000,21.15,21.2,21.13,21.16,26310,0
BSJR.US,D,20230321,000000,21.24,21.3468,21.24,21.3468,7719,0
BSJR.US,D,20230322,000000,21.34,21.53,21.27,21.32,28353,0
BSJR.US,D,20230323,000000,21.44,21.479,21.195,21.235,25118,0
BSJR.US,D,20230324,000000,21.19,21.27,21.1799,21.26,26068,0
BSJR.US,D,20230327,000000,21.31,21.34,21.255,21.255,8906,0
BSJR.US,D,20230328,000000,21.15,21.2199,21.15,21.21,19782,0
BSJR.US,D,20230329,000000,21.31,21.47,21.31,21.46,20410,0
BSJR.US,D,20230330,000000,21.53,21.6,21.49,21.59,32734,0
BSJR.US,D,20230331,000000,21.65,21.8368,21.65,21.8368,14536,0
BSJR.US,D,20230403,000000,21.82,21.83,21.74,21.82,38011,0
BSJR.US,D,20230404,000000,21.79,21.795,21.75,21.755,25254,0
BSJR.US,D,20230405,000000,21.73,21.73,21.625,21.625,7822,0
BSJR.US,D,20230406,000000,21.62,21.76,21.5742,21.735,13485,0
BSJR.US,D,20230410,000000,21.63,21.715,21.63,21.7132,21431,0
BSJR.US,D,20230411,000000,21.71,21.82,21.71,21.805,8973,0
BSJR.US,D,20230412,000000,21.92,21.92,21.76,21.785,242896,0
BSJR.US,D,20230413,000000,21.92,21.95,21.886,21.9179,19609,0
BSJR.US,D,20230414,000000,21.92,21.9347,21.83,21.8626,9402,0
BSJR.US,D,20230417,000000,21.83,21.83,21.76,21.81,9150,0
BSJR.US,D,20230418,000000,21.89,21.89,21.8102,21.85,26038,0
BSJR.US,D,20230419,000000,21.78,21.81,21.76,21.795,14437,0
BSJR.US,D,20230420,000000,21.68,21.7694,21.68,21.74,27051,0
BSJR.US,D,20230421,000000,21.78,21.8101,21.75,21.8044,61157,0
BSJR.US,D,20230424,000000,21.69,21.76,21.68,21.745,18323,0
BSJR.US,D,20230425,000000,21.72,21.76,21.72,21.73,12553,0
BSJR.US,D,20230426,000000,21.72,21.72,21.64,21.65,29978,0
BSJR.US,D,20230427,000000,21.67,21.76,21.6598,21.7442,11098,0
BSJR.US,D,20230428,000000,21.78,21.82,21.72,21.795,23708,0
BSJR.US,D,20230501,000000,21.77,21.77,21.6899,21.69,13171,0
BSJR.US,D,20230502,000000,21.68,21.75,21.65,21.7,50150,0
BSJR.US,D,20230503,000000,21.69,21.7799,21.66,21.66,14201,0
BSJR.US,D,20230504,000000,21.63,21.63,21.5699,21.59,21722,0
BSJR.US,D,20230505,000000,21.66,21.74,21.63,21.73,21459,0
BSJR.US,D,20230508,000000,21.71,21.71,21.6287,21.65,26469,0
BSJR.US,D,20230509,000000,21.616,21.63,21.59,21.6146,8106,0
BSJR.US,D,20230510,000000,21.75,21.76,21.67,21.73,10004,0
BSJR.US,D,20230511,000000,21.7,21.71,21.665,21.68,35179,0
BSJR.US,D,20230512,000000,21.7,21.7,21.5601,21.58,15368,0
BSJR.US,D,20230515,000000,21.61,21.62,21.5795,21.6,8842,0
BSJR.US,D,20230516,000000,21.57,21.57,21.459,21.46,21258,0
BSJR.US,D,20230517,000000,21.48,21.5899,21.48,21.53,16159,0
BSJR.US,D,20230518,000000,21.54,21.55,21.451,21.55,24311,0
BSJR.US,D,20230519,000000,21.59,21.6,21.5499,21.57,20584,0
BSJR.US,D,20230522,000000,21.48,21.56,21.46,21.53,26574,0
BSJR.US,D,20230523,000000,21.5,21.5,21.39,21.39,29007,0
BSJR.US,D,20230524,000000,21.38,21.38,21.238,21.27,19595,0
BSJR.US,D,20230525,000000,21.29,21.29,21.245,21.245,24991,0
BSJR.US,D,20230526,000000,21.29,21.37,21.268,21.37,116277,0
BSJR.US,D,20230530,000000,21.47,21.47,21.395,21.44,9095,0
BSJR.US,D,20230531,000000,21.44,21.44,21.3289,21.39,17892,0
BSJR.US,D,20230601,000000,21.38,21.5,21.38,21.5,23718,0
BSJR.US,D,20230602,000000,21.58,21.65,21.5315,21.63,31763,0
BSJR.US,D,20230605,000000,21.59,21.59,21.55,21.57,24814,0
BSJR.US,D,20230606,000000,21.58,21.62,21.53,21.62,22498,0
BSJR.US,D,20230607,000000,21.66,21.6694,21.5,21.55,34669,0
BSJR.US,D,20230608,000000,21.52,21.7,21.52,21.655,27809,0
BSJR.US,D,20230609,000000,21.67,21.6999,21.64,21.6543,25819,0
BSJR.US,D,20230612,000000,21.66,21.6699,21.59,21.645,13325,0
BSJR.US,D,20230613,000000,21.76,21.76,21.64,21.69,28086,0
BSJR.US,D,20230614,000000,21.725,21.7499,21.59,21.68,25926,0
BSJR.US,D,20230615,000000,21.7,21.77,21.691,21.755,28484,0
BSJR.US,D,20230616,000000,21.77,21.77,21.7,21.72,11698,0
BSJR.US,D,20230620,000000,21.5702,21.61,21.56,21.5647,40819,0
BSJR.US,D,20230621,000000,21.51,21.55,21.5,21.5,10715,0
BSJR.US,D,20230622,000000,21.51,21.51,21.46,21.47,26417,0
BSJR.US,D,20230623,000000,21.43,21.43,21.39,21.39,14676,0
BSJR.US,D,20230626,000000,21.449,21.46,21.4,21.44,18011,0
BSJR.US,D,20230627,000000,21.44,21.49,21.42,21.47,12390,0
BSJR.US,D,20230628,000000,21.52,21.58,21.48,21.565,26900,0
BSJR.US,D,20230629,000000,21.49,21.5302,21.45,21.5302,36016,0
BSJR.US,D,20230630,000000,21.5792,21.71,21.5792,21.64,31403,0
BSJR.US,D,20230703,000000,21.63,21.63,21.5821,21.6,4896,0
BSJR.US,D,20230705,000000,21.6,21.6,21.51,21.53,28293,0
BSJR.US,D,20230706,000000,21.38,21.43,21.37,21.42,14291,0
BSJR.US,D,20230707,000000,21.4,21.55,21.4,21.42,28195,0
BSJR.US,D,20230710,000000,21.505,21.55,21.4799,21.53,43739,0
BSJR.US,D,20230711,000000,21.54,21.62,21.54,21.615,19410,0
BSJR.US,D,20230712,000000,21.74,21.8,21.74,21.785,23891,0
BSJR.US,D,20230713,000000,21.87,21.92,21.83,21.905,29341,0
BSJR.US,D,20230714,000000,21.89,21.89,21.7627,21.77,24965,0
BSJR.US,D,20230717,000000,21.77,21.86,21.7624,21.83,17221,0
BSJR.US,D,20230718,000000,21.88,21.9,21.86,21.88,24528,0
BSJR.US,D,20230719,000000,21.91,21.929,21.87,21.89,20426,0
BSJR.US,D,20230720,000000,21.82,21.84,21.7601,21.79,17041,0
BSJR.US,D,20230721,000000,21.84,21.92,21.8397,21.85,39037,0
BSJR.US,D,20230724,000000,21.75,21.81,21.7066,21.7066,105925,0
BSJR.US,D,20230725,000000,21.72,21.73,21.67,21.68,24943,0
BSJR.US,D,20230726,000000,21.71,21.8,21.67,21.79,23598,0
BSJR.US,D,20230727,000000,21.86,21.86,21.615,21.63,42562,0
BSJR.US,D,20230728,000000,21.71,21.76,21.69,21.7254,37089,0
BSJR.US,D,20230731,000000,21.77,21.83,21.765,21.81,38735,0
BSJR.US,D,20230801,000000,21.74,21.74,21.66,21.6767,29881,0
BSJR.US,D,20230802,000000,21.63,21.64,21.56,21.63,39450,0
BSJR.US,D,20230803,000000,21.55,21.5899,21.522,21.55,31876,0
BSJR.US,D,20230804,000000,21.67,21.72,21.63,21.65,60567,0
BSJR.US,D,20230807,000000,21.68,21.702,21.62,21.683,38286,0
BSJR.US,D,20230808,000000,21.68,21.739,21.655,21.72,29144,0
BSJR.US,D,20230809,000000,21.73,21.75,21.68,21.71,16025,0
BSJR.US,D,20230810,000000,21.79,21.82,21.68,21.72,7961,0
BSJR.US,D,20230811,000000,21.66,21.7,21.66,21.68,15737,0
BSJR.US,D,20230814,000000,21.68,21.739,21.68,21.6954,16132,0
BSJR.US,D,20230815,000000,21.68,21.69,21.65,21.66,17897,0
BSJR.US,D,20230816,000000,21.64,21.675,21.57,21.57,14692,0
BSJR.US,D,20230817,000000,21.61,21.61,21.4899,21.5,16196,0
BSJR.US,D,20230818,000000,21.47,21.58,21.47,21.54,7659,0
BSJR.US,D,20230821,000000,21.42,21.4399,21.385,21.41,17925,0
BSJR.US,D,20230822,000000,21.49,21.49,21.42,21.45,10727,0
BSJR.US,D,20230823,000000,21.53,21.619,21.5281,21.6,23499,0
BSJR.US,D,20230824,000000,21.59,21.595,21.47,21.4703,93979,0
BSJR.US,D,20230825,000000,21.5,21.5799,21.49,21.57,14341,0
BSJR.US,D,20230828,000000,21.625,21.6495,21.6001,21.645,9289,0
BSJR.US,D,20230829,000000,21.62,21.755,21.6157,21.75,39142,0
BSJR.US,D,20230830,000000,21.79,21.79,21.7217,21.735,18141,0
BSJR.US,D,20230831,000000,21.73,21.74,21.715,21.735,19070,0
BSJR.US,D,20230901,000000,21.8,21.8,21.707,21.7354,25467,0
BSJR.US,D,20230905,000000,21.725,21.73,21.63,21.63,17983,0
BSJR.US,D,20230906,000000,21.62,21.62,21.55,21.6,21535,0
BSJR.US,D,20230907,000000,21.56,21.67,21.56,21.66,17888,0
BSJR.US,D,20230908,000000,21.65,21.67,21.62,21.63,10888,0
BSJR.US,D,20230911,000000,21.66,21.71,21.6412,21.67,31649,0
BSJR.US,D,20230912,000000,21.659,21.675,21.659,21.665,16843,0
BSJR.US,D,20230913,000000,21.66,21.72,21.66,21.7,126510,0
BSJR.US,D,20230914,000000,21.74,21.745,21.7,21.72,18645,0
BSJR.US,D,20230915,000000,21.68,21.72,21.6646,21.6646,43640,0
BSJR.US,D,20230918,000000,21.54,21.58,21.54,21.55,26681,0
BSJR.US,D,20230919,000000,21.54,21.54,21.5101,21.52,22651,0
BSJR.US,D,20230920,000000,21.55,21.6,21.52,21.525,100528,0
BSJR.US,D,20230921,000000,21.43,21.45,21.39,21.415,34715,0
BSJR.US,D,20230922,000000,21.42,21.49,21.415,21.43,44647,0
BSJR.US,D,20230925,000000,21.37,21.43,21.35,21.4,22990,0
BSJR.US,D,20230926,000000,21.37,21.37,21.315,21.32,19942,0
BSJR.US,D,20230927,000000,21.36,21.374,21.27,21.3,18490,0
BSJR.US,D,20230928,000000,21.26,21.41,21.26,21.38,41099,0
BSJR.US,D,20230929,000000,21.4599,21.46,21.39,21.405,27970,0
BSJR.US,D,20231002,000000,21.35,21.35,21.22,21.27,109204,0
BSJR.US,D,20231003,000000,21.19,21.24,21.09,21.1,15777,0
BSJR.US,D,20231004,000000,21.17,21.22,21.1,21.215,32582,0
BSJR.US,D,20231005,000000,21.17,21.22,21.17,21.2,19438,0
BSJR.US,D,20231006,000000,21.11,21.27,21.1,21.27,32430,0
BSJR.US,D,20231009,000000,21.26,21.45,21.26,21.43,21749,0
BSJR.US,D,20231010,000000,21.35,21.406,21.303,21.385,16920,0
BSJR.US,D,20231011,000000,21.42,21.425,21.295,21.3689,15262,0
BSJR.US,D,20231012,000000,21.35,21.35,21.2385,21.285,23452,0
BSJR.US,D,20231013,000000,21.39,21.39,21.275,21.32,129405,0
BSJR.US,D,20231016,000000,21.26,21.29,21.23,21.27,24378,0
BSJR.US,D,20231017,000000,21.17,21.23,21.17,21.19,29425,0
BSJR.US,D,20231018,000000,21.17,21.18,21.05,21.0753,18193,0
BSJR.US,D,20231019,000000,21.1,21.17,21.04,21.04,15969,0
BSJR.US,D,20231020,000000,21.05,21.11,21.0327,21.085,18710,0
BSJR.US,D,20231023,000000,20.9,21.06,20.888,21,22615,0
BSJR.US,D,20231024,000000,21.06,21.1,21.03,21.1,13613,0
BSJR.US,D,20231025,000000,21.08,21.08,21,21,15329,0
BSJR.US,D,20231026,000000,21,21.08,21,21.08,44010,0
BSJR.US,D,20231027,000000,21.09,21.11,21.01,21.07,26256,0
BSJR.US,D,20231030,000000,21.08,21.09,21.05,21.075,12823,0
BSJR.US,D,20231031,000000,21.08,21.16,21.08,21.155,32974,0
BSJR.US,D,20231101,000000,21.19,21.32,21.19,21.3054,20265,0
BSJR.US,D,20231102,000000,21.47,21.55,21.46,21.55,95461,0
BSJR.US,D,20231103,000000,21.68,21.75,21.61,21.7492,18547,0
BSJR.US,D,20231106,000000,21.73,21.745,21.63,21.7,66812,0
BSJR.US,D,20231107,000000,21.65,21.708,21.62,21.67,11236,0
BSJR.US,D,20231108,000000,21.68,21.7,21.65,21.681,40864,0
BSJR.US,D,20231109,000000,21.63,21.7,21.595,21.6,61436,0
BSJR.US,D,20231110,000000,21.65,21.72,21.63,21.72,29519,0
BSJR.US,D,20231113,000000,21.65,21.7,21.62,21.6783,37980,0
BSJR.US,D,20231114,000000,21.85,21.92,21.85,21.8606,22306,0
BSJR.US,D,20231115,000000,21.89,21.89,21.77,21.8,37367,0
BSJR.US,D,20231116,000000,21.81,21.82,21.76,21.815,42074,0
BSJR.US,D,20231117,000000,21.82,21.85,21.78,21.8358,32827,0
BSJR.US,D,20231120,000000,21.71,21.76,21.6801,21.73,26707,0
BSJR.US,D,20231121,000000,21.73,21.76,21.71,21.76,31032,0
BSJR.US,D,20231122,000000,21.78,21.825,21.75,21.7933,47900,0
BSJR.US,D,20231124,000000,21.79,21.79,21.7433,21.785,12573,0
BSJR.US,D,20231127,000000,21.78,21.81,21.7371,21.8,25161,0
BSJR.US,D,20231128,000000,21.79,21.8794,21.74,21.87,35123,0
BSJR.US,D,20231129,000000,21.95,22.04,21.9301,21.97,41475,0
BSJR.US,D,20231130,000000,21.98,21.98,21.8501,21.93,34633,0
BSJR.US,D,20231201,000000,21.9,22.065,21.9,22.06,27196,0
BSJR.US,D,20231204,000000,21.96,22.03,21.95,22.02,49263,0
BSJR.US,D,20231205,000000,22.02,22.11,21.97,22.0459,191169,0
BSJR.US,D,20231206,000000,22.05,22.08,22.02,22.02,44780,0
BSJR.US,D,20231207,000000,22.07,22.11,22.06,22.085,25604,0
BSJR.US,D,20231208,000000,22.05,22.06,22.008,22.06,72168,0
BSJR.US,D,20231211,000000,22.06,22.06,21.99,22.05,69582,0
BSJR.US,D,20231212,000000,22.06,22.1,21.9957,22.0883,44904,0
BSJR.US,D,20231213,000000,22.09,22.37,22.09,22.34,105052,0
BSJR.US,D,20231214,000000,22.49,22.5197,22.415,22.45,82291,0
BSJR.US,D,20231215,000000,22.39,22.435,22.3395,22.395,24806,0
BSJR.US,D,20231218,000000,22.29,22.3,22.21,22.26,16735,0
BSJR.US,D,20231219,000000,22.34,22.34,22.2901,22.33,62021,0
BSJR.US,D,20231220,000000,22.35,22.41,22.32,22.32,184784,0
BSJR.US,D,20231221,000000,22.41,22.43,22.3465,22.415,122635,0
BSJR.US,D,20231222,000000,22.43,22.47,22.3701,22.385,96390,0
BSJR.US,D,20231226,000000,22.42,22.45,22.3925,22.4209,75119,0
BSJR.US,D,20231227,000000,22.4,22.541,22.4,22.4912,56488,0
BSJR.US,D,20231228,000000,22.47,22.47,22.385,22.41,35483,0
BSJR.US,D,20231229,000000,22.41,22.46,22.3693,22.3693,49784,0
BSJR.US,D,20240102,000000,22.32,22.32,22.2619,22.295,53767,0
BSJR.US,D,20240103,000000,22.21,22.27,22.1797,22.24,50464,0
BSJR.US,D,20240104,000000,22.2,22.23,22.15,22.18,93421,0
BSJR.US,D,20240105,000000,22.15,22.25,22.12,22.1737,67125,0
BSJR.US,D,20240108,000000,22.21,22.29,22.17,22.2892,61696,0
BSJR.US,D,20240109,000000,22.25,22.3119,22.2401,22.3,117028,0
BSJR.US,D,20240110,000000,22.32,22.37,22.32,22.36,73200,0
BSJR.US,D,20240111,000000,22.37,22.45,22.31,22.44,42789,0
BSJR.US,D,20240112,000000,22.49,22.5,22.45,22.465,32732,0
BSJR.US,D,20240116,000000,22.48,22.48,22.34,22.38,72863,0
BSJR.US,D,20240117,000000,22.33,22.34,22.26,22.32,49176,0
BSJR.US,D,20240118,000000,22.32,22.35,22.28,22.3171,44911,0
BSJR.US,D,20240119,000000,22.34,22.38,22.27,22.3699,114015,0
BSJR.US,D,20240122,000000,22.25,22.296,22.24,22.24,84376,0
BSJR.US,D,20240123,000000,22.26,22.26,22.19,22.24,284705,0
BSJR.US,D,20240124,000000,22.28,22.3,22.21,22.235,67117,0
BSJR.US,D,20240125,000000,22.31,22.37,22.29,22.37,36710,0
BSJR.US,D,20240126,000000,22.34,22.38,22.31,22.345,59389,0
BSJR.US,D,20240129,000000,22.38,22.4,22.3209,22.38,45076,0
BSJR.US,D,20240130,000000,22.43,22.43,22.28,22.355,106334,0
BSJR.US,D,20240131,000000,22.38,22.38,22.28,22.31,33336,0
BSJR.US,D,20240201,000000,22.38,22.4211,22.3462,22.4,33455,0
BSJR.US,D,20240202,000000,22.29,22.358,22.29,22.335,30024,0
BSJR.US,D,20240205,000000,22.34,22.34,22.22,22.28,82445,0
BSJR.US,D,20240206,000000,22.28,22.38,22.28,22.34,34794,0
BSJR.US,D,20240207,000000,22.38,22.39,22.3167,22.35,41039,0
BSJR.US,D,20240208,000000,22.36,22.39,22.355,22.375,51584,0
BSJR.US,D,20240209,000000,22.39,22.4176,22.34,22.41,34972,0
BSJR.US,D,20240212,000000,22.4,22.42,22.34,22.355,49268,0
BSJR.US,D,20240213,000000,22.24,22.2677,22.1807,22.23,38243,0
BSJR.US,D,20240214,000000,22.3,22.3462,22.27,22.31,55292,0
BSJR.US,D,20240215,000000,22.3152,22.35,22.2866,22.325,48239,0
BSJR.US,D,20240216,000000,22.27,22.292,22.2404,22.25,77501,0
BSJR.US,D,20240220,000000,22.13,22.18,22.11,22.16,38342,0
BSJR.US,D,20240221,000000,22.17,22.19,22.1,22.13,48745,0
BSJR.US,D,20240222,000000,22.17,22.24,22.17,22.21,49898,0
BSJR.US,D,20240223,000000,22.23,22.2899,22.2264,22.25,73583,0
BSJR.US,D,20240226,000000,22.28,22.28,22.205,22.215,53699,0
BSJR.US,D,20240227,000000,22.23,22.2335,22.1999,22.2335,30965,0
BSJR.US,D,20240228,000000,22.25,22.26,22.2001,22.245,42073,0
BSJR.US,D,20240229,000000,22.27,22.29,22.2197,22.23,38351,0
BSJR.US,D,20240301,000000,22.2,22.315,22.2,22.305,52813,0
BSJR.US,D,20240304,000000,22.31,22.32,22.27,22.3,48337,0
BSJR.US,D,20240305,000000,22.29,22.315,22.2681,22.2814,56027,0
BSJR.US,D,20240306,000000,22.33,22.35,22.2941,22.3051,68497,0
BSJR.US,D,20240307,000000,22.33,22.35,22.3129,22.335,46464,0
BSJR.US,D,20240308,000000,22.35,22.405,22.3342,22.35,42509,0
BSJR.US,D,20240311,000000,22.33,22.35,22.31,22.3351,31108,0
BSJR.US,D,20240312,000000,22.41,22.41,22.3101,22.36,36057,0
BSJR.US,D,20240313,000000,22.36,22.4061,22.3429,22.37,41884,0
BSJR.US,D,20240314,000000,22.37,22.37,22.26,22.28,70749,0
BSJR.US,D,20240315,000000,22.3,22.335,22.26,22.31,46859,0
BSJR.US,D,20240318,000000,22.28,22.28,22.1717,22.19,44980,0
BSJR.US,D,20240319,000000,22.19,22.26,22.19,22.26,17442,0
BSJR.US,D,20240320,000000,22.25,22.3091,22.2199,22.29,24445,0
BSJR.US,D,20240321,000000,22.35,22.35,22.2208,22.24,219304,0
BSJR.US,D,20240322,000000,22.34,22.34,22.235,22.24,59495,0
BSJR.US,D,20240325,000000,22.25,22.25,22.2,22.21,29735,0
BSJR.US,D,20240326,000000,22.24,22.24,22.175,22.175,56170,0
BSJR.US,D,20240327,000000,22.24,22.31,22.21,22.27,60972,0
BSJR.US,D,20240328,000000,22.27,22.27,22.23,22.25,36489,0
BSJR.US,D,20240401,000000,22.31,22.31,22.155,22.19,37937,0
BSJR.US,D,20240402,000000,22.19,22.19,22.1,22.15,44804,0
BSJR.US,D,20240403,000000,22.14,22.19,22.11,22.18,69398,0
BSJR.US,D,20240404,000000,22.21,22.22,22.1209,22.15,36440,0
BSJR.US,D,20240405,000000,22.15,22.16,22.11,22.135,41453,0
BSJR.US,D,20240408,000000,22.17,22.19,22.13,22.185,58270,0
BSJR.US,D,20240409,000000,22.28,22.28,22.1901,22.22,59909,0
BSJR.US,D,20240410,000000,22.15,22.15,22.0301,22.06,47835,0
BSJR.US,D,20240411,000000,22.14,22.14,21.99,22.05,41518,0
BSJR.US,D,20240412,000000,22.04,22.04,21.98,22.0174,44151,0
BSJR.US,D,20240415,000000,22,22,21.9,21.915,45331,0
BSJR.US,D,20240416,000000,21.93,21.93,21.8598,21.86,92842,0
BSJR.US,D,20240417,000000,21.95,21.95,21.8789,21.895,61668,0
BSJR.US,D,20240418,000000,21.845,21.92,21.845,21.915,25384,0
BSJR.US,D,20240419,000000,21.95,21.97,21.915,21.97,40472,0
BSJR.US,D,20240422,000000,21.88,21.93,21.8524,21.915,40352,0
BSJR.US,D,20240423,000000,21.95,22.0088,21.934,21.9855,24438,0
BSJR.US,D,20240424,000000,22,22,21.91,21.955,55889,0
BSJR.US,D,20240425,000000,21.87,21.93,21.8197,21.9232,33954,0
BSJR.US,D,20240426,000000,21.94,21.9981,21.9319,21.98,74897,0
BSJR.US,D,20240429,000000,22.02,22.03,21.9901,22.025,62724,0
BSJR.US,D,20240430,000000,21.98,22,21.93,21.93,30286,0
BSJR.US,D,20240501,000000,21.93,22.085,21.93,22.0036,29982,0
BSJR.US,D,20240502,000000,22.05,22.11,22.01,22.11,36613,0
BSJR.US,D,20240503,000000,22.21,22.2199,22.14,22.185,19742,0
BSJR.US,D,20240506,000000,22.2,22.22,22.1933,22.195,54633,0
BSJR.US,D,20240507,000000,22.24,22.24,22.165,22.215,36058,0
BSJR.US,D,20240508,000000,22.19,22.22,22.1561,22.175,30674,0
BSJR.US,D,20240509,000000,22.16,22.18,22.15,22.17,16585,0
BSJR.US,D,20240510,000000,22.17,22.17,22.14,22.16,19409,0
BSJR.US,D,20240513,000000,22.19,22.19,22.1401,22.16,58903,0
BSJR.US,D,20240514,000000,22.17,22.19,22.1519,22.18,49477,0
BSJR.US,D,20240515,000000,22.25,22.28,22.22,22.26,45600,0
BSJR.US,D,20240516,000000,22.28,22.28,22.2048,22.225,80406,0
BSJR.US,D,20240517,000000,22.21,22.22,22.17,22.22,59810,0
BSJR.US,D,20240520,000000,22.1,22.1,22.07,22.1,74470,0
BSJR.US,D,20240521,000000,22.1,22.13,22.09,22.11,46545,0
BSJR.US,D,20240522,000000,22.07,22.09,22.04,22.06,118508,0
BSJR.US,D,20240523,000000,22.08,22.08,22,22.01,55198,0
BSJR.US,D,20240524,000000,22.03,22.08,22.009,22.0656,53433,0
BSJR.US,D,20240528,000000,22.07,22.07,22.0244,22.0259,59668,0
BSJR.US,D,20240529,000000,21.97,22,21.96,21.9663,120445,0
BSJR.US,D,20240530,000000,21.99,22.03,21.9797,22.005,40517,0
BSJR.US,D,20240531,000000,22.01,22.11,22.01,22.1024,44740,0
BSJR.US,D,20240603,000000,22.15,22.16,22.09,22.135,97335,0
BSJR.US,D,20240604,000000,22.14,22.18,22.115,22.145,84387,0
BSJR.US,D,20240605,000000,22.18,22.2,22.13,22.185,53939,0
BSJR.US,D,20240606,000000,22.18,22.19,22.1481,22.165,38838,0
BSJR.US,D,20240607,000000,22.09,22.16,22.0889,22.135,48714,0
BSJR.US,D,20240610,000000,22.11,22.15,22.09,22.1441,33406,0
BSJR.US,D,20240611,000000,22.17,22.17,22.1299,22.165,73928,0
BSJR.US,D,20240612,000000,22.29,22.29,22.2263,22.2268,52750,0
BSJR.US,D,20240613,000000,22.26,22.26,22.19,22.215,29049,0
BSJR.US,D,20240614,000000,22.15,22.1594,22.12,22.14,50025,0
BSJR.US,D,20240617,000000,22.11,22.19,22.09,22.165,71652,0
BSJR.US,D,20240618,000000,22.18,22.25,22.175,22.24,69977,0
BSJR.US,D,20240620,000000,22.22,22.22,22.18,22.2051,48758,0
BSJR.US,D,20240621,000000,22.2,22.26,22.2,22.245,131118,0
BSJR.US,D,20240624,000000,22.11,22.1399,22.09,22.105,98902,0
BSJR.US,D,20240625,000000,22.1,22.1169,22.08,22.1,59863,0
BSJR.US,D,20240626,000000,22.1,22.1,22.0519,22.075,42287,0
BSJR.US,D,20240627,000000,22.08,22.11,22.0701,22.1,54115,0
BSJR.US,D,20240628,000000,22.11,22.15,22.08,22.0842,66419,0
BSJR.US,D,20240701,000000,22.15,22.15,22.055,22.08,94089,0
BSJR.US,D,20240702,000000,22.07,22.13,22.07,22.1206,97345,0
BSJR.US,D,20240703,000000,22.16,22.18,22.135,22.175,113349,0
BSJR.US,D,20240705,000000,22.22,22.25,22.2,22.25,170134,0
BSJR.US,D,20240708,000000,22.25,22.26,22.2011,22.23,218100,0
BSJR.US,D,20240709,000000,22.22,22.24,22.1921,22.205,118390,0
BSJR.US,D,20240710,000000,22.22,22.25,22.2003,22.25,53975,0
BSJR.US,D,20240711,000000,22.3,22.31,22.2855,22.31,69234,0
BSJR.US,D,20240712,000000,22.3,22.37,22.28,22.3638,47604,0
BSJR.US,D,20240715,000000,22.38,22.38,22.3119,22.35,78984,0
BSJR.US,D,20240716,000000,22.36,22.42,22.3301,22.415,60064,0
BSJR.US,D,20240717,000000,22.35,22.4,22.35,22.3851,47931,0
BSJR.US,D,20240718,000000,22.38,22.4,22.3397,22.355,72008,0
BSJR.US,D,20240719,000000,22.46,22.46,22.33,22.3496,46351,0
BSJR.US,D,20240722,000000,22.26,22.29,22.2399,22.285,58923,0
BSJR.US,D,20240723,000000,22.28,22.41,22.26,22.3185,120690,0
BSJR.US,D,20240724,000000,22.26,22.32,22.245,22.25,125832,0
BSJR.US,D,20240725,000000,22.27,22.32,22.2499,22.26,67881,0
BSJR.US,D,20240726,000000,22.31,22.31,22.28,22.3,32093,0
BSJR.US,D,20240729,000000,22.31,22.31,22.255,22.285,36939,0
BSJR.US,D,20240730,000000,22.29,22.3,22.242,22.29,65506,0
BSJR.US,D,20240731,000000,22.42,22.46,22.2971,22.35,43772,0
BSJR.US,D,20240801,000000,22.45,22.45,22.31,22.32,83348,0
BSJR.US,D,20240802,000000,22.26,22.275,22.222,22.27,47886,0
BSJR.US,D,20240805,000000,22.07,22.1798,22.01,22.15,70627,0
BSJR.US,D,20240806,000000,22.2,22.26,22.15,22.2309,68610,0
BSJR.US,D,20240807,000000,22.34,22.34,22.215,22.24,89371,0
BSJR.US,D,20240808,000000,22.31,22.32,22.275,22.31,45746,0
BSJR.US,D,20240809,000000,22.32,22.3299,22.285,22.315,51839,0
BSJR.US,D,20240812,000000,22.33,22.35,22.319,22.325,52792,0
BSJR.US,D,20240813,000000,22.38,22.43,22.35,22.42,94378,0
BSJR.US,D,20240814,000000,22.37,22.45,22.37,22.43,72809,0
BSJR.US,D,20240815,000000,22.48,22.49,22.45,22.49,63689,0
BSJR.US,D,20240816,000000,22.46,22.53,22.455,22.52,49486,0
BSJR.US,D,20240819,000000,22.37,22.41,22.34,22.401,101064,0
BSJR.US,D,20240820,000000,22.4,22.4,22.3523,22.38,45942,0
BSJR.US,D,20240821,000000,22.43,22.43,22.37,22.41,89276,0
BSJR.US,D,20240822,000000,22.46,22.46,22.38,22.385,103430,0
BSJR.US,D,20240823,000000,22.43,22.5,22.4001,22.49,96494,0
BSJR.US,D,20240826,000000,22.51,22.53,22.45,22.4638,190827,0
BSJR.US,D,20240827,000000,22.46,22.5,22.44,22.49,246261,0
BSJR.US,D,20240828,000000,22.46,22.48,22.4406,22.475,787590,0
BSJR.US,D,20240829,000000,22.49,22.4999,22.46,22.485,79911,0
BSJR.US,D,20240830,000000,22.49,22.49,22.4631,22.4754,59696,0
BSJR.US,D,20240903,000000,22.46,22.47,22.44,22.45,56525,0
BSJR.US,D,20240904,000000,22.43,22.515,22.43,22.49,67932,0
BSJR.US,D,20240905,000000,22.5,22.56,22.4979,22.555,122635,0
BSJR.US,D,20240906,000000,22.54,22.55,22.48,22.52,83901,0
BSJR.US,D,20240909,000000,22.53,22.57,22.51,22.5528,31946,0
BSJR.US,D,20240910,000000,22.58,22.58,22.5,22.52,38802,0
BSJR.US,D,20240911,000000,22.51,22.56,22.4795,22.56,97237,0
BSJR.US,D,20240912,000000,22.55,22.59,22.5313,22.565,47439,0
BSJR.US,D,20240913,000000,22.59,22.64,22.59,22.625,49333,0
BSJR.US,D,20240916,000000,22.63,22.68,22.61,22.675,77702,0
BSJR.US,D,20240917,000000,22.69,22.7099,22.65,22.675,84497,0
BSJR.US,D,20240918,000000,22.67,22.77,22.66,22.7,70367,0
BSJR.US,D,20240919,000000,22.74,22.77,22.7003,22.7513,69845,0
BSJR.US,D,20240920,000000,22.74,22.76,22.7,22.75,37507,0
BSJR.US,D,20240923,000000,22.63,22.64,22.56,22.615,91220,0
BSJR.US,D,20240924,000000,22.61,22.63,22.57,22.61,82414,0
BSJR.US,D,20240925,000000,22.6,22.62,22.59,22.595,44880,0
BSJR.US,D,20240926,000000,22.63,22.64,22.59,22.63,85721,0
BSJR.US,D,20240927,000000,22.66,22.68,22.61,22.68,56103,0
BSJR.US,D,20240930,000000,22.65,22.72,22.65,22.7,89541,0
BSJR.US,D,20241001,000000,22.7,22.7094,22.6701,22.69,49160,0
BSJR.US,D,20241002,000000,22.66,22.6894,22.64,22.68,40791,0
BSJR.US,D,20241003,000000,22.67,22.68,22.64,22.655,93603,0
BSJR.US,D,20241004,000000,22.67,22.7,22.635,22.655,59051,0
BSJR.US,D,20241007,000000,22.62,22.65,22.58,22.585,253396,0
BSJR.US,D,20241008,000000,22.62,22.63,22.56,22.6288,184455,0
BSJR.US,D,20241009,000000,22.63,22.63,22.6,22.61,93323,0
BSJR.US,D,20241010,000000,22.64,22.64,22.58,22.615,139896,0
BSJR.US,D,20241011,000000,22.6,22.67,22.6,22.645,88898,0
BSJR.US,D,20241014,000000,22.64,22.66,22.62,22.645,40826,0
BSJR.US,D,20241015,000000,22.63,22.6777,22.63,22.66,41369,0
BSJR.US,D,20241016,000000,22.66,22.69,22.6501,22.69,63000,0
BSJR.US,D,20241017,000000,22.68,22.68,22.63,22.675,75291,0
BSJR.US,D,20241018,000000,22.66,22.7,22.6438,22.69,53122,0
BSJR.US,D,20241021,000000,22.56,22.56,22.505,22.53,66406,0
BSJR.US,D,20241022,000000,22.51,22.54,22.48,22.5128,212622,0
BSJR.US,D,20241023,000000,22.5,22.5,22.47,22.48,70384,0
BSJR.US,D,20241024,000000,22.5,22.53,22.47,22.515,112975,0
BSJR.US,D,20241025,000000,22.54,22.5699,22.49,22.51,34851,0
BSJR.US,D,20241028,000000,22.58,22.58,22.52,22.56,58837,0
BSJR.US,D,20241029,000000,22.52,22.56,22.51,22.545,50412,0
BSJR.US,D,20241030,000000,22.55,22.572,22.5,22.5,51691,0
BSJR.US,D,20241031,000000,22.51,22.54,22.47,22.49,111963,0
BSJR.US,D,20241101,000000,22.54,22.54,22.47,22.47,43833,0
BSJR.US,D,20241104,000000,22.55,22.55,22.5187,22.52,45156,0
