<TICKER>,<PER>,<DATE>,<TIME>,<OPEN>,<HIGH>,<LOW>,<CLOSE>,<VOL>,<OPENINT>
BSJS.US,D,20200917,000000,23.8887,23.9015,23.8887,23.9015,209.03061432087,0
BSJS.US,D,20200918,000000,24.3521,24.3521,23.8887,23.8887,6644.5480301031,0
BSJS.US,D,20200921,000000,23.7926,23.7926,23.6035,23.6114,3999.8563445651,0
BSJS.US,D,20200922,000000,23.6955,23.6955,23.6955,23.6955,415.03179944869,0
BSJS.US,D,20200923,000000,23.6857,23.6955,23.4738,23.4846,2990.0466135464,0
BSJS.US,D,20200924,000000,23.3875,23.542,23.3875,23.4638,11380.555668581,0
BSJS.US,D,20200925,000000,23.4549,23.4638,23.441,23.441,7741.2013979894,0
BSJS.US,D,20200930,000000,23.6955,23.6955,23.5896,23.5995,2084.2472848226,0
BSJS.US,D,20201001,000000,23.6857,23.754,23.6569,23.7441,12983.123711708,0
BSJS.US,D,20201002,000000,23.7243,23.7243,23.7144,23.7144,3218.2636127566,0
BSJS.US,D,20201005,000000,23.8787,23.9173,23.8787,23.9075,4651.1836210722,0
BSJS.US,D,20201006,000000,23.9461,23.955,23.8401,23.8401,24085.981704258,0
BSJS.US,D,20201007,000000,23.9649,24.0332,23.9649,24.0234,935.08381092333,0
BSJS.US,D,20201009,000000,24.1481,24.1481,24.1481,24.1481,3946.3364288211,0
BSJS.US,D,20201013,000000,24.1779,24.1779,24.1779,24.1779,2179.1693995384,0
BSJS.US,D,20201014,000000,24.158,24.158,24.1105,24.1105,4562.3203647425,0
BSJS.US,D,20201019,000000,24.1006,24.1006,23.9847,23.9847,5398.442822026,0
BSJS.US,D,20201020,000000,24.052,24.0718,24.0472,24.0718,415.03179944869,0
BSJS.US,D,20201026,000000,23.9847,23.9847,23.8679,23.8679,3449.5100411599,0
BSJS.US,D,20201027,000000,23.9362,23.9362,23.849,23.849,837.13226701451,0
BSJS.US,D,20201028,000000,23.6757,23.6757,23.6708,23.6757,4049.337021385,0
BSJS.US,D,20201029,000000,23.6569,23.6569,23.6569,23.6569,3218.2636127566,0
BSJS.US,D,20201030,000000,23.754,23.7678,23.7431,23.7678,257.50148140977,0
BSJS.US,D,20201102,000000,23.8025,23.8302,23.8025,23.8302,2387.1902041282,0
BSJS.US,D,20201103,000000,23.9461,24.0134,23.9461,24.0035,7374.6404656296,0
BSJS.US,D,20201104,000000,24.1006,24.1006,24.0818,24.0818,6125.5058283595,0
BSJS.US,D,20201105,000000,24.361,24.361,24.3224,24.3224,4363.3878477318,0
BSJS.US,D,20201109,000000,24.6502,24.6502,24.5027,24.5027,101.99078283289,0
BSJS.US,D,20201110,000000,24.4829,24.5135,24.4829,24.5135,826.02435997331,0
BSJS.US,D,20201111,000000,24.5234,24.5234,24.5135,24.5135,23827.470413118,0
BSJS.US,D,20201112,000000,24.4185,24.4185,24.4185,24.4185,2907.2422156029,0
BSJS.US,D,20201113,000000,24.3897,24.3987,24.3749,24.3749,310.01158742274,0
BSJS.US,D,20201117,000000,24.4848,24.4858,24.4848,24.4858,256.49167167875,0
BSJS.US,D,20201118,000000,24.5333,24.5333,24.5333,24.5333,4150.3179944869,0
BSJS.US,D,20201120,000000,24.5234,24.5234,24.4927,24.4927,1412.7238136952,0
BSJS.US,D,20201123,000000,24.6016,24.6016,24.6016,24.6016,100.98097310187,0
BSJS.US,D,20201124,000000,24.6512,24.6611,24.6214,24.6214,27779.865700325,0
BSJS.US,D,20201201,000000,24.6611,24.6611,24.6611,24.6611,226.19737974819,0
BSJS.US,D,20201203,000000,24.7661,24.7661,24.7413,24.7413,519.04220174362,0
BSJS.US,D,20201204,000000,24.8344,24.8344,24.8047,24.8047,247.40338409958,0
BSJS.US,D,20201207,000000,24.8146,24.8146,24.7938,24.7938,206.00118512782,0
BSJS.US,D,20201208,000000,24.8344,24.8344,24.8047,24.8344,741.20034256773,0
BSJS.US,D,20201209,000000,24.8146,24.8146,24.7265,24.7265,212.06004351393,0
BSJS.US,D,20201211,000000,24.7531,24.7849,24.7393,24.7393,1215.8109161465,0
BSJS.US,D,20201214,000000,24.7463,24.9215,24.7265,24.7313,9507.3586175412,0
BSJS.US,D,20201215,000000,24.8245,24.8245,24.8096,24.8096,796.73987777376,0
BSJS.US,D,20201216,000000,24.8631,24.8631,24.77,24.7898,1756.0591222415,0
BSJS.US,D,20201217,000000,24.8096,24.8096,24.8047,24.8047,179.74613212133,0
BSJS.US,D,20201218,000000,24.8047,24.8086,24.8047,24.8086,560.44440071538,0
BSJS.US,D,20201221,000000,24.7067,24.7067,24.6204,24.6204,2828.4770565834,0
BSJS.US,D,20201222,000000,24.67,24.6779,24.6413,24.6413,4921.8126289852,0
BSJS.US,D,20201223,000000,24.7165,24.7463,24.7165,24.7363,2102.423859981,0
BSJS.US,D,20201224,000000,24.7363,24.7749,24.7265,24.7265,4951.0971111847,0
BSJS.US,D,20201228,000000,24.7849,24.8344,24.7849,24.8116,5197.4906855533,0
BSJS.US,D,20201229,000000,24.9304,24.9304,24.8472,24.8472,15348.098101753,0
BSJS.US,D,20201230,000000,24.8047,24.8047,24.8047,24.8047,50.490486550936,0
BSJS.US,D,20201231,000000,24.8344,24.8344,24.8344,24.8344,136.32431368753,0
BSJS.US,D,20210104,000000,24.8631,24.866,24.7749,24.8452,5328.7659505857,0
BSJS.US,D,20210105,000000,24.882,24.9977,24.8582,24.882,6068.9564834225,0
BSJS.US,D,20210106,000000,24.8918,24.9829,24.8047,24.8047,19852.859311828,0
BSJS.US,D,20210107,000000,24.882,24.9929,24.8532,24.8532,2686.0938845098,0
BSJS.US,D,20210108,000000,24.8968,24.9403,24.8344,24.871,2689.1233137028,0
BSJS.US,D,20210112,000000,24.6888,24.7561,24.6888,24.7561,3331.3623026307,0
BSJS.US,D,20210113,000000,24.8344,24.8344,24.8195,24.8195,6366.850354073,0
BSJS.US,D,20210114,000000,24.882,24.882,24.8245,24.8245,496.82638766121,0
BSJS.US,D,20210115,000000,24.7749,24.8344,24.7749,24.8245,1693.4509189184,0
BSJS.US,D,20210119,000000,24.9255,24.9255,24.77,24.8433,603.86621914919,0
BSJS.US,D,20210120,000000,24.878,24.9066,24.868,24.868,4668.3503864995,0
BSJS.US,D,20210121,000000,24.868,24.8968,24.868,24.8868,4322.9954584911,0
BSJS.US,D,20210122,000000,24.877,24.8968,24.877,24.8918,4477.496347337,0
BSJS.US,D,20210125,000000,24.8582,24.8582,24.8047,24.8532,7189.8452848532,0
BSJS.US,D,20210126,000000,24.8572,24.877,24.8542,24.8542,4065.4939770813,0
BSJS.US,D,20210127,000000,24.7512,24.8482,24.7017,24.7215,7869.4472338288,0
BSJS.US,D,20210128,000000,24.8482,24.8582,24.8146,24.8146,782.6025415395,0
BSJS.US,D,20210129,000000,24.7799,24.7799,24.7799,24.7799,1949.9425905971,0
BSJS.US,D,20210201,000000,24.8096,24.8384,24.7898,24.8384,12750.867473574,0
BSJS.US,D,20210202,000000,24.882,24.9166,24.882,24.8888,597.80736076308,0
BSJS.US,D,20210203,000000,26.2069,26.2069,24.9215,24.9215,4782.4588861046,0
BSJS.US,D,20210204,000000,24.9839,25.0137,24.9621,24.9621,5552.9437108719,0
BSJS.US,D,20210208,000000,25.0621,25.075,25.0621,25.075,1800.4907504064,0
BSJS.US,D,20210210,000000,25.0335,25.0335,25.0235,25.0235,784.62216100154,0
BSJS.US,D,20210211,000000,25.0483,25.0998,25.0483,25.0621,7960.3301096205,0
BSJS.US,D,20210212,000000,25.0889,25.1097,25.0889,25.1097,488.74790981306,0
BSJS.US,D,20210216,000000,25.0998,25.0998,25.0285,25.0285,1101.7024165414,0
BSJS.US,D,20210217,000000,25.0225,25.0433,24.9889,25.0433,615.98393592141,0
BSJS.US,D,20210218,000000,25.0137,25.0137,24.9939,25.0137,1312.7526503243,0
BSJS.US,D,20210219,000000,25.0007,25.0007,25.0007,25.0007,398.87484375239,0
BSJS.US,D,20210222,000000,24.9939,24.9939,24.8532,24.8532,2572.9951946357,0
BSJS.US,D,20210223,000000,24.8344,24.8482,24.8195,24.8482,2751.731517026,0
BSJS.US,D,20210224,000000,24.8482,24.8968,24.8482,24.867,840.16169620757,0
BSJS.US,D,20210225,000000,24.8968,24.8968,24.664,24.6918,9634.5946436495,0
BSJS.US,D,20210226,000000,24.6452,24.674,24.6254,24.6254,11205.858585115,0
BSJS.US,D,20210301,000000,24.8195,24.868,24.8195,24.8552,2211.483310931,0
BSJS.US,D,20210303,000000,24.7413,24.7413,24.6967,24.6967,505.91467524037,0
BSJS.US,D,20210304,000000,24.7215,24.7215,24.5175,24.5472,24621.180861698,0
BSJS.US,D,20210305,000000,24.567,24.567,24.5175,24.5522,2383.1509652042,0
BSJS.US,D,20210308,000000,24.5076,24.5373,24.4215,24.4313,11167.485815336,0
BSJS.US,D,20210309,000000,24.5571,24.5571,24.4551,24.4877,4466.3884402958,0
BSJS.US,D,20210310,000000,24.4877,24.5472,24.4877,24.5472,632.14089161771,0
BSJS.US,D,20210311,000000,24.5968,24.5968,24.5968,24.5968,1370.3118049924,0
BSJS.US,D,20210312,000000,24.567,24.567,24.567,24.567,651.32727650707,0
BSJS.US,D,20210315,000000,24.5175,24.5571,24.5175,24.5472,1997.403647955,0
BSJS.US,D,20210316,000000,24.4591,24.4591,24.4403,24.4403,810.87721400802,0
BSJS.US,D,20210317,000000,24.3927,24.4591,24.3927,24.4591,560.44440071538,0
BSJS.US,D,20210318,000000,24.3917,24.3927,24.265,24.265,1065.3492662247,0
BSJS.US,D,20210319,000000,24.265,24.3244,24.2363,24.3144,15446.049645663,0
BSJS.US,D,20210322,000000,24.364,24.4353,24.364,24.4353,937.10343038536,0
BSJS.US,D,20210324,000000,24.5086,24.5086,24.4987,24.4987,5055.1075134797,0
BSJS.US,D,20210326,000000,24.5878,24.5938,24.5383,24.5938,1666.1860561809,0
BSJS.US,D,20210329,000000,24.5978,24.6175,24.5978,24.6175,4144.2591361008,0
BSJS.US,D,20210330,000000,24.566,24.566,24.5581,24.5581,878.53446598628,0
BSJS.US,D,20210401,000000,24.7037,24.7333,24.7027,24.7195,2516.4458496986,0
BSJS.US,D,20210405,000000,24.7631,24.772,24.7631,24.7681,939.1230498474,0
BSJS.US,D,20210406,000000,24.7631,24.8344,24.7631,24.8344,1259.2327345803,0
BSJS.US,D,20210407,000000,24.8452,24.8452,24.8215,24.8215,291.83501226441,0
BSJS.US,D,20210408,000000,24.869,24.869,24.8403,24.8403,321.11949446395,0
BSJS.US,D,20210409,000000,24.8403,24.8403,24.8274,24.8354,8961.05155306,0
BSJS.US,D,20210412,000000,24.8215,24.8215,24.7433,24.8116,1312.7526503243,0
BSJS.US,D,20210413,000000,24.7631,24.8215,24.7631,24.7879,1576.3129901202,0
BSJS.US,D,20210414,000000,24.8116,24.8116,24.7769,24.7769,2661.8584509653,0
BSJS.US,D,20210415,000000,24.8502,24.879,24.8502,24.8552,2101.4140502499,0
BSJS.US,D,20210416,000000,24.8502,24.8888,24.8403,24.8403,3706.0017128387,0
BSJS.US,D,20210419,000000,24.6888,24.7135,24.6888,24.6888,993.65277532241,0
BSJS.US,D,20210420,000000,24.6363,24.6363,24.6264,24.6284,2100.4042405189,0
BSJS.US,D,20210421,000000,24.6839,24.6839,24.6789,24.6789,570.54249802557,0
BSJS.US,D,20210422,000000,24.665,24.7037,24.665,24.674,4153.34742368,0
BSJS.US,D,20210423,000000,24.6839,24.7235,24.6561,24.7175,2655.7995925792,0
BSJS.US,D,20210426,000000,24.6363,24.7531,24.6363,24.7235,1258.2229248493,0
BSJS.US,D,20210429,000000,24.7531,24.7531,24.7531,24.7531,373.62960047692,0
BSJS.US,D,20210430,000000,24.8314,24.8314,24.772,24.7819,1683.3528216082,0
BSJS.US,D,20210503,000000,24.8116,24.8116,24.7997,24.7997,729.08262579551,0
BSJS.US,D,20210504,000000,24.7819,24.7819,24.7275,24.772,2810.3004814251,0
BSJS.US,D,20210505,000000,24.8116,24.8403,24.7531,24.8215,35510.969001004,0
BSJS.US,D,20210506,000000,24.7918,24.8116,24.7918,24.7967,2374.062677625,0
BSJS.US,D,20210507,000000,24.8502,24.8502,24.8185,24.8185,2896.1343085617,0
BSJS.US,D,20210510,000000,24.8394,24.8394,24.8394,24.8394,477.64000277185,0
BSJS.US,D,20210511,000000,24.7235,24.7275,24.7235,24.7275,306.98215822969,0
BSJS.US,D,20210512,000000,24.7037,24.7037,24.6126,24.6126,3020.340905477,0
BSJS.US,D,20210513,000000,24.7037,24.7037,24.674,24.6839,1094.6337484243,0
BSJS.US,D,20210514,000000,24.6749,24.7631,24.6749,24.7413,2205.4244525449,0
BSJS.US,D,20210517,000000,24.7819,24.7819,24.7037,24.7077,3147.5769315853,0
BSJS.US,D,20210518,000000,24.7433,24.7433,24.665,24.665,808.85759454599,0
BSJS.US,D,20210519,000000,24.7135,24.7135,24.568,24.5978,6301.2127215568,0
BSJS.US,D,20210521,000000,24.674,24.7037,24.674,24.6868,1691.4312994563,0
BSJS.US,D,20210524,000000,24.5978,24.6264,24.5978,24.6264,4543.1339798532,0
BSJS.US,D,20210525,000000,24.6937,24.6937,24.6422,24.6422,7335.2578861199,0
BSJS.US,D,20210526,000000,24.665,24.6839,24.6264,24.6611,22849.974593492,0
BSJS.US,D,20210527,000000,24.674,24.6937,24.6502,24.6502,1016.8783991358,0
BSJS.US,D,20210528,000000,24.6066,24.6631,24.6066,24.6631,369.59036155285,0
BSJS.US,D,20210601,000000,24.6789,24.7135,24.6789,24.7017,6028.5640941817,0
BSJS.US,D,20210602,000000,24.7531,24.7531,24.7333,24.7333,892.67180222054,0
BSJS.US,D,20210603,000000,24.7225,24.7531,24.7225,24.7531,1179.4577658299,0
BSJS.US,D,20210604,000000,24.7631,24.772,24.7483,24.7631,5147.0001990024,0
BSJS.US,D,20210607,000000,24.8017,24.8017,24.7869,24.7869,606.89564834225,0
BSJS.US,D,20210609,000000,24.8602,24.869,24.8403,24.8452,8426.8622053511,0
BSJS.US,D,20210614,000000,24.9284,24.9284,24.8403,24.869,2201.3852136208,0
BSJS.US,D,20210615,000000,24.8888,24.8988,24.874,24.874,4251.2989675888,0
BSJS.US,D,20210616,000000,24.9086,24.9086,24.9086,24.9086,2157.963395187,0
BSJS.US,D,20210617,000000,24.7531,24.8374,24.7531,24.8374,967.39772231592,0
BSJS.US,D,20210618,000000,24.8592,24.8602,24.8126,24.8126,2252.8855099027,0
BSJS.US,D,20210622,000000,24.865,24.9086,24.8403,24.8938,708.88643117514,0
BSJS.US,D,20210623,000000,24.9284,24.9284,24.9126,24.9126,352.42359612553,0
BSJS.US,D,20210624,000000,24.9671,24.9829,24.9671,24.9829,1195.6147215262,0
BSJS.US,D,20210625,000000,25.0374,25.0374,24.9284,24.973,5296.4520391931,0
BSJS.US,D,20210628,000000,24.9879,25.0027,24.9879,25.0027,164.59898615605,0
BSJS.US,D,20210629,000000,25.0175,25.0374,25.0175,25.0265,2836.5555344316,0
BSJS.US,D,20210630,000000,25.0374,25.0374,25.0225,25.0225,633.15070134873,0
BSJS.US,D,20210701,000000,25.0562,25.075,25.0562,25.075,1938.8346835559,0
BSJS.US,D,20210702,000000,25.1087,25.1434,25.1087,25.1384,2670.9467385445,0
BSJS.US,D,20210706,000000,25.1334,25.1919,25.1136,25.1434,29654.072561096,0
BSJS.US,D,20210707,000000,25.1532,25.1632,25.0889,25.1532,9831.5075411982,0
BSJS.US,D,20210708,000000,25.0473,25.1334,25.0473,25.0661,2847.6634414728,0
BSJS.US,D,20210709,000000,25.075,25.0839,25.075,25.0839,940.13285957842,0
BSJS.US,D,20210712,000000,25.0275,25.0889,25.0275,25.075,714.94528956125,0
BSJS.US,D,20210713,000000,25.0374,25.0374,25.0374,25.0374,274.66824683709,0
BSJS.US,D,20210714,000000,25.075,25.075,25.0691,25.0691,283.75653441626,0
BSJS.US,D,20210715,000000,25.0562,25.0572,25.0562,25.0572,535.19915743992,0
BSJS.US,D,20210716,000000,25.0661,25.075,25.0275,25.0275,4032.1702559577,0
BSJS.US,D,20210719,000000,24.9384,24.9384,24.7433,24.774,39301.794731248,0
BSJS.US,D,20210720,000000,24.7819,24.8839,24.7819,24.8839,4645.1247626861,0
BSJS.US,D,20210721,000000,24.9681,24.973,24.9681,24.973,758.36710799505,0
BSJS.US,D,20210722,000000,24.9879,24.9879,24.9779,24.9829,971.43696124,0
BSJS.US,D,20210723,000000,25.0077,25.0235,24.9977,25.0235,2096.3650015948,0
BSJS.US,D,20210726,000000,24.9384,25.0325,24.9384,24.9681,4939.9892041435,0
BSJS.US,D,20210728,000000,24.9681,25.0077,24.9681,24.9879,1714.6569232698,0
BSJS.US,D,20210730,000000,25.2028,25.2028,24.9779,25.0077,763.41615665015,0
BSJS.US,D,20210802,000000,25.0938,25.0938,24.975,24.975,1004.7606823636,0
BSJS.US,D,20210803,000000,24.9701,24.9879,24.9701,24.9879,952.25057635064,0
BSJS.US,D,20210804,000000,24.9681,24.9681,24.9384,24.9384,2220.5715985101,0
BSJS.US,D,20210805,000000,24.9681,24.9879,24.9681,24.9829,3631.2757927433,0
BSJS.US,D,20210806,000000,24.9977,24.9977,24.9532,24.9532,1172.3890977127,0
BSJS.US,D,20210810,000000,24.8988,24.9086,24.8403,24.8403,2338.7193370393,0
BSJS.US,D,20210811,000000,24.8602,24.869,24.8502,24.8502,3184.939891633,0
BSJS.US,D,20210812,000000,24.8502,24.8988,24.8403,24.8948,15031.017846214,0
BSJS.US,D,20210813,000000,24.8602,24.9284,24.8602,24.9284,243.36414517551,0
BSJS.US,D,20210816,000000,24.9284,24.9582,24.9136,24.9334,13109.349928085,0
BSJS.US,D,20210817,000000,24.8988,24.9186,24.8888,24.8988,2346.7978148875,0
BSJS.US,D,20210818,000000,24.8888,24.8888,24.879,24.879,647.28803758299,0
BSJS.US,D,20210819,000000,24.8572,24.8602,24.8502,24.8552,1968.1191657555,0
BSJS.US,D,20210820,000000,24.8602,24.9186,24.8403,24.9037,5196.4808758223,0
BSJS.US,D,20210823,000000,24.869,24.9086,24.8622,24.8839,4920.8028192542,0
BSJS.US,D,20210824,000000,24.9284,24.9284,24.9186,24.9186,269.619198182,0
BSJS.US,D,20210825,000000,24.9384,24.9779,24.9384,24.9779,840.16169620757,0
BSJS.US,D,20210826,000000,24.9463,24.9483,24.9384,24.9483,645.26841812096,0
BSJS.US,D,20210827,000000,24.9859,25.0374,24.9859,25.0127,32076.60610581,0
BSJS.US,D,20210830,000000,24.9779,25.0423,24.9779,25.0423,4701.6741076231,0
BSJS.US,D,20210831,000000,25.0562,25.0562,25.0423,25.0423,663.44499327929,0
BSJS.US,D,20210901,000000,25.0879,25.0938,25.0701,25.0701,1874.2068607707,0
BSJS.US,D,20210902,000000,25.1334,25.1334,25.1087,25.1087,1800.4907504064,0
BSJS.US,D,20210907,000000,25.079,25.0938,25.0513,25.0513,4454.2707235235,0
BSJS.US,D,20210908,000000,25.0393,25.0889,25.0393,25.0889,1066.3590759558,0
BSJS.US,D,20210909,000000,25.0562,25.1038,25.0562,25.1038,583.67002452881,0
BSJS.US,D,20210910,000000,25.1186,25.1186,25.1038,25.1038,3393.9705059539,0
BSJS.US,D,20210914,000000,25.1484,25.1484,25.1434,25.1434,266.58976898894,0
BSJS.US,D,20210915,000000,25.2127,25.2127,25.1978,25.1978,4437.1039580962,0
BSJS.US,D,20210916,000000,25.2028,25.2077,25.1879,25.2077,4578.4773204388,0
BSJS.US,D,20210917,000000,25.183,25.2028,25.183,25.1879,3396.9999351469,0
BSJS.US,D,20210920,000000,25.075,25.0938,25.0165,25.079,1457.15544186,0
BSJS.US,D,20210921,000000,25.0938,25.1236,25.0938,25.1236,5421.6684458395,0
BSJS.US,D,20210923,000000,25.2028,25.2127,25.1532,25.173,6458.7430395957,0
BSJS.US,D,20210924,000000,25.172,25.172,25.1285,25.1285,624.06241376956,0
BSJS.US,D,20210927,000000,25.1434,25.1434,25.1087,25.1334,4905.6556732889,0
BSJS.US,D,20210928,000000,25.075,25.075,24.9829,24.9829,12596.366584727,0
BSJS.US,D,20210930,000000,24.9869,25.0453,24.9869,25.0215,1964.0799268314,0
BSJS.US,D,20211001,000000,25.0047,25.0839,25.0047,25.0602,783.61235127052,0
BSJS.US,D,20211004,000000,24.9967,24.9967,24.977,24.977,362.52169343572,0
BSJS.US,D,20211005,000000,24.9997,25.0097,24.977,25.0067,1664.1664367188,0
BSJS.US,D,20211006,000000,24.9176,24.9176,24.8968,24.8978,7276.6889217208,0
BSJS.US,D,20211007,000000,25.0037,25.0037,24.977,24.977,1002.7410629016,0
BSJS.US,D,20211008,000000,24.8878,24.8878,24.864,24.864,361.5118837047,0
BSJS.US,D,20211011,000000,24.8106,24.8592,24.8106,24.8255,986.58410720528,0
BSJS.US,D,20211012,000000,24.8205,24.8205,24.8205,24.8205,562.46402017742,0
BSJS.US,D,20211013,000000,24.8492,24.8829,24.8106,24.8829,3636.3248413984,0
BSJS.US,D,20211014,000000,24.9076,24.9076,24.9076,24.9076,639.20955973484,0
BSJS.US,D,20211015,000000,25.0364,25.0364,25.0265,25.0364,1149.1634738993,0
BSJS.US,D,20211018,000000,24.868,24.8978,24.8492,24.8492,1666.1860561809,0
BSJS.US,D,20211019,000000,26.0465,26.0465,24.8492,24.8492,2031.7371788096,0
BSJS.US,D,20211020,000000,24.9275,24.9275,24.9176,24.9275,534.1893477089,0
BSJS.US,D,20211021,000000,24.8592,24.9156,24.8443,24.8443,3334.3917318238,0
BSJS.US,D,20211022,000000,24.8007,24.8304,24.7908,24.8057,1642.9604323674,0
BSJS.US,D,20211025,000000,24.8394,24.8592,24.8007,24.8284,3894.8361325392,0
BSJS.US,D,20211026,000000,24.878,24.878,24.8492,24.8492,923.97590388212,0
BSJS.US,D,20211027,000000,24.878,24.8878,24.8106,24.8116,910.84837737888,0
BSJS.US,D,20211029,000000,24.8205,24.8394,24.8057,24.8057,2594.2011989871,0
BSJS.US,D,20211101,000000,24.7859,24.7859,24.7859,24.7859,1513.704786797,0
BSJS.US,D,20211102,000000,24.8007,24.8492,24.8007,24.8255,1055.2511689146,0
BSJS.US,D,20211104,000000,24.9186,24.977,24.9186,24.9522,2619.4464422625,0
BSJS.US,D,20211105,000000,24.9374,25.0413,24.9374,25.0413,595.78774130104,0
BSJS.US,D,20211108,000000,25.1136,25.1136,25.0245,25.0315,14112.090990987,0
BSJS.US,D,20211109,000000,24.9789,25.0265,24.9789,25.0235,2394.2588722454,0
BSJS.US,D,20211110,000000,24.9869,24.9869,24.8978,24.8978,7585.6906994126,0
BSJS.US,D,20211112,000000,24.873,24.8938,24.864,24.864,6426.4291282031,0
BSJS.US,D,20211115,000000,24.881,24.881,24.8205,24.8304,718.98452848532,0
BSJS.US,D,20211116,000000,24.8205,24.8443,24.8205,24.8443,3463.6473773942,0
BSJS.US,D,20211117,000000,24.8294,24.8542,24.8106,24.8542,1440.9984861637,0
BSJS.US,D,20211118,000000,24.8255,24.8384,24.8106,24.8106,625.07222350058,0
BSJS.US,D,20211119,000000,24.8106,24.8106,24.7561,24.7561,3884.738035229,0
BSJS.US,D,20211122,000000,24.7017,24.7017,24.6036,24.6036,6189.1238414137,0
BSJS.US,D,20211123,000000,24.563,24.565,24.4858,24.5115,8270.3416970432,0
BSJS.US,D,20211124,000000,24.3878,24.5254,24.3878,24.5254,1676.2841534911,0
BSJS.US,D,20211129,000000,24.4858,24.4858,24.4809,24.4809,16185.230368768,0
BSJS.US,D,20211130,000000,24.3977,24.4076,24.364,24.3927,2365.9841997768,0
BSJS.US,D,20211201,000000,24.4858,24.4858,24.4125,24.4125,361.5118837047,0
BSJS.US,D,20211202,000000,24.4809,24.5551,24.4809,24.5551,790.68101938765,0
BSJS.US,D,20211203,000000,24.5848,24.5848,24.5304,24.5304,2969.850418926,0
BSJS.US,D,20211206,000000,24.5848,24.6819,24.565,24.6819,979.51543908815,0
BSJS.US,D,20211207,000000,24.7908,24.864,24.7859,24.8492,25330.067292873,0
BSJS.US,D,20211208,000000,24.8394,24.8492,24.8304,24.8354,12385.316350945,0
BSJS.US,D,20211209,000000,24.8304,24.8304,24.7413,24.7413,15494.520512751,0
BSJS.US,D,20211210,000000,24.7859,24.7908,24.7859,24.7908,1116.8495625067,0
BSJS.US,D,20211213,000000,24.7809,24.7809,24.774,24.7759,930.03476226823,0
BSJS.US,D,20211214,000000,24.7215,24.7215,24.7215,24.7215,646.27822785197,0
BSJS.US,D,20211215,000000,24.7175,24.8304,24.7175,24.8304,1794.4318920202,0
BSJS.US,D,20211216,000000,24.8492,24.8592,24.7661,24.7661,38284.916332112,0
BSJS.US,D,20211220,000000,24.7809,24.7809,24.6324,24.7512,16547.752062204,0
BSJS.US,D,20211221,000000,24.7611,24.8592,24.7611,24.8592,5566.0712373751,0
BSJS.US,D,20211222,000000,24.8492,24.8888,24.8354,24.8839,24809.005471668,0
BSJS.US,D,20211223,000000,24.9215,24.9681,24.9166,24.9681,64911.579319614,0
BSJS.US,D,20211227,000000,24.9284,25.0374,24.9284,25.0077,25862.23702112,0
BSJS.US,D,20211228,000000,24.9779,24.9977,24.9483,24.9859,5969.9951297826,0
BSJS.US,D,20211229,000000,25.0275,25.0275,24.9086,24.9582,3406.0882227261,0
BSJS.US,D,20211230,000000,24.9681,24.9779,24.9631,24.9631,1518.7538354521,0
BSJS.US,D,20211231,000000,24.9779,24.9779,24.9384,24.9681,2101.4140502499,0
BSJS.US,D,20220103,000000,24.8205,24.9066,24.8205,24.8888,13874.785704197,0
BSJS.US,D,20220104,000000,25.0077,25.0077,24.8542,24.8542,3647.4327484396,0
BSJS.US,D,20220105,000000,24.8205,24.864,24.8205,24.8205,13727.353483468,0
BSJS.US,D,20220106,000000,24.7125,24.7125,24.7017,24.7017,603.86621914919,0
BSJS.US,D,20220107,000000,24.6324,24.6324,24.564,24.5838,1811.5986574476,0
BSJS.US,D,20220110,000000,24.4254,24.5958,24.4254,24.5958,2645.701495269,0
BSJS.US,D,20220111,000000,24.6224,24.672,24.5541,24.672,73902.925164604,0
BSJS.US,D,20220112,000000,24.7116,24.7512,24.7116,24.7512,12806.407008779,0
BSJS.US,D,20220113,000000,24.8205,24.8205,24.7017,24.7017,4698.6446784301,0
BSJS.US,D,20220114,000000,24.6918,24.7116,24.6819,24.6868,2076.1688069745,0
BSJS.US,D,20220118,000000,24.5996,24.5996,24.5393,24.57,3160.7044580886,0
BSJS.US,D,20220119,000000,24.564,24.564,24.564,24.564,368.58055182183,0
BSJS.US,D,20220120,000000,24.5908,24.6522,24.5027,24.5027,7215.0905281287,0
BSJS.US,D,20220121,000000,24.4977,24.5046,24.4353,24.4601,3244.5186657631,0
BSJS.US,D,20220124,000000,24.3759,24.3759,24.159,24.2927,16322.564492186,0
BSJS.US,D,20220125,000000,24.2185,24.2422,24.2185,24.2185,1691.4312994563,0
BSJS.US,D,20220126,000000,24.3858,24.3858,24.1491,24.1491,7208.0218600116,0
BSJS.US,D,20220127,000000,24.2155,24.2778,23.9808,23.9808,20167.919947905,0
BSJS.US,D,20220128,000000,24.0412,24.065,23.9223,24.065,3555.5400629169,0
BSJS.US,D,20220131,000000,24.0679,24.1491,23.9619,24.1491,9757.7914308338,0
BSJS.US,D,20220201,000000,24.1382,24.1789,24.1382,24.1739,4409.8390953587,0
BSJS.US,D,20220202,000000,24.258,24.265,24.2373,24.258,1895.4128651221,0
BSJS.US,D,20220203,000000,24.2481,24.2481,24.0114,24.052,9148.8761630295,0
BSJS.US,D,20220204,000000,23.8936,23.9223,23.8144,23.8946,11607.76285806,0
BSJS.US,D,20220207,000000,23.849,23.9173,23.849,23.9125,2395.2686819764,0
BSJS.US,D,20220208,000000,23.9381,23.9599,23.8837,23.8837,5967.9755103206,0
BSJS.US,D,20220209,000000,24.0085,24.0224,23.8837,24.0016,12563.042863604,0
BSJS.US,D,20220210,000000,23.854,23.854,23.6757,23.7253,9154.9350214156,0
BSJS.US,D,20220211,000000,23.6857,23.7352,23.5381,23.5579,7767.4564509959,0
BSJS.US,D,20220214,000000,23.5777,23.5777,23.4391,23.4984,11100.838373088,0
BSJS.US,D,20220215,000000,23.5876,23.6391,23.5371,23.5579,5023.8034118181,0
BSJS.US,D,20220216,000000,23.5876,23.6471,23.5876,23.6471,1327.8997962896,0
BSJS.US,D,20220217,000000,23.6321,23.6321,23.5728,23.5777,2175.1301606143,0
BSJS.US,D,20220218,000000,23.5916,23.5916,23.4886,23.5876,33422.682477257,0
BSJS.US,D,20220222,000000,23.449,23.5282,23.4173,23.4589,3975.6209110207,0
BSJS.US,D,20220223,000000,23.4688,23.4886,23.4302,23.4302,2246.8266515166,0
BSJS.US,D,20220224,000000,23.2321,23.4361,23.2321,23.4361,2535.632234588,0
BSJS.US,D,20220225,000000,23.5688,23.7154,23.5688,23.6807,1491.4889727146,0
BSJS.US,D,20220228,000000,23.6471,23.7728,23.6471,23.755,7903.7807646834,0
BSJS.US,D,20220301,000000,23.755,23.755,23.6619,23.6619,1559.1462246929,0
BSJS.US,D,20220302,000000,23.6619,23.7738,23.6619,23.7173,11729.949835514,0
BSJS.US,D,20220303,000000,23.755,23.755,23.6955,23.6955,1410.7041942331,0
BSJS.US,D,20220304,000000,23.6173,23.6273,23.5381,23.548,9623.4867366083,0
BSJS.US,D,20220307,000000,23.3856,23.4153,23.2519,23.2519,13269.909675317,0
BSJS.US,D,20220308,000000,23.3014,23.3173,23.1836,23.242,1278.4191194697,0
BSJS.US,D,20220310,000000,23.2618,23.2618,23.1737,23.2024,834.10283782146,0
BSJS.US,D,20220311,000000,23.2024,23.2024,22.9954,22.9954,16886.038322095,0
BSJS.US,D,20220314,000000,22.9568,22.9568,22.7004,22.7004,21170.661010808,0
BSJS.US,D,20220315,000000,22.7004,22.9558,22.7004,22.9498,3779.717823203,0
BSJS.US,D,20220316,000000,22.9954,23.2074,22.9469,23.1291,32529.000865305,0
BSJS.US,D,20220317,000000,23.3301,23.3311,23.3193,23.3193,424.12008702786,0
BSJS.US,D,20220321,000000,23.4005,23.4005,23.1331,23.1628,1555.1069857688,0
BSJS.US,D,20220322,000000,23.2222,23.3411,23.1826,23.2915,25067.516762808,0
BSJS.US,D,20220323,000000,23.2618,23.3112,23.237,23.242,7120.1684134129,0
BSJS.US,D,20220324,000000,23.247,23.2914,23.247,23.2618,1989.3251701069,0
BSJS.US,D,20220325,000000,23.3203,23.3203,23.0737,23.0985,3059.7234849867,0
BSJS.US,D,20220328,000000,23.1529,23.2717,23.1529,23.2245,1531.8813619554,0
BSJS.US,D,20220329,000000,23.3807,23.5391,23.3707,23.4846,34215.383116107,0
BSJS.US,D,20220330,000000,23.549,23.5687,23.5044,23.5044,1394.5472385368,0
BSJS.US,D,20220331,000000,23.5192,23.5192,23.4401,23.4747,1651.0389102156,0
BSJS.US,D,20220401,000000,23.3908,23.4494,23.3807,23.4203,6213.3592749581,0
BSJS.US,D,20220404,000000,23.45,23.5787,23.45,23.549,9710.3303734759,0
BSJS.US,D,20220405,000000,23.4103,23.5094,23.3014,23.3014,10200.08809302,0
BSJS.US,D,20220406,000000,23.1876,23.1876,23.143,23.143,1448.0671542808,0
BSJS.US,D,20220407,000000,23.1331,23.1862,23.0637,23.0637,1334.9684644067,0
BSJS.US,D,20220408,000000,22.9648,23.0146,22.9053,22.9053,4244.2302994716,0
BSJS.US,D,20220411,000000,22.8349,22.8349,22.737,22.737,972.44677097102,0
BSJS.US,D,20220412,000000,22.9152,22.9878,22.8657,22.8707,3022.360524939,0
BSJS.US,D,20220413,000000,23.0044,23.0241,22.9548,23.0044,3375.7939307956,0
BSJS.US,D,20220414,000000,22.8657,22.9943,22.8657,22.9202,4415.8979537448,0
BSJS.US,D,20220418,000000,22.7865,22.8261,22.727,22.727,4625.9383777967,0
BSJS.US,D,20220419,000000,22.727,22.7766,22.6874,22.7667,3801.9336372854,0
BSJS.US,D,20220420,000000,23.6183,23.6183,22.7865,22.8013,7278.7085411829,0
BSJS.US,D,20220421,000000,23.856,23.9352,22.6546,22.6546,1311.7428405933,0
BSJS.US,D,20220422,000000,22.6358,22.6358,22.5339,22.5389,4276.5442108642,0
BSJS.US,D,20220425,000000,22.6379,22.6974,22.6379,22.6974,372.6197907459,0
BSJS.US,D,20220426,000000,22.6578,22.6578,22.5785,22.5884,4157.386662604,0
BSJS.US,D,20220427,000000,22.5586,22.5586,22.4795,22.4894,4703.6937270852,0
BSJS.US,D,20220428,000000,22.5389,22.5587,22.5092,22.5339,18665.323068149,0
BSJS.US,D,20220429,000000,22.4002,22.435,22.3013,22.3013,1982.2565019897,0
BSJS.US,D,20220502,000000,22.1972,22.2913,22.1626,22.1923,25191.723359724,0
BSJS.US,D,20220503,000000,22.4102,22.4102,22.3557,22.3557,879.5442757173,0
BSJS.US,D,20220504,000000,22.1032,22.6379,22.1032,22.5884,49634.167899031,0
BSJS.US,D,20220505,000000,22.43,22.43,22.113,22.113,11190.711439149,0
BSJS.US,D,20220506,000000,22.1032,22.1373,21.9745,22.0933,11512.840743344,0
BSJS.US,D,20220509,000000,21.915,21.915,21.8061,21.8061,8436.9603026613,0
BSJS.US,D,20220510,000000,21.9363,21.9363,21.8506,21.8728,6278.9969074743,0
BSJS.US,D,20220511,000000,21.8061,21.9002,21.7565,21.811,4373.485945042,0
BSJS.US,D,20220512,000000,21.6873,21.7714,21.5982,21.6873,3544.4321558757,0
BSJS.US,D,20220513,000000,22.6181,22.6181,21.7367,21.7367,1261.2523540424,0
BSJS.US,D,20220516,000000,21.7367,21.77,21.7071,21.7071,1108.7710846585,0
BSJS.US,D,20220517,000000,21.7564,21.7863,21.7071,21.7071,5853.8670107155,0
BSJS.US,D,20220518,000000,21.5288,21.5536,21.4397,21.509,2838.5751538936,0
BSJS.US,D,20220519,000000,21.4199,21.6575,21.4199,21.6575,28903.783930948,0
BSJS.US,D,20220520,000000,21.6576,21.6922,21.5387,21.603,2696.19198182,0
BSJS.US,D,20220523,000000,21.6575,21.6575,21.4991,21.5387,5351.9915743992,0
BSJS.US,D,20220524,000000,21.5139,21.6575,21.5139,21.6575,19001.589708579,0
BSJS.US,D,20220525,000000,21.7565,22.0141,21.7565,21.9943,30040.829688076,0
BSJS.US,D,20220526,000000,22.1526,22.3111,22.1428,22.2765,30742.647451133,0
BSJS.US,D,20220527,000000,22.4398,22.5785,22.42,22.5227,35829.059066275,0
BSJS.US,D,20220531,000000,22.3014,22.4498,22.3014,22.4498,3293.999342583,0
BSJS.US,D,20220601,000000,22.4894,22.4894,22.3408,22.3706,24294.002508848,0
BSJS.US,D,20220602,000000,22.3804,22.43,22.3758,22.43,6560.7338224286,0
BSJS.US,D,20220603,000000,22.3161,22.3408,22.2792,22.3013,9022.6499466522,0
BSJS.US,D,20220606,000000,22.1526,22.2418,22.0735,22.1526,6048.7602888021,0
BSJS.US,D,20220607,000000,22.1427,22.1526,22.0834,22.1526,3194.0281792122,0
BSJS.US,D,20220608,000000,22.0834,22.0834,22.0239,22.0239,340.30587935331,0
BSJS.US,D,20220609,000000,21.8853,21.8853,21.7863,21.8606,929.02495253721,0
BSJS.US,D,20220610,000000,21.6675,21.6675,21.3506,21.3803,48868.732122919,0
BSJS.US,D,20220613,000000,21.0634,21.0634,20.6573,20.7267,99589.455292527,0
BSJS.US,D,20220614,000000,20.9049,20.9915,20.796,20.796,22902.484699504,0
BSJS.US,D,20220615,000000,21.1436,21.2218,21.0832,21.1773,1710.6176843457,0
BSJS.US,D,20220616,000000,20.9049,20.9049,20.7069,20.7549,102310.89251762,0
BSJS.US,D,20220617,000000,20.9354,20.9743,20.8951,20.9297,1550.0579371137,0
BSJS.US,D,20220621,000000,21.0192,21.0391,20.9396,20.9993,3789.870627595,0
BSJS.US,D,20220622,000000,20.8601,20.9595,20.8203,20.8601,5015.2956395415,0
BSJS.US,D,20220623,000000,20.9992,21.0789,20.9992,21.0142,2866.0268326985,0
BSJS.US,D,20220624,000000,21.0888,21.2779,21.059,21.2082,37300.570195468,0
BSJS.US,D,20220627,000000,21.1983,21.2082,21.1187,21.1187,3592.837565789,0
BSJS.US,D,20220628,000000,21.0789,21.1187,20.8402,20.8402,7361.5975081905,0
BSJS.US,D,20220629,000000,20.7606,20.779,20.7606,20.7755,1271.6674652275,0
BSJS.US,D,20220630,000000,20.7208,20.8149,20.6263,20.7861,24990.024915487,0
BSJS.US,D,20220701,000000,20.8004,20.9595,20.7506,20.8899,294580.51173155,0
BSJS.US,D,20220705,000000,20.8103,20.9098,20.8103,20.8601,6963.5103016845,0
BSJS.US,D,20220706,000000,20.8799,20.8799,20.8053,20.8053,5651.632007517,0
BSJS.US,D,20220707,000000,20.9894,21.1473,20.9894,21.0988,4939.900335279,0
BSJS.US,D,20220708,000000,21.0888,21.1883,21.0888,21.1548,6715.20843298,0
BSJS.US,D,20220711,000000,21.0888,21.1585,20.9794,21.1585,14883.033061417,0
BSJS.US,D,20220712,000000,21.2082,21.2281,21.059,21.1237,1416.4264494115,0
BSJS.US,D,20220713,000000,21.067,21.1684,21.0556,21.1535,4000.97747953,0
BSJS.US,D,20220714,000000,20.9098,21.0789,20.865,21.0789,17088.597028777,0
BSJS.US,D,20220715,000000,21.1883,21.3027,21.1883,21.3027,9974.296118567,0
BSJS.US,D,20220718,000000,21.2977,21.2977,21.0292,21.0391,3983.8878772305,0
BSJS.US,D,20220719,000000,21.1983,21.3873,21.1526,21.3276,82568.916145396,0
BSJS.US,D,20220720,000000,21.4669,21.6161,21.4271,21.4867,28328.52898823,0
BSJS.US,D,20220721,000000,21.4072,21.8349,21.4072,21.8349,51352.24436855,0
BSJS.US,D,20220722,000000,21.7951,21.8349,21.636,21.6459,102791.94729005,0
BSJS.US,D,20220725,000000,21.7951,21.7951,21.6882,21.6907,17307.7460465,0
BSJS.US,D,20220726,000000,21.7553,21.7553,21.5663,21.5663,4149.757546608,0
BSJS.US,D,20220727,000000,21.6857,21.825,21.6857,21.7752,8918.761858892,0
BSJS.US,D,20220728,000000,21.8539,22.0438,21.825,22.0438,39562.429323342,0
BSJS.US,D,20220729,000000,22.0239,22.0388,21.9852,22.0388,11653.098226812,0
BSJS.US,D,20220801,000000,22.1433,22.1433,22.004,22.0737,14600.551988114,0
BSJS.US,D,20220802,000000,22.0452,22.0629,21.97,22.0239,4897.678964892,0
BSJS.US,D,20220803,000000,22.0936,22.2428,22.0071,22.1483,41315.621465127,0
BSJS.US,D,20220804,000000,22.2726,22.2925,22.1832,22.2497,31810.786774434,0
BSJS.US,D,20220805,000000,22.004,22.2328,22.004,22.1333,20816.140871515,0
BSJS.US,D,20220808,000000,22.3024,22.3223,22.198,22.203,12817.201724625,0
BSJS.US,D,20220809,000000,22.1532,22.1532,22.0289,22.0438,18750.309534722,0
BSJS.US,D,20220810,000000,22.3422,22.3522,22.2975,22.2975,11439.98083343,0
BSJS.US,D,20220811,000000,22.4915,22.5511,22.1831,22.2328,15738.518447116,0
BSJS.US,D,20220812,000000,22.2726,22.4118,22.2328,22.3373,9838.5845708945,0
BSJS.US,D,20220815,000000,22.392,22.4318,22.3125,22.3472,10016.517488954,0
BSJS.US,D,20220816,000000,22.3621,22.3621,22.2477,22.2797,12738.790608192,0
BSJS.US,D,20220817,000000,22.0936,22.1134,22.0239,22.0239,47448.7781492,0
BSJS.US,D,20220818,000000,22.0836,22.0836,22.0471,22.0737,6502.091039598,0
BSJS.US,D,20220819,000000,21.9443,21.9543,21.825,21.8548,8018.039290636,0
BSJS.US,D,20220822,000000,21.5166,21.5464,21.3674,21.447,5648.6161953465,0
BSJS.US,D,20220823,000000,21.5047,21.5166,21.437,21.5066,2365.4020123955,0
BSJS.US,D,20220824,000000,21.4768,21.4967,21.4271,21.4768,2834.86344027,0
BSJS.US,D,20220825,000000,21.5763,21.6932,21.5763,21.6932,6449.816961976,0
BSJS.US,D,20220826,000000,21.7056,21.7056,21.3773,21.4271,2010.541447,0
BSJS.US,D,20220829,000000,21.2381,21.2878,21.2381,21.2679,974.1073310715,0
BSJS.US,D,20220830,000000,21.1883,21.1883,21.0739,21.1286,43144.208911173,0
BSJS.US,D,20220831,000000,21.1242,21.1242,20.9794,20.9794,25908.842356766,0
BSJS.US,D,20220901,000000,20.9296,21.049,20.8899,21.0408,1765.255390466,0
BSJS.US,D,20220902,000000,21.1348,21.1866,20.9695,20.9894,2912.2692859795,0
BSJS.US,D,20220906,000000,21.0192,21.0192,20.9341,20.9341,2701.1624340445,0
BSJS.US,D,20220907,000000,21.084,21.2231,21.084,21.2231,926.859607067,0
BSJS.US,D,20220908,000000,21.3077,21.3176,21.256,21.2779,2550.3718255195,0
BSJS.US,D,20220909,000000,21.4669,21.4669,21.4171,21.4171,756.9688547955,0
BSJS.US,D,20220912,000000,21.4858,21.4867,21.4072,21.4492,4084.4149495805,0
BSJS.US,D,20220913,000000,21.1237,21.1346,20.9994,21.0093,2123.131768032,0
BSJS.US,D,20220914,000000,21.1038,21.1784,21.0789,21.0789,7626.9889791945,0
BSJS.US,D,20220915,000000,20.9794,20.9894,20.8998,20.8998,3810.9813127885,0
BSJS.US,D,20220916,000000,20.7705,20.9197,20.7258,20.87,8855.4298033115,0
BSJS.US,D,20220919,000000,20.85,20.99,20.845,20.9864,6125,0
BSJS.US,D,20220920,000000,20.87,20.87,20.795,20.795,11640,0
BSJS.US,D,20220921,000000,20.86,20.9099,20.6599,20.745,6718,0
BSJS.US,D,20220922,000000,20.6599,20.67,20.61,20.653,6680,0
BSJS.US,D,20220923,000000,20.49,20.4984,20.335,20.35,3796,0
BSJS.US,D,20220926,000000,20.28,20.3335,20.0795,20.0795,12552,0
BSJS.US,D,20220927,000000,20.2599,20.2599,20.05,20.05,12832,0
BSJS.US,D,20220928,000000,20.08,20.39,20.08,20.34,8141,0
BSJS.US,D,20220929,000000,20.2392,20.2392,20.128,20.185,7774,0
BSJS.US,D,20220930,000000,20.22,20.3,20.1,20.1,2206,0
BSJS.US,D,20221003,000000,20.36,20.36,20.29,20.34,3953,0
BSJS.US,D,20221004,000000,20.6,20.73,20.6,20.7,44121,0
BSJS.US,D,20221005,000000,20.64,20.7599,20.57,20.71,19149,0
BSJS.US,D,20221006,000000,20.76,20.775,20.645,20.66,19375,0
BSJS.US,D,20221007,000000,20.53,20.55,20.445,20.445,11978,0
BSJS.US,D,20221010,000000,20.31,20.32,20.1073,20.2,16099,0
BSJS.US,D,20221011,000000,20.22,20.38,20.19,20.19,2618,0
BSJS.US,D,20221012,000000,20.18,20.27,20.18,20.27,4371,0
BSJS.US,D,20221013,000000,20.03,20.31,20.03,20.31,6104,0
BSJS.US,D,20221014,000000,20.41,20.41,20.21,20.21,1905,0
BSJS.US,D,20221017,000000,20.525,20.525,20.4716,20.505,4075,0
BSJS.US,D,20221018,000000,20.65,20.6678,20.591,20.66,3545,0
BSJS.US,D,20221019,000000,20.49,20.5,20.465,20.465,798,0
BSJS.US,D,20221020,000000,20.57,20.57,20.35,20.35,1879,0
BSJS.US,D,20221021,000000,20.36,20.5899,20.36,20.56,1810,0
BSJS.US,D,20221024,000000,20.48,20.53,20.45,20.53,4039,0
BSJS.US,D,20221025,000000,21.4,21.4,20.565,20.7,3341,0
BSJS.US,D,20221026,000000,20.63,20.77,20.63,20.69,5887,0
BSJS.US,D,20221027,000000,20.75,20.94,20.75,20.9,2352,0
BSJS.US,D,20221028,000000,21.05,21.07,21,21.07,4845,0
BSJS.US,D,20221031,000000,20.82,20.83,20.7458,20.75,8386,0
BSJS.US,D,20221101,000000,20.98,20.98,20.78,20.8273,4095,0
BSJS.US,D,20221102,000000,20.8385,20.945,20.6401,20.675,6353,0
BSJS.US,D,20221103,000000,20.4684,20.56,20.42,20.51,5323,0
BSJS.US,D,20221104,000000,20.71,20.71,20.54,20.67,12025,0
BSJS.US,D,20221107,000000,20.67,20.69,20.6157,20.635,5134,0
BSJS.US,D,20221108,000000,20.7,20.7,20.51,20.565,17540,0
BSJS.US,D,20221109,000000,20.505,20.505,20.36,20.36,1177,0
BSJS.US,D,20221110,000000,20.82,20.9131,20.82,20.9131,3495,0
BSJS.US,D,20221111,000000,20.98,20.98,20.96,20.98,622,0
BSJS.US,D,20221114,000000,20.9,20.92,20.84,20.84,9693,0
BSJS.US,D,20221115,000000,20.91,21.015,20.91,21.015,12978,0
BSJS.US,D,20221116,000000,21.71,21.71,20.9601,21,4474,0
BSJS.US,D,20221117,000000,20.83,20.9199,20.81,20.87,6282,0
BSJS.US,D,20221118,000000,20.97,20.99,20.93,20.935,10104,0
BSJS.US,D,20221121,000000,20.8399,20.8399,20.8116,20.82,8573,0
BSJS.US,D,20221122,000000,20.8281,20.99,20.8281,20.99,4310,0
BSJS.US,D,20221123,000000,21.04,21.24,21.0361,21.04,22930,0
BSJS.US,D,20221125,000000,21.06,21.0699,21,21.05,5670,0
BSJS.US,D,20221128,000000,21.93,21.93,20.82,20.82,8376,0
BSJS.US,D,20221129,000000,20.81,20.89,20.7971,20.8536,11229,0
BSJS.US,D,20221130,000000,20.87,21.22,20.7801,21.22,6100,0
BSJS.US,D,20221201,000000,21.28,21.28,21.11,21.225,10673,0
BSJS.US,D,20221202,000000,21.11,21.24,21.11,21.23,3793,0
BSJS.US,D,20221205,000000,21.21,21.345,20.99,21.04,56640,0
BSJS.US,D,20221206,000000,21.04,21.04,20.905,20.905,4132,0
BSJS.US,D,20221207,000000,20.99,21.339,20.9899,21.07,41490,0
BSJS.US,D,20221208,000000,21.09,21.1,21.035,21.035,3577,0
BSJS.US,D,20221209,000000,21.08,21.12,21.08,21.09,12451,0
BSJS.US,D,20221212,000000,21.16,21.16,21.08,21.13,15423,0
BSJS.US,D,20221213,000000,21.56,21.58,21.2776,21.365,54233,0
BSJS.US,D,20221214,000000,21.4,21.51,21.16,21.33,13025,0
BSJS.US,D,20221215,000000,21.14,21.17,21.08,21.17,21072,0
BSJS.US,D,20221216,000000,21.085,21.099,21,21.07,14627,0
BSJS.US,D,20221219,000000,20.95,20.95,20.82,20.86,14251,0
BSJS.US,D,20221220,000000,20.81,20.87,20.7201,20.8023,31268,0
BSJS.US,D,20221221,000000,20.93,21.02,20.9297,20.94,11745,0
BSJS.US,D,20221222,000000,20.92,20.96,20.83,20.845,22001,0
BSJS.US,D,20221223,000000,20.83,20.95,20.83,20.925,8907,0
BSJS.US,D,20221227,000000,20.88,20.88,20.675,20.68,11845,0
BSJS.US,D,20221228,000000,20.71,20.71,20.38,20.38,4841,0
BSJS.US,D,20221229,000000,20.49,20.72,20.49,20.72,4467,0
BSJS.US,D,20221230,000000,20.67,20.685,20.58,20.685,14368,0
BSJS.US,D,20230103,000000,20.755,20.77,20.68,20.74,4628,0
BSJS.US,D,20230104,000000,20.83,20.93,20.83,20.93,23257,0
BSJS.US,D,20230105,000000,20.93,20.94,20.85,20.94,13043,0
BSJS.US,D,20230106,000000,21.1191,21.31,21.1,21.26,30230,0
BSJS.US,D,20230109,000000,21.32,21.4,21.305,21.38,28684,0
BSJS.US,D,20230110,000000,21.3,21.42,21.3,21.3468,13602,0
BSJS.US,D,20230111,000000,21.43,21.47,21.3821,21.4624,7812,0
BSJS.US,D,20230112,000000,21.49,21.61,21.49,21.59,12773,0
BSJS.US,D,20230113,000000,21.4991,21.63,21.4991,21.63,4430,0
BSJS.US,D,20230117,000000,21.56,21.58,21.545,21.58,13678,0
BSJS.US,D,20230118,000000,21.66,21.73,21.57,21.57,8056,0
BSJS.US,D,20230119,000000,21.49,21.49,21.445,21.445,23729,0
BSJS.US,D,20230120,000000,21.47,21.4899,21.395,21.475,7749,0
BSJS.US,D,20230123,000000,21.35,21.4,21.34,21.34,5968,0
BSJS.US,D,20230124,000000,21.24,21.38,21.18,21.355,5468,0
BSJS.US,D,20230125,000000,21.33,21.38,21.3,21.37,31654,0
BSJS.US,D,20230126,000000,21.3658,21.434,21.32,21.42,11195,0
BSJS.US,D,20230127,000000,21.38,21.59,21.34,21.355,36133,0
BSJS.US,D,20230130,000000,21.3,21.31,21.2496,21.2496,18872,0
BSJS.US,D,20230131,000000,21.3,21.44,21.2982,21.435,58026,0
BSJS.US,D,20230201,000000,21.39,21.69,21.345,21.59,42940,0
BSJS.US,D,20230202,000000,21.7,21.77,21.7,21.75,14332,0
BSJS.US,D,20230203,000000,21.58,21.63,21.49,21.49,15496,0
BSJS.US,D,20230206,000000,21.4,21.4299,21.35,21.405,26137,0
BSJS.US,D,20230207,000000,21.36,21.45,21.3592,21.44,4660,0
BSJS.US,D,20230208,000000,21.415,21.415,21.35,21.38,2082,0
BSJS.US,D,20230209,000000,21.4,21.41,21.225,21.225,9274,0
BSJS.US,D,20230210,000000,21.18,21.18,21.0699,21.08,3525,0
BSJS.US,D,20230213,000000,21.11,21.1499,21.085,21.125,4591,0
BSJS.US,D,20230214,000000,21.01,21.17,21.01,21.08,23079,0
BSJS.US,D,20230215,000000,21.0599,21.0882,20.99,21.055,3099,0
BSJS.US,D,20230216,000000,20.96,21,20.9,20.9,11913,0
BSJS.US,D,20230217,000000,20.82,20.94,20.78,20.94,4002,0
BSJS.US,D,20230221,000000,20.74,20.74,20.5154,20.56,2625,0
BSJS.US,D,20230222,000000,20.7,20.74,20.641,20.675,10349,0
BSJS.US,D,20230223,000000,20.793,20.94,20.78,20.92,7333,0
BSJS.US,D,20230224,000000,20.78,20.8,20.74,20.8,3086,0
BSJS.US,D,20230227,000000,20.9,20.92,20.85,20.9,13648,0
BSJS.US,D,20230228,000000,20.86,20.92,20.86,20.88,2267,0
BSJS.US,D,20230301,000000,20.83,20.9,20.775,20.85,44142,0
BSJS.US,D,20230302,000000,20.72,20.88,20.72,20.835,34201,0
BSJS.US,D,20230303,000000,21,21.29,20.93,21.09,25416,0
BSJS.US,D,20230306,000000,21.08,21.36,21.03,21.03,103538,0
BSJS.US,D,20230307,000000,21,21,20.88,20.88,17990,0
BSJS.US,D,20230308,000000,20.87,20.91,20.763,20.7968,27820,0
BSJS.US,D,20230309,000000,20.9,20.92,20.68,20.71,10808,0
BSJS.US,D,20230310,000000,20.78,20.8,20.65,20.65,16890,0
BSJS.US,D,20230313,000000,20.68,20.7799,20.54,20.57,18404,0
BSJS.US,D,20230314,000000,20.77,20.77,20.6501,20.7281,9381,0
BSJS.US,D,20230315,000000,20.55,20.64,20.495,20.6022,6782,0
BSJS.US,D,20230316,000000,20.6695,20.78,20.6695,20.745,7685,0
BSJS.US,D,20230317,000000,20.63,20.67,20.62,20.6375,2624,0
BSJS.US,D,20230320,000000,20.53,20.58,20.43,20.49,13691,0
BSJS.US,D,20230321,000000,20.63,20.64,20.5417,20.64,1847,0
BSJS.US,D,20230322,000000,20.58,20.84,20.57,20.6754,12722,0
BSJS.US,D,20230323,000000,20.77,20.79,20.57,20.63,10456,0
BSJS.US,D,20230324,000000,20.58,20.6031,20.52,20.6,12601,0
BSJS.US,D,20230327,000000,20.61,20.6695,20.51,20.53,3323,0
BSJS.US,D,20230328,000000,20.48,20.53,20.465,20.53,9182,0
BSJS.US,D,20230329,000000,20.68,20.7563,20.68,20.7563,2207,0
BSJS.US,D,20230330,000000,20.82,20.92,20.78,20.92,6718,0
BSJS.US,D,20230331,000000,21.0159,21.12,21.01,21.1094,2637,0
BSJS.US,D,20230403,000000,21.09,21.1587,21.09,21.15,22903,0
BSJS.US,D,20230404,000000,21.07,21.12,21.04,21.06,103258,0
BSJS.US,D,20230405,000000,21.96,21.96,20.9228,20.9228,9568,0
BSJS.US,D,20230406,000000,20.96,21.06,20.9,21.035,9345,0
BSJS.US,D,20230410,000000,20.95,21.03,20.94,21.03,8881,0
BSJS.US,D,20230411,000000,21.05,21.1,21,21.0797,24667,0
BSJS.US,D,20230412,000000,21.08,21.11,21,21.0545,17757,0
BSJS.US,D,20230413,000000,21.15,21.25,21.15,21.2103,7416,0
BSJS.US,D,20230414,000000,21.2588,21.2588,21.135,21.145,5067,0
BSJS.US,D,20230417,000000,21.11,21.1183,21.03,21.0755,11104,0
BSJS.US,D,20230418,000000,21.23,21.23,21.1315,21.17,13014,0
BSJS.US,D,20230419,000000,21.1,21.11,21.09,21.105,13596,0
BSJS.US,D,20230420,000000,21.06,21.0994,20.9,21.055,73361,0
BSJS.US,D,20230421,000000,21.13,21.17,21.04,21.1499,80550,0
BSJS.US,D,20230424,000000,21.07,21.08,21.01,21.0607,6177,0
BSJS.US,D,20230425,000000,21.04,21.1,21.04,21.0428,13002,0
BSJS.US,D,20230426,000000,20.965,20.97,20.945,20.945,4542,0
BSJS.US,D,20230427,000000,20.99,21.1,20.96,21.04,9640,0
BSJS.US,D,20230428,000000,21.09,21.1399,21.04,21.13,6448,0
BSJS.US,D,20230501,000000,21.0799,21.0799,21.005,21.01,19762,0
BSJS.US,D,20230502,000000,21.03,21.09,20.9206,21.03,34782,0
BSJS.US,D,20230503,000000,21.0789,21.1099,21.02,21.025,5557,0
BSJS.US,D,20230504,000000,20.92,20.95,20.9,20.92,8961,0
BSJS.US,D,20230505,000000,20.95,21.07,20.93,21.035,22152,0
BSJS.US,D,20230508,000000,21,21.0199,20.96,20.96,2313,0
BSJS.US,D,20230509,000000,20.955,20.955,20.91,20.935,6291,0
BSJS.US,D,20230510,000000,20.99,21.07,20.99,21.055,8162,0
BSJS.US,D,20230511,000000,21.06,21.09,21.0133,21.03,13476,0
BSJS.US,D,20230512,000000,21.01,21.03,20.9,20.95,2494,0
BSJS.US,D,20230515,000000,20.9793,21.01,20.955,20.96,4549,0
BSJS.US,D,20230516,000000,20.9299,20.9299,20.84,20.84,6042,0
BSJS.US,D,20230517,000000,20.85,20.95,20.81,20.89,9850,0
BSJS.US,D,20230518,000000,20.84,20.92,20.84,20.88,17269,0
BSJS.US,D,20230519,000000,20.95,21.11,20.8886,20.93,21057,0
BSJS.US,D,20230522,000000,20.85,20.95,20.78,20.9,16718,0
BSJS.US,D,20230523,000000,20.85,20.8899,20.775,20.775,19153,0
BSJS.US,D,20230524,000000,20.68,20.754,20.581,20.625,15291,0
BSJS.US,D,20230525,000000,20.665,20.71,20.63,20.65,6604,0
BSJS.US,D,20230526,000000,20.64,20.75,20.6,20.7,74231,0
BSJS.US,D,20230530,000000,20.81,20.84,20.7501,20.79,10437,0
BSJS.US,D,20230531,000000,20.85,20.86,20.72,20.76,43121,0
BSJS.US,D,20230601,000000,20.79,20.99,20.782,20.855,18088,0
BSJS.US,D,20230602,000000,20.97,21.0387,20.9101,21.01,13652,0
BSJS.US,D,20230605,000000,20.93,20.9599,20.88,20.93,7079,0
BSJS.US,D,20230606,000000,20.96,20.99,20.903,20.9796,12539,0
BSJS.US,D,20230607,000000,21,21,20.85,20.865,10827,0
BSJS.US,D,20230608,000000,20.84,21.01,20.84,20.97,64909,0
BSJS.US,D,20230609,000000,21.0369,21.0399,21,21,6141,0
BSJS.US,D,20230612,000000,21.03,21.03,20.97,20.97,10304,0
BSJS.US,D,20230613,000000,21.0599,21.0599,20.98,21,8737,0
BSJS.US,D,20230614,000000,21.05,21.0599,20.96,20.96,10769,0
BSJS.US,D,20230615,000000,21.03,21.115,21.03,21.11,15178,0
BSJS.US,D,20230616,000000,21.0823,21.1,21.0418,21.06,6264,0
BSJS.US,D,20230620,000000,20.92,20.96,20.89,20.925,10573,0
BSJS.US,D,20230621,000000,20.835,20.8995,20.79,20.855,3882,0
BSJS.US,D,20230622,000000,20.84,20.8599,20.7826,20.805,9460,0
BSJS.US,D,20230623,000000,20.79,20.79,20.73,20.73,14889,0
BSJS.US,D,20230626,000000,20.77,20.8199,20.7573,20.7676,10342,0
BSJS.US,D,20230627,000000,20.8,20.86,20.79,20.81,70499,0
BSJS.US,D,20230628,000000,20.86,20.95,20.8286,20.93,38752,0
BSJS.US,D,20230629,000000,20.85,20.87,20.805,20.8627,27966,0
BSJS.US,D,20230630,000000,20.935,21.03,20.935,20.995,26325,0
BSJS.US,D,20230703,000000,20.95,20.9799,20.91,20.945,12735,0
BSJS.US,D,20230705,000000,20.94,20.95,20.875,20.91,45958,0
BSJS.US,D,20230706,000000,20.75,20.77,20.66,20.77,73286,0
BSJS.US,D,20230707,000000,20.69,20.8899,20.69,20.75,22949,0
BSJS.US,D,20230710,000000,20.71,20.898,20.71,20.83,18691,0
BSJS.US,D,20230711,000000,20.93,20.98,20.86,20.955,44627,0
BSJS.US,D,20230712,000000,21.12,21.16,21.12,21.125,92065,0
BSJS.US,D,20230713,000000,21.18,21.26,21.18,21.26,12251,0
BSJS.US,D,20230714,000000,21.24,21.25,21.11,21.11,11329,0
BSJS.US,D,20230717,000000,21.15,21.2,21.13,21.14,12460,0
BSJS.US,D,20230718,000000,21.19,21.25,21.1883,21.23,14534,0
BSJS.US,D,20230719,000000,21.29,21.29,21.25,21.26,22635,0
BSJS.US,D,20230720,000000,21.17,21.2,21.1,21.145,31582,0
BSJS.US,D,20230721,000000,21.14,21.25,21.14,21.2143,13091,0
BSJS.US,D,20230724,000000,21.15,21.16,21.04,21.04,24392,0
BSJS.US,D,20230725,000000,21.07,21.07,20.993,21.0346,15222,0
BSJS.US,D,20230726,000000,21.05,21.14,21.0217,21.1155,53778,0
BSJS.US,D,20230727,000000,21.21,21.21,20.93,20.95,14395,0
BSJS.US,D,20230728,000000,21.06,21.07,21.02,21.07,22860,0
BSJS.US,D,20230731,000000,21.095,21.17,21.06,21.1,25072,0
BSJS.US,D,20230801,000000,21.01,21.0596,20.99,21.0003,27939,0
BSJS.US,D,20230802,000000,20.9499,20.95,20.88,20.935,16807,0
BSJS.US,D,20230803,000000,20.84,20.9,20.81,20.8788,37179,0
BSJS.US,D,20230804,000000,20.972,21.07,20.96,20.97,39492,0
BSJS.US,D,20230807,000000,20.99,21.039,20.94,21.01,9413,0
BSJS.US,D,20230808,000000,21.05,21.07,20.94,21.04,25800,0
BSJS.US,D,20230809,000000,21.06,21.08,21,21.08,5137,0
BSJS.US,D,20230810,000000,21.1,21.16,21,21.03,11016,0
BSJS.US,D,20230811,000000,20.999,21.02,20.96,20.9724,6834,0
BSJS.US,D,20230814,000000,20.96,21.04,20.95,20.97,17951,0
BSJS.US,D,20230815,000000,20.97,20.99,20.93,20.98,10881,0
BSJS.US,D,20230816,000000,20.9,21.01,20.87,20.87,10857,0
BSJS.US,D,20230817,000000,20.93,20.93,20.77,20.79,11655,0
BSJS.US,D,20230818,000000,20.65,20.85,20.65,20.77,112799,0
BSJS.US,D,20230821,000000,20.71,20.71,20.52,20.66,36856,0
BSJS.US,D,20230822,000000,20.7499,20.7499,20.66,20.66,162354,0
BSJS.US,D,20230823,000000,20.8469,20.89,20.77,20.88,18129,0
BSJS.US,D,20230824,000000,20.87,20.87,20.71,20.75,15100,0
BSJS.US,D,20230825,000000,20.77,20.85,20.73,20.84,19838,0
BSJS.US,D,20230828,000000,20.8508,20.93,20.84,20.93,19698,0
BSJS.US,D,20230829,000000,20.89,21.06,20.87,21,32877,0
BSJS.US,D,20230830,000000,21.08,21.09,20.98,21.04,41765,0
BSJS.US,D,20230831,000000,20.99,21.04,20.96,21.01,47178,0
BSJS.US,D,20230901,000000,21.1,21.1,20.96,21.02,11347,0
BSJS.US,D,20230905,000000,21.01,21.01,20.91,20.96,22714,0
BSJS.US,D,20230906,000000,20.88,20.92,20.82,20.92,17929,0
BSJS.US,D,20230907,000000,20.896,20.9999,20.86,20.99,11694,0
BSJS.US,D,20230908,000000,20.93,21,20.9,20.93,10272,0
BSJS.US,D,20230911,000000,20.92,20.99,20.91,20.98,28580,0
BSJS.US,D,20230912,000000,20.95,20.97,20.91,20.96,5874,0
BSJS.US,D,20230913,000000,20.96,21.03,20.95,20.98,70033,0
BSJS.US,D,20230914,000000,21.06,21.06,20.99,21.025,26112,0
BSJS.US,D,20230915,000000,20.99,20.9999,20.9488,20.97,13855,0
BSJS.US,D,20230918,000000,20.84,20.88,20.83,20.83,33361,0
BSJS.US,D,20230919,000000,20.82,20.83,20.8,20.81,9027,0
BSJS.US,D,20230920,000000,20.8274,20.88,20.79,20.805,108619,0
BSJS.US,D,20230921,000000,20.7,20.81,20.66,20.69,69401,0
BSJS.US,D,20230922,000000,20.69,20.76,20.6401,20.67,15339,0
BSJS.US,D,20230925,000000,20.62,20.66,20.5918,20.64,22698,0
BSJS.US,D,20230926,000000,20.56,20.629,20.51,20.51,19691,0
BSJS.US,D,20230927,000000,20.61,20.6227,20.5007,20.51,11487,0
BSJS.US,D,20230928,000000,20.53,20.6199,20.5,20.595,21888,0
BSJS.US,D,20230929,000000,20.66,20.6799,20.5899,20.5899,22886,0
BSJS.US,D,20231002,000000,20.55,20.55,20.4403,20.47,32839,0
BSJS.US,D,20231003,000000,20.39,20.39,20.26,20.27,13854,0
BSJS.US,D,20231004,000000,20.2596,20.3381,20.23,20.3381,9738,0
BSJS.US,D,20231005,000000,20.34,20.37,20.26,20.33,11792,0
BSJS.US,D,20231006,000000,20.28,20.42,20.24,20.4,16396,0
BSJS.US,D,20231009,000000,20.42,20.5599,20.3601,20.55,38333,0
BSJS.US,D,20231010,000000,20.51,20.56,20.46,20.56,23160,0
BSJS.US,D,20231011,000000,20.62,20.62,20.475,20.53,16731,0
BSJS.US,D,20231012,000000,20.51,20.51,20.385,20.45,16456,0
BSJS.US,D,20231013,000000,20.54,20.55,20.4,20.44,24216,0
BSJS.US,D,20231016,000000,20.4399,20.46,20.3801,20.44,26195,0
BSJS.US,D,20231017,000000,20.35,20.39,20.31,20.35,18092,0
BSJS.US,D,20231018,000000,20.31,20.329,20.24,20.25,14906,0
BSJS.US,D,20231019,000000,20.2699,20.31,20.1757,20.1757,14252,0
BSJS.US,D,20231020,000000,20.2,20.25,20.17,20.22,27640,0
BSJS.US,D,20231023,000000,20.05,20.23,20.05,20.22,19240,0
BSJS.US,D,20231024,000000,20.24,20.27,20.21,20.26,6458,0
BSJS.US,D,20231025,000000,20.26,20.26,20.16,20.2,16037,0
BSJS.US,D,20231026,000000,20.16,20.26,20.14,20.22,22166,0
BSJS.US,D,20231027,000000,20.23,20.28,20.16,20.19,9095,0
BSJS.US,D,20231030,000000,20.21,20.26,20.18,20.24,12775,0
BSJS.US,D,20231031,000000,20.22,20.37,20.21,20.32,49112,0
BSJS.US,D,20231101,000000,20.36,20.5197,20.36,20.4912,106325,0
BSJS.US,D,20231102,000000,20.62,20.68,20.585,20.6697,27753,0
BSJS.US,D,20231103,000000,20.89,20.94,20.785,20.9151,40901,0
BSJS.US,D,20231106,000000,20.9,20.9,20.805,20.84,45028,0
BSJS.US,D,20231107,000000,20.8,20.86,20.7833,20.8311,14796,0
BSJS.US,D,20231108,000000,20.88,20.88,20.7701,20.85,28830,0
BSJS.US,D,20231109,000000,20.87,20.87,20.7204,20.77,39501,0
BSJS.US,D,20231110,000000,20.79,20.89,20.77,20.89,52327,0
BSJS.US,D,20231113,000000,20.79,20.84,20.69,20.8004,35014,0
BSJS.US,D,20231114,000000,20.99,21.05,20.9725,20.9783,56864,0
BSJS.US,D,20231115,000000,21,21,20.9195,20.95,61021,0
BSJS.US,D,20231116,000000,20.97,20.97,20.9,20.9359,63319,0
BSJS.US,D,20231117,000000,20.99,20.99,20.9101,20.9887,167941,0
BSJS.US,D,20231120,000000,20.88,20.92,20.83,20.9,29937,0
BSJS.US,D,20231121,000000,20.95,20.965,20.8627,20.95,54489,0
BSJS.US,D,20231122,000000,21,21,20.87,20.9481,38585,0
BSJS.US,D,20231124,000000,20.95,20.95,20.8771,20.905,11285,0
BSJS.US,D,20231127,000000,20.98,20.9995,20.86,20.98,90572,0
BSJS.US,D,20231128,000000,20.87,21.06,20.87,21.06,49149,0
BSJS.US,D,20231129,000000,21.11,21.18,21.085,21.12,43399,0
BSJS.US,D,20231130,000000,21.15,21.15,20.98,21.07,49205,0
BSJS.US,D,20231201,000000,21.0799,21.31,21.07,21.26,39305,0
BSJS.US,D,20231204,000000,21.15,21.25,21.13,21.2006,45184,0
BSJS.US,D,20231205,000000,21.16,21.25,21.16,21.205,23691,0
BSJS.US,D,20231206,000000,21.32,21.32,21.2,21.27,64930,0
BSJS.US,D,20231207,000000,21.33,21.34,21.2284,21.27,77741,0
BSJS.US,D,20231208,000000,21.24,21.24,21.16,21.19,36144,0
BSJS.US,D,20231211,000000,21.24,21.25,21.1561,21.2,48343,0
BSJS.US,D,20231212,000000,21.28,21.32,21.16,21.32,64815,0
BSJS.US,D,20231213,000000,21.34,21.62,21.27,21.55,79349,0
BSJS.US,D,20231214,000000,21.6401,21.702,21.59,21.65,118503,0
BSJS.US,D,20231215,000000,21.65,21.6599,21.56,21.6205,48791,0
BSJS.US,D,20231218,000000,21.53,21.53,21.3701,21.5052,42710,0
BSJS.US,D,20231219,000000,21.57,21.6,21.53,21.59,88421,0
BSJS.US,D,20231220,000000,21.61,21.6899,21.54,21.5909,167025,0
BSJS.US,D,20231221,000000,21.71,21.73,21.5922,21.71,279507,0
BSJS.US,D,20231222,000000,21.77,21.77,21.61,21.675,145369,0
BSJS.US,D,20231226,000000,21.69,21.73,21.67,21.6949,159502,0
BSJS.US,D,20231227,000000,21.66,21.84,21.66,21.81,68189,0
BSJS.US,D,20231228,000000,21.81,21.81,21.7,21.75,71891,0
BSJS.US,D,20231229,000000,21.75,21.78,21.65,21.66,80953,0
BSJS.US,D,20240102,000000,21.65,21.65,21.55,21.6022,42762,0
BSJS.US,D,20240103,000000,21.49,21.56,21.44,21.5337,57872,0
BSJS.US,D,20240104,000000,21.5142,21.53,21.41,21.42,34069,0
BSJS.US,D,20240105,000000,21.5,21.57,21.43,21.45,132642,0
BSJS.US,D,20240108,000000,21.5,21.64,21.5,21.6043,114066,0
BSJS.US,D,20240109,000000,21.58,21.665,21.5585,21.65,143617,0
BSJS.US,D,20240110,000000,21.7199,21.7199,21.59,21.63,114145,0
BSJS.US,D,20240111,000000,21.7,21.7,21.5848,21.675,56714,0
BSJS.US,D,20240112,000000,21.73,21.7391,21.67,21.7016,28258,0
BSJS.US,D,20240116,000000,21.7,21.7299,21.56,21.59,59073,0
BSJS.US,D,20240117,000000,21.55,21.55,21.46,21.51,31275,0
BSJS.US,D,20240118,000000,21.5,21.58,21.48,21.5504,29274,0
BSJS.US,D,20240119,000000,21.61,21.61,21.44,21.5834,43964,0
BSJS.US,D,20240122,000000,21.44,21.56,21.44,21.47,149791,0
BSJS.US,D,20240123,000000,21.49,21.51,21.46,21.47,188100,0
BSJS.US,D,20240124,000000,21.58,21.58,21.46,21.47,129562,0
BSJS.US,D,20240125,000000,21.56,21.66,21.5,21.61,95931,0
BSJS.US,D,20240126,000000,21.66,21.67,21.6,21.6,86605,0
BSJS.US,D,20240129,000000,21.66,21.71,21.6,21.62,89582,0
BSJS.US,D,20240130,000000,21.66,21.69,21.56,21.58,119039,0
BSJS.US,D,20240131,000000,21.6,21.71,21.53,21.53,77477,0
BSJS.US,D,20240201,000000,21.63,21.75,21.54,21.67,73597,0
BSJS.US,D,20240202,000000,21.56,21.6599,21.55,21.59,62701,0
BSJS.US,D,20240205,000000,21.55,21.5795,21.46,21.48,48225,0
BSJS.US,D,20240206,000000,21.54,21.61,21.5,21.55,91481,0
BSJS.US,D,20240207,000000,21.63,21.65,21.5601,21.62,158690,0
BSJS.US,D,20240208,000000,21.62,21.65,21.5841,21.6,41420,0
BSJS.US,D,20240209,000000,21.65,21.71,21.595,21.66,26854,0
BSJS.US,D,20240212,000000,21.73,21.73,21.6,21.63,46873,0
BSJS.US,D,20240213,000000,21.5,21.5499,21.43,21.49,62660,0
BSJS.US,D,20240214,000000,21.59,21.59,21.4808,21.5437,71464,0
BSJS.US,D,20240215,000000,21.5671,21.65,21.5671,21.6,193520,0
BSJS.US,D,20240216,000000,21.55,21.5899,21.49,21.54,64797,0
BSJS.US,D,20240220,000000,21.49,21.5299,21.412,21.47,69891,0
BSJS.US,D,20240221,000000,21.5,21.52,21.42,21.46,52667,0
BSJS.US,D,20240222,000000,21.52,21.59,21.46,21.54,46329,0
BSJS.US,D,20240223,000000,21.56,21.6284,21.5201,21.57,73937,0
BSJS.US,D,20240226,000000,21.64,21.64,21.5,21.51,106654,0
BSJS.US,D,20240227,000000,21.53,21.55,21.48,21.51,39458,0
BSJS.US,D,20240228,000000,21.54,21.57,21.48,21.53,41429,0
BSJS.US,D,20240229,000000,21.6,21.6,21.51,21.53,89024,0
BSJS.US,D,20240301,000000,21.49,21.6589,21.49,21.595,45430,0
BSJS.US,D,20240304,000000,21.66,21.66,21.55,21.6,37380,0
BSJS.US,D,20240305,000000,21.65,21.6681,21.5601,21.61,60782,0
BSJS.US,D,20240306,000000,21.68,21.7,21.57,21.57,67671,0
BSJS.US,D,20240307,000000,21.61,21.69,21.61,21.66,49023,0
BSJS.US,D,20240308,000000,21.61,21.72,21.61,21.65,28429,0
BSJS.US,D,20240311,000000,21.64,21.6988,21.6001,21.62,31605,0
BSJS.US,D,20240312,000000,21.72,21.72,21.6102,21.62,41119,0
BSJS.US,D,20240313,000000,21.69,21.708,21.6361,21.67,61020,0
BSJS.US,D,20240314,000000,21.73,21.73,21.51,21.56,90092,0
BSJS.US,D,20240315,000000,21.6,21.63,21.55,21.55,30563,0
BSJS.US,D,20240318,000000,21.6,21.6,21.4897,21.49,52177,0
BSJS.US,D,20240319,000000,21.55,21.61,21.52,21.61,26670,0
BSJS.US,D,20240320,000000,21.62,21.75,21.5,21.71,50822,0
BSJS.US,D,20240321,000000,21.79,21.79,21.62,21.72,122852,0
BSJS.US,D,20240322,000000,21.77,21.77,21.64,21.7,106790,0
BSJS.US,D,20240325,000000,21.66,21.69,21.5945,21.62,42617,0
BSJS.US,D,20240326,000000,21.7,21.7,21.55,21.59,60444,0
BSJS.US,D,20240327,000000,21.68,21.7,21.6,21.67,65353,0
BSJS.US,D,20240328,000000,21.73,21.74,21.59,21.66,49780,0
BSJS.US,D,20240401,000000,21.73,21.73,21.55,21.58,50160,0
BSJS.US,D,20240402,000000,21.62,21.62,21.49,21.54,77557,0
BSJS.US,D,20240403,000000,21.56,21.59,21.4701,21.54,66425,0
BSJS.US,D,20240404,000000,21.54,21.63,21.47,21.51,39376,0
BSJS.US,D,20240405,000000,21.58,21.58,21.5,21.52,28404,0
BSJS.US,D,20240408,000000,21.58,21.63,21.52,21.52,104464,0
BSJS.US,D,20240409,000000,21.66,21.66,21.5701,21.62,31298,0
BSJS.US,D,20240410,000000,21.56,21.56,21.4363,21.44,50185,0
BSJS.US,D,20240411,000000,21.51,21.51,21.37,21.41,40888,0
BSJS.US,D,20240412,000000,21.48,21.48,21.36,21.42,67114,0
BSJS.US,D,20240415,000000,21.42,21.42,21.2689,21.3,102786,0
BSJS.US,D,20240416,000000,21.28,21.32,21.22,21.25,90483,0
BSJS.US,D,20240417,000000,21.32,21.36,21.22,21.27,87739,0
BSJS.US,D,20240418,000000,21.23,21.31,21.22,21.27,64760,0
BSJS.US,D,20240419,000000,21.38,21.38,21.305,21.31,52623,0
BSJS.US,D,20240422,000000,21.31,21.31,21.25,21.27,50738,0
BSJS.US,D,20240423,000000,21.38,21.42,21.2787,21.39,30284,0
BSJS.US,D,20240424,000000,21.43,21.43,21.289,21.35,39127,0
BSJS.US,D,20240425,000000,21.29,21.32,21.2,21.28,43402,0
BSJS.US,D,20240426,000000,21.37,21.39,21.2965,21.36,93200,0
BSJS.US,D,20240429,000000,21.35,21.45,21.35,21.43,35197,0
BSJS.US,D,20240430,000000,21.43,21.43,21.29,21.3,90772,0
BSJS.US,D,20240501,000000,21.38,21.479,21.34,21.4,78498,0
BSJS.US,D,20240502,000000,21.49,21.53,21.3977,21.53,68964,0
BSJS.US,D,20240503,000000,21.66,21.66,21.5302,21.61,60008,0
BSJS.US,D,20240506,000000,21.67,21.67,21.58,21.64,63035,0
BSJS.US,D,20240507,000000,21.7,21.7,21.5545,21.62,53915,0
BSJS.US,D,20240508,000000,21.64,21.64,21.5401,21.57,47947,0
BSJS.US,D,20240509,000000,21.61,21.61,21.5408,21.58,31462,0
BSJS.US,D,20240510,000000,21.62,21.62,21.48,21.54,63545,0
BSJS.US,D,20240513,000000,21.53,21.5732,21.475,21.49,89197,0
BSJS.US,D,20240514,000000,21.56,21.56,21.4753,21.55,73871,0
BSJS.US,D,20240515,000000,21.65,21.68,21.59,21.65,72037,0
BSJS.US,D,20240516,000000,21.73,21.73,21.56,21.59,52612,0
BSJS.US,D,20240517,000000,21.65,21.65,21.5526,21.6,49146,0
BSJS.US,D,20240520,000000,21.51,21.51,21.43,21.5,41596,0
BSJS.US,D,20240521,000000,21.53,21.53,21.44,21.45,97868,0
BSJS.US,D,20240522,000000,21.49,21.4999,21.36,21.39,127550,0
BSJS.US,D,20240523,000000,21.5,21.5,21.325,21.34,81309,0
BSJS.US,D,20240524,000000,21.43,21.46,21.33,21.46,45977,0
BSJS.US,D,20240528,000000,21.46,21.47,21.36,21.38,58881,0
BSJS.US,D,20240529,000000,21.24,21.37,21.24,21.3,63482,0
BSJS.US,D,20240530,000000,21.38,21.41,21.335,21.38,50459,0
BSJS.US,D,20240531,000000,21.42,21.5,21.375,21.45,48497,0
BSJS.US,D,20240603,000000,21.41,21.56,21.41,21.46,85934,0
BSJS.US,D,20240604,000000,21.53,21.55,21.441,21.4783,76030,0
BSJS.US,D,20240605,000000,21.55,21.5688,21.4501,21.4986,68382,0
BSJS.US,D,20240606,000000,21.6,21.6,21.4821,21.4821,37611,0
BSJS.US,D,20240607,000000,21.5,21.53,21.4,21.46,65084,0
BSJS.US,D,20240610,000000,21.49,21.51,21.445,21.48,41496,0
BSJS.US,D,20240611,000000,21.42,21.5399,21.42,21.51,51198,0
BSJS.US,D,20240612,000000,21.66,21.66,21.54,21.62,53034,0
BSJS.US,D,20240613,000000,21.68,21.68,21.52,21.54,112695,0
BSJS.US,D,20240614,000000,21.57,21.57,21.43,21.47,138326,0
BSJS.US,D,20240617,000000,21.45,21.57,21.45,21.55,69678,0
BSJS.US,D,20240618,000000,21.58,21.62,21.5238,21.61,79705,0
BSJS.US,D,20240620,000000,21.61,21.61,21.52,21.6,113880,0
BSJS.US,D,20240621,000000,21.63,21.63,21.53,21.6,67982,0
BSJS.US,D,20240624,000000,21.54,21.54,21.42,21.47,67006,0
BSJS.US,D,20240625,000000,21.5,21.5,21.4243,21.4675,46105,0
BSJS.US,D,20240626,000000,21.49,21.52,21.38,21.4,138870,0
BSJS.US,D,20240627,000000,21.47,21.49,21.38,21.45,48215,0
BSJS.US,D,20240628,000000,21.52,21.56,21.44,21.47,50012,0
BSJS.US,D,20240701,000000,21.54,21.54,21.4,21.49,62167,0
BSJS.US,D,20240702,000000,21.49,21.58,21.4101,21.52,44630,0
BSJS.US,D,20240703,000000,21.55,21.56,21.4735,21.535,42555,0
BSJS.US,D,20240705,000000,21.57,21.6999,21.56,21.63,36789,0
BSJS.US,D,20240708,000000,21.67,21.67,21.5243,21.6,68230,0
BSJS.US,D,20240709,000000,21.64,21.64,21.541,21.58,60117,0
BSJS.US,D,20240710,000000,21.574,21.7299,21.562,21.68,102122,0
BSJS.US,D,20240711,000000,21.77,21.78,21.68,21.75,55978,0
BSJS.US,D,20240712,000000,21.77,21.8099,21.66,21.77,38473,0
BSJS.US,D,20240715,000000,21.85,21.85,21.661,21.74,62095,0
BSJS.US,D,20240716,000000,21.83,21.879,21.7125,21.85,34753,0
BSJS.US,D,20240717,000000,21.83,21.87,21.7506,21.81,61236,0
BSJS.US,D,20240718,000000,21.85,21.8596,21.71,21.78,51055,0
BSJS.US,D,20240719,000000,21.86,21.86,21.69,21.76,40679,0
BSJS.US,D,20240722,000000,21.71,21.74,21.62,21.72,27497,0
BSJS.US,D,20240723,000000,21.72,21.7799,21.65,21.72,57788,0
BSJS.US,D,20240724,000000,21.7,21.8,21.59,21.66,74593,0
BSJS.US,D,20240725,000000,21.69,21.72,21.6,21.67,63313,0
BSJS.US,D,20240726,000000,21.76,21.76,21.64,21.7,39629,0
BSJS.US,D,20240729,000000,21.69,21.71,21.6,21.7,744231,0
BSJS.US,D,20240730,000000,21.73,21.7499,21.57,21.65,42612,0
BSJS.US,D,20240731,000000,21.76,21.851,21.6577,21.77,32979,0
BSJS.US,D,20240801,000000,21.8,21.81,21.61,21.68,73835,0
BSJS.US,D,20240802,000000,21.58,21.675,21.55,21.64,23898,0
BSJS.US,D,20240805,000000,21.41,21.6399,21.318,21.61,43500,0
BSJS.US,D,20240806,000000,21.64,21.67,21.4407,21.61,79447,0
BSJS.US,D,20240807,000000,21.75,21.75,21.5124,21.61,48852,0
BSJS.US,D,20240808,000000,21.73,21.7687,21.64,21.73,26192,0
BSJS.US,D,20240809,000000,21.76,21.76,21.6173,21.7,45501,0
BSJS.US,D,20240812,000000,21.75,21.7699,21.6,21.69,57121,0
BSJS.US,D,20240813,000000,21.81,21.81,21.66,21.81,91398,0
BSJS.US,D,20240814,000000,21.83,21.8681,21.7535,21.85,77325,0
BSJS.US,D,20240815,000000,21.91,21.919,21.79,21.9,59951,0
BSJS.US,D,20240816,000000,21.9,21.98,21.81,21.96,49913,0
BSJS.US,D,20240819,000000,21.87,21.91,21.7445,21.85,102054,0
BSJS.US,D,20240820,000000,21.89,21.89,21.7,21.79,106335,0
BSJS.US,D,20240821,000000,21.87,21.91,21.78,21.9,92463,0
BSJS.US,D,20240822,000000,21.92,21.92,21.76,21.87,44846,0
BSJS.US,D,20240823,000000,21.91,21.97,21.8201,21.95,75378,0
BSJS.US,D,20240826,000000,22.03,22.03,21.81,21.91,220954,0
BSJS.US,D,20240827,000000,21.94,21.99,21.8201,21.96,295275,0
BSJS.US,D,20240828,000000,21.96,21.96,21.82,21.89,230811,0
BSJS.US,D,20240829,000000,21.97,21.97,21.87,21.94,62537,0
BSJS.US,D,20240830,000000,21.88,22.04,21.84,21.92,93463,0
BSJS.US,D,20240903,000000,21.95,21.95,21.8,21.84,68819,0
BSJS.US,D,20240904,000000,21.8,22.0499,21.8,21.91,55104,0
BSJS.US,D,20240905,000000,22,22.11,21.94,22.05,63748,0
BSJS.US,D,20240906,000000,22.06,22.09,21.94,21.98,53759,0
BSJS.US,D,20240909,000000,22.08,22.09,21.9597,22.05,53422,0
BSJS.US,D,20240910,000000,22.1,22.1099,21.97,22.02,76356,0
BSJS.US,D,20240911,000000,22.04,22.0999,21.92,22.0637,102512,0
BSJS.US,D,20240912,000000,22.08,22.11,22,22.07,71616,0
BSJS.US,D,20240913,000000,22.12,22.1465,21.98,22.1,131309,0
BSJS.US,D,20240916,000000,22.1,22.1991,22.08,22.14,36666,0
BSJS.US,D,20240917,000000,22.15,22.24,22.07,22.14,83097,0
BSJS.US,D,20240918,000000,22.18,22.45,22.12,22.22,88663,0
BSJS.US,D,20240919,000000,22.21,22.29,22.1499,22.17,46554,0
BSJS.US,D,20240920,000000,22.24,22.27,22.14,22.17,132819,0
BSJS.US,D,20240923,000000,22.1,22.14,22.02,22.1,88377,0
BSJS.US,D,20240924,000000,22.1,22.15,22,22.04,94794,0
BSJS.US,D,20240925,000000,22.04,22.13,22.01,22.09,56849,0
BSJS.US,D,20240926,000000,22.11,22.1399,22.02,22.05,79188,0
BSJS.US,D,20240927,000000,22.15,22.18,22.0392,22.12,100540,0
BSJS.US,D,20240930,000000,22.17,22.2,22.0901,22.16,62057,0
BSJS.US,D,20241001,000000,22.17,22.1797,22.09,22.15,56566,0
BSJS.US,D,20241002,000000,22.15,22.15,22.03,22.14,102017,0
BSJS.US,D,20241003,000000,22.16,22.16,22.04,22.05,104614,0
BSJS.US,D,20241004,000000,22.11,22.12,22.0385,22.1,98202,0
BSJS.US,D,20241007,000000,22.1,22.1,21.96,22.01,96050,0
BSJS.US,D,20241008,000000,21.99,22.08,21.95,22,85657,0
BSJS.US,D,20241009,000000,22,22.11,21.96,22.03,79085,0
BSJS.US,D,20241010,000000,21.98,22.0701,21.97,22,115235,0
BSJS.US,D,20241011,000000,22.07,22.09,21.99,22.04,97411,0
BSJS.US,D,20241014,000000,22.05,22.1099,22,22.05,74615,0
BSJS.US,D,20241015,000000,22.07,22.13,21.99,22.06,112320,0
BSJS.US,D,20241016,000000,22.05,22.15,22.03,22.13,102622,0
BSJS.US,D,20241017,000000,22.13,22.3744,22.01,22.09,53061,0
BSJS.US,D,20241018,000000,22.1,22.17,22.08,22.16,72397,0
BSJS.US,D,20241021,000000,22.04,22.04,21.87,21.93,44947,0
BSJS.US,D,20241022,000000,21.96,21.96,21.85,21.85,78703,0
BSJS.US,D,20241023,000000,21.89,21.896,21.8001,21.87,43337,0
BSJS.US,D,20241024,000000,21.95,21.98,21.86,21.91,51449,0
BSJS.US,D,20241025,000000,22,22.02,21.82,21.87,59419,0
BSJS.US,D,20241028,000000,21.94,22.0287,21.86,21.95,85902,0
BSJS.US,D,20241029,000000,21.96,21.97,21.86,21.93,84015,0
BSJS.US,D,20241030,000000,22.03,22.0495,21.8901,21.95,101474,0
BSJS.US,D,20241031,000000,21.95,21.98,21.8,21.9,278542,0
BSJS.US,D,20241101,000000,21.98,21.98,21.73,21.75,170770,0
BSJS.US,D,20241104,000000,21.89,21.9542,21.8427,21.94,69265,0
