<TICKER>,<PER>,<DATE>,<TIME>,<OPEN>,<HIGH>,<LOW>,<CLOSE>,<VOL>,<OPENINT>
BSMO.US,D,20191014,000000,24.5912,24.5912,24.5912,24.5912,3045.3634660458,0
BSMO.US,D,20191015,000000,24.6331,24.6331,24.5892,24.5892,9025.7511421211,0
BSMO.US,D,20191016,000000,24.5941,24.5941,24.5941,24.5941,481.48038988866,0
BSMO.US,D,20191018,000000,24.5742,24.5742,24.5642,24.5642,2836.7219637607,0
BSMO.US,D,20191021,000000,24.5443,24.5542,24.5343,24.5443,8687.7117850534,0
BSMO.US,D,20191022,000000,24.4745,24.5244,24.4745,24.5244,1416.3548135892,0
BSMO.US,D,20191023,000000,24.5254,24.5443,24.5254,24.5294,1116.4326540543,0
BSMO.US,D,20191024,000000,24.5274,24.5274,24.5274,24.5274,2036.2608155708,0
BSMO.US,D,20191028,000000,24.5044,24.5144,24.5044,24.5144,2960.1013136697,0
BSMO.US,D,20191029,000000,24.5244,24.5343,24.5244,24.5244,2365.272415328,0
BSMO.US,D,20191030,000000,24.5194,24.5194,24.5194,24.5194,250.77103640034,0
BSMO.US,D,20191031,000000,24.5842,24.5842,24.5752,24.5752,2945.0550514856,0
BSMO.US,D,20191105,000000,24.5443,24.5443,24.5443,24.5443,255.78645712835,0
BSMO.US,D,20191106,000000,24.5642,24.5642,24.5642,24.5642,1129.4727479472,0
BSMO.US,D,20191113,000000,24.5373,24.5443,24.5094,24.5094,5868.0422517681,0
BSMO.US,D,20191114,000000,24.5373,24.5373,24.5373,24.5373,2041.2762362988,0
BSMO.US,D,20191118,000000,24.5602,24.5602,24.5493,24.5493,764.35011894825,0
BSMO.US,D,20191119,000000,24.5742,24.5742,24.5582,24.5592,4775.6836172081,0
BSMO.US,D,20191120,000000,24.5941,24.6041,24.5941,24.6041,9483.1575125153,0
BSMO.US,D,20191121,000000,24.5842,24.5842,24.5742,24.5742,100.30841456014,0
BSMO.US,D,20191122,000000,24.6041,24.6041,24.5842,24.5842,751.31002505543,0
BSMO.US,D,20191125,000000,24.5941,24.6041,24.5892,24.5892,16839.776636356,0
BSMO.US,D,20191126,000000,24.5941,24.5941,24.5941,24.5941,1001.0779773102,0
BSMO.US,D,20191127,000000,24.6331,24.6331,24.6131,24.6131,3509.7914254592,0
BSMO.US,D,20191202,000000,24.6131,24.6131,24.5941,24.5941,510.56983011109,0
BSMO.US,D,20191203,000000,24.6231,24.6619,24.6231,24.6431,2824.6849540134,0
BSMO.US,D,20191209,000000,24.6569,24.6569,24.652,24.652,359.10412412529,0
BSMO.US,D,20191210,000000,24.652,24.652,24.652,24.652,449.38169722942,0
BSMO.US,D,20191211,000000,24.6719,24.6719,24.6719,24.6719,1015.1211553486,0
BSMO.US,D,20191212,000000,24.6619,24.6619,24.6569,24.6569,1015.1211553486,0
BSMO.US,D,20191213,000000,24.6818,24.6818,24.6669,24.6669,810.4919896459,0
BSMO.US,D,20191217,000000,24.6599,24.6968,24.6599,24.6818,11049.974947944,0
BSMO.US,D,20191218,000000,24.6649,24.6918,24.6649,24.6719,2573.9139176131,0
BSMO.US,D,20191219,000000,24.6818,24.6918,24.6619,24.6818,5861.0206627488,0
BSMO.US,D,20191220,000000,24.6818,24.6818,24.6609,24.6669,1860.7210900905,0
BSMO.US,D,20191223,000000,24.6699,24.6818,24.6669,24.6669,1871.7550156922,0
BSMO.US,D,20191224,000000,24.7068,24.7118,24.7018,24.7118,1897.8352034778,0
BSMO.US,D,20191226,000000,24.7018,24.7018,24.6818,24.6818,2414.4235384625,0
BSMO.US,D,20191227,000000,24.6938,24.7018,24.6878,24.6918,1286.9569588065,0
BSMO.US,D,20191230,000000,24.7018,24.7217,24.6858,24.7217,4580.0822088158,0
BSMO.US,D,20200102,000000,24.7078,24.7217,24.7078,24.7167,12457.302004223,0
BSMO.US,D,20200103,000000,24.7607,24.7796,24.7607,24.7697,1323.0679880482,0
BSMO.US,D,20200106,000000,24.7886,24.7886,24.7757,24.7886,3732.4761057827,0
BSMO.US,D,20200108,000000,24.8064,24.8064,24.8034,24.8034,198.61066082907,0
BSMO.US,D,20200109,000000,24.7986,24.8034,24.7986,24.8034,3243.9741268748,0
BSMO.US,D,20200110,000000,24.8084,24.8084,24.8034,24.8034,2879.8545820215,0
BSMO.US,D,20200113,000000,24.8184,24.8184,24.7936,24.8184,6002.4555272786,0
BSMO.US,D,20200115,000000,24.8673,24.8673,24.8284,24.8533,4282.1662175723,0
BSMO.US,D,20200116,000000,24.8673,24.8773,24.8583,24.8583,2022.2176375324,0
BSMO.US,D,20200117,000000,24.8713,24.8773,24.8633,24.8633,3339.2671207069,0
BSMO.US,D,20200121,000000,24.9052,24.9152,24.8973,24.8973,8160.0895244671,0
BSMO.US,D,20200122,000000,24.9152,24.9152,24.9002,24.9002,3053.3881392105,0
BSMO.US,D,20200123,000000,24.9451,24.9451,24.9321,24.9351,3059.4066440842,0
BSMO.US,D,20200124,000000,24.9471,24.9551,24.9471,24.9501,506.55749352869,0
BSMO.US,D,20200127,000000,24.9849,24.9949,24.9849,24.9899,7429.8442664693,0
BSMO.US,D,20200128,000000,24.9749,24.9849,24.9599,24.9599,3330.2393633965,0
BSMO.US,D,20200129,000000,25.0049,25.0049,24.9899,24.9999,2006.1682912027,0
BSMO.US,D,20200130,000000,25.0049,25.0049,24.9949,24.9949,5699.524115307,0
BSMO.US,D,20200131,000000,24.9989,25.0049,24.9989,25.0049,277.85430833158,0
BSMO.US,D,20200203,000000,25.0049,25.0149,24.9949,24.9949,1709.2553841048,0
BSMO.US,D,20200204,000000,24.9749,24.9749,24.9649,24.9749,7003.5335045888,0
BSMO.US,D,20200205,000000,24.9649,24.9649,24.9401,24.9401,2591.969432234,0
BSMO.US,D,20200206,000000,24.9551,24.9551,24.9401,24.9401,401.23365824055,0
BSMO.US,D,20200207,000000,24.9649,24.9849,24.9649,24.9849,1636.0302414758,0
BSMO.US,D,20200210,000000,24.9809,24.9809,24.9749,24.9749,1063.2691943374,0
BSMO.US,D,20200211,000000,24.9939,24.9949,24.9749,24.9749,7756.8496979354,0
BSMO.US,D,20200212,000000,24.9839,24.9849,24.9649,24.9649,1076.3092882302,0
BSMO.US,D,20200213,000000,24.9849,24.9949,24.9659,24.9659,4009.3273299687,0
BSMO.US,D,20200214,000000,24.9909,25.0149,24.9869,24.9949,6458.8588135272,0
BSMO.US,D,20200218,000000,25.0338,25.0338,25.0049,25.0049,7418.8103408678,0
BSMO.US,D,20200219,000000,25.0338,25.0338,25.0049,25.0248,12022.966569178,0
BSMO.US,D,20200220,000000,25.0308,25.0438,25.0288,25.0288,6349.5226416566,0
BSMO.US,D,20200221,000000,25.0527,25.0677,25.0527,25.0677,1789.5021157528,0
BSMO.US,D,20200224,000000,25.1724,25.1724,25.1464,25.1464,12537.548735872,0
BSMO.US,D,20200225,000000,25.1624,25.1724,25.1425,25.1574,3618.1245131842,0
BSMO.US,D,20200226,000000,25.1524,25.1724,25.1524,25.1524,1591.8945390694,0
BSMO.US,D,20200228,000000,25.1255,25.1614,25.1255,25.1425,9451.0588198562,0
BSMO.US,D,20200302,000000,25.2023,25.2023,25.2023,25.2023,258.79570956516,0
BSMO.US,D,20200303,000000,25.1923,25.1943,25.1923,25.1923,1791.508284044,0
BSMO.US,D,20200304,000000,25.2222,25.2222,25.1803,25.1803,895.75414202202,0
BSMO.US,D,20200305,000000,25.2122,25.2222,25.2023,25.2023,3762.5686301507,0
BSMO.US,D,20200306,000000,25.2342,25.2432,25.2322,25.2322,1169.5961137712,0
BSMO.US,D,20200310,000000,25.2622,25.2622,25.1574,25.1574,1414.3486452979,0
BSMO.US,D,20200311,000000,25.1524,25.1524,25.0527,25.0527,8615.4897265702,0
BSMO.US,D,20200312,000000,24.4326,24.4326,24.3968,24.3968,1180.6300393728,0
BSMO.US,D,20200313,000000,24.5912,24.5912,24.5413,24.5742,630.93992758326,0
BSMO.US,D,20200316,000000,24.3658,24.4038,24.3658,24.3758,2093.4366118701,0
BSMO.US,D,20200317,000000,24.3399,24.3459,24.2652,24.2652,2850.7651417991,0
BSMO.US,D,20200318,000000,24.1196,24.1196,23.9123,23.9123,796.44881160749,0
BSMO.US,D,20200319,000000,24.0597,24.0597,23.7737,23.7737,5358.4755058025,0
BSMO.US,D,20200320,000000,23.2902,23.33,22.9244,23.1018,2765.502989423,0
BSMO.US,D,20200323,000000,22.7149,23.1506,22.7149,22.9472,629.93684343766,0
BSMO.US,D,20200324,000000,23.4576,23.4576,23.1606,23.314,3863.8801288565,0
BSMO.US,D,20200325,000000,23.9601,24.1236,23.5643,23.99,1866.7395949641,0
BSMO.US,D,20200326,000000,24.5612,24.5612,24.327,24.4715,2190.7357739934,0
BSMO.US,D,20200327,000000,24.4048,24.6699,24.3469,24.5264,7518.1156712823,0
BSMO.US,D,20200330,000000,24.6241,24.6241,24.3758,24.5363,1353.1605124162,0
BSMO.US,D,20200331,000000,24.6301,24.65,24.5014,24.5014,6720.6637755291,0
BSMO.US,D,20200401,000000,24.3758,24.3758,24.2113,24.2113,1132.482000384,0
BSMO.US,D,20200402,000000,24.2762,24.316,24.1286,24.1286,1273.9168649137,0
BSMO.US,D,20200403,000000,24.326,24.3858,24.2712,24.2712,372.1442180181,0
BSMO.US,D,20200406,000000,24.4815,24.4815,24.2462,24.3858,2176.6925959549,0
BSMO.US,D,20200407,000000,24.5812,24.5812,24.5812,24.5812,245.75561567233,0
BSMO.US,D,20200409,000000,24.6798,24.6898,24.4038,24.5114,7714.7201638201,0
BSMO.US,D,20200414,000000,24.7597,24.7597,24.5712,24.5712,240.74019494433,0
BSMO.US,D,20200415,000000,24.7786,24.7786,24.5961,24.5961,1663.1135134071,0
BSMO.US,D,20200416,000000,24.7497,24.7597,24.5762,24.5762,2189.7326898478,0
BSMO.US,D,20200420,000000,24.5802,24.6878,24.5114,24.5642,5811.8695396143,0
BSMO.US,D,20200421,000000,24.5692,24.5692,24.5692,24.5692,1090.3524662687,0
BSMO.US,D,20200422,000000,24.5722,24.6679,24.5104,24.5542,5734.6320604031,0
BSMO.US,D,20200423,000000,24.5463,24.5892,24.5194,24.5194,27958.964390347,0
BSMO.US,D,20200424,000000,24.4286,24.4596,24.3479,24.3479,1465.5059367236,0
BSMO.US,D,20200427,000000,24.3728,24.4696,24.3728,24.4346,470.44646428704,0
BSMO.US,D,20200428,000000,24.3878,24.4596,24.3479,24.3479,1527.6971537509,0
BSMO.US,D,20200429,000000,24.3958,24.4207,24.3578,24.3578,48957.527894366,0
BSMO.US,D,20200430,000000,24.4207,24.4207,24.3678,24.3918,4839.8810025266,0
BSMO.US,D,20200504,000000,24.2432,24.5094,24.2432,24.4058,4965.2665207267,0
BSMO.US,D,20200505,000000,24.5094,24.5094,24.4227,24.4994,1182.636207664,0
BSMO.US,D,20200506,000000,24.4845,24.5094,24.3918,24.3918,731.2483421434,0
BSMO.US,D,20200507,000000,24.4078,24.5393,24.4078,24.4257,9875.3634134455,0
BSMO.US,D,20200508,000000,24.4994,24.5692,24.4646,24.4646,533.64076545993,0
BSMO.US,D,20200511,000000,24.5792,24.5792,24.4795,24.4845,4696.4399697056,0
BSMO.US,D,20200512,000000,24.5194,24.6281,24.4885,24.5094,3622.1368497665,0
BSMO.US,D,20200513,000000,24.648,24.6579,24.5443,24.5443,7252.2983726979,0
BSMO.US,D,20200514,000000,24.6778,24.6878,24.5941,24.5941,406.24907896855,0
BSMO.US,D,20200515,000000,24.7177,24.7317,24.6131,24.6131,1627.0024841654,0
BSMO.US,D,20200518,000000,24.7557,24.7846,24.6471,24.7157,8759.9338435367,0
BSMO.US,D,20200519,000000,24.6978,24.7946,24.6978,24.7657,561.72712153677,0
BSMO.US,D,20200520,000000,24.7946,24.8733,24.7946,24.8344,3106.5515989275,0
BSMO.US,D,20200521,000000,24.9331,24.9331,24.7946,24.8643,1167.5899454799,0
BSMO.US,D,20200522,000000,24.9112,24.9281,24.8733,24.9281,11838.399086387,0
BSMO.US,D,20200526,000000,24.9679,24.9889,24.9629,24.9779,2612.031115146,0
BSMO.US,D,20200527,000000,25.0228,25.0228,24.9032,24.9132,2028.236142406,0
BSMO.US,D,20200528,000000,25.0208,25.0318,24.9082,24.9561,11007.84541383,0
BSMO.US,D,20200529,000000,25.1006,25.1006,25.1006,25.1006,902.77573104124,0
BSMO.US,D,20200601,000000,25.0517,25.0517,25.0179,25.0179,13145.417728106,0
BSMO.US,D,20200602,000000,25.0438,25.0438,24.9979,24.9979,22321.631492067,0
BSMO.US,D,20200603,000000,25.0906,25.0906,25.0029,25.0029,16078.435769845,0
BSMO.US,D,20200604,000000,25.0707,25.0707,25.0079,25.0079,2988.1876697464,0
BSMO.US,D,20200605,000000,25.1106,25.1106,25.0179,25.0179,6557.1610597961,0
BSMO.US,D,20200608,000000,25.1106,25.1106,25.0468,25.0468,7230.2305214947,0
BSMO.US,D,20200609,000000,25.1205,25.1205,25.0607,25.0607,5124.7568998774,0
BSMO.US,D,20200610,000000,25.1704,25.1704,25.0707,25.0707,35714.811004136,0
BSMO.US,D,20200611,000000,25.0906,25.1654,25.0906,25.1006,13064.167912312,0
BSMO.US,D,20200612,000000,25.1484,25.2003,25.1205,25.1205,2754.4690638214,0
BSMO.US,D,20200615,000000,25.1694,25.2003,25.1305,25.1305,2700.3025199589,0
BSMO.US,D,20200616,000000,25.1255,25.2003,25.1195,25.1504,6512.0222732441,0
BSMO.US,D,20200617,000000,25.1803,25.1803,25.1574,25.1604,5814.8787920511,0
BSMO.US,D,20200618,000000,25.1664,25.2003,25.1664,25.1704,13866.635228794,0
BSMO.US,D,20200619,000000,25.1754,25.1903,25.1654,25.1654,3224.9155281084,0
BSMO.US,D,20200622,000000,25.1973,25.2072,25.1584,25.1724,2515.7350371682,0
BSMO.US,D,20200623,000000,25.2172,25.2172,25.1773,25.1773,1424.3794867539,0
BSMO.US,D,20200624,000000,25.2172,25.2172,25.1923,25.1923,3224.9155281084,0
BSMO.US,D,20200625,000000,25.1474,25.2072,25.1375,25.1524,11815.328151039,0
BSMO.US,D,20200626,000000,25.2172,25.2272,25.1624,25.1624,6773.8272352461,0
BSMO.US,D,20200629,000000,25.1764,25.2372,25.1724,25.1724,3024.2986989881,0
BSMO.US,D,20200630,000000,25.2272,25.2272,25.2172,25.2172,2331.1675543776,0
BSMO.US,D,20200701,000000,25.2272,25.2272,25.1724,25.1724,1884.795109585,0
BSMO.US,D,20200702,000000,25.2372,25.266,25.1923,25.1923,2527.7720469154,0
BSMO.US,D,20200706,000000,25.2192,25.2272,25.1873,25.1873,637.96151660248,0
BSMO.US,D,20200707,000000,25.2372,25.2442,25.1903,25.1923,13843.564293444,0
BSMO.US,D,20200708,000000,25.2272,25.2472,25.1773,25.1773,9979.684164588,0
BSMO.US,D,20200709,000000,25.2192,25.2272,25.1574,25.1873,7003.5335045888,0
BSMO.US,D,20200710,000000,25.2472,25.3268,25.1574,25.2023,14653.053198945,0
BSMO.US,D,20200713,000000,25.2572,25.287,25.2142,25.2372,4400.5301467532,0
BSMO.US,D,20200714,000000,25.277,25.287,25.2472,25.2472,1123.4542430735,0
BSMO.US,D,20200715,000000,25.3169,25.3169,25.2572,25.2572,200.61682912027,0
BSMO.US,D,20200716,000000,25.3318,25.3318,25.282,25.282,3530.8561925168,0
BSMO.US,D,20200717,000000,25.3668,25.3768,25.2172,25.3019,6108.7824467123,0
BSMO.US,D,20200720,000000,25.3848,25.3947,25.2552,25.3199,7312.483421434,0
BSMO.US,D,20200721,000000,25.3947,25.3997,25.3249,25.3348,4297.2124797562,0
BSMO.US,D,20200722,000000,25.4147,25.4246,25.3498,25.3498,872.68320667319,0
BSMO.US,D,20200723,000000,25.4246,25.4734,25.3598,25.3598,6290.3406770662,0
BSMO.US,D,20200724,000000,25.4057,25.4634,25.3738,25.4246,12114.247226427,0
BSMO.US,D,20200727,000000,25.4445,25.4445,25.3698,25.3698,1793.5144523353,0
BSMO.US,D,20200728,000000,25.4385,25.4544,25.3848,25.3848,2656.1668175524,0
BSMO.US,D,20200729,000000,25.4544,25.4634,25.3897,25.3897,4218.9719163993,0
BSMO.US,D,20200730,000000,25.4484,25.4734,25.4197,25.4197,1761.415759676,0
BSMO.US,D,20200731,000000,25.4734,25.4834,25.3548,25.3548,2858.7898149639,0
BSMO.US,D,20200803,000000,25.4614,25.4614,25.4197,25.4197,1115.4295699087,0
BSMO.US,D,20200804,000000,25.5034,25.5034,25.4295,25.4295,4198.9102334873,0
BSMO.US,D,20200805,000000,25.5034,25.5034,25.4445,25.4445,3061.4128123754,0
BSMO.US,D,20200806,000000,25.4714,25.5233,25.4594,25.4594,2186.723437411,0
BSMO.US,D,20200807,000000,25.5333,25.5532,25.4974,25.4984,10516.334182485,0
BSMO.US,D,20200810,000000,25.4974,25.578,25.4834,25.4834,15690.242205497,0
BSMO.US,D,20200811,000000,25.5333,25.5532,25.4884,25.4884,2962.1074819608,0
BSMO.US,D,20200812,000000,25.5253,25.5433,25.5014,25.5133,2463.5746615969,0
BSMO.US,D,20200813,000000,25.4345,25.5333,25.4345,25.5133,3062.415896521,0
BSMO.US,D,20200814,000000,25.5133,25.5133,25.4934,25.4934,1920.9061388267,0
BSMO.US,D,20200817,000000,25.4934,25.5133,25.4345,25.4345,5427.688311849,0
BSMO.US,D,20200818,000000,25.4834,25.4934,25.4246,25.4246,2484.6394286546,0
BSMO.US,D,20200819,000000,25.5433,25.5433,25.4634,25.4634,5490.8826130219,0
BSMO.US,D,20200820,000000,25.4934,25.5034,25.4246,25.4246,7198.1318288354,0
BSMO.US,D,20200821,000000,25.4934,25.5034,25.4197,25.4197,7755.8466137898,0
BSMO.US,D,20200824,000000,25.4644,25.5044,25.4644,25.4744,6848.0554620205,0
BSMO.US,D,20200825,000000,25.4644,25.4944,25.4206,25.4206,7062.7154691792,0
BSMO.US,D,20200826,000000,25.4455,25.5044,25.4345,25.4504,16480.672512231,0
BSMO.US,D,20200827,000000,25.4206,25.4206,25.3957,25.3957,245.75561567233,0
BSMO.US,D,20200828,000000,25.4744,25.4744,25.3957,25.3957,2241.893065419,0
BSMO.US,D,20200831,000000,25.4744,25.4744,25.4355,25.4355,7921.355497814,0
BSMO.US,D,20200901,000000,25.4644,25.4644,25.4107,25.4107,5063.5687669958,0
BSMO.US,D,20200902,000000,25.4057,25.4355,25.4057,25.4057,2620.0557883107,0
BSMO.US,D,20200903,000000,25.4554,25.4554,25.4355,25.4455,5521.9782215355,0
BSMO.US,D,20200904,000000,25.4315,25.4455,25.4256,25.4305,2974.1444917081,0
BSMO.US,D,20200908,000000,25.4644,25.4644,25.4325,25.4405,4485.7922991293,0
BSMO.US,D,20200909,000000,25.4644,25.5443,25.4405,25.4405,9764.0210732838,0
BSMO.US,D,20200910,000000,25.4644,25.4744,25.4355,25.4644,6809.9382644877,0
BSMO.US,D,20200911,000000,25.4744,25.4844,25.4365,25.4504,3796.6734911012,0
BSMO.US,D,20200914,000000,25.4744,25.4944,25.4455,25.4455,7757.852782081,0
BSMO.US,D,20200915,000000,25.4744,25.4944,25.4395,25.4584,13513.549609541,0
BSMO.US,D,20200916,000000,25.4644,25.5443,25.4594,25.4594,5427.688311849,0
BSMO.US,D,20200917,000000,25.4744,25.4744,25.4644,25.4694,3933.0929349029,0
BSMO.US,D,20200918,000000,25.4644,25.4844,25.4425,25.4594,2804.6232711014,0
BSMO.US,D,20200921,000000,25.4944,25.4944,25.4544,25.4544,3588.0319888161,0
BSMO.US,D,20200922,000000,25.4744,25.5542,25.4654,25.4694,5911.1748700289,0
BSMO.US,D,20200923,000000,25.4574,25.4644,25.4355,25.4594,3237.9556220012,0
BSMO.US,D,20200924,000000,25.4744,25.4744,25.4594,25.4594,710.18357508577,0
BSMO.US,D,20200925,000000,25.4744,25.4844,25.4594,25.4594,1786.492863316,0
BSMO.US,D,20200928,000000,25.4744,25.5542,25.4445,25.4594,8338.6385023842,0
BSMO.US,D,20200929,000000,25.4544,25.4744,25.4345,25.4544,5786.7924359743,0
BSMO.US,D,20201001,000000,25.4544,25.5542,25.4435,25.4514,12969.878002626,0
BSMO.US,D,20201002,000000,25.4445,25.4445,25.4345,25.4345,7694.6584809081,0
BSMO.US,D,20201005,000000,25.4445,25.5143,25.4246,25.4395,13106.297446427,0
BSMO.US,D,20201006,000000,25.4345,25.4445,25.4147,25.4295,4773.677448917,0
BSMO.US,D,20201007,000000,25.3748,25.4345,25.3748,25.4345,3036.3357087353,0
BSMO.US,D,20201008,000000,25.4047,25.4445,25.4047,25.4047,3249.9926317485,0
BSMO.US,D,20201009,000000,25.4445,25.4445,25.4047,25.4047,4620.2055746399,0
BSMO.US,D,20201013,000000,25.4445,25.4494,25.4147,25.4494,2866.8144881287,0
BSMO.US,D,20201014,000000,25.4345,25.4435,25.4037,25.4047,3515.8099303328,0
BSMO.US,D,20201015,000000,25.4544,25.4544,25.4544,25.4544,923.84049809886,0
BSMO.US,D,20201016,000000,25.4455,25.4455,25.4047,25.4047,1811.5699669561,0
BSMO.US,D,20201019,000000,25.4057,25.4057,25.3947,25.3947,617.89983369044,0
BSMO.US,D,20201020,000000,25.4147,25.4445,25.3897,25.3897,3298.1406707373,0
BSMO.US,D,20201022,000000,25.3858,25.4246,25.3858,25.3897,5930.2334687953,0
BSMO.US,D,20201023,000000,25.4246,25.4246,25.4147,25.4147,5520.9751373899,0
BSMO.US,D,20201026,000000,25.4275,25.4445,25.4197,25.4345,1622.990147583,0
BSMO.US,D,20201027,000000,25.4246,25.4345,25.4246,25.4345,4959.2480158532,0
BSMO.US,D,20201028,000000,25.4147,25.4246,25.4147,25.4246,1009.102650475,0
BSMO.US,D,20201029,000000,25.4047,25.4445,25.4047,25.4246,8655.6130923942,0
BSMO.US,D,20201030,000000,25.4246,25.4246,25.4097,25.4246,1826.6162291401,0
BSMO.US,D,20201102,000000,25.4246,25.4246,25.3947,25.4246,7891.262973446,0
BSMO.US,D,20201103,000000,25.4345,25.4345,25.3947,25.4345,2121.5229679469,0
BSMO.US,D,20201104,000000,25.4694,25.5044,25.4694,25.5044,278.85739247718,0
BSMO.US,D,20201105,000000,25.5044,25.5044,25.3947,25.3947,2363.2662470369,0
BSMO.US,D,20201106,000000,25.4445,25.4445,25.4445,25.4445,626.92759100086,0
BSMO.US,D,20201110,000000,25.4624,25.4744,25.4544,25.4544,3413.4953474815,0
BSMO.US,D,20201111,000000,25.4345,25.4934,25.4315,25.4564,2817.6633649942,0
BSMO.US,D,20201112,000000,25.4844,25.4844,25.4494,25.4494,1948.9924949034,0
BSMO.US,D,20201113,000000,25.5044,25.5044,25.4944,25.4944,1373.2221953283,0
BSMO.US,D,20201116,000000,25.5044,25.5044,25.4544,25.4544,603.85665565203,0
BSMO.US,D,20201117,000000,25.5044,25.5143,25.4644,25.4644,4218.9719163993,0
BSMO.US,D,20201118,000000,25.5133,25.5243,25.4744,25.4744,5390.5741984618,0
BSMO.US,D,20201119,000000,25.5373,25.5443,25.4944,25.4944,3812.7228374309,0
BSMO.US,D,20201120,000000,25.4544,25.5542,25.4544,25.4744,4315.2679943771,0
BSMO.US,D,20201123,000000,25.5403,25.5403,25.5243,25.5243,399.22748994935,0
BSMO.US,D,20201124,000000,25.4724,25.4724,25.4724,25.4724,403.23982653175,0
BSMO.US,D,20201125,000000,25.5642,25.5642,25.4844,25.4844,11758.152354739,0
BSMO.US,D,20201127,000000,25.5542,25.5542,25.5044,25.5044,393.20898507574,0
BSMO.US,D,20201130,000000,25.5423,25.5443,25.4544,25.4944,4527.9218332446,0
BSMO.US,D,20201201,000000,25.5054,25.5343,25.4894,25.4894,1776.46202186,0
BSMO.US,D,20201202,000000,25.5542,25.5542,25.5123,25.5343,3309.1745963389,0
BSMO.US,D,20201203,000000,25.5443,25.5443,25.5093,25.5093,605.86282394323,0
BSMO.US,D,20201204,000000,25.5423,25.5642,25.5143,25.5143,5240.1115766216,0
BSMO.US,D,20201207,000000,25.5493,25.5702,25.5243,25.5243,3421.5200206462,0
BSMO.US,D,20201208,000000,25.5702,25.589,25.5642,25.5741,5082.6273657621,0
BSMO.US,D,20201209,000000,25.5542,25.5741,25.5542,25.5542,1642.0487463494,0
BSMO.US,D,20201210,000000,25.5542,25.6629,25.5542,25.5542,11454.217858623,0
BSMO.US,D,20201211,000000,25.594,25.604,25.4744,25.5542,65890.591356263,0
BSMO.US,D,20201214,000000,25.603,25.604,25.584,25.604,3961.1792909798,0
BSMO.US,D,20201215,000000,25.594,25.604,25.5493,25.604,1832.6347340137,0
BSMO.US,D,20201216,000000,25.594,25.604,25.594,25.604,9908.4651902503,0
BSMO.US,D,20201217,000000,25.594,25.604,25.5493,25.5493,11414.094492798,0
BSMO.US,D,20201218,000000,25.604,25.614,25.5692,25.5692,2971.1352392712,0
BSMO.US,D,20201221,000000,25.577,25.604,25.5333,25.5542,2600.9971895444,0
BSMO.US,D,20201222,000000,25.5612,25.614,25.5612,25.594,2603.0033578355,0
BSMO.US,D,20201223,000000,25.604,25.614,25.5383,25.604,12710.079208915,0
BSMO.US,D,20201224,000000,25.604,25.604,25.5493,25.5642,2939.036546612,0
BSMO.US,D,20201228,000000,25.5692,25.604,25.5692,25.604,2189.7326898478,0
BSMO.US,D,20201229,000000,25.604,25.614,25.5741,25.604,8742.8814130615,0
BSMO.US,D,20201230,000000,25.5692,25.5692,25.5692,25.5692,452.39094966622,0
BSMO.US,D,20201231,000000,25.604,25.614,25.5612,25.5692,6510.0161049529,0
BSMO.US,D,20210104,000000,25.624,25.624,25.5343,25.5562,9006.6925433547,0
BSMO.US,D,20210105,000000,25.58,25.624,25.578,25.579,1797.5267889177,0
BSMO.US,D,20210106,000000,25.624,25.624,25.578,25.614,5327.3798972889,0
BSMO.US,D,20210107,000000,25.5741,25.614,25.5741,25.614,8739.8721606247,0
BSMO.US,D,20210108,000000,25.6339,25.6339,25.594,25.604,7997.5898928797,0
BSMO.US,D,20210111,000000,25.6339,25.6339,25.584,25.609,2191.738858139,0
BSMO.US,D,20210112,000000,25.604,25.604,25.604,25.604,162.49963158742,0
BSMO.US,D,20210113,000000,25.584,25.624,25.584,25.609,1915.8907180986,0
BSMO.US,D,20210114,000000,25.624,25.624,25.598,25.598,5178.9234437399,0
BSMO.US,D,20210115,000000,25.585,25.62,25.585,25.62,848.60918717876,0
BSMO.US,D,20210119,000000,25.617,25.6409,25.594,25.594,2581.938590778,0
BSMO.US,D,20210120,000000,25.606,25.609,25.594,25.606,1596.9099597974,0
BSMO.US,D,20210121,000000,25.5711,25.6409,25.5711,25.6409,6728.688448694,0
BSMO.US,D,20210122,000000,25.616,25.6509,25.578,25.611,5377.5341045689,0
BSMO.US,D,20210125,000000,25.6609,25.6609,25.616,25.6509,8661.6315972678,0
BSMO.US,D,20210126,000000,25.6709,25.6808,25.621,25.6509,14424.350013748,0
BSMO.US,D,20210127,000000,25.621,25.6908,25.621,25.6908,3146.6749647515,0
BSMO.US,D,20210128,000000,25.6709,25.7007,25.6609,25.6609,4497.8293088766,0
BSMO.US,D,20210129,000000,25.6908,25.7007,25.621,25.7007,2341.1983958336,0
BSMO.US,D,20210201,000000,25.6609,25.7107,25.6319,25.6659,6074.6775857619,0
BSMO.US,D,20210202,000000,25.7107,25.7107,25.6609,25.6659,1097.3740552879,0
BSMO.US,D,20210203,000000,25.6579,25.7007,25.6449,25.7007,4088.5709774712,0
BSMO.US,D,20210204,000000,25.6409,25.7057,25.6319,25.6569,4380.4684638412,0
BSMO.US,D,20210205,000000,25.7107,25.7107,25.6808,25.6808,197.60757668347,0
BSMO.US,D,20210208,000000,25.7207,25.7306,25.6409,25.6808,22518.235984605,0
BSMO.US,D,20210209,000000,25.6987,25.6987,25.6858,25.6908,2600.9971895444,0
BSMO.US,D,20210210,000000,25.7306,25.7356,25.6429,25.6957,17418.556188368,0
BSMO.US,D,20210211,000000,25.7077,25.7406,25.6778,25.7007,70163.729816525,0
BSMO.US,D,20210212,000000,25.6878,25.7506,25.6509,25.6509,8434.934580362,0
BSMO.US,D,20210216,000000,25.7705,25.7705,25.6967,25.7007,2873.8360771479,0
BSMO.US,D,20210217,000000,25.7396,25.7396,25.6709,25.7207,4096.595650636,0
BSMO.US,D,20210218,000000,25.631,25.7306,25.631,25.7207,11764.170859613,0
BSMO.US,D,20210219,000000,25.7506,25.7506,25.6529,25.6699,3337.2609524158,0
BSMO.US,D,20210222,000000,25.624,25.624,25.616,25.616,930.86208711807,0
BSMO.US,D,20210223,000000,25.581,25.61,25.5513,25.5513,6756.7748047708,0
BSMO.US,D,20210224,000000,25.5582,25.581,25.5303,25.581,5285.2503631737,0
BSMO.US,D,20210225,000000,25.4644,25.5513,25.4644,25.5034,2592.9725163795,0
BSMO.US,D,20210226,000000,25.5064,25.5413,25.5064,25.5064,1027.1581650958,0
BSMO.US,D,20210301,000000,25.4984,25.5163,25.4914,25.5163,3980.2378897462,0
BSMO.US,D,20210302,000000,25.4814,25.58,25.4814,25.5213,10374.899317956,0
BSMO.US,D,20210303,000000,25.5513,25.5711,25.5213,25.5373,3985.2533104742,0
BSMO.US,D,20210304,000000,25.5103,25.601,25.5103,25.5503,1630.0117366022,0
BSMO.US,D,20210305,000000,25.601,25.601,25.5612,25.6,3782.6303130627,0
BSMO.US,D,20210308,000000,25.621,25.621,25.5652,25.621,4629.2333319503,0
BSMO.US,D,20210309,000000,25.631,25.6409,25.5731,25.596,5537.0244837196,0
BSMO.US,D,20210310,000000,25.6379,25.6509,25.586,25.606,5960.3259931634,0
BSMO.US,D,20210311,000000,25.615,25.616,25.598,25.616,3526.8438559344,0
BSMO.US,D,20210312,000000,25.6509,25.6509,25.606,25.611,9499.2068588449,0
BSMO.US,D,20210315,000000,25.6319,25.6319,25.621,25.621,392.20590093013,0
BSMO.US,D,20210316,000000,25.6609,25.6609,25.626,25.626,689.11880802814,0
BSMO.US,D,20210317,000000,25.603,25.6609,25.602,25.616,2789.5770089174,0
BSMO.US,D,20210318,000000,25.5682,25.601,25.5682,25.576,2725.379623599,0
BSMO.US,D,20210319,000000,25.5682,25.581,25.5672,25.5711,14299.967579693,0
BSMO.US,D,20210322,000000,25.581,25.581,25.5711,25.5711,977.00395781573,0
BSMO.US,D,20210323,000000,25.59,25.591,25.576,25.581,4574.0637039422,0
BSMO.US,D,20210324,000000,25.611,25.611,25.578,25.586,2704.3148565413,0
BSMO.US,D,20210325,000000,25.612,25.612,25.596,25.596,5222.0560620007,0
BSMO.US,D,20210326,000000,25.606,25.611,25.583,25.586,21037.683785698,0
BSMO.US,D,20210329,000000,25.621,25.621,25.606,25.611,4713.4924001808,0
BSMO.US,D,20210330,000000,25.581,25.611,25.581,25.591,5549.0614934668,0
BSMO.US,D,20210331,000000,25.631,25.631,25.58,25.595,2325.149049504,0
BSMO.US,D,20210401,000000,25.601,25.6409,25.601,25.601,2610.0249468547,0
BSMO.US,D,20210405,000000,25.6409,25.6409,25.6,25.601,6181.0045051957,0
BSMO.US,D,20210406,000000,25.6349,25.6349,25.601,25.601,2042.2793204444,0
BSMO.US,D,20210407,000000,25.5612,25.6509,25.5612,25.601,9936.5515463272,0
BSMO.US,D,20210408,000000,25.622,25.6389,25.621,25.621,1096.3709711423,0
BSMO.US,D,20210409,000000,25.6609,25.6609,25.621,25.621,2797.6016820822,0
BSMO.US,D,20210412,000000,25.6709,25.6709,25.621,25.621,548.68702764394,0
BSMO.US,D,20210413,000000,25.631,25.6808,25.631,25.6409,6907.2374266111,0
BSMO.US,D,20210414,000000,25.6868,25.7107,25.6609,25.6609,3150.6873013339,0
BSMO.US,D,20210415,000000,25.7227,25.7506,25.6967,25.7057,5061.5625987045,0
BSMO.US,D,20210416,000000,25.7406,25.7406,25.6908,25.6908,964.96694806851,0
BSMO.US,D,20210419,000000,25.7306,25.7306,25.6699,25.6908,1272.9137807682,0
BSMO.US,D,20210420,000000,25.7406,25.7406,25.6908,25.6908,1811.5699669561,0
BSMO.US,D,20210421,000000,25.7366,25.7366,25.6709,25.6908,4008.3242458231,0
BSMO.US,D,20210422,000000,25.7287,25.7306,25.6908,25.7007,3384.405907259,0
BSMO.US,D,20210423,000000,25.7007,25.7007,25.7007,25.7007,241.74327908993,0
BSMO.US,D,20210426,000000,25.7306,25.7306,25.6957,25.6957,278.85739247718,0
BSMO.US,D,20210427,000000,25.7007,25.7496,25.6947,25.7007,2422.4482116273,0
BSMO.US,D,20210428,000000,25.631,25.7406,25.631,25.6858,6612.3306878042,0
BSMO.US,D,20210429,000000,25.7107,25.7107,25.6619,25.7107,5031.4700743365,0
BSMO.US,D,20210430,000000,25.6957,25.7007,25.6957,25.6957,1993.1281973099,0
BSMO.US,D,20210503,000000,25.7107,25.7107,25.6908,25.6908,24790.221574392,0
BSMO.US,D,20210504,000000,25.6808,25.7007,25.6499,25.6997,6497.9790952057,0
BSMO.US,D,20210505,000000,25.6768,25.6808,25.6559,25.6609,1409.33322457,0
BSMO.US,D,20210506,000000,25.6599,25.6659,25.6599,25.6659,4424.6041662476,0
BSMO.US,D,20210507,000000,25.7007,25.7207,25.6759,25.6759,2099.4551167437,0
BSMO.US,D,20210510,000000,25.7207,25.7207,25.7007,25.7007,1306.015557573,0
BSMO.US,D,20210511,000000,25.6808,25.6908,25.6808,25.6908,4960.2510999988,0
BSMO.US,D,20210512,000000,25.6908,25.6908,25.6509,25.6559,2922.9872002824,0
BSMO.US,D,20210513,000000,25.6549,25.6559,25.6549,25.6559,5115.729142567,0
BSMO.US,D,20210514,000000,25.6559,25.6808,25.6559,25.6609,1290.9692953889,0
BSMO.US,D,20210517,000000,25.621,25.6908,25.621,25.6609,4544.9742637198,0
BSMO.US,D,20210518,000000,25.6459,25.6559,25.6459,25.6559,4522.9064125166,0
BSMO.US,D,20210519,000000,25.6759,25.6759,25.6459,25.6459,1083.3308772495,0
BSMO.US,D,20210520,000000,25.6709,25.6709,25.6459,25.6459,1302.0032209906,0
BSMO.US,D,20210521,000000,25.6509,25.6509,25.6409,25.6509,418.28608871577,0
BSMO.US,D,20210525,000000,25.6808,25.6808,25.6509,25.6509,2578.9293383411,0
BSMO.US,D,20210526,000000,25.6908,25.7007,25.622,25.6609,2192.7419422846,0
BSMO.US,D,20210527,000000,25.7107,25.7107,25.6409,25.6509,1969.0541778155,0
BSMO.US,D,20210528,000000,25.6808,25.6908,25.6509,25.6559,14069.258226205,0
BSMO.US,D,20210601,000000,25.6908,25.6908,25.6559,25.6559,8009.6269026269,0
BSMO.US,D,20210602,000000,25.6439,25.7007,25.6439,25.6609,2029.2392265516,0
BSMO.US,D,20210603,000000,25.7007,25.7107,25.6659,25.6659,1683.1751963191,0
BSMO.US,D,20210604,000000,25.6908,25.7007,25.6908,25.7007,2801.6140186646,0
BSMO.US,D,20210607,000000,25.7107,25.7107,25.6759,25.6759,641.97385318488,0
BSMO.US,D,20210608,000000,25.7207,25.7306,25.6858,25.6908,9753.9902318278,0
BSMO.US,D,20210609,000000,25.6509,25.7406,25.6509,25.7007,12169.416854436,0
BSMO.US,D,20210610,000000,25.7007,25.7117,25.7007,25.7117,316.97459001003,0
BSMO.US,D,20210611,000000,25.7805,25.7805,25.7157,25.7157,8929.4550641434,0
BSMO.US,D,20210614,000000,25.7506,25.7506,25.6808,25.7157,3963.185459271,0
BSMO.US,D,20210615,000000,25.7506,25.7595,25.7157,25.7157,3668.2787204642,0
BSMO.US,D,20210616,000000,25.6709,25.7257,25.6709,25.6808,3456.6279657423,0
BSMO.US,D,20210617,000000,25.6908,25.7207,25.6858,25.6858,4738.5695038209,0
BSMO.US,D,20210618,000000,25.6908,25.7197,25.6509,25.6858,8550.2892571061,0
BSMO.US,D,20210621,000000,25.7007,25.7007,25.611,25.6509,7481.001557895,0
BSMO.US,D,20210622,000000,25.6509,25.6898,25.621,25.6509,8547.2800046693,0
BSMO.US,D,20210624,000000,25.6808,25.6908,25.6808,25.6858,3681.318814357,0
BSMO.US,D,20210625,000000,25.6908,25.6908,25.631,25.6609,2739.4228016373,0
BSMO.US,D,20210628,000000,25.7007,25.7007,25.6659,25.6659,6415.7261952664,0
BSMO.US,D,20210629,000000,25.6659,25.7007,25.6659,25.6659,12025.975821615,0
BSMO.US,D,20210630,000000,25.6997,25.7007,25.631,25.6659,1993.1281973099,0
BSMO.US,D,20210701,000000,25.6509,25.7007,25.6319,25.6659,41662.096903407,0
BSMO.US,D,20210702,000000,25.7007,25.7207,25.6808,25.6808,7630.4610955897,0
BSMO.US,D,20210706,000000,25.7007,25.7207,25.7007,25.7107,10665.793720179,0
BSMO.US,D,20210707,000000,25.7107,25.7406,25.7107,25.7107,16471.64475492,0
BSMO.US,D,20210708,000000,25.7077,25.7705,25.7057,25.7157,15545.79808853,0
BSMO.US,D,20210709,000000,25.7406,25.7406,25.7306,25.7306,8140.0278415551,0
BSMO.US,D,20210712,000000,25.7107,25.7406,25.7107,25.7257,7427.8380981781,0
BSMO.US,D,20210713,000000,25.7306,25.7506,25.7257,25.7257,1024.148912659,0
BSMO.US,D,20210714,000000,25.7107,25.7257,25.7107,25.7257,2046.2916570268,0
BSMO.US,D,20210715,000000,25.7007,25.7605,25.7007,25.7157,1885.7981937306,0
BSMO.US,D,20210716,000000,25.7595,25.7605,25.7207,25.7207,1423.3764026083,0
BSMO.US,D,20210719,000000,25.7905,25.7905,25.7406,25.7406,8264.4102756097,0
BSMO.US,D,20210720,000000,25.7496,25.7805,25.7107,25.7605,11526.439917105,0
BSMO.US,D,20210721,000000,25.7745,25.7805,25.7555,25.7555,5552.0707459036,0
BSMO.US,D,20210722,000000,25.7805,25.7805,25.7406,25.7555,14360.152628429,0
BSMO.US,D,20210723,000000,25.7705,25.8203,25.7486,25.7805,30218.912970387,0
BSMO.US,D,20210726,000000,25.7905,25.8104,25.7705,25.7705,2525.7658786242,0
BSMO.US,D,20210727,000000,25.7486,25.7905,25.7486,25.7605,8264.4102756097,0
BSMO.US,D,20210728,000000,25.7506,25.7805,25.7456,25.7605,1381.2468684931,0
BSMO.US,D,20210729,000000,25.7207,25.8005,25.7207,25.7605,4017.3520031335,0
BSMO.US,D,20210730,000000,25.7207,25.7575,25.7207,25.7306,1668.1289341351,0
BSMO.US,D,20210802,000000,25.8005,25.8005,25.7207,25.7655,7007.5458411711,0
BSMO.US,D,20210803,000000,25.7655,25.8104,25.7406,25.7705,25893.614134554,0
BSMO.US,D,20210804,000000,25.7755,25.8094,25.7755,25.7755,2395.364939696,0
BSMO.US,D,20210805,000000,25.8163,25.8193,25.7406,25.7805,14113.393928611,0
BSMO.US,D,20210806,000000,25.7825,25.8005,25.7705,25.7705,2529.7782152067,0
BSMO.US,D,20210809,000000,25.7795,25.7795,25.7655,25.7655,786.41797015147,0
BSMO.US,D,20210810,000000,25.8203,25.8203,25.7655,25.7655,7228.2243532035,0
BSMO.US,D,20210811,000000,25.7625,25.7625,25.7605,25.7605,374.15038630931,0
BSMO.US,D,20210812,000000,25.7555,25.7555,25.7555,25.7555,177.54589377144,0
BSMO.US,D,20210813,000000,25.7835,25.7835,25.7555,25.7555,513.5790825479,0
BSMO.US,D,20210816,000000,25.7945,25.8005,25.7655,25.7655,3847.8307825268,0
BSMO.US,D,20210817,000000,25.7506,25.7605,25.7007,25.7406,9826.212290311,0
BSMO.US,D,20210818,000000,25.7785,25.7785,25.7555,25.7555,340.04552535886,0
BSMO.US,D,20210819,000000,25.8104,25.8104,25.7207,25.7506,16699.344855972,0
BSMO.US,D,20210820,000000,25.7855,25.7955,25.7207,25.7605,2354.2384897264,0
BSMO.US,D,20210823,000000,25.7506,25.7905,25.7177,25.7506,3373.3719816574,0
BSMO.US,D,20210824,000000,25.7007,25.7755,25.7007,25.7207,1515.6601440036,0
BSMO.US,D,20210825,000000,25.7705,25.7805,25.7446,25.7456,2575.9200859043,0
BSMO.US,D,20210826,000000,25.7805,25.7805,25.7217,25.7306,5190.9604534871,0
BSMO.US,D,20210830,000000,25.7705,25.7705,25.7506,25.7506,579.78263615759,0
BSMO.US,D,20210831,000000,25.7705,25.7755,25.7605,25.7605,2922.9872002824,0
BSMO.US,D,20210901,000000,25.7685,25.7705,25.7506,25.7605,8529.2244900485,0
BSMO.US,D,20210902,000000,25.7585,25.7705,25.7506,25.7705,1399.302383114,0
BSMO.US,D,20210903,000000,25.7585,25.7605,25.7585,25.7605,746.29460432742,0
BSMO.US,D,20210907,000000,25.7506,25.7506,25.7107,25.7107,5229.0776510199,0
BSMO.US,D,20210908,000000,25.6908,25.7406,25.6908,25.7157,796.44881160749,0
BSMO.US,D,20210909,000000,25.7306,25.7306,25.7257,25.7257,224.69084861471,0
BSMO.US,D,20210910,000000,25.7705,25.7705,25.7306,25.7306,4428.6165028301,0
BSMO.US,D,20210914,000000,25.7605,25.7705,25.6987,25.7406,2896.9070124967,0
BSMO.US,D,20210915,000000,25.7685,25.7685,25.7147,25.7306,4691.4245489776,0
BSMO.US,D,20210916,000000,25.7257,25.7605,25.7257,25.7257,875.69245910999,0
BSMO.US,D,20210917,000000,25.7526,25.7526,25.7257,25.7257,416.27992042457,0
BSMO.US,D,20210920,000000,25.7536,25.7605,25.6908,25.7207,4486.7953832749,0
BSMO.US,D,20210922,000000,25.7257,25.7456,25.7257,25.7456,1091.3555504143,0
BSMO.US,D,20210923,000000,25.6908,25.7207,25.6709,25.7207,2946.0581356312,0
BSMO.US,D,20210924,000000,25.7157,25.7306,25.7007,25.7306,2280.0102629519,0
BSMO.US,D,20210927,000000,25.7107,25.7107,25.6609,25.6858,5243.1208290584,0
BSMO.US,D,20210928,000000,25.7007,25.7107,25.6619,25.6808,1711.2615523959,0
BSMO.US,D,20210929,000000,25.6739,25.7007,25.6739,25.6808,411.26449969657,0
BSMO.US,D,20210930,000000,25.621,25.6908,25.621,25.6609,4544.9742637198,0
BSMO.US,D,20211001,000000,25.6997,25.6997,25.6509,25.6659,1883.7920254393,0
BSMO.US,D,20211004,000000,25.6509,25.6509,25.621,25.6509,1120.4449906367,0
BSMO.US,D,20211006,000000,25.7007,25.7007,25.621,25.6509,4504.8508978957,0
BSMO.US,D,20211007,000000,25.6509,25.6898,25.6509,25.6709,5487.8733605851,0
BSMO.US,D,20211008,000000,25.601,25.6908,25.601,25.6759,799.45806404429,0
BSMO.US,D,20211011,000000,25.6709,25.6709,25.6659,25.6659,14672.11179771,0
BSMO.US,D,20211012,000000,25.622,25.6709,25.611,25.6509,5538.0275678651,0
BSMO.US,D,20211013,000000,25.621,25.6559,25.621,25.6559,387.19048020213,0
BSMO.US,D,20211014,000000,25.6908,25.6908,25.611,25.6559,1004.0872297469,0
BSMO.US,D,20211015,000000,25.6759,25.7007,25.6509,25.6759,11123.200090573,0
BSMO.US,D,20211018,000000,25.6838,25.6908,25.6609,25.6609,906.78806762364,0
BSMO.US,D,20211019,000000,25.6997,25.7007,25.631,25.6659,2289.0380202624,0
BSMO.US,D,20211020,000000,25.6749,25.6749,25.621,25.6609,4841.8871708178,0
BSMO.US,D,20211021,000000,25.7107,25.7107,25.621,25.6459,2032.2484789884,0
BSMO.US,D,20211022,000000,25.6808,25.6808,25.611,25.6359,1154.5498515871,0
BSMO.US,D,20211025,000000,25.6699,25.6699,25.6359,25.6359,3083.4806635786,0
BSMO.US,D,20211026,000000,25.6509,25.6609,25.6349,25.6559,7802.9915686331,0
BSMO.US,D,20211027,000000,25.6559,25.6579,25.6559,25.6559,971.98853708773,0
BSMO.US,D,20211028,000000,25.6569,25.6569,25.611,25.6409,21894.317646041,0
BSMO.US,D,20211029,000000,25.6409,25.6808,25.611,25.6409,4278.1538809898,0
BSMO.US,D,20211101,000000,25.581,25.6609,25.581,25.626,2683.2500894837,0
BSMO.US,D,20211102,000000,25.631,25.6699,25.601,25.6359,1479.549114762,0
BSMO.US,D,20211103,000000,25.592,25.6609,25.591,25.631,2775.533830879,0
BSMO.US,D,20211104,000000,25.6709,25.6709,25.6409,25.6409,3103.5423464907,0
BSMO.US,D,20211105,000000,25.6699,25.6709,25.611,25.6409,2270.9825056415,0
BSMO.US,D,20211108,000000,25.6709,25.6808,25.6409,25.6409,2993.2030904745,0
BSMO.US,D,20211109,000000,25.6509,25.6609,25.6509,25.6609,908.79423591484,0
BSMO.US,D,20211110,000000,25.6509,25.6808,25.611,25.6459,4067.5062104136,0
BSMO.US,D,20211111,000000,25.6539,25.7007,25.6409,25.6409,12599.739952899,0
BSMO.US,D,20211112,000000,25.6459,25.6798,25.6459,25.6459,1435.4134123556,0
BSMO.US,D,20211115,000000,25.6709,25.6709,25.6359,25.6359,3399.4521694431,0
BSMO.US,D,20211116,000000,25.601,25.6509,25.601,25.626,3968.200879999,0
BSMO.US,D,20211117,000000,25.6709,25.6709,25.612,25.631,2275.9979263695,0
BSMO.US,D,20211119,000000,25.6709,25.6709,25.581,25.621,6899.2127534462,0
BSMO.US,D,20211122,000000,25.6709,25.6709,25.581,25.616,1941.9709058842,0
BSMO.US,D,20211123,000000,25.6329,25.6329,25.606,25.606,376.15655460052,0
BSMO.US,D,20211124,000000,25.5711,25.601,25.5711,25.601,747.29768847302,0
BSMO.US,D,20211126,000000,25.611,25.6359,25.611,25.6359,133.41019136499,0
BSMO.US,D,20211129,000000,25.6449,25.6449,25.608,25.608,1509.64163913,0
BSMO.US,D,20211130,000000,25.621,25.6609,25.591,25.6609,7494.0416517879,0
BSMO.US,D,20211201,000000,25.581,25.6709,25.581,25.6409,2532.7874676435,0
BSMO.US,D,20211202,000000,25.581,25.6709,25.581,25.6359,5531.0059788459,0
BSMO.US,D,20211203,000000,25.601,25.6798,25.601,25.6459,10118.109776681,0
BSMO.US,D,20211206,000000,25.6489,25.6489,25.626,25.626,177.54589377144,0
BSMO.US,D,20211207,000000,25.7107,25.7107,25.6599,25.6609,3720.4390960355,0
BSMO.US,D,20211208,000000,25.6409,25.7007,25.6409,25.6509,51323.80339384,0
BSMO.US,D,20211209,000000,25.631,25.6609,25.631,25.6459,13367.099324283,0
BSMO.US,D,20211210,000000,25.6409,25.6509,25.6409,25.6459,2233.8683922543,0
BSMO.US,D,20211213,000000,25.6709,25.6709,25.6409,25.6559,6337.4856319095,0
BSMO.US,D,20211214,000000,25.631,25.6808,25.631,25.6559,2344.2076482704,0
BSMO.US,D,20211215,000000,25.6509,25.6609,25.591,25.626,9182.2322688349,0
BSMO.US,D,20211216,000000,25.6409,25.6808,25.6409,25.6519,2935.0242100296,0
BSMO.US,D,20211217,000000,25.6798,25.6808,25.6459,25.6709,13385.154838905,0
BSMO.US,D,20211220,000000,25.621,25.6699,25.621,25.6409,1754.3941706568,0
BSMO.US,D,20211221,000000,25.6709,25.6709,25.626,25.631,20231.204132634,0
BSMO.US,D,20211222,000000,25.6409,25.6699,25.611,25.6609,25293.769815484,0
BSMO.US,D,20211223,000000,25.6609,25.6609,25.6359,25.6359,4160.7930359544,0
BSMO.US,D,20211227,000000,25.6709,25.6808,25.601,25.6729,22068.854287376,0
BSMO.US,D,20211228,000000,25.6709,25.6709,25.6509,25.6609,24919.619429175,0
BSMO.US,D,20211229,000000,25.6709,25.6709,25.6559,25.6609,8736.8629081879,0
BSMO.US,D,20211230,000000,25.6609,25.6709,25.6409,25.6709,5430.6975642858,0
BSMO.US,D,20211231,000000,25.6519,25.6519,25.6359,25.6359,3228.9278646908,0
BSMO.US,D,20220103,000000,25.6808,25.6808,25.611,25.631,7214.1811751651,0
BSMO.US,D,20220104,000000,25.6509,25.6709,25.582,25.621,11186.394391746,0
BSMO.US,D,20220105,000000,25.581,25.6409,25.5513,25.591,22784.053283189,0
BSMO.US,D,20220106,000000,25.5513,25.601,25.5323,25.581,50955.671512404,0
BSMO.US,D,20220107,000000,25.5562,25.581,25.5562,25.5562,3333.2486158333,0
BSMO.US,D,20220110,000000,25.5721,25.581,25.5123,25.5413,8471.0456096036,0
BSMO.US,D,20220111,000000,25.5443,25.5443,25.5313,25.5313,2084.4088545597,0
BSMO.US,D,20220112,000000,25.5183,25.5463,25.5183,25.5463,1619.9808951462,0
BSMO.US,D,20220113,000000,25.5612,25.5612,25.5333,25.5393,4262.1045346602,0
BSMO.US,D,20220114,000000,25.5263,25.5263,25.5163,25.5213,6171.9767478852,0
BSMO.US,D,20220118,000000,25.5064,25.5113,25.5014,25.5064,9924.51453658,0
BSMO.US,D,20220119,000000,25.4584,25.5113,25.4415,25.4764,4337.3358455804,0
BSMO.US,D,20220120,000000,25.5014,25.5014,25.4714,25.4714,479.47422159745,0
BSMO.US,D,20220121,000000,25.4714,25.4814,25.4315,25.4465,1225.7688259248,0
BSMO.US,D,20220124,000000,25.4265,25.4514,25.4265,25.4265,27817.529525817,0
BSMO.US,D,20220125,000000,25.4614,25.4614,25.3718,25.3917,5374.5248521321,0
BSMO.US,D,20220126,000000,25.3718,25.3917,25.3518,25.3518,1780.4743584425,0
BSMO.US,D,20220127,000000,25.282,25.3418,25.2622,25.292,10310.701932637,0
BSMO.US,D,20220128,000000,25.296,25.296,25.2522,25.282,10918.570924871,0
BSMO.US,D,20220131,000000,25.3119,25.3119,25.2622,25.267,13038.087724527,0
BSMO.US,D,20220201,000000,25.2572,25.2622,25.2222,25.2622,2931.0118734472,0
BSMO.US,D,20220202,000000,25.3209,25.3219,25.2422,25.277,12165.404517853,0
BSMO.US,D,20220203,000000,25.2222,25.3518,25.2222,25.297,15299.039388712,0
BSMO.US,D,20220204,000000,25.282,25.297,25.268,25.277,6804.9228437597,0
BSMO.US,D,20220207,000000,25.3318,25.3318,25.2442,25.287,1170.5991979168,0
BSMO.US,D,20220208,000000,25.282,25.283,25.2422,25.277,1581.8636976134,0
BSMO.US,D,20220209,000000,25.2622,25.267,25.2302,25.267,805.4765689179,0
BSMO.US,D,20220210,000000,25.2522,25.276,25.1724,25.2072,8891.3378666106,0
BSMO.US,D,20220211,000000,25.2422,25.2422,25.1823,25.2023,3346.2887097261,0
BSMO.US,D,20220214,000000,25.1793,25.1823,25.1454,25.1823,3440.5786194127,0
BSMO.US,D,20220215,000000,25.1474,25.1724,25.1425,25.1724,9892.4158439207,0
BSMO.US,D,20220216,000000,25.1425,25.1793,25.1425,25.1793,32602.240900335,0
BSMO.US,D,20220217,000000,25.1514,25.1803,25.1514,25.1514,7375.6777226068,0
BSMO.US,D,20220218,000000,25.1724,25.2122,25.1524,25.1773,9681.7681733444,0
BSMO.US,D,20220222,000000,25.2122,25.2122,25.1624,25.1624,33566.204764259,0
BSMO.US,D,20220223,000000,25.1823,25.1823,25.1225,25.1544,5492.8887813131,0
BSMO.US,D,20220224,000000,25.1853,25.2023,25.1724,25.1724,6430.7724574504,0
BSMO.US,D,20220225,000000,25.1624,25.1923,25.1325,25.1823,11109.156912535,0
BSMO.US,D,20220228,000000,25.1823,25.2122,25.1524,25.1823,10475.207732516,0
BSMO.US,D,20220301,000000,25.1823,25.2023,25.1624,25.2023,6901.2189217375,0
BSMO.US,D,20220302,000000,25.1724,25.2023,25.1325,25.1923,5345.4354119097,0
BSMO.US,D,20220303,000000,25.1923,25.2023,25.1524,25.1724,4475.7614576733,0
BSMO.US,D,20220304,000000,25.1724,25.2023,25.1724,25.2023,1888.8074461674,0
BSMO.US,D,20220307,000000,25.1624,25.2013,25.1425,25.1724,9842.2616366407,0
BSMO.US,D,20220308,000000,25.1624,25.1624,25.0926,25.1325,17514.852266346,0
BSMO.US,D,20220309,000000,25.1524,25.2322,25.1425,25.1464,66885.650828699,0
BSMO.US,D,20220310,000000,25.1524,25.2023,25.1125,25.1325,107529.61732432,0
BSMO.US,D,20220311,000000,25.1225,25.1415,25.0627,25.0926,6812.9475169245,0
BSMO.US,D,20220314,000000,25.0228,25.0826,24.9829,25.0826,28546.771699669,0
BSMO.US,D,20220315,000000,25.0328,25.0328,24.9829,25.0318,2372.2940043472,0
BSMO.US,D,20220316,000000,24.9929,25.0328,24.9331,24.9629,18146.795278074,0
BSMO.US,D,20220317,000000,25.0428,25.0428,25.0029,25.0428,4350.3759394732,0
BSMO.US,D,20220318,000000,25.0328,25.0428,25.0179,25.0179,14034.150281109,0
BSMO.US,D,20220321,000000,25.0129,25.0129,24.9331,24.9629,4709.4800635984,0
BSMO.US,D,20220322,000000,24.9441,24.9829,24.9431,24.9531,8750.9060862264,0
BSMO.US,D,20220323,000000,24.9381,24.9531,24.9331,24.9331,8221.2776573488,0
BSMO.US,D,20220324,000000,24.8953,24.9829,24.8833,24.9132,31019.374118577,0
BSMO.US,D,20220325,000000,24.8733,24.8833,24.8583,24.8583,14722.266004991,0
BSMO.US,D,20220328,000000,24.8683,24.9431,24.8533,24.9431,12303.830129946,0
BSMO.US,D,20220329,000000,24.8533,24.8733,24.8134,24.8633,23914.529115282,0
BSMO.US,D,20220330,000000,24.8633,24.9132,24.8214,24.8483,15438.468084951,0
BSMO.US,D,20220331,000000,24.8633,24.8933,24.8334,24.8483,15378.283036214,0
BSMO.US,D,20220401,000000,24.8733,24.8733,24.8234,24.8334,10660.778299451,0
BSMO.US,D,20220404,000000,24.7537,24.8733,24.7537,24.8533,6703.6113450539,0
BSMO.US,D,20220405,000000,24.8933,24.8933,24.8134,24.8184,5946.282815125,0
BSMO.US,D,20220406,000000,24.7936,24.8334,24.7936,24.8034,46134.849108644,0
BSMO.US,D,20220407,000000,24.8134,24.8234,24.7237,24.8034,14614.936001412,0
BSMO.US,D,20220408,000000,24.8533,24.8533,24.7786,24.7836,15447.495842261,0
BSMO.US,D,20220411,000000,24.7717,24.7717,24.7637,24.7637,963.96386392291,0
BSMO.US,D,20220412,000000,24.7737,24.7737,24.7387,24.7387,10337.785204567,0
BSMO.US,D,20220413,000000,24.7337,24.7537,24.7287,24.7287,5935.2488895233,0
BSMO.US,D,20220414,000000,24.7437,24.7437,24.7038,24.7138,4099.6049030728,0
BSMO.US,D,20220418,000000,24.7138,24.7237,24.6639,24.6938,3762.5686301507,0
BSMO.US,D,20220419,000000,24.6041,24.6738,24.6041,24.6141,10001.752015791,0
BSMO.US,D,20220420,000000,24.6441,24.6739,24.6041,24.6539,30121.613808264,0
BSMO.US,D,20220421,000000,24.6838,24.7038,24.6341,24.6441,10934.620271201,0
BSMO.US,D,20220422,000000,24.6639,24.6938,24.6281,24.649,31514.897686505,0
BSMO.US,D,20220425,000000,24.7337,24.7337,24.6104,24.6141,18033.446769622,0
BSMO.US,D,20220426,000000,24.6739,24.6838,24.6241,24.6539,18582.133797265,0
BSMO.US,D,20220427,000000,24.6141,24.6739,24.6047,24.6356,48955.521726075,0
BSMO.US,D,20220428,000000,24.6539,24.6739,24.5842,24.6341,54539.691164637,0
BSMO.US,D,20220429,000000,24.6639,24.6639,24.5443,24.6041,22181.199711684,0
BSMO.US,D,20220502,000000,24.624,24.6241,24.5642,24.5941,28094.380750004,0
BSMO.US,D,20220503,000000,24.6241,24.6241,24.5842,24.6065,10988.786815063,0
BSMO.US,D,20220504,000000,24.6241,24.6241,24.6091,24.6091,5869.0453359136,0
BSMO.US,D,20220505,000000,24.5921,24.6241,24.5443,24.5941,20854.119387052,0
BSMO.US,D,20220506,000000,24.5343,24.6041,24.5343,24.5742,7569.272962708,0
BSMO.US,D,20220509,000000,24.6011,24.6041,24.5443,24.5692,18188.92481219,0
BSMO.US,D,20220510,000000,24.6241,24.6241,24.5642,24.5993,32463.815288243,0
BSMO.US,D,20220511,000000,24.6041,24.6441,24.5519,24.5742,35250.383044723,0
BSMO.US,D,20220512,000000,24.6041,24.6241,24.5692,24.5692,38595.668670304,0
BSMO.US,D,20220513,000000,24.5642,24.6441,24.5642,24.5842,45726.593861384,0
BSMO.US,D,20220516,000000,24.5842,24.6141,24.5642,24.5892,40442.346582357,0
BSMO.US,D,20220517,000000,24.5842,24.5842,24.5044,24.5294,42537.789362517,0
BSMO.US,D,20220518,000000,24.5941,24.5941,24.4745,24.5364,55188.686606842,0
BSMO.US,D,20220519,000000,24.5493,24.5742,24.5144,24.5443,17636.225447962,0
BSMO.US,D,20220520,000000,24.5542,24.6294,24.5542,24.6091,27262.8239933,0
BSMO.US,D,20220523,000000,24.5955,24.6241,24.5343,24.5842,39465.342624541,0
BSMO.US,D,20220524,000000,24.5941,24.6838,24.5941,24.6639,12261.700595831,0
BSMO.US,D,20220525,000000,24.7637,24.7637,24.7337,24.7387,28441.447864381,0
BSMO.US,D,20220526,000000,24.7337,24.8533,24.7337,24.8034,52736.145870847,0
BSMO.US,D,20220527,000000,24.7836,24.8533,24.7836,24.8184,27659.042230812,0
BSMO.US,D,20220531,000000,24.8423,24.8733,24.8423,24.8533,13581.759331443,0
BSMO.US,D,20220601,000000,24.8632,24.8633,24.8481,24.8533,16386.382602544,0
BSMO.US,D,20220602,000000,24.8683,24.9132,24.8533,24.8933,34821.063030406,0
BSMO.US,D,20220603,000000,24.8533,24.9132,24.8533,24.8834,42078.376823832,0
BSMO.US,D,20220606,000000,24.8992,24.9232,24.8533,24.8881,85430.670512578,0
BSMO.US,D,20220607,000000,24.9629,24.9629,24.8633,24.8833,29915.981558415,0
BSMO.US,D,20220608,000000,24.8733,24.9331,24.8733,24.9032,52585.683249006,0
BSMO.US,D,20220609,000000,24.8933,24.9531,24.8833,24.8833,249200.20662833,0
BSMO.US,D,20220610,000000,24.8433,24.9032,24.8433,24.8633,63615.596514039,0
BSMO.US,D,20220613,000000,24.848,24.848,24.6656,24.7237,45736.62470284,0
BSMO.US,D,20220614,000000,24.7537,24.7537,24.6241,24.7138,107010.0197369,0
BSMO.US,D,20220615,000000,24.7138,24.7437,24.6939,24.7138,5256.1609229512,0
BSMO.US,D,20220616,000000,24.7038,24.7537,24.6341,24.6804,55436.448390805,0
BSMO.US,D,20220617,000000,24.7187,24.7737,24.6938,24.7243,16592.014852392,0
BSMO.US,D,20220621,000000,24.6998,24.7597,24.6709,24.7297,41622.187098842,0
BSMO.US,D,20220622,000000,24.7718,24.7796,24.7098,24.7098,35964.4326135,0
BSMO.US,D,20220623,000000,24.7497,24.8195,24.7098,24.7302,41419.69482279,0
BSMO.US,D,20220624,000000,24.7796,24.8594,24.7597,24.7796,46142.175577652,0
BSMO.US,D,20220627,000000,24.7996,24.8494,24.7497,24.7796,36528.804650221,0
BSMO.US,D,20220628,000000,24.7796,24.8295,24.7617,24.7939,47702.970002471,0
BSMO.US,D,20220629,000000,24.7996,24.8295,24.7397,24.7647,28340.899151235,0
BSMO.US,D,20220630,000000,24.8295,24.9093,24.8245,24.8245,20361.500550364,0
BSMO.US,D,20220701,000000,24.8793,24.8993,24.827,24.8494,10726.076008709,0
BSMO.US,D,20220705,000000,24.8794,24.8894,24.8494,24.8694,41650.255335127,0
BSMO.US,D,20220706,000000,24.9492,24.9492,24.8095,24.8759,16414.906041366,0
BSMO.US,D,20220707,000000,24.9083,24.9093,24.8529,24.8788,8998.8770402039,0
BSMO.US,D,20220708,000000,24.8595,24.8993,24.8195,24.8694,12782.074316547,0
BSMO.US,D,20220711,000000,24.9291,24.9492,24.8699,24.8944,21072.228390567,0
BSMO.US,D,20220712,000000,24.9193,24.9791,24.9193,24.9432,23666.535372861,0
BSMO.US,D,20220713,000000,24.8694,24.9392,24.8694,24.9392,18253.375517999,0
BSMO.US,D,20220714,000000,24.9392,24.9691,24.9291,24.9492,19386.129339479,0
BSMO.US,D,20220715,000000,24.9243,24.9991,24.9243,24.9891,25937.055200873,0
BSMO.US,D,20220718,000000,24.9192,24.9791,24.9192,24.9592,6984.4124385476,0
BSMO.US,D,20220719,000000,24.9192,24.9891,24.9192,24.9492,7666.5270048248,0
BSMO.US,D,20220720,000000,24.9492,24.9991,24.9492,24.9691,37790.749590415,0
BSMO.US,D,20220721,000000,24.9874,25.0191,24.9791,24.9891,21258.736497309,0
BSMO.US,D,20220722,000000,25.079,25.079,24.9991,25.0191,22900.418985016,0
BSMO.US,D,20220725,000000,25.0091,25.029,24.9492,24.9804,24200.543371253,0
BSMO.US,D,20220726,000000,25.0081,25.029,24.9941,25.0091,12304.104746181,0
BSMO.US,D,20220727,000000,24.9943,25.029,24.9891,25.029,8682.1865792816,0
BSMO.US,D,20220728,000000,25.029,25.079,25.029,25.069,39167.999999565,0
BSMO.US,D,20220729,000000,25.059,25.1089,25.049,25.0606,130993.04091507,0
BSMO.US,D,20220801,000000,25.1189,25.1189,25.0683,25.0989,88600.772503107,0
BSMO.US,D,20220802,000000,24.9991,25.1089,24.9891,24.9991,37234.841243449,0
BSMO.US,D,20220803,000000,25.059,25.1588,25.029,25.069,33073.040916163,0
BSMO.US,D,20220804,000000,25.049,25.1289,24.9691,25.039,41999.626840777,0
BSMO.US,D,20220805,000000,24.9791,25.0191,24.9791,24.9991,6960.3731586788,0
BSMO.US,D,20220808,000000,25.059,25.059,24.9392,25.0296,10940.877250288,0
BSMO.US,D,20220809,000000,25.049,25.049,24.9691,24.9922,31069.767593763,0
BSMO.US,D,20220810,000000,25.059,25.0889,24.9991,25.039,23898.049099571,0
BSMO.US,D,20220811,000000,25.0191,25.0889,24.8992,25.049,45708.687397201,0
BSMO.US,D,20220812,000000,25.0091,25.0889,24.9691,25.0041,30843.397708332,0
BSMO.US,D,20220815,000000,25.029,25.059,25.0044,25.0091,19078.173485876,0
BSMO.US,D,20220816,000000,24.9891,25.029,24.9861,24.9861,18741.623567713,0
BSMO.US,D,20220817,000000,24.9492,24.9592,24.8693,24.8693,14928.392798525,0
BSMO.US,D,20220818,000000,24.9092,24.9392,24.8893,24.8992,12912.098199529,0
BSMO.US,D,20220819,000000,24.8499,24.8693,24.8493,24.8643,9253.1194761656,0
BSMO.US,D,20220822,000000,24.8194,24.8393,24.7695,24.7695,24093.368248505,0
BSMO.US,D,20220823,000000,24.8244,24.8693,24.818,24.8194,13126.448445026,0
BSMO.US,D,20220824,000000,24.8294,24.8393,24.7695,24.8393,35770.448444774,0
BSMO.US,D,20220825,000000,24.8044,24.8593,24.7994,24.8194,149838.83469555,0
BSMO.US,D,20220826,000000,24.8593,24.8593,24.7894,24.8294,9073.8265138108,0
BSMO.US,D,20220829,000000,24.8393,24.8393,24.7731,24.7994,18984.019639724,0
BSMO.US,D,20220830,000000,24.8094,24.8293,24.6996,24.8194,50695.836333316,0
BSMO.US,D,20220831,000000,24.8194,24.8397,24.7794,24.7844,22373.558101224,0
BSMO.US,D,20220901,000000,24.7595,24.8094,24.7195,24.8094,51787.620294024,0
BSMO.US,D,20220902,000000,24.7994,24.8094,24.7596,24.7796,16076.26841226,0
BSMO.US,D,20220906,000000,24.7778,24.7966,24.7395,24.7595,14525.734860722,0
BSMO.US,D,20220907,000000,24.7295,24.7794,24.7295,24.7794,23324.111292703,0
BSMO.US,D,20220908,000000,24.7395,24.7994,24.7395,24.7894,9949.2569556996,0
BSMO.US,D,20220909,000000,24.7595,24.7894,24.7495,24.7695,8597.0474630796,0
BSMO.US,D,20220912,000000,24.7994,24.8194,24.7894,24.8094,22619.96071988,0
BSMO.US,D,20220913,000000,24.6996,24.7745,24.6996,24.6996,11882.415711816,0
BSMO.US,D,20220914,000000,24.7894,24.7894,24.7096,24.7241,11202.304418861,0
BSMO.US,D,20220915,000000,24.7595,24.7595,24.6996,24.7195,4079.6661210676,0
BSMO.US,D,20220916,000000,24.7794,24.7794,24.6796,24.7195,52070.081832482,0
BSMO.US,D,20220919,000000,24.6796,24.7096,24.6297,24.7096,43419.947626359,0
BSMO.US,D,20220920,000000,24.6197,24.6696,24.5997,24.6251,45156.78559688,0
BSMO.US,D,20220921,000000,24.6596,24.6596,24.5598,24.5698,69247.148935401,0
BSMO.US,D,20220922,000000,24.5398,24.6097,24.5398,24.5551,23260.006546386,0
BSMO.US,D,20220923,000000,24.5997,24.5997,24.501,24.5058,29495.194762356,0
BSMO.US,D,20220926,000000,24.4999,24.4999,24.41,24.4799,12191.921440126,0
BSMO.US,D,20220927,000000,24.43,24.45,24.3601,24.42,22392.589197787,0
BSMO.US,D,20220928,000000,24.3921,24.46,24.3901,24.4197,20421.368248546,0
BSMO.US,D,20220929,000000,24.5199,24.5199,24.41,24.44,14661.957446646,0
BSMO.US,D,20220930,000000,24.43,24.44,24.3102,24.3358,156296.38625031,0
BSMO.US,D,20221003,000000,24.3751,24.7195,24.3751,24.41,155906.7495891,0
BSMO.US,D,20221004,000000,24.47,24.5099,24.43,24.465,20133.898526781,0
BSMO.US,D,20221005,000000,24.5398,24.5398,24.45,24.46,26900.955809848,0
BSMO.US,D,20221006,000000,24.5199,24.5398,24.41,24.47,43419.947626359,0
BSMO.US,D,20221007,000000,24.4999,24.5299,24.42,24.47,71348.582650598,0
BSMO.US,D,20221010,000000,24.4899,24.5249,24.45,24.47,21923.823240346,0
BSMO.US,D,20221011,000000,24.4799,24.5199,24.4404,24.47,60784.320784922,0
BSMO.US,D,20221012,000000,24.5498,24.5498,24.4799,24.4899,19262.474631537,0
BSMO.US,D,20221013,000000,24.4899,24.5798,24.43,24.4658,39772.98854293,0
BSMO.US,D,20221014,000000,24.4601,24.4899,24.42,24.43,27549.014729645,0
BSMO.US,D,20221017,000000,24.5199,24.5398,24.4799,24.4899,35230.566284388,0
BSMO.US,D,20221018,000000,24.5099,24.5299,24.47,24.4875,35280.648117448,0
BSMO.US,D,20221019,000000,24.5099,24.5798,24.45,24.4804,262401.76104455,0
BSMO.US,D,20221020,000000,24.5099,24.5299,24.4796,24.4796,89961.996725678,0
BSMO.US,D,20221021,000000,24.47,24.6497,24.42,24.44,93827.312601249,0
BSMO.US,D,20221024,000000,24.45,24.48,24.39,24.47,162378,0
BSMO.US,D,20221025,000000,24.43,24.43,24.38,24.39,35896,0
BSMO.US,D,20221026,000000,24.4,24.45,24.34,24.44,66374,0
BSMO.US,D,20221027,000000,24.44,24.44,24.34,24.4,38774,0
BSMO.US,D,20221028,000000,24.38,24.41,24.38,24.4,23899,0
BSMO.US,D,20221031,000000,24.44,24.44,24.406,24.42,60992,0
BSMO.US,D,20221101,000000,24.44,24.48,24.415,24.44,97768,0
BSMO.US,D,20221102,000000,24.4187,24.49,24.4187,24.49,79948,0
BSMO.US,D,20221103,000000,24.42,24.51,24.4117,24.45,42102,0
BSMO.US,D,20221104,000000,24.425,24.48,24.4,24.47,42958,0
BSMO.US,D,20221107,000000,24.449,24.47,24.415,24.46,84616,0
BSMO.US,D,20221108,000000,24.44,24.49,24.4,24.465,81459,0
BSMO.US,D,20221109,000000,24.455,24.51,24.44,24.465,33123,0
BSMO.US,D,20221110,000000,24.5501,24.65,24.5501,24.585,31083,0
BSMO.US,D,20221111,000000,24.5519,24.64,24.5519,24.6006,15323,0
BSMO.US,D,20221114,000000,24.64,24.64,24.57,24.586,38220,0
BSMO.US,D,20221115,000000,24.56,24.64,24.56,24.64,34596,0
BSMO.US,D,20221116,000000,24.69,24.71,24.625,24.6515,54569,0
BSMO.US,D,20221117,000000,24.6201,24.72,24.62,24.7046,53982,0
BSMO.US,D,20221118,000000,24.695,24.76,24.69,24.736,126285,0
BSMO.US,D,20221121,000000,24.67,24.7,24.6501,24.68,24415,0
BSMO.US,D,20221122,000000,24.64,24.74,24.64,24.71,45290,0
BSMO.US,D,20221123,000000,24.71,24.8,24.6966,24.71,162987,0
BSMO.US,D,20221125,000000,24.74,24.74,24.69,24.725,42187,0
BSMO.US,D,20221128,000000,24.68,24.75,24.65,24.7207,48803,0
BSMO.US,D,20221129,000000,24.75,24.81,24.7206,24.7557,33272,0
BSMO.US,D,20221130,000000,24.769,24.81,24.725,24.81,43673,0
BSMO.US,D,20221201,000000,24.78,24.84,24.78,24.84,52971,0
BSMO.US,D,20221202,000000,24.81,24.83,24.8,24.81,43822,0
BSMO.US,D,20221205,000000,24.84,24.85,24.78,24.84,55537,0
BSMO.US,D,20221206,000000,24.85,24.86,24.79,24.85,80535,0
BSMO.US,D,20221207,000000,24.87,24.88,24.8234,24.8454,96740,0
BSMO.US,D,20221208,000000,24.825,24.89,24.825,24.8498,53143,0
BSMO.US,D,20221209,000000,24.89,24.89,24.825,24.85,50445,0
BSMO.US,D,20221212,000000,24.81,24.87,24.79,24.83,75564,0
BSMO.US,D,20221213,000000,24.86,24.88,24.7801,24.86,54109,0
BSMO.US,D,20221214,000000,24.83,24.89,24.78,24.78,148087,0
BSMO.US,D,20221215,000000,24.83,24.84,24.79,24.83,128689,0
BSMO.US,D,20221216,000000,24.82,24.85,24.795,24.8254,77358,0
BSMO.US,D,20221219,000000,24.79,24.8,24.76,24.7858,46039,0
BSMO.US,D,20221220,000000,24.735,24.85,24.7,24.73,78873,0
BSMO.US,D,20221221,000000,24.76,24.79,24.7501,24.7591,62645,0
BSMO.US,D,20221222,000000,24.77,24.8,24.7465,24.7752,105885,0
BSMO.US,D,20221223,000000,24.78,24.83,24.7401,24.7631,77220,0
BSMO.US,D,20221227,000000,24.78,24.79,24.7328,24.78,38585,0
BSMO.US,D,20221228,000000,24.72,24.83,24.72,24.73,84202,0
BSMO.US,D,20221229,000000,24.73,24.79,24.73,24.7468,151227,0
BSMO.US,D,20221230,000000,24.69,24.78,24.69,24.75,29671,0
BSMO.US,D,20230103,000000,24.79,24.79,24.73,24.78,23699,0
BSMO.US,D,20230104,000000,24.779,24.84,24.75,24.7969,66021,0
BSMO.US,D,20230105,000000,24.82,24.85,24.79,24.8155,27539,0
BSMO.US,D,20230106,000000,24.8,24.92,24.8,24.84,43719,0
BSMO.US,D,20230109,000000,24.88,24.9,24.84,24.9,29302,0
BSMO.US,D,20230110,000000,24.89,24.959,24.82,24.82,114680,0
BSMO.US,D,20230111,000000,24.878,24.92,24.8604,24.91,37735,0
BSMO.US,D,20230112,000000,24.93,24.96,24.89,24.95,105869,0
BSMO.US,D,20230113,000000,24.915,24.93,24.9,24.915,53557,0
BSMO.US,D,20230117,000000,24.94,24.95,24.9111,24.95,59910,0
BSMO.US,D,20230118,000000,24.98,24.99,24.92,24.9551,67213,0
BSMO.US,D,20230119,000000,24.97,25,24.9375,24.97,87823,0
BSMO.US,D,20230120,000000,24.95,24.98,24.93,24.97,13909,0
BSMO.US,D,20230123,000000,24.92,24.95,24.9001,24.9246,52625,0
BSMO.US,D,20230124,000000,24.916,24.96,24.9,24.91,43837,0
BSMO.US,D,20230125,000000,24.9,24.97,24.9,24.9394,53505,0
BSMO.US,D,20230126,000000,24.95,24.95,24.9101,24.945,21799,0
BSMO.US,D,20230127,000000,24.95,24.96,24.915,24.95,41987,0
BSMO.US,D,20230130,000000,24.96,24.96,24.9001,24.96,38430,0
BSMO.US,D,20230131,000000,24.97,24.98,24.8,24.96,79832,0
BSMO.US,D,20230201,000000,24.96,24.97,24.9,24.9654,22631,0
BSMO.US,D,20230202,000000,24.9605,24.99,24.9,24.925,56918,0
BSMO.US,D,20230203,000000,24.91,24.94,24.89,24.94,54926,0
BSMO.US,D,20230206,000000,24.92,24.92,24.89,24.9032,47506,0
BSMO.US,D,20230207,000000,24.85,24.91,24.85,24.89,13593,0
BSMO.US,D,20230208,000000,24.8701,24.89,24.87,24.89,23218,0
BSMO.US,D,20230209,000000,24.87,24.88,24.86,24.87,47374,0
BSMO.US,D,20230210,000000,24.8501,24.87,24.8365,24.865,85368,0
BSMO.US,D,20230213,000000,24.86,24.87,24.84,24.84,30354,0
BSMO.US,D,20230214,000000,24.83,24.85,24.81,24.84,17304,0
BSMO.US,D,20230215,000000,24.83,24.83,24.77,24.81,44969,0
BSMO.US,D,20230216,000000,24.78,24.78,24.72,24.74,22771,0
BSMO.US,D,20230217,000000,24.69,24.73,24.69,24.72,31370,0
BSMO.US,D,20230221,000000,24.67,24.67,24.6441,24.665,22022,0
BSMO.US,D,20230222,000000,24.646,24.67,24.6201,24.66,19748,0
BSMO.US,D,20230223,000000,24.68,24.69,24.66,24.69,23185,0
BSMO.US,D,20230224,000000,24.67,24.67,24.65,24.665,78465,0
BSMO.US,D,20230227,000000,24.71,24.71,24.67,24.71,56740,0
BSMO.US,D,20230228,000000,24.6715,24.73,24.62,24.69,90752,0
BSMO.US,D,20230301,000000,24.69,24.69,24.65,24.665,36685,0
BSMO.US,D,20230302,000000,24.72,24.72,24.661,24.71,31193,0
BSMO.US,D,20230303,000000,24.71,24.76,24.69,24.72,22820,0
BSMO.US,D,20230306,000000,24.74,24.8,24.71,24.7566,75962,0
BSMO.US,D,20230307,000000,24.73,24.734,24.7,24.715,83440,0
BSMO.US,D,20230308,000000,24.7261,24.74,24.72,24.7254,16402,0
BSMO.US,D,20230309,000000,24.76,24.7769,24.745,24.76,34857,0
BSMO.US,D,20230310,000000,24.81,24.81,24.7601,24.7838,31443,0
BSMO.US,D,20230313,000000,24.89,24.96,24.8102,24.86,164380,0
BSMO.US,D,20230314,000000,24.7701,24.82,24.7701,24.8,32605,0
BSMO.US,D,20230315,000000,24.88,24.91,24.82,24.875,34582,0
BSMO.US,D,20230316,000000,24.8639,24.89,24.85,24.865,46321,0
BSMO.US,D,20230317,000000,24.8701,24.92,24.862,24.9046,24800,0
BSMO.US,D,20230320,000000,24.88,24.88,24.8,24.85,33418,0
BSMO.US,D,20230321,000000,24.85,24.85,24.81,24.82,47192,0
BSMO.US,D,20230322,000000,24.829,24.91,24.81,24.86,245375,0
BSMO.US,D,20230323,000000,24.86,24.89,24.84,24.87,34270,0
BSMO.US,D,20230324,000000,24.91,24.91,24.8201,24.855,29081,0
BSMO.US,D,20230327,000000,24.87,24.87,24.8361,24.865,26404,0
BSMO.US,D,20230328,000000,24.86,24.89,24.84,24.87,22992,0
BSMO.US,D,20230329,000000,24.89,24.89,24.8421,24.85,15280,0
BSMO.US,D,20230330,000000,24.8699,24.89,24.865,24.88,30818,0
BSMO.US,D,20230331,000000,24.89,24.91,24.86,24.8963,27421,0
BSMO.US,D,20230403,000000,24.89,24.919,24.8809,24.9,24911,0
BSMO.US,D,20230404,000000,24.88,24.92,24.88,24.9039,44751,0
BSMO.US,D,20230405,000000,24.91,24.94,24.9,24.91,45969,0
BSMO.US,D,20230406,000000,24.915,24.94,24.9029,24.92,16603,0
BSMO.US,D,20230410,000000,24.909,24.94,24.89,24.9002,43846,0
BSMO.US,D,20230411,000000,24.892,24.94,24.892,24.925,22159,0
BSMO.US,D,20230412,000000,24.9106,24.96,24.91,24.94,16809,0
BSMO.US,D,20230413,000000,24.941,24.941,24.83,24.835,15521,0
BSMO.US,D,20230414,000000,24.87,24.87,24.82,24.8506,38415,0
BSMO.US,D,20230417,000000,24.81,24.86,24.78,24.81,44943,0
BSMO.US,D,20230418,000000,24.8401,24.89,24.83,24.85,18689,0
BSMO.US,D,20230419,000000,24.8,24.85,24.8,24.83,20747,0
BSMO.US,D,20230420,000000,24.839,24.87,24.801,24.8296,20704,0
BSMO.US,D,20230421,000000,24.86,24.86,24.815,24.825,53596,0
BSMO.US,D,20230424,000000,24.775,24.81,24.77,24.79,21964,0
BSMO.US,D,20230425,000000,24.77,24.8,24.7401,24.8,20146,0
BSMO.US,D,20230426,000000,24.77,24.8,24.77,24.79,23905,0
BSMO.US,D,20230427,000000,24.73,24.79,24.73,24.79,49808,0
BSMO.US,D,20230428,000000,24.79,24.79,24.76,24.78,29093,0
BSMO.US,D,20230501,000000,24.74,24.78,24.74,24.7596,19018,0
BSMO.US,D,20230502,000000,24.7625,24.79,24.73,24.78,24620,0
BSMO.US,D,20230503,000000,24.77,24.79,24.745,24.75,22901,0
BSMO.US,D,20230504,000000,24.73,24.8,24.66,24.7156,168089,0
BSMO.US,D,20230505,000000,24.71,24.74,24.675,24.675,51149,0
BSMO.US,D,20230508,000000,24.72,24.78,24.705,24.74,10383,0
BSMO.US,D,20230509,000000,24.75,24.75,24.7,24.72,12028,0
BSMO.US,D,20230510,000000,24.76,24.76,24.72,24.74,19945,0
BSMO.US,D,20230511,000000,24.74,24.74,24.715,24.72,32655,0
BSMO.US,D,20230512,000000,24.715,24.73,24.71,24.71,3782,0
BSMO.US,D,20230515,000000,24.68,24.77,24.67,24.715,55309,0
BSMO.US,D,20230516,000000,24.74,24.74,24.68,24.695,8986,0
BSMO.US,D,20230517,000000,24.719,24.72,24.67,24.69,23440,0
BSMO.US,D,20230518,000000,24.72,24.72,24.65,24.69,21759,0
BSMO.US,D,20230519,000000,24.6899,24.6899,24.63,24.67,17215,0
BSMO.US,D,20230522,000000,24.618,24.618,24.58,24.61,7602,0
BSMO.US,D,20230523,000000,24.65,24.65,24.57,24.61,23639,0
BSMO.US,D,20230524,000000,24.609,24.63,24.56,24.56,23993,0
BSMO.US,D,20230525,000000,24.61,24.62,24.6,24.62,20401,0
BSMO.US,D,20230526,000000,24.65,24.65,24.58,24.63,9946,0
BSMO.US,D,20230530,000000,24.64,24.65,24.61,24.6242,20108,0
BSMO.US,D,20230531,000000,24.64,24.65,24.58,24.6396,17690,0
BSMO.US,D,20230601,000000,24.65,24.68,24.65,24.67,20258,0
BSMO.US,D,20230602,000000,24.65,24.68,24.64,24.655,10948,0
BSMO.US,D,20230605,000000,24.665,24.68,24.63,24.66,15783,0
BSMO.US,D,20230606,000000,24.67,24.68,24.62,24.68,38263,0
BSMO.US,D,20230607,000000,24.67,24.69,24.67,24.69,26363,0
BSMO.US,D,20230608,000000,24.709,24.71,24.68,24.685,10227,0
BSMO.US,D,20230609,000000,24.6989,24.71,24.68,24.6941,14768,0
BSMO.US,D,20230612,000000,24.68,24.71,24.68,24.68,17817,0
BSMO.US,D,20230613,000000,24.78,24.78,24.65,24.71,21995,0
BSMO.US,D,20230614,000000,24.64,24.7117,24.64,24.68,38280,0
BSMO.US,D,20230615,000000,24.78,24.78,24.7,24.74,51082,0
BSMO.US,D,20230616,000000,24.75,24.75,24.7,24.75,28495,0
BSMO.US,D,20230620,000000,24.65,24.8,24.65,24.7,40851,0
BSMO.US,D,20230621,000000,24.75,24.76,24.71,24.76,17676,0
BSMO.US,D,20230622,000000,24.76,24.76,24.69,24.74,15782,0
BSMO.US,D,20230623,000000,24.7301,24.77,24.69,24.73,35281,0
BSMO.US,D,20230626,000000,24.7691,24.78,24.7,24.7499,23381,0
BSMO.US,D,20230627,000000,24.731,24.76,24.72,24.75,11397,0
BSMO.US,D,20230628,000000,24.69,24.78,24.69,24.74,28753,0
BSMO.US,D,20230629,000000,24.755,24.789,24.7305,24.7597,43398,0
BSMO.US,D,20230630,000000,24.81,24.81,24.74,24.77,18309,0
BSMO.US,D,20230703,000000,24.84,24.84,24.7501,24.78,9052,0
BSMO.US,D,20230705,000000,24.7796,24.79,24.74,24.755,19426,0
BSMO.US,D,20230706,000000,24.72,24.86,24.7,24.8119,183033,0
BSMO.US,D,20230707,000000,24.74,24.8,24.74,24.76,69357,0
BSMO.US,D,20230710,000000,24.75,24.79,24.69,24.767,57937,0
BSMO.US,D,20230711,000000,24.76,24.79,24.76,24.76,13319,0
BSMO.US,D,20230712,000000,24.81,24.82,24.72,24.74,54513,0
BSMO.US,D,20230713,000000,24.78,24.82,24.74,24.7828,21546,0
BSMO.US,D,20230714,000000,24.8,24.82,24.78,24.785,26290,0
BSMO.US,D,20230717,000000,24.79,24.8,24.75,24.78,28085,0
BSMO.US,D,20230718,000000,24.8014,24.82,24.77,24.77,36374,0
BSMO.US,D,20230719,000000,24.83,24.86,24.8,24.86,15684,0
BSMO.US,D,20230720,000000,24.8101,24.83,24.77,24.81,31701,0
BSMO.US,D,20230721,000000,24.8595,24.86,24.81,24.86,72664,0
BSMO.US,D,20230724,000000,24.77,24.78,24.71,24.7704,59430,0
BSMO.US,D,20230725,000000,24.79,24.79,24.71,24.77,100650,0
BSMO.US,D,20230726,000000,24.76,24.83,24.7535,24.81,117050,0
BSMO.US,D,20230727,000000,24.76,24.78,24.74,24.78,22673,0
BSMO.US,D,20230728,000000,24.76,24.8,24.72,24.73,34916,0
BSMO.US,D,20230731,000000,24.75,24.78,24.74,24.74,44688,0
BSMO.US,D,20230801,000000,24.74,24.79,24.74,24.78,28642,0
BSMO.US,D,20230802,000000,24.77,24.78,24.72,24.72,53291,0
BSMO.US,D,20230803,000000,24.7341,24.77,24.7,24.7,34106,0
BSMO.US,D,20230804,000000,24.72,24.76,24.72,24.72,51964,0
BSMO.US,D,20230807,000000,24.7398,24.77,24.731,24.77,8657,0
BSMO.US,D,20230808,000000,24.73,24.76,24.73,24.76,21834,0
BSMO.US,D,20230809,000000,24.755,24.78,24.74,24.78,63079,0
BSMO.US,D,20230810,000000,24.76,24.79,24.631,24.7186,316036,0
BSMO.US,D,20230811,000000,24.72,24.72,24.58,24.655,111889,0
BSMO.US,D,20230814,000000,24.68,24.69,24.61,24.63,78760,0
BSMO.US,D,20230815,000000,24.69,24.6999,24.65,24.65,37032,0
BSMO.US,D,20230816,000000,24.7,24.7008,24.65,24.67,33198,0
BSMO.US,D,20230817,000000,24.71,24.71,24.67,24.7,14166,0
BSMO.US,D,20230818,000000,24.69,24.7,24.67,24.7,11770,0
BSMO.US,D,20230821,000000,24.63,24.68,24.59,24.62,35931,0
BSMO.US,D,20230822,000000,24.6581,24.66,24.58,24.65,28726,0
BSMO.US,D,20230823,000000,24.62,24.66,24.61,24.65,43574,0
BSMO.US,D,20230824,000000,24.64,24.66,24.62,24.63,21925,0
BSMO.US,D,20230825,000000,24.66,24.66,24.63,24.63,73449,0
BSMO.US,D,20230828,000000,24.66,24.67,24.64,24.67,25571,0
BSMO.US,D,20230829,000000,24.66,24.68,24.6201,24.68,69715,0
BSMO.US,D,20230830,000000,24.67,24.77,24.6449,24.71,213425,0
BSMO.US,D,20230831,000000,24.65,24.75,24.65,24.74,91390,0
BSMO.US,D,20230901,000000,24.68,24.72,24.6611,24.72,28891,0
BSMO.US,D,20230905,000000,24.6984,24.72,24.6909,24.72,50622,0
BSMO.US,D,20230906,000000,24.695,24.73,24.66,24.715,68685,0
BSMO.US,D,20230907,000000,24.68,24.71,24.66,24.66,42380,0
BSMO.US,D,20230908,000000,24.67,24.74,24.67,24.68,39600,0
BSMO.US,D,20230911,000000,24.77,24.79,24.685,24.74,39081,0
BSMO.US,D,20230912,000000,24.71,24.7999,24.68,24.7204,35886,0
BSMO.US,D,20230913,000000,24.7,24.83,24.685,24.7222,68639,0
BSMO.US,D,20230914,000000,24.73,24.78,24.715,24.7409,18186,0
BSMO.US,D,20230915,000000,24.7301,24.7699,24.73,24.74,23952,0
BSMO.US,D,20230918,000000,24.71,24.71,24.68,24.69,18803,0
BSMO.US,D,20230919,000000,24.65,24.68,24.65,24.67,9619,0
BSMO.US,D,20230920,000000,24.6501,24.72,24.65,24.69,53245,0
BSMO.US,D,20230921,000000,24.63,24.675,24.63,24.67,37211,0
BSMO.US,D,20230922,000000,24.72,24.72,24.67,24.6954,37762,0
BSMO.US,D,20230925,000000,24.6999,24.6999,24.64,24.67,23961,0
BSMO.US,D,20230926,000000,24.64,24.71,24.63,24.71,47905,0
BSMO.US,D,20230927,000000,24.71,24.71,24.6425,24.655,15280,0
BSMO.US,D,20230928,000000,24.64,24.64,24.62,24.63,20074,0
BSMO.US,D,20230929,000000,24.63,24.66,24.63,24.6447,33330,0
BSMO.US,D,20231002,000000,24.61,24.64,24.6,24.6104,20199,0
BSMO.US,D,20231003,000000,24.5901,24.6599,24.5901,24.6212,55070,0
BSMO.US,D,20231004,000000,24.62,24.66,24.6057,24.61,26051,0
BSMO.US,D,20231005,000000,24.635,24.71,24.6001,24.69,141491,0
BSMO.US,D,20231006,000000,24.6,24.655,24.578,24.61,79574,0
BSMO.US,D,20231009,000000,24.625,24.67,24.61,24.6547,8361,0
BSMO.US,D,20231010,000000,24.65,24.67,24.65,24.665,8175,0
BSMO.US,D,20231011,000000,24.71,24.77,24.685,24.76,65607,0
BSMO.US,D,20231012,000000,24.68,24.72,24.58,24.65,55497,0
BSMO.US,D,20231013,000000,24.7293,24.7293,24.66,24.68,20953,0
BSMO.US,D,20231016,000000,24.7,24.75,24.65,24.75,54445,0
BSMO.US,D,20231017,000000,24.642,24.7084,24.64,24.69,26670,0
BSMO.US,D,20231018,000000,24.6201,24.73,24.6201,24.65,54266,0
BSMO.US,D,20231019,000000,24.71,24.72,24.6001,24.62,68678,0
BSMO.US,D,20231020,000000,24.66,24.66,24.6001,24.65,21858,0
BSMO.US,D,20231023,000000,24.74,24.74,24.56,24.61,305961,0
BSMO.US,D,20231024,000000,24.59,24.63,24.59,24.6221,21522,0
BSMO.US,D,20231025,000000,24.63,24.63,24.58,24.58,56990,0
BSMO.US,D,20231026,000000,24.6,24.62,24.58,24.59,44345,0
BSMO.US,D,20231027,000000,24.58,24.63,24.54,24.615,112712,0
BSMO.US,D,20231030,000000,24.62,24.65,24.6,24.6252,38698,0
BSMO.US,D,20231031,000000,24.59,24.6299,24.55,24.59,64370,0
BSMO.US,D,20231101,000000,24.59,24.67,24.59,24.63,61461,0
BSMO.US,D,20231102,000000,24.6857,24.6985,24.65,24.675,19423,0
BSMO.US,D,20231103,000000,24.75,24.75,24.69,24.735,30498,0
BSMO.US,D,20231106,000000,24.68,24.74,24.68,24.7287,105733,0
BSMO.US,D,20231107,000000,24.69,24.7599,24.67,24.7253,41009,0
BSMO.US,D,20231108,000000,24.76,24.77,24.725,24.7416,32689,0
BSMO.US,D,20231109,000000,24.76,24.7773,24.72,24.77,16797,0
BSMO.US,D,20231110,000000,24.79,24.8,24.73,24.76,36047,0
BSMO.US,D,20231113,000000,24.7599,24.79,24.74,24.79,47975,0
BSMO.US,D,20231114,000000,24.86,24.88,24.7847,24.84,24387,0
BSMO.US,D,20231115,000000,24.86,24.86,24.76,24.8,32948,0
BSMO.US,D,20231116,000000,24.78,24.86,24.78,24.8104,79404,0
BSMO.US,D,20231117,000000,24.83,24.85,24.79,24.8422,50955,0
BSMO.US,D,20231120,000000,24.85,24.85,24.77,24.8003,36915,0
BSMO.US,D,20231121,000000,24.83,24.8451,24.79,24.8153,37394,0
BSMO.US,D,20231122,000000,24.8198,24.82,24.8,24.815,27174,0
BSMO.US,D,20231124,000000,24.87,24.87,24.795,24.7984,22001,0
BSMO.US,D,20231127,000000,24.84,24.84,24.79,24.82,49805,0
BSMO.US,D,20231128,000000,24.79,24.85,24.79,24.85,35044,0
BSMO.US,D,20231129,000000,24.81,24.865,24.8,24.86,40805,0
BSMO.US,D,20231130,000000,24.821,24.85,24.82,24.83,13297,0
BSMO.US,D,20231201,000000,24.81,24.905,24.81,24.89,77216,0
BSMO.US,D,20231204,000000,24.88,24.8993,24.8301,24.89,78550,0
BSMO.US,D,20231205,000000,24.8762,24.93,24.85,24.89,60457,0
BSMO.US,D,20231206,000000,24.88,24.935,24.84,24.8863,146070,0
BSMO.US,D,20231207,000000,24.9,24.9,24.8104,24.87,76110,0
BSMO.US,D,20231208,000000,24.85,24.9,24.84,24.9,35828,0
BSMO.US,D,20231211,000000,24.8767,24.91,24.86,24.91,19103,0
BSMO.US,D,20231212,000000,24.93,24.93,24.88,24.9,33807,0
BSMO.US,D,20231213,000000,24.88,24.94,24.88,24.905,43137,0
BSMO.US,D,20231214,000000,24.97,24.97,24.89,24.92,77353,0
BSMO.US,D,20231215,000000,24.92,24.94,24.9,24.9299,27932,0
BSMO.US,D,20231218,000000,24.8556,24.89,24.82,24.8446,81387,0
BSMO.US,D,20231219,000000,24.84,24.885,24.82,24.88,35440,0
BSMO.US,D,20231220,000000,24.89,24.9,24.85,24.8608,67658,0
BSMO.US,D,20231221,000000,24.9,24.9,24.87,24.88,52034,0
BSMO.US,D,20231222,000000,24.9,24.9,24.86,24.89,87353,0
BSMO.US,D,20231226,000000,24.94,24.94,24.84,24.9,87619,0
BSMO.US,D,20231227,000000,24.93,24.93,24.89,24.9172,41181,0
BSMO.US,D,20231228,000000,24.95,24.95,24.91,24.915,45547,0
BSMO.US,D,20231229,000000,24.94,24.94,24.89,24.915,37394,0
BSMO.US,D,20240102,000000,24.93,24.9497,24.88,24.92,224874,0
BSMO.US,D,20240103,000000,24.889,24.9199,24.885,24.89,43101,0
BSMO.US,D,20240104,000000,24.93,24.93,24.88,24.92,51547,0
BSMO.US,D,20240105,000000,24.915,24.9199,24.82,24.8665,77194,0
BSMO.US,D,20240108,000000,24.9297,24.9297,24.89,24.895,159159,0
BSMO.US,D,20240109,000000,24.9,24.98,24.9,24.95,155813,0
BSMO.US,D,20240110,000000,24.89,24.925,24.89,24.92,20810,0
BSMO.US,D,20240111,000000,24.8896,24.905,24.85,24.86,274006,0
BSMO.US,D,20240112,000000,24.8683,24.885,24.85,24.8779,37723,0
BSMO.US,D,20240116,000000,24.85,24.87,24.85,24.85,40449,0
BSMO.US,D,20240117,000000,24.88,24.88,24.81,24.88,21330,0
BSMO.US,D,20240118,000000,24.8797,24.8797,24.83,24.86,25476,0
BSMO.US,D,20240119,000000,24.8785,24.8785,24.78,24.84,104896,0
BSMO.US,D,20240122,000000,24.83,24.83,24.79,24.81,50584,0
BSMO.US,D,20240123,000000,24.8152,24.82,24.8,24.81,29503,0
BSMO.US,D,20240124,000000,24.81,24.83,24.79,24.7972,55114,0
BSMO.US,D,20240125,000000,24.8299,24.8299,24.8,24.81,23137,0
BSMO.US,D,20240126,000000,24.88,24.88,24.79,24.8,38364,0
BSMO.US,D,20240129,000000,24.8,24.8253,24.76,24.765,260523,0
BSMO.US,D,20240130,000000,24.79,24.79,24.75,24.75,34792,0
BSMO.US,D,20240131,000000,24.79,24.79,24.75,24.765,40311,0
BSMO.US,D,20240201,000000,24.79,24.7999,24.77,24.77,162537,0
BSMO.US,D,20240202,000000,24.7999,24.7999,24.76,24.76,21518,0
BSMO.US,D,20240205,000000,24.8,24.8,24.74,24.77,65293,0
BSMO.US,D,20240206,000000,24.79,24.7999,24.76,24.77,37271,0
BSMO.US,D,20240207,000000,24.797,24.797,24.75,24.77,24280,0
BSMO.US,D,20240208,000000,24.8,24.8,24.755,24.8,73401,0
BSMO.US,D,20240209,000000,24.81,24.81,24.77,24.79,18468,0
BSMO.US,D,20240212,000000,24.82,24.82,24.78,24.8,23151,0
BSMO.US,D,20240213,000000,24.79,24.81,24.76,24.8,67340,0
BSMO.US,D,20240214,000000,24.77,24.82,24.75,24.78,38007,0
BSMO.US,D,20240215,000000,24.78,24.8301,24.77,24.78,36349,0
BSMO.US,D,20240216,000000,24.79,24.8299,24.79,24.82,21526,0
BSMO.US,D,20240220,000000,24.76,24.7799,24.74,24.77,21005,0
BSMO.US,D,20240221,000000,24.75,24.82,24.7335,24.74,50267,0
BSMO.US,D,20240222,000000,24.79,24.79,24.74,24.74,52708,0
BSMO.US,D,20240223,000000,24.75,24.7761,24.75,24.76,41448,0
BSMO.US,D,20240226,000000,24.7603,24.7799,24.75,24.75,30589,0
BSMO.US,D,20240227,000000,24.7474,24.78,24.7474,24.75,20689,0
BSMO.US,D,20240228,000000,24.76,24.77,24.75,24.77,21153,0
BSMO.US,D,20240229,000000,24.7999,24.8,24.76,24.76,38689,0
BSMO.US,D,20240301,000000,24.81,24.81,24.78,24.8,19719,0
BSMO.US,D,20240304,000000,24.8,24.8,24.75,24.78,7106,0
BSMO.US,D,20240305,000000,24.8099,24.8099,24.78,24.78,31294,0
BSMO.US,D,20240306,000000,24.785,24.8,24.77,24.78,51951,0
BSMO.US,D,20240307,000000,24.79,24.81,24.78,24.79,21566,0
BSMO.US,D,20240308,000000,24.81,24.82,24.79,24.79,17392,0
BSMO.US,D,20240311,000000,24.78,24.81,24.78,24.8,22069,0
BSMO.US,D,20240312,000000,24.78,24.81,24.78,24.8,20285,0
BSMO.US,D,20240313,000000,24.83,24.83,24.79,24.8,17170,0
BSMO.US,D,20240314,000000,24.79,24.82,24.79,24.82,15471,0
BSMO.US,D,20240315,000000,24.84,24.84,24.78,24.79,57548,0
BSMO.US,D,20240318,000000,24.73,24.77,24.73,24.76,51918,0
BSMO.US,D,20240319,000000,24.76,24.77,24.75,24.77,18527,0
BSMO.US,D,20240320,000000,24.77,24.78,24.731,24.78,16416,0
BSMO.US,D,20240321,000000,24.77,24.78,24.75,24.76,41104,0
BSMO.US,D,20240322,000000,24.79,24.79,24.74,24.77,48653,0
BSMO.US,D,20240325,000000,24.76,24.78,24.74,24.78,15536,0
BSMO.US,D,20240326,000000,24.78,24.78,24.75,24.765,26656,0
BSMO.US,D,20240327,000000,24.74,24.77,24.74,24.7615,22721,0
BSMO.US,D,20240328,000000,24.78,24.78,24.74,24.78,16245,0
BSMO.US,D,20240401,000000,24.78,24.78,24.74,24.77,28000,0
BSMO.US,D,20240402,000000,24.78,24.78,24.7303,24.75,31233,0
BSMO.US,D,20240403,000000,24.76,24.78,24.73,24.7554,18796,0
BSMO.US,D,20240404,000000,24.77,24.79,24.77,24.79,12897,0
BSMO.US,D,20240405,000000,24.79,24.79,24.741,24.79,29091,0
BSMO.US,D,20240408,000000,24.7699,24.78,24.74,24.755,36029,0
BSMO.US,D,20240409,000000,24.79,24.79,24.75,24.77,33714,0
BSMO.US,D,20240410,000000,24.74,24.778,24.7308,24.7594,13880,0
BSMO.US,D,20240411,000000,24.74,24.78,24.72,24.7566,21790,0
BSMO.US,D,20240412,000000,24.76,24.7799,24.76,24.7654,15724,0
BSMO.US,D,20240415,000000,24.75,24.78,24.72,24.78,112428,0
BSMO.US,D,20240416,000000,24.7793,24.78,24.76,24.77,57364,0
BSMO.US,D,20240417,000000,24.8,24.9,24.78,24.84,144910,0
BSMO.US,D,20240418,000000,24.91,24.91,24.82,24.86,40998,0
BSMO.US,D,20240419,000000,24.86,24.87,24.83,24.86,6579,0
BSMO.US,D,20240422,000000,24.82,24.82,24.78,24.795,33339,0
BSMO.US,D,20240423,000000,24.79,24.81,24.79,24.795,5370,0
BSMO.US,D,20240424,000000,24.79,24.81,24.79,24.7915,13322,0
BSMO.US,D,20240425,000000,24.788,24.809,24.78,24.8,13845,0
BSMO.US,D,20240426,000000,24.8,24.82,24.77,24.7852,14960,0
BSMO.US,D,20240429,000000,24.829,24.829,24.79,24.82,11840,0
BSMO.US,D,20240430,000000,24.8136,24.82,24.79,24.8,29531,0
BSMO.US,D,20240501,000000,24.79,24.87,24.781,24.8213,49633,0
BSMO.US,D,20240502,000000,24.81,24.84,24.81,24.825,17409,0
BSMO.US,D,20240503,000000,24.82,24.85,24.8101,24.84,27414,0
BSMO.US,D,20240506,000000,24.84,24.85,24.8201,24.835,13661,0
BSMO.US,D,20240507,000000,24.83,24.85,24.83,24.835,23298,0
BSMO.US,D,20240508,000000,24.84,24.86,24.801,24.83,35619,0
BSMO.US,D,20240509,000000,24.81,24.84,24.81,24.825,17728,0
BSMO.US,D,20240510,000000,24.8399,24.84,24.81,24.83,10798,0
BSMO.US,D,20240513,000000,24.835,24.86,24.81,24.86,17330,0
BSMO.US,D,20240514,000000,24.8101,24.8588,24.8101,24.84,15987,0
BSMO.US,D,20240515,000000,24.85,24.8699,24.82,24.835,14546,0
BSMO.US,D,20240516,000000,24.85,24.86,24.83,24.85,13920,0
BSMO.US,D,20240517,000000,24.83,24.86,24.82,24.825,32493,0
BSMO.US,D,20240520,000000,24.771,24.82,24.77,24.81,11159,0
BSMO.US,D,20240521,000000,24.81,24.81,24.77,24.79,32723,0
BSMO.US,D,20240522,000000,24.79,24.81,24.77,24.8,20225,0
BSMO.US,D,20240523,000000,24.82,24.82,24.7701,24.81,14526,0
BSMO.US,D,20240524,000000,24.81,24.81,24.7701,24.795,13541,0
BSMO.US,D,20240528,000000,24.799,24.8186,24.78,24.79,13261,0
BSMO.US,D,20240529,000000,24.78,24.8,24.75,24.76,30282,0
BSMO.US,D,20240530,000000,24.75,24.7999,24.73,24.735,21119,0
BSMO.US,D,20240531,000000,24.75,24.8,24.75,24.78,13535,0
BSMO.US,D,20240603,000000,24.76,24.8,24.73,24.76,90138,0
BSMO.US,D,20240604,000000,24.76,24.809,24.6403,24.7803,40355,0
BSMO.US,D,20240605,000000,24.8185,24.82,24.771,24.7999,17261,0
BSMO.US,D,20240606,000000,24.8285,24.8289,24.76,24.795,11476,0
BSMO.US,D,20240607,000000,24.83,24.83,24.7817,24.83,18027,0
BSMO.US,D,20240610,000000,24.8,24.82,24.78,24.78,7137,0
BSMO.US,D,20240611,000000,24.8,24.82,24.78,24.82,14595,0
BSMO.US,D,20240612,000000,24.84,24.84,24.79,24.815,6801,0
BSMO.US,D,20240613,000000,24.7901,24.8255,24.79,24.815,117021,0
BSMO.US,D,20240614,000000,24.85,24.85,24.8,24.84,18287,0
BSMO.US,D,20240617,000000,24.81,24.8499,24.8,24.81,19609,0
BSMO.US,D,20240618,000000,24.8107,24.8417,24.8107,24.835,8207,0
BSMO.US,D,20240620,000000,24.83,24.89,24.81,24.835,32355,0
BSMO.US,D,20240621,000000,24.82,24.8699,24.81,24.8433,25586,0
BSMO.US,D,20240624,000000,24.78,24.819,24.77,24.7824,18543,0
BSMO.US,D,20240625,000000,24.72,24.82,24.72,24.77,64486,0
BSMO.US,D,20240626,000000,24.78,24.85,24.7601,24.81,22490,0
BSMO.US,D,20240627,000000,24.78,24.82,24.77,24.78,33215,0
BSMO.US,D,20240628,000000,24.8,24.83,24.78,24.82,7815,0
BSMO.US,D,20240701,000000,24.82,24.82,24.77,24.81,31685,0
BSMO.US,D,20240702,000000,24.78,24.8299,24.77,24.78,43027,0
BSMO.US,D,20240703,000000,24.78,24.83,24.78,24.7996,10398,0
BSMO.US,D,20240705,000000,24.8,24.85,24.8,24.815,12963,0
BSMO.US,D,20240708,000000,24.8298,24.85,24.8,24.815,10390,0
BSMO.US,D,20240709,000000,24.8,24.85,24.8,24.8166,20005,0
BSMO.US,D,20240710,000000,24.81,24.8365,24.8,24.8184,29404,0
BSMO.US,D,20240711,000000,24.83,24.8428,24.81,24.82,15024,0
BSMO.US,D,20240712,000000,24.84,24.869,24.81,24.85,36139,0
BSMO.US,D,20240715,000000,24.83,24.859,24.82,24.83,10695,0
BSMO.US,D,20240716,000000,24.82,24.87,24.81,24.8479,22790,0
BSMO.US,D,20240717,000000,24.88,24.88,24.82,24.85,35552,0
BSMO.US,D,20240718,000000,24.856,24.879,24.83,24.86,48131,0
BSMO.US,D,20240719,000000,24.84,24.9,24.84,24.8546,41336,0
BSMO.US,D,20240722,000000,24.7805,24.83,24.7805,24.79,24013,0
BSMO.US,D,20240723,000000,24.79,24.81,24.76,24.7878,176998,0
BSMO.US,D,20240724,000000,24.81,24.82,24.78,24.82,17822,0
BSMO.US,D,20240725,000000,24.8,24.84,24.7989,24.8,15133,0
BSMO.US,D,20240726,000000,24.84,24.8499,24.781,24.83,14375,0
BSMO.US,D,20240729,000000,24.825,24.84,24.8,24.82,56595,0
BSMO.US,D,20240730,000000,24.825,24.86,24.801,24.86,15469,0
BSMO.US,D,20240731,000000,24.85,24.86,24.8,24.86,42021,0
BSMO.US,D,20240801,000000,24.81,24.85,24.8,24.81,34551,0
BSMO.US,D,20240802,000000,24.87,24.8799,24.82,24.87,25557,0
BSMO.US,D,20240805,000000,24.83,24.87,24.79,24.815,39299,0
BSMO.US,D,20240806,000000,24.85,24.87,24.82,24.86,15419,0
BSMO.US,D,20240807,000000,24.83,24.92,24.83,24.84,69934,0
BSMO.US,D,20240808,000000,24.83,24.8667,24.77,24.825,7951,0
BSMO.US,D,20240809,000000,24.85,24.95,24.82,24.89,141418,0
BSMO.US,D,20240812,000000,24.9,24.92,24.81,24.905,32477,0
BSMO.US,D,20240813,000000,24.9,24.9185,24.86,24.895,16703,0
BSMO.US,D,20240814,000000,24.9499,24.96,24.88,24.91,37153,0
BSMO.US,D,20240815,000000,24.86,24.8835,24.82,24.82,19507,0
BSMO.US,D,20240816,000000,24.85,24.8707,24.8,24.855,35297,0
BSMO.US,D,20240819,000000,24.8,24.84,24.76,24.79,22097,0
BSMO.US,D,20240820,000000,24.8,24.85,24.7802,24.79,16799,0
BSMO.US,D,20240821,000000,24.82,24.85,24.728,24.79,162647,0
BSMO.US,D,20240822,000000,24.81,24.8238,24.75,24.79,40785,0
BSMO.US,D,20240823,000000,24.85,24.85,24.76,24.81,53753,0
BSMO.US,D,20240826,000000,24.86,24.86,24.76,24.79,71704,0
BSMO.US,D,20240827,000000,24.81,24.86,24.81,24.84,19352,0
BSMO.US,D,20240828,000000,24.82,24.86,24.81,24.85,12072,0
BSMO.US,D,20240829,000000,24.82,24.859,24.81,24.825,21403,0
BSMO.US,D,20240830,000000,24.82,24.86,24.82,24.835,13724,0
BSMO.US,D,20240903,000000,24.88,24.88,24.81,24.84,28143,0
BSMO.US,D,20240904,000000,24.83,24.88,24.82,24.87,78773,0
BSMO.US,D,20240905,000000,24.855,24.8799,24.82,24.855,42912,0
BSMO.US,D,20240906,000000,24.84,24.89,24.84,24.86,21053,0
BSMO.US,D,20240909,000000,24.84,24.879,24.74,24.86,22612,0
BSMO.US,D,20240910,000000,24.84,24.88,24.82,24.82,44086,0
BSMO.US,D,20240911,000000,24.84,24.88,24.81,24.88,19229,0
BSMO.US,D,20240912,000000,24.84,24.9,24.84,24.85,21630,0
BSMO.US,D,20240913,000000,24.85,24.9,24.841,24.875,33179,0
BSMO.US,D,20240916,000000,24.85,24.881,24.85,24.875,18165,0
BSMO.US,D,20240917,000000,24.84,24.86,24.84,24.86,12564,0
BSMO.US,D,20240918,000000,24.84,24.885,24.78,24.84,160039,0
BSMO.US,D,20240919,000000,24.86,24.89,24.79,24.87,73836,0
BSMO.US,D,20240920,000000,24.86,24.8848,24.81,24.87,22359,0
BSMO.US,D,20240923,000000,24.82,24.84,24.8,24.83,14576,0
BSMO.US,D,20240924,000000,24.81,24.86,24.81,24.83,6671,0
BSMO.US,D,20240925,000000,24.82,24.8299,24.82,24.825,15482,0
BSMO.US,D,20240926,000000,24.83,24.8326,24.791,24.805,12264,0
BSMO.US,D,20240927,000000,24.81,24.92,24.8,24.85,39383,0
BSMO.US,D,20240930,000000,24.821,24.859,24.82,24.82,11830,0
BSMO.US,D,20241001,000000,24.83,24.8522,24.78,24.82,22728,0
BSMO.US,D,20241002,000000,24.82,24.8355,24.8,24.82,48393,0
BSMO.US,D,20241003,000000,24.82,24.84,24.82,24.83,8744,0
BSMO.US,D,20241004,000000,24.82,24.86,24.8001,24.83,7715,0
BSMO.US,D,20241007,000000,24.83,24.87,24.82,24.83,23408,0
BSMO.US,D,20241008,000000,24.83,24.89,24.81,24.89,13330,0
BSMO.US,D,20241009,000000,24.84,24.8705,24.8071,24.81,68055,0
BSMO.US,D,20241010,000000,24.84,24.87,24.82,24.84,21979,0
BSMO.US,D,20241011,000000,24.89,24.9,24.84,24.855,38678,0
BSMO.US,D,20241014,000000,24.83,24.92,24.83,24.87,19565,0
BSMO.US,D,20241015,000000,24.8401,24.9,24.821,24.84,12990,0
BSMO.US,D,20241016,000000,24.89,24.9,24.84,24.89,38359,0
BSMO.US,D,20241017,000000,24.85,24.89,24.84,24.86,28076,0
BSMO.US,D,20241018,000000,24.9,24.9,24.83,24.9,30676,0
BSMO.US,D,20241021,000000,24.8,24.8699,24.78,24.8,42939,0
BSMO.US,D,20241022,000000,24.8,24.85,24.78,24.815,14856,0
BSMO.US,D,20241023,000000,24.8084,24.815,24.78,24.81,18511,0
BSMO.US,D,20241024,000000,24.8,24.84,24.79,24.79,17303,0
BSMO.US,D,20241025,000000,24.89,24.89,24.8,24.82,11225,0
BSMO.US,D,20241028,000000,24.81,24.84,24.79,24.815,31129,0
BSMO.US,D,20241029,000000,24.81,24.82,24.79,24.82,24991,0
BSMO.US,D,20241030,000000,24.835,24.86,24.79,24.8,105452,0
BSMO.US,D,20241031,000000,24.82,24.83,24.76,24.815,105688,0
BSMO.US,D,20241101,000000,24.82,24.835,24.72,24.835,511776,0
BSMO.US,D,20241104,000000,24.83,24.83,24.77,24.8,71997,0
