<TICKER>,<PER>,<DATE>,<TIME>,<OPEN>,<HIGH>,<LOW>,<CLOSE>,<VOL>,<OPENINT>
BSMP.US,D,20190927,000000,24.4533,24.4533,24.4533,24.4533,200.68425977084,0
BSMP.US,D,20191001,000000,24.4633,24.4633,24.4633,24.4633,1537.2414298446,0
BSMP.US,D,20191002,000000,24.5231,24.5231,24.5022,24.5022,1941.6202132829,0
BSMP.US,D,20191015,000000,24.4832,24.533,24.4832,24.5152,9547.5536585974,0
BSMP.US,D,20191021,000000,24.4533,24.4633,24.4443,24.4443,8535.1015680536,0
BSMP.US,D,20191023,000000,24.4453,24.4533,24.4453,24.4483,1118.8147482224,0
BSMP.US,D,20191024,000000,24.4344,24.4344,24.4344,24.4344,4086.934950233,0
BSMP.US,D,20191028,000000,24.4145,24.4284,24.4145,24.4245,12963.199759897,0
BSMP.US,D,20191030,000000,24.4145,24.4344,24.4145,24.4344,2149.3284221456,0
BSMP.US,D,20191101,000000,24.5132,24.5132,24.5132,24.5132,1334.5503274761,0
BSMP.US,D,20191104,000000,24.5022,24.5032,24.4882,24.4932,5306.0918283408,0
BSMP.US,D,20191105,000000,24.4443,24.4443,24.4443,24.4443,117.40029196593,0
BSMP.US,D,20191107,000000,24.4145,24.4145,24.4145,24.4145,351.19745459896,0
BSMP.US,D,20191108,000000,24.3846,24.3946,24.3766,24.3766,5410.4476434217,0
BSMP.US,D,20191113,000000,24.4245,24.4344,24.4185,24.4185,8265.1812386618,0
BSMP.US,D,20191114,000000,24.4503,24.4503,24.4503,24.4503,2040.9589218694,0
BSMP.US,D,20191115,000000,24.4533,24.4533,24.4533,24.4533,4175.2360245322,0
BSMP.US,D,20191118,000000,24.4733,24.4832,24.4483,24.4483,2320.9134642497,0
BSMP.US,D,20191119,000000,24.4633,24.4733,24.4533,24.4533,3312.2937075177,0
BSMP.US,D,20191120,000000,24.5132,24.5132,24.5032,24.5032,1633.5698745346,0
BSMP.US,D,20191121,000000,24.4882,24.4882,24.4783,24.4783,200.68425977084,0
BSMP.US,D,20191126,000000,24.5132,24.5181,24.5132,24.5181,501.71064942708,0
BSMP.US,D,20191127,000000,24.545,24.545,24.5281,24.5281,3521.0053376792,0
BSMP.US,D,20191203,000000,24.543,24.6008,24.543,24.5669,9250.5409541366,0
BSMP.US,D,20191204,000000,24.551,24.551,24.543,24.543,1219.1568781078,0
BSMP.US,D,20191206,000000,24.561,24.561,24.538,24.538,1020.4794609347,0
BSMP.US,D,20191209,000000,24.5719,24.5719,24.558,24.558,402.37194084052,0
BSMP.US,D,20191210,000000,24.553,24.5819,24.553,24.558,1678.7238329831,0
BSMP.US,D,20191212,000000,24.5909,24.5909,24.5909,24.5909,2046.9794496625,0
BSMP.US,D,20191213,000000,24.6108,24.6108,24.5909,24.5909,400.36509824281,0
BSMP.US,D,20191216,000000,24.5909,24.5909,24.5729,24.5729,1135.8729103029,0
BSMP.US,D,20191217,000000,24.5909,24.6208,24.5859,24.5958,11581.488631375,0
BSMP.US,D,20191218,000000,24.5949,24.5958,24.5819,24.5819,1018.472618337,0
BSMP.US,D,20191219,000000,24.5719,24.6008,24.5719,24.5819,1137.8797529006,0
BSMP.US,D,20191220,000000,24.5998,24.5998,24.5729,24.5729,2568.7585250667,0
BSMP.US,D,20191223,000000,24.5909,24.5909,24.5819,24.5859,7054.0517309448,0
BSMP.US,D,20191224,000000,24.6208,24.6208,24.5998,24.5998,1316.4887440967,0
BSMP.US,D,20191226,000000,24.6008,24.6008,24.5859,24.5859,300.02296835739,0
BSMP.US,D,20191227,000000,24.6108,24.6108,24.6008,24.6008,2438.3137562156,0
BSMP.US,D,20191230,000000,24.6208,24.6258,24.6108,24.6258,2732.3161967799,0
BSMP.US,D,20191231,000000,24.6298,24.6308,24.6258,24.6258,1736.9222683165,0
BSMP.US,D,20200102,000000,24.6486,24.6486,24.6308,24.6308,6709.8782254378,0
BSMP.US,D,20200103,000000,24.7075,24.7275,24.7075,24.7125,1513.1593186721,0
BSMP.US,D,20200106,000000,24.7374,24.7374,24.7165,24.7225,1454.9608833386,0
BSMP.US,D,20200107,000000,24.7473,24.7572,24.7324,24.7523,2919.9559796656,0
BSMP.US,D,20200108,000000,24.7702,24.7872,24.7622,24.7622,13971.638165245,0
BSMP.US,D,20200109,000000,24.7772,24.7772,24.7582,24.7722,1863.3533519722,0
BSMP.US,D,20200110,000000,24.7872,24.7872,24.7722,24.7722,9575.6494549653,0
BSMP.US,D,20200113,000000,24.7972,24.7972,24.7822,24.7822,100.34212988542,0
BSMP.US,D,20200115,000000,24.8271,24.8509,24.8271,24.8509,2043.9691857659,0
BSMP.US,D,20200116,000000,24.8719,24.8749,24.8659,24.8659,1072.6573684751,0
BSMP.US,D,20200117,000000,24.9058,24.9058,24.8609,24.8609,9347.8728201255,0
BSMP.US,D,20200121,000000,24.9257,24.9257,24.9058,24.9108,14380.03063388,0
BSMP.US,D,20200122,000000,24.9177,24.9177,24.9058,24.9058,250.85532471354,0
BSMP.US,D,20200123,000000,24.9556,24.9556,24.9556,24.9556,2389.1461125718,0
BSMP.US,D,20200124,000000,24.9756,24.9855,24.9756,24.9756,2447.3445479054,0
BSMP.US,D,20200127,000000,25.0154,25.0154,24.9954,24.9954,604.05962191021,0
BSMP.US,D,20200129,000000,25.0304,25.0354,25.0154,25.0254,3053.4110124132,0
BSMP.US,D,20200130,000000,25.0394,25.0394,25.0304,25.0304,1699.795680259,0
BSMP.US,D,20200131,000000,25.0544,25.0544,25.0344,25.0454,1611.4946059598,0
BSMP.US,D,20200203,000000,25.0354,25.0354,25.0254,25.0254,533.82013099042,0
BSMP.US,D,20200204,000000,24.9954,24.9954,24.9855,24.9855,2315.8963577554,0
BSMP.US,D,20200205,000000,24.9855,24.9855,24.9756,24.9756,4321.7355341649,0
BSMP.US,D,20200206,000000,24.9656,24.9656,24.9507,24.9507,846.88757623292,0
BSMP.US,D,20200207,000000,24.9954,25.0154,24.9954,25.0154,21297.61706818,0
BSMP.US,D,20200210,000000,25.0154,25.0154,25.0004,25.0004,831.83625675011,0
BSMP.US,D,20200211,000000,25.0154,25.0154,25.0004,25.0054,5229.8318096279,0
BSMP.US,D,20200212,000000,25.0054,25.0054,24.9905,24.9905,1045.5649934061,0
BSMP.US,D,20200213,000000,25.0024,25.0054,24.9855,24.9855,4442.1460900274,0
BSMP.US,D,20200214,000000,25.0174,25.0354,25.0104,25.0104,2765.429099642,0
BSMP.US,D,20200218,000000,25.0454,25.0454,25.0204,25.0254,8571.2247348123,0
BSMP.US,D,20200219,000000,25.0642,25.0642,25.0254,25.0304,7519.6392136132,0
BSMP.US,D,20200220,000000,25.0642,25.0831,25.0642,25.0642,7560.7794868662,0
BSMP.US,D,20200224,000000,25.2028,25.2078,25.2028,25.2078,1064.6299980842,0
BSMP.US,D,20200225,000000,25.2098,25.2168,25.2078,25.2078,1099.7497435442,0
BSMP.US,D,20200226,000000,25.2078,25.2078,25.2028,25.2028,145.49608833386,0
BSMP.US,D,20200227,000000,25.2366,25.2366,25.2078,25.2168,2063.0341904442,0
BSMP.US,D,20200228,000000,25.1808,25.1948,25.1808,25.1948,210.71847275937,0
BSMP.US,D,20200302,000000,25.2666,25.2666,25.1978,25.1978,1862.3499306733,0
BSMP.US,D,20200303,000000,25.2566,25.2745,25.2366,25.2416,2185.4515889044,0
BSMP.US,D,20200304,000000,25.2466,25.2466,25.2267,25.2267,530.80986709385,0
BSMP.US,D,20200305,000000,25.2666,25.2666,25.2267,25.2366,1130.8558038087,0
BSMP.US,D,20200309,000000,25.4748,25.4847,25.442,25.442,342.16666290928,0
BSMP.US,D,20200310,000000,25.435,25.435,25.1898,25.1898,2083.1026164212,0
BSMP.US,D,20200311,000000,25.1161,25.1161,25.0544,25.0544,3370.4921428511,0
BSMP.US,D,20200312,000000,24.266,24.2939,24.24,24.24,8415.69443349,0
BSMP.US,D,20200316,000000,24.2281,24.256,24.2271,24.2271,2945.041512137,0
BSMP.US,D,20200317,000000,24.2171,24.2171,24.1354,24.1354,1936.6031067886,0
BSMP.US,D,20200318,000000,23.9131,23.9131,23.7169,23.7169,118.40371326479,0
BSMP.US,D,20200319,000000,23.7857,23.7857,23.2386,23.2386,8525.0673550651,0
BSMP.US,D,20200320,000000,23.0551,23.0551,22.7522,22.9425,2873.7985999184,0
BSMP.US,D,20200323,000000,22.78,22.8787,22.525,22.7003,2363.0571588016,0
BSMP.US,D,20200324,000000,22.8487,23.1059,22.8487,23.1059,1014.4589331416,0
BSMP.US,D,20200325,000000,23.386,23.9939,23.386,23.8215,2816.6035858837,0
BSMP.US,D,20200326,000000,24.555,24.6805,24.277,24.4753,2936.0107204473,0
BSMP.US,D,20200327,000000,24.6546,24.6546,24.3866,24.56,6591.4745121731,0
BSMP.US,D,20200330,000000,24.6935,24.6935,24.3806,24.4354,1787.0933332593,0
BSMP.US,D,20200331,000000,24.5251,24.7105,24.5251,24.6805,4752.2032713734,0
BSMP.US,D,20200401,000000,24.4254,24.4254,23.9441,24.1464,3394.5742540237,0
BSMP.US,D,20200403,000000,24.3257,24.4254,24.0228,24.243,2834.665169263,0
BSMP.US,D,20200406,000000,24.535,24.555,24.1514,24.3606,1293.4100542231,0
BSMP.US,D,20200407,000000,24.258,24.4603,24.248,24.4603,658.24437204833,0
BSMP.US,D,20200409,000000,24.6228,24.7155,24.5919,24.7155,2506.5464045377,0
BSMP.US,D,20200413,000000,24.4473,24.7304,24.4463,24.7304,1098.7463222453,0
BSMP.US,D,20200414,000000,24.4972,24.7552,24.4962,24.7552,1014.4589331416,0
BSMP.US,D,20200415,000000,24.7394,24.8201,24.7394,24.8201,747.54886764635,0
BSMP.US,D,20200416,000000,24.8789,24.8789,24.7802,24.7802,809.76098817532,0
BSMP.US,D,20200417,000000,24.8201,24.8201,24.8201,24.8201,120.4105558625,0
BSMP.US,D,20200420,000000,24.7602,24.7602,24.6318,24.6318,1513.1593186721,0
BSMP.US,D,20200421,000000,24.4842,24.6318,24.4842,24.6318,1678.7238329831,0
BSMP.US,D,20200422,000000,24.534,24.6606,24.534,24.5829,5664.3132320318,0
BSMP.US,D,20200423,000000,24.6118,24.6218,24.5042,24.558,27544.918074846,0
BSMP.US,D,20200427,000000,24.534,24.534,24.3996,24.3996,235.80400523073,0
BSMP.US,D,20200429,000000,24.2809,24.3846,24.2092,24.2092,49165.636801256,0
BSMP.US,D,20200430,000000,24.3746,24.3746,24.2311,24.272,1821.2096574203,0
BSMP.US,D,20200501,000000,24.2201,24.3547,24.2191,24.3547,1049.5786786015,0
BSMP.US,D,20200504,000000,24.2859,24.5142,24.2859,24.4045,7028.9661984735,0
BSMP.US,D,20200505,000000,24.554,24.554,24.3059,24.4344,4020.7091445087,0
BSMP.US,D,20200506,000000,24.4693,24.554,24.3257,24.4443,1834.2541343054,0
BSMP.US,D,20200508,000000,24.4055,24.6606,24.4045,24.539,5851.9530149176,0
BSMP.US,D,20200511,000000,24.6506,24.6506,24.5779,24.5779,3387.5503049317,0
BSMP.US,D,20200512,000000,24.4842,24.7105,24.4443,24.5829,6503.1734378739,0
BSMP.US,D,20200513,000000,24.7205,24.7205,24.6168,24.6168,3456.7863745526,0
BSMP.US,D,20200514,000000,24.7135,24.7135,24.6656,24.6656,192.65688938,0
BSMP.US,D,20200518,000000,24.84,24.84,24.7552,24.7552,1728.8948979257,0
BSMP.US,D,20200519,000000,24.8799,24.8799,24.8251,24.8251,107.3660789774,0
BSMP.US,D,20200520,000000,24.845,24.9596,24.845,24.9147,977.33234508396,0
BSMP.US,D,20200521,000000,25.0771,25.0771,24.9944,24.9944,1191.0610817399,0
BSMP.US,D,20200522,000000,25.0602,25.1341,25.0394,25.0394,1417.834295281,0
BSMP.US,D,20200526,000000,25.144,25.1539,25.0584,25.0584,1591.4261799827,0
BSMP.US,D,20200527,000000,25.2008,25.2008,25.0921,25.0921,627.13831178386,0
BSMP.US,D,20200528,000000,25.1838,25.1928,24.9696,25.0781,10262.993044681,0
BSMP.US,D,20200529,000000,25.2316,25.2316,25.2316,25.2316,622.12120528959,0
BSMP.US,D,20200601,000000,25.144,25.144,25.1211,25.1211,1883.4217779493,0
BSMP.US,D,20200602,000000,25.1161,25.1161,25.0721,25.0721,11973.826359227,0
BSMP.US,D,20200603,000000,25.2118,25.2118,25.0721,25.0721,2215.5542278701,0
BSMP.US,D,20200604,000000,25.1371,25.1638,25.0821,25.0821,1530.2174807526,0
BSMP.US,D,20200605,000000,25.1121,25.1539,25.0602,25.0632,4601.6900765453,0
BSMP.US,D,20200608,000000,25.1341,25.1341,25.0584,25.0584,6646.6626836101,0
BSMP.US,D,20200609,000000,25.1161,25.1391,25.0771,25.0771,1184.0371326479,0
BSMP.US,D,20200610,000000,25.2316,25.2316,25.1021,25.1021,40656.624186974,0
BSMP.US,D,20200611,000000,25.144,25.2028,25.1241,25.1241,1326.5229570852,0
BSMP.US,D,20200612,000000,25.2118,25.2118,25.1211,25.1291,2927.9833500565,0
BSMP.US,D,20200615,000000,25.1878,25.2277,25.1341,25.1341,1555.303013224,0
BSMP.US,D,20200616,000000,25.2218,25.2218,25.1539,25.1539,3303.2629158279,0
BSMP.US,D,20200617,000000,25.2118,25.2118,25.1211,25.1211,651.22042295635,0
BSMP.US,D,20200619,000000,25.149,25.2028,25.146,25.149,4761.234063063,0
BSMP.US,D,20200623,000000,25.2218,25.2376,25.1241,25.149,1997.8118060186,0
BSMP.US,D,20200624,000000,25.2416,25.2516,25.1539,25.1688,3305.2697584256,0
BSMP.US,D,20200625,000000,25.1858,25.2376,25.1589,25.1589,3455.7829532537,0
BSMP.US,D,20200626,000000,25.2596,25.2915,25.1928,25.1928,4306.6842146821,0
BSMP.US,D,20200629,000000,25.0971,25.2715,25.0871,25.1928,2659.0664419635,0
BSMP.US,D,20200630,000000,25.2815,25.2815,25.1788,25.1788,2052.9999774556,0
BSMP.US,D,20200702,000000,25.2915,25.3113,25.2168,25.2168,5462.6255509621,0
BSMP.US,D,20200706,000000,25.0971,25.2486,25.0971,25.2486,2992.2023131831,0
BSMP.US,D,20200707,000000,25.3812,25.3812,25.2616,25.2616,8533.0947254559,0
BSMP.US,D,20200709,000000,25.3113,25.3413,25.2715,25.3064,6884.4735314384,0
BSMP.US,D,20200710,000000,25.3513,25.407,25.3163,25.3163,16843.429922567,0
BSMP.US,D,20200713,000000,25.3713,25.409,25.3563,25.3563,2202.5097509849,0
BSMP.US,D,20200714,000000,25.416,25.416,25.396,25.396,196.67057457542,0
BSMP.US,D,20200715,000000,25.448,25.448,25.396,25.396,271.92717198948,0
BSMP.US,D,20200717,000000,25.4798,25.4798,25.3413,25.416,2174.413954617,0
BSMP.US,D,20200720,000000,25.3613,25.4897,25.3613,25.441,2170.4002694216,0
BSMP.US,D,20200721,000000,25.5207,25.5287,25.461,25.461,2113.2052553869,0
BSMP.US,D,20200723,000000,25.5506,25.5585,25.4857,25.4857,6125.8870295048,0
BSMP.US,D,20200724,000000,25.5506,25.5605,25.4807,25.4807,2541.6661499976,0
BSMP.US,D,20200728,000000,25.5575,25.5705,25.4957,25.4957,4346.8210666362,0
BSMP.US,D,20200729,000000,25.5904,25.5904,25.5107,25.5107,1911.5175743172,0
BSMP.US,D,20200730,000000,25.5755,25.5755,25.5357,25.5357,1427.8685082695,0
BSMP.US,D,20200731,000000,25.6204,25.6204,25.5506,25.5506,2758.4051505501,0
BSMP.US,D,20200803,000000,25.6104,25.6104,25.5506,25.5605,11067.736926361,0
BSMP.US,D,20200804,000000,25.6582,25.6582,25.5904,25.5904,5892.0898668717,0
BSMP.US,D,20200805,000000,25.6402,25.6402,25.5954,25.5954,3323.331341805,0
BSMP.US,D,20200806,000000,25.6702,25.6902,25.6204,25.6204,1494.0943139938,0
BSMP.US,D,20200807,000000,25.7001,25.7071,25.6353,25.6353,1219.1568781078,0
BSMP.US,D,20200810,000000,25.7199,25.7199,25.6452,25.6502,7119.2741153703,0
BSMP.US,D,20200811,000000,25.6902,25.71,25.6402,25.6402,2222.578176962,0
BSMP.US,D,20200812,000000,25.7001,25.7001,25.6303,25.6902,5236.8557587199,0
BSMP.US,D,20200813,000000,25.5506,25.7001,25.5506,25.6254,2927.9833500565,0
BSMP.US,D,20200814,000000,25.5407,25.6802,25.5407,25.6054,1504.1285269824,0
BSMP.US,D,20200817,000000,25.6502,25.6702,25.5486,25.5805,5528.8513566865,0
BSMP.US,D,20200818,000000,25.6402,25.6502,25.5755,25.5755,671.28884893344,0
BSMP.US,D,20200819,000000,25.6602,25.6802,25.5855,25.5855,4444.1529326251,0
BSMP.US,D,20200820,000000,25.6224,25.6602,25.5655,25.5655,4297.6534229924,0
BSMP.US,D,20200821,000000,25.6502,25.6502,25.5605,25.5605,4015.6920380144,0
BSMP.US,D,20200824,000000,25.6313,25.6602,25.5755,25.5755,4527.43690043,0
BSMP.US,D,20200825,000000,25.6014,25.6014,25.5605,25.5605,352.20087589781,0
BSMP.US,D,20200826,000000,25.4807,25.6204,25.4807,25.5904,5772.682732308,0
BSMP.US,D,20200828,000000,25.5685,25.5904,25.5357,25.5357,3745.7717086226,0
BSMP.US,D,20200831,000000,25.6004,25.6004,25.5357,25.5357,7786.5492791084,0
BSMP.US,D,20200901,000000,25.5904,25.5904,25.5457,25.5457,808.75756687647,0
BSMP.US,D,20200902,000000,25.5605,25.5805,25.5357,25.5357,1143.9002806938,0
BSMP.US,D,20200903,000000,25.5705,25.5705,25.5357,25.5605,8448.8073363521,0
BSMP.US,D,20200904,000000,25.5506,25.6502,25.5307,25.5307,3434.7111059779,0
BSMP.US,D,20200908,000000,25.5605,25.6104,25.5407,25.5407,3881.2335839679,0
BSMP.US,D,20200909,000000,25.5705,25.6502,25.5506,25.5506,11450.040441225,0
BSMP.US,D,20200910,000000,25.5805,25.5904,25.5555,25.5555,5022.1236007651,0
BSMP.US,D,20200911,000000,25.5904,25.6502,25.5555,25.5555,10226.869877922,0
BSMP.US,D,20200914,000000,25.6004,25.6104,25.5605,25.5605,4669.9227248673,0
BSMP.US,D,20200915,000000,25.5904,25.6004,25.5516,25.5605,2367.0708439969,0
BSMP.US,D,20200916,000000,25.6004,25.6502,25.5605,25.5605,7701.2584687058,0
BSMP.US,D,20200917,000000,25.6204,25.6303,25.5655,25.5655,8337.4275721793,0
BSMP.US,D,20200918,000000,25.6144,25.6204,25.5605,25.5605,2504.53956194,0
BSMP.US,D,20200921,000000,25.6392,25.6392,25.5894,25.5894,6570.4026648971,0
BSMP.US,D,20200922,000000,25.6392,25.6492,25.5894,25.5894,5799.7751073771,0
BSMP.US,D,20200923,000000,25.6293,25.6392,25.5894,25.5894,3052.4075911144,0
BSMP.US,D,20200924,000000,25.6492,25.6492,25.5944,25.5944,1989.7844356278,0
BSMP.US,D,20200925,000000,25.6224,25.6293,25.6224,25.6293,4383.9476546939,0
BSMP.US,D,20200928,000000,25.6392,25.6492,25.5845,25.5845,10001.100085679,0
BSMP.US,D,20200929,000000,25.6094,25.6293,25.5795,25.5795,6573.4129287937,0
BSMP.US,D,20200930,000000,25.6392,25.6392,25.5894,25.5894,2727.2990902856,0
BSMP.US,D,20201001,000000,25.6392,25.6392,25.5765,25.5944,6322.5576040801,0
BSMP.US,D,20201002,000000,25.5197,25.6274,25.5197,25.5994,3091.5410217697,0
BSMP.US,D,20201005,000000,25.5595,25.6044,25.5595,25.6044,4499.3411040621,0
BSMP.US,D,20201006,000000,25.5994,25.6194,25.5665,25.5994,14608.810690018,0
BSMP.US,D,20201008,000000,25.5545,25.5894,25.5545,25.5894,6858.3845776682,0
BSMP.US,D,20201009,000000,25.4897,25.5795,25.4897,25.5695,2608.8953770209,0
BSMP.US,D,20201013,000000,25.5695,25.5785,25.5477,25.5477,2479.4540294686,0
BSMP.US,D,20201014,000000,25.5894,25.5894,25.5397,25.5397,1089.7155305557,0
BSMP.US,D,20201015,000000,25.6692,25.6692,25.5496,25.5496,4791.3367020287,0
BSMP.US,D,20201016,000000,25.5894,25.5994,25.5486,25.5496,4426.0913492457,0
BSMP.US,D,20201019,000000,25.5506,25.5795,25.5397,25.5397,3200.9139433448,0
BSMP.US,D,20201020,000000,25.5795,25.5795,25.5397,25.5397,4080.91442244,0
BSMP.US,D,20201021,000000,25.5645,25.5695,25.5545,25.5545,5015.0996516732,0
BSMP.US,D,20201022,000000,25.5795,25.5795,25.5297,25.5297,6035.5791126078,0
BSMP.US,D,20201023,000000,25.5874,25.6094,25.5397,25.5894,9748.2379183683,0
BSMP.US,D,20201026,000000,25.5894,25.5994,25.5397,25.5994,4258.5199923371,0
BSMP.US,D,20201027,000000,25.5795,25.5994,25.5535,25.5994,8352.4788916621,0
BSMP.US,D,20201028,000000,25.5894,25.5894,25.5695,25.5795,4260.5268349349,0
BSMP.US,D,20201029,000000,25.5097,25.5994,25.4997,25.5894,4925.7951560751,0
BSMP.US,D,20201030,000000,25.5327,25.5795,25.5327,25.5795,905.08601156646,0
BSMP.US,D,20201102,000000,25.5994,25.5994,25.5874,25.5894,3359.4545085637,0
BSMP.US,D,20201103,000000,25.5894,25.5894,25.5535,25.5894,7113.2535875773,0
BSMP.US,D,20201104,000000,25.709,25.709,25.709,25.709,472.61143176032,0
BSMP.US,D,20201105,000000,25.709,25.709,25.6372,25.709,3607.2995693807,0
BSMP.US,D,20201106,000000,25.6692,25.709,25.6692,25.709,1094.7326370499,0
BSMP.US,D,20201109,000000,25.6991,25.6991,25.6382,25.6892,7318.9549538424,0
BSMP.US,D,20201110,000000,25.6892,25.6991,25.6622,25.6892,3526.0224441736,0
BSMP.US,D,20201111,000000,25.709,25.709,25.6552,25.6991,3021.3015308499,0
BSMP.US,D,20201112,000000,25.709,25.709,25.6442,25.6991,2602.8748492277,0
BSMP.US,D,20201113,000000,25.7189,25.7189,25.709,25.7189,1562.3269623159,0
BSMP.US,D,20201116,000000,25.7189,25.7289,25.708,25.7189,4225.4070894749,0
BSMP.US,D,20201117,000000,25.6392,25.7938,25.6392,25.7938,12794.62498169,0
BSMP.US,D,20201118,000000,25.7888,25.7888,25.6941,25.7389,5087.3459851906,0
BSMP.US,D,20201119,000000,25.7589,25.7689,25.6991,25.7189,9870.6553168285,0
BSMP.US,D,20201120,000000,25.8086,25.8086,25.6991,25.7459,4422.0776640504,0
BSMP.US,D,20201123,000000,25.7689,25.7689,25.7409,25.7589,2952.065461229,0
BSMP.US,D,20201124,000000,25.7549,25.7549,25.709,25.709,2064.0376117431,0
BSMP.US,D,20201125,000000,25.7489,25.7589,25.7489,25.7489,1810.1720231329,0
BSMP.US,D,20201127,000000,25.7689,25.7689,25.7689,25.7689,1360.6392812463,0
BSMP.US,D,20201130,000000,25.7599,25.7599,25.7189,25.7189,4091.9520567273,0
BSMP.US,D,20201201,000000,25.7489,25.7789,25.7229,25.7489,10242.924618703,0
BSMP.US,D,20201202,000000,25.7589,25.7589,25.6991,25.6991,10172.685127784,0
BSMP.US,D,20201203,000000,25.7589,25.7689,25.6692,25.7689,5111.4280963631,0
BSMP.US,D,20201204,000000,25.7689,25.7689,25.7239,25.7239,6343.6294513561,0
BSMP.US,D,20201207,000000,25.7869,25.7888,25.7789,25.7888,5943.2643531133,0
BSMP.US,D,20201208,000000,25.7589,25.7888,25.7389,25.7878,4939.8430542591,0
BSMP.US,D,20201209,000000,25.7799,25.7888,25.7789,25.7789,975.32550248625,0
BSMP.US,D,20201210,000000,25.7888,25.8186,25.7689,25.7918,9112.0688148947,0
BSMP.US,D,20201211,000000,25.7789,25.8186,25.709,25.8086,20784.868784465,0
BSMP.US,D,20201214,000000,25.8076,25.8086,25.7589,25.8086,3372.4989854488,0
BSMP.US,D,20201215,000000,25.7987,25.7987,25.7888,25.7987,4475.2589928896,0
BSMP.US,D,20201216,000000,25.7987,25.8156,25.7639,25.7799,3329.3518695981,0
BSMP.US,D,20201217,000000,25.7958,25.8286,25.7789,25.8186,16101.901582713,0
BSMP.US,D,20201218,000000,25.8186,25.8286,25.7489,25.7739,1383.7179711199,0
BSMP.US,D,20201221,000000,25.6991,25.8086,25.6991,25.8086,22485.667886023,0
BSMP.US,D,20201222,000000,25.7987,25.7987,25.7389,25.7987,2653.0459141705,0
BSMP.US,D,20201223,000000,25.7987,25.8186,25.7489,25.7739,5132.4999436391,0
BSMP.US,D,20201224,000000,25.7987,25.8086,25.7679,25.7987,3824.0385699332,0
BSMP.US,D,20201228,000000,25.8086,25.8086,25.7689,25.8086,5512.7966159048,0
BSMP.US,D,20201229,000000,25.8176,25.8236,25.7609,25.8186,17220.716330935,0
BSMP.US,D,20201230,000000,25.8186,25.9273,25.7789,25.7789,22743.547159829,0
BSMP.US,D,20201231,000000,25.8186,25.8286,25.7729,25.7918,6378.7491968159,0
BSMP.US,D,20210104,000000,25.8486,25.8486,25.7289,25.7389,8455.8312854441,0
BSMP.US,D,20210105,000000,25.8286,25.8286,25.7968,25.8286,2790.5146321135,0
BSMP.US,D,20210106,000000,25.8386,25.8486,25.7888,25.7888,85087.115878937,0
BSMP.US,D,20210107,000000,25.8276,25.8286,25.7689,25.7888,9710.1079090118,0
BSMP.US,D,20210108,000000,25.8386,25.8386,25.7729,25.7739,7024.952513278,0
BSMP.US,D,20210111,000000,25.8186,25.8286,25.7579,25.7689,7948.1001082239,0
BSMP.US,D,20210112,000000,25.7699,25.8186,25.7699,25.7938,5319.1363052259,0
BSMP.US,D,20210113,000000,25.7689,25.8186,25.7689,25.7789,5446.5708101804,0
BSMP.US,D,20210114,000000,25.8186,25.8186,25.7789,25.7789,7590.8821258318,0
BSMP.US,D,20210115,000000,25.7689,25.7789,25.7689,25.7789,486.65932994427,0
BSMP.US,D,20210119,000000,25.8206,25.8206,25.7809,25.7809,5743.5835146412,0
BSMP.US,D,20210120,000000,25.7958,25.8206,25.7958,25.8206,5610.1284818937,0
BSMP.US,D,20210121,000000,25.7609,25.8406,25.7609,25.8406,4381.9408120962,0
BSMP.US,D,20210122,000000,25.7908,25.8406,25.7908,25.8406,3611.3132545762,0
BSMP.US,D,20210125,000000,25.8206,25.8486,25.8056,25.8206,5772.682732308,0
BSMP.US,D,20210126,000000,25.8536,25.8606,25.7908,25.8306,11009.538491028,0
BSMP.US,D,20210127,000000,25.8805,25.9004,25.8506,25.9004,2954.0723038267,0
BSMP.US,D,20210128,000000,25.8705,25.8705,25.8606,25.8606,3212.9549989311,0
BSMP.US,D,20210129,000000,25.9103,25.9103,25.7908,25.8556,7184.4964997958,0
BSMP.US,D,20210201,000000,25.8894,25.9103,25.8306,25.8606,9633.8478902989,0
BSMP.US,D,20210202,000000,25.8606,25.8606,25.8106,25.8606,1122.8284334178,0
BSMP.US,D,20210203,000000,25.8705,25.8705,25.8446,25.8606,1982.7604865359,0
BSMP.US,D,20210204,000000,25.8606,25.8656,25.8606,25.8656,1089.7155305557,0
BSMP.US,D,20210205,000000,25.8844,25.8844,25.8576,25.8755,1068.6436832797,0
BSMP.US,D,20210208,000000,25.9303,25.9303,25.8765,25.8854,6040.5962191021,0
BSMP.US,D,20210210,000000,25.9163,25.9701,25.8834,25.9103,15884.159160861,0
BSMP.US,D,20210211,000000,25.9602,25.9602,25.9373,25.9602,71421.521209842,0
BSMP.US,D,20210212,000000,25.9253,25.9701,25.9233,25.9701,4492.3171549702,0
BSMP.US,D,20210216,000000,25.9801,25.9801,25.9153,25.9502,13355.537487749,0
BSMP.US,D,20210217,000000,25.9203,25.9303,25.9103,25.9103,4246.4789367509,0
BSMP.US,D,20210218,000000,25.8904,25.8904,25.8356,25.8356,5105.40756857,0
BSMP.US,D,20210219,000000,25.8805,25.8805,25.7997,25.8026,8328.3967804896,0
BSMP.US,D,20210222,000000,25.8306,25.8306,25.7061,25.7061,4035.7604639915,0
BSMP.US,D,20210223,000000,25.6432,25.6612,25.6313,25.6313,2631.9740668945,0
BSMP.US,D,20210224,000000,25.6313,25.6512,25.5605,25.6014,3306.2731797245,0
BSMP.US,D,20210225,000000,25.5675,25.6014,25.5417,25.6014,1915.5312595126,0
BSMP.US,D,20210226,000000,25.5705,25.5825,25.5705,25.5775,2626.9569604003,0
BSMP.US,D,20210301,000000,25.6214,25.6313,25.5427,25.5864,5469.649500054,0
BSMP.US,D,20210302,000000,25.6214,25.6313,25.5695,25.5745,15726.622016941,0
BSMP.US,D,20210303,000000,25.5665,25.6114,25.5665,25.6064,11880.508178433,0
BSMP.US,D,20210304,000000,25.5555,25.6412,25.5555,25.5964,2005.8391764095,0
BSMP.US,D,20210305,000000,25.6512,25.6612,25.6014,25.6612,8353.4823129609,0
BSMP.US,D,20210308,000000,25.6712,25.6812,25.5914,25.6264,7826.6861310626,0
BSMP.US,D,20210309,000000,25.7011,25.7209,25.6462,25.6662,8002.284858362,0
BSMP.US,D,20210310,000000,25.6941,25.7309,25.6862,25.6862,4461.2110947057,0
BSMP.US,D,20210311,000000,25.7409,25.7509,25.6872,25.7061,7209.5820322673,0
BSMP.US,D,20210312,000000,25.7409,25.7409,25.6362,25.6812,11374.783843812,0
BSMP.US,D,20210315,000000,25.6512,25.7609,25.6512,25.711,504.72091332365,0
BSMP.US,D,20210316,000000,25.7509,25.7509,25.716,25.716,996.39734976219,0
BSMP.US,D,20210317,000000,25.7209,25.7409,25.6941,25.7061,2487.4813998595,0
BSMP.US,D,20210318,000000,25.6214,25.6362,25.6214,25.6362,1350.6050682578,0
BSMP.US,D,20210319,000000,25.6412,25.6612,25.6204,25.6362,15653.372262125,0
BSMP.US,D,20210322,000000,25.6512,25.6512,25.6313,25.6313,562.91934865719,0
BSMP.US,D,20210323,000000,25.6114,25.6612,25.6014,25.6264,1671.699883891,0
BSMP.US,D,20210324,000000,25.6812,25.6812,25.6362,25.6362,2650.0356502739,0
BSMP.US,D,20210325,000000,25.7011,25.711,25.6114,25.6912,27052.238217109,0
BSMP.US,D,20210326,000000,25.6712,25.711,25.6362,25.6462,22031.118037643,0
BSMP.US,D,20210329,000000,25.7011,25.7011,25.6224,25.6462,1606.4774994655,0
BSMP.US,D,20210330,000000,25.6812,25.6912,25.6362,25.6412,5852.9564362163,0
BSMP.US,D,20210331,000000,25.6512,25.7001,25.6462,25.6462,2020.8904958923,0
BSMP.US,D,20210401,000000,25.6812,25.6812,25.6812,25.6812,862.94231701459,0
BSMP.US,D,20210405,000000,25.7209,25.7309,25.6313,25.6762,7110.2433236807,0
BSMP.US,D,20210406,000000,25.7209,25.7209,25.6762,25.6762,598.03909411708,0
BSMP.US,D,20210407,000000,25.6214,25.7309,25.6214,25.6812,4402.0092380732,0
BSMP.US,D,20210408,000000,25.7409,25.7609,25.6812,25.716,4652.8645627868,0
BSMP.US,D,20210409,000000,25.7259,25.7409,25.7209,25.7409,459.56695487521,0
BSMP.US,D,20210412,000000,25.7609,25.7709,25.7209,25.7259,3499.9334904034,0
BSMP.US,D,20210413,000000,25.7419,25.7908,25.7359,25.7509,13709.745206245,0
BSMP.US,D,20210414,000000,25.7938,25.8206,25.7908,25.8106,1489.0772074995,0
BSMP.US,D,20210415,000000,25.8406,25.8994,25.8406,25.8556,5601.097690204,0
BSMP.US,D,20210416,000000,25.8755,25.8755,25.8556,25.8556,2636.9911733888,0
BSMP.US,D,20210419,000000,25.8606,25.8805,25.8166,25.8556,2176.4207972147,0
BSMP.US,D,20210420,000000,25.8904,25.8904,25.8506,25.8506,6298.4754929076,0
BSMP.US,D,20210421,000000,25.8276,25.8904,25.8276,25.8456,9084.9764398257,0
BSMP.US,D,20210422,000000,25.9004,25.9103,25.8456,25.8854,9336.8351858381,0
BSMP.US,D,20210423,000000,25.9004,25.9004,25.8705,25.8705,438.49510759927,0
BSMP.US,D,20210426,000000,25.8606,25.9004,25.8606,25.8606,978.33576638282,0
BSMP.US,D,20210427,000000,25.8406,25.9103,25.8406,25.8606,7139.3425413474,0
BSMP.US,D,20210428,000000,25.9004,25.9004,25.8406,25.8705,24295.839909156,0
BSMP.US,D,20210429,000000,25.8306,25.8805,25.8256,25.8256,6199.136784321,0
BSMP.US,D,20210430,000000,25.8206,25.8705,25.8206,25.8206,20063.408870589,0
BSMP.US,D,20210503,000000,25.8705,25.8705,25.8356,25.8406,24845.714780929,0
BSMP.US,D,20210504,000000,25.8506,25.8606,25.8066,25.8356,14614.83121781,0
BSMP.US,D,20210505,000000,25.8346,25.8406,25.8106,25.8156,1404.7898183959,0
BSMP.US,D,20210506,000000,25.8256,25.8705,25.8256,25.8256,8532.091304157,0
BSMP.US,D,20210507,000000,25.8606,25.8606,25.8506,25.8506,1460.9814111317,0
BSMP.US,D,20210510,000000,25.8904,25.8904,25.7918,25.7918,1395.7590267061,0
BSMP.US,D,20210511,000000,25.8506,25.8606,25.8106,25.8506,5921.1890845384,0
BSMP.US,D,20210512,000000,25.8406,25.8506,25.7779,25.8056,5917.1753993431,0
BSMP.US,D,20210514,000000,25.7609,25.8406,25.7509,25.8006,4551.5190116025,0
BSMP.US,D,20210517,000000,25.8406,25.8506,25.8056,25.8056,3062.4418041029,0
BSMP.US,D,20210518,000000,25.8406,25.8406,25.8056,25.8056,2022.89733849,0
BSMP.US,D,20210519,000000,25.8356,25.8356,25.7908,25.7908,1474.0258880168,0
BSMP.US,D,20210520,000000,25.8306,25.8406,25.7918,25.8006,4062.8528390605,0
BSMP.US,D,20210521,000000,25.8506,25.8606,25.8096,25.8156,3105.5889199537,0
BSMP.US,D,20210524,000000,25.8406,25.8406,25.7409,25.7908,14466.324865581,0
BSMP.US,D,20210525,000000,25.7609,25.8506,25.7509,25.8106,5094.3699342826,0
BSMP.US,D,20210526,000000,25.8606,25.8705,25.8156,25.8206,1645.6109301208,0
BSMP.US,D,20210527,000000,25.8705,25.8705,25.7977,25.8156,15149.6547701,0
BSMP.US,D,20210528,000000,25.8506,25.8705,25.8256,25.8256,15910.248114632,0
BSMP.US,D,20210601,000000,25.8606,25.8705,25.8206,25.8256,16219.301874678,0
BSMP.US,D,20210602,000000,25.8306,25.8705,25.8306,25.8306,14510.475402731,0
BSMP.US,D,20210603,000000,25.8795,25.8795,25.8316,25.8356,7903.9495710743,0
BSMP.US,D,20210604,000000,25.8106,25.8805,25.8106,25.8506,3041.369956827,0
BSMP.US,D,20210607,000000,25.8206,25.8904,25.8206,25.8506,1611.4946059598,0
BSMP.US,D,20210608,000000,25.8306,25.9203,25.8306,25.8755,10852.001347108,0
BSMP.US,D,20210609,000000,25.8406,25.9393,25.8406,25.9004,4168.2120754402,0
BSMP.US,D,20210610,000000,25.9502,25.9502,25.9203,25.9203,613.0904135999,0
BSMP.US,D,20210611,000000,25.9801,25.9801,25.9303,25.9453,11691.864974249,0
BSMP.US,D,20210614,000000,25.9263,25.9592,25.9153,25.9153,2705.2238217109,0
BSMP.US,D,20210615,000000,25.9801,25.9801,25.9153,25.9153,5685.3850793078,0
BSMP.US,D,20210616,000000,25.8705,25.9193,25.8705,25.8805,2723.2854050903,0
BSMP.US,D,20210617,000000,25.9203,25.9203,25.8805,25.8805,4974.9627997189,0
BSMP.US,D,20210618,000000,25.8506,25.8805,25.8506,25.8805,6421.8963126667,0
BSMP.US,D,20210621,000000,25.8805,25.8894,25.8006,25.8256,8529.0810402604,0
BSMP.US,D,20210622,000000,25.8695,25.8695,25.7809,25.8306,1323.5126931887,0
BSMP.US,D,20210623,000000,25.8256,25.8256,25.7789,25.8106,5024.1304433628,0
BSMP.US,D,20210624,000000,25.8606,25.8606,25.8256,25.8256,2971.1304659072,0
BSMP.US,D,20210625,000000,25.8606,25.8606,25.7908,25.8206,6866.4119480591,0
BSMP.US,D,20210628,000000,25.8406,25.8795,25.8106,25.8456,4386.9579185904,0
BSMP.US,D,20210629,000000,25.8606,25.8795,25.8606,25.8606,6016.5141079297,0
BSMP.US,D,20210630,000000,25.8705,25.8805,25.8506,25.8506,1361.6427025451,0
BSMP.US,D,20210701,000000,25.8705,25.8894,25.8206,25.8506,2001.8254912141,0
BSMP.US,D,20210702,000000,25.8805,25.8805,25.8805,25.8805,1487.0703649019,0
BSMP.US,D,20210706,000000,25.9203,25.9203,25.8506,25.8805,7829.6963949591,0
BSMP.US,D,20210707,000000,25.8715,25.9203,25.8715,25.8854,2331.9510985371,0
BSMP.US,D,20210708,000000,25.9163,25.9602,25.9103,25.9353,2010.8562829037,0
BSMP.US,D,20210709,000000,25.9602,25.9602,25.8705,25.9103,1540.2516937412,0
BSMP.US,D,20210712,000000,25.9103,25.9153,25.8805,25.9153,855.9183679226,0
BSMP.US,D,20210713,000000,25.9343,25.9353,25.9303,25.9353,2213.5473852723,0
BSMP.US,D,20210714,000000,25.9502,25.9502,25.8805,25.9303,5082.3288786964,0
BSMP.US,D,20210715,000000,25.8904,25.9502,25.8904,25.9303,2121.2326257777,0
BSMP.US,D,20210716,000000,25.9253,25.9701,25.9253,25.9403,598.03909411708,0
BSMP.US,D,20210719,000000,25.9701,26.0001,25.9701,25.9701,6968.7609205422,0
BSMP.US,D,20210720,000000,26.009,26.009,25.9253,25.9602,7386.1841808656,0
BSMP.US,D,20210721,000000,25.9901,25.9901,25.9004,25.9004,6441.9647386438,0
BSMP.US,D,20210722,000000,26.0001,26.0001,25.9103,25.9741,8173.869900466,0
BSMP.US,D,20210723,000000,25.9801,25.9801,25.9552,25.9552,907.09285416417,0
BSMP.US,D,20210726,000000,25.9881,26.0011,25.9303,25.9701,3313.2971288165,0
BSMP.US,D,20210727,000000,26.01,26.01,25.9642,25.9701,5971.3601494812,0
BSMP.US,D,20210728,000000,25.9562,25.9851,25.9562,25.9851,4211.3591912909,0
BSMP.US,D,20210729,000000,26.02,26.02,25.9622,25.9701,2722.2819837914,0
BSMP.US,D,20210730,000000,26.0299,26.0299,25.9751,25.9751,1886.4320418459,0
BSMP.US,D,20210802,000000,26.01,26.01,25.9403,25.9751,11341.670940949,0
BSMP.US,D,20210803,000000,25.9971,26.02,25.9851,25.9851,3915.349908129,0
BSMP.US,D,20210804,000000,26.0001,26.0399,25.9512,26.0001,8547.1426236398,0
BSMP.US,D,20210805,000000,25.9801,26.0299,25.9602,25.9951,6541.3034472303,0
BSMP.US,D,20210806,000000,26.0299,26.0299,25.9891,25.9901,3174.8249895746,0
BSMP.US,D,20210809,000000,25.9901,25.9901,25.9791,25.9791,534.82355228927,0
BSMP.US,D,20210810,000000,26.02,26.02,25.9403,25.9403,9704.0873812187,0
BSMP.US,D,20210811,000000,25.9901,26.01,25.9701,25.9701,16865.505191141,0
BSMP.US,D,20210812,000000,25.9991,25.9991,25.9701,25.9701,176.60214859833,0
BSMP.US,D,20210813,000000,25.9751,25.9951,25.9751,25.9951,510.74144111677,0
BSMP.US,D,20210816,000000,26.01,26.01,25.9751,26.0001,3865.1788431862,0
BSMP.US,D,20210817,000000,25.9751,25.9911,25.9203,25.9701,13421.763293474,0
BSMP.US,D,20210818,000000,26.0001,26.0001,25.9651,25.9651,1169.989234464,0
BSMP.US,D,20210819,000000,25.9403,26.01,25.9303,25.9701,13914.443151211,0
BSMP.US,D,20210820,000000,25.9413,26.015,25.9403,25.9701,2237.6294964448,0
BSMP.US,D,20210823,000000,25.9602,25.9951,25.9303,25.9651,2596.8543214346,0
BSMP.US,D,20210825,000000,25.9443,25.9801,25.9443,25.9801,1998.8152273175,0
BSMP.US,D,20210826,000000,25.9602,25.9701,25.9103,25.9353,2335.9647837325,0
BSMP.US,D,20210827,000000,25.9213,25.9213,25.9203,25.9203,512.74828371448,0
BSMP.US,D,20210831,000000,25.9213,25.9502,25.9203,25.9502,3725.7032826455,0
BSMP.US,D,20210901,000000,25.9751,25.9751,25.9453,25.9502,1492.0874713961,0
BSMP.US,D,20210902,000000,25.9721,25.9801,25.9701,25.9801,11009.538491028,0
BSMP.US,D,20210903,000000,25.9801,25.9801,25.9701,25.9701,4126.0683808883,0
BSMP.US,D,20210907,000000,25.9602,25.9602,25.9223,25.9303,2836.6720118607,0
BSMP.US,D,20210908,000000,25.9393,25.9403,25.9203,25.9303,2331.9510985371,0
BSMP.US,D,20210909,000000,25.9203,25.9453,25.9203,25.9453,752.56597414063,0
BSMP.US,D,20210910,000000,25.9801,25.9801,25.9343,25.9502,1736.9222683165,0
BSMP.US,D,20210913,000000,25.9602,25.9801,25.9602,25.9701,94140.986258498,0
BSMP.US,D,20210914,000000,25.9203,25.9801,25.9203,25.9502,1485.0635223042,0
BSMP.US,D,20210915,000000,25.9801,25.9801,25.9383,25.9502,4887.6651467187,0
BSMP.US,D,20210916,000000,25.9602,25.9602,25.9403,25.9403,1337.5605913727,0
BSMP.US,D,20210917,000000,25.9592,25.9602,25.9403,25.9403,5854.9632788141,0
BSMP.US,D,20210920,000000,25.9453,25.9761,25.9103,25.9453,7835.7169227522,0
BSMP.US,D,20210921,000000,25.9353,25.9353,25.9004,25.9303,2737.3333032742,0
BSMP.US,D,20210922,000000,25.9353,25.9602,25.9004,25.9253,1157.9481788778,0
BSMP.US,D,20210923,000000,25.9053,25.9153,25.9053,25.9153,974.3220811874,0
BSMP.US,D,20210924,000000,25.9203,25.9203,25.9103,25.9103,1061.6197341877,0
BSMP.US,D,20210927,000000,25.9004,25.9073,25.9004,25.9004,2669.100654952,0
BSMP.US,D,20210928,000000,25.8805,25.8805,25.8406,25.8406,13225.092718898,0
BSMP.US,D,20210929,000000,25.8556,25.8646,25.8556,25.8646,599.04251541594,0
BSMP.US,D,20210930,000000,25.7609,25.8506,25.7609,25.8356,10233.893827013,0
BSMP.US,D,20211001,000000,25.8596,25.8596,25.8356,25.8356,1281.3689986368,0
BSMP.US,D,20211004,000000,25.7809,25.8606,25.7709,25.8406,8165.8425300752,0
BSMP.US,D,20211005,000000,25.8306,25.8306,25.8306,25.8306,451.53958448438,0
BSMP.US,D,20211006,000000,25.8506,25.8506,25.8166,25.8256,5734.5527229516,0
BSMP.US,D,20211007,000000,25.8326,25.8406,25.8006,25.8006,6209.1709973096,0
BSMP.US,D,20211008,000000,25.8306,25.8406,25.7958,25.7958,809.76098817532,0
BSMP.US,D,20211011,000000,25.7409,25.7759,25.7409,25.7759,2011.8597042026,0
BSMP.US,D,20211012,000000,25.8396,25.8406,25.8106,25.8106,6744.9979708977,0
BSMP.US,D,20211013,000000,25.7709,25.8056,25.7709,25.8056,1370.6734942348,0
BSMP.US,D,20211014,000000,25.8406,25.8406,25.7709,25.8056,2311.8826725601,0
BSMP.US,D,20211015,000000,25.8576,25.8576,25.8576,25.8576,3318.3142353107,0
BSMP.US,D,20211018,000000,25.8106,25.8406,25.7987,25.8106,11753.073673479,0
BSMP.US,D,20211019,000000,25.8406,25.8506,25.7809,25.8156,4845.5214521668,0
BSMP.US,D,20211020,000000,25.8006,25.8006,25.8006,25.8006,366.24877408177,0
BSMP.US,D,20211021,000000,25.7997,25.8006,25.7659,25.7659,1761.0043794891,0
BSMP.US,D,20211022,000000,25.8096,25.8096,25.7609,25.7609,368.25561667948,0
BSMP.US,D,20211025,000000,25.8106,25.8106,25.7659,25.7659,12927.076593139,0
BSMP.US,D,20211026,000000,25.7809,25.7908,25.7209,25.7509,2685.1553957337,0
BSMP.US,D,20211027,000000,25.7209,25.7908,25.7209,25.7659,1413.8206100855,0
BSMP.US,D,20211028,000000,25.7908,25.7908,25.7409,25.7709,2104.1744636972,0
BSMP.US,D,20211029,000000,25.8106,25.8106,25.7809,25.7859,705.40517309448,0
BSMP.US,D,20211101,000000,25.7209,25.8006,25.7209,25.7659,746.5454463475,0
BSMP.US,D,20211102,000000,25.8106,25.8106,25.7809,25.7809,427.45747331187,0
BSMP.US,D,20211103,000000,25.7409,25.8406,25.7409,25.7859,11247.349338856,0
BSMP.US,D,20211104,000000,25.8206,25.8306,25.7958,25.7958,6228.2360019878,0
BSMP.US,D,20211105,000000,25.8296,25.8406,25.7809,25.8106,4960.914901535,0
BSMP.US,D,20211108,000000,25.7509,25.8506,25.7509,25.8056,5673.3440237215,0
BSMP.US,D,20211109,000000,25.7908,25.8536,25.7908,25.8256,3809.9906717493,0
BSMP.US,D,20211110,000000,25.7908,25.8406,25.7908,25.8156,2373.0913717901,0
BSMP.US,D,20211111,000000,25.8106,25.8406,25.7878,25.8056,1497.1045778904,0
BSMP.US,D,20211112,000000,25.8156,25.8426,25.7809,25.8156,2741.3469884696,0
BSMP.US,D,20211115,000000,25.8266,25.8266,25.8046,25.8056,5698.4295561929,0
BSMP.US,D,20211116,000000,25.8206,25.8206,25.7509,25.7809,3315.3039714141,0
BSMP.US,D,20211117,000000,25.8006,25.8006,25.7409,25.7759,2383.1255847786,0
BSMP.US,D,20211118,000000,25.8306,25.8306,25.7908,25.7908,1306.4545311082,0
BSMP.US,D,20211119,000000,25.8306,25.8406,25.7409,25.7809,5545.909518767,0
BSMP.US,D,20211122,000000,25.8406,25.8406,25.7509,25.7809,2492.4985063537,0
BSMP.US,D,20211124,000000,25.7409,25.7709,25.7409,25.7709,242.82795432271,0
BSMP.US,D,20211129,000000,25.7709,25.8406,25.7709,25.8106,6001.4627884468,0
BSMP.US,D,20211130,000000,25.8206,25.8206,25.8156,25.8156,562.91934865719,0
BSMP.US,D,20211201,000000,25.7709,25.8506,25.7709,25.8256,1587.4124947873,0
BSMP.US,D,20211202,000000,25.7609,25.8406,25.7609,25.8106,1511.1524760744,0
BSMP.US,D,20211203,000000,25.8406,25.8606,25.8006,25.8306,4751.1998500745,0
BSMP.US,D,20211206,000000,25.8506,25.8506,25.8056,25.8056,205.7013662651,0
BSMP.US,D,20211207,000000,25.8904,25.8904,25.8904,25.8904,1059.61289159,0
BSMP.US,D,20211208,000000,25.8226,25.8596,25.7908,25.8306,10772.731064499,0
BSMP.US,D,20211209,000000,25.8306,25.8606,25.8006,25.8016,30859.218624961,0
BSMP.US,D,20211210,000000,25.8506,25.8506,25.8006,25.8206,1172.9994983606,0
BSMP.US,D,20211213,000000,25.8206,25.8606,25.8106,25.8356,7236.6744073363,0
BSMP.US,D,20211214,000000,25.8705,25.8904,25.8356,25.8356,6259.3420622523,0
BSMP.US,D,20211215,000000,25.8306,25.8705,25.8206,25.8206,5503.7658242151,0
BSMP.US,D,20211216,000000,25.8695,25.8705,25.8006,25.8356,1425.8616656718,0
BSMP.US,D,20211217,000000,25.8705,25.8805,25.8106,25.8705,21033.717266581,0
BSMP.US,D,20211220,000000,25.7819,25.8506,25.7809,25.8156,3273.1602768623,0
BSMP.US,D,20211221,000000,25.8496,25.8904,25.8056,25.8056,12568.855189448,0
BSMP.US,D,20211222,000000,25.8705,25.8705,25.8306,25.8306,9107.0517084004,0
BSMP.US,D,20211223,000000,25.8006,25.8256,25.8006,25.8256,1397.7658693038,0
BSMP.US,D,20211227,000000,25.8606,25.8805,25.8006,25.8306,12335.058026815,0
BSMP.US,D,20211228,000000,25.8576,25.8606,25.8306,25.8306,4259.523413636,0
BSMP.US,D,20211229,000000,25.8506,25.8506,25.8296,25.8296,5143.5375779265,0
BSMP.US,D,20211230,000000,25.8366,25.8606,25.8306,25.8306,5987.4148902629,0
BSMP.US,D,20211231,000000,25.7918,25.8206,25.7908,25.8206,628.14173308271,0
BSMP.US,D,20220103,000000,25.9004,25.9004,25.8006,25.8106,10130.541433232,0
BSMP.US,D,20220104,000000,25.8406,25.8506,25.8106,25.8456,12527.714916195,0
BSMP.US,D,20220105,000000,25.7609,25.8306,25.7609,25.8106,18995.768608609,0
BSMP.US,D,20220106,000000,25.7809,25.8006,25.7409,25.7659,53599.755520893,0
BSMP.US,D,20220107,000000,25.7011,25.7809,25.7011,25.7349,3783.9017179791,0
BSMP.US,D,20220110,000000,25.711,25.7509,25.711,25.7409,7039.000411462,0
BSMP.US,D,20220111,000000,25.6991,25.711,25.6812,25.6812,5105.40756857,0
BSMP.US,D,20220112,000000,25.709,25.711,25.6822,25.6832,3467.82400884,0
BSMP.US,D,20220113,000000,25.711,25.7209,25.6762,25.6772,4776.2853825459,0
BSMP.US,D,20220114,000000,25.6512,25.6712,25.6512,25.6572,2327.9374133416,0
BSMP.US,D,20220118,000000,25.6512,25.6512,25.6432,25.6512,7839.7306079477,0
BSMP.US,D,20220119,000000,25.6412,25.6512,25.6412,25.6512,6842.3298368866,0
BSMP.US,D,20220120,000000,25.6412,25.6512,25.6412,25.6512,1617.5151337529,0
BSMP.US,D,20220121,000000,25.6412,25.6412,25.5516,25.5715,3189.8763090575,0
BSMP.US,D,20220124,000000,25.5237,25.5715,25.5237,25.5317,18408.767148779,0
BSMP.US,D,20220125,000000,25.5615,25.5615,25.4718,25.4817,7567.8034359581,0
BSMP.US,D,20220126,000000,25.422,25.427,25.422,25.427,650.2170016575,0
BSMP.US,D,20220127,000000,25.442,25.442,25.3473,25.3673,6118.8630804127,0
BSMP.US,D,20220128,000000,25.3723,25.3723,25.3123,25.3273,8973.5966756528,0
BSMP.US,D,20220131,000000,25.3822,25.3822,25.2526,25.2875,21777.252449032,0
BSMP.US,D,20220201,000000,25.2925,25.3025,25.2925,25.3025,654.23068685292,0
BSMP.US,D,20220202,000000,25.3523,25.3723,25.3103,25.3423,20805.940631741,0
BSMP.US,D,20220203,000000,25.3523,25.3523,25.3173,25.3473,3655.4637917258,0
BSMP.US,D,20220204,000000,25.3523,25.3623,25.3223,25.3323,7854.7819274305,0
BSMP.US,D,20220207,000000,25.3723,25.3723,25.3343,25.3343,1637.58355973,0
BSMP.US,D,20220208,000000,25.3623,25.3623,25.3123,25.3123,4559.5463819934,0
BSMP.US,D,20220209,000000,25.2536,25.3323,25.2536,25.3084,5721.5082460665,0
BSMP.US,D,20220210,000000,25.2825,25.2925,25.1928,25.2198,12655.149421149,0
BSMP.US,D,20220211,000000,25.2626,25.2626,25.1828,25.2168,5740.5732507447,0
BSMP.US,D,20220214,000000,25.2426,25.2426,25.143,25.1629,9226.4588429641,0
BSMP.US,D,20220215,000000,25.0841,25.1928,25.0841,25.1808,21835.450884366,0
BSMP.US,D,20220216,000000,25.1828,25.1828,25.0941,25.1331,1942.6236345816,0
BSMP.US,D,20220217,000000,25.1529,25.1728,25.1131,25.1579,12751.477865839,0
BSMP.US,D,20220218,000000,25.1928,25.2028,25.1728,25.1728,9886.7100576101,0
BSMP.US,D,20220222,000000,25.2626,25.2626,25.148,25.148,35080.612029241,0
BSMP.US,D,20220223,000000,25.1331,25.1728,25.1331,25.151,5701.4398200893,0
BSMP.US,D,20220224,000000,25.2228,25.2228,25.144,25.1678,6577.4266139891,0
BSMP.US,D,20220225,000000,25.1629,25.1728,25.1231,25.1231,4290.6294739004,0
BSMP.US,D,20220228,000000,25.2128,25.2326,25.143,25.2028,10251.955410392,0
BSMP.US,D,20220301,000000,25.2128,25.2228,25.1848,25.2078,6243.2873214706,0
BSMP.US,D,20220302,000000,25.2028,25.2128,25.1629,25.1629,5009.07912388,0
BSMP.US,D,20220303,000000,25.1539,25.1828,25.1331,25.1579,2772.4530487341,0
BSMP.US,D,20220304,000000,25.1131,25.2118,25.1131,25.1928,11193.164588718,0
BSMP.US,D,20220307,000000,25.2118,25.2118,25.1231,25.1231,8173.869900466,0
BSMP.US,D,20220308,000000,25.1629,25.1629,25.0841,25.1231,6121.8733443093,0
BSMP.US,D,20220309,000000,25.1231,25.1331,25.0741,25.1231,3182.8523599654,0
BSMP.US,D,20220310,000000,25.0841,25.0891,25.0841,25.0891,23735.930824395,0
BSMP.US,D,20220311,000000,25.0741,25.0791,24.9845,25.0194,4336.7868536477,0
BSMP.US,D,20220314,000000,24.9058,24.9297,24.8649,24.8649,18522.153755548,0
BSMP.US,D,20220315,000000,24.8998,24.9247,24.8998,24.8998,3046.3870633213,0
BSMP.US,D,20220316,000000,24.8948,24.9048,24.8251,24.8749,7147.3699117382,0
BSMP.US,D,20220317,000000,24.9457,24.9646,24.9147,24.9147,1191.0610817399,0
BSMP.US,D,20220318,000000,24.9546,24.9646,24.9147,24.9347,14827.556533168,0
BSMP.US,D,20220321,000000,24.9447,24.9447,24.8251,24.843,11547.372307214,0
BSMP.US,D,20220322,000000,24.847,24.8849,24.7702,24.835,22340.171797689,0
BSMP.US,D,20220323,000000,24.7952,24.8649,24.7952,24.8539,6982.8088187262,0
BSMP.US,D,20220324,000000,24.7902,24.8151,24.7354,24.7662,24544.688391273,0
BSMP.US,D,20220325,000000,24.7055,24.7652,24.6755,24.7055,30637.462517915,0
BSMP.US,D,20220328,000000,24.7075,24.7075,24.6556,24.6905,2424.2658580316,0
BSMP.US,D,20220329,000000,24.7453,24.7453,24.6058,24.6258,15860.077049689,0
BSMP.US,D,20220330,000000,24.6656,24.7453,24.6358,24.6955,10568.033119532,0
BSMP.US,D,20220331,000000,24.6745,24.7155,24.6745,24.6905,3467.82400884,0
BSMP.US,D,20220401,000000,24.7255,24.7255,24.6556,24.7155,12206.620100561,0
BSMP.US,D,20220404,000000,24.7155,24.7354,24.6656,24.7055,14008.764753304,0
BSMP.US,D,20220405,000000,24.6855,24.6955,24.6278,24.6606,5248.8968143061,0
BSMP.US,D,20220406,000000,24.6358,24.6457,24.6158,24.6158,46723.309359845,0
BSMP.US,D,20220407,000000,24.5659,24.6358,24.5659,24.5809,9286.6641208953,0
BSMP.US,D,20220408,000000,24.5659,24.5759,24.5261,24.551,8171.8630578683,0
BSMP.US,D,20220411,000000,24.5859,24.5859,24.4962,24.556,9451.2252139074,0
BSMP.US,D,20220412,000000,24.4862,24.5659,24.4862,24.4962,13050.497412897,0
BSMP.US,D,20220413,000000,24.5759,24.5759,24.4713,24.4713,4507.368474453,0
BSMP.US,D,20220414,000000,24.5161,24.5161,24.4363,24.4962,9323.790708953,0
BSMP.US,D,20220418,000000,24.4264,24.4862,24.4264,24.4563,2728.3025115845,0
BSMP.US,D,20220419,000000,24.4363,24.4363,24.2969,24.2969,8295.2838776274,0
BSMP.US,D,20220420,000000,24.4264,24.4264,24.3169,24.3966,28138.943483768,0
BSMP.US,D,20220421,000000,24.4164,24.4165,24.3267,24.3616,16553.441167197,0
BSMP.US,D,20220422,000000,24.3866,24.4065,24.3471,24.3766,70887.701078852,0
BSMP.US,D,20220425,000000,24.3567,24.4065,24.2869,24.3575,14989.107362284,0
BSMP.US,D,20220426,000000,24.3966,24.4065,24.3267,24.3566,31188.340810985,0
BSMP.US,D,20220427,000000,24.3566,24.3766,24.2869,24.3296,79359.587105077,0
BSMP.US,D,20220428,000000,24.3269,24.3467,24.257,24.3119,28908.567619988,0
BSMP.US,D,20220429,000000,24.2869,24.3666,24.257,24.2969,73849.80075307,0
BSMP.US,D,20220502,000000,24.277,24.3267,24.237,24.272,59580.146462064,0
BSMP.US,D,20220503,000000,24.3367,24.3367,24.257,24.2819,12766.529185322,0
BSMP.US,D,20220504,000000,24.2969,24.3349,24.2271,24.3019,5913.1617141476,0
BSMP.US,D,20220505,000000,24.266,24.2859,24.1873,24.237,38790.260571105,0
BSMP.US,D,20220506,000000,24.1973,24.247,24.1673,24.1973,7985.2266962815,0
BSMP.US,D,20220509,000000,24.1773,24.277,24.1773,24.2022,17149.473418717,0
BSMP.US,D,20220510,000000,24.2092,24.237,24.1673,24.237,35979.677513014,0
BSMP.US,D,20220511,000000,24.237,24.237,24.1823,24.1873,9738.2037053797,0
BSMP.US,D,20220512,000000,24.277,24.277,24.1673,24.1873,16132.004221679,0
BSMP.US,D,20220513,000000,24.1474,24.1647,24.1474,24.1474,28924.622360771,0
BSMP.US,D,20220516,000000,24.1773,24.2072,24.1573,24.1773,8044.4285529139,0
BSMP.US,D,20220517,000000,24.0876,24.1572,24.0776,24.1076,39983.328495442,0
BSMP.US,D,20220518,000000,24.1175,24.1474,24.0776,24.1175,32611.19221276,0
BSMP.US,D,20220519,000000,24.1374,24.1673,24.0577,24.1096,135424.74875726,0
BSMP.US,D,20220520,000000,24.1863,24.267,24.1573,24.2271,64170.798904322,0
BSMP.US,D,20220523,000000,24.1773,24.2171,24.1773,24.2122,14748.286250558,0
BSMP.US,D,20220524,000000,24.2271,24.3367,24.2271,24.3069,9233.4827920561,0
BSMP.US,D,20220525,000000,24.4563,24.4563,24.4165,24.4264,29090.186875082,0
BSMP.US,D,20220526,000000,24.4264,24.546,24.4264,24.5012,47534.07376932,0
BSMP.US,D,20220527,000000,24.5161,24.5949,24.5161,24.5647,23893.467968315,0
BSMP.US,D,20220531,000000,24.5261,24.6058,24.4763,24.5859,18083.658647949,0
BSMP.US,D,20220601,000000,24.5859,24.6556,24.5759,24.5958,53216.448584731,0
BSMP.US,D,20220602,000000,24.5759,24.6556,24.5659,24.6058,55033.644556957,0
BSMP.US,D,20220603,000000,24.5759,24.6358,24.5261,24.6058,58797.477848958,0
BSMP.US,D,20220606,000000,24.6457,24.6955,24.5859,24.6208,93419.526344623,0
BSMP.US,D,20220607,000000,24.6058,24.6158,24.6058,24.6158,15194.808728549,0
BSMP.US,D,20220608,000000,24.6108,24.6358,24.6058,24.6208,34008.958082065,0
BSMP.US,D,20220609,000000,24.6158,24.6158,24.5731,24.5809,21946.830648538,0
BSMP.US,D,20220610,000000,24.5274,24.5859,24.4763,24.5261,50588.488203032,0
BSMP.US,D,20220613,000000,24.4663,24.4762,24.2171,24.232,31167.268963709,0
BSMP.US,D,20220614,000000,24.247,24.2783,24.1873,24.2271,56965.23055725,0
BSMP.US,D,20220615,000000,24.277,24.2969,24.237,24.277,11048.671921684,0
BSMP.US,D,20220616,000000,24.1773,24.2969,24.1773,24.2271,63803.546708942,0
BSMP.US,D,20220617,000000,24.2869,24.2869,24.2271,24.267,8355.4891555587,0
BSMP.US,D,20220621,000000,24.24,24.2999,24.2201,24.2372,43690.802928428,0
BSMP.US,D,20220622,000000,24.3298,24.3597,24.27,24.3498,22550.641577564,0
BSMP.US,D,20220623,000000,24.3897,24.4296,24.3697,24.3797,41580.596192674,0
BSMP.US,D,20220624,000000,24.3696,24.4495,24.3312,24.3681,51083.04258137,0
BSMP.US,D,20220627,000000,24.3697,24.3997,24.3198,24.3473,41518.442835136,0
BSMP.US,D,20220628,000000,24.3498,24.3997,24.3237,24.3386,28001.09004421,0
BSMP.US,D,20220629,000000,24.3797,24.4246,24.3597,24.4095,21779.739449395,0
BSMP.US,D,20220630,000000,24.4894,24.5393,24.4495,24.4695,27578.046223551,0
BSMP.US,D,20220701,000000,24.5393,24.5493,24.4796,24.5193,16621.010773772,0
BSMP.US,D,20220705,000000,24.5593,24.5792,24.5193,24.5443,40661.327985222,0
BSMP.US,D,20220706,000000,24.5882,24.5892,24.4894,24.5243,7693.9841790533,0
BSMP.US,D,20220707,000000,24.5593,24.5951,24.5593,24.5737,10081.876076708,0
BSMP.US,D,20220708,000000,24.5493,24.5692,24.5094,24.5692,11878.308604248,0
BSMP.US,D,20220711,000000,24.609,24.6291,24.5605,24.5892,15402.002987228,0
BSMP.US,D,20220712,000000,24.659,24.6989,24.6442,24.669,19360.770872972,0
BSMP.US,D,20220713,000000,24.5942,24.669,24.5936,24.649,19552.243313128,0
BSMP.US,D,20220714,000000,24.6091,24.7289,24.5692,24.659,54829.286083276,0
BSMP.US,D,20220715,000000,24.6108,24.7189,24.6108,24.6889,45291.753121776,0
BSMP.US,D,20220718,000000,24.6979,24.6989,24.639,24.669,6379.0171982303,0
BSMP.US,D,20220719,000000,24.669,24.669,24.599,24.639,10815.593121219,0
BSMP.US,D,20220720,000000,24.6889,24.6889,24.639,24.6789,4532.6967283611,0
BSMP.US,D,20220721,000000,24.6989,24.7389,24.669,24.7039,7312.1900170579,0
BSMP.US,D,20220722,000000,24.8787,24.8787,24.609,24.7139,35860.069212779,0
BSMP.US,D,20220725,000000,24.7379,24.7489,24.669,24.6989,9121.463926523,0
BSMP.US,D,20220726,000000,24.7389,24.7688,24.7145,24.7145,8163.2596479629,0
BSMP.US,D,20220727,000000,24.7089,24.7838,24.6989,24.7638,4431.5696310418,0
BSMP.US,D,20220728,000000,24.7588,24.8088,24.7489,24.8088,3722.6786914174,0
BSMP.US,D,20220729,000000,24.8487,25.1484,24.7988,24.8487,78947.221479526,0
BSMP.US,D,20220801,000000,24.8887,24.8887,24.8387,24.8445,30416.227350155,0
BSMP.US,D,20220802,000000,24.8587,24.8687,24.7788,24.8038,20347.572987355,0
BSMP.US,D,20220803,000000,24.7988,24.8487,24.7888,24.8336,24367.625420394,0
BSMP.US,D,20220804,000000,24.8987,24.8987,24.7688,24.8687,33157.672820059,0
BSMP.US,D,20220805,000000,24.8188,24.8188,24.7588,24.7792,7177.0201345024,0
BSMP.US,D,20220808,000000,24.8278,24.8288,24.7489,24.7938,15097.975252255,0
BSMP.US,D,20220809,000000,24.7888,24.8078,24.6989,24.7605,135455.24119645,0
BSMP.US,D,20220810,000000,24.8188,24.8387,24.7688,24.7934,14289.95973209,0
BSMP.US,D,20220811,000000,24.8188,24.8288,24.7738,24.7738,23260.233641828,0
BSMP.US,D,20220812,000000,24.8238,24.8288,24.7589,24.7888,14141.773490473,0
BSMP.US,D,20220815,000000,24.8188,24.8288,24.7788,24.7938,22520.303692136,0
BSMP.US,D,20220816,000000,24.7588,24.7988,24.7455,24.747,13904.475252209,0
BSMP.US,D,20220817,000000,24.7189,24.7189,24.6229,24.6491,17408.879614759,0
BSMP.US,D,20220818,000000,24.649,24.649,24.6099,24.634,8626.8422822088,0
BSMP.US,D,20220819,000000,24.5886,24.629,24.5494,24.5691,24497.789011003,0
BSMP.US,D,20220822,000000,24.4593,24.5491,24.4593,24.4792,4534.6992451397,0
BSMP.US,D,20220823,000000,24.4892,24.5491,24.4792,24.4892,13834.387164958,0
BSMP.US,D,20220824,000000,24.4692,24.4792,24.4642,24.4643,4003.0310404214,0
BSMP.US,D,20220825,000000,24.4792,24.5181,24.4692,24.4792,14875.69588983,0
BSMP.US,D,20220826,000000,24.5191,24.5191,24.3993,24.4323,78277.379617085,0
BSMP.US,D,20220829,000000,24.5291,24.5291,24.3994,24.4542,29557.147652136,0
BSMP.US,D,20220830,000000,24.4892,24.4892,24.3693,24.4492,23360.359480758,0
BSMP.US,D,20220831,000000,24.4093,24.4492,24.3494,24.3893,14407.106963638,0
BSMP.US,D,20220901,000000,24.3394,24.3993,24.3022,24.3993,21826.431628351,0
BSMP.US,D,20220902,000000,24.3694,24.3982,24.3691,24.3793,9025.3431211502,0
BSMP.US,D,20220906,000000,24.3394,24.3394,24.2595,24.3194,30744.640101846,0
BSMP.US,D,20220907,000000,24.2894,24.3793,24.2894,24.3494,24926.327601623,0
BSMP.US,D,20220908,000000,24.3294,24.3494,24.3094,24.334,8772.0247486573,0
BSMP.US,D,20220909,000000,24.3593,24.3943,24.3294,24.3494,12588.821728669,0
BSMP.US,D,20220912,000000,24.3594,24.3993,24.343,24.3545,14308.983641486,0
BSMP.US,D,20220913,000000,24.3044,24.3394,24.2894,24.3394,13818.367030729,0
BSMP.US,D,20220914,000000,24.3693,24.3693,24.2645,24.2695,5835.3338928404,0
BSMP.US,D,20220915,000000,24.2894,24.2894,24.2545,24.2545,1523.9152685146,0
BSMP.US,D,20220916,000000,24.3294,24.3294,24.2295,24.2637,39770.984481385,0
BSMP.US,D,20220919,000000,24.2295,24.2295,24.1896,24.2195,40123.427434419,0
BSMP.US,D,20220920,000000,24.1296,24.1596,24.1097,24.1196,39520.66988406,0
BSMP.US,D,20220921,000000,24.1496,24.1496,24.0676,24.0997,66262.278945485,0
BSMP.US,D,20220922,000000,23.9898,24.0897,23.9598,24.0298,31603.719799865,0
BSMP.US,D,20220923,000000,23.9798,24.0098,23.8899,23.9399,43305.426595614,0
BSMP.US,D,20220926,000000,23.9399,23.9399,23.82,23.845,9464.8955540529,0
BSMP.US,D,20220927,000000,23.7601,23.84,23.7601,23.81,7300.1749163863,0
BSMP.US,D,20220928,000000,23.7985,23.86,23.7601,23.8099,18074.716443644,0
BSMP.US,D,20220929,000000,23.7941,23.81,23.7802,23.7951,6537.2160237397,0
BSMP.US,D,20220930,000000,23.81,23.82,23.7654,23.7654,36472.839347031,0
BSMP.US,D,20221003,000000,23.825,23.8798,23.825,23.83,12828.122483712,0
BSMP.US,D,20221004,000000,23.9598,23.9798,23.9099,23.9299,8315.4509231365,0
BSMP.US,D,20221005,000000,23.9499,23.9499,23.8899,23.9299,7299.173657997,0
BSMP.US,D,20221006,000000,23.9499,23.9798,23.9099,23.9352,49910.728189826,0
BSMP.US,D,20221007,000000,23.9499,23.9898,23.9099,23.9312,38461.338508181,0
BSMP.US,D,20221010,000000,23.8899,23.9998,23.8899,23.9598,62646.734901722,0
BSMP.US,D,20221011,000000,23.9399,23.9798,23.8899,23.9399,15490.46854086,0
BSMP.US,D,20221012,000000,24.0098,24.2295,23.9698,23.9848,272781.8343225,0
BSMP.US,D,20221013,000000,23.9399,24.0897,23.861,23.9353,57507.275589445,0
BSMP.US,D,20221014,000000,23.9299,23.9698,23.89,23.9261,26655.500839945,0
BSMP.US,D,20221017,000000,23.9862,24.0098,23.9618,23.9618,49649.399750219,0
BSMP.US,D,20221018,000000,23.9698,24.0098,23.9693,23.9797,18797.625000718,0
BSMP.US,D,20221019,000000,23.9499,24.0497,23.9349,23.9399,250277.5507646,0
BSMP.US,D,20221020,000000,23.9898,23.9898,23.9199,23.9299,24732.083474099,0
BSMP.US,D,20221021,000000,23.87,23.8999,23.8001,23.84,38415.280622273,0
BSMP.US,D,20221024,000000,23.8389,23.8389,23.74,23.75,109985,0
BSMP.US,D,20221025,000000,23.75,23.785,23.72,23.7306,28238,0
BSMP.US,D,20221026,000000,23.7308,23.81,23.72,23.7759,60035,0
BSMP.US,D,20221027,000000,23.8,23.805,23.7401,23.7651,28181,0
BSMP.US,D,20221028,000000,23.75,23.75,23.73,23.745,13084,0
BSMP.US,D,20221031,000000,23.8,23.8,23.77,23.785,32804,0
BSMP.US,D,20221101,000000,23.81,23.83,23.76,23.7813,33560,0
BSMP.US,D,20221102,000000,23.78,23.88,23.78,23.8436,57051,0
BSMP.US,D,20221103,000000,23.78,23.84,23.78,23.8,49730,0
BSMP.US,D,20221104,000000,23.85,23.85,23.78,23.7999,37463,0
BSMP.US,D,20221107,000000,23.84,23.84,23.76,23.7945,96894,0
BSMP.US,D,20221108,000000,23.83,23.88,23.79,23.8237,70564,0
BSMP.US,D,20221109,000000,23.87,23.87,23.82,23.8509,34231,0
BSMP.US,D,20221110,000000,24,24.08,24,24.08,30776,0
BSMP.US,D,20221111,000000,24.035,24.1,24.035,24.08,18626,0
BSMP.US,D,20221114,000000,24.1,24.1,24.015,24.04,16953,0
BSMP.US,D,20221115,000000,24.11,24.12,24.05,24.1,36254,0
BSMP.US,D,20221116,000000,24.15,24.18,24.06,24.1657,72201,0
BSMP.US,D,20221117,000000,24.22,24.23,24.1419,24.23,48592,0
BSMP.US,D,20221118,000000,24.22,24.41,24.195,24.23,133893,0
BSMP.US,D,20221121,000000,24.1875,24.29,24.1875,24.2072,40460,0
BSMP.US,D,20221122,000000,24.19,24.27,24.19,24.25,24438,0
BSMP.US,D,20221123,000000,24.26,24.31,24.23,24.27,49463,0
BSMP.US,D,20221125,000000,24.3,24.3,24.25,24.275,10812,0
BSMP.US,D,20221128,000000,24.275,24.31,24.25,24.29,34914,0
BSMP.US,D,20221129,000000,24.32,24.39,24.28,24.3279,29303,0
BSMP.US,D,20221130,000000,24.349,24.41,24.301,24.385,47660,0
BSMP.US,D,20221201,000000,24.41,24.46,24.37,24.42,68203,0
BSMP.US,D,20221202,000000,24.38,24.49,24.38,24.4247,67001,0
BSMP.US,D,20221205,000000,24.45,24.47,24.38,24.4058,40012,0
BSMP.US,D,20221206,000000,24.48,24.48,24.4141,24.4372,70542,0
BSMP.US,D,20221207,000000,24.5,24.52,24.46,24.49,75956,0
BSMP.US,D,20221208,000000,24.49,24.49,24.4401,24.48,15106,0
BSMP.US,D,20221209,000000,24.52,24.52,24.43,24.44,18463,0
BSMP.US,D,20221212,000000,24.45,24.48,24.43,24.47,58944,0
BSMP.US,D,20221213,000000,24.519,24.52,24.43,24.49,39729,0
BSMP.US,D,20221214,000000,24.5,24.5,24.4401,24.4552,40236,0
BSMP.US,D,20221215,000000,24.53,24.53,24.445,24.47,114734,0
BSMP.US,D,20221216,000000,24.4249,24.47,24.42,24.42,56905,0
BSMP.US,D,20221219,000000,24.3956,24.42,24.38,24.42,32354,0
BSMP.US,D,20221220,000000,24.39,24.4,24.32,24.38,47303,0
BSMP.US,D,20221221,000000,24.369,24.38,24.3341,24.37,39355,0
BSMP.US,D,20221222,000000,24.31,24.42,24.31,24.35,56053,0
BSMP.US,D,20221223,000000,24.4,24.42,24.3,24.3792,126300,0
BSMP.US,D,20221227,000000,24.344,24.38,24.3,24.33,34784,0
BSMP.US,D,20221228,000000,24.3,24.45,24.3,24.355,85890,0
BSMP.US,D,20221229,000000,24.34,24.38,24.31,24.32,66121,0
BSMP.US,D,20221230,000000,24.26,24.36,24.25,24.32,72243,0
BSMP.US,D,20230103,000000,24.39,24.39,24.32,24.37,26446,0
BSMP.US,D,20230104,000000,24.44,24.45,24.4161,24.435,46726,0
BSMP.US,D,20230105,000000,24.429,24.48,24.415,24.43,29788,0
BSMP.US,D,20230106,000000,24.37,24.52,24.37,24.46,37434,0
BSMP.US,D,20230109,000000,24.54,24.54,24.51,24.535,41496,0
BSMP.US,D,20230110,000000,24.55,24.55,24.5001,24.525,7072,0
BSMP.US,D,20230111,000000,24.56,24.58,24.5,24.56,46390,0
BSMP.US,D,20230112,000000,24.59,24.61,24.57,24.6,27958,0
BSMP.US,D,20230113,000000,24.59,24.62,24.58,24.5944,30880,0
BSMP.US,D,20230117,000000,24.62,24.83,24.5937,24.65,123513,0
BSMP.US,D,20230118,000000,24.66,24.77,24.6349,24.64,122336,0
BSMP.US,D,20230119,000000,24.679,24.71,24.65,24.685,50249,0
BSMP.US,D,20230120,000000,24.689,24.69,24.65,24.67,7482,0
BSMP.US,D,20230123,000000,24.61,24.66,24.61,24.6178,75298,0
BSMP.US,D,20230124,000000,24.64,24.66,24.62,24.6354,50977,0
BSMP.US,D,20230125,000000,24.64,24.6683,24.6318,24.64,23845,0
BSMP.US,D,20230126,000000,24.66,24.66,24.6101,24.65,26960,0
BSMP.US,D,20230127,000000,24.65,24.65,24.6001,24.64,21560,0
BSMP.US,D,20230130,000000,24.66,24.66,24.61,24.65,12484,0
BSMP.US,D,20230131,000000,24.67,24.67,24.61,24.65,37455,0
BSMP.US,D,20230201,000000,24.68,24.72,24.64,24.7,29689,0
BSMP.US,D,20230202,000000,24.69,24.72,24.6399,24.69,69001,0
BSMP.US,D,20230203,000000,24.63,24.64,24.59,24.6,85706,0
BSMP.US,D,20230206,000000,24.61,24.61,24.56,24.595,40785,0
BSMP.US,D,20230207,000000,24.58,24.59,24.55,24.56,31178,0
BSMP.US,D,20230208,000000,24.58,24.59,24.56,24.5754,10863,0
BSMP.US,D,20230209,000000,24.58,24.59,24.52,24.57,29538,0
BSMP.US,D,20230210,000000,24.5301,24.56,24.5301,24.56,53062,0
BSMP.US,D,20230213,000000,24.5206,24.56,24.52,24.52,29755,0
BSMP.US,D,20230214,000000,24.5,24.52,24.47,24.5,14357,0
BSMP.US,D,20230215,000000,24.487,24.487,24.39,24.45,24333,0
BSMP.US,D,20230216,000000,24.43,24.46,24.35,24.355,11036,0
BSMP.US,D,20230217,000000,24.32,24.34,24.3,24.32,14807,0
BSMP.US,D,20230221,000000,24.24,24.25,24.22,24.23,20248,0
BSMP.US,D,20230222,000000,24.2,24.22,24.16,24.205,21934,0
BSMP.US,D,20230223,000000,24.23,24.24,24.2133,24.23,19039,0
BSMP.US,D,20230224,000000,24.22,24.22,24.1737,24.185,12490,0
BSMP.US,D,20230227,000000,24.24,24.24,24.201,24.22,59128,0
BSMP.US,D,20230228,000000,24.1936,24.24,24.1936,24.24,16214,0
BSMP.US,D,20230301,000000,24.21,24.22,24.19,24.22,31176,0
BSMP.US,D,20230302,000000,24.23,24.23,24.18,24.2168,25246,0
BSMP.US,D,20230303,000000,24.23,24.255,24.2101,24.255,35925,0
BSMP.US,D,20230306,000000,24.2411,24.275,24.23,24.245,21621,0
BSMP.US,D,20230307,000000,24.25,24.25,24.21,24.22,25004,0
BSMP.US,D,20230308,000000,24.25,24.28,24.21,24.2404,43881,0
BSMP.US,D,20230309,000000,24.28,24.31,24.27,24.29,17778,0
BSMP.US,D,20230310,000000,24.38,24.38,24.32,24.345,17111,0
BSMP.US,D,20230313,000000,24.41,24.44,24.31,24.4188,65736,0
BSMP.US,D,20230314,000000,24.39,24.42,24.33,24.385,23016,0
BSMP.US,D,20230315,000000,24.5,24.5,24.44,24.4846,23799,0
BSMP.US,D,20230316,000000,24.4701,24.48,24.41,24.4404,55372,0
BSMP.US,D,20230317,000000,24.54,24.54,24.45,24.52,42197,0
BSMP.US,D,20230320,000000,24.42,24.46,24.38,24.44,27275,0
BSMP.US,D,20230321,000000,24.45,24.45,24.4,24.43,65568,0
BSMP.US,D,20230322,000000,24.4119,24.53,24.41,24.48,162924,0
BSMP.US,D,20230323,000000,24.4951,24.4951,24.45,24.4654,9774,0
BSMP.US,D,20230324,000000,24.53,24.53,24.47,24.485,14530,0
BSMP.US,D,20230327,000000,24.49,24.51,24.45,24.49,39126,0
BSMP.US,D,20230328,000000,24.46,24.51,24.46,24.48,22097,0
BSMP.US,D,20230329,000000,24.52,24.53,24.48,24.53,14329,0
BSMP.US,D,20230330,000000,24.5238,24.55,24.5,24.52,30620,0
BSMP.US,D,20230331,000000,24.55,24.55,24.48,24.54,49340,0
BSMP.US,D,20230403,000000,24.5599,24.58,24.54,24.57,25605,0
BSMP.US,D,20230404,000000,24.56,24.6,24.5501,24.58,14247,0
BSMP.US,D,20230405,000000,24.61,24.65,24.59,24.61,38671,0
BSMP.US,D,20230406,000000,24.61,24.63,24.59,24.6184,34683,0
BSMP.US,D,20230410,000000,24.61,24.61,24.57,24.575,32350,0
BSMP.US,D,20230411,000000,24.6,24.63,24.56,24.62,40613,0
BSMP.US,D,20230412,000000,24.65,24.66,24.61,24.645,18317,0
BSMP.US,D,20230413,000000,24.6389,24.64,24.54,24.5696,17075,0
BSMP.US,D,20230414,000000,24.58,24.59,24.52,24.5463,35850,0
BSMP.US,D,20230417,000000,24.51,24.55,24.51,24.54,19701,0
BSMP.US,D,20230418,000000,24.45,24.53,24.45,24.45,27097,0
BSMP.US,D,20230419,000000,24.45,24.45,24.37,24.42,17527,0
BSMP.US,D,20230420,000000,24.38,24.48,24.36,24.42,29061,0
BSMP.US,D,20230421,000000,24.47,24.47,24.4,24.42,21524,0
BSMP.US,D,20230424,000000,24.37,24.45,24.36,24.43,8017,0
BSMP.US,D,20230425,000000,24.46,24.46,24.38,24.455,23569,0
BSMP.US,D,20230426,000000,24.48,24.48,24.4099,24.4354,49962,0
BSMP.US,D,20230427,000000,24.42,24.44,24.39,24.3941,33948,0
BSMP.US,D,20230428,000000,24.45,24.45,24.41,24.4281,24956,0
BSMP.US,D,20230501,000000,24.4,24.41,24.38,24.3854,23467,0
BSMP.US,D,20230502,000000,24.42,24.44,24.4012,24.4154,8693,0
BSMP.US,D,20230503,000000,24.42,24.44,24.42,24.4246,15639,0
BSMP.US,D,20230504,000000,24.37,24.46,24.37,24.42,17235,0
BSMP.US,D,20230505,000000,24.4106,24.46,24.41,24.4382,34363,0
BSMP.US,D,20230508,000000,24.43,24.45,24.4101,24.4459,18356,0
BSMP.US,D,20230509,000000,24.47,24.47,24.4301,24.445,10706,0
BSMP.US,D,20230510,000000,24.4,24.47,24.4,24.44,16126,0
BSMP.US,D,20230511,000000,24.459,24.459,24.4401,24.445,18211,0
BSMP.US,D,20230512,000000,24.44,24.44,24.41,24.42,5400,0
BSMP.US,D,20230515,000000,24.43,24.43,24.39,24.43,22106,0
BSMP.US,D,20230516,000000,24.46,24.46,24.38,24.41,30850,0
BSMP.US,D,20230517,000000,24.38,24.4,24.37,24.39,13758,0
BSMP.US,D,20230518,000000,24.37,24.37,24.3,24.31,12582,0
BSMP.US,D,20230519,000000,24.299,24.299,24.26,24.26,9254,0
BSMP.US,D,20230522,000000,24.23,24.24,24.2,24.22,13805,0
BSMP.US,D,20230523,000000,24.24,24.24,24.19,24.1996,20460,0
BSMP.US,D,20230524,000000,24.175,24.19,24.16,24.17,10558,0
BSMP.US,D,20230525,000000,24.1699,24.2,24.16,24.16,32961,0
BSMP.US,D,20230526,000000,24.22,24.22,24.15,24.2,19718,0
BSMP.US,D,20230530,000000,24.22,24.27,24.215,24.255,22727,0
BSMP.US,D,20230531,000000,24.29,24.3,24.09,24.275,67613,0
BSMP.US,D,20230601,000000,24.32,24.33,24.29,24.31,29745,0
BSMP.US,D,20230602,000000,24.307,24.307,24.2601,24.29,13160,0
BSMP.US,D,20230605,000000,24.28,24.32,24.27,24.32,17440,0
BSMP.US,D,20230606,000000,24.31,24.34,24.26,24.32,45332,0
BSMP.US,D,20230607,000000,24.31,24.33,24.3,24.32,22532,0
BSMP.US,D,20230608,000000,24.31,24.32,24.28,24.32,72098,0
BSMP.US,D,20230609,000000,24.281,24.339,24.281,24.32,19058,0
BSMP.US,D,20230612,000000,24.34,24.35,24.29,24.35,26563,0
BSMP.US,D,20230613,000000,24.31,24.35,24.31,24.34,21035,0
BSMP.US,D,20230614,000000,24.27,24.36,24.27,24.32,19818,0
BSMP.US,D,20230615,000000,24.37,24.37,24.34,24.37,43822,0
BSMP.US,D,20230616,000000,24.37,24.37,24.3301,24.37,11522,0
BSMP.US,D,20230620,000000,24.29,24.37,24.29,24.3,62136,0
BSMP.US,D,20230621,000000,24.35,24.35,24.31,24.31,8269,0
BSMP.US,D,20230622,000000,24.339,24.36,24.3161,24.3445,54169,0
BSMP.US,D,20230623,000000,24.39,24.39,24.3401,24.3641,23553,0
BSMP.US,D,20230626,000000,24.3181,24.35,24.28,24.31,37522,0
BSMP.US,D,20230627,000000,24.39,24.39,24.2904,24.3454,22899,0
BSMP.US,D,20230628,000000,24.29,24.38,24.29,24.34,7717,0
BSMP.US,D,20230629,000000,24.34,24.36,24.31,24.35,41797,0
BSMP.US,D,20230630,000000,24.37,24.37,24.32,24.35,20600,0
BSMP.US,D,20230703,000000,24.3473,24.37,24.3401,24.36,11163,0
BSMP.US,D,20230705,000000,24.37,24.37,24.32,24.34,21860,0
BSMP.US,D,20230706,000000,24.3,24.39,24.3,24.3558,194628,0
BSMP.US,D,20230707,000000,24.36,24.36,24.3185,24.3308,71506,0
BSMP.US,D,20230710,000000,24.32,24.36,24.32,24.345,30044,0
BSMP.US,D,20230711,000000,24.37,24.37,24.32,24.34,31515,0
BSMP.US,D,20230712,000000,24.38,24.39,24.31,24.3693,52637,0
BSMP.US,D,20230713,000000,24.37,24.41,24.37,24.3754,13007,0
BSMP.US,D,20230714,000000,24.38,24.39,24.35,24.355,23884,0
BSMP.US,D,20230717,000000,24.36,24.41,24.3409,24.3991,42600,0
BSMP.US,D,20230718,000000,24.38,24.43,24.38,24.42,22007,0
BSMP.US,D,20230719,000000,24.439,24.439,24.4067,24.43,11154,0
BSMP.US,D,20230720,000000,24.4,24.43,24.39,24.41,31351,0
BSMP.US,D,20230721,000000,24.44,24.45,24.425,24.45,30495,0
BSMP.US,D,20230724,000000,24.3668,24.4,24.36,24.36,13379,0
BSMP.US,D,20230725,000000,24.39,24.39,24.33,24.34,80072,0
BSMP.US,D,20230726,000000,24.34,24.4,24.34,24.4,20100,0
BSMP.US,D,20230727,000000,24.38,24.38,24.315,24.3241,20561,0
BSMP.US,D,20230728,000000,24.38,24.39,24.31,24.34,18566,0
BSMP.US,D,20230731,000000,24.359,24.36,24.3,24.325,14688,0
BSMP.US,D,20230801,000000,24.38,24.38,24.3001,24.3219,25415,0
BSMP.US,D,20230802,000000,24.3,24.31,24.2613,24.31,38565,0
BSMP.US,D,20230803,000000,24.2505,24.28,24.24,24.26,42073,0
BSMP.US,D,20230804,000000,24.26,24.3,24.26,24.29,32317,0
BSMP.US,D,20230807,000000,24.29,24.3,24.27,24.29,15628,0
BSMP.US,D,20230808,000000,24.28,24.29,24.25,24.25,34120,0
BSMP.US,D,20230809,000000,24.29,24.31,24.23,24.2958,27034,0
BSMP.US,D,20230810,000000,24.3,24.33,24.17,24.26,132019,0
BSMP.US,D,20230811,000000,24.26,24.3,24.2549,24.26,24713,0
BSMP.US,D,20230814,000000,24.2899,24.2899,24.2533,24.26,31769,0
BSMP.US,D,20230815,000000,24.24,24.25,24.22,24.2348,54812,0
BSMP.US,D,20230816,000000,24.23,24.26,24.18,24.235,30056,0
BSMP.US,D,20230817,000000,24.24,24.24,24.19,24.2054,22472,0
BSMP.US,D,20230818,000000,24.23,24.23,24.2001,24.2102,34855,0
BSMP.US,D,20230821,000000,24.14,24.18,24.14,24.155,38673,0
BSMP.US,D,20230822,000000,24.16,24.2,24.14,24.1462,24247,0
BSMP.US,D,20230823,000000,24.16,24.24,24.14,24.14,43979,0
BSMP.US,D,20230824,000000,24.145,24.22,24.13,24.2,20324,0
BSMP.US,D,20230825,000000,24.23,24.25,24.15,24.2238,31170,0
BSMP.US,D,20230828,000000,24.208,24.24,24.205,24.24,33475,0
BSMP.US,D,20230829,000000,24.27,24.27,24.23,24.25,26041,0
BSMP.US,D,20230830,000000,24.249,24.26,24.22,24.25,22932,0
BSMP.US,D,20230831,000000,24.22,24.27,24.22,24.2577,32263,0
BSMP.US,D,20230901,000000,24.29,24.29,24.23,24.245,5978,0
BSMP.US,D,20230905,000000,24.27,24.27,24.22,24.2356,66259,0
BSMP.US,D,20230906,000000,24.25,24.2699,24.22,24.255,6668,0
BSMP.US,D,20230907,000000,24.24,24.27,24.19,24.23,46688,0
BSMP.US,D,20230908,000000,24.23,24.2715,24.22,24.2451,15613,0
BSMP.US,D,20230911,000000,24.24,24.26,24.23,24.24,21605,0
BSMP.US,D,20230912,000000,24.26,24.26,24.23,24.26,23042,0
BSMP.US,D,20230913,000000,24.24,24.25,24.2,24.25,22637,0
BSMP.US,D,20230914,000000,24.23,24.25,24.2,24.2347,11174,0
BSMP.US,D,20230915,000000,24.2392,24.25,24.23,24.25,16126,0
BSMP.US,D,20230918,000000,24.25,24.25,24.19,24.21,15330,0
BSMP.US,D,20230919,000000,24.2,24.21,24.19,24.195,22697,0
BSMP.US,D,20230920,000000,24.2,24.21,24.16,24.17,14926,0
BSMP.US,D,20230921,000000,24.13,24.16,24.13,24.1546,28206,0
BSMP.US,D,20230922,000000,24.19,24.19,24.11,24.14,25700,0
BSMP.US,D,20230925,000000,24.11,24.11,24.05,24.0647,16258,0
BSMP.US,D,20230926,000000,24.06,24.07,24.05,24.05,11866,0
BSMP.US,D,20230927,000000,24.06,24.06,24.02,24.04,12991,0
BSMP.US,D,20230928,000000,24.02,24.03,23.99,24.01,13196,0
BSMP.US,D,20230929,000000,24.02,24.03,23.98,24.005,19573,0
BSMP.US,D,20231002,000000,24,24,23.96,23.9632,24262,0
BSMP.US,D,20231003,000000,24,24,23.94,23.97,17712,0
BSMP.US,D,20231004,000000,23.93,23.97,23.93,23.97,21978,0
BSMP.US,D,20231005,000000,24.03,24.03,23.95,23.96,23344,0
BSMP.US,D,20231006,000000,23.96,23.97,23.88,23.945,69000,0
BSMP.US,D,20231009,000000,23.93,23.99,23.93,23.99,22862,0
BSMP.US,D,20231010,000000,23.97,24.09,23.97,24.06,31072,0
BSMP.US,D,20231011,000000,24.07,24.15,24.059,24.15,35750,0
BSMP.US,D,20231012,000000,24.07,24.13,24.03,24.07,53931,0
BSMP.US,D,20231013,000000,24.0895,24.12,24.04,24.06,25611,0
BSMP.US,D,20231016,000000,24.04,24.17,24.02,24.065,198354,0
BSMP.US,D,20231017,000000,24.03,24.15,24.01,24.053,21013,0
BSMP.US,D,20231018,000000,24.0031,24.12,23.97,24.01,43942,0
BSMP.US,D,20231019,000000,24.02,24.0587,23.91,23.99,37662,0
BSMP.US,D,20231020,000000,23.98,23.99,23.9403,23.98,27704,0
BSMP.US,D,20231023,000000,24.08,24.08,23.89,23.97,321273,0
BSMP.US,D,20231024,000000,23.91,23.98,23.9,23.955,28718,0
BSMP.US,D,20231025,000000,23.96,23.96,23.89,23.9041,58706,0
BSMP.US,D,20231026,000000,23.97,23.97,23.91,23.9369,28798,0
BSMP.US,D,20231027,000000,23.98,23.99,23.85,23.99,132632,0
BSMP.US,D,20231030,000000,23.93,23.95,23.89,23.89,47476,0
BSMP.US,D,20231031,000000,23.9,23.9399,23.83,23.89,88644,0
BSMP.US,D,20231101,000000,23.93,23.97,23.85,23.89,163560,0
BSMP.US,D,20231102,000000,24.01,24.21,23.97,24.02,118312,0
BSMP.US,D,20231103,000000,24.14,24.18,24.06,24.08,104653,0
BSMP.US,D,20231106,000000,24.0401,24.14,24.04,24.08,191811,0
BSMP.US,D,20231107,000000,24.15,24.17,24.05,24.1391,75494,0
BSMP.US,D,20231108,000000,24.14,24.18,24.125,24.17,35634,0
BSMP.US,D,20231109,000000,24.14,24.1643,24.1,24.13,25062,0
BSMP.US,D,20231110,000000,24.19,24.21,24.13,24.18,43667,0
BSMP.US,D,20231113,000000,24.18,24.25,24.15,24.1946,28540,0
BSMP.US,D,20231114,000000,24.27,24.31,24.2101,24.255,26155,0
BSMP.US,D,20231115,000000,24.19,24.23,24.19,24.2,28590,0
BSMP.US,D,20231116,000000,24.28,24.32,24.2301,24.265,38867,0
BSMP.US,D,20231117,000000,24.22,24.36,24.22,24.31,86099,0
BSMP.US,D,20231120,000000,24.27,24.285,24.21,24.285,40315,0
BSMP.US,D,20231121,000000,24.29,24.29,24.221,24.275,41856,0
BSMP.US,D,20231122,000000,24.2,24.29,24.2,24.2705,36590,0
BSMP.US,D,20231124,000000,24.32,24.32,24.24,24.2741,26466,0
BSMP.US,D,20231127,000000,24.3,24.34,24.26,24.3146,37112,0
BSMP.US,D,20231128,000000,24.27,24.3491,24.27,24.3,36266,0
BSMP.US,D,20231129,000000,24.32,24.4,24.32,24.39,28583,0
BSMP.US,D,20231130,000000,24.45,24.45,24.3539,24.395,23202,0
BSMP.US,D,20231201,000000,24.42,24.46,24.3894,24.445,48299,0
BSMP.US,D,20231204,000000,24.43,24.47,24.4001,24.425,64590,0
BSMP.US,D,20231205,000000,24.46,24.49,24.425,24.4616,51787,0
BSMP.US,D,20231206,000000,24.4,24.46,24.4,24.43,75169,0
BSMP.US,D,20231207,000000,24.47,24.47,24.38,24.43,20954,0
BSMP.US,D,20231208,000000,24.46,24.46,24.41,24.42,43068,0
BSMP.US,D,20231211,000000,24.41,24.46,24.41,24.4405,20104,0
BSMP.US,D,20231212,000000,24.51,24.51,24.44,24.455,39649,0
BSMP.US,D,20231213,000000,24.48,24.54,24.43,24.52,34353,0
BSMP.US,D,20231214,000000,24.59,24.59,24.5299,24.535,24350,0
BSMP.US,D,20231215,000000,24.55,24.56,24.53,24.5459,30643,0
BSMP.US,D,20231218,000000,24.499,24.499,24.45,24.4768,54774,0
BSMP.US,D,20231219,000000,24.51,24.51,24.4505,24.4854,22109,0
BSMP.US,D,20231220,000000,24.51,24.52,24.47,24.52,24848,0
BSMP.US,D,20231221,000000,24.53,24.53,24.46,24.4893,36750,0
BSMP.US,D,20231222,000000,24.57,24.57,24.48,24.51,68909,0
BSMP.US,D,20231226,000000,24.53,24.53,24.47,24.52,51065,0
BSMP.US,D,20231227,000000,24.54,24.56,24.5101,24.55,64714,0
BSMP.US,D,20231228,000000,24.54,24.54,24.5,24.51,21518,0
BSMP.US,D,20231229,000000,24.5396,24.55,24.513,24.5354,53490,0
BSMP.US,D,20240102,000000,24.53,24.56,24.49,24.5248,156688,0
BSMP.US,D,20240103,000000,24.48,24.56,24.48,24.525,54257,0
BSMP.US,D,20240104,000000,24.58,24.58,24.48,24.49,45422,0
BSMP.US,D,20240105,000000,24.4901,24.5299,24.35,24.4486,88175,0
BSMP.US,D,20240108,000000,24.56,24.56,24.52,24.55,174174,0
BSMP.US,D,20240109,000000,24.55,24.55,24.51,24.5158,43406,0
BSMP.US,D,20240110,000000,24.53,24.53,24.48,24.51,9438,0
BSMP.US,D,20240111,000000,24.52,24.52,24.48,24.5096,12737,0
BSMP.US,D,20240112,000000,24.509,24.51,24.48,24.4859,8435,0
BSMP.US,D,20240116,000000,24.53,24.53,24.46,24.47,39230,0
BSMP.US,D,20240117,000000,24.52,24.52,24.45,24.48,40381,0
BSMP.US,D,20240118,000000,24.46,24.48,24.45,24.4696,25802,0
BSMP.US,D,20240119,000000,24.49,24.49,24.44,24.45,27557,0
BSMP.US,D,20240122,000000,24.449,24.46,24.41,24.4443,76672,0
BSMP.US,D,20240123,000000,24.425,24.47,24.407,24.435,25618,0
BSMP.US,D,20240124,000000,24.44,24.45,24.43,24.43,29493,0
BSMP.US,D,20240125,000000,24.46,24.46,24.44,24.44,31331,0
BSMP.US,D,20240126,000000,24.48,24.48,24.42,24.42,27600,0
BSMP.US,D,20240129,000000,24.48,24.49,24.4371,24.49,27050,0
BSMP.US,D,20240130,000000,24.5,24.5,24.44,24.49,23608,0
BSMP.US,D,20240131,000000,24.5,24.5,24.45,24.49,35764,0
BSMP.US,D,20240201,000000,24.49,24.53,24.48,24.51,47261,0
BSMP.US,D,20240202,000000,24.53,24.53,24.45,24.45,63875,0
BSMP.US,D,20240205,000000,24.53,24.53,24.46,24.47,23186,0
BSMP.US,D,20240206,000000,24.47,24.4885,24.46,24.46,42598,0
BSMP.US,D,20240207,000000,24.489,24.49,24.45,24.46,29046,0
BSMP.US,D,20240208,000000,24.52,24.52,24.465,24.49,33066,0
BSMP.US,D,20240209,000000,24.5,24.5,24.45,24.5,23813,0
BSMP.US,D,20240212,000000,24.53,24.53,24.46,24.48,34802,0
BSMP.US,D,20240213,000000,24.51,24.51,24.4301,24.45,39965,0
BSMP.US,D,20240214,000000,24.48,24.51,24.45,24.48,24309,0
BSMP.US,D,20240215,000000,24.486,24.49,24.47,24.47,15555,0
BSMP.US,D,20240216,000000,24.45,24.51,24.44,24.51,28989,0
BSMP.US,D,20240220,000000,24.41,24.475,24.41,24.47,36402,0
BSMP.US,D,20240221,000000,24.47,24.51,24.41,24.41,72336,0
BSMP.US,D,20240222,000000,24.49,24.49,24.43,24.44,41719,0
BSMP.US,D,20240223,000000,24.48,24.48,24.41,24.45,55523,0
BSMP.US,D,20240226,000000,24.49,24.49,24.4301,24.46,28289,0
BSMP.US,D,20240227,000000,24.42,24.46,24.4,24.42,43582,0
BSMP.US,D,20240228,000000,24.46,24.47,24.42,24.43,45438,0
BSMP.US,D,20240229,000000,24.51,24.51,24.44,24.45,57520,0
BSMP.US,D,20240301,000000,24.53,24.53,24.4201,24.48,39333,0
BSMP.US,D,20240304,000000,24.4648,24.47,24.42,24.43,32356,0
BSMP.US,D,20240305,000000,24.4768,24.48,24.44,24.45,8955,0
BSMP.US,D,20240306,000000,24.4679,24.48,24.4,24.42,46940,0
BSMP.US,D,20240307,000000,24.46,24.4603,24.41,24.41,37819,0
BSMP.US,D,20240308,000000,24.49,24.49,24.44,24.45,40171,0
BSMP.US,D,20240311,000000,24.51,24.51,24.41,24.41,39350,0
BSMP.US,D,20240312,000000,24.46,24.46,24.4,24.4,19507,0
BSMP.US,D,20240313,000000,24.51,24.51,24.3,24.41,24240,0
BSMP.US,D,20240314,000000,24.4,24.42,24.39,24.4,16733,0
BSMP.US,D,20240315,000000,24.48,24.48,24.38,24.39,58334,0
BSMP.US,D,20240318,000000,24.39,24.39,24.34,24.35,43225,0
BSMP.US,D,20240319,000000,24.42,24.42,24.37,24.37,32645,0
BSMP.US,D,20240320,000000,24.42,24.42,24.35,24.36,16463,0
BSMP.US,D,20240321,000000,24.35,24.39,24.35,24.39,41066,0
BSMP.US,D,20240322,000000,24.41,24.41,24.37,24.37,18846,0
BSMP.US,D,20240325,000000,24.4,24.4,24.3447,24.38,34334,0
BSMP.US,D,20240326,000000,24.44,24.44,24.34,24.34,29260,0
BSMP.US,D,20240327,000000,24.33,24.38,24.33,24.34,28087,0
BSMP.US,D,20240328,000000,24.37,24.37,24.34,24.34,20303,0
BSMP.US,D,20240401,000000,24.34,24.4,24.29,24.31,65553,0
BSMP.US,D,20240402,000000,24.33,24.33,24.26,24.28,20603,0
BSMP.US,D,20240403,000000,24.29,24.29,24.26,24.28,9122,0
BSMP.US,D,20240404,000000,24.32,24.32,24.27,24.31,22606,0
BSMP.US,D,20240405,000000,24.28,24.283,24.26,24.27,26765,0
BSMP.US,D,20240408,000000,24.28,24.28,24.2592,24.2798,38165,0
BSMP.US,D,20240409,000000,24.31,24.33,24.27,24.2946,30927,0
BSMP.US,D,20240410,000000,24.22,24.3,24.22,24.26,16168,0
BSMP.US,D,20240411,000000,24.24,24.28,24.24,24.27,32240,0
BSMP.US,D,20240412,000000,24.285,24.31,24.28,24.295,21630,0
BSMP.US,D,20240415,000000,24.28,24.32,24.26,24.302,21954,0
BSMP.US,D,20240416,000000,24.3054,24.37,24.27,24.37,23408,0
BSMP.US,D,20240417,000000,24.37,24.37,24.27,24.28,45331,0
BSMP.US,D,20240418,000000,24.39,24.39,24.27,24.3097,51484,0
BSMP.US,D,20240419,000000,24.3,24.34,24.29,24.3026,23012,0
BSMP.US,D,20240422,000000,24.27,24.28,24.25,24.26,28037,0
BSMP.US,D,20240423,000000,24.26,24.28,24.25,24.2682,10913,0
BSMP.US,D,20240424,000000,24.28,24.28,24.25,24.27,25664,0
BSMP.US,D,20240425,000000,24.2302,24.26,24.2302,24.26,28132,0
BSMP.US,D,20240426,000000,24.27,24.28,24.25,24.28,23456,0
BSMP.US,D,20240429,000000,24.26,24.27,24.23,24.25,22696,0
BSMP.US,D,20240430,000000,24.2401,24.26,24.24,24.24,42076,0
BSMP.US,D,20240501,000000,24.31,24.31,24.2567,24.3,35264,0
BSMP.US,D,20240502,000000,24.2799,24.29,24.27,24.285,30424,0
BSMP.US,D,20240503,000000,24.29,24.33,24.28,24.33,29896,0
BSMP.US,D,20240506,000000,24.33,24.33,24.29,24.3,25129,0
BSMP.US,D,20240507,000000,24.325,24.3799,24.32,24.36,68869,0
BSMP.US,D,20240508,000000,24.29,24.37,24.29,24.35,51922,0
BSMP.US,D,20240509,000000,24.37,24.39,24.36,24.39,35271,0
BSMP.US,D,20240510,000000,24.38,24.39,24.35,24.39,249542,0
BSMP.US,D,20240513,000000,24.38,24.39,24.36,24.36,60968,0
BSMP.US,D,20240514,000000,24.375,24.38,24.36,24.36,33381,0
BSMP.US,D,20240515,000000,24.37,24.4,24.37,24.38,54344,0
BSMP.US,D,20240516,000000,24.42,24.42,24.37,24.37,80989,0
BSMP.US,D,20240517,000000,24.41,24.41,24.35,24.35,41985,0
BSMP.US,D,20240520,000000,24.31,24.31,24.14,24.22,240828,0
BSMP.US,D,20240521,000000,24.29,24.29,24.23,24.24,119131,0
BSMP.US,D,20240522,000000,24.27,24.27,24.22,24.22,30160,0
BSMP.US,D,20240523,000000,24.259,24.26,24.22,24.22,39792,0
BSMP.US,D,20240524,000000,24.22,24.26,24.06,24.21,126637,0
BSMP.US,D,20240528,000000,24.22,24.24,24.205,24.23,38276,0
BSMP.US,D,20240529,000000,24.201,24.24,24.2,24.2,33356,0
BSMP.US,D,20240530,000000,24.19,24.23,24.19,24.2,17258,0
BSMP.US,D,20240531,000000,24.201,24.25,24.2,24.215,28223,0
BSMP.US,D,20240603,000000,24.21,24.27,24.21,24.23,57913,0
BSMP.US,D,20240604,000000,24.27,24.27,24.24,24.27,19322,0
BSMP.US,D,20240605,000000,24.26,24.29,24.26,24.275,30915,0
BSMP.US,D,20240606,000000,24.3,24.32,24.26,24.31,24237,0
BSMP.US,D,20240607,000000,24.299,24.3,24.27,24.27,15828,0
BSMP.US,D,20240610,000000,24.29,24.3,24.27,24.3,12651,0
BSMP.US,D,20240611,000000,24.27,24.31,24.26,24.28,24964,0
BSMP.US,D,20240612,000000,24.34,24.34,24.31,24.34,28582,0
BSMP.US,D,20240613,000000,24.35,24.35,24.3201,24.3422,12765,0
BSMP.US,D,20240614,000000,24.36,24.36,24.34,24.3462,25264,0
BSMP.US,D,20240617,000000,24.32,24.4,24.32,24.3455,29999,0
BSMP.US,D,20240618,000000,24.369,24.37,24.3462,24.35,5339,0
BSMP.US,D,20240620,000000,24.345,24.37,24.34,24.35,19709,0
BSMP.US,D,20240621,000000,24.33,24.38,24.33,24.34,29431,0
BSMP.US,D,20240624,000000,24.29,24.31,24.29,24.31,4657,0
BSMP.US,D,20240625,000000,24.3,24.32,24.27,24.29,63676,0
BSMP.US,D,20240626,000000,24.35,24.36,24.29,24.29,39365,0
BSMP.US,D,20240627,000000,24.32,24.32,24.28,24.31,19186,0
BSMP.US,D,20240628,000000,24.33,24.349,24.29,24.29,27163,0
BSMP.US,D,20240701,000000,24.3,24.31,24.28,24.29,32662,0
BSMP.US,D,20240702,000000,24.27,24.36,24.27,24.31,37294,0
BSMP.US,D,20240703,000000,24.33,24.34,24.32,24.3294,12524,0
BSMP.US,D,20240705,000000,24.3592,24.36,24.31,24.32,36216,0
BSMP.US,D,20240708,000000,24.37,24.4,24.33,24.36,59230,0
BSMP.US,D,20240709,000000,24.4,24.4,24.33,24.355,25976,0
BSMP.US,D,20240710,000000,24.35,24.37,24.34,24.3554,63133,0
BSMP.US,D,20240711,000000,24.39,24.39,24.36,24.3794,15792,0
BSMP.US,D,20240712,000000,24.385,24.4,24.37,24.385,23543,0
BSMP.US,D,20240715,000000,24.36,24.39,24.36,24.3853,13833,0
BSMP.US,D,20240716,000000,24.39,24.46,24.37,24.455,47345,0
BSMP.US,D,20240717,000000,24.48,24.5199,24.48,24.4998,34934,0
BSMP.US,D,20240718,000000,24.48,24.52,24.48,24.52,24138,0
BSMP.US,D,20240719,000000,24.5193,24.57,24.4878,24.5454,19428,0
BSMP.US,D,20240722,000000,24.46,24.51,24.46,24.4954,12242,0
BSMP.US,D,20240723,000000,24.48,24.5,24.47,24.49,14297,0
BSMP.US,D,20240724,000000,24.51,24.52,24.47,24.49,32280,0
BSMP.US,D,20240725,000000,24.46,24.51,24.46,24.495,22254,0
BSMP.US,D,20240726,000000,24.51,24.516,24.47,24.515,57170,0
BSMP.US,D,20240729,000000,24.54,24.54,24.48,24.52,57548,0
BSMP.US,D,20240730,000000,24.5097,24.52,24.5,24.51,28063,0
BSMP.US,D,20240731,000000,24.5099,24.53,24.5,24.5204,30699,0
BSMP.US,D,20240801,000000,24.51,24.54,24.5,24.52,68306,0
BSMP.US,D,20240802,000000,24.54,24.59,24.52,24.57,37550,0
BSMP.US,D,20240805,000000,24.53,24.58,24.52,24.575,41829,0
BSMP.US,D,20240806,000000,24.51,24.54,24.5,24.51,21959,0
BSMP.US,D,20240807,000000,24.52,24.54,24.5,24.52,66364,0
BSMP.US,D,20240808,000000,24.5,24.5,24.47,24.49,19583,0
BSMP.US,D,20240809,000000,24.5067,24.52,24.48,24.495,121255,0
BSMP.US,D,20240812,000000,24.508,24.5197,24.5,24.5074,35318,0
BSMP.US,D,20240813,000000,24.527,24.527,24.49,24.515,19394,0
BSMP.US,D,20240814,000000,24.5197,24.54,24.5,24.53,10373,0
BSMP.US,D,20240815,000000,24.48,24.53,24.41,24.465,59171,0
BSMP.US,D,20240816,000000,24.48,24.49,24.43,24.485,56416,0
BSMP.US,D,20240819,000000,24.43,24.43,24.3943,24.4154,21247,0
BSMP.US,D,20240820,000000,24.4191,24.45,24.408,24.42,26869,0
BSMP.US,D,20240821,000000,24.4789,24.51,24.4,24.51,98162,0
BSMP.US,D,20240822,000000,24.465,24.48,24.44,24.44,47178,0
BSMP.US,D,20240823,000000,24.51,24.52,24.44,24.47,85669,0
BSMP.US,D,20240826,000000,24.53,24.53,24.46,24.46,65191,0
BSMP.US,D,20240827,000000,24.46,24.52,24.46,24.51,44700,0
BSMP.US,D,20240828,000000,24.52,24.54,24.4901,24.54,25416,0
BSMP.US,D,20240829,000000,24.53,24.55,24.5,24.55,43756,0
BSMP.US,D,20240830,000000,24.53,24.6,24.5,24.51,30626,0
BSMP.US,D,20240903,000000,24.53,24.57,24.51,24.57,43086,0
BSMP.US,D,20240904,000000,24.55,24.63,24.51,24.56,69446,0
BSMP.US,D,20240905,000000,24.555,24.6,24.525,24.53,51483,0
BSMP.US,D,20240906,000000,24.54,24.58,24.51,24.58,19283,0
BSMP.US,D,20240909,000000,24.53,24.65,24.53,24.63,53277,0
BSMP.US,D,20240910,000000,24.55,24.67,24.55,24.59,33206,0
BSMP.US,D,20240911,000000,24.62,24.62,24.511,24.58,152794,0
BSMP.US,D,20240912,000000,24.58,24.58,24.53,24.555,24654,0
BSMP.US,D,20240913,000000,24.56,24.57,24.51,24.57,31547,0
BSMP.US,D,20240916,000000,24.53,24.55,24.52,24.535,53918,0
BSMP.US,D,20240917,000000,24.52,24.5351,24.52,24.5246,16120,0
BSMP.US,D,20240918,000000,24.5,24.53,24.48,24.51,78736,0
BSMP.US,D,20240919,000000,24.5,24.51,24.46,24.4904,62740,0
BSMP.US,D,20240920,000000,24.53,24.53,24.48,24.48,27345,0
BSMP.US,D,20240923,000000,24.43,24.5,24.43,24.44,51714,0
BSMP.US,D,20240924,000000,24.43,24.47,24.43,24.44,67732,0
BSMP.US,D,20240925,000000,24.4507,24.49,24.44,24.44,41149,0
BSMP.US,D,20240926,000000,24.48,24.495,24.44,24.45,28919,0
BSMP.US,D,20240927,000000,24.55,24.59,24.47,24.52,62094,0
BSMP.US,D,20240930,000000,24.4602,24.49,24.46,24.49,17793,0
BSMP.US,D,20241001,000000,24.45,24.49,24.45,24.45,29935,0
BSMP.US,D,20241002,000000,24.48,24.51,24.45,24.47,34354,0
BSMP.US,D,20241003,000000,24.5,24.51,24.45,24.47,51806,0
BSMP.US,D,20241004,000000,24.4822,24.4822,24.45,24.48,23981,0
BSMP.US,D,20241007,000000,24.465,24.48,24.45,24.48,22031,0
BSMP.US,D,20241008,000000,24.48,24.53,24.46,24.51,39573,0
BSMP.US,D,20241009,000000,24.49,24.54,24.49,24.52,13909,0
BSMP.US,D,20241010,000000,24.5,24.54,24.38,24.46,55001,0
BSMP.US,D,20241011,000000,24.501,24.56,24.49,24.52,20186,0
BSMP.US,D,20241014,000000,24.47,24.52,24.47,24.5,17628,0
BSMP.US,D,20241015,000000,24.54,24.54,24.51,24.53,15640,0
BSMP.US,D,20241016,000000,24.55,24.6625,24.51,24.56,51843,0
BSMP.US,D,20241017,000000,24.55,24.59,24.55,24.57,49836,0
BSMP.US,D,20241018,000000,24.6,24.6,24.55,24.55,18220,0
BSMP.US,D,20241021,000000,24.54,24.589,24.51,24.56,55245,0
BSMP.US,D,20241022,000000,24.51,24.53,24.45,24.4801,170126,0
BSMP.US,D,20241023,000000,24.4941,24.5199,24.47,24.51,13742,0
BSMP.US,D,20241024,000000,24.49,24.5182,24.46,24.51,27270,0
BSMP.US,D,20241025,000000,24.56,24.56,24.49,24.51,40042,0
BSMP.US,D,20241028,000000,24.46,24.51,24.46,24.47,17977,0
BSMP.US,D,20241029,000000,24.5,24.51,24.47,24.49,17741,0
BSMP.US,D,20241030,000000,24.47,24.5,24.47,24.49,8021,0
BSMP.US,D,20241031,000000,24.4775,24.5,24.45,24.475,27463,0
BSMP.US,D,20241101,000000,24.495,24.52,24.4804,24.49,39709,0
BSMP.US,D,20241104,000000,24.47,24.51,24.47,24.481,36543,0
