<TICKER>,<PER>,<DATE>,<TIME>,<OPEN>,<HIGH>,<LOW>,<CLOSE>,<VOL>,<OPENINT>
BSMQ.US,D,20191024,000000,24.2361,24.2641,24.2361,24.2361,4108.027745498,0
BSMQ.US,D,20191028,000000,24.2252,24.2262,24.2092,24.2252,9656.0241507475,0
BSMQ.US,D,20191029,000000,24.2371,24.2371,24.2192,24.2361,1027.2579769358,0
BSMQ.US,D,20191030,000000,24.2451,24.2641,24.2361,24.2551,8397.8088573941,0
BSMQ.US,D,20191101,000000,24.3228,24.3328,24.3228,24.3328,2130.832284514,0
BSMQ.US,D,20191104,000000,24.3028,24.3028,24.3028,24.3028,767.17995540465,0
BSMQ.US,D,20191111,000000,24.1595,24.1595,24.1595,24.1595,2065.5617385699,0
BSMQ.US,D,20191113,000000,24.1962,24.2062,24.1814,24.1962,17038.624978149,0
BSMQ.US,D,20191114,000000,24.2232,24.2262,24.2222,24.2222,2570.6553479528,0
BSMQ.US,D,20191115,000000,24.2451,24.2551,24.2451,24.2551,2372.8353856298,0
BSMQ.US,D,20191119,000000,24.2641,24.2641,24.2411,24.2411,1835.6085843975,0
BSMQ.US,D,20191120,000000,24.2928,24.3028,24.2799,24.3028,13029.00513269,0
BSMQ.US,D,20191126,000000,24.3328,24.3328,24.3228,24.3228,1111.6076055405,0
BSMQ.US,D,20191203,000000,24.3526,24.3875,24.3526,24.3875,2052.5076293811,0
BSMQ.US,D,20191206,000000,24.3825,24.3825,24.3576,24.3576,6175.5978085584,0
BSMQ.US,D,20191209,000000,24.3985,24.4024,24.3825,24.3825,5230.6811357366,0
BSMQ.US,D,20191210,000000,24.3825,24.3825,24.3825,24.3825,250.03639907822,0
BSMQ.US,D,20191212,000000,24.4124,24.4124,24.3825,24.3825,12635.373532535,0
BSMQ.US,D,20191213,000000,24.4124,24.4323,24.3825,24.4224,3190.2234532992,0
BSMQ.US,D,20191217,000000,24.4224,24.4513,24.4174,24.4174,10269.567282622,0
BSMQ.US,D,20191219,000000,24.4064,24.4174,24.4064,24.4174,1379.718925034,0
BSMQ.US,D,20191220,000000,24.3825,24.3925,24.3626,24.3725,11262.683743218,0
BSMQ.US,D,20191223,000000,24.3775,24.4024,24.3775,24.3825,7882.6736255583,0
BSMQ.US,D,20191226,000000,24.3825,24.3825,24.3825,24.3825,1045.3328973511,0
BSMQ.US,D,20191230,000000,24.4194,24.4194,24.4174,24.4174,1023.2413279547,0
BSMQ.US,D,20191231,000000,24.4194,24.4194,24.4024,24.4024,1576.5347251117,0
BSMQ.US,D,20200102,000000,24.4323,24.4513,24.4273,24.4273,7881.6694633129,0
BSMQ.US,D,20200103,000000,24.5199,24.5299,24.5199,24.5299,1211.0196678246,0
BSMQ.US,D,20200106,000000,24.5498,24.5498,24.5398,24.5398,2095.6866059287,0
BSMQ.US,D,20200107,000000,24.5797,24.5886,24.5727,24.5797,5055.9569050555,0
BSMQ.US,D,20200108,000000,24.6086,24.6086,24.5976,24.5976,4887.2576478461,0
BSMQ.US,D,20200109,000000,24.6186,24.6186,24.6036,24.6036,1380.7230872793,0
BSMQ.US,D,20200115,000000,24.6763,24.6852,24.6484,24.6723,4982.653061149,0
BSMQ.US,D,20200116,000000,24.7131,24.7131,24.7102,24.7102,570.36415532702,0
BSMQ.US,D,20200121,000000,24.744,24.7629,24.743,24.743,4483.5844252379,0
BSMQ.US,D,20200122,000000,24.7629,24.7629,24.743,24.743,3727.4502545315,0
BSMQ.US,D,20200123,000000,24.8007,24.8087,24.7899,24.7899,523.16852979819,0
BSMQ.US,D,20200127,000000,24.8884,24.8884,24.8735,24.8735,565.34334410055,0
BSMQ.US,D,20200129,000000,24.9272,24.9272,24.9172,24.9172,1438.9644975063,0
BSMQ.US,D,20200130,000000,24.9302,24.9302,24.9172,24.9172,2007.3203283428,0
BSMQ.US,D,20200131,000000,24.9452,24.9652,24.9352,24.9502,16526.502233049,0
BSMQ.US,D,20200203,000000,24.9172,24.9362,24.9172,24.9362,1037.2995993887,0
BSMQ.US,D,20200204,000000,24.8884,24.8884,24.8835,24.8835,715.96768089465,0
BSMQ.US,D,20200205,000000,24.8585,24.8785,24.8585,24.8585,2993.4076532215,0
BSMQ.US,D,20200206,000000,24.8675,24.8685,24.8496,24.8685,2051.5034671357,0
BSMQ.US,D,20200207,000000,24.9073,24.9362,24.8974,24.9362,5424.4844490784,0
BSMQ.US,D,20200210,000000,24.9362,24.9362,24.9272,24.9272,1023.2413279547,0
BSMQ.US,D,20200211,000000,24.9302,24.9372,24.9272,24.9272,1810.5045282651,0
BSMQ.US,D,20200212,000000,24.9222,24.9452,24.9222,24.9272,2536.5138316128,0
BSMQ.US,D,20200213,000000,24.9362,24.9362,24.9172,24.9172,1140.7283106541,0
BSMQ.US,D,20200218,000000,24.9949,24.9949,24.98,24.98,3048.6365767127,0
BSMQ.US,D,20200219,000000,25.0049,25.0049,24.9949,24.9949,18000.612409142,0
BSMQ.US,D,20200220,000000,25.0239,25.0438,25.0239,25.0438,3866.0246443821,0
BSMQ.US,D,20200221,000000,25.0935,25.1135,25.0935,25.1135,5010.7696040173,0
BSMQ.US,D,20200225,000000,25.2519,25.2718,25.2519,25.2668,4218.4855924802,0
BSMQ.US,D,20200226,000000,25.2718,25.2998,25.2519,25.2808,10579.853416419,0
BSMQ.US,D,20200227,000000,25.3097,25.3097,25.2948,25.2948,100.41622452941,0
BSMQ.US,D,20200228,000000,25.2718,25.2808,25.2718,25.2808,317.31526951292,0
BSMQ.US,D,20200302,000000,25.3495,25.3495,25.3395,25.3395,626.59724106348,0
BSMQ.US,D,20200303,000000,25.3335,25.3335,25.2898,25.2898,2341.7063560257,0
BSMQ.US,D,20200304,000000,25.3195,25.3195,25.2768,25.2768,395.63992464585,0
BSMQ.US,D,20200306,000000,25.3097,25.3097,25.3097,25.3097,100.41622452941,0
BSMQ.US,D,20200309,000000,25.4859,25.5446,25.476,25.476,1125.6658769746,0
BSMQ.US,D,20200311,000000,25.0538,25.0538,24.9362,24.9362,100.41622452941,0
BSMQ.US,D,20200313,000000,24.3586,24.3586,24.1575,24.1575,2463.2099877063,0
BSMQ.US,D,20200317,000000,23.9404,23.9404,23.8199,23.8199,575.38496655349,0
BSMQ.US,D,20200318,000000,23.4584,23.4584,23.4304,23.4304,1940.041457908,0
BSMQ.US,D,20200319,000000,23.4882,23.4882,22.7872,22.7872,15856.726015438,0
BSMQ.US,D,20200323,000000,22.2694,22.2694,22.1188,22.1188,367.52338177762,0
BSMQ.US,D,20200325,000000,23.0849,23.4922,23.0849,23.4922,3669.2088443044,0
BSMQ.US,D,20200326,000000,24.2888,24.2888,23.5559,24.1635,31783.743388048,0
BSMQ.US,D,20200327,000000,24.3685,24.3685,24.2421,24.2421,6129.4063452748,0
BSMQ.US,D,20200331,000000,24.4184,24.4184,24.2988,24.2988,3557.7468350768,0
BSMQ.US,D,20200401,000000,23.6516,23.6516,23.5988,23.5988,535.21847674173,0
BSMQ.US,D,20200402,000000,23.6814,23.6814,23.4922,23.4922,514.13106959055,0
BSMQ.US,D,20200409,000000,24.1335,24.2222,24.1335,24.2222,979.0581891617,0
BSMQ.US,D,20200414,000000,24.4283,24.4283,24.4283,24.4283,3149.0528012421,0
BSMQ.US,D,20200415,000000,24.2968,24.2968,24.2651,24.27,572.3724798176,0
BSMQ.US,D,20200421,000000,24.2958,24.2958,24.0868,24.1395,1872.7625874734,0
BSMQ.US,D,20200428,000000,23.9055,23.9155,23.781,23.781,1655.8635424899,0
BSMQ.US,D,20200430,000000,23.7661,23.7661,23.6376,23.6376,901.73769627405,0
BSMQ.US,D,20200504,000000,23.8856,23.9155,23.8199,23.8199,1178.8864759752,0
BSMQ.US,D,20200505,000000,23.9532,23.9532,23.8358,23.8457,1322.4816770523,0
BSMQ.US,D,20200506,000000,23.9532,23.9532,23.8457,23.8457,309.28197155056,0
BSMQ.US,D,20200507,000000,23.8159,23.9055,23.8059,23.9055,2949.2245144286,0
BSMQ.US,D,20200508,000000,23.9055,24.0399,23.9055,23.9682,2314.5939754028,0
BSMQ.US,D,20200511,000000,23.9245,24.0499,23.9245,23.9822,835.46298808465,0
BSMQ.US,D,20200512,000000,23.9295,24.0798,23.9295,23.9862,3228.3816186203,0
BSMQ.US,D,20200513,000000,24.1295,24.1395,24.0389,24.0499,5899.4531911025,0
BSMQ.US,D,20200518,000000,24.2551,24.2641,24.1714,24.1714,716.97184313995,0
BSMQ.US,D,20200519,000000,24.274,24.274,24.1565,24.2212,835.46298808465,0
BSMQ.US,D,20200520,000000,24.3238,24.3238,24.2799,24.3238,635.63470127112,0
BSMQ.US,D,20200521,000000,24.4234,24.4333,24.3486,24.3486,918.80845444405,0
BSMQ.US,D,20200526,000000,24.3735,24.5408,24.3735,24.4473,1638.7927843198,0
BSMQ.US,D,20200528,000000,24.5309,24.5408,24.4571,24.4571,7071.3105313607,0
BSMQ.US,D,20200601,000000,24.5807,24.5807,24.5508,24.5508,484.00620223173,0
BSMQ.US,D,20200602,000000,24.6006,24.6006,24.5408,24.5408,422.75230526879,0
BSMQ.US,D,20200605,000000,24.6364,24.6504,24.5797,24.6006,3620.004894285,0
BSMQ.US,D,20200608,000000,24.6046,24.6594,24.6046,24.6056,455.88965936349,0
BSMQ.US,D,20200609,000000,24.6444,24.6932,24.6206,24.6206,7142.6060507765,0
BSMQ.US,D,20200610,000000,24.7281,24.7281,24.6554,24.6554,5444.5676939843,0
BSMQ.US,D,20200611,000000,24.7381,24.7381,24.6743,24.6743,321.3319184941,0
BSMQ.US,D,20200612,000000,24.6932,24.6932,24.6932,24.6932,488.02285121291,0
BSMQ.US,D,20200618,000000,24.8246,24.8346,24.7579,24.7579,380.57749096644,0
BSMQ.US,D,20200619,000000,24.8346,24.8346,24.8197,24.8197,176.73255517175,0
BSMQ.US,D,20200622,000000,24.8506,24.8506,24.8306,24.8506,712.95519415877,0
BSMQ.US,D,20200623,000000,24.8805,24.8904,24.7779,24.8007,14607.548182293,0
BSMQ.US,D,20200624,000000,24.8904,24.8904,24.8057,24.8057,1015.2080299922,0
BSMQ.US,D,20200625,000000,24.8705,24.8705,24.8007,24.8007,308.27780930528,0
BSMQ.US,D,20200626,000000,24.8904,24.8904,24.8057,24.8057,4780.8164498449,0
BSMQ.US,D,20200629,000000,24.8107,24.8157,24.8107,24.8157,102.42454901999,0
BSMQ.US,D,20200630,000000,24.9103,24.9103,24.8157,24.8157,2034.4327089657,0
BSMQ.US,D,20200701,000000,24.9202,24.9202,24.8306,24.8306,285.18207766351,0
BSMQ.US,D,20200702,000000,24.9392,24.9392,24.8605,24.8605,1307.4192433728,0
BSMQ.US,D,20200706,000000,24.9302,24.9402,24.7639,24.8506,3342.8561145839,0
BSMQ.US,D,20200707,000000,24.9302,24.9302,24.8705,24.8705,2659.0216255387,0
BSMQ.US,D,20200708,000000,24.9302,24.9492,24.8755,24.8755,6698.7663383566,0
BSMQ.US,D,20200709,000000,24.9612,24.9692,24.8207,24.8954,4121.0818546868,0
BSMQ.US,D,20200710,000000,24.9989,25.0179,24.9889,24.9889,5058.9693917914,0
BSMQ.US,D,20200713,000000,25.0278,25.0278,24.9612,25.0089,694.88027374348,0
BSMQ.US,D,20200715,000000,25.0776,25.0776,25.0498,25.0498,294.21953787116,0
BSMQ.US,D,20200716,000000,25.0975,25.0975,25.0378,25.0378,2079.6200100039,0
BSMQ.US,D,20200717,000000,25.1085,25.1085,25.0776,25.0776,662.74708189406,0
BSMQ.US,D,20200720,000000,25.1642,25.1642,25.1045,25.1095,1464.0685536388,0
BSMQ.US,D,20200721,000000,25.0548,25.1245,25.0548,25.1245,310.28613379586,0
BSMQ.US,D,20200722,000000,25.2231,25.2231,25.2131,25.2131,1478.1268250728,0
BSMQ.US,D,20200723,000000,25.2429,25.2429,25.1832,25.1832,3013.4908981274,0
BSMQ.US,D,20200724,000000,25.2429,25.2529,25.1932,25.1932,3011.4825736368,0
BSMQ.US,D,20200727,000000,25.1722,25.224,25.1722,25.1932,1571.5139138852,0
BSMQ.US,D,20200728,000000,25.2728,25.2728,25.2081,25.2081,138965.008964,0
BSMQ.US,D,20200729,000000,25.2818,25.2818,25.2191,25.2329,2331.6647335728,0
BSMQ.US,D,20200731,000000,25.3107,25.3415,25.3107,25.3415,1378.7147627887,0
BSMQ.US,D,20200803,000000,25.2818,25.2868,25.2818,25.2868,2797.5960153892,0
BSMQ.US,D,20200804,000000,25.3415,25.3993,25.2938,25.3315,15738.234870493,0
BSMQ.US,D,20200805,000000,25.3704,25.4291,25.3415,25.3555,5879.3699461966,0
BSMQ.US,D,20200807,000000,25.469,25.479,25.4092,25.4092,2008.3244905881,0
BSMQ.US,D,20200810,000000,25.3993,25.4591,25.3993,25.3993,7170.7225936448,0
BSMQ.US,D,20200811,000000,25.4291,25.4291,25.3843,25.3993,2362.7937631769,0
BSMQ.US,D,20200812,000000,25.3993,25.4591,25.3215,25.3843,8559.4789788865,0
BSMQ.US,D,20200813,000000,25.469,25.469,25.3117,25.4391,1224.0737770135,0
BSMQ.US,D,20200814,000000,25.4391,25.4591,25.4192,25.4242,4375.1349027461,0
BSMQ.US,D,20200817,000000,25.4192,25.4291,25.4092,25.4092,22297.422656755,0
BSMQ.US,D,20200818,000000,25.3893,25.4491,25.3744,25.3993,7456.9088335535,0
BSMQ.US,D,20200819,000000,25.4591,25.4591,25.3415,25.3415,10444.291513303,0
BSMQ.US,D,20200820,000000,25.3804,25.3993,25.3018,25.3018,783.24655132935,0
BSMQ.US,D,20200821,000000,25.3704,25.3794,25.2998,25.3018,19124.269961625,0
BSMQ.US,D,20200824,000000,25.3853,25.3953,25.2379,25.3117,6752.9910996025,0
BSMQ.US,D,20200825,000000,25.2768,25.3754,25.2768,25.2968,5627.3252226279,0
BSMQ.US,D,20200826,000000,25.3465,25.3465,25.2818,25.2818,1322.4816770523,0
BSMQ.US,D,20200828,000000,25.3166,25.3365,25.2608,25.3166,3668.2046820591,0
BSMQ.US,D,20200831,000000,25.3166,25.3265,25.3067,25.3117,14924.863451805,0
BSMQ.US,D,20200901,000000,25.1982,25.2868,25.1982,25.2768,1703.0591680187,0
BSMQ.US,D,20200902,000000,25.2578,25.2578,25.1802,25.2231,433.79808996703,0
BSMQ.US,D,20200903,000000,25.2678,25.3365,25.228,25.228,16202.157827819,0
BSMQ.US,D,20200904,000000,25.2658,25.2678,25.2231,25.2231,1560.4681291869,0
BSMQ.US,D,20200908,000000,25.2768,25.3067,25.23,25.2329,5432.5177470408,0
BSMQ.US,D,20200909,000000,25.2678,25.2678,25.2678,25.2678,357.48175932468,0
BSMQ.US,D,20200910,000000,25.2678,25.2868,25.2181,25.2379,6244.8850034837,0
BSMQ.US,D,20200911,000000,25.228,25.2868,25.228,25.228,3609.9632718321,0
BSMQ.US,D,20200914,000000,25.2081,25.2768,25.2081,25.2578,6843.3657016789,0
BSMQ.US,D,20200915,000000,25.2678,25.2678,25.2519,25.2578,12111.200840492,0
BSMQ.US,D,20200916,000000,25.2578,25.2968,25.2529,25.2968,7088.3812895307,0
BSMQ.US,D,20200917,000000,25.2768,25.2768,25.2578,25.2578,2797.5960153892,0
BSMQ.US,D,20200918,000000,25.2578,25.2678,25.2479,25.2479,10538.682764361,0
BSMQ.US,D,20200921,000000,25.2598,25.2598,25.2549,25.2549,575.38496655349,0
BSMQ.US,D,20200922,000000,25.2698,25.2888,25.2399,25.2648,3601.9299738698,0
BSMQ.US,D,20200923,000000,25.2698,25.2698,25.2598,25.2598,910.7751564817,0
BSMQ.US,D,20200924,000000,25.2788,25.2788,25.2648,25.2648,896.71688504758,0
BSMQ.US,D,20200925,000000,25.2698,25.2788,25.2598,25.2598,4013.6364944403,0
BSMQ.US,D,20200928,000000,25.2788,25.2788,25.2399,25.2549,1753.2672802834,0
BSMQ.US,D,20200929,000000,25.2598,25.2788,25.2588,25.2598,7718.9951795753,0
BSMQ.US,D,20200930,000000,25.2598,25.2598,25.2339,25.2399,8869.7651126823,0
BSMQ.US,D,20201001,000000,25.2349,25.2598,25.2329,25.2449,3843.9330749856,0
BSMQ.US,D,20201002,000000,25.23,25.23,25.1752,25.1752,3176.165181865,0
BSMQ.US,D,20201005,000000,25.2101,25.2101,25.1245,25.1612,12236.721121154,0
BSMQ.US,D,20201006,000000,25.1902,25.1902,25.1415,25.1662,172349.38697105,0
BSMQ.US,D,20201007,000000,25.0816,25.1612,25.0816,25.1115,5289.926708209,0
BSMQ.US,D,20201008,000000,25.1612,25.1802,25.1045,25.1315,5559.0421899478,0
BSMQ.US,D,20201009,000000,25.1462,25.2001,25.1415,25.1415,6232.8350565401,0
BSMQ.US,D,20201012,000000,25.1702,25.1802,25.1315,25.1315,2192.0861814769,0
BSMQ.US,D,20201013,000000,25.0816,25.1802,25.0816,25.1215,2853.8291011257,0
BSMQ.US,D,20201014,000000,25.1395,25.1415,25.1395,25.1415,452.87717262761,0
BSMQ.US,D,20201015,000000,25.2101,25.2101,25.1502,25.1902,4795.8788835243,0
BSMQ.US,D,20201016,000000,25.1902,25.2001,25.1902,25.2001,2246.3109427227,0
BSMQ.US,D,20201019,000000,25.1702,25.1802,25.1702,25.1802,1417.8770903552,0
BSMQ.US,D,20201020,000000,25.1622,25.1802,25.1315,25.1315,3715.400307588,0
BSMQ.US,D,20201021,000000,25.1522,25.1522,25.1165,25.1365,1283.3193494858,0
BSMQ.US,D,20201022,000000,25.1424,25.1702,25.1415,25.1415,2596.7635663304,0
BSMQ.US,D,20201023,000000,25.1902,25.1902,25.1662,25.1702,5188.5063214343,0
BSMQ.US,D,20201026,000000,25.1902,25.2001,25.1682,25.1902,3420.1766074715,0
BSMQ.US,D,20201027,000000,25.1512,25.2001,25.1512,25.1802,8914.9524137205,0
BSMQ.US,D,20201028,000000,25.2001,25.2001,25.1345,25.1902,2316.6022998933,0
BSMQ.US,D,20201029,000000,25.1385,25.2001,25.1385,25.2001,1975.1871364933,0
BSMQ.US,D,20201030,000000,25.1642,25.1802,25.1642,25.1802,972.02905344464,0
BSMQ.US,D,20201102,000000,25.2101,25.2101,25.1702,25.1902,8172.8765144482,0
BSMQ.US,D,20201103,000000,25.1872,25.1902,25.1492,25.1802,3661.1755463421,0
BSMQ.US,D,20201104,000000,25.3575,25.3675,25.3485,25.3575,1627.7469996216,0
BSMQ.US,D,20201105,000000,25.3774,25.3774,25.2938,25.3385,5429.5052603049,0
BSMQ.US,D,20201106,000000,25.3185,25.3385,25.3185,25.3385,607.5181584029,0
BSMQ.US,D,20201109,000000,25.3087,25.3185,25.23,25.3185,6403.5426382401,0
BSMQ.US,D,20201110,000000,25.2399,25.3285,25.2399,25.3087,6187.6477555019,0
BSMQ.US,D,20201111,000000,25.3285,25.3285,25.3285,25.3285,349.44846136232,0
BSMQ.US,D,20201112,000000,25.3385,25.3385,25.3285,25.3385,2480.2807458763,0
BSMQ.US,D,20201113,000000,25.2988,25.3774,25.2988,25.3774,1747.2423068117,0
BSMQ.US,D,20201116,000000,25.3873,25.3873,25.2888,25.3335,5081.0609611879,0
BSMQ.US,D,20201117,000000,25.3185,25.4371,25.3185,25.3724,6883.5321914907,0
BSMQ.US,D,20201118,000000,25.4571,25.4571,25.4082,25.4082,1985.2287589463,0
BSMQ.US,D,20201119,000000,25.4948,25.5168,25.4948,25.5168,7716.9868550848,0
BSMQ.US,D,20201120,000000,25.5118,25.5656,25.5118,25.5168,2404.9685774792,0
BSMQ.US,D,20201123,000000,25.5068,25.5068,25.467,25.467,690.8636247623,0
BSMQ.US,D,20201124,000000,25.4948,25.4968,25.4072,25.4968,6854.4114863771,0
BSMQ.US,D,20201125,000000,25.4571,25.5068,25.4571,25.4571,638.64718800702,0
BSMQ.US,D,20201130,000000,25.4471,25.5268,25.4471,25.5268,8045.3479092958,0
BSMQ.US,D,20201201,000000,25.477,25.5965,25.477,25.5168,8466.0918900741,0
BSMQ.US,D,20201202,000000,25.4621,25.5268,25.4621,25.482,2474.2557724045,0
BSMQ.US,D,20201203,000000,25.5368,25.5566,25.467,25.5168,9200.134491384,0
BSMQ.US,D,20201204,000000,25.5268,25.5556,25.5168,25.5168,933.87088812346,0
BSMQ.US,D,20201207,000000,25.5965,25.5965,25.5466,25.5865,1828.5794486805,0
BSMQ.US,D,20201208,000000,25.5765,25.5965,25.5238,25.5566,2266.3941876287,0
BSMQ.US,D,20201209,000000,25.5168,25.5965,25.5168,25.5666,1501.2225567146,0
BSMQ.US,D,20201210,000000,25.5746,25.6164,25.5746,25.6164,2648.9800030857,0
BSMQ.US,D,20201211,000000,25.6363,25.6453,25.4172,25.5965,25827.052948963,0
BSMQ.US,D,20201214,000000,25.6363,25.6453,25.6014,25.6453,4421.3263660297,0
BSMQ.US,D,20201215,000000,25.6363,25.6403,25.5994,25.6363,3849.9580484574,0
BSMQ.US,D,20201216,000000,25.6552,25.6552,25.6114,25.6283,2569.6511857074,0
BSMQ.US,D,20201217,000000,25.6552,25.6751,25.6114,25.6114,13391.507703241,0
BSMQ.US,D,20201218,000000,25.6602,25.6651,25.6164,25.6164,3243.4440522998,0
BSMQ.US,D,20201221,000000,25.6014,25.6453,25.6014,25.6014,7784.2657255194,0
BSMQ.US,D,20201222,000000,25.6453,25.6453,25.6064,25.6064,1131.6908504464,0
BSMQ.US,D,20201223,000000,25.6533,25.6552,25.5566,25.6114,4133.1318016303,0
BSMQ.US,D,20201224,000000,25.6651,25.6751,25.6263,25.6263,3343.8602768292,0
BSMQ.US,D,20201228,000000,25.6751,25.6751,25.6651,25.6701,1378.7147627887,0
BSMQ.US,D,20201229,000000,25.6651,25.6741,25.6552,25.6552,4220.4939169709,0
BSMQ.US,D,20201230,000000,25.6313,25.705,25.6313,25.6363,13022.980159218,0
BSMQ.US,D,20201231,000000,25.6751,25.6851,25.6363,25.6363,5357.2055786437,0
BSMQ.US,D,20210104,000000,25.6851,25.6851,25.6204,25.6851,2405.9727397246,0
BSMQ.US,D,20210105,000000,25.6951,25.7149,25.6851,25.7149,3369.9684952068,0
BSMQ.US,D,20210106,000000,25.705,25.705,25.6164,25.6651,193238.9741599,0
BSMQ.US,D,20210107,000000,25.7249,25.7249,25.6751,25.6751,1429.9270372987,0
BSMQ.US,D,20210108,000000,25.6821,25.6831,25.6453,25.6453,2211.1652641374,0
BSMQ.US,D,20210111,000000,25.6841,25.6841,25.6363,25.6363,1126.6700392199,0
BSMQ.US,D,20210112,000000,25.6951,25.6951,25.6403,25.6403,1874.7709119639,0
BSMQ.US,D,20210113,000000,25.5865,25.6851,25.5865,25.6453,1451.0144444499,0
BSMQ.US,D,20210114,000000,25.7747,25.7747,25.6403,25.6403,11008.630695158,0
BSMQ.US,D,20210115,000000,25.704,25.704,25.6602,25.6602,148.61601230351,0
BSMQ.US,D,20210119,000000,25.6592,25.7209,25.6592,25.6711,2934.1620807492,0
BSMQ.US,D,20210120,000000,25.7209,25.7209,25.6612,25.6661,7150.6393487388,0
BSMQ.US,D,20210121,000000,25.6124,25.7309,25.6124,25.6811,3196.248426771,0
BSMQ.US,D,20210122,000000,25.6861,25.7209,25.6861,25.6911,1155.7907443334,0
BSMQ.US,D,20210125,000000,25.7508,25.7608,25.7159,25.7608,4185.3482383856,0
BSMQ.US,D,20210126,000000,25.7608,25.7906,25.7409,25.7409,5756.8621522708,0
BSMQ.US,D,20210128,000000,25.8006,25.8206,25.8006,25.8206,3028.5533318068,0
BSMQ.US,D,20210129,000000,25.7906,25.8106,25.7906,25.8106,9254.3592526299,0
BSMQ.US,D,20210201,000000,25.8404,25.8604,25.7807,25.7906,7538.2459754224,0
BSMQ.US,D,20210202,000000,25.7807,25.8305,25.7807,25.8305,1169.8490157676,0
BSMQ.US,D,20210203,000000,25.8504,25.8504,25.8156,25.8156,2396.9352795169,0
BSMQ.US,D,20210204,000000,25.8156,25.8504,25.8156,25.8206,4239.5729996315,0
BSMQ.US,D,20210205,000000,25.8504,25.8604,25.8116,25.8206,14452.907196516,0
BSMQ.US,D,20210208,000000,25.8604,25.8604,25.8256,25.8256,4505.6759946344,0
BSMQ.US,D,20210209,000000,25.8604,25.8803,25.8504,25.8504,1180.8948004658,0
BSMQ.US,D,20210210,000000,25.8504,25.8703,25.8504,25.8703,145.60352556763,0
BSMQ.US,D,20210211,000000,25.8952,25.9102,25.8952,25.9102,3590.8841891715,0
BSMQ.US,D,20210212,000000,25.8803,25.9202,25.8773,25.8803,6198.6935402002,0
BSMQ.US,D,20210216,000000,25.9202,25.9202,25.8504,25.8703,12698.635753989,0
BSMQ.US,D,20210217,000000,25.8604,25.8604,25.8355,25.8504,6671.6539577336,0
BSMQ.US,D,20210218,000000,25.7816,25.8106,25.7608,25.7906,11297.829421804,0
BSMQ.US,D,20210219,000000,25.7658,25.7658,25.703,25.703,6198.6935402002,0
BSMQ.US,D,20210222,000000,25.5945,25.6124,25.5945,25.5975,1840.629395624,0
BSMQ.US,D,20210223,000000,25.5426,25.5426,25.5118,25.5426,12493.786655949,0
BSMQ.US,D,20210225,000000,25.3734,25.4033,25.3585,25.3685,1889.8333456434,0
BSMQ.US,D,20210301,000000,25.3535,25.3883,25.3445,25.3883,1398.7980076946,0
BSMQ.US,D,20210302,000000,25.3863,25.4431,25.3863,25.4033,3972.4658423833,0
BSMQ.US,D,20210303,000000,25.4232,25.4331,25.3833,25.3833,843.49628604699,0
BSMQ.US,D,20210304,000000,25.4331,25.4331,25.3983,25.3983,2202.1278039298,0
BSMQ.US,D,20210305,000000,25.463,25.463,25.4301,25.4331,5774.9370726861,0
BSMQ.US,D,20210308,000000,25.4531,25.4928,25.3933,25.4431,7046.2064752283,0
BSMQ.US,D,20210309,000000,25.5228,25.5228,25.4869,25.5178,2077.6116855134,0
BSMQ.US,D,20210310,000000,25.5228,25.5626,25.5228,25.5278,1387.7522229964,0
BSMQ.US,D,20210311,000000,25.5576,25.5576,25.5128,25.5576,1559.4639669417,0
BSMQ.US,D,20210312,000000,25.5556,25.5626,25.5088,25.5228,4381.1598762179,0
BSMQ.US,D,20210315,000000,25.6014,25.6014,25.5436,25.5526,1664.9010026975,0
BSMQ.US,D,20210316,000000,25.6114,25.6114,25.5925,25.5925,1748.2464690569,0
BSMQ.US,D,20210317,000000,25.5526,25.5576,25.5526,25.5526,1071.4411157287,0
BSMQ.US,D,20210318,000000,25.4132,25.483,25.4132,25.4431,2737.3462806716,0
BSMQ.US,D,20210319,000000,25.473,25.478,25.4281,25.4281,12460.649301854,0
BSMQ.US,D,20210322,000000,25.483,25.483,25.483,25.483,198.82412456822,0
BSMQ.US,D,20210323,000000,25.4033,25.483,25.4033,25.468,5966.7320615372,0
BSMQ.US,D,20210324,000000,25.5228,25.5228,25.478,25.478,1722.1382506792,0
BSMQ.US,D,20210325,000000,25.5426,25.5426,25.5078,25.5078,455.88965936349,0
BSMQ.US,D,20210326,000000,25.5228,25.5318,25.483,25.4978,21752.16255756,0
BSMQ.US,D,20210329,000000,25.4978,25.5198,25.483,25.483,991.10813610522,0
BSMQ.US,D,20210330,000000,25.478,25.5426,25.478,25.5328,17850.992234592,0
BSMQ.US,D,20210331,000000,25.5328,25.5328,25.4879,25.4879,719.98432987583,0
BSMQ.US,D,20210401,000000,25.5018,25.5825,25.5018,25.5328,3000.4367889386,0
BSMQ.US,D,20210405,000000,25.5825,25.5905,25.5576,25.5576,3415.155796245,0
BSMQ.US,D,20210406,000000,25.5726,25.5726,25.5626,25.5626,592.45572472348,0
BSMQ.US,D,20210407,000000,25.5696,25.5925,25.5476,25.5825,15840.659419514,0
BSMQ.US,D,20210408,000000,25.6223,25.6223,25.6074,25.6074,250.03639907822,0
BSMQ.US,D,20210409,000000,25.6323,25.6323,25.5825,25.6124,8161.83072975,0
BSMQ.US,D,20210412,000000,25.6124,25.6413,25.6124,25.6174,1397.7938454493,0
BSMQ.US,D,20210413,000000,25.6223,25.6612,25.6223,25.6612,7544.2709488941,0
BSMQ.US,D,20210414,000000,25.6931,25.7011,25.6711,25.6711,3651.1339238891,0
BSMQ.US,D,20210415,000000,25.7011,25.8504,25.7011,25.7608,7300.2595232877,0
BSMQ.US,D,20210416,000000,25.7807,25.7807,25.7807,25.7807,1778.3713364157,0
BSMQ.US,D,20210419,000000,25.7608,25.7807,25.7349,25.7459,6494.9214025619,0
BSMQ.US,D,20210420,000000,25.7807,25.7906,25.7707,25.7906,3368.9643329615,0
BSMQ.US,D,20210422,000000,25.8006,25.8305,25.7807,25.7807,1399.8021699399,0
BSMQ.US,D,20210423,000000,25.8206,25.8206,25.7856,25.7856,401.66489811762,0
BSMQ.US,D,20210426,000000,25.8106,25.8106,25.7807,25.7807,698.89692272465,0
BSMQ.US,D,20210427,000000,25.8066,25.8196,25.7856,25.7856,3661.1755463421,0
BSMQ.US,D,20210428,000000,25.7906,25.8006,25.7658,25.7707,3540.6760769068,0
BSMQ.US,D,20210429,000000,25.7707,25.7707,25.7459,25.7459,2155.9363406463,0
BSMQ.US,D,20210430,000000,25.7707,25.7707,25.7459,25.7459,826.42552787699,0
BSMQ.US,D,20210503,000000,25.7807,25.7836,25.7508,25.7508,8630.7744983023,0
BSMQ.US,D,20210504,000000,25.7209,25.7707,25.7209,25.7508,10733.490239948,0
BSMQ.US,D,20210505,000000,25.7707,25.7707,25.7608,25.7608,1008.1788942752,0
BSMQ.US,D,20210507,000000,25.7906,25.8006,25.7707,25.7707,2283.4649457987,0
BSMQ.US,D,20210510,000000,25.7608,25.8026,25.7608,25.7757,1573.5222383757,0
BSMQ.US,D,20210511,000000,25.7658,25.7906,25.7658,25.7658,1140.7283106541,0
BSMQ.US,D,20210512,000000,25.7479,25.7508,25.7479,25.7508,3699.3337116632,0
BSMQ.US,D,20210513,000000,25.7409,25.7508,25.7409,25.7508,954.95829527464,0
BSMQ.US,D,20210514,000000,25.7259,25.7309,25.7259,25.7309,477.98122875997,0
BSMQ.US,D,20210517,000000,25.7707,25.7707,25.6811,25.7309,2016.3577885504,0
BSMQ.US,D,20210518,000000,25.7598,25.7707,25.7259,25.7309,1001.1497585582,0
BSMQ.US,D,20210519,000000,25.7707,25.7707,25.6881,25.706,1439.9686597517,0
BSMQ.US,D,20210520,000000,25.7688,25.7807,25.6821,25.7309,16322.657297254,0
BSMQ.US,D,20210521,000000,25.711,25.8006,25.711,25.7459,1056.3786820493,0
BSMQ.US,D,20210524,000000,25.7608,25.7608,25.7209,25.7209,386.60246443821,0
BSMQ.US,D,20210525,000000,25.7906,25.7906,25.7409,25.7409,1939.0372956628,0
BSMQ.US,D,20210526,000000,25.7459,25.7807,25.7459,25.7608,931.86256363287,0
BSMQ.US,D,20210527,000000,25.8106,25.8305,25.7209,25.7608,13649.577400282,0
BSMQ.US,D,20210601,000000,25.8106,25.8196,25.7707,25.7707,1813.517015001,0
BSMQ.US,D,20210602,000000,25.8206,25.8394,25.7856,25.7856,3184.1984798274,0
BSMQ.US,D,20210603,000000,25.8056,25.8305,25.7807,25.7807,4930.4366243937,0
BSMQ.US,D,20210604,000000,25.8404,25.8404,25.8106,25.8106,125.52028066175,0
BSMQ.US,D,20210607,000000,25.8504,25.8604,25.8106,25.8106,620.57226759172,0
BSMQ.US,D,20210608,000000,25.8663,25.9102,25.8305,25.8604,8682.9909350576,0
BSMQ.US,D,20210609,000000,25.9202,25.9301,25.8703,25.8803,10595.920012343,0
BSMQ.US,D,20210610,000000,25.8404,25.9351,25.8404,25.9002,3179.1776686009,0
BSMQ.US,D,20210611,000000,25.9699,25.9699,25.9699,25.9699,6262.959923899,0
BSMQ.US,D,20210614,000000,25.9202,25.9351,25.9202,25.9351,2179.0320722881,0
BSMQ.US,D,20210615,000000,25.9998,25.9998,25.8902,25.8902,13525.061281866,0
BSMQ.US,D,20210616,000000,25.8305,25.8803,25.7807,25.7807,6659.6040107901,0
BSMQ.US,D,20210617,000000,25.8803,25.8852,25.8803,25.8852,511.11858285467,0
BSMQ.US,D,20210618,000000,25.8454,25.8504,25.8006,25.8504,7006.0399854166,0
BSMQ.US,D,20210621,000000,25.8604,25.8604,25.7608,25.8006,7204.8641099848,0
BSMQ.US,D,20210622,000000,25.8106,25.8106,25.7707,25.7757,3893.137025005,0
BSMQ.US,D,20210623,000000,25.8006,25.8006,25.7359,25.7359,873.62115340582,0
BSMQ.US,D,20210624,000000,25.8006,25.8006,25.7608,25.7608,1593.6054832817,0
BSMQ.US,D,20210625,000000,25.712,25.7807,25.711,25.7409,4004.5990342326,0
BSMQ.US,D,20210628,000000,25.8046,25.8046,25.7807,25.7807,3935.3118393073,0
BSMQ.US,D,20210629,000000,25.8206,25.8256,25.7856,25.7856,5641.3834940619,0
BSMQ.US,D,20210630,000000,25.8006,25.8394,25.8006,25.8006,1327.5024882787,0
BSMQ.US,D,20210701,000000,25.7618,25.8305,25.7608,25.7956,1532.3515863187,0
BSMQ.US,D,20210702,000000,25.8206,25.8604,25.8156,25.8206,9245.3217924222,0
BSMQ.US,D,20210706,000000,25.8554,25.8554,25.8106,25.8554,4385.1765251991,0
BSMQ.US,D,20210707,000000,25.9002,25.9102,25.8753,25.8753,2160.9571518728,0
BSMQ.US,D,20210708,000000,25.9499,25.9499,25.9301,25.9301,898.72520953817,0
BSMQ.US,D,20210709,000000,25.9152,25.9152,25.8305,25.8703,4003.5948719874,0
BSMQ.US,D,20210712,000000,25.8902,25.9002,25.8902,25.9002,200.83244905881,0
BSMQ.US,D,20210713,000000,25.9599,25.9599,25.9002,25.9002,1360.6398423734,0
BSMQ.US,D,20210714,000000,25.8604,25.9401,25.8604,25.9002,2629.9009204251,0
BSMQ.US,D,20210715,000000,25.9401,25.9599,25.9202,25.9202,2521.4513979333,0
BSMQ.US,D,20210716,000000,25.9429,25.9429,25.9251,25.9251,1430.931199544,0
BSMQ.US,D,20210719,000000,25.9499,25.9769,25.9202,25.9699,6501.9505382789,0
BSMQ.US,D,20210720,000000,25.9919,26.0097,25.9301,25.9599,9651.0033395211,0
BSMQ.US,D,20210721,000000,25.9799,25.9899,25.8902,25.8902,8157.8140807688,0
BSMQ.US,D,20210722,000000,25.9102,25.9449,25.9002,25.9449,3322.772869678,0
BSMQ.US,D,20210723,000000,25.9301,26.0197,25.9301,25.9301,20289.098166167,0
BSMQ.US,D,20210726,000000,25.9709,25.9709,25.9002,25.9401,775.213253367,0
BSMQ.US,D,20210727,000000,25.9401,26.0097,25.9401,25.9499,5581.1337593443,0
BSMQ.US,D,20210728,000000,25.9301,25.9599,25.9301,25.9599,1144.7449596352,0
BSMQ.US,D,20210729,000000,25.9449,25.9499,25.9449,25.9499,947.92915955758,0
BSMQ.US,D,20210730,000000,25.9499,25.9899,25.9102,25.9499,3320.7645451874,0
BSMQ.US,D,20210802,000000,25.9549,25.9899,25.9499,25.9499,3863.0121576462,0
BSMQ.US,D,20210803,000000,25.9889,25.9889,25.9202,25.9202,3835.8997770232,0
BSMQ.US,D,20210804,000000,25.9589,25.9988,25.9401,25.9599,3733.4752280032,0
BSMQ.US,D,20210805,000000,25.9231,25.9549,25.9231,25.9549,839.47963706582,0
BSMQ.US,D,20210806,000000,25.9102,25.9599,25.9102,25.9401,4227.5230526879,0
BSMQ.US,D,20210809,000000,25.9401,25.9401,25.9301,25.9301,779.22990234817,0
BSMQ.US,D,20210810,000000,25.8703,25.9589,25.8703,25.9301,1804.4795547934,0
BSMQ.US,D,20210811,000000,25.9599,25.9799,25.9002,25.9202,1808.4962037746,0
BSMQ.US,D,20210812,000000,25.9699,25.9699,25.9699,25.9699,1450.0102822046,0
BSMQ.US,D,20210813,000000,25.8912,25.9361,25.8902,25.9251,1290.3484852028,0
BSMQ.US,D,20210816,000000,25.9301,25.9599,25.9301,25.9301,1220.0571280322,0
BSMQ.US,D,20210817,000000,25.9152,25.9499,25.8504,25.9152,13128.417194974,0
BSMQ.US,D,20210819,000000,25.8813,25.9499,25.8803,25.9152,10611.986608267,0
BSMQ.US,D,20210820,000000,25.8803,25.9599,25.8803,25.8803,4685.421036542,0
BSMQ.US,D,20210823,000000,25.9301,25.9311,25.9002,25.9002,1819.5419884728,0
BSMQ.US,D,20210825,000000,25.8803,25.9202,25.8703,25.8703,13850.40984934,0
BSMQ.US,D,20210826,000000,25.9002,25.9002,25.8653,25.8653,1430.931199544,0
BSMQ.US,D,20210827,000000,25.8504,25.8803,25.8504,25.8803,561.32669511937,0
BSMQ.US,D,20210830,000000,25.8723,25.8803,25.8504,25.8803,4247.6062975938,0
BSMQ.US,D,20210901,000000,25.8803,25.8912,25.8803,25.8902,2462.205825461,0
BSMQ.US,D,20210902,000000,25.8902,25.8902,25.8803,25.8902,724.00097885701,0
BSMQ.US,D,20210903,000000,25.8803,25.8803,25.8206,25.8206,2754.4170388416,0
BSMQ.US,D,20210907,000000,25.8106,25.8106,25.7856,25.7856,206.85742253057,0
BSMQ.US,D,20210908,000000,25.8206,25.8206,25.8196,25.8196,532.20599000584,0
BSMQ.US,D,20210909,000000,25.8106,25.8355,25.8006,25.8355,2364.8020876675,0
BSMQ.US,D,20210910,000000,25.8653,25.8653,25.8355,25.8355,765.17163091406,0
BSMQ.US,D,20210913,000000,25.8454,25.8454,25.8106,25.8106,379.57332872115,0
BSMQ.US,D,20210914,000000,25.8454,25.8514,25.8454,25.8454,862.57536870758,0
BSMQ.US,D,20210915,000000,25.8803,25.8803,25.8404,25.8404,1193.9489096546,0
BSMQ.US,D,20210916,000000,25.8604,25.8604,25.8256,25.8256,770.19244214053,0
BSMQ.US,D,20210917,000000,25.8604,25.8604,25.8305,25.8305,857.55455748111,0
BSMQ.US,D,20210920,000000,25.8803,25.8902,25.8454,25.8454,4842.0703468078,0
BSMQ.US,D,20210921,000000,25.8514,25.8514,25.8256,25.8256,100.41622452941,0
BSMQ.US,D,20210922,000000,25.8703,25.8703,25.8256,25.8256,2583.7094571416,0
BSMQ.US,D,20210923,000000,25.8106,25.8186,25.8106,25.8156,1407.8354679022,0
BSMQ.US,D,20210924,000000,25.8106,25.8156,25.8106,25.8106,1789.417121114,0
BSMQ.US,D,20210928,000000,25.7508,25.7508,25.7011,25.7011,1877.7833986999,0
BSMQ.US,D,20210930,000000,25.7209,25.7409,25.706,25.706,16266.424211518,0
BSMQ.US,D,20211001,000000,25.6811,25.6811,25.6811,25.6811,971.02489119934,0
BSMQ.US,D,20211004,000000,25.711,25.711,25.6413,25.6761,623.5847543276,0
BSMQ.US,D,20211005,000000,25.6711,25.711,25.6661,25.6661,613.54313187466,0
BSMQ.US,D,20211006,000000,25.6661,25.7011,25.6661,25.6661,1328.5066505241,0
BSMQ.US,D,20211007,000000,25.6811,25.6811,25.6333,25.6463,2571.6595101981,0
BSMQ.US,D,20211011,000000,25.5726,25.6074,25.5726,25.6074,374.55251749468,0
BSMQ.US,D,20211012,000000,25.6701,25.6711,25.6463,25.6463,1595.6138077722,0
BSMQ.US,D,20211013,000000,25.6124,25.6761,25.6124,25.6513,1593.6054832817,0
BSMQ.US,D,20211014,000000,25.6751,25.6751,25.6443,25.6562,1690.0050588299,0
BSMQ.US,D,20211015,000000,25.6801,25.6811,25.6562,25.6562,2768.4753102757,0
BSMQ.US,D,20211018,000000,25.6891,25.6891,25.6223,25.6562,604.50567166702,0
BSMQ.US,D,20211019,000000,25.6801,25.6811,25.6493,25.6513,6140.4521299731,0
BSMQ.US,D,20211020,000000,25.6433,25.6433,25.6373,25.6373,2722.2838469921,0
BSMQ.US,D,20211021,000000,25.6124,25.6323,25.5925,25.5925,1576.5347251117,0
BSMQ.US,D,20211022,000000,25.6223,25.6223,25.6074,25.6074,488.02285121291,0
BSMQ.US,D,20211025,000000,25.6293,25.6293,25.5975,25.5975,1246.1653464099,0
BSMQ.US,D,20211026,000000,25.6114,25.6124,25.5975,25.6024,4763.7456916749,0
BSMQ.US,D,20211027,000000,25.5626,25.6323,25.5626,25.5925,1260.223617844,0
BSMQ.US,D,20211028,000000,25.6373,25.6373,25.6024,25.6273,2212.1694263828,0
BSMQ.US,D,20211029,000000,25.6811,25.6811,25.6273,25.6323,1343.5690842034,0
BSMQ.US,D,20211101,000000,25.6413,25.6413,25.6024,25.6024,413.71484506115,0
BSMQ.US,D,20211102,000000,25.6513,25.6612,25.6323,25.6323,290.20288888998,0
BSMQ.US,D,20211103,000000,25.6513,25.6811,25.6124,25.6463,5432.5177470408,0
BSMQ.US,D,20211104,000000,25.6651,25.6811,25.6124,25.6463,6377.4344198625,0
BSMQ.US,D,20211108,000000,25.711,25.711,25.6761,25.6761,2583.7094571416,0
BSMQ.US,D,20211109,000000,25.6811,25.7259,25.6811,25.7259,942.9083483311,0
BSMQ.US,D,20211110,000000,25.6911,25.7459,25.6911,25.711,2228.2360223074,0
BSMQ.US,D,20211111,000000,25.7199,25.7199,25.6861,25.6861,292.21121338056,0
BSMQ.US,D,20211112,000000,25.7309,25.7309,25.6711,25.7011,2388.9019815546,0
BSMQ.US,D,20211115,000000,25.7209,25.7409,25.6612,25.6911,5563.058838929,0
BSMQ.US,D,20211116,000000,25.711,25.711,25.6661,25.6661,3900.166160722,0
BSMQ.US,D,20211117,000000,25.6413,25.6612,25.6323,25.6612,684.83865129054,0
BSMQ.US,D,20211118,000000,25.6323,25.6612,25.6323,25.6612,101.4203867747,0
BSMQ.US,D,20211119,000000,25.7309,25.7309,25.6861,25.6861,1583.5638608287,0
BSMQ.US,D,20211122,000000,25.6661,25.6661,25.6562,25.6562,969.01656670876,0
BSMQ.US,D,20211123,000000,25.6811,25.6811,25.6413,25.6413,8537.38740949,0
BSMQ.US,D,20211124,000000,25.6711,25.6711,25.6711,25.6711,206.85742253057,0
BSMQ.US,D,20211129,000000,25.7011,25.7011,25.6911,25.6911,943.9125105764,0
BSMQ.US,D,20211130,000000,25.711,25.7508,25.706,25.7219,1283.3193494858,0
BSMQ.US,D,20211201,000000,25.7399,25.7439,25.711,25.7439,525.17685428879,0
BSMQ.US,D,20211202,000000,25.6711,25.7309,25.6711,25.706,3402.1016870562,0
BSMQ.US,D,20211203,000000,25.7409,25.7608,25.711,25.7359,11127.121840104,0
BSMQ.US,D,20211206,000000,25.711,25.711,25.6711,25.6961,1217.0446412964,0
BSMQ.US,D,20211207,000000,25.8006,25.8006,25.6961,25.6961,1831.5919354163,0
BSMQ.US,D,20211208,000000,25.7159,25.7309,25.6961,25.6961,3861.0038331556,0
BSMQ.US,D,20211209,000000,25.7209,25.7209,25.6513,25.711,7174.7392426259,0
BSMQ.US,D,20211210,000000,25.6911,25.7309,25.6911,25.7309,539.2351257229,0
BSMQ.US,D,20211213,000000,25.7707,25.7707,25.711,25.7409,5127.2524244714,0
BSMQ.US,D,20211214,000000,25.7638,25.7638,25.7359,25.7359,718.98016763053,0
BSMQ.US,D,20211215,000000,25.7409,25.7707,25.7159,25.7159,6698.7663383566,0
BSMQ.US,D,20211216,000000,25.7707,25.7707,25.711,25.7359,1297.3776209199,0
BSMQ.US,D,20211217,000000,25.7807,25.7826,25.7189,25.7409,1929.9998354552,0
BSMQ.US,D,20211220,000000,25.7299,25.7349,25.6811,25.7159,1643.8135955463,0
BSMQ.US,D,20211221,000000,25.6961,25.7807,25.6911,25.6961,16011.367001214,0
BSMQ.US,D,20211222,000000,25.7399,25.7409,25.6711,25.706,20820.299993927,0
BSMQ.US,D,20211223,000000,25.8206,25.8206,25.6711,25.7409,11547.865820881,0
BSMQ.US,D,20211227,000000,25.7309,25.7508,25.6721,25.7259,17832.917314177,0
BSMQ.US,D,20211228,000000,25.7011,25.7508,25.6951,25.711,3563.7718085485,0
BSMQ.US,D,20211229,000000,25.7209,25.7399,25.7011,25.7011,6383.4593933342,0
BSMQ.US,D,20211230,000000,25.7409,25.7508,25.706,25.7508,2333.6730580633,0
BSMQ.US,D,20211231,000000,25.6731,25.7508,25.6731,25.706,7392.6424498547,0
BSMQ.US,D,20220103,000000,25.6961,25.711,25.6612,25.6911,6078.1940707648,0
BSMQ.US,D,20220104,000000,25.6323,25.711,25.6323,25.6811,6016.9401738019,0
BSMQ.US,D,20220105,000000,25.6513,25.6513,25.5626,25.6024,12224.67117421,0
BSMQ.US,D,20220106,000000,25.6223,25.6223,25.5975,25.5975,48277.108267002,0
BSMQ.US,D,20220107,000000,25.5676,25.5925,25.5676,25.5676,1415.8687658646,0
BSMQ.US,D,20220110,000000,25.5825,25.5825,25.5526,25.5526,9393.9378047257,0
BSMQ.US,D,20220111,000000,25.5426,25.5426,25.473,25.4928,3789.7083137398,0
BSMQ.US,D,20220112,000000,25.463,25.5268,25.463,25.463,6166.5603483507,0
BSMQ.US,D,20220113,000000,25.5218,25.5218,25.4928,25.4928,1241.1445351835,0
BSMQ.US,D,20220118,000000,25.5128,25.5128,25.4082,25.4082,14349.478485252,0
BSMQ.US,D,20220119,000000,25.4082,25.4401,25.3833,25.4182,1267.2527535611,0
BSMQ.US,D,20220120,000000,25.4331,25.4331,25.4033,25.4033,520.15604306231,0
BSMQ.US,D,20220124,000000,25.3285,25.3285,25.2539,25.3037,1291.3526474481,0
BSMQ.US,D,20220125,000000,25.2988,25.2988,25.2539,25.2539,7000.0150119448,0
BSMQ.US,D,20220126,000000,25.229,25.2638,25.1742,25.1742,3850.9622107027,0
BSMQ.US,D,20220127,000000,25.1245,25.1742,25.0646,25.0995,7073.3188558512,0
BSMQ.US,D,20220128,000000,25.0398,25.0548,25.0249,25.0249,5659.4584144772,0
BSMQ.US,D,20220131,000000,25.0448,25.0448,24.9552,24.9849,6925.707005793,0
BSMQ.US,D,20220201,000000,25.0099,25.0099,25.0099,25.0099,641.6596747429,0
BSMQ.US,D,20220202,000000,25.0726,25.0845,25.0149,25.0498,19867.350023142,0
BSMQ.US,D,20220203,000000,25.1045,25.1045,25.0696,25.0696,363.50673279644,0
BSMQ.US,D,20220207,000000,25.0736,25.0845,25.0646,25.0646,1414.8646036193,0
BSMQ.US,D,20220208,000000,25.0845,25.0845,25.0398,25.0398,3001.4409511839,0
BSMQ.US,D,20220209,000000,24.975,25.0199,24.975,25.0199,1443.9853087328,0
BSMQ.US,D,20220210,000000,24.9849,24.9849,24.9402,24.9402,1443.9853087328,0
BSMQ.US,D,20220211,000000,24.9252,24.9252,24.9053,24.9053,2011.336977324,0
BSMQ.US,D,20220214,000000,24.8556,24.9053,24.8306,24.8306,2097.6949304192,0
BSMQ.US,D,20220215,000000,24.8057,24.8097,24.7859,24.8057,9482.3040823116,0
BSMQ.US,D,20220216,000000,24.8057,24.8356,24.8057,24.8057,4592.0339477297,0
BSMQ.US,D,20220217,000000,24.7859,24.8456,24.7859,24.8207,7760.1658316324,0
BSMQ.US,D,20220218,000000,24.8755,24.8755,24.8356,24.8506,9796.6068650887,0
BSMQ.US,D,20220222,000000,24.8157,24.8456,24.8157,24.8207,1499.214232224,0
BSMQ.US,D,20220223,000000,24.8356,24.8556,24.8157,24.8157,4165.2649934797,0
BSMQ.US,D,20220224,000000,24.8157,24.8854,24.8157,24.8556,3110.8946359209,0
BSMQ.US,D,20220225,000000,24.8456,24.8506,24.8276,24.8276,5183.4855102078,0
BSMQ.US,D,20220228,000000,24.8655,24.8904,24.8655,24.8854,2447.1433917816,0
BSMQ.US,D,20220301,000000,24.8954,24.9152,24.8874,24.9152,5196.5396193966,0
BSMQ.US,D,20220302,000000,24.8854,24.8854,24.8256,24.8506,1710.0883037357,0
BSMQ.US,D,20220303,000000,24.8655,24.8755,24.8356,24.8556,1825.5669619446,0
BSMQ.US,D,20220304,000000,24.8167,24.8954,24.7959,24.8954,9184.0678954593,0
BSMQ.US,D,20220307,000000,24.8157,24.8456,24.7669,24.8107,6159.5312126337,0
BSMQ.US,D,20220308,000000,24.7599,24.7599,24.7161,24.7411,28540.299335748,0
BSMQ.US,D,20220309,000000,24.7062,24.7361,24.7062,24.7361,2018.366113041,0
BSMQ.US,D,20220310,000000,24.6862,24.7609,24.6862,24.7261,33000.788029343,0
BSMQ.US,D,20220311,000000,24.6862,24.6962,24.6166,24.6314,7122.5228058707,0
BSMQ.US,D,20220314,000000,24.5966,24.5966,24.3935,24.4921,20286.085679431,0
BSMQ.US,D,20220315,000000,24.4473,24.4473,24.4473,24.4473,2245.3067804774,0
BSMQ.US,D,20220316,000000,24.4971,24.4971,24.3985,24.4571,2284.469108044,0
BSMQ.US,D,20220317,000000,24.5369,24.5418,24.5169,24.5418,1722.1382506792,0
BSMQ.US,D,20220318,000000,24.5668,24.5668,24.5369,24.5668,10702.361210344,0
BSMQ.US,D,20220321,000000,24.4871,24.4871,24.3785,24.4383,4830.0203998643,0
BSMQ.US,D,20220322,000000,24.3496,24.3985,24.3486,24.3486,5411.4303398896,0
BSMQ.US,D,20220323,000000,24.3288,24.3875,24.2988,24.3685,6653.5790373183,0
BSMQ.US,D,20220324,000000,24.2591,24.3785,24.2491,24.2819,31620.064942064,0
BSMQ.US,D,20220325,000000,24.1992,24.2381,24.1495,24.1844,12855.285064254,0
BSMQ.US,D,20220328,000000,24.1794,24.2391,24.1495,24.1695,15366.694839734,0
BSMQ.US,D,20220329,000000,24.1675,24.1675,24.1295,24.1495,2329.6564090822,0
BSMQ.US,D,20220330,000000,24.2092,24.2092,24.1495,24.1844,5977.7778462354,0
BSMQ.US,D,20220331,000000,24.2092,24.2591,24.1705,24.1962,9211.1802760822,0
BSMQ.US,D,20220401,000000,24.1893,24.1992,24.1495,24.1844,3664.1880330779,0
BSMQ.US,D,20220404,000000,24.1096,24.2291,24.1096,24.1794,26091.147619475,0
BSMQ.US,D,20220405,000000,24.1205,24.1445,24.0898,24.1445,3950.3742729868,0
BSMQ.US,D,20220406,000000,24.1295,24.1295,24.0399,24.1048,60445.546355474,0
BSMQ.US,D,20220407,000000,24.0001,24.0798,23.9802,24.0798,11916.393364904,0
BSMQ.US,D,20220408,000000,24.0399,24.0399,23.9512,23.9752,10139.026190734,0
BSMQ.US,D,20220411,000000,23.9602,23.9672,23.9305,23.9305,466.93544406173,0
BSMQ.US,D,20220412,000000,23.9404,23.9702,23.8905,23.9305,9927.1479569769,0
BSMQ.US,D,20220413,000000,23.9115,23.9404,23.8806,23.9005,4052.7988220067,0
BSMQ.US,D,20220414,000000,23.8756,23.8756,23.8507,23.8507,602.49734717642,0
BSMQ.US,D,20220418,000000,23.8109,23.8209,23.7909,23.8109,6494.9214025619,0
BSMQ.US,D,20220419,000000,23.7537,23.7537,23.6017,23.6017,6810.2283475842,0
BSMQ.US,D,20220420,000000,23.7412,23.7412,23.6864,23.7212,3237.419078828,0
BSMQ.US,D,20220421,000000,23.6914,23.6914,23.6814,23.6814,5397.3720684555,0
BSMQ.US,D,20220422,000000,23.6715,23.691,23.6316,23.6715,9751.4195640505,0
BSMQ.US,D,20220425,000000,23.6417,23.6566,23.6417,23.6566,2037.4451957016,0
BSMQ.US,D,20220426,000000,23.6566,23.6814,23.6117,23.6615,31736.547762518,0
BSMQ.US,D,20220427,000000,23.6122,23.6615,23.5719,23.6167,61360.338160938,0
BSMQ.US,D,20220428,000000,23.5968,23.6217,23.5719,23.5868,22592.646356871,0
BSMQ.US,D,20220429,000000,23.5714,23.6316,23.5714,23.6316,110853.48690699,0
BSMQ.US,D,20220502,000000,23.6017,23.6316,23.5021,23.5171,32357.120030109,0
BSMQ.US,D,20220503,000000,23.6516,23.6516,23.4922,23.5371,12179.483873171,0
BSMQ.US,D,20220504,000000,23.5421,23.5867,23.4823,23.5669,5390.3429327384,0
BSMQ.US,D,20220505,000000,23.5021,23.5142,23.4126,23.4823,40619.36698439,0
BSMQ.US,D,20220506,000000,23.4524,23.4823,23.4126,23.4324,35064.341443422,0
BSMQ.US,D,20220509,000000,23.4713,23.4723,23.3764,23.4175,15227.116287639,0
BSMQ.US,D,20220510,000000,23.3827,23.4723,23.3827,23.3926,27274.050744432,0
BSMQ.US,D,20220511,000000,23.3338,23.4324,23.313,23.3578,8664.9160146422,0
BSMQ.US,D,20220512,000000,23.3827,23.3926,23.3378,23.3378,4705.5042814479,0
BSMQ.US,D,20220513,000000,23.2532,23.3229,23.2532,23.2631,13358.370349146,0
BSMQ.US,D,20220516,000000,23.2532,23.3328,23.2532,23.2881,15789.447145003,0
BSMQ.US,D,20220517,000000,23.2432,23.2831,23.1935,23.1935,33861.355073561,0
BSMQ.US,D,20220518,000000,23.2234,23.2522,23.1585,23.1585,26602.26620233,0
BSMQ.US,D,20220519,000000,23.2831,23.2831,23.1635,23.2184,78368.838271728,0
BSMQ.US,D,20220520,000000,23.2784,23.3528,23.2432,23.3229,14021.11743104,0
BSMQ.US,D,20220523,000000,23.2851,23.3628,23.2631,23.3081,26110.226702136,0
BSMQ.US,D,20220524,000000,23.4872,23.5121,23.4872,23.5121,3916.2327566468,0
BSMQ.US,D,20220525,000000,23.7014,23.7014,23.6416,23.6764,7986.1023368235,0
BSMQ.US,D,20220526,000000,23.6914,23.8209,23.6914,23.781,30676.152431488,0
BSMQ.US,D,20220527,000000,23.8784,23.9205,23.8209,23.8507,16704.238950467,0
BSMQ.US,D,20220531,000000,23.8557,23.9105,23.8408,23.8607,10164.130246867,0
BSMQ.US,D,20220601,000000,23.8606,23.8905,23.8308,23.8657,3489.4638023968,0
BSMQ.US,D,20220602,000000,23.8955,23.9502,23.8955,23.9205,4914.3700284691,0
BSMQ.US,D,20220603,000000,23.9105,23.9305,23.8308,23.9005,59756.691055203,0
BSMQ.US,D,20220606,000000,23.8608,23.8706,23.8308,23.8507,1055.374519804,0
BSMQ.US,D,20220607,000000,23.8706,23.9205,23.8494,23.8756,2018.366113041,0
BSMQ.US,D,20220608,000000,23.8408,23.9005,23.8408,23.8905,37610.896897489,0
BSMQ.US,D,20220609,000000,23.7909,23.8507,23.7909,23.7909,27448.774975113,0
BSMQ.US,D,20220610,000000,23.7113,23.7611,23.6615,23.7113,31216.391719456,0
BSMQ.US,D,20220613,000000,23.5021,23.5021,23.2731,23.3179,16072.620898177,0
BSMQ.US,D,20220614,000000,23.3618,23.3628,23.3153,23.3229,56192.919246654,0
BSMQ.US,D,20220615,000000,23.3956,23.4225,23.3479,23.3479,9434.1042945375,0
BSMQ.US,D,20220616,000000,23.2432,23.3926,23.2432,23.3119,50319.57427393,0
BSMQ.US,D,20220617,000000,23.3827,23.3926,23.3528,23.3694,4230.5355394238,0
BSMQ.US,D,20220621,000000,23.3199,23.3897,23.28,23.3396,34636.836755319,0
BSMQ.US,D,20220622,000000,23.3797,23.4395,23.3797,23.3944,9511.5142892505,0
BSMQ.US,D,20220623,000000,23.4651,23.4993,23.4645,23.4695,16012.001910112,0
BSMQ.US,D,20220624,000000,23.4097,23.4943,23.4097,23.4595,14214.61357242,0
BSMQ.US,D,20220627,000000,23.4595,23.4893,23.4096,23.4395,15352.023379866,0
BSMQ.US,D,20220628,000000,23.4295,23.4595,23.3996,23.4295,4284.8454121774,0
BSMQ.US,D,20220629,000000,23.5083,23.5193,23.5073,23.5193,8205.5993251458,0
BSMQ.US,D,20220630,000000,23.5591,23.6359,23.5393,23.5685,9780.3201343964,0
BSMQ.US,D,20220701,000000,23.6988,23.6988,23.609,23.6672,6657.9597017868,0
BSMQ.US,D,20220705,000000,23.7186,23.7486,23.6888,23.7038,10294.862666336,0
BSMQ.US,D,20220706,000000,23.7686,23.7785,23.7003,23.7186,6084.2397636395,0
BSMQ.US,D,20220707,000000,23.7386,23.7785,23.6844,23.7236,6265.7840098015,0
BSMQ.US,D,20220708,000000,23.7088,23.7386,23.6888,23.7088,25732.141631416,0
BSMQ.US,D,20220711,000000,23.8284,23.8383,23.7686,23.7735,14457.341238559,0
BSMQ.US,D,20220712,000000,23.8782,23.8981,23.8284,23.8333,11772.291807754,0
BSMQ.US,D,20220713,000000,23.8084,23.8683,23.7686,23.8284,15267.770801536,0
BSMQ.US,D,20220714,000000,23.8683,23.8683,23.8483,23.8483,1497.4892791154,0
BSMQ.US,D,20220715,000000,23.8583,23.9081,23.8583,23.9081,7070.1955314696,0
BSMQ.US,D,20220718,000000,23.8981,23.8981,23.8566,23.8566,1610.8173456048,0
BSMQ.US,D,20220719,000000,23.8682,23.8682,23.8083,23.8283,4318.5532194666,0
BSMQ.US,D,20220720,000000,23.8881,23.8881,23.8283,23.8523,4837.4607972174,0
BSMQ.US,D,20220721,000000,23.9181,23.9274,23.8881,23.8981,1597.794568557,0
BSMQ.US,D,20220722,000000,24.0479,24.0479,23.953,23.958,7399.9426193922,0
BSMQ.US,D,20220725,000000,23.958,23.968,23.943,23.968,9016.7704774806,0
BSMQ.US,D,20220726,000000,23.958,24.0179,23.948,23.953,8210.3600525976,0
BSMQ.US,D,20220727,000000,23.9874,24.0479,23.9874,24.0029,924.6171703938,0
BSMQ.US,D,20220728,000000,24.0578,24.1177,24.0578,24.0928,782.3683749486,0
BSMQ.US,D,20220729,000000,24.1227,24.1577,24.1128,24.1128,13040.808585251,0
BSMQ.US,D,20220801,000000,24.2276,24.2276,24.1627,24.1627,11667.406482748,0
BSMQ.US,D,20220802,000000,24.1876,24.1966,24.1327,24.1377,9981.4577310984,0
BSMQ.US,D,20220803,000000,24.1277,24.1677,24.0978,24.1427,6428.2431012102,0
BSMQ.US,D,20220804,000000,24.2675,24.2675,24.1078,24.1627,32169.264564308,0
BSMQ.US,D,20220805,000000,24.0698,24.0978,24.0529,24.0529,3928.8716601132,0
BSMQ.US,D,20220808,000000,24.1078,24.1277,24.0379,24.0878,5268.2141918754,0
BSMQ.US,D,20220809,000000,24.0868,24.1078,23.978,24.0529,79976.880858862,0
BSMQ.US,D,20220810,000000,24.1477,24.1477,24.0758,24.0878,11641.360928653,0
BSMQ.US,D,20220811,000000,24.1078,24.1078,24.0079,24.0578,17156.006132356,0
BSMQ.US,D,20220812,000000,24.0858,24.0978,24.0389,24.0693,7330.8217258308,0
BSMQ.US,D,20220815,000000,24.0978,24.1177,24.0683,24.0778,13487.590013198,0
BSMQ.US,D,20220816,000000,24.0878,24.0878,24.0129,24.0206,9684.9391152408,0
BSMQ.US,D,20220817,000000,23.998,23.998,23.8482,23.8931,12902.566798128,0
BSMQ.US,D,20220818,000000,23.888,23.888,23.8632,23.8632,1135.9868594004,0
BSMQ.US,D,20220819,000000,23.7976,23.8482,23.7584,23.7733,14972.186596648,0
BSMQ.US,D,20220822,000000,23.7184,23.7484,23.6785,23.6785,2754.81822165,0
BSMQ.US,D,20220823,000000,23.6985,23.7284,23.6835,23.6835,7178.5554095796,0
BSMQ.US,D,20220824,000000,23.6685,23.7184,23.6386,23.6686,37086.865527973,0
BSMQ.US,D,20220825,000000,23.6785,23.6785,23.6386,23.6635,17668.903197623,0
BSMQ.US,D,20220826,000000,23.6685,23.7085,23.6486,23.6583,15067.353044305,0
BSMQ.US,D,20220829,000000,23.6885,23.6885,23.5983,23.5983,19447.013140688,0
BSMQ.US,D,20220830,000000,23.5887,23.6286,23.5447,23.5837,20307.518177923,0
BSMQ.US,D,20220831,000000,23.5887,23.6086,23.559,23.6086,8052.0832238628,0
BSMQ.US,D,20220901,000000,23.5088,23.5687,23.4789,23.5587,42519.367061067,0
BSMQ.US,D,20220902,000000,23.5405,23.5686,23.5405,23.5637,5986.4704336656,0
BSMQ.US,D,20220906,000000,23.4988,23.5188,23.4689,23.4879,9184.0630749408,0
BSMQ.US,D,20220907,000000,23.4888,23.5487,23.4876,23.5107,18963.166885758,0
BSMQ.US,D,20220908,000000,23.4639,23.4914,23.4639,23.4888,4194.3359614722,0
BSMQ.US,D,20220909,000000,23.4789,23.5188,23.4789,23.4938,4577.0052562614,0
BSMQ.US,D,20220912,000000,23.5189,23.5189,23.4888,23.5038,3011.2667542836,0
BSMQ.US,D,20220913,000000,23.5088,23.5089,23.424,23.424,24008.99211574,0
BSMQ.US,D,20220914,000000,23.409,23.419,23.404,23.404,1305.2829610218,0
BSMQ.US,D,20220915,000000,23.404,23.409,23.3641,23.3641,4748.304862044,0
BSMQ.US,D,20220916,000000,23.3691,23.419,23.3191,23.3922,37600.764345321,0
BSMQ.US,D,20220919,000000,23.3092,23.3291,23.2892,23.2992,37865.226894599,0
BSMQ.US,D,20220920,000000,23.2573,23.2687,23.2194,23.2293,20716.233026808,0
BSMQ.US,D,20220921,000000,23.2393,23.2393,23.1425,23.1791,22944.129654062,0
BSMQ.US,D,20220922,000000,23.1484,23.1694,23.0696,23.0945,26356.097240586,0
BSMQ.US,D,20220923,000000,23.0396,23.0995,22.9598,22.9997,20083.125711869,0
BSMQ.US,D,20220926,000000,22.9598,22.9747,22.8599,22.8799,13473.56548407,0
BSMQ.US,D,20220927,000000,22.81,22.85,22.81,22.84,11153.5076654,0
BSMQ.US,D,20220928,000000,22.8472,22.8899,22.832,22.8553,10838.957512092,0
BSMQ.US,D,20220929,000000,22.8799,22.8799,22.7901,22.8159,6296.011826571,0
BSMQ.US,D,20220930,000000,22.85,22.85,22.7769,22.7769,33159.997372021,0
BSMQ.US,D,20221003,000000,22.8699,22.9498,22.8558,22.9099,15190.568550218,0
BSMQ.US,D,20221004,000000,23.0097,23.0097,22.9688,22.9747,9043.8177836568,0
BSMQ.US,D,20221005,000000,22.9997,22.9997,22.965,22.965,11394.929916825,0
BSMQ.US,D,20221006,000000,22.9897,23.0197,22.9598,22.9761,11614.313622476,0
BSMQ.US,D,20221007,000000,22.9997,23.0197,22.9198,22.9648,18672.658782384,0
BSMQ.US,D,20221010,000000,22.9398,23.0396,22.9398,22.9751,30430.222952386,0
BSMQ.US,D,20221011,000000,22.9868,23.0297,22.9099,22.9928,7799.6416995516,0
BSMQ.US,D,20221012,000000,23.0696,23.0885,23.0415,23.0596,5491.6049058492,0
BSMQ.US,D,20221013,000000,22.8599,22.9797,22.8599,22.9698,13489.59351736,0
BSMQ.US,D,20221014,000000,23.0097,23.0097,22.9298,22.977,29548.681121458,0
BSMQ.US,D,20221017,000000,23.0496,23.0696,22.9997,22.9997,15830.688129722,0
BSMQ.US,D,20221018,000000,23.0047,23.0396,23.0047,23.0148,26372.125273876,0
BSMQ.US,D,20221019,000000,22.9797,23.0686,22.9643,22.9997,266028.28778038,0
BSMQ.US,D,20221020,000000,23.0396,23.0396,22.9548,22.9548,75345.780990248,0
BSMQ.US,D,20221021,000000,22.9298,22.9298,22.83,22.83,31241.642137672,0
BSMQ.US,D,20221024,000000,22.85,22.88,22.8,22.8138,96044,0
BSMQ.US,D,20221025,000000,22.82,22.83,22.76,22.76,20927,0
BSMQ.US,D,20221026,000000,22.79,22.83,22.74,22.7914,40718,0
BSMQ.US,D,20221027,000000,22.82,22.82,22.75,22.81,32330,0
BSMQ.US,D,20221028,000000,22.77,22.84,22.76,22.81,15166,0
BSMQ.US,D,20221031,000000,22.795,22.83,22.79,22.79,17962,0
BSMQ.US,D,20221101,000000,22.87,22.87,22.785,22.825,20982,0
BSMQ.US,D,20221102,000000,22.84,22.93,22.84,22.92,23786,0
BSMQ.US,D,20221103,000000,22.809,22.89,22.809,22.83,33268,0
BSMQ.US,D,20221104,000000,22.84,22.9,22.83,22.84,21319,0
BSMQ.US,D,20221107,000000,22.9,22.9,22.8,22.8659,45035,0
BSMQ.US,D,20221108,000000,22.9,22.935,22.81,22.9,55240,0
BSMQ.US,D,20221109,000000,22.9,22.95,22.9,22.915,30442,0
BSMQ.US,D,20221110,000000,23.16,23.2,23.15,23.1655,19640,0
BSMQ.US,D,20221111,000000,23.17,23.22,23.17,23.1808,11906,0
BSMQ.US,D,20221114,000000,23.22,23.22,23.15,23.16,16874,0
BSMQ.US,D,20221115,000000,23.18,23.25,23.18,23.22,12961,0
BSMQ.US,D,20221116,000000,23.28,23.34,23.22,23.2858,24634,0
BSMQ.US,D,20221117,000000,23.311,23.36,23.2901,23.36,42639,0
BSMQ.US,D,20221118,000000,23.38,23.41,23.3497,23.4,433920,0
BSMQ.US,D,20221121,000000,23.37,23.41,23.3406,23.3656,20365,0
BSMQ.US,D,20221122,000000,23.34,23.4271,23.34,23.41,47625,0
BSMQ.US,D,20221123,000000,23.44,23.48,23.3682,23.4215,21225,0
BSMQ.US,D,20221125,000000,23.43,23.43,23.39,23.41,1640,0
BSMQ.US,D,20221128,000000,23.43,23.47,23.35,23.43,18424,0
BSMQ.US,D,20221129,000000,23.47,23.5299,23.41,23.5,12698,0
BSMQ.US,D,20221130,000000,23.465,23.58,23.45,23.5487,54334,0
BSMQ.US,D,20221201,000000,23.59,23.62,23.532,23.5845,50321,0
BSMQ.US,D,20221202,000000,23.53,23.58,23.53,23.56,12377,0
BSMQ.US,D,20221205,000000,23.57,23.62,23.52,23.5847,56813,0
BSMQ.US,D,20221206,000000,23.64,23.65,23.5941,23.614,55194,0
BSMQ.US,D,20221207,000000,23.6031,23.67,23.6031,23.65,42525,0
BSMQ.US,D,20221208,000000,23.67,23.67,23.6301,23.645,18345,0
BSMQ.US,D,20221209,000000,23.6575,23.6575,23.6349,23.635,12573,0
BSMQ.US,D,20221212,000000,23.6201,23.66,23.62,23.645,29425,0
BSMQ.US,D,20221213,000000,23.72,23.72,23.68,23.69,36496,0
BSMQ.US,D,20221214,000000,23.68,23.69,23.6392,23.6651,33380,0
BSMQ.US,D,20221215,000000,23.6899,23.7,23.64,23.665,132537,0
BSMQ.US,D,20221216,000000,23.635,23.69,23.6266,23.6553,45499,0
BSMQ.US,D,20221219,000000,23.59,23.62,23.566,23.605,41527,0
BSMQ.US,D,20221220,000000,23.55,23.578,23.526,23.5404,45975,0
BSMQ.US,D,20221221,000000,23.48,23.56,23.48,23.5,23075,0
BSMQ.US,D,20221222,000000,23.5151,23.56,23.51,23.53,27993,0
BSMQ.US,D,20221223,000000,23.539,23.58,23.5241,23.5491,69239,0
BSMQ.US,D,20221227,000000,23.5228,23.54,23.48,23.5,16457,0
BSMQ.US,D,20221228,000000,23.49,23.53,23.46,23.505,36329,0
BSMQ.US,D,20221229,000000,23.5,23.52,23.45,23.5,41800,0
BSMQ.US,D,20221230,000000,23.49,23.52,23.46,23.51,29298,0
BSMQ.US,D,20230103,000000,23.57,23.59,23.52,23.565,67499,0
BSMQ.US,D,20230104,000000,23.62,23.65,23.585,23.6098,70434,0
BSMQ.US,D,20230105,000000,23.59,23.65,23.59,23.605,85123,0
BSMQ.US,D,20230106,000000,23.62,23.71,23.62,23.681,39093,0
BSMQ.US,D,20230109,000000,23.76,23.76,23.71,23.745,14420,0
BSMQ.US,D,20230110,000000,23.75,23.76,23.7,23.735,10552,0
BSMQ.US,D,20230111,000000,23.7481,23.8,23.7401,23.7759,20382,0
BSMQ.US,D,20230112,000000,23.84,23.86,23.81,23.85,51594,0
BSMQ.US,D,20230113,000000,23.88,23.88,23.84,23.845,24586,0
BSMQ.US,D,20230117,000000,23.9,23.91,23.86,23.9,43354,0
BSMQ.US,D,20230118,000000,23.98,23.98,23.915,23.9233,77757,0
BSMQ.US,D,20230119,000000,23.94,23.98,23.9379,23.96,42377,0
BSMQ.US,D,20230120,000000,23.955,23.97,23.9201,23.96,8725,0
BSMQ.US,D,20230123,000000,23.9099,23.92,23.9,23.905,28818,0
BSMQ.US,D,20230124,000000,23.9,23.95,23.87,23.9,28132,0
BSMQ.US,D,20230125,000000,23.9199,23.93,23.9001,23.9088,20439,0
BSMQ.US,D,20230126,000000,23.88,23.95,23.88,23.9146,16572,0
BSMQ.US,D,20230127,000000,23.9,23.9004,23.86,23.9004,8915,0
BSMQ.US,D,20230130,000000,23.91,23.91,23.86,23.89,7104,0
BSMQ.US,D,20230131,000000,23.91,23.92,23.91,23.915,14777,0
BSMQ.US,D,20230201,000000,23.94,24.01,23.915,23.975,25873,0
BSMQ.US,D,20230202,000000,23.9833,24.04,23.9833,23.993,26386,0
BSMQ.US,D,20230203,000000,23.93,23.94,23.88,23.9,31730,0
BSMQ.US,D,20230206,000000,23.862,23.89,23.85,23.8651,38713,0
BSMQ.US,D,20230207,000000,23.86,23.86,23.81,23.835,9184,0
BSMQ.US,D,20230208,000000,23.84,23.86,23.83,23.8409,12164,0
BSMQ.US,D,20230209,000000,23.85,23.85,23.81,23.8297,35497,0
BSMQ.US,D,20230210,000000,23.8099,23.81,23.7901,23.795,26312,0
BSMQ.US,D,20230213,000000,23.805,23.82,23.8031,23.82,18024,0
BSMQ.US,D,20230214,000000,23.75,23.77,23.73,23.76,8094,0
BSMQ.US,D,20230215,000000,23.741,23.741,23.641,23.7,31856,0
BSMQ.US,D,20230216,000000,23.65,23.65,23.57,23.57,9166,0
BSMQ.US,D,20230217,000000,23.515,23.54,23.515,23.535,7491,0
BSMQ.US,D,20230221,000000,23.4299,23.45,23.4133,23.4153,6803,0
BSMQ.US,D,20230222,000000,23.41,23.43,23.37,23.38,29501,0
BSMQ.US,D,20230223,000000,23.42,23.4399,23.4,23.43,6366,0
BSMQ.US,D,20230224,000000,23.38,23.4,23.35,23.36,11138,0
BSMQ.US,D,20230227,000000,23.41,23.43,23.37,23.41,53194,0
BSMQ.US,D,20230228,000000,23.36,23.42,23.34,23.4094,22044,0
BSMQ.US,D,20230301,000000,23.39,23.41,23.36,23.395,92456,0
BSMQ.US,D,20230302,000000,23.35,23.39,23.3201,23.36,26179,0
BSMQ.US,D,20230303,000000,23.38,23.42,23.35,23.3994,23089,0
BSMQ.US,D,20230306,000000,23.405,23.41,23.381,23.4,8316,0
BSMQ.US,D,20230307,000000,23.41,23.42,23.3707,23.395,20213,0
BSMQ.US,D,20230308,000000,23.4,23.42,23.38,23.415,9094,0
BSMQ.US,D,20230309,000000,23.445,23.47,23.43,23.47,10633,0
BSMQ.US,D,20230310,000000,23.53,23.53,23.495,23.52,2864,0
BSMQ.US,D,20230313,000000,23.6353,23.65,23.57,23.6134,19899,0
BSMQ.US,D,20230314,000000,23.57,23.6,23.5,23.5783,6758,0
BSMQ.US,D,20230315,000000,23.68,23.71,23.64,23.685,29993,0
BSMQ.US,D,20230316,000000,23.73,23.73,23.63,23.6404,19802,0
BSMQ.US,D,20230317,000000,23.76,23.76,23.62,23.7246,28867,0
BSMQ.US,D,20230320,000000,23.61,23.65,23.6,23.6054,24726,0
BSMQ.US,D,20230321,000000,23.6299,23.63,23.5801,23.61,12234,0
BSMQ.US,D,20230322,000000,23.63,23.71,23.59,23.7,22569,0
BSMQ.US,D,20230323,000000,23.71,23.71,23.64,23.6804,11967,0
BSMQ.US,D,20230324,000000,23.76,23.76,23.7099,23.74,14240,0
BSMQ.US,D,20230327,000000,23.76,23.76,23.7,23.71,28664,0
BSMQ.US,D,20230328,000000,23.7199,23.75,23.6901,23.75,11195,0
BSMQ.US,D,20230329,000000,23.749,23.79,23.72,23.72,26721,0
BSMQ.US,D,20230330,000000,23.75,23.77,23.74,23.7584,11591,0
BSMQ.US,D,20230331,000000,23.78,23.8,23.75,23.7896,48858,0
BSMQ.US,D,20230403,000000,23.7986,23.83,23.785,23.8096,27995,0
BSMQ.US,D,20230404,000000,23.79,23.84,23.79,23.825,16595,0
BSMQ.US,D,20230405,000000,23.8697,23.89,23.86,23.86,23222,0
BSMQ.US,D,20230406,000000,23.865,23.9,23.8501,23.9,9689,0
BSMQ.US,D,20230410,000000,23.88,23.89,23.83,23.845,223421,0
BSMQ.US,D,20230411,000000,23.857,23.8923,23.845,23.88,18358,0
BSMQ.US,D,20230412,000000,23.93,23.95,23.92,23.94,14586,0
BSMQ.US,D,20230413,000000,23.949,23.95,23.86,23.88,217117,0
BSMQ.US,D,20230414,000000,23.92,23.92,23.82,23.87,22647,0
BSMQ.US,D,20230417,000000,23.86,23.86,23.79,23.84,216595,0
BSMQ.US,D,20230418,000000,23.7595,23.779,23.72,23.72,17919,0
BSMQ.US,D,20230419,000000,23.65,23.7,23.6,23.68,14893,0
BSMQ.US,D,20230420,000000,23.59,23.7,23.59,23.665,28067,0
BSMQ.US,D,20230421,000000,23.72,23.72,23.64,23.66,20697,0
BSMQ.US,D,20230424,000000,23.615,23.66,23.6149,23.6348,5791,0
BSMQ.US,D,20230425,000000,23.67,23.68,23.6,23.665,24097,0
BSMQ.US,D,20230426,000000,23.659,23.67,23.52,23.6244,41136,0
BSMQ.US,D,20230427,000000,23.5714,23.6,23.56,23.5748,13027,0
BSMQ.US,D,20230428,000000,23.65,23.65,23.5,23.63,18420,0
BSMQ.US,D,20230501,000000,23.58,23.61,23.58,23.58,8580,0
BSMQ.US,D,20230502,000000,23.6101,23.64,23.61,23.61,8134,0
BSMQ.US,D,20230503,000000,23.63,23.66,23.6101,23.655,6917,0
BSMQ.US,D,20230504,000000,23.56,23.69,23.56,23.64,158638,0
BSMQ.US,D,20230505,000000,23.64,23.67,23.62,23.6554,17277,0
BSMQ.US,D,20230508,000000,23.648,23.6596,23.62,23.635,4868,0
BSMQ.US,D,20230509,000000,23.67,23.67,23.6297,23.6491,5506,0
BSMQ.US,D,20230510,000000,23.69,23.7,23.65,23.6696,14242,0
BSMQ.US,D,20230511,000000,23.65,23.67,23.6301,23.65,9946,0
BSMQ.US,D,20230512,000000,23.625,23.64,23.56,23.6137,4148,0
BSMQ.US,D,20230515,000000,23.66,23.66,23.59,23.61,19957,0
BSMQ.US,D,20230516,000000,23.58,23.59,23.56,23.58,66543,0
BSMQ.US,D,20230517,000000,23.58,23.6,23.56,23.57,12540,0
BSMQ.US,D,20230518,000000,23.525,23.53,23.47,23.49,11278,0
BSMQ.US,D,20230519,000000,23.46,23.46,23.41,23.43,14540,0
BSMQ.US,D,20230522,000000,23.39,23.39,23.34,23.34,5941,0
BSMQ.US,D,20230523,000000,23.34,23.358,23.31,23.335,8824,0
BSMQ.US,D,20230524,000000,23.321,23.321,23.27,23.2895,32121,0
BSMQ.US,D,20230525,000000,23.3,23.33,23.29,23.3,5873,0
BSMQ.US,D,20230526,000000,23.33,23.33,23.2907,23.33,10434,0
BSMQ.US,D,20230530,000000,23.358,23.41,23.345,23.4,18169,0
BSMQ.US,D,20230531,000000,23.42,23.44,23.33,23.41,31807,0
BSMQ.US,D,20230601,000000,23.46,23.479,23.45,23.47,8886,0
BSMQ.US,D,20230602,000000,23.4498,23.45,23.415,23.43,20491,0
BSMQ.US,D,20230605,000000,23.44,23.46,23.42,23.46,15238,0
BSMQ.US,D,20230606,000000,23.48,23.49,23.36,23.43,32796,0
BSMQ.US,D,20230607,000000,23.52,23.52,23.43,23.47,26416,0
BSMQ.US,D,20230608,000000,23.49,23.5,23.44,23.48,53388,0
BSMQ.US,D,20230609,000000,23.51,23.51,23.42,23.46,43057,0
BSMQ.US,D,20230612,000000,23.48,23.48,23.42,23.43,17844,0
BSMQ.US,D,20230613,000000,23.455,23.5,23.43,23.45,12082,0
BSMQ.US,D,20230614,000000,23.4503,23.51,23.45,23.51,12601,0
BSMQ.US,D,20230615,000000,23.56,23.56,23.49,23.5246,57783,0
BSMQ.US,D,20230616,000000,23.53,23.54,23.51,23.54,14868,0
BSMQ.US,D,20230620,000000,23.49,23.52,23.47,23.4948,19428,0
BSMQ.US,D,20230621,000000,23.53,23.53,23.47,23.5014,17540,0
BSMQ.US,D,20230622,000000,23.475,23.49,23.46,23.47,8354,0
BSMQ.US,D,20230623,000000,23.54,23.54,23.48,23.53,16004,0
BSMQ.US,D,20230626,000000,23.49,23.54,23.39,23.49,32952,0
BSMQ.US,D,20230627,000000,23.52,23.53,23.46,23.53,11010,0
BSMQ.US,D,20230628,000000,23.45,23.53,23.45,23.5,24680,0
BSMQ.US,D,20230629,000000,23.455,23.49,23.44,23.49,21789,0
BSMQ.US,D,20230630,000000,23.52,23.52,23.47,23.51,13009,0
BSMQ.US,D,20230703,000000,23.43,23.5384,23.43,23.46,7564,0
BSMQ.US,D,20230705,000000,23.4937,23.52,23.46,23.5,11566,0
BSMQ.US,D,20230706,000000,23.43,23.49,23.43,23.49,14675,0
BSMQ.US,D,20230707,000000,23.485,23.5,23.44,23.48,6485,0
BSMQ.US,D,20230710,000000,23.48,23.519,23.4501,23.48,26442,0
BSMQ.US,D,20230711,000000,23.48,23.5,23.4565,23.5,10614,0
BSMQ.US,D,20230712,000000,23.525,23.53,23.49,23.49,6015,0
BSMQ.US,D,20230713,000000,23.52,23.57,23.52,23.54,8772,0
BSMQ.US,D,20230714,000000,23.555,23.555,23.52,23.535,6931,0
BSMQ.US,D,20230717,000000,23.53,23.57,23.51,23.545,13160,0
BSMQ.US,D,20230718,000000,23.55,23.59,23.54,23.56,11054,0
BSMQ.US,D,20230719,000000,23.6,23.62,23.5704,23.62,11584,0
BSMQ.US,D,20230720,000000,23.5709,23.61,23.531,23.57,19331,0
BSMQ.US,D,20230721,000000,23.59,23.63,23.57,23.6087,14251,0
BSMQ.US,D,20230724,000000,23.57,23.57,23.53,23.545,8545,0
BSMQ.US,D,20230725,000000,23.58,23.58,23.49,23.5,93474,0
BSMQ.US,D,20230726,000000,23.53,23.57,23.511,23.57,12624,0
BSMQ.US,D,20230727,000000,23.58,23.58,23.49,23.5184,6511,0
BSMQ.US,D,20230728,000000,23.54,23.55,23.471,23.485,6868,0
BSMQ.US,D,20230731,000000,23.495,23.54,23.46,23.48,13927,0
BSMQ.US,D,20230801,000000,23.48,23.489,23.44,23.465,8614,0
BSMQ.US,D,20230802,000000,23.455,23.455,23.41,23.44,8122,0
BSMQ.US,D,20230803,000000,23.39,23.41,23.36,23.36,25143,0
BSMQ.US,D,20230804,000000,23.385,23.41,23.35,23.35,48616,0
BSMQ.US,D,20230807,000000,23.3687,23.3699,23.355,23.355,7914,0
BSMQ.US,D,20230808,000000,23.36,23.4,23.351,23.37,11346,0
BSMQ.US,D,20230809,000000,23.38,23.41,23.366,23.4,11843,0
BSMQ.US,D,20230810,000000,23.41,23.43,23.38,23.4,28739,0
BSMQ.US,D,20230811,000000,23.32,23.48,23.32,23.4,37964,0
BSMQ.US,D,20230814,000000,23.39,23.41,23.35,23.35,5022,0
BSMQ.US,D,20230815,000000,23.3872,23.46,23.3872,23.425,11185,0
BSMQ.US,D,20230816,000000,23.402,23.45,23.3975,23.41,16952,0
BSMQ.US,D,20230817,000000,23.43,23.43,23.34,23.36,75573,0
BSMQ.US,D,20230818,000000,23.36,23.4,23.36,23.36,8350,0
BSMQ.US,D,20230821,000000,23.295,23.34,23.25,23.2859,31170,0
BSMQ.US,D,20230822,000000,23.2782,23.31,23.261,23.265,20599,0
BSMQ.US,D,20230823,000000,23.305,23.33,23.27,23.27,14607,0
BSMQ.US,D,20230824,000000,23.295,23.31,23.28,23.31,19401,0
BSMQ.US,D,20230825,000000,23.3,23.32,23.23,23.31,22189,0
BSMQ.US,D,20230828,000000,23.29,23.33,23.29,23.33,19979,0
BSMQ.US,D,20230829,000000,23.32,23.37,23.32,23.34,27993,0
BSMQ.US,D,20230830,000000,23.32,23.38,23.32,23.325,21895,0
BSMQ.US,D,20230831,000000,23.33,23.36,23.32,23.33,30108,0
BSMQ.US,D,20230901,000000,23.38,23.38,23.34,23.37,7392,0
BSMQ.US,D,20230905,000000,23.339,23.36,23.32,23.32,25674,0
BSMQ.US,D,20230906,000000,23.3016,23.34,23.26,23.3,15665,0
BSMQ.US,D,20230907,000000,23.37,23.37,23.25,23.28,23179,0
BSMQ.US,D,20230908,000000,23.3,23.339,23.29,23.29,7592,0
BSMQ.US,D,20230911,000000,23.28,23.31,23.26,23.27,19241,0
BSMQ.US,D,20230912,000000,23.32,23.3499,23.28,23.33,20110,0
BSMQ.US,D,20230913,000000,23.25,23.37,23.25,23.35,73077,0
BSMQ.US,D,20230914,000000,23.33,23.332,23.305,23.32,15223,0
BSMQ.US,D,20230915,000000,23.325,23.33,23.3,23.3215,39114,0
BSMQ.US,D,20230918,000000,23.32,23.32,23.28,23.295,18052,0
BSMQ.US,D,20230919,000000,23.27,23.28,23.25,23.25,15101,0
BSMQ.US,D,20230920,000000,23.265,23.28,23.23,23.2496,10677,0
BSMQ.US,D,20230921,000000,23.19,23.22,23.19,23.2,15617,0
BSMQ.US,D,20230922,000000,23.23,23.23,23.17,23.19,16162,0
BSMQ.US,D,20230925,000000,23.16,23.16,23.0871,23.09,19109,0
BSMQ.US,D,20230926,000000,23.0603,23.11,23.05,23.05,29565,0
BSMQ.US,D,20230927,000000,23.07,23.07,23.03,23.045,16345,0
BSMQ.US,D,20230928,000000,23.029,23.029,22.98,22.98,4732,0
BSMQ.US,D,20230929,000000,23.001,23.02,22.98,22.99,9623,0
BSMQ.US,D,20231002,000000,22.95,22.98,22.91,22.95,31949,0
BSMQ.US,D,20231003,000000,22.9384,22.9384,22.91,22.9128,16321,0
BSMQ.US,D,20231004,000000,22.93,22.94,22.86,22.93,33481,0
BSMQ.US,D,20231005,000000,22.96,22.96,22.91,22.9303,14643,0
BSMQ.US,D,20231006,000000,22.85,22.93,22.85,22.93,23753,0
BSMQ.US,D,20231009,000000,22.9,22.955,22.9,22.955,3639,0
BSMQ.US,D,20231010,000000,22.92,23.0212,22.92,23.0212,17248,0
BSMQ.US,D,20231011,000000,23.0674,23.14,23.0305,23.085,32249,0
BSMQ.US,D,20231012,000000,23.1,23.11,23.0304,23.08,20461,0
BSMQ.US,D,20231013,000000,23.08,23.0969,23.0611,23.0969,17406,0
BSMQ.US,D,20231016,000000,23.05,23.11,23.0301,23.1,37361,0
BSMQ.US,D,20231017,000000,22.97,23.04,22.97,23.04,13400,0
BSMQ.US,D,20231018,000000,22.9416,23.03,22.92,22.99,26747,0
BSMQ.US,D,20231019,000000,22.99,22.99,22.89,22.96,33703,0
BSMQ.US,D,20231020,000000,22.98,22.98,22.92,22.96,16785,0
BSMQ.US,D,20231023,000000,22.99,22.99,22.81,22.86,200905,0
BSMQ.US,D,20231024,000000,22.89,22.91,22.85,22.88,33037,0
BSMQ.US,D,20231025,000000,22.9,22.9,22.83,22.89,35062,0
BSMQ.US,D,20231026,000000,22.8889,22.91,22.85,22.91,23325,0
BSMQ.US,D,20231027,000000,22.85,22.89,22.81,22.85,129052,0
BSMQ.US,D,20231030,000000,22.85,22.86,22.81,22.83,15886,0
BSMQ.US,D,20231031,000000,22.84,22.85,22.82,22.85,28650,0
BSMQ.US,D,20231101,000000,22.8748,22.93,22.85,22.9189,166089,0
BSMQ.US,D,20231102,000000,23,23,22.97,22.99,16640,0
BSMQ.US,D,20231103,000000,23.13,23.17,23.08,23.105,55664,0
BSMQ.US,D,20231106,000000,23.1,23.12,23.05,23.075,105522,0
BSMQ.US,D,20231107,000000,23.08,23.17,23.06,23.1584,32153,0
BSMQ.US,D,20231108,000000,23.18,23.19,23.13,23.17,31386,0
BSMQ.US,D,20231109,000000,23.16,23.18,23.13,23.17,14464,0
BSMQ.US,D,20231110,000000,23.22,23.23,23.17,23.23,19431,0
BSMQ.US,D,20231113,000000,23.24,23.24,23.171,23.2254,25355,0
BSMQ.US,D,20231114,000000,23.34,23.35,23.2923,23.34,17786,0
BSMQ.US,D,20231115,000000,23.23,23.277,23.22,23.25,51731,0
BSMQ.US,D,20231116,000000,23.3491,23.35,23.3,23.345,21378,0
BSMQ.US,D,20231117,000000,23.34,23.39,23.29,23.325,156214,0
BSMQ.US,D,20231120,000000,23.35,23.38,23.3,23.355,86365,0
BSMQ.US,D,20231121,000000,23.35,23.43,23.335,23.375,132217,0
BSMQ.US,D,20231122,000000,23.3597,23.415,23.33,23.385,75388,0
BSMQ.US,D,20231124,000000,23.37,23.42,23.34,23.385,47171,0
BSMQ.US,D,20231127,000000,23.39,23.42,23.358,23.39,53239,0
BSMQ.US,D,20231128,000000,23.37,23.46,23.37,23.4141,56448,0
BSMQ.US,D,20231129,000000,23.47,23.5299,23.47,23.525,42558,0
BSMQ.US,D,20231130,000000,23.4999,23.52,23.48,23.51,26836,0
BSMQ.US,D,20231201,000000,23.51,23.5796,23.47,23.56,45190,0
BSMQ.US,D,20231204,000000,23.54,23.57,23.5,23.555,74111,0
BSMQ.US,D,20231205,000000,23.565,23.63,23.565,23.605,58739,0
BSMQ.US,D,20231206,000000,23.6,23.66,23.58,23.62,144975,0
BSMQ.US,D,20231207,000000,23.605,23.64,23.6,23.605,56826,0
BSMQ.US,D,20231208,000000,23.59,23.61,23.57,23.6051,39016,0
BSMQ.US,D,20231211,000000,23.571,23.64,23.571,23.6213,22847,0
BSMQ.US,D,20231212,000000,23.66,23.66,23.6,23.6243,37772,0
BSMQ.US,D,20231213,000000,23.64,23.71,23.61,23.705,92776,0
BSMQ.US,D,20231214,000000,23.76,23.79,23.709,23.7353,33344,0
BSMQ.US,D,20231215,000000,23.747,23.79,23.71,23.74,38711,0
BSMQ.US,D,20231218,000000,23.68,23.7,23.64,23.68,31999,0
BSMQ.US,D,20231219,000000,23.6502,23.69,23.64,23.66,32670,0
BSMQ.US,D,20231220,000000,23.6995,23.74,23.671,23.74,29519,0
BSMQ.US,D,20231221,000000,23.75,23.75,23.6982,23.7146,34064,0
BSMQ.US,D,20231222,000000,23.75,23.75,23.64,23.6659,66481,0
BSMQ.US,D,20231226,000000,23.73,23.73,23.69,23.71,29101,0
BSMQ.US,D,20231227,000000,23.6901,23.77,23.6901,23.7454,67061,0
BSMQ.US,D,20231228,000000,23.77,23.78,23.72,23.74,42042,0
BSMQ.US,D,20231229,000000,23.724,23.77,23.71,23.7554,68642,0
BSMQ.US,D,20240102,000000,23.68,23.75,23.68,23.74,137961,0
BSMQ.US,D,20240103,000000,23.74,23.76,23.73,23.755,26076,0
BSMQ.US,D,20240104,000000,23.67,23.74,23.67,23.71,35653,0
BSMQ.US,D,20240105,000000,23.705,23.73,23.69,23.7078,22945,0
BSMQ.US,D,20240108,000000,23.76,23.81,23.73,23.765,105547,0
BSMQ.US,D,20240109,000000,23.72,23.8,23.72,23.7646,38150,0
BSMQ.US,D,20240110,000000,23.7,23.75,23.7,23.73,12161,0
BSMQ.US,D,20240111,000000,23.72,23.745,23.709,23.745,370178,0
BSMQ.US,D,20240112,000000,23.72,23.73,23.706,23.72,34063,0
BSMQ.US,D,20240116,000000,23.73,23.75,23.67,23.6892,25508,0
BSMQ.US,D,20240117,000000,23.7,23.7,23.655,23.6649,22252,0
BSMQ.US,D,20240118,000000,23.66,23.68,23.63,23.655,48823,0
BSMQ.US,D,20240119,000000,23.64,23.65,23.61,23.62,17976,0
BSMQ.US,D,20240122,000000,23.64,23.64,23.6,23.625,32477,0
BSMQ.US,D,20240123,000000,23.5978,23.64,23.58,23.6212,55850,0
BSMQ.US,D,20240124,000000,23.59,23.63,23.57,23.59,24746,0
BSMQ.US,D,20240125,000000,23.61,23.639,23.61,23.625,39867,0
BSMQ.US,D,20240126,000000,23.63,23.63,23.6,23.61,24905,0
BSMQ.US,D,20240129,000000,23.65,23.66,23.61,23.6431,266078,0
BSMQ.US,D,20240130,000000,23.67,23.67,23.61,23.6204,19495,0
BSMQ.US,D,20240131,000000,23.68,23.7199,23.63,23.6544,110249,0
BSMQ.US,D,20240201,000000,23.68,23.75,23.68,23.7205,64248,0
BSMQ.US,D,20240202,000000,23.76,23.76,23.68,23.6904,15857,0
BSMQ.US,D,20240205,000000,23.74,23.74,23.59,23.65,81705,0
BSMQ.US,D,20240206,000000,23.655,23.73,23.655,23.6701,63598,0
BSMQ.US,D,20240207,000000,23.67,23.69,23.63,23.6524,17523,0
BSMQ.US,D,20240208,000000,23.69,23.69,23.65,23.67,24909,0
BSMQ.US,D,20240209,000000,23.68,23.68,23.63,23.67,24974,0
BSMQ.US,D,20240212,000000,23.73,23.73,23.66,23.7,26596,0
BSMQ.US,D,20240213,000000,23.6001,23.665,23.6,23.65,24716,0
BSMQ.US,D,20240214,000000,23.61,23.69,23.61,23.69,20843,0
BSMQ.US,D,20240215,000000,23.68,23.6999,23.67,23.68,16191,0
BSMQ.US,D,20240216,000000,23.61,23.6799,23.61,23.65,16322,0
BSMQ.US,D,20240220,000000,23.65,23.65,23.6,23.6358,22726,0
BSMQ.US,D,20240221,000000,23.64,23.72,23.63,23.65,44940,0
BSMQ.US,D,20240222,000000,23.7,23.7,23.6,23.6257,22902,0
BSMQ.US,D,20240223,000000,23.7,23.7,23.64,23.66,76406,0
BSMQ.US,D,20240226,000000,23.66,23.67,23.63,23.66,26503,0
BSMQ.US,D,20240227,000000,23.67,23.67,23.6306,23.66,19935,0
BSMQ.US,D,20240228,000000,23.67,23.68,23.63,23.67,15802,0
BSMQ.US,D,20240229,000000,23.7,23.71,23.64,23.6704,36443,0
BSMQ.US,D,20240301,000000,23.71,23.71,23.65,23.6704,28852,0
BSMQ.US,D,20240304,000000,23.6499,23.67,23.63,23.63,31288,0
BSMQ.US,D,20240305,000000,23.63,23.69,23.63,23.6714,10685,0
BSMQ.US,D,20240306,000000,23.68,23.7086,23.6501,23.6833,36304,0
BSMQ.US,D,20240307,000000,23.6803,23.7,23.67,23.6937,23182,0
BSMQ.US,D,20240308,000000,23.695,23.71,23.68,23.695,26734,0
BSMQ.US,D,20240311,000000,23.74,23.74,23.68,23.695,19957,0
BSMQ.US,D,20240312,000000,23.675,23.7,23.66,23.66,17659,0
BSMQ.US,D,20240313,000000,23.73,23.73,23.67,23.6769,23166,0
BSMQ.US,D,20240314,000000,23.6401,23.67,23.6401,23.66,14769,0
BSMQ.US,D,20240315,000000,23.71,23.71,23.64,23.665,67293,0
BSMQ.US,D,20240318,000000,23.591,23.63,23.58,23.625,46460,0
BSMQ.US,D,20240319,000000,23.62,23.63,23.61,23.62,51989,0
BSMQ.US,D,20240320,000000,23.64,23.65,23.6,23.65,32854,0
BSMQ.US,D,20240321,000000,23.58,23.62,23.58,23.58,40091,0
BSMQ.US,D,20240322,000000,23.65,23.65,23.6,23.6193,33809,0
BSMQ.US,D,20240325,000000,23.64,23.64,23.58,23.61,49269,0
BSMQ.US,D,20240326,000000,23.62,23.63,23.58,23.5954,32257,0
BSMQ.US,D,20240327,000000,23.54,23.59,23.54,23.57,16133,0
BSMQ.US,D,20240328,000000,23.58,23.58,23.5461,23.5651,20063,0
BSMQ.US,D,20240401,000000,23.555,23.58,23.54,23.5551,33457,0
BSMQ.US,D,20240402,000000,23.55,23.55,23.51,23.53,20919,0
BSMQ.US,D,20240403,000000,23.52,23.53,23.491,23.5151,35164,0
BSMQ.US,D,20240404,000000,23.4888,23.53,23.4888,23.52,33373,0
BSMQ.US,D,20240405,000000,23.54,23.54,23.4978,23.51,17709,0
BSMQ.US,D,20240408,000000,23.5,23.51,23.4701,23.51,19685,0
BSMQ.US,D,20240409,000000,23.54,23.54,23.5,23.5146,20931,0
BSMQ.US,D,20240410,000000,23.45,23.47,23.43,23.445,29628,0
BSMQ.US,D,20240411,000000,23.43,23.49,23.43,23.47,33202,0
BSMQ.US,D,20240412,000000,23.509,23.52,23.49,23.505,31346,0
BSMQ.US,D,20240415,000000,23.505,23.57,23.48,23.4946,92761,0
BSMQ.US,D,20240416,000000,23.5,23.52,23.47,23.5,36457,0
BSMQ.US,D,20240417,000000,23.55,23.55,23.48,23.515,18279,0
BSMQ.US,D,20240418,000000,23.57,23.57,23.471,23.495,53493,0
BSMQ.US,D,20240419,000000,23.5,23.52,23.49,23.52,32722,0
BSMQ.US,D,20240422,000000,23.48,23.48,23.43,23.45,28977,0
BSMQ.US,D,20240423,000000,23.47,23.47,23.44,23.455,316822,0
BSMQ.US,D,20240424,000000,23.4401,23.45,23.4282,23.44,40034,0
BSMQ.US,D,20240425,000000,23.41,23.42,23.4015,23.42,21820,0
BSMQ.US,D,20240426,000000,23.43,23.44,23.42,23.435,27893,0
BSMQ.US,D,20240429,000000,23.4301,23.46,23.43,23.44,28115,0
BSMQ.US,D,20240430,000000,23.43,23.45,23.42,23.42,40870,0
BSMQ.US,D,20240501,000000,23.4221,23.465,23.4221,23.443,56310,0
BSMQ.US,D,20240502,000000,23.45,23.47,23.438,23.47,33896,0
BSMQ.US,D,20240503,000000,23.465,23.5,23.455,23.5,48538,0
BSMQ.US,D,20240506,000000,23.47,23.5,23.47,23.47,26278,0
BSMQ.US,D,20240507,000000,23.5125,23.525,23.51,23.52,64788,0
BSMQ.US,D,20240508,000000,23.5,23.52,23.5,23.515,40475,0
BSMQ.US,D,20240509,000000,23.535,23.54,23.51,23.5296,41644,0
BSMQ.US,D,20240510,000000,23.55,23.55,23.49,23.52,139707,0
BSMQ.US,D,20240513,000000,23.515,23.53,23.51,23.51,40301,0
BSMQ.US,D,20240514,000000,23.53,23.54,23.52,23.52,34552,0
BSMQ.US,D,20240515,000000,23.53,23.565,23.53,23.53,51537,0
BSMQ.US,D,20240516,000000,23.55,23.55,23.51,23.52,74809,0
BSMQ.US,D,20240517,000000,23.55,23.55,23.49,23.49,41213,0
BSMQ.US,D,20240520,000000,23.4495,23.47,23.44,23.44,23854,0
BSMQ.US,D,20240521,000000,23.49,23.49,23.42,23.42,77339,0
BSMQ.US,D,20240522,000000,23.4045,23.42,23.4,23.4,23889,0
BSMQ.US,D,20240523,000000,23.41,23.41,23.36,23.36,38423,0
BSMQ.US,D,20240524,000000,23.39,23.399,23.3597,23.38,55875,0
BSMQ.US,D,20240528,000000,23.3899,23.4,23.37,23.4,33177,0
BSMQ.US,D,20240529,000000,23.36,23.39,23.36,23.3654,35908,0
BSMQ.US,D,20240530,000000,23.38,23.38,23.3557,23.36,41093,0
BSMQ.US,D,20240531,000000,23.385,23.3999,23.36,23.37,25554,0
BSMQ.US,D,20240603,000000,23.37,23.419,23.37,23.3991,39292,0
BSMQ.US,D,20240604,000000,23.43,23.44,23.41,23.44,52315,0
BSMQ.US,D,20240605,000000,23.44,23.47,23.43,23.4572,31200,0
BSMQ.US,D,20240606,000000,23.49,23.51,23.47,23.5,24641,0
BSMQ.US,D,20240607,000000,23.4593,23.51,23.44,23.4649,31841,0
BSMQ.US,D,20240610,000000,23.45,23.49,23.45,23.4664,15135,0
BSMQ.US,D,20240611,000000,23.48,23.5,23.46,23.4878,20360,0
BSMQ.US,D,20240612,000000,23.52,23.53,23.51,23.52,21720,0
BSMQ.US,D,20240613,000000,23.5101,23.56,23.5101,23.54,11921,0
BSMQ.US,D,20240614,000000,23.55,23.57,23.53,23.5646,38216,0
BSMQ.US,D,20240617,000000,23.51,23.56,23.51,23.54,18012,0
BSMQ.US,D,20240618,000000,23.56,23.59,23.54,23.5758,29551,0
BSMQ.US,D,20240620,000000,23.57,23.57,23.53,23.55,37337,0
BSMQ.US,D,20240621,000000,23.52,23.57,23.52,23.56,31287,0
BSMQ.US,D,20240624,000000,23.46,23.52,23.46,23.5,33211,0
BSMQ.US,D,20240625,000000,23.55,23.55,23.47,23.47,74900,0
BSMQ.US,D,20240626,000000,23.4848,23.53,23.475,23.4954,39154,0
BSMQ.US,D,20240627,000000,23.5,23.5,23.47,23.4862,11220,0
BSMQ.US,D,20240628,000000,23.5,23.515,23.48,23.4954,26781,0
BSMQ.US,D,20240701,000000,23.45,23.48,23.45,23.47,28820,0
BSMQ.US,D,20240702,000000,23.49,23.49,23.44,23.477,117258,0
BSMQ.US,D,20240703,000000,23.5,23.5235,23.49,23.5107,12272,0
BSMQ.US,D,20240705,000000,23.54,23.5501,23.5158,23.53,26413,0
BSMQ.US,D,20240708,000000,23.56,23.56,23.52,23.55,26573,0
BSMQ.US,D,20240709,000000,23.5416,23.57,23.48,23.5044,175162,0
BSMQ.US,D,20240710,000000,23.55,23.56,23.51,23.56,81897,0
BSMQ.US,D,20240711,000000,23.62,23.62,23.55,23.59,30639,0
BSMQ.US,D,20240712,000000,23.55,23.5954,23.55,23.5954,26863,0
BSMQ.US,D,20240715,000000,23.565,23.57,23.55,23.565,8948,0
BSMQ.US,D,20240716,000000,23.56,23.63,23.56,23.595,39779,0
BSMQ.US,D,20240717,000000,23.62,23.62,23.585,23.61,24421,0
BSMQ.US,D,20240718,000000,23.6,23.6299,23.59,23.5984,71340,0
BSMQ.US,D,20240719,000000,23.5895,23.61,23.58,23.6038,27686,0
BSMQ.US,D,20240722,000000,23.55,23.55,23.53,23.5406,15059,0
BSMQ.US,D,20240723,000000,23.53,23.5501,23.53,23.54,26966,0
BSMQ.US,D,20240724,000000,23.56,23.5655,23.53,23.56,74086,0
BSMQ.US,D,20240725,000000,23.55,23.6,23.55,23.566,38425,0
BSMQ.US,D,20240726,000000,23.58,23.62,23.55,23.595,51190,0
BSMQ.US,D,20240729,000000,23.66,23.66,23.54,23.58,198225,0
BSMQ.US,D,20240730,000000,23.585,23.59,23.57,23.57,29988,0
BSMQ.US,D,20240731,000000,23.593,23.62,23.57,23.6187,50182,0
BSMQ.US,D,20240801,000000,23.69,23.69,23.6,23.6354,45711,0
BSMQ.US,D,20240802,000000,23.75,23.75,23.67,23.73,20723,0
BSMQ.US,D,20240805,000000,23.73,23.74,23.59,23.67,179219,0
BSMQ.US,D,20240806,000000,23.655,23.68,23.59,23.6632,93888,0
BSMQ.US,D,20240807,000000,23.69,23.69,23.63,23.6455,35045,0
BSMQ.US,D,20240808,000000,23.64,23.6599,23.62,23.635,10969,0
BSMQ.US,D,20240809,000000,23.65,23.74,23.63,23.65,80118,0
BSMQ.US,D,20240812,000000,23.66,23.68,23.6,23.62,181869,0
BSMQ.US,D,20240813,000000,23.67,23.6751,23.631,23.645,30357,0
BSMQ.US,D,20240814,000000,23.66,23.675,23.62,23.635,42521,0
BSMQ.US,D,20240815,000000,23.6451,23.6451,23.61,23.64,26088,0
BSMQ.US,D,20240816,000000,23.647,23.66,23.62,23.64,55953,0
BSMQ.US,D,20240819,000000,23.61,23.64,23.571,23.6,63518,0
BSMQ.US,D,20240820,000000,23.6292,23.63,23.57,23.61,23458,0
BSMQ.US,D,20240821,000000,23.621,23.6399,23.58,23.6202,92175,0
BSMQ.US,D,20240822,000000,23.6,23.62,23.59,23.6,42645,0
BSMQ.US,D,20240823,000000,23.64,23.6599,23.61,23.63,26914,0
BSMQ.US,D,20240826,000000,23.68,23.68,23.61,23.62,62214,0
BSMQ.US,D,20240827,000000,23.65,23.68,23.61,23.64,25313,0
BSMQ.US,D,20240828,000000,23.67,23.69,23.64,23.67,24507,0
BSMQ.US,D,20240829,000000,23.67,23.68,23.63,23.67,29982,0
BSMQ.US,D,20240830,000000,23.67,23.69,23.628,23.675,73339,0
BSMQ.US,D,20240903,000000,23.65,23.67,23.64,23.64,25310,0
BSMQ.US,D,20240904,000000,23.66,23.7,23.6501,23.68,47757,0
BSMQ.US,D,20240905,000000,23.6649,23.7,23.66,23.6954,37739,0
BSMQ.US,D,20240906,000000,23.72,23.72,23.7,23.71,17667,0
BSMQ.US,D,20240909,000000,23.67,23.73,23.67,23.7139,31119,0
BSMQ.US,D,20240910,000000,23.715,23.73,23.65,23.6855,64870,0
BSMQ.US,D,20240911,000000,23.72,23.74,23.69,23.72,25586,0
BSMQ.US,D,20240912,000000,23.74,23.75,23.68,23.72,131561,0
BSMQ.US,D,20240913,000000,23.71,23.72,23.64,23.71,58171,0
BSMQ.US,D,20240916,000000,23.71,23.76,23.7,23.725,46212,0
BSMQ.US,D,20240917,000000,23.75,23.76,23.69,23.74,73531,0
BSMQ.US,D,20240918,000000,23.74,23.7599,23.7,23.725,49740,0
BSMQ.US,D,20240919,000000,23.7287,23.73,23.66,23.69,36533,0
BSMQ.US,D,20240920,000000,23.695,23.76,23.68,23.705,13334,0
BSMQ.US,D,20240923,000000,23.64,23.73,23.64,23.72,49756,0
BSMQ.US,D,20240924,000000,23.7099,23.72,23.697,23.7,48621,0
BSMQ.US,D,20240925,000000,23.6707,23.71,23.67,23.705,22686,0
BSMQ.US,D,20240926,000000,23.71,23.72,23.68,23.705,32101,0
BSMQ.US,D,20240927,000000,23.68,23.74,23.68,23.71,10873,0
BSMQ.US,D,20240930,000000,23.705,23.75,23.68,23.74,51825,0
BSMQ.US,D,20241001,000000,23.74,23.74,23.68,23.68,155781,0
BSMQ.US,D,20241002,000000,23.74,23.74,23.68,23.73,27170,0
BSMQ.US,D,20241003,000000,23.715,23.715,23.68,23.7,17887,0
BSMQ.US,D,20241004,000000,23.685,23.71,23.6501,23.68,19387,0
BSMQ.US,D,20241007,000000,23.63,23.68,23.63,23.64,24261,0
BSMQ.US,D,20241008,000000,23.6371,23.67,23.6371,23.67,14262,0
BSMQ.US,D,20241009,000000,23.655,23.6696,23.6,23.62,12479,0
BSMQ.US,D,20241010,000000,23.635,23.72,23.59,23.625,41128,0
BSMQ.US,D,20241011,000000,23.6101,23.68,23.6101,23.65,79458,0
BSMQ.US,D,20241014,000000,23.59,23.65,23.59,23.62,16683,0
BSMQ.US,D,20241015,000000,23.64,23.66,23.62,23.62,15014,0
BSMQ.US,D,20241016,000000,23.67,23.67,23.62,23.65,26426,0
BSMQ.US,D,20241017,000000,23.65,23.6599,23.6,23.62,21982,0
BSMQ.US,D,20241018,000000,23.67,23.67,23.55,23.66,15571,0
BSMQ.US,D,20241021,000000,23.55,23.59,23.52,23.59,31662,0
BSMQ.US,D,20241022,000000,23.56,23.5799,23.51,23.525,27055,0
BSMQ.US,D,20241023,000000,23.5595,23.5595,23.47,23.495,12009,0
BSMQ.US,D,20241024,000000,23.45,23.53,23.45,23.48,62959,0
BSMQ.US,D,20241025,000000,23.55,23.58,23.51,23.55,32716,0
BSMQ.US,D,20241028,000000,23.54,23.56,23.5,23.56,19087,0
BSMQ.US,D,20241029,000000,23.55,23.58,23.465,23.54,52667,0
BSMQ.US,D,20241030,000000,23.52,23.57,23.5,23.5,12864,0
BSMQ.US,D,20241031,000000,23.535,23.55,23.51,23.54,54949,0
BSMQ.US,D,20241101,000000,23.55,23.58,23.51,23.53,40864,0
BSMQ.US,D,20241104,000000,23.6,23.6,23.51,23.52,42621,0
