<TICKER>,<PER>,<DATE>,<TIME>,<OPEN>,<HIGH>,<LOW>,<CLOSE>,<VOL>,<OPENINT>
BSMR.US,D,20190926,000000,24.3564,24.3564,24.3564,24.3564,343.39850444903,0
BSMR.US,D,20191002,000000,24.4241,24.4241,24.4241,24.4241,348.41895042051,0
BSMR.US,D,20191029,000000,24.2369,24.2479,24.2369,24.2479,1027.1832457642,0
BSMR.US,D,20191030,000000,24.2479,24.2479,24.2479,24.2479,2053.3624023342,0
BSMR.US,D,20191104,000000,24.3156,24.3256,24.3156,24.3256,513.08957828496,0
BSMR.US,D,20191105,000000,24.2479,24.2479,24.2479,24.2479,231.94460388224,0
BSMR.US,D,20191113,000000,24.198,24.2578,24.198,24.208,28610.517502254,0
BSMR.US,D,20191114,000000,24.2449,24.2449,24.2449,24.2449,2053.3624023342,0
BSMR.US,D,20191118,000000,24.2777,24.2777,24.2578,24.2578,619.52303288027,0
BSMR.US,D,20191119,000000,24.2678,24.2777,24.2578,24.2578,6048.6333064356,0
BSMR.US,D,20191120,000000,24.3444,24.3544,24.3256,24.3544,6261.5002156263,0
BSMR.US,D,20191126,000000,24.3156,24.3256,24.3156,24.3256,2968.0876583373,0
BSMR.US,D,20191206,000000,24.3364,24.3444,24.3206,24.3206,1331.4222716357,0
BSMR.US,D,20191209,000000,24.3604,24.3604,24.3494,24.3494,100.40891942955,0
BSMR.US,D,20191210,000000,24.3544,24.3544,24.3544,24.3544,250.01820937956,0
BSMR.US,D,20191212,000000,24.3544,24.3744,24.3544,24.3544,509.07322150778,0
BSMR.US,D,20191217,000000,24.4032,24.4142,24.3892,24.3892,10244.722049396,0
BSMR.US,D,20191219,000000,24.3942,24.3942,24.3902,24.3942,353.43939639198,0
BSMR.US,D,20191220,000000,24.3604,24.3604,24.3544,24.3544,825.36131771084,0
BSMR.US,D,20191226,000000,24.3942,24.3942,24.3843,24.3843,424.72972918696,0
BSMR.US,D,20191227,000000,24.4042,24.4042,24.3892,24.3892,1156.7107518284,0
BSMR.US,D,20191230,000000,24.4012,24.4042,24.4012,24.4042,1124.5798976109,0
BSMR.US,D,20200102,000000,24.4152,24.4152,24.4072,24.4142,4276.4158785042,0
BSMR.US,D,20200106,000000,24.5427,24.5527,24.5377,24.5377,1502.1174346659,0
BSMR.US,D,20200108,000000,24.6014,24.6014,24.5894,24.5894,9395.2625910223,0
BSMR.US,D,20200109,000000,24.5914,24.5964,24.5914,24.5964,1418.7780315394,0
BSMR.US,D,20200114,000000,24.6114,24.6303,24.6114,24.6114,4414.9801873169,0
BSMR.US,D,20200116,000000,24.71,24.71,24.695,24.695,1046.2609404558,0
BSMR.US,D,20200117,000000,24.7299,24.7299,24.7299,24.7299,531.16318378227,0
BSMR.US,D,20200122,000000,24.719,24.7368,24.717,24.717,4038.4467394562,0
BSMR.US,D,20200127,000000,24.8913,24.8913,24.8713,24.8713,2044.3255995855,0
BSMR.US,D,20200130,000000,24.9331,24.9331,24.9201,24.9201,2013.1988345624,0
BSMR.US,D,20200131,000000,24.9599,24.9599,24.9401,24.9549,2193.9348895355,0
BSMR.US,D,20200203,000000,24.9201,24.95,24.9201,24.95,176.719698196,0
BSMR.US,D,20200204,000000,24.8961,24.8961,24.8913,24.8913,219.8955335507,0
BSMR.US,D,20200205,000000,24.8713,24.8813,24.8513,24.8513,777.16503638466,0
BSMR.US,D,20200206,000000,24.8464,24.8464,24.8464,24.8464,873.55759903701,0
BSMR.US,D,20200210,000000,24.95,24.9599,24.9301,24.9301,2045.3296887798,0
BSMR.US,D,20200211,000000,24.9599,24.9599,24.95,24.95,2243.1352600559,0
BSMR.US,D,20200212,000000,24.9301,24.9401,24.9301,24.9401,1074.3754378961,0
BSMR.US,D,20200213,000000,24.9401,24.9401,24.9401,24.9401,100.40891942955,0
BSMR.US,D,20200218,000000,25.0088,25.0177,24.9888,24.9888,3217.1017785225,0
BSMR.US,D,20200219,000000,25.0277,25.0277,25.0088,25.0088,12500.910468978,0
BSMR.US,D,20200220,000000,25.0575,25.0575,25.0575,25.0575,1498.1010778888,0
BSMR.US,D,20200221,000000,25.1174,25.1771,25.1174,25.1621,4728.2560159371,0
BSMR.US,D,20200226,000000,25.3254,25.3254,25.3095,25.3095,410.67248046683,0
BSMR.US,D,20200228,000000,25.2935,25.3324,25.2935,25.3304,6900.1009431981,0
BSMR.US,D,20200302,000000,25.3922,25.3922,25.3922,25.3922,357.45575316917,0
BSMR.US,D,20200303,000000,25.3703,25.3703,25.3125,25.3125,1409.7412287908,0
BSMR.US,D,20200304,000000,25.3125,25.3125,25.2926,25.2926,853.47581515111,0
BSMR.US,D,20200305,000000,25.3025,25.3224,25.3025,25.3025,383.56207222086,0
BSMR.US,D,20200312,000000,23.8225,23.8225,23.7509,23.7509,14376.549083922,0
BSMR.US,D,20200317,000000,23.6652,23.6652,23.5299,23.5299,593.41671382859,0
BSMR.US,D,20200318,000000,23.234,23.3853,23.234,23.234,1133.6167003595,0
BSMR.US,D,20200319,000000,23.3037,23.3037,22.6364,22.6364,2923.9077337882,0
BSMR.US,D,20200323,000000,22.1415,22.1415,21.9651,21.9651,100.40891942955,0
BSMR.US,D,20200324,000000,22.3575,22.4164,22.3575,22.3875,2849.6051334104,0
BSMR.US,D,20200330,000000,24.46,24.46,24.2588,24.2588,931.79477230615,0
BSMR.US,D,20200331,000000,24.3604,24.3604,24.1053,24.1053,3902.8946982263,0
BSMR.US,D,20200401,000000,23.8415,23.8415,23.3644,23.3644,108.44163298391,0
BSMR.US,D,20200403,000000,23.5159,23.5456,23.3744,23.3744,508.06913231348,0
BSMR.US,D,20200409,000000,24.0676,24.0766,23.8265,23.8265,1019.1505322098,0
BSMR.US,D,20200415,000000,23.969,23.969,23.969,23.969,1911.7858259385,0
BSMR.US,D,20200416,000000,24.2499,24.2499,24.0766,24.0766,325.32489895172,0
BSMR.US,D,20200417,000000,23.94,24.0526,23.94,24.0526,619.52303288027,0
BSMR.US,D,20200421,000000,24.0826,24.0826,23.8813,23.97,1025.1750673756,0
BSMR.US,D,20200430,000000,23.463,23.463,23.4372,23.4372,898.6598288944,0
BSMR.US,D,20200504,000000,23.719,23.719,23.6165,23.6165,2599.5869240309,0
BSMR.US,D,20200505,000000,23.719,23.719,23.6115,23.6165,1947.9330369331,0
BSMR.US,D,20200506,000000,23.7489,23.7489,23.6453,23.6453,112.45798976109,0
BSMR.US,D,20200508,000000,23.8176,23.8176,23.729,23.729,2562.4356238419,0
BSMR.US,D,20200511,000000,23.8275,23.8275,23.7589,23.7589,509.07322150778,0
BSMR.US,D,20200512,000000,23.8565,23.8734,23.725,23.7638,3304.4575384263,0
BSMR.US,D,20200513,000000,23.8863,23.8863,23.7887,23.7887,3262.2857922658,0
BSMR.US,D,20200518,000000,24.0516,24.0516,23.952,23.952,1275.1932767552,0
BSMR.US,D,20200519,000000,24.0566,24.1005,24.0168,24.0168,2962.0631231715,0
BSMR.US,D,20200520,000000,24.1493,24.1493,24.1005,24.1005,228.93233629936,0
BSMR.US,D,20200522,000000,24.2688,24.2688,24.2339,24.2339,663.70295742928,0
BSMR.US,D,20200526,000000,24.3266,24.3266,24.2588,24.2588,3666.9337375669,0
BSMR.US,D,20200527,000000,24.3066,24.3066,24.3066,24.3066,509.07322150778,0
BSMR.US,D,20200528,000000,24.3364,24.3454,24.2608,24.2608,7617.0206279251,0
BSMR.US,D,20200602,000000,24.464,24.464,24.3902,24.3902,402.63976691246,0
BSMR.US,D,20200605,000000,24.4949,24.4949,24.3952,24.3952,373.52118027789,0
BSMR.US,D,20200608,000000,24.5237,24.5237,24.4401,24.4401,1943.916680156,0
BSMR.US,D,20200609,000000,24.465,24.5537,24.465,24.4849,5124.8712476838,0
BSMR.US,D,20200610,000000,24.5437,24.5934,24.5187,24.5187,6220.3325586601,0
BSMR.US,D,20200615,000000,24.673,24.673,24.6631,24.6631,327.3330773403,0
BSMR.US,D,20200617,000000,24.6433,24.6433,24.5784,24.5784,100.40891942955,0
BSMR.US,D,20200619,000000,24.693,24.693,24.6383,24.6383,2208.9962274499,0
BSMR.US,D,20200623,000000,24.7667,24.7667,24.699,24.699,2138.7099838493,0
BSMR.US,D,20200624,000000,24.674,24.7647,24.674,24.689,1015.1341754327,0
BSMR.US,D,20200625,000000,24.7567,24.7567,24.699,24.699,512.08548909067,0
BSMR.US,D,20200626,000000,24.7747,24.7767,24.704,24.704,4292.4813056129,0
BSMR.US,D,20200701,000000,24.721,24.7488,24.721,24.7488,789.2141067162,0
BSMR.US,D,20200702,000000,24.7966,24.8066,24.7388,24.7388,368.50073430642,0
BSMR.US,D,20200706,000000,24.8155,24.8165,24.7518,24.7518,2621.6768863054,0
BSMR.US,D,20200707,000000,24.7966,24.7966,24.7817,24.7817,2558.4192670647,0
BSMR.US,D,20200708,000000,24.7966,24.7966,24.7717,24.7717,4052.5039881763,0
BSMR.US,D,20200709,000000,24.8365,24.8753,24.7717,24.8265,3493.2263069538,0
BSMR.US,D,20200710,000000,24.8653,24.9221,24.8365,24.8365,10484.699366833,0
BSMR.US,D,20200713,000000,24.9041,24.9041,24.8503,24.8503,4032.4222042904,0
BSMR.US,D,20200714,000000,24.9141,24.9241,24.8853,24.8853,334.36170170038,0
BSMR.US,D,20200720,000000,25.0884,25.0884,25.0287,25.0287,199.81374966479,0
BSMR.US,D,20200723,000000,25.1681,25.1681,25.1084,25.1084,1157.7148410226,0
BSMR.US,D,20200724,000000,25.188,25.188,25.1331,25.1331,2347.5605362627,0
BSMR.US,D,20200728,000000,25.188,25.188,25.1531,25.1531,113305.44104108,0
BSMR.US,D,20200731,000000,25.2965,25.3264,25.2567,25.2567,1188.8416060457,0
BSMR.US,D,20200803,000000,25.3264,25.3264,25.2667,25.2667,1923.83489627,0
BSMR.US,D,20200804,000000,25.3464,25.3464,25.2797,25.2965,154618.69094035,0
BSMR.US,D,20200805,000000,25.3464,25.3862,25.2667,25.3314,6066.7069119329,0
BSMR.US,D,20200810,000000,25.445,25.445,25.409,25.411,1503.1215238603,0
BSMR.US,D,20200811,000000,25.416,25.416,25.3563,25.4062,3663.921469984,0
BSMR.US,D,20200812,000000,25.426,25.435,25.3364,25.3762,3652.8764888467,0
BSMR.US,D,20200814,000000,25.3862,25.3962,25.3115,25.3115,2760.2411951182,0
BSMR.US,D,20200818,000000,25.3364,25.3663,25.2757,25.2817,5796.6069186675,0
BSMR.US,D,20200819,000000,25.3364,25.3464,25.2557,25.2717,3616.7292778521,0
BSMR.US,D,20200820,000000,25.3364,25.3364,25.2278,25.2278,896.65165050581,0
BSMR.US,D,20200821,000000,25.2129,25.2965,25.21,25.2129,1132.6126111653,0
BSMR.US,D,20200824,000000,25.1421,25.2318,25.1224,25.2218,4528.4422662724,0
BSMR.US,D,20200825,000000,25.182,25.2807,25.182,25.2727,5933.1630490917,0
BSMR.US,D,20200826,000000,25.2507,25.2507,25.1671,25.1671,2075.4523646086,0
BSMR.US,D,20200827,000000,25.203,25.203,25.203,25.203,159.65018189298,0
BSMR.US,D,20200828,000000,25.1521,25.212,25.1451,25.1471,2775.3025330326,0
BSMR.US,D,20200831,000000,25.202,25.2318,25.1761,25.1761,11496.821274682,0
BSMR.US,D,20200901,000000,25.192,25.192,25.0924,25.1273,738.00555780713,0
BSMR.US,D,20200902,000000,25.0824,25.1074,25.0824,25.1074,259.05501212822,0
BSMR.US,D,20200903,000000,25.1224,25.212,25.0974,25.212,12373.391141303,0
BSMR.US,D,20200904,000000,25.1204,25.1204,25.1024,25.1074,821.34496093366,0
BSMR.US,D,20200908,000000,25.1322,25.182,25.0824,25.1124,9250.6737470437,0
BSMR.US,D,20200910,000000,25.1224,25.1322,25.1074,25.1074,1631.6449407301,0
BSMR.US,D,20200914,000000,25.1224,25.1312,25.0974,25.1024,2871.6950956849,0
BSMR.US,D,20200915,000000,25.1224,25.1224,25.0864,25.1024,12302.100808508,0
BSMR.US,D,20200916,000000,25.1224,25.2218,25.1024,25.1024,5092.7403934663,0
BSMR.US,D,20200917,000000,25.1224,25.1224,25.1224,25.1224,1746.1111088798,0
BSMR.US,D,20200918,000000,25.1322,25.1322,25.1024,25.1024,12191.650997135,0
BSMR.US,D,20200921,000000,25.1551,25.1651,25.1351,25.1351,3753.2854082762,0
BSMR.US,D,20200922,000000,25.1253,25.1451,25.1054,25.1104,6780.614329077,0
BSMR.US,D,20200923,000000,25.1154,25.1253,25.0555,25.0804,5474.2942872987,0
BSMR.US,D,20200924,000000,25.0854,25.0854,25.0356,25.0356,711.89923875545,0
BSMR.US,D,20200925,000000,25.1054,25.1154,25.0655,25.0655,3077.5333805155,0
BSMR.US,D,20200928,000000,25.1084,25.1084,25.0605,25.0605,201.82192805338,0
BSMR.US,D,20200929,000000,25.0854,25.1154,25.0645,25.1054,7240.4871800643,0
BSMR.US,D,20200930,000000,25.0555,25.0754,25.0177,25.0655,5853.8400027423,0
BSMR.US,D,20201001,000000,25.0655,25.0744,25.0257,25.0257,1123.5758084166,0
BSMR.US,D,20201002,000000,25.0157,25.0157,24.9798,25.0157,1322.385468887,0
BSMR.US,D,20201005,000000,25.0157,25.0257,24.9181,24.9629,15234.04125585,0
BSMR.US,D,20201006,000000,24.9868,24.9958,24.9281,24.9729,123112.38020176,0
BSMR.US,D,20201007,000000,24.8693,24.9281,24.8493,24.9281,2527.2925020416,0
BSMR.US,D,20201008,000000,24.948,24.948,24.9031,24.9031,1011.1178186555,0
BSMR.US,D,20201009,000000,24.9381,24.948,24.9371,24.9381,4509.3645715807,0
BSMR.US,D,20201013,000000,24.9281,24.9381,24.8942,24.9031,2888.7646119879,0
BSMR.US,D,20201014,000000,24.8593,24.9031,24.8593,24.9031,333.35761250608,0
BSMR.US,D,20201015,000000,24.9768,24.9768,24.9181,24.9181,3195.0118162481,0
BSMR.US,D,20201016,000000,24.9679,24.9679,24.9281,24.9281,874.56168823132,0
BSMR.US,D,20201019,000000,24.9381,24.9381,24.9031,24.9031,816.32451496218,0
BSMR.US,D,20201020,000000,24.947,24.947,24.8991,24.8991,1495.0888103059,0
BSMR.US,D,20201021,000000,24.8843,24.8843,24.8743,24.8743,727.96466586418,0
BSMR.US,D,20201022,000000,24.9381,24.9381,24.8942,24.8942,1929.8594314358,0
BSMR.US,D,20201023,000000,24.948,24.9579,24.948,24.948,1706.9516303022,0
BSMR.US,D,20201026,000000,24.8793,24.9679,24.8793,24.9231,928.78250472326,0
BSMR.US,D,20201027,000000,24.9579,24.9768,24.9181,24.9181,7693.3314066915,0
BSMR.US,D,20201028,000000,24.9768,24.9768,24.8793,24.9231,2281.2906494392,0
BSMR.US,D,20201030,000000,24.948,24.9579,24.9081,24.9081,451.84013743294,0
BSMR.US,D,20201102,000000,24.9768,24.9768,24.9331,24.9331,1662.7717057532,0
BSMR.US,D,20201103,000000,24.9868,24.9868,24.9281,24.9281,1433.8393694539,0
BSMR.US,D,20201104,000000,25.1641,25.1651,25.1204,25.1204,1094.457221782,0
BSMR.US,D,20201105,000000,25.1751,25.1751,25.1004,25.1004,4179.0192266576,0
BSMR.US,D,20201109,000000,25.1054,25.1154,25.0157,25.0804,6087.7927850132,0
BSMR.US,D,20201110,000000,25.0804,25.1351,25.0804,25.0804,4250.3095594525,0
BSMR.US,D,20201111,000000,25.1351,25.1351,25.0954,25.0954,100.40891942955,0
BSMR.US,D,20201112,000000,25.1341,25.1451,25.1004,25.1004,4237.2563999267,0
BSMR.US,D,20201113,000000,25.1054,25.1751,25.1054,25.1401,1795.3114794002,0
BSMR.US,D,20201116,000000,25.195,25.195,25.1451,25.1451,3326.5475007007,0
BSMR.US,D,20201117,000000,25.1253,25.2437,25.1253,25.185,4237.2563999267,0
BSMR.US,D,20201118,000000,25.2737,25.2837,25.2437,25.2437,920.7497911689,0
BSMR.US,D,20201119,000000,25.3334,25.3533,25.2437,25.3135,2212.0084950328,0
BSMR.US,D,20201120,000000,25.4032,25.413,25.3434,25.3683,2879.7278092393,0
BSMR.US,D,20201123,000000,25.3832,25.3832,25.3334,25.3334,1288.246436281,0
BSMR.US,D,20201124,000000,25.3533,25.3633,25.2737,25.3184,4476.229628169,0
BSMR.US,D,20201125,000000,25.3234,25.3722,25.3234,25.3284,251.02229857385,0
BSMR.US,D,20201127,000000,25.3932,25.3932,25.3633,25.3633,193.78921449902,0
BSMR.US,D,20201130,000000,25.3832,25.3832,25.3035,25.3484,3048.4147938809,0
BSMR.US,D,20201201,000000,25.3832,25.3832,25.3434,25.3434,684.78883050948,0
BSMR.US,D,20201202,000000,25.3573,25.3633,25.3573,25.3583,871.54942064843,0
BSMR.US,D,20201203,000000,25.3782,25.443,25.3334,25.3882,8664.2856575752,0
BSMR.US,D,20201204,000000,25.3932,25.413,25.3832,25.3832,588.39626785712,0
BSMR.US,D,20201207,000000,25.423,25.4529,25.413,25.413,6984.444435519,0
BSMR.US,D,20201208,000000,25.413,25.4629,25.413,25.428,1392.6717124877,0
BSMR.US,D,20201209,000000,25.4728,25.4728,25.428,25.433,1120.5635408337,0
BSMR.US,D,20201210,000000,25.4728,25.4728,25.4728,25.4728,750.05462813868,0
BSMR.US,D,20201211,000000,25.4529,25.4918,25.423,25.4918,3306.4657168148,0
BSMR.US,D,20201214,000000,25.5415,25.5515,25.4968,25.5017,3259.273524683,0
BSMR.US,D,20201215,000000,25.5415,25.5415,25.4529,25.4918,3696.0523242015,0
BSMR.US,D,20201216,000000,25.4888,25.6511,25.4888,25.5037,4800.5504379264,0
BSMR.US,D,20201217,000000,25.5415,25.6711,25.5117,25.5117,5502.4087847389,0
BSMR.US,D,20201218,000000,25.5615,25.5715,25.5216,25.5216,861.50852870547,0
BSMR.US,D,20201221,000000,25.4968,25.4968,25.4968,25.4968,241.9854958252,0
BSMR.US,D,20201222,000000,25.5515,25.5515,25.4529,25.4728,7624.0492522852,0
BSMR.US,D,20201223,000000,25.5515,25.5605,25.5067,25.5127,2539.3415723731,0
BSMR.US,D,20201224,000000,25.5615,25.5715,25.5216,25.5216,1779.2460522915,0
BSMR.US,D,20201228,000000,25.5715,25.5814,25.5216,25.5814,3994.2668149072,0
BSMR.US,D,20201229,000000,25.5715,25.5715,25.5515,25.5515,1332.4263608301,0
BSMR.US,D,20201230,000000,25.5814,25.5814,25.5565,25.5565,1160.7271086055,0
BSMR.US,D,20201231,000000,25.5715,25.6013,25.5615,25.5615,2117.624110769,0
BSMR.US,D,20210104,000000,25.5216,25.6013,25.5216,25.5615,4246.2932026754,0
BSMR.US,D,20210105,000000,25.6003,25.6312,25.6003,25.6312,1212.9397467088,0
BSMR.US,D,20210106,000000,25.6212,25.6312,25.5615,25.5864,195311.41371757,0
BSMR.US,D,20210108,000000,25.5854,25.6112,25.5515,25.5515,915.72934519742,0
BSMR.US,D,20210111,000000,25.5814,25.5814,25.5515,25.5515,421.71746160408,0
BSMR.US,D,20210112,000000,25.5715,25.5715,25.5515,25.5515,445.81560226716,0
BSMR.US,D,20210113,000000,25.5355,25.5814,25.5355,25.5565,1074.3754378961,0
BSMR.US,D,20210114,000000,25.5814,25.6212,25.5515,25.5515,7483.4767650838,0
BSMR.US,D,20210115,000000,25.5216,25.5914,25.5216,25.5914,393.60296416381,0
BSMR.US,D,20210119,000000,25.5735,25.6033,25.5735,25.5735,1510.1501482203,0
BSMR.US,D,20210120,000000,25.5934,25.6332,25.5784,25.5784,8089.9466384382,0
BSMR.US,D,20210121,000000,25.5834,25.5834,25.5834,25.5834,152.6215575329,0
BSMR.US,D,20210125,000000,25.6531,25.6531,25.6132,25.6132,1514.1665049975,0
BSMR.US,D,20210126,000000,25.6371,25.6371,25.6332,25.6332,364.48437752924,0
BSMR.US,D,20210127,000000,25.6332,25.6731,25.6332,25.6731,153.6256467272,0
BSMR.US,D,20210202,000000,25.6332,25.6731,25.6332,25.6731,4.0163567771817,0
BSMR.US,D,20210203,000000,25.6332,25.6731,25.6332,25.6731,4.0163567771817,0
BSMR.US,D,20210204,000000,25.6332,25.6731,25.6332,25.6731,4.0163567771817,0
BSMR.US,D,20210205,000000,25.7228,25.7627,25.7228,25.7428,5575.7072959225,0
BSMR.US,D,20210208,000000,25.7527,25.7627,25.7527,25.7527,5909.0649084286,0
BSMR.US,D,20210209,000000,25.7627,25.7627,25.7328,25.7577,3176.9382107507,0
BSMR.US,D,20210210,000000,25.7697,25.7726,25.7697,25.7726,315.28400700876,0
BSMR.US,D,20210211,000000,25.8064,25.8274,25.8064,25.8224,10426.462193563,0
BSMR.US,D,20210212,000000,25.7667,25.8084,25.7667,25.7925,2826.5110819416,0
BSMR.US,D,20210216,000000,25.7776,25.7925,25.7677,25.7677,5678.1243937406,0
BSMR.US,D,20210217,000000,25.7428,25.7726,25.7428,25.7428,4608.769401816,0
BSMR.US,D,20210218,000000,25.7428,25.7428,25.6132,25.6731,2320.4501280167,0
BSMR.US,D,20210219,000000,25.6531,25.6531,25.5585,25.5585,4012.3404204045,0
BSMR.US,D,20210222,000000,25.4648,25.4648,25.4648,25.4648,891.63120453434,0
BSMR.US,D,20210223,000000,25.3752,25.3752,25.2727,25.3752,11863.3138306,0
BSMR.US,D,20210225,000000,25.1174,25.1671,25.1174,25.1671,3541.42258828,0
BSMR.US,D,20210301,000000,25.2169,25.2189,25.182,25.182,1968.014820819,0
BSMR.US,D,20210302,000000,25.192,25.2288,25.192,25.202,1691.8902923878,0
BSMR.US,D,20210303,000000,25.2169,25.2268,25.187,25.187,399.62749932957,0
BSMR.US,D,20210304,000000,25.2268,25.2268,25.202,25.204,1260.1319388408,0
BSMR.US,D,20210305,000000,25.2557,25.2757,25.2318,25.2318,1807.3605497318,0
BSMR.US,D,20210308,000000,25.2857,25.2955,25.197,25.2457,5916.0935327886,0
BSMR.US,D,20210309,000000,25.3254,25.3254,25.2577,25.3154,1976.0475343733,0
BSMR.US,D,20210310,000000,25.3254,25.3952,25.3254,25.3653,1230.0092630119,0
BSMR.US,D,20210311,000000,25.435,25.435,25.3653,25.3952,3294.4166464832,0
BSMR.US,D,20210312,000000,25.3314,25.3842,25.3154,25.3354,5900.0281056799,0
BSMR.US,D,20210315,000000,25.3254,25.3752,25.3254,25.3752,800.25908785345,0
BSMR.US,D,20210317,000000,25.3653,25.4042,25.3553,25.3852,4468.1969146147,0
BSMR.US,D,20210318,000000,25.2169,25.2757,25.197,25.197,2105.5750404375,0
BSMR.US,D,20210319,000000,25.2955,25.3254,25.2199,25.2457,16151.778779437,0
BSMR.US,D,20210322,000000,25.2857,25.2857,25.2358,25.2358,210.85873080204,0
BSMR.US,D,20210323,000000,25.3055,25.3354,25.2827,25.2907,1440.8679938139,0
BSMR.US,D,20210324,000000,25.3553,25.3653,25.3154,25.3154,1513.1624158032,0
BSMR.US,D,20210325,000000,25.3752,25.3852,25.3304,25.3304,516.10184586785,0
BSMR.US,D,20210326,000000,25.3454,25.3653,25.3444,25.3503,20817.781265327,0
BSMR.US,D,20210329,000000,25.3304,25.3503,25.3304,25.3454,1760.1683575998,0
BSMR.US,D,20210330,000000,25.3055,25.3204,25.3055,25.3204,502.04459714772,0
BSMR.US,D,20210401,000000,25.3653,25.3653,25.3653,25.3653,1058.3100107873,0
BSMR.US,D,20210405,000000,25.425,25.425,25.3653,25.3653,6885.0396052837,0
BSMR.US,D,20210406,000000,25.415,25.415,25.3703,25.3752,1002.0810159068,0
BSMR.US,D,20210407,000000,25.3922,25.425,25.3623,25.3902,4176.0069590747,0
BSMR.US,D,20210408,000000,25.43,25.445,25.43,25.445,236.96504985372,0
BSMR.US,D,20210409,000000,25.415,25.4938,25.415,25.4848,4354.7348356592,0
BSMR.US,D,20210412,000000,25.4848,25.4938,25.4648,25.4648,562.28994880544,0
BSMR.US,D,20210413,000000,25.5236,25.5535,25.4798,25.4798,7981.5050054543,0
BSMR.US,D,20210414,000000,25.5335,25.5535,25.5137,25.5137,2383.7077472574,0
BSMR.US,D,20210415,000000,25.6132,25.6132,25.6132,25.6132,535.17954055946,0
BSMR.US,D,20210416,000000,25.6431,25.6431,25.6132,25.6132,848.45536917963,0
BSMR.US,D,20210419,000000,25.6232,25.6332,25.5834,25.5834,783.18957155043,0
BSMR.US,D,20210420,000000,25.6332,25.6332,25.6332,25.6332,259.05501212822,0
BSMR.US,D,20210422,000000,25.6431,25.6631,25.5934,25.6332,1913.7940043271,0
BSMR.US,D,20210423,000000,25.6531,25.6831,25.6531,25.6681,2613.644172751,0
BSMR.US,D,20210426,000000,25.6631,25.6631,25.6182,25.6182,436.77879951851,0
BSMR.US,D,20210427,000000,25.6631,25.6831,25.6182,25.6182,3730.1913568075,0
BSMR.US,D,20210428,000000,25.6242,25.6928,25.5983,25.6132,14865.540521544,0
BSMR.US,D,20210429,000000,25.5735,25.5735,25.5635,25.5635,808.29180140782,0
BSMR.US,D,20210503,000000,25.6232,25.6332,25.5645,25.5784,7428.2518593975,0
BSMR.US,D,20210504,000000,25.6132,25.6222,25.5735,25.5735,3048.4147938809,0
BSMR.US,D,20210505,000000,25.6332,25.6531,25.6232,25.6232,2361.6177849828,0
BSMR.US,D,20210507,000000,25.6232,25.6531,25.6132,25.6132,2277.2742926621,0
BSMR.US,D,20210510,000000,25.6631,25.6731,25.5834,25.6232,4773.4400296804,0
BSMR.US,D,20210512,000000,25.6033,25.6431,25.5635,25.5635,7262.5771423388,0
BSMR.US,D,20210513,000000,25.6033,25.6033,25.5934,25.6033,909.70481003165,0
BSMR.US,D,20210517,000000,25.6232,25.6232,25.5585,25.5834,3071.5088453497,0
BSMR.US,D,20210518,000000,25.6132,25.6332,25.5884,25.5884,806.28362301922,0
BSMR.US,D,20210519,000000,25.5934,25.6033,25.5585,25.5585,1517.1787725803,0
BSMR.US,D,20210520,000000,25.6332,25.6332,25.5934,25.5934,772.14459041318,0
BSMR.US,D,20210521,000000,25.5834,25.6731,25.5834,25.6531,1699.9230059422,0
BSMR.US,D,20210524,000000,25.6431,25.6531,25.6033,25.6033,1938.8962341844,0
BSMR.US,D,20210527,000000,25.6918,25.7218,25.6361,25.6361,9820.9964094036,0
BSMR.US,D,20210528,000000,25.6431,25.6831,25.6332,25.6332,6054.6578416014,0
BSMR.US,D,20210601,000000,25.7028,25.7028,25.6481,25.6481,1058.3100107873,0
BSMR.US,D,20210602,000000,25.7128,25.7128,25.6631,25.6631,463.88920776449,0
BSMR.US,D,20210603,000000,25.6681,25.7028,25.6581,25.6581,2904.8300390966,0
BSMR.US,D,20210604,000000,25.6332,25.7228,25.6332,25.6928,1635.6612975072,0
BSMR.US,D,20210607,000000,25.7428,25.7428,25.6928,25.6928,566.30630558262,0
BSMR.US,D,20210608,000000,25.7627,25.7825,25.7378,25.7378,7471.4276947522,0
BSMR.US,D,20210609,000000,25.8134,25.8324,25.7975,25.7975,1991.1088722878,0
BSMR.US,D,20210610,000000,25.8523,25.8622,25.8124,25.8224,2531.3088588187,0
BSMR.US,D,20210614,000000,25.8523,25.8523,25.8424,25.8424,2036.2928860311,0
BSMR.US,D,20210615,000000,25.8523,25.8622,25.8334,25.8474,6174.1444557225,0
BSMR.US,D,20210616,000000,25.7975,25.7975,25.7378,25.7378,3225.1344920769,0
BSMR.US,D,20210617,000000,25.7128,25.7677,25.7128,25.7677,194.79330369331,0
BSMR.US,D,20210618,000000,25.7527,25.7925,25.7527,25.7726,7514.603530107,0
BSMR.US,D,20210621,000000,25.7148,25.7328,25.7148,25.7228,2136.7018054606,0
BSMR.US,D,20210622,000000,25.6631,25.7028,25.6631,25.7028,942.8397534434,0
BSMR.US,D,20210623,000000,25.6928,25.7028,25.6531,25.6531,2678.9099703802,0
BSMR.US,D,20210624,000000,25.6781,25.7118,25.6781,25.688,1268.1646523951,0
BSMR.US,D,20210625,000000,25.6341,25.7028,25.6341,25.6631,5809.6600781933,0
BSMR.US,D,20210628,000000,25.7428,25.7428,25.7078,25.7078,3829.5961870428,0
BSMR.US,D,20210630,000000,25.7627,25.7627,25.7278,25.7278,1321.3813796928,0
BSMR.US,D,20210701,000000,25.6831,25.7527,25.6741,25.7178,17732.215171257,0
BSMR.US,D,20210702,000000,25.7587,25.7815,25.7477,25.7477,5060.609539249,0
BSMR.US,D,20210706,000000,25.8324,25.8324,25.7637,25.8224,5678.1243937406,0
BSMR.US,D,20210708,000000,25.9121,25.9419,25.8622,25.8622,2619.6687079167,0
BSMR.US,D,20210709,000000,25.8324,25.8324,25.8274,25.8274,1285.2341686981,0
BSMR.US,D,20210712,000000,25.8224,25.8424,25.7835,25.8424,776.16094719036,0
BSMR.US,D,20210713,000000,25.922,25.922,25.8622,25.8622,2772.2902654497,0
BSMR.US,D,20210714,000000,25.8801,25.8801,25.8124,25.8622,2801.4088520842,0
BSMR.US,D,20210715,000000,25.8424,25.922,25.8424,25.8821,1870.6181689724,0
BSMR.US,D,20210719,000000,25.9817,25.9817,25.9021,25.9419,3464.1077203192,0
BSMR.US,D,20210720,000000,25.9469,25.9469,25.8722,25.922,5398.9875977265,0
BSMR.US,D,20210721,000000,25.8523,25.8523,25.8523,25.8523,588.39626785712,0
BSMR.US,D,20210722,000000,25.8722,25.9121,25.8722,25.9121,3422.9400633531,0
BSMR.US,D,20210723,000000,25.8821,25.8921,25.8821,25.8921,146.59702236714,0
BSMR.US,D,20210726,000000,25.8921,25.8921,25.8632,25.8921,396.61523174669,0
BSMR.US,D,20210728,000000,25.8424,25.9419,25.8324,25.9419,8770.7191121705,0
BSMR.US,D,20210729,000000,25.9319,25.9319,25.9319,25.9319,966.93789410649,0
BSMR.US,D,20210730,000000,25.8921,25.8921,25.8523,25.8523,646.63344112625,0
BSMR.US,D,20210802,000000,25.9021,25.927,25.8324,25.8891,6703.2994611162,0
BSMR.US,D,20210804,000000,25.8921,25.9041,25.8921,25.9041,2252.1720628046,0
BSMR.US,D,20210806,000000,25.9011,25.9011,25.8533,25.8533,193.78921449902,0
BSMR.US,D,20210809,000000,25.9021,25.9021,25.8474,25.8573,2143.7304298208,0
BSMR.US,D,20210810,000000,25.8672,25.8672,25.8424,25.8424,555.26132444537,0
BSMR.US,D,20210811,000000,25.8025,25.8821,25.8025,25.8474,17214.105147001,0
BSMR.US,D,20210812,000000,25.8174,25.8712,25.8174,25.8224,5132.9039612382,0
BSMR.US,D,20210813,000000,25.8064,25.8324,25.8064,25.8324,1053.2895648159,0
BSMR.US,D,20210817,000000,25.8503,25.8503,25.8174,25.8174,389.58660738662,0
BSMR.US,D,20210818,000000,25.8523,25.8612,25.8124,25.8124,437.7828887128,0
BSMR.US,D,20210819,000000,25.8523,25.8523,25.8174,25.8523,13736.944267156,0
BSMR.US,D,20210820,000000,25.8174,25.8622,25.8174,25.8174,4458.1560226716,0
BSMR.US,D,20210823,000000,25.7627,25.8025,25.7627,25.8025,322.31263136883,0
BSMR.US,D,20210825,000000,25.8015,25.8025,25.7776,25.7776,969.95016168938,0
BSMR.US,D,20210826,000000,25.8124,25.8124,25.7428,25.7677,1232.0174414005,0
BSMR.US,D,20210827,000000,25.7637,25.7975,25.7627,25.7975,1032.2036917357,0
BSMR.US,D,20210830,000000,25.7776,25.7825,25.7228,25.7825,6760.532545191,0
BSMR.US,D,20210902,000000,25.8025,25.8025,25.7825,25.7825,358.45984236347,0
BSMR.US,D,20210907,000000,25.7527,25.7527,25.7527,25.7527,974.97060766085,0
BSMR.US,D,20210908,000000,25.7328,25.7627,25.7328,25.7368,2926.9200013711,0
BSMR.US,D,20210913,000000,25.7228,25.7228,25.7228,25.7228,282.14906359702,0
BSMR.US,D,20210915,000000,25.7925,25.7925,25.7577,25.7577,1027.1832457642,0
BSMR.US,D,20210916,000000,25.7716,25.7716,25.7328,25.7378,604.46169496585,0
BSMR.US,D,20210917,000000,25.7716,25.7825,25.7477,25.7477,2350.5728038456,0
BSMR.US,D,20210921,000000,25.7138,25.7477,25.7128,25.7477,304.23902587151,0
BSMR.US,D,20210922,000000,25.7138,25.7627,25.7128,25.7378,487.98734842757,0
BSMR.US,D,20210923,000000,25.6631,25.6928,25.6631,25.6928,246.00185260238,0
BSMR.US,D,20210924,000000,25.6441,25.6441,25.6431,25.6431,1389.6594449048,0
BSMR.US,D,20210928,000000,25.6132,25.6132,25.5934,25.5934,1207.9193007374,0
BSMR.US,D,20210929,000000,25.5784,25.5784,25.5784,25.5784,159.65018189298,0
BSMR.US,D,20210930,000000,25.6033,25.6332,25.5784,25.5784,16130.692906356,0
BSMR.US,D,20211001,000000,25.5924,25.5934,25.5635,25.5784,1013.125997044,0
BSMR.US,D,20211004,000000,25.5685,25.5685,25.5685,25.5685,120.49070331545,0
BSMR.US,D,20211006,000000,25.5914,25.5914,25.5485,25.5535,784.19366074472,0
BSMR.US,D,20211007,000000,25.5635,25.5635,25.5286,25.5286,1322.385468887,0
BSMR.US,D,20211008,000000,25.5425,25.5425,25.4848,25.5137,1348.4917879388,0
BSMR.US,D,20211013,000000,25.5635,25.5635,25.5335,25.5335,494.01188359335,0
BSMR.US,D,20211014,000000,25.5286,25.5385,25.4938,25.5385,3861.7270412602,0
BSMR.US,D,20211019,000000,25.5585,25.5635,25.5585,25.5585,3319.5188763407,0
BSMR.US,D,20211020,000000,25.5635,25.5635,25.5435,25.5435,2370.6545877315,0
BSMR.US,D,20211021,000000,25.5435,25.5435,25.4748,25.4748,1931.8676098244,0
BSMR.US,D,20211022,000000,25.4052,25.4698,25.4052,25.4698,201.82192805338,0
BSMR.US,D,20211027,000000,25.4648,25.5137,25.4648,25.4848,1062.3263675646,0
BSMR.US,D,20211028,000000,25.5335,25.5335,25.4938,25.5187,1882.6672393039,0
BSMR.US,D,20211029,000000,25.4848,25.5735,25.4848,25.5385,1282.2219011152,0
BSMR.US,D,20211101,000000,25.5435,25.5435,25.4988,25.4988,1208.9233899317,0
BSMR.US,D,20211102,000000,25.5087,25.5236,25.5087,25.5236,318.29627459165,0
BSMR.US,D,20211103,000000,25.5635,25.5635,25.5137,25.5535,1945.9248585446,0
BSMR.US,D,20211105,000000,25.6431,25.6431,25.6332,25.6332,9782.8410200203,0
BSMR.US,D,20211109,000000,25.6242,25.6581,25.6232,25.6581,6042.6087712699,0
BSMR.US,D,20211111,000000,25.6282,25.6282,25.6232,25.6232,301.22675828863,0
BSMR.US,D,20211112,000000,25.6132,25.6132,25.6083,25.6083,2340.5319119026,0
BSMR.US,D,20211115,000000,25.5834,25.6531,25.5834,25.6322,5457.2247709956,0
BSMR.US,D,20211116,000000,25.6511,25.6531,25.6232,25.6232,1950.945304516,0
BSMR.US,D,20211117,000000,25.5635,25.5884,25.5635,25.5884,686.79700889807,0
BSMR.US,D,20211119,000000,25.6431,25.6731,25.6431,25.6731,2941.9813392855,0
BSMR.US,D,20211126,000000,25.6731,25.6731,25.6381,25.6381,1994.1211398707,0
BSMR.US,D,20211129,000000,25.6431,25.6431,25.6282,25.6282,1112.5308272793,0
BSMR.US,D,20211130,000000,25.6928,25.6928,25.6631,25.6631,449.83195904435,0
BSMR.US,D,20211202,000000,25.6928,25.6928,25.6631,25.6631,826.36540690513,0
BSMR.US,D,20211203,000000,25.7018,25.7328,25.6978,25.6978,3787.4244408824,0
BSMR.US,D,20211206,000000,25.6731,25.6731,25.6631,25.6631,212.86690919063,0
BSMR.US,D,20211208,000000,25.6481,25.6831,25.6481,25.6481,2592.5582996707,0
BSMR.US,D,20211210,000000,25.7228,25.7228,25.6928,25.6978,12358.329803388,0
BSMR.US,D,20211213,000000,25.7218,25.7228,25.6731,25.6978,4631.8634532848,0
BSMR.US,D,20211215,000000,25.6232,25.7028,25.6232,25.6928,3228.1467596598,0
BSMR.US,D,20211216,000000,25.7208,25.7208,25.688,25.6928,1300.2955066126,0
BSMR.US,D,20211217,000000,25.7208,25.7208,25.6751,25.7028,541.20407572523,0
BSMR.US,D,20211220,000000,25.7078,25.7078,25.6731,25.6731,354.44348558629,0
BSMR.US,D,20211221,000000,25.6821,25.6831,25.6431,25.6431,322.31263136883,0
BSMR.US,D,20211227,000000,25.6431,25.6681,25.6332,25.6681,1823.4259768405,0
BSMR.US,D,20211229,000000,25.7028,25.7028,25.6631,25.6631,285.1613311799,0
BSMR.US,D,20211231,000000,25.6341,25.7128,25.6332,25.6631,1779.2460522915,0
BSMR.US,D,20220103,000000,25.7028,25.7028,25.6232,25.6531,5226.2842563076,0
BSMR.US,D,20220104,000000,25.6731,25.6731,25.6431,25.6431,2786.3475141698,0
BSMR.US,D,20220105,000000,25.6521,25.6531,25.6033,25.6182,4971.2456009566,0
BSMR.US,D,20220106,000000,25.6033,25.6083,25.6033,25.6083,48107.921477083,0
BSMR.US,D,20220107,000000,25.6033,25.6033,25.5535,25.5535,44467.094058567,0
BSMR.US,D,20220110,000000,25.5635,25.5735,25.5087,25.5087,5413.0448464466,0
BSMR.US,D,20220112,000000,25.4938,25.4938,25.4599,25.4599,301.22675828863,0
BSMR.US,D,20220113,000000,25.4848,25.5037,25.4808,25.4808,2802.4129412785,0
BSMR.US,D,20220114,000000,25.4748,25.4848,25.4748,25.4748,631.57210321182,0
BSMR.US,D,20220118,000000,25.3952,25.3952,25.3802,25.3802,600.44533818866,0
BSMR.US,D,20220119,000000,25.3653,25.3952,25.3354,25.3852,2013.1988345624,0
BSMR.US,D,20220124,000000,25.3055,25.3055,25.2407,25.2407,923.76205875179,0
BSMR.US,D,20220125,000000,25.2537,25.2537,25.2159,25.2159,956.89700216354,0
BSMR.US,D,20220126,000000,25.1114,25.1114,25.1064,25.1114,226.92415791077,0
BSMR.US,D,20220127,000000,25.0964,25.0964,25.0764,25.0764,681.77656292659,0
BSMR.US,D,20220128,000000,25.0068,25.0068,24.9868,24.9868,899.6639180887,0
BSMR.US,D,20220131,000000,24.9768,24.9768,24.9768,24.9768,202.82601724768,0
BSMR.US,D,20220201,000000,24.9271,24.952,24.9271,24.952,2195.9430679241,0
BSMR.US,D,20220202,000000,25.0267,25.0366,25.0267,25.0366,7608.9879143708,0
BSMR.US,D,20220203,000000,25.0167,25.0565,25.0167,25.0516,3910.9274117806,0
BSMR.US,D,20220204,000000,25.0267,25.0366,25.0267,25.0366,116.47434653827,0
BSMR.US,D,20220207,000000,25.0267,25.0416,25.0267,25.0366,6980.4280787418,0
BSMR.US,D,20220208,000000,25.0317,25.0366,24.9669,24.9918,5393.967151755,0
BSMR.US,D,20220209,000000,24.9281,24.9719,24.9271,24.9719,745.0341821672,0
BSMR.US,D,20220210,000000,24.9171,24.942,24.9171,24.9171,1859.5731878351,0
BSMR.US,D,20220211,000000,24.8573,24.8653,24.8573,24.8573,1746.1111088798,0
BSMR.US,D,20220214,000000,24.8375,24.8375,24.7777,24.7777,501.04050795341,0
BSMR.US,D,20220215,000000,24.7329,24.7577,24.7329,24.7329,1106.5062921135,0
BSMR.US,D,20220216,000000,24.7428,24.7428,24.7428,24.7428,575.34310833128,0
BSMR.US,D,20220217,000000,24.7478,24.7727,24.7378,24.7727,646.63344112625,0
BSMR.US,D,20220218,000000,24.7976,24.8076,24.7777,24.7926,4397.910671014,0
BSMR.US,D,20220223,000000,24.7528,24.7528,24.7528,24.7528,583.37582188564,0
BSMR.US,D,20220224,000000,24.8573,24.8573,24.7976,24.7976,2241.1270816674,0
BSMR.US,D,20220225,000000,24.7677,24.7727,24.7627,24.7727,553.25314605678,0
BSMR.US,D,20220228,000000,24.7777,24.8573,24.7677,24.7976,13095.331272001,0
BSMR.US,D,20220301,000000,24.8076,24.8673,24.8076,24.8673,1525.2114861347,0
BSMR.US,D,20220302,000000,24.8375,24.8375,24.7876,24.8076,3920.9683037237,0
BSMR.US,D,20220307,000000,24.7727,24.7727,24.7727,24.7727,756.07916330446,0
BSMR.US,D,20220308,000000,24.7378,24.7378,24.6681,24.698,1030.1955133471,0
BSMR.US,D,20220309,000000,24.688,24.698,24.6483,24.673,3892.8538062833,0
BSMR.US,D,20220310,000000,24.5984,24.6333,24.5984,24.6333,284.1572419856,0
BSMR.US,D,20220314,000000,24.3902,24.4142,24.3902,24.4142,203.83010644197,0
BSMR.US,D,20220315,000000,24.3644,24.3644,24.3494,24.3494,1132.6126111653,0
BSMR.US,D,20220316,000000,24.3594,24.3942,24.3096,24.3694,2903.8259499024,0
BSMR.US,D,20220317,000000,24.4381,24.4381,24.4191,24.4191,729.97284425277,0
BSMR.US,D,20220318,000000,24.467,24.4789,24.4291,24.448,6090.805052596,0
BSMR.US,D,20220321,000000,24.3992,24.3992,24.2807,24.3006,2970.0958367259,0
BSMR.US,D,20220322,000000,24.2658,24.3295,24.2559,24.2559,13895.590359854,0
BSMR.US,D,20220323,000000,24.2309,24.3006,24.2309,24.3006,3184.970924305,0
BSMR.US,D,20220324,000000,24.2,24.21,24.1861,24.21,1014.1300862384,0
BSMR.US,D,20220325,000000,24.1313,24.211,24.0716,24.0966,22757.681588706,0
BSMR.US,D,20220329,000000,24.1313,24.1313,24.1313,24.1313,5685.1530181006,0
BSMR.US,D,20220330,000000,24.0806,24.0806,24.0806,24.0806,1011.1178186555,0
BSMR.US,D,20220331,000000,24.0906,24.0966,24.0866,24.0866,730.97693344707,0
BSMR.US,D,20220401,000000,24.0766,24.1113,24.0766,24.0816,6576.784222635,0
BSMR.US,D,20220404,000000,24.0716,24.1014,24.0716,24.0866,1454.9252425341,0
BSMR.US,D,20220405,000000,24.0716,24.0716,23.987,23.9919,3039.3779911322,0
BSMR.US,D,20220406,000000,23.947,23.947,23.947,23.947,104.42527620673,0
BSMR.US,D,20220407,000000,23.9123,23.952,23.9073,23.952,6805.7165589344,0
BSMR.US,D,20220408,000000,23.8624,23.8923,23.8196,23.8425,2495.1616478241,0
BSMR.US,D,20220411,000000,23.8275,23.8425,23.7827,23.7857,2606.6155483909,0
BSMR.US,D,20220412,000000,23.7728,23.8127,23.723,23.7827,12159.520142917,0
BSMR.US,D,20220413,000000,23.8225,23.8225,23.7031,23.7429,11345.203806344,0
BSMR.US,D,20220414,000000,23.7329,23.7329,23.708,23.708,644.62526273766,0
BSMR.US,D,20220418,000000,23.6632,23.713,23.6632,23.6882,19611.870142979,0
BSMR.US,D,20220419,000000,23.6035,23.6632,23.5886,23.6135,4703.1537860797,0
BSMR.US,D,20220420,000000,23.6234,23.6234,23.5786,23.5786,3206.0567973853,0
BSMR.US,D,20220421,000000,23.5636,23.6334,23.5436,23.5736,19111.833724219,0
BSMR.US,D,20220422,000000,23.5139,23.5586,23.5139,23.5586,12451.710098457,0
BSMR.US,D,20220425,000000,23.6035,23.6035,23.5338,23.5338,330.34534492319,0
BSMR.US,D,20220426,000000,23.5636,23.5935,23.5139,23.5388,37834.080841051,0
BSMR.US,D,20220427,000000,23.5039,23.5536,23.4839,23.5039,15019.166168271,0
BSMR.US,D,20220428,000000,23.464,23.4939,23.4352,23.4782,20469.362314907,0
BSMR.US,D,20220429,000000,23.4442,23.5239,23.4342,23.4792,78759.752311339,0
BSMR.US,D,20220502,000000,23.4839,23.5139,23.4144,23.4392,57379.681097206,0
BSMR.US,D,20220503,000000,23.4243,23.474,23.4242,23.4541,5298.5786782969,0
BSMR.US,D,20220504,000000,23.4332,23.5039,23.3943,23.4503,4185.0437618234,0
BSMR.US,D,20220505,000000,23.4042,23.4043,23.2948,23.3744,37174.394240399,0
BSMR.US,D,20220506,000000,23.3396,23.3546,23.3086,23.3086,2377.6832120916,0
BSMR.US,D,20220509,000000,23.3546,23.3546,23.278,23.3246,6896.084586421,0
BSMR.US,D,20220510,000000,23.4043,23.4043,23.2748,23.2848,36854.089787419,0
BSMR.US,D,20220511,000000,23.2499,23.2499,23.245,23.2499,541.20407572523,0
BSMR.US,D,20220512,000000,23.3346,23.3346,23.2499,23.2499,2850.6092226047,0
BSMR.US,D,20220513,000000,23.2151,23.2151,23.1653,23.1852,4105.7207154739,0
BSMR.US,D,20220516,000000,23.225,23.2549,23.2001,23.2001,8167.2615063989,0
BSMR.US,D,20220517,000000,23.1653,23.1752,23.1155,23.1155,12571.196712579,0
BSMR.US,D,20220518,000000,23.137,23.1553,23.1005,23.1005,11249.815332886,0
BSMR.US,D,20220519,000000,23.2151,23.2151,23.0955,23.1305,71241.132424454,0
BSMR.US,D,20220520,000000,23.2151,23.2938,23.2073,23.2496,17780.411452583,0
BSMR.US,D,20220523,000000,23.2051,23.23,23.1653,23.23,4713.1946780227,0
BSMR.US,D,20220524,000000,23.4043,23.4143,23.4043,23.4143,11643.418297049,0
BSMR.US,D,20220525,000000,23.5935,23.5935,23.5037,23.5189,3725.170910836,0
BSMR.US,D,20220526,000000,23.5736,23.6932,23.5736,23.6334,27107.395978394,0
BSMR.US,D,20220527,000000,23.7628,23.7628,23.695,23.718,18139.875384141,0
BSMR.US,D,20220531,000000,23.7031,23.7658,23.6882,23.7329,9031.7823026873,0
BSMR.US,D,20220601,000000,23.728,23.7728,23.728,23.7479,3936.0296416381,0
BSMR.US,D,20220602,000000,23.7778,23.7778,23.7778,23.7778,20.081783885908,0
BSMR.US,D,20220603,000000,23.7877,23.8225,23.723,23.7736,12471.791882343,0
BSMR.US,D,20220606,000000,23.743,23.8027,23.7429,23.7628,43961.033104642,0
BSMR.US,D,20220607,000000,23.7031,23.7827,23.7031,23.7329,3542.4266774742,0
BSMR.US,D,20220608,000000,23.7509,23.7728,23.728,23.7579,21206.363783519,0
BSMR.US,D,20220609,000000,23.6832,23.7429,23.6732,23.6932,33903.071645384,0
BSMR.US,D,20220610,000000,23.6224,23.6234,23.6035,23.6135,2313.4215036566,0
BSMR.US,D,20220613,000000,23.474,23.5338,23.225,23.2919,32470.236365126,0
BSMR.US,D,20220614,000000,23.3744,23.3744,23.2848,23.2948,60776.514841508,0
BSMR.US,D,20220615,000000,23.3546,23.3546,23.3047,23.3096,9104.0767246766,0
BSMR.US,D,20220616,000000,23.2151,23.3346,23.2151,23.2948,44817.521187376,0
BSMR.US,D,20220617,000000,23.2848,23.3346,23.2647,23.3096,1861.5813662237,0
BSMR.US,D,20220621,000000,23.3009,23.3596,23.2848,23.2848,13979.043449526,0
BSMR.US,D,20220622,000000,23.3994,23.4194,23.3768,23.3768,5747.2855683274,0
BSMR.US,D,20220623,000000,23.4692,23.4891,23.4443,23.4443,8278.8996650915,0
BSMR.US,D,20220624,000000,23.4493,23.4493,23.4293,23.4493,2321.9836109386,0
BSMR.US,D,20220627,000000,23.4493,23.4493,23.4144,23.4144,4010.0606810075,0
BSMR.US,D,20220628,000000,23.3844,23.3944,23.3844,23.3944,721.16899190705,0
BSMR.US,D,20220629,000000,23.4692,23.5539,23.4692,23.5241,22454.534383621,0
BSMR.US,D,20220630,000000,23.6188,23.6287,23.5489,23.5704,2236.7271932583,0
BSMR.US,D,20220701,000000,23.6886,23.6886,23.6886,23.6886,11.033183464503,0
BSMR.US,D,20220705,000000,23.7326,23.7435,23.7084,23.7184,8174.585930518,0
BSMR.US,D,20220706,000000,23.7673,23.7683,23.7084,23.7084,1791.3877879638,0
BSMR.US,D,20220707,000000,23.7633,23.7783,23.7484,23.7484,10707.203043961,0
BSMR.US,D,20220708,000000,23.7484,23.7484,23.7384,23.7384,252.76020300498,0
BSMR.US,D,20220711,000000,23.8032,23.8281,23.7783,23.7982,7048.1982004602,0
BSMR.US,D,20220712,000000,23.868,23.8879,23.8531,23.8581,4774.359390094,0
BSMR.US,D,20220713,000000,23.8581,23.8581,23.8127,23.8581,10396.267873597,0
BSMR.US,D,20220714,000000,23.8779,23.8779,23.873,23.8779,986.96841173371,0
BSMR.US,D,20220715,000000,23.8979,23.9079,23.8979,23.8979,10738.296560997,0
BSMR.US,D,20220718,000000,23.8789,23.8789,23.863,23.863,563.9916336318,0
BSMR.US,D,20220719,000000,23.8517,23.868,23.833,23.833,4283.5314838536,0
BSMR.US,D,20220720,000000,23.8979,23.8979,23.853,23.853,1211.1294583674,0
BSMR.US,D,20220721,000000,23.9005,23.9279,23.9005,23.9079,2166.8097753918,0
BSMR.US,D,20220722,000000,23.9877,24.0077,23.9778,24.0077,2988.2540730438,0
BSMR.US,D,20220725,000000,23.9329,23.9478,23.9229,23.9229,1104.9427564758,0
BSMR.US,D,20220726,000000,23.9578,23.9578,23.9378,23.9428,2927.1466313892,0
BSMR.US,D,20220727,000000,24.0556,24.0556,24.0227,24.0227,421.7415235506,0
BSMR.US,D,20220728,000000,24.1275,24.1275,24.0926,24.0926,2485.3698810666,0
BSMR.US,D,20220729,000000,24.1255,24.1275,24.1255,24.1275,876.541171275,0
BSMR.US,D,20220801,000000,24.1674,24.1874,24.1674,24.1874,15779.744605627,0
BSMR.US,D,20220802,000000,24.1724,24.1732,24.1125,24.1125,3050.363276037,0
BSMR.US,D,20220803,000000,24.1375,24.1774,24.1175,24.1475,9770.1783353658,0
BSMR.US,D,20220804,000000,24.2673,24.2673,24.1624,24.1674,18320.211360317,0
BSMR.US,D,20220805,000000,24.0876,24.0876,24.0476,24.0476,2557.4966974458,0
BSMR.US,D,20220808,000000,24.0676,24.1125,24.0676,24.1125,1723.029502392,0
BSMR.US,D,20220809,000000,24.1075,24.1075,23.9877,24.0526,73489.211799696,0
BSMR.US,D,20220810,000000,24.1475,24.1475,24.0526,24.0526,1216.1382650604,0
BSMR.US,D,20220811,000000,24.0676,24.0676,24.0227,24.0227,870.5306032434,0
BSMR.US,D,20220812,000000,24.0637,24.0726,24.0277,24.0726,2567.5143108318,0
BSMR.US,D,20220815,000000,24.0956,24.1074,24.0676,24.0876,6524.4715983018,0
BSMR.US,D,20220816,000000,24.1075,24.1075,24.0615,24.0676,12816.534566048,0
BSMR.US,D,20220817,000000,23.9877,23.9877,23.878,23.9079,5962.4834873472,0
BSMR.US,D,20220818,000000,23.8829,23.8879,23.8829,23.8879,610.0726552074,0
BSMR.US,D,20220819,000000,23.8081,23.818,23.798,23.818,9973.5358871016,0
BSMR.US,D,20220822,000000,23.7082,23.7182,23.7082,23.7082,799.4055482028,0
BSMR.US,D,20220823,000000,23.7181,23.7482,23.685,23.7033,2048.601937437,0
BSMR.US,D,20220824,000000,23.6883,23.6883,23.6483,23.6633,6036.6138264036,0
BSMR.US,D,20220825,000000,23.6542,23.6883,23.6542,23.6633,14449.405547966,0
BSMR.US,D,20220826,000000,23.6783,23.6983,23.6438,23.6567,13922.479083863,0
BSMR.US,D,20220829,000000,23.7182,23.7182,23.5885,23.5885,16117.338176735,0
BSMR.US,D,20220830,000000,23.5186,23.5885,23.5186,23.5685,14525.5394097,0
BSMR.US,D,20220831,000000,23.5585,23.5875,23.5585,23.5585,3540.2245706124,0
BSMR.US,D,20220901,000000,23.509,23.513,23.4587,23.4886,20252.608982476,0
BSMR.US,D,20220902,000000,23.5485,23.5585,23.4687,23.5385,8575.077058416,0
BSMR.US,D,20220906,000000,23.4885,23.4885,23.4387,23.4687,5491.6556582052,0
BSMR.US,D,20220907,000000,23.4587,23.4838,23.4587,23.4786,2640.6428885496,0
BSMR.US,D,20220908,000000,23.4487,23.4687,23.4487,23.4533,1143.0096873426,0
BSMR.US,D,20220909,000000,23.4487,23.4986,23.4487,23.4587,7465.1254952472,0
BSMR.US,D,20220912,000000,23.5086,23.5585,23.4728,23.4728,15816.809775155,0
BSMR.US,D,20220913,000000,23.4138,23.4387,23.4088,23.4088,2622.6111844548,0
BSMR.US,D,20220914,000000,23.4188,23.4387,23.3731,23.3788,7795.7067369852,0
BSMR.US,D,20220915,000000,23.3738,23.3738,23.3289,23.3452,4911.6358431558,0
BSMR.US,D,20220916,000000,23.3489,23.4088,23.3489,23.3545,29109.180977039,0
BSMR.US,D,20220919,000000,23.2491,23.3189,23.2491,23.279,34133.014090118,0
BSMR.US,D,20220920,000000,23.2291,23.259,23.1991,23.2091,13413.584323854,0
BSMR.US,D,20220921,000000,23.1892,23.1892,23.0793,23.1492,10727.862175067,0
BSMR.US,D,20220922,000000,23.0993,23.1093,23.0494,23.0544,3360.909291003,0
BSMR.US,D,20220923,000000,22.9695,23.0195,22.9596,22.9596,18465.466754414,0
BSMR.US,D,20220926,000000,22.92,22.9296,22.8098,22.8345,26402.421840142,0
BSMR.US,D,20220927,000000,22.7712,22.7712,22.7399,22.7399,6741.853808778,0
BSMR.US,D,20220928,000000,22.7819,22.7998,22.7778,22.7899,4209.4011447972,0
BSMR.US,D,20220929,000000,22.7449,22.7799,22.72,22.72,3527.2016732106,0
BSMR.US,D,20220930,000000,22.7699,22.7949,22.71,22.7599,15511.272566882,0
BSMR.US,D,20221003,000000,22.8068,22.8897,22.8068,22.8348,15603.434610034,0
BSMR.US,D,20221004,000000,22.953,22.953,22.9297,22.9346,7821.7525317888,0
BSMR.US,D,20221005,000000,22.9087,22.9201,22.9047,22.9146,3451.067811477,0
BSMR.US,D,20221006,000000,22.9396,22.9596,22.9106,22.9246,13672.038749213,0
BSMR.US,D,20221007,000000,22.9296,22.9695,22.8697,22.9047,12060.204755405,0
BSMR.US,D,20221010,000000,22.9595,22.9795,22.9096,22.9426,30789.134741871,0
BSMR.US,D,20221011,000000,22.9096,22.9695,22.8897,22.9646,6295.0682517624,0
BSMR.US,D,20221012,000000,22.9795,22.9795,22.9795,22.9795,1264.2228093132,0
BSMR.US,D,20221013,000000,22.8897,22.9196,22.8637,22.8947,8808.4874503098,0
BSMR.US,D,20221014,000000,22.9346,22.9396,22.8697,22.8947,19073.535886944,0
BSMR.US,D,20221017,000000,22.9596,22.9995,22.8697,22.9146,25955.636283126,0
BSMR.US,D,20221018,000000,22.9596,22.9596,22.9246,22.9296,38372.468075073,0
BSMR.US,D,20221019,000000,22.9096,23.0095,22.8842,22.9033,286315.41170794,0
BSMR.US,D,20221020,000000,22.8897,22.9496,22.8597,22.8597,26296.23513825,0
BSMR.US,D,20221021,000000,22.7779,22.7779,22.71,22.71,4095.2003521968,0
BSMR.US,D,20221024,000000,22.68,22.725,22.635,22.635,4776,0
BSMR.US,D,20221025,000000,22.6677,22.68,22.62,22.6256,25417,0
BSMR.US,D,20221026,000000,22.65,22.67,22.6,22.6353,35035,0
BSMR.US,D,20221027,000000,22.67,22.67,22.6003,22.63,25719,0
BSMR.US,D,20221028,000000,22.61,22.71,22.6,22.6258,28308,0
BSMR.US,D,20221031,000000,22.63,22.65,22.59,22.64,11357,0
BSMR.US,D,20221101,000000,22.7039,22.71,22.6204,22.7,68403,0
BSMR.US,D,20221102,000000,22.689,22.77,22.689,22.745,26556,0
BSMR.US,D,20221103,000000,22.66,22.73,22.6599,22.69,47567,0
BSMR.US,D,20221104,000000,22.73,22.74,22.6776,22.7017,40468,0
BSMR.US,D,20221107,000000,22.73,22.8,22.6844,22.6871,74677,0
BSMR.US,D,20221108,000000,22.75,22.78,22.71,22.725,53018,0
BSMR.US,D,20221109,000000,22.79,22.81,22.765,22.77,6742,0
BSMR.US,D,20221110,000000,23.008,23.09,23.008,23.0388,20937,0
BSMR.US,D,20221111,000000,23.06,23.1067,23.06,23.0604,16582,0
BSMR.US,D,20221114,000000,23.066,23.0895,23.0193,23.0299,13081,0
BSMR.US,D,20221115,000000,23.09,23.17,23.08,23.11,18869,0
BSMR.US,D,20221116,000000,23.2,23.23,23.13,23.21,18970,0
BSMR.US,D,20221117,000000,23.2,23.32,23.2,23.25,23845,0
BSMR.US,D,20221118,000000,23.31,23.33,23.22,23.26,38345,0
BSMR.US,D,20221121,000000,23.2574,23.26,23.24,23.26,370054,0
BSMR.US,D,20221122,000000,23.26,23.33,23.24,23.33,36210,0
BSMR.US,D,20221123,000000,23.38,23.41,23.3452,23.365,8447,0
BSMR.US,D,20221125,000000,23.38,23.42,23.38,23.42,719,0
BSMR.US,D,20221128,000000,23.41,23.42,23.32,23.39,18639,0
BSMR.US,D,20221129,000000,23.41,23.54,23.37,23.485,52994,0
BSMR.US,D,20221130,000000,23.46,23.57,23.428,23.54,48265,0
BSMR.US,D,20221201,000000,23.56,23.61,23.5319,23.59,99247,0
BSMR.US,D,20221202,000000,23.55,23.57,23.55,23.56,13007,0
BSMR.US,D,20221205,000000,23.57,23.59,23.53,23.5553,23067,0
BSMR.US,D,20221206,000000,23.63,23.63,23.5847,23.62,56960,0
BSMR.US,D,20221207,000000,23.595,23.68,23.595,23.62,30838,0
BSMR.US,D,20221208,000000,23.65,23.65,23.6249,23.65,10478,0
BSMR.US,D,20221209,000000,23.64,23.64,23.6157,23.635,5723,0
BSMR.US,D,20221212,000000,23.6209,23.65,23.595,23.6206,64194,0
BSMR.US,D,20221213,000000,23.73,23.76,23.66,23.6765,37098,0
BSMR.US,D,20221214,000000,23.71,23.71,23.615,23.6555,21354,0
BSMR.US,D,20221215,000000,23.675,23.7,23.62,23.68,25692,0
BSMR.US,D,20221216,000000,23.6201,23.68,23.62,23.66,42143,0
BSMR.US,D,20221219,000000,23.6,23.65,23.59,23.6007,29121,0
BSMR.US,D,20221220,000000,23.6,23.6,23.5694,23.5753,32975,0
BSMR.US,D,20221221,000000,23.49,23.58,23.49,23.54,191126,0
BSMR.US,D,20221222,000000,23.6,23.6,23.54,23.5534,36035,0
BSMR.US,D,20221223,000000,23.59,23.601,23.527,23.565,40835,0
BSMR.US,D,20221227,000000,23.5137,23.55,23.46,23.46,34341,0
BSMR.US,D,20221228,000000,23.5,23.58,23.5,23.525,34801,0
BSMR.US,D,20221229,000000,23.55,23.55,23.5,23.53,39738,0
BSMR.US,D,20221230,000000,23.51,23.54,23.5,23.5196,25076,0
BSMR.US,D,20230103,000000,23.57,23.6,23.54,23.555,25020,0
BSMR.US,D,20230104,000000,23.64,23.65,23.6093,23.635,17919,0
BSMR.US,D,20230105,000000,23.63,23.68,23.6022,23.645,27730,0
BSMR.US,D,20230106,000000,23.67,23.73,23.67,23.7239,7355,0
BSMR.US,D,20230109,000000,23.77,23.8,23.769,23.79,20554,0
BSMR.US,D,20230110,000000,23.7592,23.81,23.755,23.7997,8399,0
BSMR.US,D,20230111,000000,23.82,23.85,23.7874,23.84,11806,0
BSMR.US,D,20230112,000000,23.92,23.92,23.86,23.905,9555,0
BSMR.US,D,20230113,000000,23.91,23.94,23.885,23.8899,26019,0
BSMR.US,D,20230117,000000,23.935,24.15,23.915,23.9511,95949,0
BSMR.US,D,20230118,000000,24.07,24.17,23.99,24.01,139059,0
BSMR.US,D,20230119,000000,24.015,24.11,24.01,24.025,55270,0
BSMR.US,D,20230120,000000,24.03,24.04,24.0101,24.02,6957,0
BSMR.US,D,20230123,000000,23.97,23.999,23.9462,23.965,34964,0
BSMR.US,D,20230124,000000,23.96,24,23.93,23.96,26652,0
BSMR.US,D,20230125,000000,23.99,24,23.9651,23.9651,15307,0
BSMR.US,D,20230126,000000,23.94,24.03,23.94,23.99,19480,0
BSMR.US,D,20230127,000000,23.96,23.97,23.93,23.95,3081,0
BSMR.US,D,20230130,000000,23.97,23.98,23.93,23.96,13608,0
BSMR.US,D,20230131,000000,23.9827,23.99,23.9827,23.99,1603,0
BSMR.US,D,20230201,000000,24.05,24.1,24,24.09,17898,0
BSMR.US,D,20230202,000000,24.09,24.11,24.0801,24.0954,8365,0
BSMR.US,D,20230203,000000,24.02,24.03,23.95,24.025,31260,0
BSMR.US,D,20230206,000000,23.98,23.98,23.9501,23.965,18505,0
BSMR.US,D,20230207,000000,23.92,23.97,23.9,23.93,18534,0
BSMR.US,D,20230208,000000,23.95,23.961,23.91,23.94,16750,0
BSMR.US,D,20230209,000000,23.95,23.95,23.88,23.915,16844,0
BSMR.US,D,20230210,000000,23.905,23.92,23.8901,23.895,2324,0
BSMR.US,D,20230213,000000,23.93,23.93,23.89,23.93,10940,0
BSMR.US,D,20230214,000000,23.87,23.88,23.85,23.85,9526,0
BSMR.US,D,20230215,000000,23.87,23.87,23.77,23.795,19158,0
BSMR.US,D,20230216,000000,23.74,23.74,23.68,23.68,11488,0
BSMR.US,D,20230217,000000,23.5901,23.65,23.59,23.635,3490,0
BSMR.US,D,20230221,000000,23.5017,23.51,23.49,23.49,4584,0
BSMR.US,D,20230222,000000,23.509,23.51,23.4614,23.48,7831,0
BSMR.US,D,20230223,000000,23.495,23.53,23.49,23.495,21422,0
BSMR.US,D,20230224,000000,23.46,23.46,23.42,23.435,7357,0
BSMR.US,D,20230227,000000,23.47,23.5,23.448,23.475,34787,0
BSMR.US,D,20230228,000000,23.4843,23.4976,23.46,23.495,14410,0
BSMR.US,D,20230301,000000,23.4465,23.45,23.36,23.4332,19243,0
BSMR.US,D,20230302,000000,23.409,23.44,23.381,23.42,29324,0
BSMR.US,D,20230303,000000,23.46,23.46,23.3854,23.4354,20414,0
BSMR.US,D,20230306,000000,23.4596,23.48,23.4453,23.46,8821,0
BSMR.US,D,20230307,000000,23.48,23.48,23.4462,23.46,4236,0
BSMR.US,D,20230308,000000,23.455,23.49,23.455,23.465,14164,0
BSMR.US,D,20230309,000000,23.5,23.52,23.5,23.52,3272,0
BSMR.US,D,20230310,000000,23.58,23.65,23.5779,23.585,9653,0
BSMR.US,D,20230313,000000,23.73,23.76,23.59,23.7,43660,0
BSMR.US,D,20230314,000000,23.7,23.7,23.58,23.6409,8669,0
BSMR.US,D,20230315,000000,23.799,23.81,23.76,23.7647,11906,0
BSMR.US,D,20230316,000000,23.779,23.78,23.7,23.725,33518,0
BSMR.US,D,20230317,000000,23.78,23.81,23.77,23.8038,21178,0
BSMR.US,D,20230320,000000,23.69,23.71,23.66,23.6653,8930,0
BSMR.US,D,20230321,000000,23.73,23.73,23.62,23.6397,13129,0
BSMR.US,D,20230322,000000,23.7,23.78,23.666,23.7544,17669,0
BSMR.US,D,20230323,000000,23.78,23.78,23.74,23.77,18745,0
BSMR.US,D,20230324,000000,23.82,23.97,23.7656,23.7911,12937,0
BSMR.US,D,20230327,000000,23.83,23.83,23.71,23.78,26637,0
BSMR.US,D,20230328,000000,23.75,23.82,23.75,23.81,7205,0
BSMR.US,D,20230329,000000,23.75,23.8183,23.72,23.76,20902,0
BSMR.US,D,20230330,000000,23.8187,23.86,23.8187,23.85,12776,0
BSMR.US,D,20230331,000000,23.84,23.88,23.821,23.87,29412,0
BSMR.US,D,20230403,000000,23.8545,23.92,23.8545,23.895,14691,0
BSMR.US,D,20230404,000000,23.875,23.95,23.875,23.93,18966,0
BSMR.US,D,20230405,000000,23.98,24.01,23.96,23.97,8178,0
BSMR.US,D,20230406,000000,24.04,24.04,23.967,24.01,13250,0
BSMR.US,D,20230410,000000,24.01,24.01,23.92,23.97,220736,0
BSMR.US,D,20230411,000000,24.04,24.04,23.9799,24.04,21597,0
BSMR.US,D,20230412,000000,24.08,24.08,24.04,24.055,20023,0
BSMR.US,D,20230413,000000,24.073,24.073,23.94,23.97,224327,0
BSMR.US,D,20230414,000000,23.95,24.03,23.925,23.9302,12862,0
BSMR.US,D,20230417,000000,23.9199,23.9399,23.87,23.8999,8084,0
BSMR.US,D,20230418,000000,23.89,23.89,23.8113,23.83,16715,0
BSMR.US,D,20230419,000000,23.8,23.8,23.7301,23.745,8546,0
BSMR.US,D,20230420,000000,23.7486,23.8,23.7486,23.755,17807,0
BSMR.US,D,20230421,000000,23.82,23.82,23.701,23.735,16649,0
BSMR.US,D,20230424,000000,23.7285,23.74,23.7055,23.725,8731,0
BSMR.US,D,20230425,000000,23.76,23.7799,23.69,23.765,27076,0
BSMR.US,D,20230426,000000,23.76,23.76,23.72,23.76,24446,0
BSMR.US,D,20230427,000000,23.75,23.75,23.7,23.705,25454,0
BSMR.US,D,20230428,000000,23.75,23.75,23.72,23.74,5164,0
BSMR.US,D,20230501,000000,23.76,23.76,23.71,23.71,8557,0
BSMR.US,D,20230502,000000,23.71,23.77,23.71,23.77,20206,0
BSMR.US,D,20230503,000000,23.7501,23.787,23.74,23.75,41385,0
BSMR.US,D,20230504,000000,23.75,23.8,23.75,23.8,24121,0
BSMR.US,D,20230505,000000,23.7801,23.81,23.76,23.795,12470,0
BSMR.US,D,20230508,000000,23.78,23.8,23.7601,23.775,2745,0
BSMR.US,D,20230509,000000,23.79,23.8,23.77,23.78,9342,0
BSMR.US,D,20230510,000000,23.74,23.81,23.74,23.78,41306,0
BSMR.US,D,20230511,000000,23.77,23.81,23.77,23.79,14334,0
BSMR.US,D,20230512,000000,23.79,23.79,23.75,23.765,5271,0
BSMR.US,D,20230515,000000,23.8,23.8,23.7401,23.79,15221,0
BSMR.US,D,20230516,000000,23.7201,23.77,23.72,23.72,23699,0
BSMR.US,D,20230517,000000,23.7264,23.74,23.69,23.69,6824,0
BSMR.US,D,20230518,000000,23.65,23.65,23.58,23.595,14437,0
BSMR.US,D,20230519,000000,23.569,23.57,23.51,23.5254,15480,0
BSMR.US,D,20230522,000000,23.42,23.47,23.42,23.435,7250,0
BSMR.US,D,20230523,000000,23.421,23.421,23.3801,23.4,9725,0
BSMR.US,D,20230524,000000,23.39,23.39,23.31,23.3191,22145,0
BSMR.US,D,20230525,000000,23.35,23.39,23.34,23.39,12079,0
BSMR.US,D,20230526,000000,23.41,23.419,23.37,23.39,11408,0
BSMR.US,D,20230530,000000,23.43,23.48,23.4299,23.46,4894,0
BSMR.US,D,20230531,000000,23.505,23.515,23.4904,23.515,53838,0
BSMR.US,D,20230601,000000,23.59,23.59,23.5421,23.555,6557,0
BSMR.US,D,20230602,000000,23.52,23.53,23.4857,23.4857,5644,0
BSMR.US,D,20230605,000000,23.51,23.56,23.51,23.53,9807,0
BSMR.US,D,20230606,000000,23.5894,23.618,23.56,23.56,9420,0
BSMR.US,D,20230607,000000,23.58,23.58,23.5333,23.535,16107,0
BSMR.US,D,20230608,000000,23.55,23.59,23.54,23.5705,67801,0
BSMR.US,D,20230609,000000,23.57,23.57,23.53,23.5441,19615,0
BSMR.US,D,20230612,000000,23.63,23.63,23.5501,23.575,11529,0
BSMR.US,D,20230613,000000,23.575,23.6,23.565,23.565,5308,0
BSMR.US,D,20230614,000000,23.5703,23.59,23.5374,23.5803,5434,0
BSMR.US,D,20230615,000000,23.63,23.725,23.6,23.6341,38719,0
BSMR.US,D,20230616,000000,23.67,23.6839,23.6133,23.6347,14760,0
BSMR.US,D,20230620,000000,23.59,23.7,23.58,23.62,32825,0
BSMR.US,D,20230621,000000,23.63,23.63,23.56,23.62,30612,0
BSMR.US,D,20230622,000000,23.56,23.58,23.54,23.54,6756,0
BSMR.US,D,20230623,000000,23.68,23.68,23.59,23.61,5047,0
BSMR.US,D,20230626,000000,23.61,23.61,23.48,23.59,19931,0
BSMR.US,D,20230627,000000,23.63,23.63,23.51,23.5905,15064,0
BSMR.US,D,20230628,000000,23.63,23.64,23.6007,23.64,19881,0
BSMR.US,D,20230629,000000,23.5775,23.59,23.52,23.54,31958,0
BSMR.US,D,20230630,000000,23.595,23.61,23.57,23.6,9074,0
BSMR.US,D,20230703,000000,23.53,23.62,23.53,23.55,9596,0
BSMR.US,D,20230705,000000,23.5999,23.6,23.54,23.59,5466,0
BSMR.US,D,20230706,000000,23.51,23.57,23.49,23.54,10730,0
BSMR.US,D,20230707,000000,23.57,23.63,23.5001,23.5358,121975,0
BSMR.US,D,20230710,000000,23.58,23.61,23.525,23.5594,28323,0
BSMR.US,D,20230711,000000,23.525,23.55,23.52,23.52,5191,0
BSMR.US,D,20230712,000000,23.61,23.6138,23.57,23.59,3296,0
BSMR.US,D,20230713,000000,23.61,23.67,23.55,23.67,25738,0
BSMR.US,D,20230714,000000,23.615,23.63,23.61,23.61,4952,0
BSMR.US,D,20230717,000000,23.6,23.7,23.6,23.635,9051,0
BSMR.US,D,20230718,000000,23.63,23.67,23.62,23.6434,7064,0
BSMR.US,D,20230719,000000,23.6505,23.71,23.6505,23.69,7271,0
BSMR.US,D,20230720,000000,23.68,23.6901,23.66,23.6901,7055,0
BSMR.US,D,20230721,000000,23.6765,23.71,23.6765,23.68,5594,0
BSMR.US,D,20230724,000000,23.6401,23.66,23.635,23.635,5355,0
BSMR.US,D,20230725,000000,23.64,23.7,23.61,23.62,23349,0
BSMR.US,D,20230726,000000,23.61,23.69,23.61,23.664,19453,0
BSMR.US,D,20230727,000000,23.67,23.67,23.62,23.625,5110,0
BSMR.US,D,20230728,000000,23.66,23.66,23.614,23.625,5029,0
BSMR.US,D,20230731,000000,23.5897,23.5897,23.53,23.53,3466,0
BSMR.US,D,20230801,000000,23.59,23.59,23.5104,23.5225,5130,0
BSMR.US,D,20230802,000000,23.46,23.528,23.46,23.47,8381,0
BSMR.US,D,20230803,000000,23.42,23.42,23.35,23.35,5690,0
BSMR.US,D,20230804,000000,23.41,23.4399,23.37,23.4283,11316,0
BSMR.US,D,20230807,000000,23.44,23.455,23.4159,23.4159,10100,0
BSMR.US,D,20230808,000000,23.45,23.46,23.4,23.419,11840,0
BSMR.US,D,20230809,000000,23.47,23.52,23.37,23.44,43742,0
BSMR.US,D,20230810,000000,23.45,23.48,23.42,23.4482,4808,0
BSMR.US,D,20230811,000000,23.441,23.48,23.41,23.4335,9236,0
BSMR.US,D,20230814,000000,23.46,23.51,23.46,23.51,8326,0
BSMR.US,D,20230815,000000,23.5,23.5291,23.47,23.485,15618,0
BSMR.US,D,20230816,000000,23.52,23.52,23.45,23.455,15561,0
BSMR.US,D,20230817,000000,23.5,23.5,23.42,23.42,91232,0
BSMR.US,D,20230818,000000,23.42,23.45,23.38,23.4059,19381,0
BSMR.US,D,20230821,000000,23.315,23.33,23.29,23.32,22029,0
BSMR.US,D,20230822,000000,23.29,23.33,23.28,23.2856,11537,0
BSMR.US,D,20230823,000000,23.35,23.35,23.33,23.3393,4396,0
BSMR.US,D,20230824,000000,23.34,23.35,23.28,23.3109,24259,0
BSMR.US,D,20230825,000000,23.31,23.32,23.26,23.32,22320,0
BSMR.US,D,20230828,000000,23.295,23.325,23.295,23.325,4320,0
BSMR.US,D,20230829,000000,23.34,23.36,23.34,23.3548,15553,0
BSMR.US,D,20230830,000000,23.34,23.37,23.32,23.335,18796,0
BSMR.US,D,20230831,000000,23.34,23.38,23.31,23.34,34861,0
BSMR.US,D,20230901,000000,23.4,23.4,23.3415,23.3415,4435,0
BSMR.US,D,20230905,000000,23.3225,23.35,23.31,23.31,20251,0
BSMR.US,D,20230906,000000,23.27,23.33,23.23,23.26,23683,0
BSMR.US,D,20230907,000000,23.33,23.33,23.25,23.3,14753,0
BSMR.US,D,20230908,000000,23.28,23.33,23.278,23.29,7301,0
BSMR.US,D,20230911,000000,23.27,23.32,23.27,23.32,8794,0
BSMR.US,D,20230912,000000,23.32,23.32,23.29,23.295,7437,0
BSMR.US,D,20230913,000000,23.29,23.34,23.29,23.29,21419,0
BSMR.US,D,20230914,000000,23.29,23.3,23.29,23.295,4048,0
BSMR.US,D,20230915,000000,23.29,23.29,23.25,23.2635,14454,0
BSMR.US,D,20230918,000000,23.26,23.26,23.22,23.25,13870,0
BSMR.US,D,20230919,000000,23.25,23.26,23.23,23.2396,9617,0
BSMR.US,D,20230920,000000,23.21,23.25,23.19,23.19,6401,0
BSMR.US,D,20230921,000000,23.1,23.15,23.07,23.12,34135,0
BSMR.US,D,20230922,000000,23.16,23.16,23.08,23.08,13116,0
BSMR.US,D,20230925,000000,23.09,23.09,22.97,22.98,22121,0
BSMR.US,D,20230926,000000,22.96,22.99,22.943,22.98,28187,0
BSMR.US,D,20230927,000000,22.9888,22.9888,22.93,22.935,10333,0
BSMR.US,D,20230928,000000,22.94,22.94,22.855,22.8659,13451,0
BSMR.US,D,20230929,000000,22.901,22.91,22.88,22.8854,16900,0
BSMR.US,D,20231002,000000,22.91,22.91,22.81,22.82,32570,0
BSMR.US,D,20231003,000000,22.8,22.81,22.76,22.77,20188,0
BSMR.US,D,20231004,000000,22.7714,22.81,22.76,22.81,17131,0
BSMR.US,D,20231005,000000,22.82,22.84,22.8,22.82,16219,0
BSMR.US,D,20231006,000000,22.75,22.78,22.71,22.76,34112,0
BSMR.US,D,20231009,000000,22.77,22.87,22.77,22.8267,7008,0
BSMR.US,D,20231010,000000,22.8098,22.88,22.8098,22.88,15497,0
BSMR.US,D,20231011,000000,22.9675,22.99,22.95,22.99,19381,0
BSMR.US,D,20231012,000000,22.98,22.99,22.9342,22.9491,10411,0
BSMR.US,D,20231013,000000,23.01,23.03,22.98,22.9963,15767,0
BSMR.US,D,20231016,000000,22.96,22.96,22.91,22.95,10778,0
BSMR.US,D,20231017,000000,22.8807,22.9005,22.82,22.87,12667,0
BSMR.US,D,20231018,000000,22.8216,22.89,22.8,22.82,16995,0
BSMR.US,D,20231019,000000,22.83,22.83,22.7608,22.77,6640,0
BSMR.US,D,20231020,000000,22.79,22.79,22.7545,22.765,10481,0
BSMR.US,D,20231023,000000,22.83,22.83,22.7,22.73,147737,0
BSMR.US,D,20231024,000000,22.74,22.74,22.7054,22.72,9657,0
BSMR.US,D,20231025,000000,22.74,22.74,22.6505,22.68,18230,0
BSMR.US,D,20231026,000000,22.705,22.715,22.63,22.68,36215,0
BSMR.US,D,20231027,000000,22.71,22.729,22.65,22.69,38883,0
BSMR.US,D,20231030,000000,22.68,22.7,22.65,22.68,18852,0
BSMR.US,D,20231031,000000,22.69,22.89,22.63,22.7,78713,0
BSMR.US,D,20231101,000000,22.73,22.76,22.65,22.68,153200,0
BSMR.US,D,20231102,000000,22.8,22.85,22.73,22.85,19330,0
BSMR.US,D,20231103,000000,23.04,23.04,22.9447,22.97,73396,0
BSMR.US,D,20231106,000000,22.9499,22.9699,22.9,22.94,67751,0
BSMR.US,D,20231107,000000,22.9986,23.0699,22.9986,23.06,23477,0
BSMR.US,D,20231108,000000,23.1,23.14,23.072,23.14,22389,0
BSMR.US,D,20231109,000000,23.08,23.11,23.03,23.04,16550,0
BSMR.US,D,20231110,000000,23.15,23.17,23.11,23.15,30020,0
BSMR.US,D,20231113,000000,23.16,23.16,23.081,23.16,16827,0
BSMR.US,D,20231114,000000,23.3,23.38,23.251,23.28,41572,0
BSMR.US,D,20231115,000000,23.19,23.25,23.19,23.205,39043,0
BSMR.US,D,20231116,000000,23.31,23.38,23.28,23.295,20927,0
BSMR.US,D,20231117,000000,23.31,23.32,23.26,23.3,21854,0
BSMR.US,D,20231120,000000,23.28,23.33,23.26,23.32,27134,0
BSMR.US,D,20231121,000000,23.32,23.32,23.275,23.2756,43623,0
BSMR.US,D,20231122,000000,23.3496,23.3779,23.3199,23.3635,11294,0
BSMR.US,D,20231124,000000,23.36,23.36,23.319,23.355,10458,0
BSMR.US,D,20231127,000000,23.3303,23.41,23.3303,23.39,30983,0
BSMR.US,D,20231128,000000,23.36,23.45,23.36,23.4095,12767,0
BSMR.US,D,20231129,000000,23.5,23.55,23.48,23.54,12625,0
BSMR.US,D,20231130,000000,23.59,23.59,23.51,23.5144,12399,0
BSMR.US,D,20231201,000000,23.58,23.62,23.545,23.62,19744,0
BSMR.US,D,20231204,000000,23.59,23.6,23.545,23.5931,66590,0
BSMR.US,D,20231205,000000,23.64,23.65,23.61,23.6209,37242,0
BSMR.US,D,20231206,000000,23.6283,23.69,23.6101,23.68,43721,0
BSMR.US,D,20231207,000000,23.69,23.7,23.6657,23.69,34771,0
BSMR.US,D,20231208,000000,23.61,23.66,23.61,23.62,26750,0
BSMR.US,D,20231211,000000,23.67,23.7,23.621,23.6854,14043,0
BSMR.US,D,20231212,000000,23.71,23.71,23.65,23.6843,50047,0
BSMR.US,D,20231213,000000,23.73,23.78,23.64,23.7554,13338,0
BSMR.US,D,20231214,000000,23.8396,23.84,23.7871,23.825,64741,0
BSMR.US,D,20231215,000000,23.835,23.86,23.82,23.8344,19400,0
BSMR.US,D,20231218,000000,23.75,23.815,23.7301,23.7846,25734,0
BSMR.US,D,20231219,000000,23.755,23.7919,23.7301,23.76,20779,0
BSMR.US,D,20231220,000000,23.88,23.88,23.765,23.8251,75832,0
BSMR.US,D,20231221,000000,23.86,23.86,23.78,23.7996,63536,0
BSMR.US,D,20231222,000000,23.86,23.86,23.81,23.83,55663,0
BSMR.US,D,20231226,000000,23.88,23.88,23.8117,23.86,168967,0
BSMR.US,D,20231227,000000,23.856,23.92,23.855,23.875,59122,0
BSMR.US,D,20231228,000000,23.89,23.89,23.83,23.8445,12226,0
BSMR.US,D,20231229,000000,23.89,23.91,23.8306,23.9029,48386,0
BSMR.US,D,20240102,000000,23.87,23.88,23.8292,23.8609,21875,0
BSMR.US,D,20240103,000000,23.8395,23.92,23.83,23.875,32004,0
BSMR.US,D,20240104,000000,23.87,23.87,23.8205,23.86,11130,0
BSMR.US,D,20240105,000000,23.86,23.88,23.8082,23.8506,17786,0
BSMR.US,D,20240108,000000,23.81,23.905,23.81,23.84,104654,0
BSMR.US,D,20240109,000000,23.88,23.92,23.86,23.875,36616,0
BSMR.US,D,20240110,000000,23.86,23.87,23.845,23.865,15294,0
BSMR.US,D,20240111,000000,23.8494,23.9,23.8201,23.86,11324,0
BSMR.US,D,20240112,000000,23.84,23.89,23.84,23.87,8684,0
BSMR.US,D,20240116,000000,23.86,23.86,23.75,23.8236,17983,0
BSMR.US,D,20240117,000000,23.77,23.8195,23.75,23.75,29000,0
BSMR.US,D,20240118,000000,23.81,23.81,23.71,23.75,103877,0
BSMR.US,D,20240119,000000,23.71,23.715,23.69,23.7054,10160,0
BSMR.US,D,20240122,000000,23.68,23.6999,23.66,23.6781,35108,0
BSMR.US,D,20240123,000000,23.65,23.67,23.63,23.6554,37735,0
BSMR.US,D,20240124,000000,23.7,23.7,23.59,23.6163,28324,0
BSMR.US,D,20240125,000000,23.675,23.71,23.66,23.7,24641,0
BSMR.US,D,20240126,000000,23.71,23.71,23.67,23.6848,16378,0
BSMR.US,D,20240129,000000,23.67,23.75,23.67,23.74,27162,0
BSMR.US,D,20240130,000000,23.75,23.78,23.7041,23.7647,35998,0
BSMR.US,D,20240131,000000,23.78,23.829,23.78,23.8,16383,0
BSMR.US,D,20240201,000000,23.8394,23.87,23.81,23.85,26946,0
BSMR.US,D,20240202,000000,23.86,23.86,23.7301,23.7848,64797,0
BSMR.US,D,20240205,000000,23.83,23.83,23.7001,23.72,71530,0
BSMR.US,D,20240206,000000,23.745,23.77,23.74,23.745,12901,0
BSMR.US,D,20240207,000000,23.76,23.77,23.72,23.7333,10102,0
BSMR.US,D,20240208,000000,23.77,23.77,23.7,23.7298,11647,0
BSMR.US,D,20240209,000000,23.76,23.77,23.7118,23.77,22347,0
BSMR.US,D,20240212,000000,23.84,23.84,23.75,23.77,21695,0
BSMR.US,D,20240213,000000,23.77,23.77,23.7,23.71,24963,0
BSMR.US,D,20240214,000000,23.73,23.775,23.72,23.76,21240,0
BSMR.US,D,20240215,000000,23.73,23.77,23.711,23.77,6118,0
BSMR.US,D,20240216,000000,23.71,23.76,23.71,23.75,16170,0
BSMR.US,D,20240220,000000,23.69,23.73,23.6881,23.73,61210,0
BSMR.US,D,20240221,000000,23.73,23.75,23.69,23.72,55641,0
BSMR.US,D,20240222,000000,23.76,23.76,23.68,23.72,49329,0
BSMR.US,D,20240223,000000,23.79,23.79,23.69,23.71,153323,0
BSMR.US,D,20240226,000000,23.78,23.78,23.63,23.66,104269,0
BSMR.US,D,20240227,000000,23.66,23.72,23.66,23.7,33913,0
BSMR.US,D,20240228,000000,23.71,23.78,23.71,23.72,17324,0
BSMR.US,D,20240229,000000,23.79,23.79,23.68,23.75,17765,0
BSMR.US,D,20240301,000000,23.7239,23.8,23.7239,23.76,24467,0
BSMR.US,D,20240304,000000,23.81,23.81,23.7107,23.72,44061,0
BSMR.US,D,20240305,000000,23.72,23.8,23.72,23.78,15849,0
BSMR.US,D,20240306,000000,23.8,23.825,23.75,23.7791,45530,0
BSMR.US,D,20240307,000000,23.7618,23.81,23.73,23.771,17874,0
BSMR.US,D,20240308,000000,23.79,23.82,23.77,23.7897,16559,0
BSMR.US,D,20240311,000000,23.85,23.85,23.7765,23.795,11070,0
BSMR.US,D,20240312,000000,23.81,23.81,23.76,23.775,15896,0
BSMR.US,D,20240313,000000,23.79,23.81,23.76,23.78,16757,0
BSMR.US,D,20240314,000000,23.85,23.85,23.73,23.7403,11569,0
BSMR.US,D,20240315,000000,23.78,23.78,23.72,23.7446,25480,0
BSMR.US,D,20240318,000000,23.6809,23.72,23.66,23.715,43836,0
BSMR.US,D,20240319,000000,23.74,23.74,23.6975,23.725,23317,0
BSMR.US,D,20240320,000000,23.68,23.73,23.67,23.7248,17308,0
BSMR.US,D,20240321,000000,23.72,23.72,23.68,23.685,37085,0
BSMR.US,D,20240322,000000,23.74,23.74,23.7092,23.7194,20230,0
BSMR.US,D,20240325,000000,23.77,23.77,23.6801,23.7,21921,0
BSMR.US,D,20240326,000000,23.72,23.72,23.64,23.685,28031,0
BSMR.US,D,20240327,000000,23.62,23.68,23.62,23.66,20279,0
BSMR.US,D,20240328,000000,23.69,23.69,23.6499,23.655,17700,0
BSMR.US,D,20240401,000000,23.67,23.67,23.62,23.625,27033,0
BSMR.US,D,20240402,000000,23.65,23.65,23.56,23.575,19101,0
BSMR.US,D,20240403,000000,23.56,23.58,23.535,23.5604,26677,0
BSMR.US,D,20240404,000000,23.555,23.61,23.5401,23.59,49489,0
BSMR.US,D,20240405,000000,23.52,23.56,23.52,23.55,17617,0
BSMR.US,D,20240408,000000,23.55,23.56,23.53,23.53,11551,0
BSMR.US,D,20240409,000000,23.59,23.6,23.55,23.5696,103038,0
BSMR.US,D,20240410,000000,23.4724,23.5,23.4597,23.4697,28043,0
BSMR.US,D,20240411,000000,23.4999,23.519,23.4502,23.475,30497,0
BSMR.US,D,20240412,000000,23.52,23.54,23.44,23.5276,28932,0
BSMR.US,D,20240415,000000,23.52,23.52,23.47,23.475,26973,0
BSMR.US,D,20240416,000000,23.51,23.51,23.4798,23.4951,8362,0
BSMR.US,D,20240417,000000,23.55,23.55,23.495,23.5398,8735,0
BSMR.US,D,20240418,000000,23.52,23.5357,23.52,23.5346,12135,0
BSMR.US,D,20240419,000000,23.55,23.55,23.52,23.55,9793,0
BSMR.US,D,20240422,000000,23.52,23.52,23.4702,23.495,14192,0
BSMR.US,D,20240423,000000,23.52,23.52,23.4801,23.505,16524,0
BSMR.US,D,20240424,000000,23.5,23.5,23.4602,23.4851,33292,0
BSMR.US,D,20240425,000000,23.425,23.45,23.41,23.45,8986,0
BSMR.US,D,20240426,000000,23.46,23.46,23.44,23.4452,12539,0
BSMR.US,D,20240429,000000,23.4627,23.475,23.45,23.46,10515,0
BSMR.US,D,20240430,000000,23.439,23.46,23.4373,23.4452,13226,0
BSMR.US,D,20240501,000000,23.5,23.5,23.45,23.485,12760,0
BSMR.US,D,20240502,000000,23.49,23.51,23.47,23.4954,23942,0
BSMR.US,D,20240503,000000,23.51,23.53,23.48,23.53,48132,0
BSMR.US,D,20240506,000000,23.5,23.549,23.5,23.52,24346,0
BSMR.US,D,20240507,000000,23.5744,23.5812,23.551,23.5659,23121,0
BSMR.US,D,20240508,000000,23.5,23.586,23.5,23.56,20997,0
BSMR.US,D,20240509,000000,23.58,23.5854,23.51,23.5811,12545,0
BSMR.US,D,20240510,000000,23.6,23.6,23.5552,23.59,347817,0
BSMR.US,D,20240513,000000,23.59,23.59,23.55,23.55,23518,0
BSMR.US,D,20240514,000000,23.5703,23.59,23.51,23.58,29321,0
BSMR.US,D,20240515,000000,23.59,23.64,23.59,23.61,32324,0
BSMR.US,D,20240516,000000,23.6087,23.61,23.57,23.59,24085,0
BSMR.US,D,20240517,000000,23.5855,23.5855,23.54,23.54,31216,0
BSMR.US,D,20240520,000000,23.48,23.4959,23.46,23.46,54589,0
BSMR.US,D,20240521,000000,23.51,23.51,23.45,23.45,24631,0
BSMR.US,D,20240522,000000,23.4247,23.4247,23.39,23.4,24171,0
BSMR.US,D,20240523,000000,23.4,23.42,23.36,23.37,33104,0
BSMR.US,D,20240524,000000,23.39,23.39,23.34,23.38,23581,0
BSMR.US,D,20240528,000000,23.36,23.39,23.35,23.35,41558,0
BSMR.US,D,20240529,000000,23.35,23.36,23.31,23.3213,39669,0
BSMR.US,D,20240530,000000,23.3013,23.34,23.3013,23.32,24917,0
BSMR.US,D,20240531,000000,23.3799,23.3799,23.33,23.33,18486,0
BSMR.US,D,20240603,000000,23.34,23.41,23.3397,23.4,71697,0
BSMR.US,D,20240604,000000,23.42,23.46,23.395,23.4285,25947,0
BSMR.US,D,20240605,000000,23.45,23.5,23.44,23.49,33890,0
BSMR.US,D,20240606,000000,23.46,23.525,23.46,23.5054,47383,0
BSMR.US,D,20240607,000000,23.46,23.47,23.42,23.45,22836,0
BSMR.US,D,20240610,000000,23.46,23.47,23.43,23.455,13816,0
BSMR.US,D,20240611,000000,23.4629,23.5,23.44,23.4854,24928,0
BSMR.US,D,20240612,000000,23.51,23.58,23.51,23.5552,59589,0
BSMR.US,D,20240613,000000,23.5401,23.6,23.5401,23.58,7012,0
BSMR.US,D,20240614,000000,23.58,23.63,23.55,23.6151,61384,0
BSMR.US,D,20240617,000000,23.59,23.59,23.5539,23.565,48167,0
BSMR.US,D,20240618,000000,23.579,23.63,23.5602,23.615,166266,0
BSMR.US,D,20240620,000000,23.555,23.59,23.53,23.57,72001,0
BSMR.US,D,20240621,000000,23.58,23.59,23.53,23.57,11583,0
BSMR.US,D,20240624,000000,23.48,23.54,23.48,23.52,60300,0
BSMR.US,D,20240625,000000,23.529,23.55,23.49,23.5,72679,0
BSMR.US,D,20240626,000000,23.56,23.56,23.48,23.5,83352,0
BSMR.US,D,20240627,000000,23.46,23.5,23.46,23.485,28397,0
BSMR.US,D,20240628,000000,23.5,23.51,23.46,23.48,38281,0
BSMR.US,D,20240701,000000,23.42,23.46,23.41,23.41,21160,0
BSMR.US,D,20240702,000000,23.43,23.5,23.43,23.45,27807,0
BSMR.US,D,20240703,000000,23.5,23.54,23.49,23.54,12109,0
BSMR.US,D,20240705,000000,23.55,23.59,23.5104,23.54,26169,0
BSMR.US,D,20240708,000000,23.55,23.57,23.53,23.57,19073,0
BSMR.US,D,20240709,000000,23.55,23.58,23.54,23.56,14881,0
BSMR.US,D,20240710,000000,23.57,23.59,23.5401,23.5739,33848,0
BSMR.US,D,20240711,000000,23.62,23.65,23.6022,23.6154,43948,0
BSMR.US,D,20240712,000000,23.63,23.648,23.62,23.6353,23371,0
BSMR.US,D,20240715,000000,23.64,23.65,23.5906,23.63,7903,0
BSMR.US,D,20240716,000000,23.63,23.67,23.6033,23.665,57280,0
BSMR.US,D,20240717,000000,23.68,23.68,23.59,23.64,212689,0
BSMR.US,D,20240718,000000,23.61,23.66,23.6,23.64,70476,0
BSMR.US,D,20240719,000000,23.62,23.655,23.62,23.635,27315,0
BSMR.US,D,20240722,000000,23.62,23.62,23.565,23.59,28303,0
BSMR.US,D,20240723,000000,23.5799,23.62,23.5795,23.605,34551,0
BSMR.US,D,20240724,000000,23.6,23.6099,23.56,23.575,42925,0
BSMR.US,D,20240725,000000,23.56,23.61,23.52,23.5262,173696,0
BSMR.US,D,20240726,000000,23.59,23.59,23.54,23.55,76911,0
BSMR.US,D,20240729,000000,23.62,23.62,23.565,23.59,45126,0
BSMR.US,D,20240730,000000,23.595,23.6,23.57,23.59,25019,0
BSMR.US,D,20240731,000000,23.61,23.64,23.59,23.64,17701,0
BSMR.US,D,20240801,000000,23.64,23.7,23.64,23.6726,46638,0
BSMR.US,D,20240802,000000,23.7399,23.8,23.739,23.76,33266,0
BSMR.US,D,20240805,000000,23.8,23.8402,23.7661,23.7661,22070,0
BSMR.US,D,20240806,000000,23.7479,23.79,23.73,23.7654,84185,0
BSMR.US,D,20240807,000000,23.7599,23.76,23.67,23.69,151035,0
BSMR.US,D,20240808,000000,23.7008,23.7008,23.6763,23.68,25092,0
BSMR.US,D,20240809,000000,23.686,23.69,23.675,23.675,53154,0
BSMR.US,D,20240812,000000,23.7,23.7,23.6744,23.6744,63517,0
BSMR.US,D,20240813,000000,23.715,23.73,23.66,23.685,181975,0
BSMR.US,D,20240814,000000,23.72,23.7336,23.65,23.675,230079,0
BSMR.US,D,20240815,000000,23.64,23.65,23.61,23.62,41055,0
BSMR.US,D,20240816,000000,23.665,23.68,23.62,23.6554,45902,0
BSMR.US,D,20240819,000000,23.61,23.63,23.59,23.6,20357,0
BSMR.US,D,20240820,000000,23.615,23.64,23.615,23.6354,39528,0
BSMR.US,D,20240821,000000,23.61,23.67,23.61,23.6397,100188,0
BSMR.US,D,20240822,000000,23.64,23.66,23.61,23.61,40677,0
BSMR.US,D,20240823,000000,23.65,23.68,23.63,23.66,36767,0
BSMR.US,D,20240826,000000,23.65,23.71,23.64,23.7,60925,0
BSMR.US,D,20240827,000000,23.67,23.71,23.655,23.68,25999,0
BSMR.US,D,20240828,000000,23.7,23.7,23.6724,23.695,53050,0
BSMR.US,D,20240829,000000,23.693,23.71,23.68,23.7,24993,0
BSMR.US,D,20240830,000000,23.71,23.71,23.68,23.68,62621,0
BSMR.US,D,20240903,000000,23.71,23.72,23.66,23.685,453774,0
BSMR.US,D,20240904,000000,23.7,23.7,23.67,23.6859,59121,0
BSMR.US,D,20240905,000000,23.689,23.72,23.67,23.71,51039,0
BSMR.US,D,20240906,000000,23.78,23.78,23.68,23.72,113405,0
BSMR.US,D,20240909,000000,23.7111,23.7229,23.68,23.6887,129124,0
BSMR.US,D,20240910,000000,23.7297,23.77,23.695,23.71,109801,0
BSMR.US,D,20240911,000000,23.72,23.72,23.66,23.685,38004,0
BSMR.US,D,20240912,000000,23.71,23.72,23.64,23.715,45535,0
BSMR.US,D,20240913,000000,23.72,23.72,23.71,23.71,63682,0
BSMR.US,D,20240916,000000,23.72,23.78,23.71,23.755,36757,0
BSMR.US,D,20240917,000000,23.76,23.8,23.74,23.7818,136468,0
BSMR.US,D,20240918,000000,23.76,23.79,23.7423,23.775,34225,0
BSMR.US,D,20240919,000000,23.74,23.76,23.7,23.71,36810,0
BSMR.US,D,20240920,000000,23.75,23.8,23.7111,23.78,15693,0
BSMR.US,D,20240923,000000,23.71,23.739,23.66,23.715,44545,0
BSMR.US,D,20240924,000000,23.7098,23.72,23.68,23.705,55321,0
BSMR.US,D,20240925,000000,23.6802,23.71,23.6802,23.71,12344,0
BSMR.US,D,20240926,000000,23.71,23.71,23.6701,23.68,25261,0
BSMR.US,D,20240927,000000,23.7,23.75,23.7,23.7254,13738,0
BSMR.US,D,20240930,000000,23.7024,23.72,23.695,23.7,35238,0
BSMR.US,D,20241001,000000,23.74,23.76,23.73,23.75,25008,0
BSMR.US,D,20241002,000000,23.75,23.78,23.73,23.75,28821,0
BSMR.US,D,20241003,000000,23.75,23.79,23.72,23.775,32556,0
BSMR.US,D,20241004,000000,23.719,23.74,23.67,23.6767,48535,0
BSMR.US,D,20241007,000000,23.64,23.71,23.64,23.6853,21383,0
BSMR.US,D,20241008,000000,23.7199,23.7277,23.68,23.705,23840,0
BSMR.US,D,20241009,000000,23.685,23.7,23.62,23.66,33453,0
BSMR.US,D,20241010,000000,23.6996,23.71,23.66,23.6754,22442,0
BSMR.US,D,20241011,000000,23.66817,23.73,23.6625,23.71,67078,0
BSMR.US,D,20241014,000000,23.64,23.6983,23.64,23.6788,14584,0
BSMR.US,D,20241015,000000,23.71,23.73,23.705,23.7196,33868,0
BSMR.US,D,20241016,000000,23.73,23.78,23.726,23.7566,47847,0
BSMR.US,D,20241017,000000,23.729,23.81,23.7225,23.7995,52047,0
BSMR.US,D,20241018,000000,23.83,23.83,23.74,23.78,128714,0
BSMR.US,D,20241021,000000,23.72,23.72,23.68,23.6809,35791,0
BSMR.US,D,20241022,000000,23.69,23.69,23.6557,23.6659,37024,0
BSMR.US,D,20241023,000000,23.6297,23.6297,23.5944,23.595,11092,0
BSMR.US,D,20241024,000000,23.59,23.64,23.5899,23.63,26146,0
BSMR.US,D,20241025,000000,23.68,23.68,23.6404,23.66,23488,0
BSMR.US,D,20241028,000000,23.66,23.66,23.6301,23.65,20291,0
BSMR.US,D,20241029,000000,23.64,23.64,23.61,23.64,20746,0
BSMR.US,D,20241030,000000,23.62,23.65,23.59,23.625,23261,0
BSMR.US,D,20241031,000000,23.623,23.6696,23.61,23.64,37301,0
BSMR.US,D,20241101,000000,23.6465,23.69,23.57,23.61,281819,0
BSMR.US,D,20241104,000000,23.64,23.7,23.64,23.69,39786,0
