<TICKER>,<PER>,<DATE>,<TIME>,<OPEN>,<HIGH>,<LOW>,<CLOSE>,<VOL>,<OPENINT>
BSMS.US,D,20190926,000000,24.2519,24.2519,24.2519,24.2519,349.33520631329,0
BSMS.US,D,20191028,000000,24.0965,24.1065,24.0965,24.0965,3184.1703288096,0
BSMS.US,D,20191030,000000,24.1264,24.1364,24.1264,24.1364,3490.3405527336,0
BSMS.US,D,20191031,000000,24.2311,24.242,24.2311,24.2321,2579.8605753596,0
BSMS.US,D,20191105,000000,24.1264,24.1264,24.1264,24.1264,2226.5100218473,0
BSMS.US,D,20191106,000000,24.1264,24.1364,24.1264,24.1364,17545.059586044,0
BSMS.US,D,20191108,000000,23.989,23.989,23.989,23.989,104.39902717408,0
BSMS.US,D,20191112,000000,23.998,23.998,23.998,23.998,8248.5269835525,0
BSMS.US,D,20191113,000000,24.0277,24.0965,24.0277,24.0277,46100.201191756,0
BSMS.US,D,20191118,000000,24.0936,24.0936,24.0926,24.0926,177.6791135559,0
BSMS.US,D,20191119,000000,24.0995,24.1065,24.0995,24.1065,578.20999665647,0
BSMS.US,D,20191120,000000,24.1842,24.1842,24.1802,24.1802,1654.3230459894,0
BSMS.US,D,20191121,000000,24.1564,24.1613,24.1564,24.1613,3707.1693014798,0
BSMS.US,D,20191125,000000,24.2041,24.2041,24.1892,24.1892,565.16011825971,0
BSMS.US,D,20191126,000000,24.2091,24.242,24.2091,24.2191,4471.0891060902,0
BSMS.US,D,20191203,000000,24.2231,24.3117,24.2231,24.2868,24998.547824195,0
BSMS.US,D,20191206,000000,24.2519,24.2519,24.2321,24.2321,1042.9864349411,0
BSMS.US,D,20191209,000000,24.2778,24.2778,24.2669,24.2669,100.38367997508,0
BSMS.US,D,20191210,000000,24.2619,24.2619,24.2619,24.2619,121.46425276985,0
BSMS.US,D,20191212,000000,24.3117,24.3117,24.2669,24.2669,46362.202596491,0
BSMS.US,D,20191217,000000,24.3018,24.3207,24.3018,24.3018,22128.578413707,0
BSMS.US,D,20191219,000000,24.2918,24.3207,24.2918,24.3018,970.71018535904,0
BSMS.US,D,20191220,000000,24.2569,24.2818,24.251,24.2669,1557.9547132133,0
BSMS.US,D,20191223,000000,24.2719,24.2818,24.2599,24.2669,8376.0142571208,0
BSMS.US,D,20191224,000000,24.2818,24.3018,24.2818,24.2868,3366.8686263643,0
BSMS.US,D,20191230,000000,24.3117,24.3117,24.3117,24.3117,1646.2923515913,0
BSMS.US,D,20200102,000000,24.3306,24.3406,24.3257,24.3257,8978.3163369713,0
BSMS.US,D,20200103,000000,24.4372,24.4472,24.4372,24.4472,10075.5099591,0
BSMS.US,D,20200106,000000,24.4502,24.4771,24.4502,24.4671,1022.9096989461,0
BSMS.US,D,20200108,000000,24.5189,24.5189,24.514,24.514,225.86327994393,0
BSMS.US,D,20200110,000000,24.515,24.5289,24.515,24.5289,1239.7384476923,0
BSMS.US,D,20200113,000000,24.5638,24.5638,24.496,24.515,1250.7806524895,0
BSMS.US,D,20200114,000000,24.5737,24.5737,24.5588,24.5588,329.25847031826,0
BSMS.US,D,20200116,000000,24.6524,24.6624,24.6395,24.6425,2237.5522266446,0
BSMS.US,D,20200131,000000,24.9035,24.9035,24.9035,24.9035,152.58319356213,0
BSMS.US,D,20200204,000000,24.8447,24.8447,24.8447,24.8447,2034.7771930949,0
BSMS.US,D,20200205,000000,24.8158,24.8158,24.8158,24.8158,188.72131835315,0
BSMS.US,D,20200206,000000,24.7779,24.7979,24.7779,24.7979,805.07711340016,0
BSMS.US,D,20200207,000000,24.8447,24.8536,24.8447,24.8536,41372.12986493,0
BSMS.US,D,20200210,000000,24.8496,24.8935,24.8496,24.8536,8045.7519500028,0
BSMS.US,D,20200211,000000,24.8766,24.8766,24.8686,24.8686,611.33661104825,0
BSMS.US,D,20200212,000000,24.8736,24.8736,24.8586,24.8586,1449.5403388402,0
BSMS.US,D,20200218,000000,24.9523,24.9523,24.9234,24.9234,2779.6240985101,0
BSMS.US,D,20200219,000000,24.9712,24.9712,24.9523,24.9523,179.6867871554,0
BSMS.US,D,20200220,000000,24.9901,24.9901,24.9901,24.9901,200.76735995016,0
BSMS.US,D,20200221,000000,25.0987,25.1216,25.0987,25.1216,5851.3647057475,0
BSMS.US,D,20200226,000000,25.3536,25.3646,25.3408,25.3408,412.57692469759,0
BSMS.US,D,20200228,000000,25.3438,25.3438,25.3359,25.3359,511.95676787292,0
BSMS.US,D,20200303,000000,25.3976,25.3976,25.3546,25.3546,385.47333110432,0
BSMS.US,D,20200311,000000,25.1774,25.1774,24.8536,24.8536,802.06560300091,0
BSMS.US,D,20200312,000000,23.7609,23.7609,23.6085,23.6085,15992.124056831,0
BSMS.US,D,20200316,000000,23.6075,23.6482,23.6075,23.6482,9834.5891271588,0
BSMS.US,D,20200317,000000,23.6562,23.6562,23.4988,23.4988,2968.3454168632,0
BSMS.US,D,20200318,000000,23.1851,23.2877,23.1851,23.2727,8753.4568938271,0
BSMS.US,D,20200319,000000,23.2139,23.2229,22.5177,22.5177,13214.50763192,0
BSMS.US,D,20200323,000000,21.6141,21.8104,21.6141,21.8104,178.68295035565,0
BSMS.US,D,20200324,000000,22.2994,22.3153,22.1421,22.1421,1076.1130493328,0
BSMS.US,D,20200325,000000,22.8065,23.4819,22.7966,23.2986,16636.58728227,0
BSMS.US,D,20200330,000000,24.6145,24.6345,24.3974,24.3974,230.88246394269,0
BSMS.US,D,20200401,000000,23.7189,23.7189,23.4271,23.4271,642.45555184053,0
BSMS.US,D,20200402,000000,23.3036,23.3036,23.3036,23.3036,1375.2564156586,0
BSMS.US,D,20200406,000000,23.3723,23.7926,23.3723,23.462,8020.6560300091,0
BSMS.US,D,20200409,000000,23.9203,24.0817,23.9203,24.0817,994.80226855306,0
BSMS.US,D,20200415,000000,24.3844,24.3844,24.3635,24.3635,408.56157749859,0
BSMS.US,D,20200416,000000,24.4871,24.497,24.3416,24.3416,635.42869424227,0
BSMS.US,D,20200420,000000,24.4372,24.4372,24.4173,24.4372,3481.3060215359,0
BSMS.US,D,20200505,000000,23.947,23.947,23.8693,23.8693,620.371142246,0
BSMS.US,D,20200506,000000,23.977,23.977,23.8693,23.8693,184.70597115416,0
BSMS.US,D,20200508,000000,24.0747,24.0747,23.982,23.982,1173.4852189087,0
BSMS.US,D,20200511,000000,24.0936,24.0936,24.0149,24.0149,254.97454713671,0
BSMS.US,D,20200512,000000,24.1334,24.1434,24.0129,24.0347,4949.9192595713,0
BSMS.US,D,20200513,000000,24.1921,24.1921,24.1921,24.1921,2681.2480921344,0
BSMS.US,D,20200518,000000,24.3974,24.3974,24.2798,24.2798,200.76735995016,0
BSMS.US,D,20200519,000000,24.4074,24.4074,24.3247,24.3247,109.41821117284,0
BSMS.US,D,20200520,000000,24.4771,24.4771,24.3974,24.3974,225.86327994393,0
BSMS.US,D,20200521,000000,24.5548,24.5548,24.4671,24.4671,107.41053757334,0
BSMS.US,D,20200522,000000,24.5847,24.6036,24.5847,24.6036,409.56541429834,0
BSMS.US,D,20200528,000000,24.7511,24.7511,24.6534,24.6534,2244.5790842429,0
BSMS.US,D,20200602,000000,24.8377,24.8377,24.7511,24.7511,394.50786230207,0
BSMS.US,D,20200605,000000,24.7889,24.7889,24.6764,24.6764,365.3965951093,0
BSMS.US,D,20200608,000000,24.8188,24.8188,24.7311,24.7311,426.6306398941,0
BSMS.US,D,20200610,000000,24.9264,24.9264,24.8506,24.8506,5027.2146931521,0
BSMS.US,D,20200611,000000,24.9752,24.9752,24.8815,24.8815,947.62193896478,0
BSMS.US,D,20200615,000000,25.024,25.024,24.9214,24.9214,201.77119674992,0
BSMS.US,D,20200617,000000,25.015,25.015,24.9114,24.9114,2244.5790842429,0
BSMS.US,D,20200619,000000,25.015,25.015,24.9612,24.9612,174.66760315664,0
BSMS.US,D,20200623,000000,25.0519,25.0519,24.9592,24.9592,887.39173097973,0
BSMS.US,D,20200624,000000,25.0618,25.0917,24.9732,24.9732,1016.8866781476,0
BSMS.US,D,20200625,000000,25.0419,25.0419,24.9543,24.9543,106.40670077358,0
BSMS.US,D,20200701,000000,25.0598,25.0598,24.9732,24.9732,873.33801578321,0
BSMS.US,D,20200702,000000,25.1117,25.1117,25.022,25.022,284.08581432948,0
BSMS.US,D,20200706,000000,25.0888,25.0917,24.9931,24.9931,2198.4025914543,0
BSMS.US,D,20200707,000000,25.1315,25.1405,25.0618,25.0618,2918.1535768756,0
BSMS.US,D,20200709,000000,25.0937,25.1315,25.0937,25.1315,1690.4611707803,0
BSMS.US,D,20200710,000000,25.2202,25.2302,25.1804,25.1804,750.86992621362,0
BSMS.US,D,20200714,000000,25.1605,25.2542,25.1605,25.2542,225.86327994393,0
BSMS.US,D,20200715,000000,25.3189,25.3478,25.2591,25.2591,1424.4444188464,0
BSMS.US,D,20200716,000000,25.3478,25.4066,25.3139,25.3139,7157.3563822234,0
BSMS.US,D,20200717,000000,25.2789,25.3339,25.2591,25.3339,5346.4347954729,0
BSMS.US,D,20200720,000000,25.4453,25.4683,25.4453,25.4633,1490.69764763,0
BSMS.US,D,20200724,000000,25.542,25.561,25.51,25.552,2159.252956264,0
BSMS.US,D,20200728,000000,25.561,25.561,25.561,25.561,408.56157749859,0
BSMS.US,D,20200729,000000,25.5809,25.5809,25.5809,25.5809,105.40286397383,0
BSMS.US,D,20200731,000000,25.4923,25.6397,25.4923,25.571,1117.2703581227,0
BSMS.US,D,20200804,000000,25.6794,25.6794,25.6207,25.6207,422.61529269509,0
BSMS.US,D,20200805,000000,25.6496,25.6496,25.6397,25.6397,191.7328287524,0
BSMS.US,D,20200810,000000,25.7781,25.7781,25.7233,25.7233,226.86711674368,0
BSMS.US,D,20200812,000000,25.7881,25.7881,25.7233,25.7233,983.76006375581,0
BSMS.US,D,20200817,000000,25.6307,25.6307,25.6307,25.6307,536.04885106694,0
BSMS.US,D,20200818,000000,25.6984,25.6984,25.6157,25.6157,374.43112630706,0
BSMS.US,D,20200820,000000,25.6596,25.6694,25.532,25.532,3284.5540087847,0
BSMS.US,D,20200821,000000,25.6207,25.6207,25.6207,25.6207,603.30591665024,0
BSMS.US,D,20200824,000000,25.6087,25.6187,25.52,25.525,1463.5940540367,0
BSMS.US,D,20200825,000000,25.55,25.569,25.535,25.535,1080.1283965319,0
BSMS.US,D,20200826,000000,25.53,25.535,25.51,25.51,814.11164459792,0
BSMS.US,D,20200827,000000,25.4803,25.4803,25.4803,25.4803,704.69343342507,0
BSMS.US,D,20200831,000000,25.4613,25.4613,25.3359,25.3786,8696.2381962413,0
BSMS.US,D,20200902,000000,25.3936,25.3936,25.3936,25.3936,106.40670077358,0
BSMS.US,D,20200903,000000,25.3736,25.3936,25.3546,25.3546,2378.0893786097,0
BSMS.US,D,20200904,000000,25.3836,25.3836,25.3309,25.3309,700.67808622607,0
BSMS.US,D,20200908,000000,25.3836,25.4235,25.3546,25.3546,4033.4162613988,0
BSMS.US,D,20200909,000000,25.3836,25.3836,25.3596,25.3596,513.96444147242,0
BSMS.US,D,20200910,000000,25.3936,25.4235,25.3936,25.3986,3209.2662488034,0
BSMS.US,D,20200911,000000,25.3836,25.3936,25.3458,25.3458,2379.0932154095,0
BSMS.US,D,20200914,000000,25.3736,25.3736,25.3309,25.3309,284.08581432948,0
BSMS.US,D,20200915,000000,25.3646,25.4433,25.3359,25.3359,19439.299627175,0
BSMS.US,D,20200916,000000,25.3736,25.4136,25.3438,25.4136,6394.4404144128,0
BSMS.US,D,20200918,000000,25.3736,25.3736,25.3458,25.3458,1420.4290716474,0
BSMS.US,D,20200923,000000,25.3626,25.3676,25.3626,25.3676,721.75865902084,0
BSMS.US,D,20200929,000000,25.3526,25.3526,25.3478,25.3478,3507.4057783294,0
BSMS.US,D,20200930,000000,25.2432,25.3129,25.2432,25.2681,404.54623029958,0
BSMS.US,D,20201001,000000,25.3129,25.3129,25.2681,25.2681,408.56157749859,0
BSMS.US,D,20201002,000000,25.2631,25.2731,25.1744,25.2192,5151.6904563212,0
BSMS.US,D,20201005,000000,25.2532,25.2532,25.1993,25.1993,4286.383134936,0
BSMS.US,D,20201006,000000,25.2242,25.2242,25.1345,25.1944,1678.4151291833,0
BSMS.US,D,20201007,000000,25.1944,25.1944,25.1944,25.1944,402.53855670008,0
BSMS.US,D,20201008,000000,25.1645,25.1645,25.1246,25.1295,1215.6463644982,0
BSMS.US,D,20201009,000000,25.1645,25.1645,25.1196,25.1196,1032.9480669436,0
BSMS.US,D,20201013,000000,25.1475,25.1475,25.1295,25.1295,1013.8751677483,0
BSMS.US,D,20201015,000000,25.2142,25.2142,25.1445,25.1445,1764.745093962,0
BSMS.US,D,20201016,000000,25.1645,25.1645,25.1645,25.1645,458.75341748613,0
BSMS.US,D,20201019,000000,25.1834,25.1834,25.1395,25.1395,1062.0593341364,0
BSMS.US,D,20201020,000000,25.1744,25.1844,25.1395,25.1395,1219.6617116973,0
BSMS.US,D,20201021,000000,25.1545,25.1645,25.1097,25.1097,3033.594808847,0
BSMS.US,D,20201022,000000,25.1545,25.1645,25.1147,25.1147,1228.696242895,0
BSMS.US,D,20201023,000000,25.1744,25.1844,25.1495,25.1495,4592.55335886,0
BSMS.US,D,20201026,000000,25.0947,25.1944,25.0947,25.1595,1333.0952700691,0
BSMS.US,D,20201102,000000,25.1545,25.1545,25.1345,25.1345,1820.959954748,0
BSMS.US,D,20201104,000000,25.3428,25.3428,25.3428,25.3428,403.54239349983,0
BSMS.US,D,20201105,000000,25.4215,25.4215,25.3866,25.3866,295.12801912674,0
BSMS.US,D,20201110,000000,25.4016,25.4413,25.3916,25.3916,3271.5041303879,0
BSMS.US,D,20201111,000000,25.4116,25.4116,25.3786,25.3816,518.98362547118,0
BSMS.US,D,20201112,000000,25.4215,25.4215,25.3866,25.3866,1816.944607549,0
BSMS.US,D,20201113,000000,25.4693,25.4693,25.4363,25.4363,198.75968635066,0
BSMS.US,D,20201117,000000,25.539,25.539,25.4893,25.4893,485.8570110794,0
BSMS.US,D,20201118,000000,25.56,25.5878,25.56,25.5878,686.62437102956,0
BSMS.US,D,20201119,000000,25.6566,25.6566,25.6566,25.6566,460.76109108563,0
BSMS.US,D,20201120,000000,25.7462,25.7661,25.7164,25.7214,4667.8411188413,0
BSMS.US,D,20201123,000000,25.7064,25.7064,25.6616,25.6616,741.83539501586,0
BSMS.US,D,20201124,000000,25.6864,25.6964,25.6417,25.6417,373.42728950731,0
BSMS.US,D,20201125,000000,25.6864,25.6964,25.6864,25.6964,208.79805434817,0
BSMS.US,D,20201127,000000,25.7263,25.7363,25.6914,25.6914,653.49775663778,0
BSMS.US,D,20201201,000000,25.7064,25.7064,25.6616,25.6616,192.73666555215,0
BSMS.US,D,20201202,000000,25.7164,25.7164,25.6764,25.6764,910.47997737399,0
BSMS.US,D,20201204,000000,25.7561,25.7561,25.6914,25.6914,430.6459870931,0
BSMS.US,D,20201207,000000,25.7561,25.7851,25.7363,25.7363,5098.4871059345,0
BSMS.US,D,20201208,000000,25.7661,25.7861,25.7661,25.7811,828.16535979443,0
BSMS.US,D,20201210,000000,25.8458,25.8498,25.8458,25.8458,1408.3830300504,0
BSMS.US,D,20201211,000000,25.7861,25.8648,25.7861,25.8259,1383.2871100566,0
BSMS.US,D,20201214,000000,25.8548,25.8648,25.8308,25.8308,1401.3561724522,0
BSMS.US,D,20201215,000000,25.8548,25.8648,25.8269,25.8269,3415.0527927523,0
BSMS.US,D,20201216,000000,25.8648,25.9046,25.816,25.8498,5434.7724338509,0
BSMS.US,D,20201217,000000,25.8947,25.8947,25.8648,25.8648,3226.3314743991,0
BSMS.US,D,20201218,000000,25.8847,25.8847,25.8408,25.8408,834.18838059293,0
BSMS.US,D,20201221,000000,25.8308,25.8538,25.8308,25.8308,5586.3517906133,0
BSMS.US,D,20201223,000000,25.8548,25.8548,25.816,25.816,3144.0168568195,0
BSMS.US,D,20201224,000000,25.8847,25.8847,25.8408,25.8408,3376.9069943618,0
BSMS.US,D,20201228,000000,25.816,25.8947,25.816,25.8548,2152.2260986658,0
BSMS.US,D,20201229,000000,25.8847,25.9046,25.8847,25.9046,5896.5373617363,0
BSMS.US,D,20201230,000000,25.8947,25.8947,25.8947,25.8947,152.58319356213,0
BSMS.US,D,20201231,000000,25.9046,25.9145,25.8747,25.8747,1379.2717628577,0
BSMS.US,D,20210104,000000,25.816,25.9145,25.816,25.9145,1427.4559292456,0
BSMS.US,D,20210105,000000,25.9445,25.9544,25.9145,25.9145,996.80994215256,0
BSMS.US,D,20210106,000000,25.9644,25.9644,25.9644,25.9644,216.82874874617,0
BSMS.US,D,20210107,000000,25.9046,25.9096,25.8648,25.8847,2469.438527387,0
BSMS.US,D,20210108,000000,25.8648,25.8847,25.8648,25.8847,644.46322544002,0
BSMS.US,D,20210111,000000,25.8638,25.8638,25.8358,25.8358,1929.374329121,0
BSMS.US,D,20210112,000000,25.8847,25.8947,25.8259,25.8259,1595.0966748041,0
BSMS.US,D,20210113,000000,25.7861,25.8837,25.7861,25.8408,3783.4608982608,0
BSMS.US,D,20210114,000000,25.8548,25.8548,25.821,25.821,221.84793274493,0
BSMS.US,D,20210115,000000,25.8688,25.8688,25.8408,25.8408,471.80329588288,0
BSMS.US,D,20210119,000000,25.8538,25.9076,25.8538,25.8977,7127.2412782308,0
BSMS.US,D,20210120,000000,25.8777,25.8977,25.8438,25.8478,5796.1536817612,0
BSMS.US,D,20210121,000000,25.9076,25.9275,25.8727,25.9175,4815.4051284046,0
BSMS.US,D,20210122,000000,25.9275,25.9275,25.8827,25.8827,527.01431986918,0
BSMS.US,D,20210125,000000,25.9225,25.9674,25.9225,25.9425,797.04641900215,0
BSMS.US,D,20210126,000000,25.9474,25.9674,25.9275,25.9574,33696.793694035,0
BSMS.US,D,20210128,000000,26.0769,26.0869,26.0421,26.0421,12636.297635262,0
BSMS.US,D,20210129,000000,26.0769,26.0958,26.067,26.0769,7531.7875085304,0
BSMS.US,D,20210201,000000,26.0769,26.0958,26.0471,26.0471,6688.5645967397,0
BSMS.US,D,20210204,000000,26.1058,26.1058,26.062,26.062,789.01572460414,0
BSMS.US,D,20210205,000000,26.1258,26.1258,26.0769,26.1158,3170.1166136131,0
BSMS.US,D,20210209,000000,26.1078,26.1108,26.1058,26.1108,1243.7537948913,0
BSMS.US,D,20210210,000000,26.1108,26.1258,26.1108,26.1258,558.13326066145,0
BSMS.US,D,20210211,000000,26.1358,26.1895,26.1318,26.1457,6668.4878607447,0
BSMS.US,D,20210212,000000,26.1955,26.2055,26.1437,26.1507,10981.974589274,0
BSMS.US,D,20210216,000000,26.1537,26.1656,26.1058,26.1258,12507.806524895,0
BSMS.US,D,20210217,000000,26.1158,26.1158,26.067,26.0869,16483.000251908,0
BSMS.US,D,20210218,000000,26.0271,26.0371,25.9674,25.9724,9230.2793737088,0
BSMS.US,D,20210219,000000,25.9674,25.9873,25.8678,25.8877,7015.8153934585,0
BSMS.US,D,20210222,000000,25.8777,25.8877,25.6694,25.6844,8183.2775915687,0
BSMS.US,D,20210223,000000,25.5907,25.5907,25.561,25.5907,20370.860177343,0
BSMS.US,D,20210224,000000,25.532,25.552,25.4923,25.5021,3309.6499287785,0
BSMS.US,D,20210225,000000,25.3736,25.4036,25.3099,25.3546,7061.991886247,0
BSMS.US,D,20210226,000000,25.3756,25.4136,25.3686,25.4136,532.03350386793,0
BSMS.US,D,20210301,000000,25.4235,25.4333,25.4136,25.4333,16925.692280598,0
BSMS.US,D,20210302,000000,25.3936,25.4433,25.3676,25.4433,5393.6151250612,0
BSMS.US,D,20210303,000000,25.3936,25.4235,25.3836,25.4235,5330.3734066768,0
BSMS.US,D,20210304,000000,25.3896,25.3896,25.3736,25.3736,761.91213101087,0
BSMS.US,D,20210305,000000,25.4433,25.4823,25.3806,25.4235,7684.3707020925,0
BSMS.US,D,20210308,000000,25.4823,25.4823,25.4096,25.4383,1566.989244411,0
BSMS.US,D,20210310,000000,25.6307,25.6397,25.6107,25.6107,2154.2337722653,0
BSMS.US,D,20210311,000000,25.6894,25.6894,25.6447,25.6447,1526.835772421,0
BSMS.US,D,20210312,000000,25.6007,25.6307,25.5809,25.5809,5527.125419428,0
BSMS.US,D,20210315,000000,25.6007,25.6596,25.6007,25.6257,2005.6659259022,0
BSMS.US,D,20210316,000000,25.6645,25.6645,25.6207,25.6207,1014.8790045481,0
BSMS.US,D,20210317,000000,25.5769,25.6496,25.522,25.6057,1808.913913151,0
BSMS.US,D,20210318,000000,25.4673,25.512,25.4673,25.512,606.3174270495,0
BSMS.US,D,20210319,000000,25.4773,25.512,25.4723,25.4723,660.52461423604,0
BSMS.US,D,20210322,000000,25.5021,25.5021,25.4573,25.4573,770.94666220863,0
BSMS.US,D,20210323,000000,25.4813,25.532,25.4523,25.4973,2545.7301241681,0
BSMS.US,D,20210324,000000,25.542,25.561,25.512,25.527,1328.0760860703,0
BSMS.US,D,20210325,000000,25.522,25.571,25.522,25.547,2045.8193978922,0
BSMS.US,D,20210326,000000,25.552,25.5907,25.522,25.522,18370.21343544,0
BSMS.US,D,20210329,000000,25.5897,25.5897,25.512,25.512,1455.5633596387,0
BSMS.US,D,20210330,000000,25.561,25.6496,25.4823,25.527,39051.259183907,0
BSMS.US,D,20210331,000000,25.561,25.571,25.552,25.552,5063.3528179432,0
BSMS.US,D,20210401,000000,25.561,25.6207,25.561,25.5759,779.98119340639,0
BSMS.US,D,20210405,000000,25.6147,25.6496,25.5809,25.5809,8381.0334411196,0
BSMS.US,D,20210406,000000,25.6307,25.6496,25.6007,25.6007,5723.8774321792,0
BSMS.US,D,20210407,000000,25.6387,25.6596,25.6157,25.6157,4054.4968341935,0
BSMS.US,D,20210408,000000,25.6744,25.7293,25.6744,25.6894,1198.5811389025,0
BSMS.US,D,20210409,000000,25.7491,25.7491,25.7491,25.7491,189.7251551529,0
BSMS.US,D,20210412,000000,25.7491,25.7491,25.7194,25.7194,747.85841581436,0
BSMS.US,D,20210413,000000,25.7363,25.7791,25.7194,25.7443,3046.6446872437,0
BSMS.US,D,20210414,000000,25.799,25.819,25.7303,25.7791,3661.996645491,0
BSMS.US,D,20210415,000000,25.9375,25.9464,25.8678,25.8977,4405.8397141064,0
BSMS.US,D,20210416,000000,25.9375,25.9375,25.8777,25.8777,6460.6936431963,0
BSMS.US,D,20210419,000000,25.8877,25.8877,25.8688,25.8727,351.34287991279,0
BSMS.US,D,20210420,000000,25.9275,25.9464,25.8877,25.8877,809.09246059916,0
BSMS.US,D,20210421,000000,25.9175,25.9175,25.8827,25.8827,879.36103658172,0
BSMS.US,D,20210422,000000,25.9474,25.9674,25.9175,25.9275,1367.2257212606,0
BSMS.US,D,20210423,000000,25.8688,25.9275,25.8688,25.9275,253.97071033696,0
BSMS.US,D,20210426,000000,25.8977,25.9574,25.8977,25.9076,1143.3701149161,0
BSMS.US,D,20210427,000000,25.9574,25.9873,25.9026,25.9026,10413.802960615,0
BSMS.US,D,20210428,000000,25.9375,25.9474,25.8288,25.8977,4916.7926451796,0
BSMS.US,D,20210503,000000,25.8877,25.8877,25.8288,25.8388,10082.536816697,0
BSMS.US,D,20210504,000000,25.8877,25.8977,25.8877,25.8877,2965.3339064639,0
BSMS.US,D,20210505,000000,25.9265,25.9275,25.8877,25.8877,3207.2585752039,0
BSMS.US,D,20210506,000000,25.9375,25.9375,25.8488,25.8927,1119.2780317222,0
BSMS.US,D,20210507,000000,25.9275,25.9275,25.9026,25.9026,453.73423348737,0
BSMS.US,D,20210511,000000,25.8877,25.9076,25.8877,25.8927,1466.6055644359,0
BSMS.US,D,20210512,000000,25.8777,25.8877,25.8438,25.8438,8731.3724842326,0
BSMS.US,D,20210513,000000,25.8678,25.8827,25.8678,25.8827,1262.8266940865,0
BSMS.US,D,20210514,000000,25.9175,25.9175,25.9026,25.9026,1356.1835164634,0
BSMS.US,D,20210517,000000,25.8977,25.9175,25.8678,25.8678,1008.8559837495,0
BSMS.US,D,20210518,000000,25.8618,25.9165,25.8578,25.8777,3006.4912152537,0
BSMS.US,D,20210519,000000,25.8777,25.8877,25.8388,25.8678,1021.9058621463,0
BSMS.US,D,20210520,000000,25.8977,25.9574,25.8927,25.8927,13792.717628577,0
BSMS.US,D,20210525,000000,25.9335,25.9335,25.9076,25.9076,7952.395127626,0
BSMS.US,D,20210526,000000,25.9674,25.9674,25.9375,25.9375,1461.5863804371,0
BSMS.US,D,20210527,000000,25.9804,26.0172,25.9375,25.9425,24246.674061182,0
BSMS.US,D,20210528,000000,25.9474,25.9972,25.9375,25.9375,11241.968320409,0
BSMS.US,D,20210601,000000,25.9275,25.9474,25.9275,25.9474,1265.8382044858,0
BSMS.US,D,20210602,000000,25.9614,26.0361,25.9464,25.9823,8243.5077995537,0
BSMS.US,D,20210603,000000,26.0072,26.0571,25.9724,25.9774,7368.162110171,0
BSMS.US,D,20210604,000000,25.9574,26.0541,25.9574,26.0172,1540.8894876175,0
BSMS.US,D,20210608,000000,26.0958,26.1058,26.0769,26.0769,2552.7569817663,0
BSMS.US,D,20210609,000000,26.1527,26.1935,26.1527,26.1557,2311.8361498262,0
BSMS.US,D,20210610,000000,26.2204,26.2254,26.1805,26.1855,2532.6802457713,0
BSMS.US,D,20210614,000000,26.2155,26.2254,26.1855,26.1855,6529.9583823791,0
BSMS.US,D,20210615,000000,26.2344,26.2442,26.1805,26.1805,3337.7573591714,0
BSMS.US,D,20210616,000000,26.1557,26.1557,26.0739,26.0739,2798.6969977053,0
BSMS.US,D,20210617,000000,26.1855,26.1855,26.1308,26.1308,358.36973751104,0
BSMS.US,D,20210618,000000,26.1158,26.1457,26.067,26.1158,7956.410474825,0
BSMS.US,D,20210621,000000,26.1258,26.1258,26.067,26.067,4837.4895379992,0
BSMS.US,D,20210623,000000,26.0271,26.0371,25.9873,25.9873,2405.1929722029,0
BSMS.US,D,20210624,000000,25.9474,26.0571,25.9474,26.0072,3838.6719222471,0
BSMS.US,D,20210625,000000,25.9574,26.0271,25.9375,25.9833,4790.3092084109,0
BSMS.US,D,20210628,000000,26.071,26.071,26.0471,26.0471,3020.5449304502,0
BSMS.US,D,20210629,000000,26.0869,26.0869,26.0371,26.0371,2171.298997861,0
BSMS.US,D,20210630,000000,26.067,26.1058,26.067,26.067,2417.2390137999,0
BSMS.US,D,20210701,000000,26.0571,26.0869,26.0451,26.062,14214.329084472,0
BSMS.US,D,20210702,000000,26.0869,26.0968,26.0869,26.0919,6380.3866992162,0
BSMS.US,D,20210706,000000,26.1557,26.1955,26.1557,26.1557,3217.2969432014,0
BSMS.US,D,20210707,000000,26.2055,26.2442,26.1795,26.1955,2119.099484274,0
BSMS.US,D,20210708,000000,26.3239,26.3339,26.2542,26.2542,3573.6590071129,0
BSMS.US,D,20210709,000000,26.2642,26.2642,26.1755,26.2204,4156.8881877681,0
BSMS.US,D,20210713,000000,26.2542,26.2642,26.1865,26.2254,6292.0490608382,0
BSMS.US,D,20210714,000000,26.2155,26.2592,26.2155,26.2592,2092.9997274805,0
BSMS.US,D,20210715,000000,26.2942,26.2942,26.2942,26.2942,1139.3547677172,0
BSMS.US,D,20210716,000000,26.2642,26.3239,26.2642,26.2842,2794.6816505063,0
BSMS.US,D,20210719,000000,26.3729,26.3729,26.3629,26.3629,265.01291513422,0
BSMS.US,D,20210720,000000,26.4126,26.4126,26.2842,26.319,4390.7821621101,0
BSMS.US,D,20210721,000000,26.3629,26.3629,26.2942,26.2942,402.53855670008,0
BSMS.US,D,20210722,000000,26.2842,26.3529,26.2842,26.3141,2482.4884057838,0
BSMS.US,D,20210723,000000,26.3339,26.3339,26.2842,26.2892,1619.1887579981,0
BSMS.US,D,20210726,000000,26.2942,26.2942,26.2842,26.2842,212.81340154718,0
BSMS.US,D,20210728,000000,26.2742,26.3141,26.2344,26.3141,10269.250461451,0
BSMS.US,D,20210730,000000,26.3041,26.3339,26.2542,26.2942,997.81377895231,0
BSMS.US,D,20210802,000000,26.3529,26.3529,26.3011,26.3011,5426.741739453,0
BSMS.US,D,20210804,000000,26.2942,26.3239,26.2522,26.3239,4117.7385525779,0
BSMS.US,D,20210805,000000,26.2942,26.2942,26.2942,26.2942,132.5064575671,0
BSMS.US,D,20210806,000000,26.2692,26.2742,26.2294,26.2294,344.31602231453,0
BSMS.US,D,20210809,000000,26.2254,26.2393,26.2254,26.2393,144.55249916412,0
BSMS.US,D,20210810,000000,26.1955,26.2822,26.1955,26.2254,1943.4280443176,0
BSMS.US,D,20210811,000000,26.2442,26.2442,26.2055,26.2055,2400.1737882042,0
BSMS.US,D,20210813,000000,26.2254,26.2254,26.1557,26.1905,2476.4653849853,0
BSMS.US,D,20210817,000000,26.2234,26.2234,26.1955,26.2135,3109.886405628,0
BSMS.US,D,20210818,000000,26.2442,26.2442,26.1905,26.1905,483.84933747989,0
BSMS.US,D,20210819,000000,26.1905,26.2344,26.1557,26.2204,19982.37533584,0
BSMS.US,D,20210820,000000,26.1566,26.2442,26.1557,26.2105,8014.6330092105,0
BSMS.US,D,20210823,000000,26.2055,26.2155,26.1955,26.2035,8138.1049355799,0
BSMS.US,D,20210825,000000,26.1656,26.1656,26.1258,26.1258,3278.5309879862,0
BSMS.US,D,20210826,000000,26.1755,26.1755,26.0958,26.1208,944.61042856552,0
BSMS.US,D,20210827,000000,26.1158,26.1855,26.1158,26.1606,36356.961213375,0
BSMS.US,D,20210830,000000,26.1058,26.1058,26.0769,26.0769,4435.9548180989,0
BSMS.US,D,20210831,000000,26.0869,26.1656,26.0869,26.1358,1741.6568475677,0
BSMS.US,D,20210901,000000,26.1656,26.1656,26.0869,26.1208,1586.0621436063,0
BSMS.US,D,20210902,000000,26.1208,26.1557,26.0869,26.1208,7206.5443854111,0
BSMS.US,D,20210903,000000,26.0471,26.0948,26.0471,26.0819,3579.6820279114,0
BSMS.US,D,20210908,000000,26.067,26.0809,26.0371,26.0809,2421.254360999,0
BSMS.US,D,20210909,000000,26.1258,26.1258,26.0869,26.1158,5143.6597619232,0
BSMS.US,D,20210910,000000,26.1557,26.1557,26.1108,26.1108,2405.1929722029,0
BSMS.US,D,20210913,000000,26.1606,26.1606,26.1208,26.1208,702.68575982557,0
BSMS.US,D,20210915,000000,26.0779,26.1108,26.0769,26.1108,521.99513587043,0
BSMS.US,D,20210916,000000,26.1158,26.1258,26.1158,26.1208,2863.9463896891,0
BSMS.US,D,20210917,000000,26.1158,26.1258,26.0948,26.1058,4180.9802709621,0
BSMS.US,D,20210920,000000,26.1258,26.1507,26.1258,26.1258,2208.4409594518,0
BSMS.US,D,20210921,000000,26.1058,26.1358,26.0769,26.1058,3188.1856760086,0
BSMS.US,D,20210922,000000,26.1008,26.1158,26.0958,26.0958,773.95817260788,0
BSMS.US,D,20210927,000000,26.0271,26.0271,25.9922,25.9922,524.00280946993,0
BSMS.US,D,20210928,000000,25.9574,25.9574,25.8478,25.8877,3212.2777592026,0
BSMS.US,D,20210930,000000,25.818,25.9474,25.818,25.8628,17681.58139081,0
BSMS.US,D,20211001,000000,25.8558,25.8727,25.8558,25.8727,2233.5368794456,0
BSMS.US,D,20211004,000000,25.8279,25.8977,25.7781,25.8628,3250.4235575931,0
BSMS.US,D,20211005,000000,25.9774,25.9774,25.818,25.8358,3795.5069398578,0
BSMS.US,D,20211006,000000,25.8737,25.8737,25.8428,25.8478,1448.5365020405,0
BSMS.US,D,20211007,000000,25.7791,25.808,25.7781,25.808,1627.2194523961,0
BSMS.US,D,20211011,000000,25.7084,25.7433,25.7084,25.7433,907.46846697474,0
BSMS.US,D,20211012,000000,25.7681,25.7781,25.7661,25.7781,2736.4591161207,0
BSMS.US,D,20211013,000000,25.7681,25.818,25.7681,25.7931,1253.7921628888,0
BSMS.US,D,20211014,000000,25.813,25.813,25.803,25.803,563.15244466021,0
BSMS.US,D,20211015,000000,25.818,25.818,25.798,25.798,2072.9229914855,0
BSMS.US,D,20211019,000000,25.8279,25.8279,25.798,25.798,2052.8462554904,0
BSMS.US,D,20211020,000000,25.818,25.818,25.7581,25.7931,3773.4225302633,0
BSMS.US,D,20211021,000000,25.798,25.798,25.7283,25.7283,994.80226855306,0
BSMS.US,D,20211022,000000,25.7481,25.7481,25.7333,25.7333,484.85317427965,0
BSMS.US,D,20211025,000000,25.7084,25.7283,25.7084,25.7283,34734.760944978,0
BSMS.US,D,20211026,000000,25.7383,25.7681,25.7184,25.7184,3627.8661942995,0
BSMS.US,D,20211027,000000,25.803,25.803,25.7781,25.7781,230.88246394269,0
BSMS.US,D,20211028,000000,25.7871,25.808,25.7491,25.7731,3861.7601686414,0
BSMS.US,D,20211029,000000,25.7481,25.798,25.7481,25.798,1230.7039164945,0
BSMS.US,D,20211101,000000,25.7781,25.7881,25.7731,25.7731,707.70494382433,0
BSMS.US,D,20211102,000000,25.7831,25.7931,25.7831,25.7931,319.22010232076,0
BSMS.US,D,20211103,000000,25.8378,25.8378,25.808,25.808,955.65263336279,0
BSMS.US,D,20211105,000000,25.9474,25.9474,25.9425,25.9425,9687.0251175954,0
BSMS.US,D,20211108,000000,25.9076,25.9474,25.9026,25.9026,1686.4458235814,0
BSMS.US,D,20211109,000000,25.9474,25.9873,25.9474,25.9873,868.31883178446,0
BSMS.US,D,20211111,000000,25.9674,25.9873,25.9574,25.9574,302.15487672499,0
BSMS.US,D,20211112,000000,26.0072,26.0072,25.9774,25.9774,431.64982389285,0
BSMS.US,D,20211115,000000,25.9873,25.9962,25.9375,25.9624,1760.7297467629,0
BSMS.US,D,20211116,000000,25.9474,25.9774,25.9175,25.9175,2318.8630074244,0
BSMS.US,D,20211117,000000,25.9474,25.9474,25.9325,25.9325,1215.6463644982,0
BSMS.US,D,20211118,000000,25.9275,25.9275,25.9275,25.9275,100.38367997508,0
BSMS.US,D,20211122,000000,25.9774,25.9774,25.9076,25.9076,1351.1643324646,0
BSMS.US,D,20211126,000000,26.0072,26.0172,25.9674,25.9922,3622.8470103007,0
BSMS.US,D,20211129,000000,26.0072,26.0072,25.9774,25.9774,1112.2511741239,0
BSMS.US,D,20211130,000000,26.067,26.0769,26.0221,26.0371,3159.0744088158,0
BSMS.US,D,20211201,000000,26.0471,26.067,25.9883,26.067,1973.5431483101,0
BSMS.US,D,20211202,000000,26.0371,26.0371,26.0122,26.0122,5008.1417939569,0
BSMS.US,D,20211203,000000,26.0162,26.067,26.0162,26.0471,4117.7385525779,0
BSMS.US,D,20211206,000000,26.0221,26.0271,26.0221,26.0271,372.42345270755,0
BSMS.US,D,20211207,000000,26.0271,26.0271,26.0022,26.0022,862.29581098596,0
BSMS.US,D,20211208,000000,25.9972,26.0271,25.9774,25.9972,1580.0391228078,0
BSMS.US,D,20211209,000000,25.9674,26.0271,25.9574,25.9972,4130.7884309747,0
BSMS.US,D,20211210,000000,25.9972,26.0421,25.9972,26.0421,440.68435509061,0
BSMS.US,D,20211213,000000,26.067,26.067,26.0371,26.067,2446.3502809928,0
BSMS.US,D,20211215,000000,26.0471,26.067,26.0321,26.0321,3447.1755703443,0
BSMS.US,D,20211216,000000,26.0769,26.0849,26.0521,26.0571,957.66030696228,0
BSMS.US,D,20211217,000000,26.0958,26.0958,26.067,26.067,507.94142067391,0
BSMS.US,D,20211220,000000,26.066,26.0769,26.0321,26.0321,2982.3991320597,0
BSMS.US,D,20211221,000000,26.0261,26.0261,25.9922,25.9922,3171.1204504128,0
BSMS.US,D,20211222,000000,26.0571,26.067,26.0321,26.0321,2072.9229914855,0
BSMS.US,D,20211227,000000,25.9873,26.0291,25.9873,26.0221,1787.8333403562,0
BSMS.US,D,20211229,000000,26.063,26.063,26.0172,26.0172,590.25603825348,0
BSMS.US,D,20211230,000000,26.0221,26.0571,26.0221,26.0321,785.00037740515,0
BSMS.US,D,20211231,000000,26.0541,26.0571,26.0271,26.0271,4951.9269331707,0
BSMS.US,D,20220103,000000,26.0371,26.0371,25.9873,26.0072,7803.8272812629,0
BSMS.US,D,20220104,000000,26.0162,26.0172,25.9873,25.9873,2761.5550361145,0
BSMS.US,D,20220105,000000,25.9972,25.9972,25.9674,25.9674,2527.6610617726,0
BSMS.US,D,20220106,000000,25.9474,25.9474,25.9275,25.9275,538.05652466644,0
BSMS.US,D,20220110,000000,25.8777,25.8777,25.8279,25.8279,8918.0861289863,0
BSMS.US,D,20220111,000000,25.7731,25.797,25.7681,25.7681,2048.8309082914,0
BSMS.US,D,20220112,000000,25.798,25.798,25.7571,25.7731,699.67424942633,0
BSMS.US,D,20220114,000000,25.798,25.798,25.7481,25.7481,439.68051829086,0
BSMS.US,D,20220118,000000,25.7184,25.7283,25.6984,25.6984,6212.7459536579,0
BSMS.US,D,20220119,000000,25.6486,25.7184,25.6486,25.6884,1644.2846779918,0
BSMS.US,D,20220120,000000,25.6287,25.6636,25.6287,25.6636,1005.8444733504,0
BSMS.US,D,20220124,000000,25.6187,25.6207,25.53,25.564,8065.8286859979,0
BSMS.US,D,20220125,000000,25.52,25.5819,25.52,25.54,2509.591999377,0
BSMS.US,D,20220126,000000,25.4603,25.4603,25.4106,25.4106,4581.5111540627,0
BSMS.US,D,20220127,000000,25.3806,25.4156,25.3696,25.3906,5567.278891418,0
BSMS.US,D,20220128,000000,25.3408,25.3468,25.2909,25.3009,3417.0604663517,0
BSMS.US,D,20220131,000000,25.3109,25.3109,25.2412,25.2512,602.30207985049,0
BSMS.US,D,20220201,000000,25.2412,25.3009,25.2412,25.3009,679.5975134313,0
BSMS.US,D,20220202,000000,25.4106,25.4106,25.3706,25.3806,12626.259267266,0
BSMS.US,D,20220203,000000,25.3806,25.4304,25.3806,25.4304,2242.5714106434,0
BSMS.US,D,20220204,000000,25.3906,25.4006,25.3546,25.3606,5433.7685970512,0
BSMS.US,D,20220207,000000,25.3606,25.3606,25.3309,25.3606,32287.406827185,0
BSMS.US,D,20220208,000000,25.3646,25.3706,25.2959,25.2959,2969.3492536629,0
BSMS.US,D,20220209,000000,25.2412,25.3109,25.2412,25.2859,4448.0008596959,0
BSMS.US,D,20220210,000000,25.2122,25.2122,25.1615,25.1665,9131.9033673332,0
BSMS.US,D,20220211,000000,25.1226,25.1565,25.1117,25.1117,1853.08273234,0
BSMS.US,D,20220214,000000,25.0917,25.1017,25.031,25.031,10196.974211869,0
BSMS.US,D,20220215,000000,24.9722,24.9831,24.9423,24.9722,8040.7327660041,0
BSMS.US,D,20220216,000000,24.9821,24.9921,24.9423,24.9921,25209.353552142,0
BSMS.US,D,20220217,000000,24.9921,25.0519,24.9722,25.022,23946.526858055,0
BSMS.US,D,20220218,000000,25.0419,25.0917,25.032,25.0618,27997.008345051,0
BSMS.US,D,20220222,000000,25.0021,25.0419,25.0021,25.0419,1833.005996345,0
BSMS.US,D,20220223,000000,24.9921,25.0528,24.9921,25.0528,1272.865062084,0
BSMS.US,D,20220224,000000,25.1246,25.1315,25.0997,25.1166,3113.901752827,0
BSMS.US,D,20220225,000000,25.0618,25.0618,25.0081,25.0081,2563.7991865636,0
BSMS.US,D,20220228,000000,25.1117,25.1117,25.0768,25.0868,1130.3202365195,0
BSMS.US,D,20220301,000000,25.0818,25.1465,25.0818,25.1465,1848.0635483412,0
BSMS.US,D,20220302,000000,25.0967,25.0967,25.0618,25.0967,3646.9390934947,0
BSMS.US,D,20220304,000000,25.013,25.0469,25.012,25.0419,1194.5657917035,0
BSMS.US,D,20220307,000000,25.032,25.032,24.9772,24.9772,4098.6656533826,0
BSMS.US,D,20220308,000000,24.8626,24.8626,24.8278,24.8546,18017.866718727,0
BSMS.US,D,20220309,000000,24.8238,24.8576,24.8228,24.8476,4122.7577365766,0
BSMS.US,D,20220310,000000,24.8228,24.8228,24.7779,24.7779,586.24069105447,0
BSMS.US,D,20220311,000000,24.7441,24.7441,24.6942,24.6942,7446.4613805516,0
BSMS.US,D,20220314,000000,24.5548,24.5548,24.4851,24.5348,18458.551073817,0
BSMS.US,D,20220315,000000,24.4452,24.505,24.3954,24.4452,88026.44897015,0
BSMS.US,D,20220316,000000,24.4651,24.495,24.3805,24.4552,2956.2993752662,0
BSMS.US,D,20220317,000000,24.5508,24.5508,24.5328,24.5328,1203.6003229012,0
BSMS.US,D,20220318,000000,24.5398,24.5448,24.5348,24.5348,8470.3749162974,0
BSMS.US,D,20220321,000000,24.4452,24.4552,24.3555,24.3954,6529.9583823791,0
BSMS.US,D,20220322,000000,24.3466,24.3765,24.3058,24.3506,5709.8237169827,0
BSMS.US,D,20220323,000000,24.3058,24.3257,24.2858,24.3058,6324.1718384302,0
BSMS.US,D,20220324,000000,24.2261,24.2539,24.2261,24.2539,2595.9219641557,0
BSMS.US,D,20220325,000000,24.1514,24.1514,24.1015,24.1254,8837.7791850062,0
BSMS.US,D,20220328,000000,24.0866,24.1065,24.0866,24.1065,1409.3868668501,0
BSMS.US,D,20220329,000000,24.0767,24.0896,24.0168,24.0567,3829.6373910494,0
BSMS.US,D,20220330,000000,24.0965,24.1015,24.0965,24.1015,510.95293107317,0
BSMS.US,D,20220331,000000,24.1065,24.1344,24.1065,24.1104,2903.0960248794,0
BSMS.US,D,20220401,000000,24.0717,24.1663,24.0717,24.1264,12993.663535975,0
BSMS.US,D,20220404,000000,24.1224,24.1264,24.0876,24.1264,8050.7711340016,0
BSMS.US,D,20220405,000000,24.0178,24.1164,24.0168,24.0417,7036.8959662532,0
BSMS.US,D,20220406,000000,23.957,23.978,23.957,23.978,2891.0499832824,0
BSMS.US,D,20220407,000000,23.8783,23.9381,23.8486,23.8883,12429.507254515,0
BSMS.US,D,20220408,000000,23.8683,23.8683,23.7689,23.8186,10362.607283827,0
BSMS.US,D,20220411,000000,23.8286,23.8286,23.7539,23.7539,1374.2525788589,0
BSMS.US,D,20220412,000000,23.7599,23.7639,23.6692,23.7339,8722.3379530349,0
BSMS.US,D,20220413,000000,23.7389,23.7389,23.6592,23.704,8548.674186678,0
BSMS.US,D,20220414,000000,23.6194,23.6303,23.5895,23.5895,1961.4971067131,0
BSMS.US,D,20220418,000000,23.6392,23.6392,23.5596,23.5596,16533.192091896,0
BSMS.US,D,20220419,000000,23.4351,23.4351,23.3704,23.3803,4463.0584116921,0
BSMS.US,D,20220420,000000,23.4002,23.4351,23.4002,23.4351,1415.4098876487,0
BSMS.US,D,20220421,000000,23.3912,23.4052,23.3404,23.4052,9677.9905863977,0
BSMS.US,D,20220422,000000,23.3704,23.3803,23.3704,23.3803,700.67808622607,0
BSMS.US,D,20220425,000000,23.3804,23.3804,23.3504,23.3504,388.48484150356,0
BSMS.US,D,20220426,000000,23.3604,23.3604,23.3604,23.3604,305.16638712425,0
BSMS.US,D,20220427,000000,23.3215,23.3215,23.3105,23.3105,396.51553590157,0
BSMS.US,D,20220428,000000,23.2867,23.2906,23.2217,23.2667,8543.6550026793,0
BSMS.US,D,20220429,000000,23.3305,23.3305,23.2308,23.3006,8126.0588939829,0
BSMS.US,D,20220502,000000,23.1711,23.2707,23.1711,23.196,15378.779772183,0
BSMS.US,D,20220503,000000,23.206,23.2608,23.1911,23.2159,5129.6060467267,0
BSMS.US,D,20220504,000000,23.1611,23.2648,23.1611,23.227,2765.5703833135,0
BSMS.US,D,20220505,000000,23.0804,23.154,23.0217,23.1312,28647.494591289,0
BSMS.US,D,20220506,000000,23.0515,23.0515,23.0117,23.0117,1484.6746268314,0
BSMS.US,D,20220509,000000,23.0367,23.0367,22.9625,23.0067,7872.088183646,0
BSMS.US,D,20220510,000000,23.0067,23.0814,22.922,22.937,25929.104537564,0
BSMS.US,D,20220511,000000,22.9071,22.917,22.9071,22.917,164.62923515913,0
BSMS.US,D,20220512,000000,22.9557,22.9557,22.917,22.917,326.24695991902,0
BSMS.US,D,20220513,000000,22.8723,22.8723,22.7527,22.7527,2359.0164794145,0
BSMS.US,D,20220516,000000,22.8523,22.9121,22.8224,22.8423,4896.7159091845,0
BSMS.US,D,20220517,000000,22.7544,22.7926,22.7544,22.7676,3943.0709494212,0
BSMS.US,D,20220518,000000,22.7726,22.7726,22.7129,22.7129,870.32650538397,0
BSMS.US,D,20220519,000000,22.8623,22.8723,22.7825,22.7876,12987.640515175,0
BSMS.US,D,20220520,000000,22.8723,22.942,22.8723,22.9216,8866.890452199,0
BSMS.US,D,20220523,000000,22.952,22.9818,22.952,22.952,1714.5532539744,0
BSMS.US,D,20220524,000000,23.177,23.177,23.1611,23.1611,217.83258554592,0
BSMS.US,D,20220525,000000,23.3902,23.4201,23.3853,23.3853,2268.6711674368,0
BSMS.US,D,20220526,000000,23.5582,23.5582,23.5298,23.5298,498.90688947616,0
BSMS.US,D,20220527,000000,23.5695,23.6293,23.5695,23.6293,2897.0730040808,0
BSMS.US,D,20220531,000000,23.6243,23.6492,23.6051,23.6051,3894.8867830331,0
BSMS.US,D,20220601,000000,23.6095,23.6095,23.6095,23.6095,67.257065583304,0
BSMS.US,D,20220602,000000,23.6892,23.6892,23.6742,23.6742,2367.0471738125,0
BSMS.US,D,20220603,000000,23.6592,23.6892,23.6464,23.6592,2575.8452281606,0
BSMS.US,D,20220606,000000,23.6294,23.6392,23.6293,23.6343,1260.819020487,0
BSMS.US,D,20220607,000000,23.6442,23.6442,23.6392,23.6442,306.170223924,0
BSMS.US,D,20220608,000000,23.5894,23.6086,23.5298,23.5645,15759.233919288,0
BSMS.US,D,20220609,000000,23.4799,23.4849,23.4799,23.4849,1562.9738972121,0
BSMS.US,D,20220610,000000,23.3404,23.3654,23.3404,23.3404,1539.8856508178,0
BSMS.US,D,20220613,000000,22.8822,22.8961,22.8225,22.8961,817.12315499716,0
BSMS.US,D,20220614,000000,22.9053,22.9053,22.8224,22.8573,9746.2514887807,0
BSMS.US,D,20220615,000000,22.927,22.927,22.8832,22.9121,1486.6823004309,0
BSMS.US,D,20220616,000000,22.8573,22.9718,22.8573,22.932,626.39416304451,0
BSMS.US,D,20220617,000000,22.922,22.922,22.922,22.922,5.0191839987541,0
BSMS.US,D,20220621,000000,22.9399,22.9399,22.8702,22.8702,4248.0808932779,0
BSMS.US,D,20220622,000000,23.0098,23.0098,22.9693,22.9693,1751.5688743348,0
BSMS.US,D,20220623,000000,23.0398,23.0398,23.0398,23.0398,53.138609238548,0
BSMS.US,D,20220624,000000,23.0323,23.0597,23.0323,23.0348,829.16282717509,0
BSMS.US,D,20220627,000000,23.0697,23.0697,23.03,23.03,5151.4372503332,0
BSMS.US,D,20220628,000000,22.9849,22.9948,22.9849,22.9948,740.93268353372,0
BSMS.US,D,20220629,000000,23.1494,23.1494,23.0946,23.0946,6520.007092043,0
BSMS.US,D,20220630,000000,23.2491,23.2691,23.1794,23.2009,5607.6271975698,0
BSMS.US,D,20220701,000000,23.309,23.339,23.309,23.339,2207.7588215714,0
BSMS.US,D,20220705,000000,23.379,23.3938,23.379,23.3938,1135.9630993826,0
BSMS.US,D,20220706,000000,23.4444,23.4487,23.4038,23.4038,2978.7699631647,0
BSMS.US,D,20220707,000000,23.3988,23.4088,23.3988,23.4088,1513.9490556643,0
BSMS.US,D,20220708,000000,23.3988,23.3988,23.3988,23.3988,1.0026152686519,0
BSMS.US,D,20220711,000000,23.5185,23.5284,23.4886,23.4886,984.56819381612,0
BSMS.US,D,20220712,000000,23.5484,23.5683,23.5484,23.5683,2020.2697663335,0
BSMS.US,D,20220713,000000,23.5389,23.5783,23.5385,23.5385,3304.6199254765,0
BSMS.US,D,20220714,000000,23.5782,23.5782,23.5534,23.5534,675.76269107135,0
BSMS.US,D,20220715,000000,23.6227,23.6227,23.5833,23.5833,5729.9462603454,0
BSMS.US,D,20220718,000000,23.6083,23.6083,23.5534,23.5534,1332.7877769723,0
BSMS.US,D,20220719,000000,23.5374,23.5374,23.4885,23.5284,1245.6709200252,0
BSMS.US,D,20220720,000000,23.5484,23.5883,23.5384,23.5534,1323.7756883226,0
BSMS.US,D,20220721,000000,23.6283,23.6283,23.6133,23.6133,329.4419073057,0
BSMS.US,D,20220722,000000,23.808,23.808,23.7082,23.7082,3717.9872395929,0
BSMS.US,D,20220725,000000,23.6682,23.6682,23.6278,23.6482,839.1255876054,0
BSMS.US,D,20220726,000000,23.6882,23.6882,23.6832,23.6832,115.1544660795,0
BSMS.US,D,20220727,000000,23.7325,23.808,23.7082,23.7531,9829.1846872728,0
BSMS.US,D,20220728,000000,23.7681,23.8879,23.7681,23.848,2964.9771657513,0
BSMS.US,D,20220729,000000,23.8759,23.8759,23.8679,23.8679,678.9106782774,0
BSMS.US,D,20220801,000000,23.967,23.967,23.9329,23.9329,2016.7051711662,0
BSMS.US,D,20220802,000000,23.9977,23.9977,23.8679,23.8679,4813.4566821231,0
BSMS.US,D,20220803,000000,23.9378,23.9578,23.8889,23.9329,1412.8952316363,0
BSMS.US,D,20220804,000000,24.0577,24.0577,23.9628,23.9628,5879.8871723376,0
BSMS.US,D,20220805,000000,23.848,23.848,23.818,23.818,1948.6138347018,0
BSMS.US,D,20220808,000000,23.8979,23.9079,23.8829,23.8829,3789.0826056072,0
BSMS.US,D,20220809,000000,23.848,23.848,23.848,23.848,26.0349227658,0
BSMS.US,D,20220810,000000,23.9179,23.9179,23.843,23.843,3074.123572731,0
BSMS.US,D,20220811,000000,23.9079,23.9079,23.7781,23.7781,1335.7918065222,0
BSMS.US,D,20220812,000000,23.8581,23.8679,23.828,23.8679,1672.243116111,0
BSMS.US,D,20220815,000000,23.8729,23.8779,23.848,23.8629,2583.465412914,0
BSMS.US,D,20220816,000000,23.828,23.838,23.828,23.828,2995.0174612503,0
BSMS.US,D,20220817,000000,23.6682,23.6832,23.6582,23.6832,2710.6359971931,0
BSMS.US,D,20220818,000000,23.6881,23.6881,23.6682,23.6682,1803.4190731233,0
BSMS.US,D,20220819,000000,23.5883,23.5883,23.5484,23.5484,276.3707185908,0
BSMS.US,D,20220822,000000,23.5064,23.5064,23.4835,23.4835,1001.3431833,0
BSMS.US,D,20220823,000000,23.5184,23.5184,23.4485,23.4535,841.128273972,0
BSMS.US,D,20220824,000000,23.4185,23.4585,23.3786,23.4235,30886.430488888,0
BSMS.US,D,20220825,000000,23.4086,23.4385,23.4036,23.4036,9675.9791802279,0
BSMS.US,D,20220826,000000,23.4086,23.4385,23.3736,23.383,5975.0147747511,0
BSMS.US,D,20220829,000000,23.3586,23.4685,23.3032,23.3037,8837.8549358058,0
BSMS.US,D,20220830,000000,23.2986,23.2986,23.1689,23.2488,3532.7387506824,0
BSMS.US,D,20220831,000000,23.2787,23.2887,23.2338,23.2338,7015.4103421998,0
BSMS.US,D,20220901,000000,23.1589,23.1589,23.1,23.1589,9505.7508390669,0
BSMS.US,D,20220902,000000,23.2288,23.2289,23.1689,23.2238,2272.0476829077,0
BSMS.US,D,20220906,000000,23.1477,23.1477,23.089,23.104,7964.6836799682,0
BSMS.US,D,20220907,000000,23.1189,23.1689,23.0991,23.1239,7055.4640695318,0
BSMS.US,D,20220908,000000,23.109,23.109,23.089,23.089,200.26863666,0
BSMS.US,D,20220909,000000,23.089,23.104,23.089,23.104,946.2693082185,0
BSMS.US,D,20220912,000000,23.1389,23.1439,23.069,23.114,15460.738750152,0
BSMS.US,D,20220913,000000,23.0677,23.098,23.059,23.059,7026.4251172161,0
BSMS.US,D,20220914,000000,23.0091,23.0191,22.9891,22.9891,1952.619207435,0
BSMS.US,D,20220915,000000,22.9492,22.9991,22.9492,22.9891,2483.331094584,0
BSMS.US,D,20220916,000000,22.9696,23.049,22.9592,22.9592,10455.024176835,0
BSMS.US,D,20220919,000000,22.8493,22.9392,22.8493,22.8893,5867.871054138,0
BSMS.US,D,20220920,000000,22.8193,22.8493,22.7445,22.7445,17199.070516361,0
BSMS.US,D,20220921,000000,22.7794,22.7794,22.7245,22.7695,10110.56212178,0
BSMS.US,D,20220922,000000,22.6496,22.6696,22.6496,22.6596,2850.8240428551,0
BSMS.US,D,20220923,000000,22.6096,22.6096,22.6096,22.6096,2781.7313632074,0
BSMS.US,D,20220926,000000,22.5148,22.5587,22.3999,22.3999,6451.6541300019,0
BSMS.US,D,20220927,000000,22.33,22.35,22.31,22.32,8958.0161178018,0
BSMS.US,D,20220928,000000,22.2701,22.3799,22.2701,22.35,5961.9973133682,0
BSMS.US,D,20220929,000000,22.32,22.36,22.315,22.36,6210.3304228266,0
BSMS.US,D,20220930,000000,22.335,22.34,22.2801,22.2801,2307.0946943232,0
BSMS.US,D,20221003,000000,22.37,22.4499,22.37,22.4049,6140.2363999956,0
BSMS.US,D,20221004,000000,22.5986,22.5996,22.5597,22.5597,2487.3364673172,0
BSMS.US,D,20221005,000000,22.5367,22.5367,22.5347,22.5347,313.4204163729,0
BSMS.US,D,20221006,000000,22.5397,22.5797,22.5199,22.5447,6152.2525181952,0
BSMS.US,D,20221007,000000,22.5647,22.5797,22.4998,22.5397,10441.005372269,0
BSMS.US,D,20221010,000000,22.5247,22.5397,22.5247,22.5397,1587.1289455305,0
BSMS.US,D,20221011,000000,22.5596,22.5707,22.5596,22.5647,743.9979851919,0
BSMS.US,D,20221012,000000,22.6096,22.6096,22.6046,22.6046,2604.4936197633,0
BSMS.US,D,20221013,000000,22.4998,22.5297,22.4997,22.5198,22490.167896918,0
BSMS.US,D,20221014,000000,22.5098,22.5188,22.4788,22.4998,10113.56615133,0
BSMS.US,D,20221017,000000,22.5897,22.5897,22.5247,22.5247,14776.821355958,0
BSMS.US,D,20221018,000000,22.5597,22.5797,22.5577,22.5597,46127.875081898,0
BSMS.US,D,20221019,000000,22.4498,22.6296,22.4498,22.5198,308753.15579554,0
BSMS.US,D,20221020,000000,22.5397,22.5397,22.4498,22.4598,17710.756883027,0
BSMS.US,D,20221021,000000,22.4149,22.4149,22.335,22.335,10107.55809223,0
BSMS.US,D,20221024,000000,22.34,22.36,22.2,22.245,13178,0
BSMS.US,D,20221025,000000,22.31,22.34,22.23,22.23,38315,0
BSMS.US,D,20221026,000000,22.28,22.31,22.21,22.29,53063,0
BSMS.US,D,20221027,000000,22.24,22.26,22.21,22.21,29030,0
BSMS.US,D,20221028,000000,22.195,22.27,22.19,22.25,31088,0
BSMS.US,D,20221031,000000,22.2432,22.29,22.16,22.2004,20614,0
BSMS.US,D,20221101,000000,22.24,22.3,22.24,22.28,25962,0
BSMS.US,D,20221102,000000,22.3,22.4,22.29,22.34,24494,0
BSMS.US,D,20221103,000000,22.22,22.34,22.22,22.29,31164,0
BSMS.US,D,20221104,000000,22.3,22.34,22.27,22.3,29916,0
BSMS.US,D,20221107,000000,22.3,22.41,22.285,22.285,59572,0
BSMS.US,D,20221108,000000,22.34,22.38,22.34,22.35,18799,0
BSMS.US,D,20221109,000000,22.36,22.36,22.34,22.355,4949,0
BSMS.US,D,20221110,000000,22.62,22.7,22.62,22.6434,17278,0
BSMS.US,D,20221111,000000,22.65,22.72,22.63,22.665,11348,0
BSMS.US,D,20221114,000000,22.682,22.7,22.68,22.685,21823,0
BSMS.US,D,20221115,000000,22.72,22.81,22.7041,22.72,15117,0
BSMS.US,D,20221116,000000,22.78,22.899,22.78,22.88,19228,0
BSMS.US,D,20221117,000000,22.939,22.97,22.91,22.92,18622,0
BSMS.US,D,20221118,000000,22.97,22.98,22.9245,22.94,21271,0
BSMS.US,D,20221121,000000,22.9399,22.94,22.915,22.915,8308,0
BSMS.US,D,20221122,000000,22.92,22.98,22.92,22.97,393426,0
BSMS.US,D,20221123,000000,23.06,23.1,23.04,23.1,4643,0
BSMS.US,D,20221125,000000,23.08,23.09,23.06,23.07,2033,0
BSMS.US,D,20221128,000000,23.09,23.13,23.0701,23.085,19482,0
BSMS.US,D,20221129,000000,23.11,23.25,23.095,23.22,37640,0
BSMS.US,D,20221130,000000,23.17,23.29,23.11,23.25,47923,0
BSMS.US,D,20221201,000000,23.26,23.6,23.26,23.29,170575,0
BSMS.US,D,20221202,000000,23.31,23.31,23.24,23.285,30612,0
BSMS.US,D,20221205,000000,23.29,23.32,23.24,23.2803,37022,0
BSMS.US,D,20221206,000000,23.39,23.39,23.29,23.3424,77297,0
BSMS.US,D,20221207,000000,23.38,23.4,23.365,23.39,26248,0
BSMS.US,D,20221208,000000,23.385,23.41,23.34,23.3631,18710,0
BSMS.US,D,20221209,000000,23.3799,23.39,23.3681,23.37,29121,0
BSMS.US,D,20221212,000000,23.389,23.4,23.3557,23.3557,37863,0
BSMS.US,D,20221213,000000,23.44,23.48,23.4099,23.425,59016,0
BSMS.US,D,20221214,000000,23.43,23.46,23.37,23.4252,32213,0
BSMS.US,D,20221215,000000,23.49,23.49,23.4035,23.4495,49529,0
BSMS.US,D,20221216,000000,23.395,23.45,23.38,23.4257,29361,0
BSMS.US,D,20221219,000000,23.33,23.379,23.3287,23.3503,25147,0
BSMS.US,D,20221220,000000,23.31,23.34,23.27,23.305,14071,0
BSMS.US,D,20221221,000000,23.21,23.29,23.21,23.26,25801,0
BSMS.US,D,20221222,000000,23.3,23.3,23.25,23.29,24622,0
BSMS.US,D,20221223,000000,23.27,23.28,23.24,23.265,15347,0
BSMS.US,D,20221227,000000,23.24,23.27,23.215,23.2259,10125,0
BSMS.US,D,20221228,000000,23.2101,23.28,23.2101,23.235,20902,0
BSMS.US,D,20221229,000000,23.22,23.24,23.2175,23.225,25364,0
BSMS.US,D,20221230,000000,23.229,23.24,23.22,23.23,16053,0
BSMS.US,D,20230103,000000,23.2996,23.2996,23.27,23.275,19058,0
BSMS.US,D,20230104,000000,23.345,23.37,23.345,23.365,25284,0
BSMS.US,D,20230105,000000,23.37,23.4,23.3449,23.3654,64313,0
BSMS.US,D,20230106,000000,23.37,23.46,23.35,23.4515,49028,0
BSMS.US,D,20230109,000000,23.5,23.53,23.48,23.5106,7753,0
BSMS.US,D,20230110,000000,23.58,23.58,23.49,23.5209,11123,0
BSMS.US,D,20230111,000000,23.59,23.61,23.55,23.61,17010,0
BSMS.US,D,20230112,000000,23.69,23.69,23.68,23.68,1284,0
BSMS.US,D,20230113,000000,23.73,23.73,23.665,23.72,82246,0
BSMS.US,D,20230117,000000,23.7185,23.74,23.694,23.735,24285,0
BSMS.US,D,20230118,000000,23.829,23.829,23.795,23.805,73456,0
BSMS.US,D,20230119,000000,23.83,23.88,23.815,23.84,22555,0
BSMS.US,D,20230120,000000,23.8,23.83,23.795,23.81,5927,0
BSMS.US,D,20230123,000000,23.75,23.79,23.735,23.7452,18767,0
BSMS.US,D,20230124,000000,23.76,23.81,23.74,23.7797,21131,0
BSMS.US,D,20230125,000000,23.79,23.81,23.7751,23.7751,4089,0
BSMS.US,D,20230126,000000,23.7702,23.83,23.7702,23.7858,21644,0
BSMS.US,D,20230127,000000,23.8,23.81,23.748,23.78,33035,0
BSMS.US,D,20230130,000000,23.79,23.79,23.755,23.78,4619,0
BSMS.US,D,20230131,000000,23.78,23.81,23.7799,23.795,15979,0
BSMS.US,D,20230201,000000,23.81,23.91,23.8,23.895,32798,0
BSMS.US,D,20230202,000000,23.95,23.95,23.85,23.9246,50775,0
BSMS.US,D,20230203,000000,23.86,23.86,23.805,23.805,59653,0
BSMS.US,D,20230206,000000,23.78,23.81,23.72,23.7249,22037,0
BSMS.US,D,20230207,000000,23.69,23.76,23.69,23.7204,22078,0
BSMS.US,D,20230208,000000,23.69,23.75,23.68,23.7354,19289,0
BSMS.US,D,20230209,000000,23.7,23.74,23.68,23.7097,8890,0
BSMS.US,D,20230210,000000,23.7,23.71,23.6641,23.6809,10176,0
BSMS.US,D,20230213,000000,23.69,23.72,23.65,23.72,12827,0
BSMS.US,D,20230214,000000,23.625,23.68,23.625,23.64,8781,0
BSMS.US,D,20230215,000000,23.6394,23.6399,23.56,23.56,7916,0
BSMS.US,D,20230216,000000,23.49,23.49,23.4468,23.4468,10408,0
BSMS.US,D,20230217,000000,23.4,23.42,23.35,23.36,9147,0
BSMS.US,D,20230221,000000,23.24,23.27,23.2199,23.23,5988,0
BSMS.US,D,20230222,000000,23.2373,23.26,23.23,23.235,4380,0
BSMS.US,D,20230223,000000,23.26,23.27,23.235,23.26,7093,0
BSMS.US,D,20230224,000000,23.1925,23.21,23.1899,23.1941,11672,0
BSMS.US,D,20230227,000000,23.21,23.2384,23.19,23.23,11272,0
BSMS.US,D,20230228,000000,23.259,23.259,23.22,23.235,14017,0
BSMS.US,D,20230301,000000,23.21,23.21,23.19,23.195,8258,0
BSMS.US,D,20230302,000000,23.15,23.19,23.12,23.185,15796,0
BSMS.US,D,20230303,000000,23.2,23.2,23.18,23.195,21453,0
BSMS.US,D,20230306,000000,23.214,23.22,23.12,23.2001,21027,0
BSMS.US,D,20230307,000000,23.22,23.24,23.1699,23.205,26207,0
BSMS.US,D,20230308,000000,23.2,23.205,23.2,23.205,1344,0
BSMS.US,D,20230309,000000,23.26,23.27,23.2401,23.27,4185,0
BSMS.US,D,20230310,000000,23.35,23.4,23.3453,23.36,6443,0
BSMS.US,D,20230313,000000,23.519,23.52,23.43,23.43,8792,0
BSMS.US,D,20230314,000000,23.35,23.43,23.35,23.395,8799,0
BSMS.US,D,20230315,000000,23.38,23.58,23.38,23.51,14493,0
BSMS.US,D,20230316,000000,23.52,23.545,23.4665,23.5,11982,0
BSMS.US,D,20230317,000000,23.57,23.61,23.567,23.5992,17782,0
BSMS.US,D,20230320,000000,23.45,23.4851,23.41,23.445,7672,0
BSMS.US,D,20230321,000000,23.51,23.51,23.425,23.4452,12684,0
BSMS.US,D,20230322,000000,23.47,23.575,23.45,23.565,16362,0
BSMS.US,D,20230323,000000,23.56,23.57,23.49,23.54,24869,0
BSMS.US,D,20230324,000000,23.6087,23.61,23.56,23.5852,16083,0
BSMS.US,D,20230327,000000,23.579,23.59,23.5461,23.555,12017,0
BSMS.US,D,20230328,000000,23.589,23.6,23.56,23.58,9524,0
BSMS.US,D,20230329,000000,23.5883,23.5883,23.56,23.58,2117,0
BSMS.US,D,20230330,000000,23.61,23.65,23.61,23.6204,4396,0
BSMS.US,D,20230331,000000,23.66,23.67,23.61,23.66,7602,0
BSMS.US,D,20230403,000000,23.685,23.71,23.645,23.69,15001,0
BSMS.US,D,20230404,000000,23.72,23.74,23.7079,23.7297,15642,0
BSMS.US,D,20230405,000000,23.8,23.83,23.795,23.795,44302,0
BSMS.US,D,20230406,000000,23.85,23.85,23.8,23.8326,4215,0
BSMS.US,D,20230410,000000,23.84,23.84,23.77,23.82,216663,0
BSMS.US,D,20230411,000000,23.8,23.87,23.8,23.8645,11927,0
BSMS.US,D,20230412,000000,23.82,23.91,23.82,23.89,27883,0
BSMS.US,D,20230413,000000,23.88,23.9,23.82,23.835,212808,0
BSMS.US,D,20230414,000000,23.81,23.83,23.79,23.8143,13987,0
BSMS.US,D,20230417,000000,23.78,23.79,23.76,23.7649,5065,0
BSMS.US,D,20230418,000000,23.64,23.68,23.62,23.62,5537,0
BSMS.US,D,20230419,000000,23.52,23.5676,23.52,23.545,8722,0
BSMS.US,D,20230420,000000,23.579,23.579,23.54,23.5434,20797,0
BSMS.US,D,20230421,000000,23.61,23.61,23.5046,23.515,10584,0
BSMS.US,D,20230424,000000,23.53,23.53,23.4963,23.52,4972,0
BSMS.US,D,20230425,000000,23.56,23.56,23.5,23.54,28365,0
BSMS.US,D,20230426,000000,23.55,23.55,23.5,23.5306,6194,0
BSMS.US,D,20230427,000000,23.4901,23.5199,23.46,23.48,4167,0
BSMS.US,D,20230428,000000,23.54,23.54,23.46,23.515,7534,0
BSMS.US,D,20230501,000000,23.525,23.54,23.49,23.49,9048,0
BSMS.US,D,20230502,000000,23.52,23.53,23.48,23.53,69695,0
BSMS.US,D,20230503,000000,23.5579,23.58,23.54,23.555,12219,0
BSMS.US,D,20230504,000000,23.59,23.6099,23.56,23.575,31884,0
BSMS.US,D,20230505,000000,23.58,23.6,23.56,23.6,6862,0
BSMS.US,D,20230508,000000,23.555,23.58,23.555,23.56,1448,0
BSMS.US,D,20230509,000000,23.5899,23.5899,23.57,23.57,1888,0
BSMS.US,D,20230510,000000,23.65,23.65,23.605,23.6089,11552,0
BSMS.US,D,20230511,000000,23.609,23.62,23.595,23.595,8972,0
BSMS.US,D,20230512,000000,23.565,23.6,23.55,23.55,5840,0
BSMS.US,D,20230515,000000,23.54,23.6,23.53,23.55,13271,0
BSMS.US,D,20230516,000000,23.505,23.52,23.505,23.515,1490,0
BSMS.US,D,20230517,000000,23.4973,23.4973,23.46,23.49,3603,0
BSMS.US,D,20230518,000000,23.42,23.45,23.34,23.36,9127,0
BSMS.US,D,20230519,000000,23.32,23.32,23.2577,23.27,11650,0
BSMS.US,D,20230522,000000,23.2086,23.21,23.19,23.195,3833,0
BSMS.US,D,20230523,000000,23.18,23.195,23.13,23.145,14783,0
BSMS.US,D,20230524,000000,23.16,23.16,23.08,23.08,1199,0
BSMS.US,D,20230525,000000,23.06,23.12,23.06,23.09,3505,0
BSMS.US,D,20230526,000000,23.159,23.159,23.07,23.14,9286,0
BSMS.US,D,20230530,000000,23.155,23.22,23.155,23.21,15411,0
BSMS.US,D,20230531,000000,23.25,23.26,23.2,23.2578,52916,0
BSMS.US,D,20230601,000000,23.32,23.32,23.28,23.295,6219,0
BSMS.US,D,20230602,000000,23.27,23.2701,23.2314,23.26,6629,0
BSMS.US,D,20230605,000000,23.2001,23.3,23.2001,23.29,6976,0
BSMS.US,D,20230606,000000,23.348,23.35,23.3102,23.32,10140,0
BSMS.US,D,20230607,000000,23.31,23.31,23.21,23.285,18024,0
BSMS.US,D,20230608,000000,23.33,23.37,23.3101,23.3544,46244,0
BSMS.US,D,20230609,000000,23.3003,23.33,23.28,23.3,23055,0
BSMS.US,D,20230612,000000,23.29,23.33,23.29,23.32,1889,0
BSMS.US,D,20230613,000000,23.305,23.35,23.299,23.3,7617,0
BSMS.US,D,20230614,000000,23.31,23.36,23.2301,23.36,15558,0
BSMS.US,D,20230615,000000,23.42,23.43,23.34,23.41,44725,0
BSMS.US,D,20230616,000000,23.39,23.39,23.36,23.39,2012,0
BSMS.US,D,20230620,000000,23.34,23.35,23.32,23.35,11656,0
BSMS.US,D,20230621,000000,23.39,23.42,23.31,23.39,29607,0
BSMS.US,D,20230622,000000,23.34,23.34,23.28,23.28,3190,0
BSMS.US,D,20230623,000000,23.385,23.3988,23.35,23.38,3265,0
BSMS.US,D,20230626,000000,23.3691,23.37,23.29,23.29,20148,0
BSMS.US,D,20230627,000000,23.32,23.38,23.25,23.35,19171,0
BSMS.US,D,20230628,000000,23.39,23.44,23.3899,23.39,6609,0
BSMS.US,D,20230629,000000,23.32,23.37,23.3168,23.35,15424,0
BSMS.US,D,20230630,000000,23.3599,23.4,23.32,23.37,7958,0
BSMS.US,D,20230703,000000,23.3899,23.39,23.35,23.36,2018,0
BSMS.US,D,20230705,000000,23.36,23.419,23.3374,23.34,5744,0
BSMS.US,D,20230706,000000,23.26,23.32,23.24,23.28,9301,0
BSMS.US,D,20230707,000000,23.3,23.34,23.2661,23.29,6858,0
BSMS.US,D,20230710,000000,23.285,23.37,23.285,23.33,25849,0
BSMS.US,D,20230711,000000,23.38,23.38,23.2983,23.32,10557,0
BSMS.US,D,20230712,000000,23.391,23.391,23.3597,23.375,5647,0
BSMS.US,D,20230713,000000,23.42,23.47,23.4001,23.47,3487,0
BSMS.US,D,20230714,000000,23.48,23.48,23.3718,23.41,9704,0
BSMS.US,D,20230717,000000,23.3979,23.425,23.3979,23.425,1908,0
BSMS.US,D,20230718,000000,23.44,23.4599,23.4,23.4339,9697,0
BSMS.US,D,20230719,000000,23.4604,23.52,23.4604,23.52,5854,0
BSMS.US,D,20230720,000000,23.49,23.55,23.4788,23.4997,12298,0
BSMS.US,D,20230721,000000,23.51,23.5199,23.4977,23.4977,3904,0
BSMS.US,D,20230724,000000,23.46,23.48,23.4504,23.4504,6161,0
BSMS.US,D,20230725,000000,23.395,23.46,23.395,23.4526,7769,0
BSMS.US,D,20230726,000000,23.47,23.47,23.43,23.465,5939,0
BSMS.US,D,20230727,000000,23.48,23.48,23.3853,23.3853,4732,0
BSMS.US,D,20230728,000000,23.4,23.41,23.38,23.3841,12226,0
BSMS.US,D,20230731,000000,23.42,23.42,23.385,23.385,2382,0
BSMS.US,D,20230801,000000,23.35,23.35,23.32,23.32,3584,0
BSMS.US,D,20230802,000000,23.28,23.29,23.22,23.29,154696,0
BSMS.US,D,20230803,000000,23.19,23.209,23.15,23.1591,6437,0
BSMS.US,D,20230804,000000,23.235,23.235,23.2,23.2094,29574,0
BSMS.US,D,20230807,000000,23.24,23.25,23.215,23.215,16961,0
BSMS.US,D,20230808,000000,23.21,23.28,23.21,23.2461,16032,0
BSMS.US,D,20230809,000000,23.28,23.3,23.275,23.275,4285,0
BSMS.US,D,20230810,000000,23.289,23.3,23.2399,23.245,4861,0
BSMS.US,D,20230811,000000,23.23,23.26,23.22,23.225,5778,0
BSMS.US,D,20230814,000000,23.2098,23.3,23.2098,23.25,7361,0
BSMS.US,D,20230815,000000,23.26,23.3,23.25,23.25,10356,0
BSMS.US,D,20230816,000000,23.275,23.275,23.21,23.22,4672,0
BSMS.US,D,20230817,000000,23.26,23.26,23.195,23.195,7846,0
BSMS.US,D,20230818,000000,23.2099,23.21,23.165,23.165,3460,0
BSMS.US,D,20230821,000000,23.08,23.08,23.03,23.055,5346,0
BSMS.US,D,20230822,000000,23.1,23.1,23.035,23.035,8776,0
BSMS.US,D,20230823,000000,23.08,23.115,23.01,23.09,49833,0
BSMS.US,D,20230824,000000,23.06,23.07,23.02,23.07,11051,0
BSMS.US,D,20230825,000000,23.035,23.06,23.02,23.047,13945,0
BSMS.US,D,20230828,000000,23.09,23.09,23,23.055,34887,0
BSMS.US,D,20230829,000000,23.07,23.11,23.0699,23.1,25421,0
BSMS.US,D,20230830,000000,23.1,23.11,23.03,23.08,10421,0
BSMS.US,D,20230831,000000,23.08,23.13,23.0733,23.12,21461,0
BSMS.US,D,20230901,000000,23.135,23.135,23.06,23.075,14289,0
BSMS.US,D,20230905,000000,23.09,23.09,23.06,23.065,1889,0
BSMS.US,D,20230906,000000,23.07,23.07,23.045,23.045,12105,0
BSMS.US,D,20230907,000000,23.13,23.13,23.055,23.07,3314,0
BSMS.US,D,20230908,000000,23.07,23.07,22.97,23.05,8623,0
BSMS.US,D,20230911,000000,22.99,23.03,22.97,23.03,19641,0
BSMS.US,D,20230912,000000,23.05,23.05,23.015,23.015,2662,0
BSMS.US,D,20230913,000000,23.01,23.04,23.01,23.0282,8005,0
BSMS.US,D,20230914,000000,23.0017,23.0017,22.98,22.98,4480,0
BSMS.US,D,20230915,000000,22.99,22.99,22.9713,22.98,3112,0
BSMS.US,D,20230918,000000,22.99,22.99,22.9209,22.96,13933,0
BSMS.US,D,20230919,000000,22.94,22.94,22.9149,22.935,6701,0
BSMS.US,D,20230920,000000,22.93,22.96,22.91,22.9108,15624,0
BSMS.US,D,20230921,000000,22.8,22.82,22.78,22.8,4753,0
BSMS.US,D,20230922,000000,22.84,22.84,22.77,22.7922,6211,0
BSMS.US,D,20230925,000000,22.74,22.74,22.675,22.675,9686,0
BSMS.US,D,20230926,000000,22.645,22.69,22.59,22.6,39878,0
BSMS.US,D,20230927,000000,22.65,22.65,22.58,22.6062,18633,0
BSMS.US,D,20230928,000000,22.579,22.579,22.53,22.56,529,0
BSMS.US,D,20230929,000000,22.61,22.61,22.5294,22.5294,6466,0
BSMS.US,D,20231002,000000,22.49,22.55,22.48,22.48,25797,0
BSMS.US,D,20231003,000000,22.42,22.47,22.42,22.4354,53670,0
BSMS.US,D,20231004,000000,22.4195,22.49,22.4195,22.485,63219,0
BSMS.US,D,20231005,000000,22.5,22.52,22.48,22.48,7568,0
BSMS.US,D,20231006,000000,22.3824,22.43,22.3732,22.43,9965,0
BSMS.US,D,20231009,000000,22.44,22.54,22.44,22.515,4270,0
BSMS.US,D,20231010,000000,22.485,22.568,22.485,22.5416,10981,0
BSMS.US,D,20231011,000000,22.66,22.77,22.6388,22.73,51783,0
BSMS.US,D,20231012,000000,22.6425,22.66,22.59,22.59,12963,0
BSMS.US,D,20231013,000000,22.69,22.72,22.66,22.72,23875,0
BSMS.US,D,20231016,000000,22.68,22.7,22.57,22.6188,30955,0
BSMS.US,D,20231017,000000,22.53,22.5499,22.49,22.54,13694,0
BSMS.US,D,20231018,000000,22.46,22.5999,22.45,22.45,24506,0
BSMS.US,D,20231019,000000,22.54,22.54,22.423,22.5,18321,0
BSMS.US,D,20231020,000000,22.46,22.48,22.425,22.48,17474,0
BSMS.US,D,20231023,000000,22.5,22.5,22.39,22.4192,139712,0
BSMS.US,D,20231024,000000,22.36,22.41,22.35,22.37,23601,0
BSMS.US,D,20231025,000000,22.43,22.43,22.325,22.34,4314,0
BSMS.US,D,20231026,000000,22.38,22.46,22.38,22.4054,21948,0
BSMS.US,D,20231027,000000,22.35,22.38,22.25,22.37,72230,0
BSMS.US,D,20231030,000000,22.355,22.53,22.28,22.331,19169,0
BSMS.US,D,20231031,000000,22.37,22.45,22.28,22.32,43678,0
BSMS.US,D,20231101,000000,22.32,22.43,22.32,22.42,89015,0
BSMS.US,D,20231102,000000,22.53,22.61,22.4901,22.54,51234,0
BSMS.US,D,20231103,000000,22.71,22.76,22.65,22.67,33172,0
BSMS.US,D,20231106,000000,22.63,22.69,22.61,22.6496,140444,0
BSMS.US,D,20231107,000000,22.77,22.81,22.715,22.81,20505,0
BSMS.US,D,20231108,000000,22.74,22.81,22.7,22.75,35245,0
BSMS.US,D,20231109,000000,22.83,22.83,22.72,22.7473,4712,0
BSMS.US,D,20231110,000000,22.76,22.87,22.75,22.87,26383,0
BSMS.US,D,20231113,000000,22.82,22.85,22.75,22.81,13772,0
BSMS.US,D,20231114,000000,23.02,23.05,22.96,22.9621,38807,0
BSMS.US,D,20231115,000000,22.89,22.99,22.88,22.9338,59353,0
BSMS.US,D,20231116,000000,23.01,23.05,22.99,23.0044,12479,0
BSMS.US,D,20231117,000000,23.04,23.07,22.9996,23.0356,24692,0
BSMS.US,D,20231120,000000,22.9986,23.06,22.95,23.04,12008,0
BSMS.US,D,20231121,000000,23.09,23.13,23.045,23.0733,42560,0
BSMS.US,D,20231122,000000,23.085,23.12,23.065,23.115,14153,0
BSMS.US,D,20231124,000000,23.1,23.12,23.09,23.115,11336,0
BSMS.US,D,20231127,000000,23.06,23.16,23.06,23.11,18874,0
BSMS.US,D,20231128,000000,23.111,23.21,23.1,23.1894,15212,0
BSMS.US,D,20231129,000000,23.275,23.3399,23.27,23.315,12215,0
BSMS.US,D,20231130,000000,23.289,23.33,23.27,23.2951,12277,0
BSMS.US,D,20231201,000000,23.35,23.41,23.34,23.3975,42220,0
BSMS.US,D,20231204,000000,23.39,23.39,23.32,23.3597,30307,0
BSMS.US,D,20231205,000000,23.3903,23.46,23.3903,23.46,35782,0
BSMS.US,D,20231206,000000,23.4,23.53,23.4,23.49,27619,0
BSMS.US,D,20231207,000000,23.53,23.54,23.48,23.5,27982,0
BSMS.US,D,20231208,000000,23.44,23.48,23.4,23.475,46776,0
BSMS.US,D,20231211,000000,23.4412,23.51,23.4412,23.49,21022,0
BSMS.US,D,20231212,000000,23.53,23.53,23.49,23.5022,23828,0
BSMS.US,D,20231213,000000,23.4781,23.62,23.4781,23.58,14185,0
BSMS.US,D,20231214,000000,23.68,23.7,23.62,23.675,12032,0
BSMS.US,D,20231215,000000,23.7,23.7,23.63,23.67,15750,0
BSMS.US,D,20231218,000000,23.6014,23.68,23.585,23.615,11762,0
BSMS.US,D,20231219,000000,23.6,23.64,23.49,23.592,32907,0
BSMS.US,D,20231220,000000,23.73,23.73,23.6298,23.68,30735,0
BSMS.US,D,20231221,000000,23.74,23.74,23.64,23.665,25365,0
BSMS.US,D,20231222,000000,23.7,23.72,23.665,23.6945,31999,0
BSMS.US,D,20231226,000000,23.6706,23.725,23.6706,23.72,20605,0
BSMS.US,D,20231227,000000,23.73,23.79,23.72,23.745,63202,0
BSMS.US,D,20231228,000000,23.77,23.77,23.7001,23.71,20298,0
BSMS.US,D,20231229,000000,23.7117,23.755,23.6949,23.755,18603,0
BSMS.US,D,20240102,000000,23.71,23.74,23.6999,23.7246,42318,0
BSMS.US,D,20240103,000000,23.67,23.81,23.67,23.745,160481,0
BSMS.US,D,20240104,000000,23.73,23.73,23.68,23.7099,40235,0
BSMS.US,D,20240105,000000,23.665,23.71,23.665,23.6952,11392,0
BSMS.US,D,20240108,000000,23.74,23.8,23.71,23.725,84875,0
BSMS.US,D,20240109,000000,23.75,23.77,23.73,23.73,22002,0
BSMS.US,D,20240110,000000,23.7,23.735,23.6901,23.725,29137,0
BSMS.US,D,20240111,000000,23.6997,23.735,23.66,23.71,2169,0
BSMS.US,D,20240112,000000,23.7,23.73,23.69,23.71,4052,0
BSMS.US,D,20240116,000000,23.63,23.72,23.63,23.66,9050,0
BSMS.US,D,20240117,000000,23.6,23.6198,23.56,23.59,15561,0
BSMS.US,D,20240118,000000,23.61,23.63,23.53,23.5691,66031,0
BSMS.US,D,20240119,000000,23.53,23.54,23.49,23.5195,2968,0
BSMS.US,D,20240122,000000,23.53,23.55,23.5,23.515,33918,0
BSMS.US,D,20240123,000000,23.47,23.52,23.45,23.485,33523,0
BSMS.US,D,20240124,000000,23.52,23.52,23.4554,23.4554,20099,0
BSMS.US,D,20240125,000000,23.5,23.5599,23.495,23.495,21732,0
BSMS.US,D,20240126,000000,23.4892,23.508,23.48,23.49,21103,0
BSMS.US,D,20240129,000000,23.52,23.57,23.5,23.555,37992,0
BSMS.US,D,20240130,000000,23.56,23.58,23.52,23.5737,20905,0
BSMS.US,D,20240131,000000,23.6,23.68,23.6,23.66,26935,0
BSMS.US,D,20240201,000000,23.69,23.75,23.66,23.7,17728,0
BSMS.US,D,20240202,000000,23.69,23.71,23.59,23.635,101885,0
BSMS.US,D,20240205,000000,23.7,23.7,23.53,23.56,42805,0
BSMS.US,D,20240206,000000,23.57,23.65,23.545,23.58,16012,0
BSMS.US,D,20240207,000000,23.6,23.6,23.565,23.5799,5386,0
BSMS.US,D,20240208,000000,23.64,23.64,23.5503,23.5703,7223,0
BSMS.US,D,20240209,000000,23.565,23.61,23.5412,23.59,21172,0
BSMS.US,D,20240212,000000,23.64,23.64,23.58,23.6063,15402,0
BSMS.US,D,20240213,000000,23.5398,23.54,23.49,23.51,22330,0
BSMS.US,D,20240214,000000,23.55,23.5996,23.55,23.5758,28255,0
BSMS.US,D,20240215,000000,23.585,23.61,23.58,23.595,13323,0
BSMS.US,D,20240216,000000,23.57,23.6,23.531,23.565,8261,0
BSMS.US,D,20240220,000000,23.6,23.6,23.51,23.51,60251,0
BSMS.US,D,20240221,000000,23.535,23.5399,23.46,23.471,64699,0
BSMS.US,D,20240222,000000,23.6,23.6,23.44,23.475,35334,0
BSMS.US,D,20240223,000000,23.58,23.58,23.51,23.54,77523,0
BSMS.US,D,20240226,000000,23.59,23.59,23.53,23.53,10904,0
BSMS.US,D,20240227,000000,23.58,23.58,23.555,23.57,11474,0
BSMS.US,D,20240228,000000,23.58,23.61,23.57,23.59,17125,0
BSMS.US,D,20240229,000000,23.59,23.6,23.56,23.6,10576,0
BSMS.US,D,20240301,000000,23.53,23.64,23.53,23.63,20005,0
BSMS.US,D,20240304,000000,23.59,23.61,23.55,23.58,7443,0
BSMS.US,D,20240305,000000,23.55,23.66,23.55,23.64,8333,0
BSMS.US,D,20240306,000000,23.61,23.67,23.57,23.62,33641,0
BSMS.US,D,20240307,000000,23.625,23.625,23.56,23.5899,40092,0
BSMS.US,D,20240308,000000,23.63,23.67,23.625,23.64,14413,0
BSMS.US,D,20240311,000000,23.67,23.67,23.63,23.64,8578,0
BSMS.US,D,20240312,000000,23.635,23.64,23.63,23.635,17016,0
BSMS.US,D,20240313,000000,23.645,23.66,23.64,23.645,12788,0
BSMS.US,D,20240314,000000,23.69,23.69,23.58,23.58,14400,0
BSMS.US,D,20240315,000000,23.582,23.6,23.54,23.6,12989,0
BSMS.US,D,20240318,000000,23.6,23.6,23.5,23.52,32282,0
BSMS.US,D,20240319,000000,23.5301,23.57,23.5201,23.57,16566,0
BSMS.US,D,20240320,000000,23.535,23.57,23.52,23.56,19325,0
BSMS.US,D,20240321,000000,23.56,23.56,23.52,23.53,35885,0
BSMS.US,D,20240322,000000,23.57,23.6,23.52,23.5695,23494,0
BSMS.US,D,20240325,000000,23.57,23.57,23.51,23.525,22734,0
BSMS.US,D,20240326,000000,23.54,23.54,23.49,23.4955,12359,0
BSMS.US,D,20240327,000000,23.4799,23.5,23.46,23.46,9748,0
BSMS.US,D,20240328,000000,23.51,23.51,23.46,23.48,16264,0
BSMS.US,D,20240401,000000,23.44,23.459,23.4133,23.435,11719,0
BSMS.US,D,20240402,000000,23.43,23.43,23.37,23.3754,10402,0
BSMS.US,D,20240403,000000,23.3251,23.38,23.32,23.36,24196,0
BSMS.US,D,20240404,000000,23.35,23.365,23.34,23.36,29518,0
BSMS.US,D,20240405,000000,23.29,23.34,23.29,23.32,23422,0
BSMS.US,D,20240408,000000,23.31,23.34,23.31,23.33,1316,0
BSMS.US,D,20240409,000000,23.39,23.4,23.35,23.385,22870,0
BSMS.US,D,20240410,000000,23.2661,23.2799,23.24,23.25,33694,0
BSMS.US,D,20240411,000000,23.2629,23.29,23.25,23.285,10836,0
BSMS.US,D,20240412,000000,23.315,23.355,23.315,23.335,21345,0
BSMS.US,D,20240415,000000,23.29,23.34,23.29,23.3253,7153,0
BSMS.US,D,20240416,000000,23.28,23.29,23.2699,23.285,9916,0
BSMS.US,D,20240417,000000,23.3,23.34,23.275,23.3254,9519,0
BSMS.US,D,20240418,000000,23.3,23.32,23.27,23.305,9851,0
BSMS.US,D,20240419,000000,23.31,23.3391,23.3,23.315,13408,0
BSMS.US,D,20240422,000000,23.28,23.29,23.24,23.2553,6613,0
BSMS.US,D,20240423,000000,23.3,23.3,23.2652,23.2652,7160,0
BSMS.US,D,20240424,000000,23.23,23.27,23.23,23.2419,12600,0
BSMS.US,D,20240425,000000,23.23,23.23,23.2,23.21,9567,0
BSMS.US,D,20240426,000000,23.24,23.24,23.21,23.23,6988,0
BSMS.US,D,20240429,000000,23.21,23.2477,23.21,23.2265,10330,0
BSMS.US,D,20240430,000000,23.22,23.23,23.2068,23.21,7689,0
BSMS.US,D,20240501,000000,23.26,23.27,23.22,23.2468,13923,0
BSMS.US,D,20240502,000000,23.26,23.27,23.24,23.265,9551,0
BSMS.US,D,20240503,000000,23.29,23.33,23.28,23.33,9255,0
BSMS.US,D,20240506,000000,23.33,23.35,23.305,23.345,6624,0
BSMS.US,D,20240507,000000,23.365,23.39,23.3601,23.3792,23284,0
BSMS.US,D,20240508,000000,23.4,23.4,23.39,23.395,5614,0
BSMS.US,D,20240509,000000,23.39,23.41,23.375,23.3946,17505,0
BSMS.US,D,20240510,000000,23.41,23.41,23.35,23.3654,11542,0
BSMS.US,D,20240513,000000,23.39,23.4,23.34,23.34,23992,0
BSMS.US,D,20240514,000000,23.36,23.4,23.355,23.3793,25818,0
BSMS.US,D,20240515,000000,23.39,23.45,23.39,23.415,19852,0
BSMS.US,D,20240516,000000,23.395,23.42,23.38,23.3816,12733,0
BSMS.US,D,20240517,000000,23.389,23.395,23.31,23.33,24288,0
BSMS.US,D,20240520,000000,23.28,23.28,23.25,23.27,8413,0
BSMS.US,D,20240521,000000,23.24,23.27,23.23,23.25,16703,0
BSMS.US,D,20240522,000000,23.21,23.21,23.19,23.195,9678,0
BSMS.US,D,20240523,000000,23.15,23.16,23.11,23.11,41159,0
BSMS.US,D,20240524,000000,23.13,23.14,23.09,23.13,20841,0
BSMS.US,D,20240528,000000,23.1,23.13,23.1,23.13,18178,0
BSMS.US,D,20240529,000000,23.089,23.089,23.05,23.05,7530,0
BSMS.US,D,20240530,000000,23.05,23.09,23.05,23.06,27377,0
BSMS.US,D,20240531,000000,23.1,23.1,23.06,23.07,29912,0
BSMS.US,D,20240603,000000,23.0826,23.14,23.0826,23.1149,19182,0
BSMS.US,D,20240604,000000,23.15,23.17,23.1041,23.17,13451,0
BSMS.US,D,20240605,000000,23.2,23.25,23.175,23.24,36630,0
BSMS.US,D,20240606,000000,23.21,23.29,23.21,23.2683,34447,0
BSMS.US,D,20240607,000000,23.21,23.21,23.175,23.205,10812,0
BSMS.US,D,20240610,000000,23.189,23.21,23.17,23.21,3914,0
BSMS.US,D,20240611,000000,23.21,23.27,23.195,23.22,20674,0
BSMS.US,D,20240612,000000,23.31,23.35,23.3,23.3249,12268,0
BSMS.US,D,20240613,000000,23.31,23.38,23.31,23.3704,14586,0
BSMS.US,D,20240614,000000,23.35,23.4,23.35,23.39,39753,0
BSMS.US,D,20240617,000000,23.34,23.36,23.32,23.3359,11387,0
BSMS.US,D,20240618,000000,23.34,23.43,23.34,23.3955,26990,0
BSMS.US,D,20240620,000000,23.3,23.37,23.2901,23.34,112786,0
BSMS.US,D,20240621,000000,23.31,23.37,23.29,23.31,19216,0
BSMS.US,D,20240624,000000,23.2799,23.3,23.261,23.3,1604,0
BSMS.US,D,20240625,000000,23.29,23.299,23.24,23.27,40321,0
BSMS.US,D,20240626,000000,23.249,23.27,23.21,23.235,16106,0
BSMS.US,D,20240627,000000,23.22,23.28,23.21,23.21,12034,0
BSMS.US,D,20240628,000000,23.26,23.27,23.22,23.23,15633,0
BSMS.US,D,20240701,000000,23.17,23.2,23.15,23.15,21594,0
BSMS.US,D,20240702,000000,23.23,23.24,23.19,23.2097,23715,0
BSMS.US,D,20240703,000000,23.24,23.34,23.24,23.2837,22433,0
BSMS.US,D,20240705,000000,23.3,23.34,23.28,23.31,10032,0
BSMS.US,D,20240708,000000,23.39,23.39,23.3002,23.33,14202,0
BSMS.US,D,20240709,000000,23.33,23.34,23.3101,23.34,20874,0
BSMS.US,D,20240710,000000,23.33,23.36,23.3,23.31,60727,0
BSMS.US,D,20240711,000000,23.38,23.4,23.3632,23.3854,19744,0
BSMS.US,D,20240712,000000,23.3899,23.42,23.375,23.42,18770,0
BSMS.US,D,20240715,000000,23.42,23.42,23.36,23.395,22602,0
BSMS.US,D,20240716,000000,23.4099,23.45,23.361,23.41,30333,0
BSMS.US,D,20240717,000000,23.41,23.43,23.4002,23.425,8151,0
BSMS.US,D,20240718,000000,23.39,23.44,23.39,23.425,64899,0
BSMS.US,D,20240719,000000,23.4092,23.429,23.4092,23.415,10007,0
BSMS.US,D,20240722,000000,23.37,23.37,23.31,23.34,16713,0
BSMS.US,D,20240723,000000,23.3497,23.37,23.33,23.34,22882,0
BSMS.US,D,20240724,000000,23.34,23.38,23.32,23.3296,9990,0
BSMS.US,D,20240725,000000,23.37,23.37,23.33,23.344,13018,0
BSMS.US,D,20240726,000000,23.38,23.38,23.33,23.3641,40034,0
BSMS.US,D,20240729,000000,23.37,23.38,23.36,23.375,29439,0
BSMS.US,D,20240730,000000,23.36,23.3803,23.32,23.35,110703,0
BSMS.US,D,20240731,000000,23.389,23.4089,23.35,23.4089,10312,0
BSMS.US,D,20240801,000000,23.4,23.46,23.4,23.4351,6706,0
BSMS.US,D,20240802,000000,23.5299,23.54,23.45,23.4554,176742,0
BSMS.US,D,20240805,000000,23.51,23.525,23.47,23.4851,35614,0
BSMS.US,D,20240806,000000,23.44,23.45,23.42,23.4391,33808,0
BSMS.US,D,20240807,000000,23.45,23.45,23.37,23.3749,18706,0
BSMS.US,D,20240808,000000,23.37,23.37,23.27,23.3154,15231,0
BSMS.US,D,20240809,000000,23.33,23.3568,23.31,23.345,44042,0
BSMS.US,D,20240812,000000,23.33,23.4066,23.33,23.3829,18995,0
BSMS.US,D,20240813,000000,23.395,23.41,23.39,23.39,9002,0
BSMS.US,D,20240814,000000,23.41,23.45,23.4,23.445,29815,0
BSMS.US,D,20240815,000000,23.33,23.39,23.32,23.32,18844,0
BSMS.US,D,20240816,000000,23.39,23.41,23.37,23.38,32099,0
BSMS.US,D,20240819,000000,23.3,23.37,23.3,23.33,12924,0
BSMS.US,D,20240820,000000,23.362,23.4,23.36,23.3794,4381,0
BSMS.US,D,20240821,000000,23.39,23.405,23.3885,23.405,19454,0
BSMS.US,D,20240822,000000,23.37,23.4,23.35,23.365,21925,0
BSMS.US,D,20240823,000000,23.39,23.46,23.3603,23.455,13874,0
BSMS.US,D,20240826,000000,23.46,23.46,23.43,23.46,39502,0
BSMS.US,D,20240827,000000,23.418,23.42,23.4049,23.415,8862,0
BSMS.US,D,20240828,000000,23.42,23.46,23.41,23.435,29298,0
BSMS.US,D,20240829,000000,23.38,23.415,23.375,23.38,8345,0
BSMS.US,D,20240830,000000,23.41,23.43,23.37,23.4,17753,0
BSMS.US,D,20240903,000000,23.43,23.46,23.4,23.4442,42838,0
BSMS.US,D,20240904,000000,23.46,23.48,23.45,23.4608,19515,0
BSMS.US,D,20240905,000000,23.474,23.48,23.45,23.475,8900,0
BSMS.US,D,20240906,000000,23.53,23.53,23.48,23.52,12523,0
BSMS.US,D,20240909,000000,23.48,23.53,23.46,23.465,36775,0
BSMS.US,D,20240910,000000,23.47,23.56,23.45,23.495,44186,0
BSMS.US,D,20240911,000000,23.5,23.5501,23.5,23.525,33919,0
BSMS.US,D,20240912,000000,23.51,23.52,23.49,23.5054,12933,0
BSMS.US,D,20240913,000000,23.558,23.56,23.52,23.55,35026,0
BSMS.US,D,20240916,000000,23.53,23.57,23.53,23.565,10693,0
BSMS.US,D,20240917,000000,23.56,23.56,23.52,23.535,80071,0
BSMS.US,D,20240918,000000,23.52,23.62,23.5,23.525,39879,0
BSMS.US,D,20240919,000000,23.5124,23.61,23.5,23.547,49582,0
BSMS.US,D,20240920,000000,23.54,23.56,23.51,23.5454,7563,0
BSMS.US,D,20240923,000000,23.51,23.56,23.51,23.56,17460,0
BSMS.US,D,20240924,000000,23.51,23.5699,23.51,23.54,15043,0
BSMS.US,D,20240925,000000,23.5422,23.55,23.51,23.53,8479,0
BSMS.US,D,20240926,000000,23.53,23.54,23.5,23.51,17890,0
BSMS.US,D,20240927,000000,23.53,23.5899,23.47,23.565,26315,0
BSMS.US,D,20240930,000000,23.55,23.58,23.55,23.58,36481,0
BSMS.US,D,20241001,000000,23.59,23.62,23.59,23.6,22870,0
BSMS.US,D,20241002,000000,23.6,23.63,23.54,23.595,34076,0
BSMS.US,D,20241003,000000,23.56,23.59,23.55,23.56,30381,0
BSMS.US,D,20241004,000000,23.61,23.61,23.475,23.49,43792,0
BSMS.US,D,20241007,000000,23.4796,23.53,23.46,23.51,17628,0
BSMS.US,D,20241008,000000,23.4995,23.53,23.49,23.515,14509,0
BSMS.US,D,20241009,000000,23.52,23.52,23.48,23.505,12573,0
BSMS.US,D,20241010,000000,23.55,23.55,23.5,23.52,15559,0
BSMS.US,D,20241011,000000,23.5001,23.55,23.4977,23.535,58807,0
BSMS.US,D,20241014,000000,23.49,23.5,23.48,23.49,39716,0
BSMS.US,D,20241015,000000,23.5,23.56,23.48,23.5098,183226,0
BSMS.US,D,20241016,000000,23.55,23.55,23.52,23.55,64795,0
BSMS.US,D,20241017,000000,23.51,23.52,23.506642,23.5102,21361,0
BSMS.US,D,20241018,000000,23.52,23.53,23.51,23.5155,22015,0
BSMS.US,D,20241021,000000,23.45,23.45,23.3904,23.3904,9669,0
BSMS.US,D,20241022,000000,23.4093,23.4093,23.365,23.3741,30794,0
BSMS.US,D,20241023,000000,23.309,23.309,23.22,23.2587,11579,0
BSMS.US,D,20241024,000000,23.26,23.3,23.2599,23.3,22762,0
BSMS.US,D,20241025,000000,23.34,23.39,23.3,23.3276,142609,0
BSMS.US,D,20241028,000000,23.43,23.43,23.3673,23.39,17516,0
BSMS.US,D,20241029,000000,23.38,23.38,23.33,23.34,14409,0
BSMS.US,D,20241030,000000,23.35,23.36,23.28,23.34,19229,0
BSMS.US,D,20241031,000000,23.41,23.41,23.3,23.34,62709,0
BSMS.US,D,20241101,000000,23.4,23.44,23.31,23.31,158246,0
BSMS.US,D,20241104,000000,23.38,23.43,23.38,23.39,28165,0
