<TICKER>,<PER>,<DATE>,<TIME>,<OPEN>,<HIGH>,<LOW>,<CLOSE>,<VOL>,<OPENINT>
BSMT.US,D,20190927,000000,24.1813,24.1912,24.1813,24.1813,2062.4713132496,0
BSMT.US,D,20191009,000000,24.4054,24.4054,24.4054,24.4054,2274.3415406575,0
BSMT.US,D,20191011,000000,24.1713,24.1713,24.1713,24.1713,522.14463626573,0
BSMT.US,D,20191021,000000,24.0687,24.0687,24.0687,24.0687,1133.6563352769,0
BSMT.US,D,20191025,000000,24.0269,24.0269,24.0269,24.0269,1045.293396832,0
BSMT.US,D,20191028,000000,24.017,24.017,24.017,24.017,510.0951446596,0
BSMT.US,D,20191031,000000,24.1703,24.1703,24.1703,24.1703,112.46192165724,0
BSMT.US,D,20191101,000000,24.1325,24.1325,24.1245,24.1245,1544.3431741859,0
BSMT.US,D,20191107,000000,23.9393,23.9493,23.9393,23.9393,624.56531491785,0
BSMT.US,D,20191108,000000,23.8804,23.8804,23.8804,23.8804,1367.617297296,0
BSMT.US,D,20191113,000000,23.9194,23.9293,23.9184,23.9184,22656.056592431,0
BSMT.US,D,20191119,000000,24.008,24.0269,23.998,24.003,23635.077785429,0
BSMT.US,D,20191120,000000,24.0667,24.0897,24.0667,24.0897,4529.6047196052,0
BSMT.US,D,20191121,000000,24.0618,24.0618,24.0568,24.0618,1132.6522109764,0
BSMT.US,D,20191125,000000,24.1046,24.1046,24.0897,24.0897,303.24553875433,0
BSMT.US,D,20191202,000000,24.1235,24.1235,24.0857,24.0857,354.45587808039,0
BSMT.US,D,20191203,000000,24.1325,24.1862,24.1325,24.1862,15751.697902116,0
BSMT.US,D,20191204,000000,24.1524,24.1524,24.1424,24.1424,152.62689367768,0
BSMT.US,D,20191209,000000,24.1773,24.1773,24.1664,24.1664,112.46192165724,0
BSMT.US,D,20191210,000000,24.1614,24.1713,24.1614,24.1713,109.4495487557,0
BSMT.US,D,20191212,000000,24.2401,24.2401,24.1763,24.1763,43537.825545857,0
BSMT.US,D,20191219,000000,24.1912,24.2012,24.1912,24.2012,2158.8672460987,0
BSMT.US,D,20191220,000000,24.1674,24.1813,24.1664,24.1664,1837.5474699351,0
BSMT.US,D,20191223,000000,24.1564,24.1564,24.1564,24.1564,2158.8672460987,0
BSMT.US,D,20191227,000000,24.2012,24.2012,24.1862,24.1862,1334.4811953792,0
BSMT.US,D,20191230,000000,24.2301,24.2401,24.2201,24.2201,2847.6965162492,0
BSMT.US,D,20200102,000000,24.2201,24.2301,24.2201,24.2201,4735.45020121,0
BSMT.US,D,20200103,000000,24.2888,24.3475,24.2888,24.3475,23635.077785429,0
BSMT.US,D,20200106,000000,24.3765,24.3765,24.3725,24.3725,433.78169782076,0
BSMT.US,D,20200109,000000,24.4452,24.4562,24.4362,24.4462,3011.3687772325,0
BSMT.US,D,20200110,000000,24.4562,24.4562,24.4462,24.4462,6680.4389712998,0
BSMT.US,D,20200113,000000,24.4462,24.4462,24.4262,24.4262,1853.6134587434,0
BSMT.US,D,20200114,000000,24.4661,24.486,24.4661,24.4661,6594.0842814559,0
BSMT.US,D,20200115,000000,24.5019,24.5329,24.5019,24.5129,5107.9803166996,0
BSMT.US,D,20200117,000000,24.5617,24.5617,24.5049,24.5049,3902.0270317858,0
BSMT.US,D,20200127,000000,24.7598,24.7658,24.7598,24.7608,1028.2232837232,0
BSMT.US,D,20200128,000000,24.7489,24.7489,24.729,24.729,3537.5299107003,0
BSMT.US,D,20200131,000000,24.8545,24.8645,24.8335,24.8595,1129.6398380749,0
BSMT.US,D,20200203,000000,24.8196,24.8545,24.8147,24.8545,10131.614192156,0
BSMT.US,D,20200204,000000,24.7708,24.7748,24.7608,24.7608,2726.1974758874,0
BSMT.US,D,20200206,000000,24.739,24.744,24.739,24.744,558.29311108413,0
BSMT.US,D,20200207,000000,24.7848,24.8147,24.7848,24.7948,29369.631665646,0
BSMT.US,D,20200212,000000,24.8147,24.8147,24.8048,24.8048,428.76107631821,0
BSMT.US,D,20200218,000000,24.8834,24.8834,24.8745,24.8745,560.30135968515,0
BSMT.US,D,20200219,000000,24.9222,24.9222,24.9022,24.9022,291.1960471482,0
BSMT.US,D,20200220,000000,24.962,24.9839,24.962,24.972,4466.344888673,0
BSMT.US,D,20200221,000000,25.0716,25.0965,25.0706,25.0965,11284.348889143,0
BSMT.US,D,20200224,000000,25.2857,25.2857,25.2659,25.2659,518.12813906369,0
BSMT.US,D,20200226,000000,25.3435,25.3435,25.3186,25.3186,589.42096439997,0
BSMT.US,D,20200228,000000,25.3624,25.3673,25.3146,25.3435,5428.2959685626,0
BSMT.US,D,20200302,000000,25.4083,25.4083,25.3346,25.3346,201.82898440272,0
BSMT.US,D,20200304,000000,25.3534,25.3534,25.3346,25.3346,1041.27689963,0
BSMT.US,D,20200305,000000,25.3534,25.3534,25.3346,25.3346,199.82073580169,0
BSMT.US,D,20200306,000000,25.3903,25.4182,25.3793,25.3793,6602.11727586,0
BSMT.US,D,20200310,000000,25.2757,25.2757,25.1672,25.1672,475.95491844222,0
BSMT.US,D,20200311,000000,24.8923,24.8923,24.7648,24.7648,203.83723300373,0
BSMT.US,D,20200312,000000,23.9861,23.9861,23.4174,23.4174,14912.249986889,0
BSMT.US,D,20200313,000000,23.782,23.8696,23.782,23.8547,36252.90374565,0
BSMT.US,D,20200317,000000,23.4692,23.5289,23.3377,23.3377,2085.5661721613,0
BSMT.US,D,20200318,000000,22.9922,22.9922,22.9344,22.9344,200.82486010221,0
BSMT.US,D,20200319,000000,22.9115,23.0489,22.2522,22.2522,20060.39527561,0
BSMT.US,D,20200323,000000,21.322,21.5491,21.3022,21.5491,2861.7542564565,0
BSMT.US,D,20200324,000000,21.9176,21.9306,21.7961,21.8479,2117.6981497777,0
BSMT.US,D,20200325,000000,22.3747,22.9932,22.3747,22.9932,838.4437909267,0
BSMT.US,D,20200330,000000,24.5009,24.5009,24.5009,24.5009,515.11576616215,0
BSMT.US,D,20200331,000000,24.256,24.256,23.9313,24.0927,2043.3929515399,0
BSMT.US,D,20200402,000000,23.1196,23.1196,23.1196,23.1196,592.4333373015,0
BSMT.US,D,20200403,000000,23.2083,23.2083,23.0898,23.0898,216.89084891039,0
BSMT.US,D,20200408,000000,23.8047,23.8047,23.6913,23.6913,1024.2067865212,0
BSMT.US,D,20200415,000000,24.1992,24.3327,24.1454,24.1454,616.53232051377,0
BSMT.US,D,20200416,000000,24.1733,24.3625,24.1733,24.1952,19359.516513853,0
BSMT.US,D,20200420,000000,24.2838,24.2838,24,24.1026,3571.6701369177,0
BSMT.US,D,20200421,000000,24.0548,24.1255,23.8814,24.019,2816.5686629335,0
BSMT.US,D,20200422,000000,24.0488,24.0588,23.9502,23.9502,305.25378735535,0
BSMT.US,D,20200423,000000,23.9701,23.9701,23.8377,23.8377,100.4124300511,0
BSMT.US,D,20200424,000000,23.784,23.8337,23.7103,23.7103,1557.3967900926,0
BSMT.US,D,20200427,000000,23.7939,23.7939,23.7003,23.7003,238.98158352162,0
BSMT.US,D,20200428,000000,23.784,23.784,23.6455,23.6455,268.10118823644,0
BSMT.US,D,20200504,000000,23.8914,23.8914,23.789,23.789,613.51994761223,0
BSMT.US,D,20200505,000000,23.9303,23.9303,23.739,23.8477,489.00853434887,0
BSMT.US,D,20200506,000000,23.778,23.8427,23.778,23.8427,115.47429455876,0
BSMT.US,D,20200512,000000,24.1165,24.1255,24.0239,24.0289,3264.4081009614,0
BSMT.US,D,20200513,000000,24.1165,24.1165,24.0927,24.0927,2668.9623907583,0
BSMT.US,D,20200518,000000,24.3535,24.3535,24.2361,24.2361,1838.5515942356,0
BSMT.US,D,20200519,000000,24.3735,24.4024,24.3425,24.3585,2668.9623907583,0
BSMT.US,D,20200520,000000,24.4222,24.4222,24.3875,24.3875,237.97745922112,0
BSMT.US,D,20200521,000000,24.5149,24.5149,24.4671,24.4671,101.41655435161,0
BSMT.US,D,20200526,000000,24.5687,24.6871,24.5687,24.6085,1651.7844743407,0
BSMT.US,D,20200527,000000,24.7071,24.7171,24.6324,24.6324,493.02503155092,0
BSMT.US,D,20200528,000000,24.6773,24.6773,24.5826,24.5826,2548.467474697,0
BSMT.US,D,20200529,000000,24.746,24.7738,24.6871,24.6871,8301.0955923246,0
BSMT.US,D,20200601,000000,24.7638,24.7638,24.7051,24.7051,1272.2254887474,0
BSMT.US,D,20200603,000000,24.6971,24.7271,24.6723,24.6723,3463.2247124625,0
BSMT.US,D,20200604,000000,24.7548,24.7838,24.7121,24.7121,1282.2667317526,0
BSMT.US,D,20200605,000000,24.7171,24.7171,24.6264,24.6264,334.37339207018,0
BSMT.US,D,20200610,000000,24.8335,24.8635,24.7778,24.7778,5926.341621616,0
BSMT.US,D,20200612,000000,24.8038,24.8535,24.7838,24.8535,8301.0955923246,0
BSMT.US,D,20200615,000000,24.9512,24.9512,24.8834,24.8834,248.01870222622,0
BSMT.US,D,20200617,000000,24.9072,24.9412,24.8735,24.8735,1129.6398380749,0
BSMT.US,D,20200618,000000,24.9282,24.961,24.8785,24.8785,4380.9943231296,0
BSMT.US,D,20200619,000000,24.9412,24.9442,24.8873,24.8873,1580.4916490043,0
BSMT.US,D,20200623,000000,24.9999,24.9999,24.9202,24.9202,820.3695535175,0
BSMT.US,D,20200625,000000,24.9202,24.9202,24.9152,24.9152,106.43717585417,0
BSMT.US,D,20200701,000000,24.9999,25.0099,24.9482,24.9482,1692.9535706616,0
BSMT.US,D,20200702,000000,24.9949,24.9949,24.965,24.965,177.73000119045,0
BSMT.US,D,20200706,000000,25.0496,25.0496,24.97,25.0049,2168.9084891039,0
BSMT.US,D,20200707,000000,25.0496,25.0796,25.0496,25.0796,5151.1576616215,0
BSMT.US,D,20200709,000000,25.1164,25.1194,25.0796,25.0796,1849.5969615413,0
BSMT.US,D,20200713,000000,25.218,25.218,25.218,25.218,2424.9601857341,0
BSMT.US,D,20200715,000000,25.2767,25.2767,25.2767,25.2767,699.87463745619,0
BSMT.US,D,20200716,000000,25.3066,25.3833,25.2619,25.2619,10846.550694119,0
BSMT.US,D,20200717,000000,25.3046,25.3643,25.3046,25.3366,10822.451710908,0
BSMT.US,D,20200720,000000,25.3833,25.3833,25.3366,25.3366,194.80011429914,0
BSMT.US,D,20200723,000000,25.46,25.46,25.3873,25.3873,515.11576616215,0
BSMT.US,D,20200724,000000,25.4132,25.48,25.4003,25.4003,625.56943921836,0
BSMT.US,D,20200728,000000,25.4899,25.5097,25.4899,25.5097,605.48695320814,0
BSMT.US,D,20200730,000000,25.5397,25.5497,25.485,25.485,399.64147160339,0
BSMT.US,D,20200731,000000,25.5147,25.5794,25.5147,25.5794,982.03356589978,0
BSMT.US,D,20200803,000000,25.5794,25.5794,25.462,25.5147,563.31373258668,0
BSMT.US,D,20200804,000000,25.6294,25.6581,25.6294,25.6492,2569.5540850077,0
BSMT.US,D,20200805,000000,25.5994,25.6691,25.5994,25.6164,685.81689724903,0
BSMT.US,D,20200810,000000,25.6971,25.7777,25.6971,25.7239,1738.1391641846,0
BSMT.US,D,20200812,000000,25.7159,25.7976,25.7159,25.7189,679.79215144596,0
BSMT.US,D,20200814,000000,25.7777,25.7777,25.6791,25.6791,511.09926896011,0
BSMT.US,D,20200817,000000,25.7189,25.7189,25.6991,25.6991,2443.0344231433,0
BSMT.US,D,20200818,000000,25.7089,25.7189,25.6392,25.6392,6755.7482938382,0
BSMT.US,D,20200819,000000,25.6492,25.6492,25.5695,25.5695,192.79186569812,0
BSMT.US,D,20200820,000000,25.6492,25.6492,25.5297,25.5297,317.30327896148,0
BSMT.US,D,20200824,000000,25.5894,25.5894,25.5695,25.5695,240.98983212264,0
BSMT.US,D,20200825,000000,25.432,25.5367,25.432,25.475,1088.470741754,0
BSMT.US,D,20200828,000000,25.4003,25.4202,25.3405,25.4103,3463.2247124625,0
BSMT.US,D,20200831,000000,25.3913,25.4202,25.3465,25.3465,4732.4378283085,0
BSMT.US,D,20200902,000000,25.3356,25.3356,25.3156,25.3156,368.51361828755,0
BSMT.US,D,20200903,000000,25.3056,25.3156,25.2757,25.2757,4076.7446600748,0
BSMT.US,D,20200904,000000,25.3056,25.3056,25.2459,25.2459,351.44350517886,0
BSMT.US,D,20200908,000000,25.2857,25.2857,25.2659,25.2659,230.94858911754,0
BSMT.US,D,20200909,000000,25.2857,25.3156,25.2857,25.3156,2780.4201881151,0
BSMT.US,D,20200910,000000,25.3056,25.3056,25.2827,25.2827,712.92825336283,0
BSMT.US,D,20200914,000000,25.2857,25.2946,25.2509,25.2509,337.3857649717,0
BSMT.US,D,20200915,000000,25.2757,25.2857,25.2369,25.2369,6906.3669389148,0
BSMT.US,D,20200916,000000,25.3056,25.3156,25.2509,25.2509,2876.8161209641,0
BSMT.US,D,20200918,000000,25.3156,25.3156,25.2559,25.2559,2160.8754946997,0
BSMT.US,D,20200923,000000,25.3036,25.3036,25.3036,25.3036,810.3283105124,0
BSMT.US,D,20200925,000000,25.2937,25.2986,25.2937,25.2986,2330.5725014861,0
BSMT.US,D,20200928,000000,25.2737,25.2927,25.2737,25.2927,1203.9450363127,0
BSMT.US,D,20200929,000000,25.2887,25.2887,25.2737,25.2887,3959.262116915,0
BSMT.US,D,20200930,000000,25.2737,25.2767,25.2349,25.2489,2341.6178687917,0
BSMT.US,D,20201001,000000,25.212,25.2299,25.1752,25.2299,877.60463864664,0
BSMT.US,D,20201002,000000,25.195,25.195,25.1164,25.1164,4145.0251125095,0
BSMT.US,D,20201005,000000,25.195,25.195,25.0866,25.1602,1389.7080319072,0
BSMT.US,D,20201006,000000,25.1463,25.1463,25.1144,25.1363,770.16333849195,0
BSMT.US,D,20201007,000000,24.9839,25.0467,24.9839,25.0368,1141.689329681,0
BSMT.US,D,20201008,000000,25.0566,25.0666,25.0566,25.0666,1128.6357137744,0
BSMT.US,D,20201009,000000,25.0666,25.0666,24.9969,24.9969,1216.9986522194,0
BSMT.US,D,20201012,000000,25.0268,25.0467,25.0268,25.0368,1461.0008572435,0
BSMT.US,D,20201013,000000,25.0268,25.0566,25.0268,25.0566,1186.874923204,0
BSMT.US,D,20201014,000000,25.0766,25.0766,25.0516,25.0516,154.6351422787,0
BSMT.US,D,20201015,000000,25.1164,25.1164,25.0756,25.0965,1649.7762257396,0
BSMT.US,D,20201016,000000,25.0965,25.0965,25.0666,25.0666,1187.8790475045,0
BSMT.US,D,20201020,000000,25.0866,25.0866,25.0766,25.0766,301.2372901533,0
BSMT.US,D,20201021,000000,25.0467,25.0467,25.0467,25.0467,734.01486367356,0
BSMT.US,D,20201022,000000,25.0368,25.0368,24.9819,24.9819,1408.786393617,0
BSMT.US,D,20201023,000000,25.0467,25.0566,25.0119,25.0119,808.32006191137,0
BSMT.US,D,20201026,000000,25.0666,25.0666,25.0218,25.0218,198.81661150118,0
BSMT.US,D,20201027,000000,25.0516,25.0516,25.0516,25.0516,164.67638528381,0
BSMT.US,D,20201028,000000,25.0566,25.0566,25.0119,25.0119,349.43525657783,0
BSMT.US,D,20201030,000000,25.0099,25.0368,25.0099,25.0368,1010.1490463141,0
BSMT.US,D,20201102,000000,25.0288,25.0318,25.0288,25.0318,251.03107512776,0
BSMT.US,D,20201104,000000,25.2439,25.2439,25.2439,25.2439,405.66621740645,0
BSMT.US,D,20201105,000000,25.3435,25.3435,25.3186,25.3186,503.06627455602,0
BSMT.US,D,20201106,000000,25.3604,25.3604,25.3286,25.3286,149.61452077614,0
BSMT.US,D,20201109,000000,25.2986,25.3036,25.2937,25.2937,1725.085548278,0
BSMT.US,D,20201110,000000,25.2827,25.3026,25.2639,25.2639,1140.6852053805,0
BSMT.US,D,20201112,000000,25.3435,25.3435,25.3036,25.3036,2427.9725586357,0
BSMT.US,D,20201113,000000,25.4003,25.4003,25.3554,25.3554,444.82706512639,0
BSMT.US,D,20201116,000000,25.4103,25.4103,25.3136,25.3614,6695.5008358075,0
BSMT.US,D,20201117,000000,25.3713,25.47,25.3713,25.4251,390.60435289878,0
BSMT.US,D,20201118,000000,25.4998,25.4998,25.4949,25.4949,130.53615906643,0
BSMT.US,D,20201119,000000,25.6174,25.6392,25.5994,25.5994,1569.4462816988,0
BSMT.US,D,20201120,000000,25.6891,25.7189,25.6691,25.6691,784.22107869911,0
BSMT.US,D,20201123,000000,25.6492,25.6492,25.6144,25.6144,244.00220502418,0
BSMT.US,D,20201130,000000,25.6392,25.6691,25.6343,25.6343,2327.5601285845,0
BSMT.US,D,20201202,000000,25.6294,25.6294,25.5934,25.6294,2235.1806929375,0
BSMT.US,D,20201203,000000,25.7089,25.7089,25.6741,25.6741,210.86610310731,0
BSMT.US,D,20201204,000000,25.7189,25.7189,25.6194,25.6542,1305.3615906643,0
BSMT.US,D,20201208,000000,25.7189,25.7289,25.6392,25.6941,765.1427169894,0
BSMT.US,D,20201209,000000,25.7488,25.7976,25.7139,25.7139,11241.171544221,0
BSMT.US,D,20201210,000000,25.7777,25.7777,25.7438,25.7438,497.04152875296,0
BSMT.US,D,20201211,000000,25.7876,25.7876,25.7538,25.7876,6411.3336587629,0
BSMT.US,D,20201214,000000,25.7976,25.8066,25.7458,25.7678,1790.3536278111,0
BSMT.US,D,20201215,000000,25.7976,25.7976,25.7668,25.7976,5635.1455744679,0
BSMT.US,D,20201216,000000,25.8175,25.8275,25.7598,25.7826,1079.4336230494,0
BSMT.US,D,20201217,000000,25.8375,25.8375,25.7926,25.7926,1615.6359995222,0
BSMT.US,D,20201218,000000,25.7976,25.8175,25.7976,25.8175,687.82514585005,0
BSMT.US,D,20201221,000000,25.8076,25.8175,25.7876,25.7976,14278.647553267,0
BSMT.US,D,20201222,000000,25.7976,25.8076,25.7628,25.7708,2645.8675318465,0
BSMT.US,D,20201223,000000,25.7976,25.8076,25.7628,25.7628,3875.9197999726,0
BSMT.US,D,20201224,000000,25.8275,25.8275,25.7876,25.7876,4310.7056220938,0
BSMT.US,D,20201228,000000,25.8195,25.8474,25.8195,25.8375,7991.8253077672,0
BSMT.US,D,20201229,000000,25.8375,25.8474,25.7976,25.7976,4759.5491844222,0
BSMT.US,D,20201230,000000,25.8573,25.8573,25.8573,25.8573,362.48887248447,0
BSMT.US,D,20201231,000000,25.8673,25.8972,25.8325,25.8325,2438.0138016407,0
BSMT.US,D,20210104,000000,25.8773,25.8773,25.7876,25.8325,2255.2631789478,0
BSMT.US,D,20210105,000000,25.8843,25.8873,25.8573,25.8573,904.71599476043,0
BSMT.US,D,20210106,000000,25.8873,25.8972,25.8873,25.8972,3278.4658411685,0
BSMT.US,D,20210107,000000,25.8175,25.8175,25.8175,25.8175,156.64339087972,0
BSMT.US,D,20210108,000000,25.8673,25.8673,25.7628,25.7628,518.12813906369,0
BSMT.US,D,20210111,000000,25.7189,25.8474,25.7189,25.8076,10464.983459925,0
BSMT.US,D,20210112,000000,25.8175,25.8275,25.7588,25.8076,1956.0341373954,0
BSMT.US,D,20210113,000000,25.8076,25.8673,25.7727,25.7876,80556.876132798,0
BSMT.US,D,20210114,000000,25.7986,25.8066,25.7588,25.7588,2374.7539707086,0
BSMT.US,D,20210115,000000,25.7876,25.7876,25.7876,25.7876,373.5342397901,0
BSMT.US,D,20210119,000000,25.8404,25.8404,25.7418,25.8056,2294.4240266677,0
BSMT.US,D,20210120,000000,25.8305,25.8603,25.8056,25.8056,13297.618111668,0
BSMT.US,D,20210121,000000,25.8603,25.8803,25.8205,25.8305,14539.7198714,0
BSMT.US,D,20210126,000000,25.8205,25.9101,25.8205,25.9101,216.89084891039,0
BSMT.US,D,20210127,000000,25.95,25.9768,25.95,25.95,1290.2997261567,0
BSMT.US,D,20210128,000000,25.96,26.0387,25.96,25.9948,1262.1842457423,0
BSMT.US,D,20210129,000000,25.957,25.9848,25.957,25.9848,826.39429932057,0
BSMT.US,D,20210201,000000,26.0197,26.0197,25.9987,25.9987,7024.8536063751,0
BSMT.US,D,20210203,000000,26.0585,26.0585,25.9719,26.0037,3073.6244838643,0
BSMT.US,D,20210205,000000,25.9798,26.0685,25.9798,26.0087,7319.0620264249,0
BSMT.US,D,20210208,000000,25.9699,26.0784,25.9699,26.0337,1626.6813668278,0
BSMT.US,D,20210209,000000,26.0397,26.0685,26.0287,26.0436,2070.5043076537,0
BSMT.US,D,20210210,000000,26.0784,26.1014,26.0436,26.0834,2068.4960590527,0
BSMT.US,D,20210211,000000,26.0884,26.1551,26.0884,26.1074,2326.556004284,0
BSMT.US,D,20210212,000000,26.1561,26.1561,26.0685,26.1074,3248.3421121531,0
BSMT.US,D,20210216,000000,26.0984,26.1074,26.0784,26.0784,5614.0589641572,0
BSMT.US,D,20210217,000000,25.9798,26.0485,25.9798,26.0137,1993.1867365144,0
BSMT.US,D,20210218,000000,25.9111,25.96,25.9052,25.9052,1652.7885986412,0
BSMT.US,D,20210219,000000,25.8006,25.9002,25.8006,25.8305,5704.4301512031,0
BSMT.US,D,20210222,000000,25.7319,25.7319,25.5824,25.5824,1886.7495606603,0
BSMT.US,D,20210223,000000,25.5127,25.5427,25.5027,25.5427,9552.2344707614,0
BSMT.US,D,20210224,000000,25.3783,25.4033,25.3594,25.3594,539.21474937442,0
BSMT.US,D,20210225,000000,25.2429,25.2707,25.2429,25.2707,2748.2882104987,0
BSMT.US,D,20210226,000000,25.1872,25.1872,25.1872,25.1872,313.28678175944,0
BSMT.US,D,20210301,000000,25.3056,25.3356,25.2907,25.2907,1512.2111965696,0
BSMT.US,D,20210302,000000,25.2797,25.3733,25.2797,25.3106,6357.1109465353,0
BSMT.US,D,20210303,000000,25.3445,25.3445,25.2956,25.2956,1494.1369591604,0
BSMT.US,D,20210304,000000,25.3256,25.3256,25.2857,25.2857,407.67446600748,0
BSMT.US,D,20210305,000000,25.3544,25.443,25.3395,25.443,12074.594713645,0
BSMT.US,D,20210308,000000,25.3933,25.4033,25.3056,25.3494,4084.7776544789,0
BSMT.US,D,20210309,000000,25.3703,25.4232,25.3703,25.4232,537.2065007734,0
BSMT.US,D,20210310,000000,25.5527,25.5626,25.5107,25.5177,1471.0421002486,0
BSMT.US,D,20210317,000000,25.473,25.5227,25.473,25.5077,2066.4878104517,0
BSMT.US,D,20210319,000000,25.3494,25.3494,25.3494,25.3494,251.03107512776,0
BSMT.US,D,20210322,000000,25.3813,25.3813,25.3633,25.3633,1300.3409691618,0
BSMT.US,D,20210323,000000,25.3554,25.3883,25.3554,25.3883,863.54689843948,0
BSMT.US,D,20210324,000000,25.3923,25.453,25.3923,25.4083,880.61701154816,0
BSMT.US,D,20210325,000000,25.3833,25.463,25.3833,25.4182,1818.4691082255,0
BSMT.US,D,20210326,000000,25.443,25.443,25.3983,25.4182,4677.2109917803,0
BSMT.US,D,20210329,000000,25.3743,25.463,25.3743,25.4132,544.23537087697,0
BSMT.US,D,20210330,000000,25.473,25.473,25.3963,25.4232,4198.2437004366,0
BSMT.US,D,20210331,000000,25.473,25.473,25.4232,25.4232,814.34480771444,0
BSMT.US,D,20210401,000000,25.4879,25.5227,25.4879,25.4879,656.69729253421,0
BSMT.US,D,20210405,000000,25.443,25.5517,25.443,25.5227,8601.3287581774,0
BSMT.US,D,20210407,000000,25.5427,25.5527,25.483,25.5227,2584.6159495154,0
BSMT.US,D,20210408,000000,25.5924,25.6323,25.5874,25.5974,2736.2387188926,0
BSMT.US,D,20210409,000000,25.6422,25.6522,25.6124,25.6124,2607.7108084271,0
BSMT.US,D,20210412,000000,25.6174,25.6621,25.6174,25.6323,2338.6054958902,0
BSMT.US,D,20210413,000000,25.6711,25.6711,25.5725,25.6522,7115.2247934211,0
BSMT.US,D,20210414,000000,25.6821,25.7319,25.6821,25.6871,1239.0893868306,0
BSMT.US,D,20210415,000000,25.8404,25.8603,25.7826,25.8006,827.39842362108,0
BSMT.US,D,20210416,000000,25.8006,25.8006,25.7906,25.7906,106.43717585417,0
BSMT.US,D,20210421,000000,25.8404,25.8404,25.8006,25.8006,304.24966305484,0
BSMT.US,D,20210423,000000,25.8803,25.9679,25.8066,25.8504,10758.187755675,0
BSMT.US,D,20210426,000000,25.9002,25.9002,25.8404,25.8703,4852.9327443698,0
BSMT.US,D,20210427,000000,25.8703,25.9101,25.8155,25.8155,4146.02923681,0
BSMT.US,D,20210428,000000,25.8593,25.93,25.7896,25.8205,14347.932130001,0
BSMT.US,D,20210429,000000,25.8106,25.8106,25.8106,25.8106,202.83310870323,0
BSMT.US,D,20210430,000000,25.7418,25.7906,25.7418,25.7418,1638.7308584339,0
BSMT.US,D,20210503,000000,25.7906,25.8006,25.7119,25.7319,6616.1750160671,0
BSMT.US,D,20210504,000000,25.7648,25.8106,25.7468,25.7468,5770.7023550368,0
BSMT.US,D,20210505,000000,25.8006,25.8006,25.7806,25.7806,696.86226455465,0
BSMT.US,D,20210507,000000,25.8563,25.8803,25.8205,25.8205,944.88096678087,0
BSMT.US,D,20210510,000000,25.7906,25.8603,25.7806,25.8135,1956.0341373954,0
BSMT.US,D,20210511,000000,25.7806,25.8205,25.7708,25.8006,3726.3052791964,0
BSMT.US,D,20210512,000000,25.7708,25.7906,25.7708,25.7806,2319.5271341804,0
BSMT.US,D,20210513,000000,25.7757,25.8106,25.7757,25.7856,5985.5849553462,0
BSMT.US,D,20210514,000000,25.8006,25.8205,25.8006,25.8056,2158.8672460987,0
BSMT.US,D,20210517,000000,25.8205,25.8205,25.7708,25.7906,2580.5994523134,0
BSMT.US,D,20210518,000000,25.7906,25.8106,25.7608,25.7708,1851.6052101424,0
BSMT.US,D,20210519,000000,25.8006,25.8106,25.7368,25.7368,10160.733796871,0
BSMT.US,D,20210520,000000,25.7708,25.7806,25.7708,25.7806,347.42700797682,0
BSMT.US,D,20210521,000000,25.8205,25.8205,25.7906,25.7906,509.09102035909,0
BSMT.US,D,20210525,000000,25.8305,25.8603,25.8106,25.8106,6147.2489677285,0
BSMT.US,D,20210526,000000,25.8414,25.8414,25.8404,25.8404,599.46220740508,0
BSMT.US,D,20210527,000000,25.8703,25.9201,25.8355,25.8355,10604.556737697,0
BSMT.US,D,20210528,000000,25.8504,25.8803,25.8305,25.8305,5006.563762348,0
BSMT.US,D,20210601,000000,25.8902,25.9002,25.8504,25.8504,1833.5309727331,0
BSMT.US,D,20210602,000000,25.9131,26.0187,25.8305,25.8305,11268.282900334,0
BSMT.US,D,20210603,000000,25.9201,25.9201,25.8603,25.8703,3370.8452768155,0
BSMT.US,D,20210604,000000,25.8603,25.9699,25.8603,25.93,3190.1029027235,0
BSMT.US,D,20210607,000000,25.96,25.96,25.9201,25.9201,1412.802890819,0
BSMT.US,D,20210608,000000,25.94,26.0087,25.94,25.9798,2873.8037480626,0
BSMT.US,D,20210609,000000,26.0187,26.1143,26.0187,26.0784,9325.3023788459,0
BSMT.US,D,20210610,000000,26.1163,26.1163,26.0854,26.0854,2867.7790022595,0
BSMT.US,D,20210614,000000,26.0724,26.1173,26.0724,26.0834,2640.846910344,0
BSMT.US,D,20210616,000000,26.1074,26.1074,25.9699,26.0087,11637.800642923,0
BSMT.US,D,20210617,000000,26.0884,26.0884,26.0387,26.0387,310.27440885791,0
BSMT.US,D,20210618,000000,26.0585,26.0585,25.9798,26.0585,9152.592999158,0
BSMT.US,D,20210621,000000,26.0187,26.0277,25.93,25.9798,1580.4916490043,0
BSMT.US,D,20210622,000000,25.9987,26.0187,25.9699,25.9699,729.99836647151,0
BSMT.US,D,20210623,000000,25.93,25.94,25.8902,25.8902,907.72836766196,0
BSMT.US,D,20210625,000000,25.9201,25.9201,25.8703,25.8703,768.15508989094,0
BSMT.US,D,20210628,000000,25.938,25.9699,25.938,25.9699,884.63350875021,0
BSMT.US,D,20210630,000000,26.0087,26.0087,25.9888,25.9888,1367.617297296,0
BSMT.US,D,20210701,000000,25.9798,26.0087,25.934,25.95,26783.007467531,0
BSMT.US,D,20210702,000000,25.9699,26.0585,25.9679,25.9987,13250.424269543,0
BSMT.US,D,20210706,000000,26.0427,26.0984,26.0247,26.0685,7619.2951922776,0
BSMT.US,D,20210707,000000,26.1173,26.1173,26.0934,26.0934,2525.3726157852,0
BSMT.US,D,20210708,000000,26.1262,26.2358,26.0984,26.0984,13515.513084878,0
BSMT.US,D,20210709,000000,26.1761,26.1761,26.1312,26.1312,7151.3732682395,0
BSMT.US,D,20210712,000000,26.1751,26.186,26.0894,26.1461,1140.6852053805,0
BSMT.US,D,20210713,000000,26.2099,26.2099,26.1362,26.1362,400.6455959039,0
BSMT.US,D,20210714,000000,26.1262,26.1761,26.1262,26.1761,1999.2114823174,0
BSMT.US,D,20210715,000000,26.1571,26.196,26.1571,26.196,289.18779854717,0
BSMT.US,D,20210716,000000,26.186,26.196,26.186,26.196,227.936216216,0
BSMT.US,D,20210719,000000,26.3344,26.3354,26.2856,26.2856,435.78994642179,0
BSMT.US,D,20210720,000000,26.2368,26.2707,26.2159,26.2358,3443.1422264523,0
BSMT.US,D,20210721,000000,26.2846,26.2846,26.2059,26.2059,414.70333611105,0
BSMT.US,D,20210722,000000,26.2069,26.2358,26.2059,26.2358,2218.1105798289,0
BSMT.US,D,20210723,000000,26.2258,26.2258,26.2258,26.2258,107.44130015468,0
BSMT.US,D,20210726,000000,26.2527,26.2527,26.2059,26.2059,261.07231813286,0
BSMT.US,D,20210727,000000,26.2557,26.2557,26.183,26.2159,1220.0110251209,0
BSMT.US,D,20210728,000000,26.1461,26.2159,26.1461,26.2159,1105.5408548626,0
BSMT.US,D,20210730,000000,26.2318,26.2318,26.1461,26.186,1094.495487557,0
BSMT.US,D,20210802,000000,26.2458,26.2458,26.196,26.196,1230.052268126,0
BSMT.US,D,20210804,000000,26.1761,26.2109,26.1631,26.2109,3272.4410953654,0
BSMT.US,D,20210805,000000,26.2159,26.2159,26.186,26.186,312.28265745893,0
BSMT.US,D,20210810,000000,26.1661,26.1761,26.0685,26.1511,5084.8854577878,0
BSMT.US,D,20210811,000000,26.1352,26.1561,26.0934,26.0934,16759.83869983,0
BSMT.US,D,20210812,000000,26.0834,26.0834,26.0535,26.0535,279.14655554207,0
BSMT.US,D,20210813,000000,26.1163,26.1163,26.0884,26.0934,1196.9161662092,0
BSMT.US,D,20210816,000000,26.1173,26.1173,26.0834,26.0834,294.20842004973,0
BSMT.US,D,20210817,000000,26.1074,26.1262,26.0834,26.1024,5509.630036904,0
BSMT.US,D,20210818,000000,26.1074,26.1074,26.0635,26.0635,1167.7965614943,0
BSMT.US,D,20210819,000000,26.0397,26.1104,26.0397,26.0734,557.28898678362,0
BSMT.US,D,20210820,000000,26.0397,26.1163,26.0387,26.0585,5871.114785088,0
BSMT.US,D,20210823,000000,26.0187,26.0744,26.0187,26.0585,1317.4110822705,0
BSMT.US,D,20210825,000000,26.0784,26.0784,26.0436,26.0436,1273.2296130479,0
BSMT.US,D,20210826,000000,26.0685,26.0685,25.9699,26.0137,998.09955470795,0
BSMT.US,D,20210827,000000,26.0297,26.0884,26.0297,26.0585,1298.3327205607,0
BSMT.US,D,20210830,000000,26.0764,26.0764,26.0087,26.0087,6640.2739992794,0
BSMT.US,D,20210831,000000,26.0675,26.0675,26.0387,26.0387,612.51582331172,0
BSMT.US,D,20210901,000000,26.0575,26.0585,26.0575,26.0585,1432.8853768292,0
BSMT.US,D,20210902,000000,26.0635,26.0685,26.0585,26.0635,6362.1315680378,0
BSMT.US,D,20210903,000000,26.0387,26.0387,26.0187,26.0187,2739.2510917941,0
BSMT.US,D,20210907,000000,25.9798,25.9798,25.9798,25.9798,762.13034408787,0
BSMT.US,D,20210908,000000,25.9898,26.0485,25.9729,25.9838,10536.276285262,0
BSMT.US,D,20210909,000000,26.0277,26.0277,26.0187,26.0187,3824.7094606464,0
BSMT.US,D,20210910,000000,26.0585,26.0585,25.9699,25.9987,4069.7157899711,0
BSMT.US,D,20210914,000000,26.0187,26.0187,25.9898,26.0187,3846.8001952577,0
BSMT.US,D,20210915,000000,26.0475,26.0475,25.9798,26.0087,803.29944040882,0
BSMT.US,D,20210917,000000,26.0187,26.0187,25.9898,25.9898,238.98158352162,0
BSMT.US,D,20210920,000000,26.0575,26.0575,26.0287,26.0287,2004.23210382,0
BSMT.US,D,20210922,000000,26.0327,26.0327,25.9898,25.9898,1371.6337944981,0
BSMT.US,D,20210923,000000,25.9798,25.9798,25.9002,25.9002,1153.7388212871,0
BSMT.US,D,20210924,000000,25.94,25.94,25.926,25.926,1864.658826049,0
BSMT.US,D,20210928,000000,25.7806,25.7906,25.7309,25.7708,3146.9255578016,0
BSMT.US,D,20210929,000000,25.7608,25.7708,25.7408,25.7408,728.994242171,0
BSMT.US,D,20210930,000000,25.7458,25.7806,25.7259,25.7259,1343.5183140837,0
BSMT.US,D,20211001,000000,25.7468,25.7468,25.7358,25.7358,1115.5820978678,0
BSMT.US,D,20211004,000000,25.7538,25.7538,25.7109,25.7109,1178.8419287999,0
BSMT.US,D,20211005,000000,25.7209,25.7508,25.7209,25.7259,4259.4952827677,0
BSMT.US,D,20211006,000000,25.7508,25.7508,25.7209,25.7209,3071.6162352632,0
BSMT.US,D,20211007,000000,25.7209,25.7209,25.6911,25.6911,2403.8735754234,0
BSMT.US,D,20211008,000000,25.6901,25.6911,25.6661,25.6661,2276.3497892585,0
BSMT.US,D,20211011,000000,25.6611,25.6611,25.6264,25.6264,614.52407191275,0
BSMT.US,D,20211012,000000,25.7011,25.7011,25.6661,25.6661,3808.6434718383,0
BSMT.US,D,20211013,000000,25.7011,25.7011,25.6761,25.6761,563.31373258668,0
BSMT.US,D,20211014,000000,25.6831,25.7109,25.6811,25.6861,1024.2067865212,0
BSMT.US,D,20211015,000000,25.7109,25.7209,25.6711,25.6711,2239.1971901396,0
BSMT.US,D,20211018,000000,25.7069,25.7069,25.6611,25.6861,1433.8895011297,0
BSMT.US,D,20211019,000000,25.6711,25.7011,25.6711,25.6711,2321.5353827815,0
BSMT.US,D,20211020,000000,25.6911,25.6911,25.6611,25.6611,418.71983331309,0
BSMT.US,D,20211021,000000,25.6314,25.6314,25.5914,25.5914,288.18367424666,0
BSMT.US,D,20211025,000000,25.5616,25.6314,25.5616,25.5964,2555.4963448005,0
BSMT.US,D,20211027,000000,25.6561,25.6561,25.6561,25.6561,217.89497321089,0
BSMT.US,D,20211028,000000,25.6811,25.6911,25.6412,25.6611,2321.5353827815,0
BSMT.US,D,20211029,000000,25.6911,25.7309,25.6911,25.7049,537.2065007734,0
BSMT.US,D,20211101,000000,25.6432,25.6711,25.6432,25.6611,756.1055982848,0
BSMT.US,D,20211103,000000,25.7309,25.7309,25.7011,25.7011,1164.7841885928,0
BSMT.US,D,20211104,000000,25.7896,25.7896,25.7658,25.7658,901.70362185889,0
BSMT.US,D,20211105,000000,25.8593,25.8902,25.8404,25.8653,3803.6228503358,0
BSMT.US,D,20211108,000000,25.8603,25.8703,25.8255,25.8255,3514.4350517886,0
BSMT.US,D,20211109,000000,25.9091,25.9101,25.9091,25.9101,641.63542802654,0
BSMT.US,D,20211110,000000,25.94,25.94,25.8603,25.8753,1415.8152637205,0
BSMT.US,D,20211112,000000,25.8603,25.8803,25.8603,25.8803,1495.1410834609,0
BSMT.US,D,20211115,000000,25.8753,25.9042,25.8404,25.8603,2622.7726729348,0
BSMT.US,D,20211116,000000,25.8763,25.8843,25.8205,25.8205,900.69949755838,0
BSMT.US,D,20211117,000000,25.8006,25.8255,25.8006,25.8255,1335.4853196797,0
BSMT.US,D,20211118,000000,25.8703,25.8703,25.8006,25.8355,666.73853553932,0
BSMT.US,D,20211119,000000,25.8992,25.9002,25.8753,25.8753,1862.650577448,0
BSMT.US,D,20211122,000000,25.8803,25.8902,25.8255,25.8255,3400.9690058308,0
BSMT.US,D,20211124,000000,25.8305,25.8305,25.7906,25.8155,4865.9863602764,0
BSMT.US,D,20211126,000000,25.93,25.93,25.8603,25.8603,4580.8150589313,0
BSMT.US,D,20211129,000000,25.8803,25.8952,25.8803,25.8952,172.7093796879,0
BSMT.US,D,20211130,000000,25.94,25.9699,25.8803,25.95,2361.7003548019,0
BSMT.US,D,20211202,000000,25.9898,25.9898,25.955,25.955,17697.690796507,0
BSMT.US,D,20211203,000000,25.9898,26.0187,25.9898,25.9948,4099.8395189865,0
BSMT.US,D,20211206,000000,25.9908,26.0077,25.9898,25.9987,2793.4738040217,0
BSMT.US,D,20211207,000000,25.9768,25.9768,25.96,25.96,1018.1820407182,0
BSMT.US,D,20211208,000000,25.9689,25.9898,25.95,25.95,2225.1394499324,0
BSMT.US,D,20211209,000000,25.9699,25.9699,25.945,25.945,692.84576735261,0
BSMT.US,D,20211210,000000,25.9699,25.9948,25.9699,25.9948,604.48282890763,0
BSMT.US,D,20211213,000000,26.0057,26.0137,26.0057,26.0137,181.7464983925,0
BSMT.US,D,20211214,000000,26.0237,26.0237,26.0037,26.0037,376.54661269163,0
BSMT.US,D,20211215,000000,26.0087,26.0287,25.9948,25.9948,2946.1006976994,0
BSMT.US,D,20211217,000000,25.9987,26.0485,25.9987,26.0287,1417.8235123216,0
BSMT.US,D,20211220,000000,26.0077,26.0187,25.9898,25.9898,2981.2450482173,0
BSMT.US,D,20211221,000000,25.9788,25.9788,25.95,25.96,1948.0011429914,0
BSMT.US,D,20211222,000000,26.0077,26.0077,25.9798,25.9798,765.1427169894,0
BSMT.US,D,20211223,000000,26.0047,26.0047,25.9898,25.9898,833.42316942415,0
BSMT.US,D,20211227,000000,26.0087,26.0187,25.9848,25.9848,6914.3999333189,0
BSMT.US,D,20211229,000000,26.0087,26.0087,25.9798,25.9798,12906.009634469,0
BSMT.US,D,20220103,000000,25.9898,25.9987,25.94,25.96,10228.010125006,0
BSMT.US,D,20220104,000000,25.9888,25.9888,25.9749,25.9749,787.23345160064,0
BSMT.US,D,20220105,000000,25.9798,25.9898,25.9699,25.9699,29283.276975803,0
BSMT.US,D,20220106,000000,25.93,25.93,25.9101,25.9101,437.79819502281,0
BSMT.US,D,20220110,000000,25.8434,25.8434,25.7906,25.7906,3164.9997952107,0
BSMT.US,D,20220111,000000,25.7508,25.7508,25.7259,25.7259,193.79598999863,0
BSMT.US,D,20220112,000000,25.7906,25.7906,25.7059,25.7458,22574.722524088,0
BSMT.US,D,20220113,000000,25.7109,25.7568,25.7109,25.7558,669.75090844085,0
BSMT.US,D,20220114,000000,25.7011,25.7011,25.6512,25.6961,24074.884229052,0
BSMT.US,D,20220118,000000,25.6532,25.6601,25.6264,25.6264,1884.7413120592,0
BSMT.US,D,20220119,000000,25.6114,25.6611,25.6114,25.6432,1534.3019311809,0
BSMT.US,D,20220120,000000,25.5814,25.6264,25.5814,25.5914,981.02944159927,0
BSMT.US,D,20220121,000000,25.6711,25.6711,25.5715,25.5715,504.07039885653,0
BSMT.US,D,20220124,000000,25.5567,25.5567,25.5167,25.5167,4973.4276604311,0
BSMT.US,D,20220125,000000,25.5117,25.5167,25.467,25.467,12046.479233231,0
BSMT.US,D,20220126,000000,25.4023,25.457,25.2937,25.3376,28462.907422286,0
BSMT.US,D,20220127,000000,25.3823,25.3923,25.2837,25.3136,9522.110741746,0
BSMT.US,D,20220128,000000,25.214,25.214,25.1742,25.204,1558.4009143931,0
BSMT.US,D,20220131,000000,25.1493,25.1543,25.1493,25.1543,395.62497440135,0
BSMT.US,D,20220201,000000,25.204,25.2339,25.204,25.2339,346.4228836763,0
BSMT.US,D,20220202,000000,25.3086,25.3186,25.2937,25.3186,9767.1170710707,0
BSMT.US,D,20220203,000000,25.3514,25.3624,25.3286,25.3286,4049.633303961,0
BSMT.US,D,20220204,000000,25.3236,25.3236,25.3236,25.3236,4487.4314989838,0
BSMT.US,D,20220207,000000,25.2649,25.2937,25.2649,25.2937,460.89305393456,0
BSMT.US,D,20220208,000000,25.2837,25.2837,25.1882,25.209,5634.1414501673,0
BSMT.US,D,20220209,000000,25.1742,25.214,25.1343,25.1842,36206.714027827,0
BSMT.US,D,20220210,000000,25.1055,25.1055,25.0486,25.0486,636.61480652399,0
BSMT.US,D,20220211,000000,24.9949,25.0199,24.9899,24.9899,1206.9574092143,0
BSMT.US,D,20220214,000000,24.9949,24.9949,24.8853,24.9003,4600.8975449415,0
BSMT.US,D,20220215,000000,24.8953,24.8953,24.8755,24.8755,114.47017025825,0
BSMT.US,D,20220216,000000,24.8805,24.8853,24.8755,24.8755,702.88701035771,0
BSMT.US,D,20220217,000000,24.9352,24.9452,24.8953,24.9452,4394.0479390362,0
BSMT.US,D,20220218,000000,24.9352,24.9551,24.9352,24.9551,2978.2326753156,0
BSMT.US,D,20220222,000000,24.9012,24.9352,24.9012,24.9352,1192.8996690071,0
BSMT.US,D,20220223,000000,24.965,24.9849,24.9252,24.9352,16383.292087138,0
BSMT.US,D,20220224,000000,25.0746,25.0746,25.0149,25.0447,1219.0069008204,0
BSMT.US,D,20220225,000000,24.9551,24.9551,24.8953,24.9152,1351.5513084878,0
BSMT.US,D,20220228,000000,24.9949,25.0049,24.965,24.9949,1406.778145016,0
BSMT.US,D,20220301,000000,24.9949,24.9949,24.9949,24.9949,369.51774258805,0
BSMT.US,D,20220302,000000,25.1045,25.1144,24.965,25.0049,11487.181997846,0
BSMT.US,D,20220304,000000,24.8655,24.8755,24.8655,24.8755,684.81277294852,0
BSMT.US,D,20220307,000000,24.8844,24.8853,24.8256,24.8505,3698.1897987821,0
BSMT.US,D,20220308,000000,24.7858,24.7858,24.6811,24.6811,3636.9382164509,0
BSMT.US,D,20220309,000000,24.6961,24.6961,24.6364,24.6563,989.06243600336,0
BSMT.US,D,20220311,000000,24.5279,24.5289,24.4681,24.5129,8689.6916966223,0
BSMT.US,D,20220314,000000,24.3715,24.3715,24.3715,24.3715,1226.0357709239,0
BSMT.US,D,20220315,000000,24.2091,24.2091,24.1892,24.1892,2015.2774711256,0
BSMT.US,D,20220316,000000,24.2091,24.2888,24.2091,24.2639,3049.5255006519,0
BSMT.US,D,20220318,000000,24.3287,24.3885,24.3088,24.3088,12949.186979391,0
BSMT.US,D,20220321,000000,24.2888,24.2888,24.1205,24.1982,7564.0683557496,0
BSMT.US,D,20220322,000000,24.1195,24.1594,24.0697,24.1295,19193.836004268,0
BSMT.US,D,20220323,000000,24.0697,24.0697,24.02,24.0598,12304.539178462,0
BSMT.US,D,20220324,000000,24,24.0398,23.9901,23.9951,3261.3957280598,0
BSMT.US,D,20220325,000000,23.9004,23.9403,23.8804,23.8804,5849.0240504767,0
BSMT.US,D,20220328,000000,23.9601,23.9601,23.8407,23.8407,3067.5997380612,0
BSMT.US,D,20220329,000000,23.8517,23.8517,23.8307,23.8357,1807.4237409199,0
BSMT.US,D,20220330,000000,23.8107,23.8107,23.8107,23.8107,272.11768543849,0
BSMT.US,D,20220331,000000,23.9502,23.9502,23.9204,23.9204,2751.3005834002,0
BSMT.US,D,20220401,000000,23.9353,23.9601,23.9104,23.9154,4908.1595808979,0
BSMT.US,D,20220404,000000,23.9453,23.9453,23.9453,23.9453,850.49328253284,0
BSMT.US,D,20220405,000000,23.8407,23.8407,23.8207,23.8207,1682.9123276565,0
BSMT.US,D,20220406,000000,23.6923,23.742,23.6923,23.7222,1264.1924943434,0
BSMT.US,D,20220407,000000,23.6623,23.7023,23.6406,23.6623,11690.015106549,0
BSMT.US,D,20220408,000000,23.6426,23.6426,23.5439,23.5828,4478.3943802792,0
BSMT.US,D,20220411,000000,23.5639,23.5639,23.5639,23.5639,141.58152637205,0
BSMT.US,D,20220412,000000,23.5339,23.5429,23.4832,23.4832,2016.2815954262,0
BSMT.US,D,20220413,000000,23.5728,23.5728,23.4782,23.5031,19300.273180123,0
BSMT.US,D,20220414,000000,23.4035,23.4035,23.3935,23.3935,363.49299678499,0
BSMT.US,D,20220418,000000,23.3238,23.3437,23.274,23.3437,7562.0601071485,0
BSMT.US,D,20220419,000000,23.1645,23.1825,23.1645,23.1794,2347.6426145948,0
BSMT.US,D,20220420,000000,23.2242,23.2242,23.1545,23.2043,4515.546979398,0
BSMT.US,D,20220421,000000,23.2143,23.2442,23.0948,23.1745,87639.968948602,0
BSMT.US,D,20220422,000000,23.1645,23.1645,23.1146,23.1146,458.88480533353,0
BSMT.US,D,20220425,000000,23.1266,23.1266,23.0898,23.0898,13274.523252756,0
BSMT.US,D,20220426,000000,23.1146,23.1146,23.0898,23.0898,207.85373020578,0
BSMT.US,D,20220427,000000,23.0748,23.0948,23.0649,23.0948,4792.6852863391,0
BSMT.US,D,20220428,000000,23.0151,23.0449,22.9852,23.0051,9767.1170710707,0
BSMT.US,D,20220429,000000,22.9653,22.9852,22.9653,22.9852,169.69700678636,0
BSMT.US,D,20220502,000000,22.8856,22.9055,22.8806,22.8806,7756.8602214476,0
BSMT.US,D,20220503,000000,23.0051,23.0051,22.9242,22.9304,9362.4549779648,0
BSMT.US,D,20220504,000000,22.9255,22.9498,22.8359,22.9354,6675.4183497973,0
BSMT.US,D,20220505,000000,22.8009,22.8209,22.7162,22.8209,28739.041604926,0
BSMT.US,D,20220506,000000,22.786,22.8259,22.7212,22.7212,8046.0480199949,0
BSMT.US,D,20220509,000000,22.7412,22.7412,22.6752,22.7162,834.42729372466,0
BSMT.US,D,20220510,000000,22.8159,22.8159,22.5868,22.6268,12058.528724836,0
BSMT.US,D,20220511,000000,22.6067,22.6067,22.5471,22.5968,997.09543040744,0
BSMT.US,D,20220512,000000,22.6865,22.6865,22.5965,22.5965,8734.8772901454,0
BSMT.US,D,20220513,000000,22.4674,22.4872,22.3977,22.3977,1778.304136205,0
BSMT.US,D,20220516,000000,22.5272,22.5471,22.4991,22.5371,1150.7264483856,0
BSMT.US,D,20220517,000000,22.4374,22.4474,22.3977,22.4225,5669.2858006852,0
BSMT.US,D,20220518,000000,22.3478,22.3777,22.2582,22.2582,4560.7325729211,0
BSMT.US,D,20220519,000000,22.4076,22.4374,22.3877,22.4139,5765.6817335343,0
BSMT.US,D,20220520,000000,22.4941,22.5711,22.4941,22.5711,10028.189389204,0
BSMT.US,D,20220523,000000,22.5961,22.5961,22.557,22.5868,630.59006072093,0
BSMT.US,D,20220524,000000,22.8059,22.8557,22.8059,22.8458,3128.8513203923,0
BSMT.US,D,20220525,000000,23.1146,23.1346,23.0649,23.1346,4188.2024574314,0
BSMT.US,D,20220526,000000,23.2251,23.274,23.2143,23.2491,5293.7433122941,0
BSMT.US,D,20220527,000000,23.3479,23.3637,23.3347,23.3387,2373.7498464081,0
BSMT.US,D,20220531,000000,23.3716,23.3786,23.3389,23.3389,1847.5887129403,0
BSMT.US,D,20220601,000000,23.3536,23.3935,23.2939,23.2939,24083.921347757,0
BSMT.US,D,20220602,000000,23.4315,23.4315,23.4137,23.4137,608.49932610968,0
BSMT.US,D,20220603,000000,23.3985,23.4423,23.3848,23.3963,1970.0918776027,0
BSMT.US,D,20220606,000000,23.391,23.391,23.3238,23.3437,1624.6731182268,0
BSMT.US,D,20220607,000000,23.3338,23.3338,23.3338,23.3338,12.049491606133,0
BSMT.US,D,20220608,000000,23.2939,23.3238,23.2442,23.274,14614.025069637,0
BSMT.US,D,20220609,000000,23.1446,23.1446,23.1296,23.1296,1626.6813668278,0
BSMT.US,D,20220610,000000,23.0151,23.0649,22.9939,23.025,4419.151046549,0
BSMT.US,D,20220613,000000,22.7262,22.7262,22.3977,22.468,2515.3313727801,0
BSMT.US,D,20220614,000000,22.5968,22.5968,22.4274,22.4971,29734.128786732,0
BSMT.US,D,20220615,000000,22.512,22.512,22.4574,22.51,2366.7209763044,0
BSMT.US,D,20220616,000000,22.4774,22.5371,22.4773,22.5321,3158.9750494077,0
BSMT.US,D,20220617,000000,22.5768,22.5768,22.4972,22.5292,882.62526014919,0
BSMT.US,D,20220621,000000,22.5597,22.5597,22.4703,22.4803,4277.3455705392,0
BSMT.US,D,20220622,000000,22.6299,22.6597,22.5849,22.5849,2745.2818031262,0
BSMT.US,D,20220623,000000,22.7395,22.7395,22.6547,22.656,1269.3669695974,0
BSMT.US,D,20220624,000000,22.6597,22.7185,22.6497,22.6947,1595.2313180328,0
BSMT.US,D,20220627,000000,22.6997,22.6997,22.6547,22.6547,4180.0875957754,0
BSMT.US,D,20220628,000000,22.5709,22.6049,22.5699,22.6049,1013.6887885174,0
BSMT.US,D,20220629,000000,22.7096,22.7245,22.6889,22.7245,648.72071826977,0
BSMT.US,D,20220630,000000,22.8293,22.929,22.8293,22.8791,2037.4041723712,0
BSMT.US,D,20220701,000000,23.0188,23.0188,23.0188,23.0188,262.69679781558,0
BSMT.US,D,20220705,000000,23.1085,23.1085,23.0587,23.0836,904.39889934982,0
BSMT.US,D,20220706,000000,23.1474,23.1474,23.0587,23.0886,2452.5052193012,0
BSMT.US,D,20220707,000000,23.083,23.0836,23.083,23.0836,220.5850974024,0
BSMT.US,D,20220708,000000,23.1085,23.1085,23.0836,23.0836,313.83243403159,0
BSMT.US,D,20220711,000000,23.2166,23.2282,23.1784,23.1784,2977.8988149323,0
BSMT.US,D,20220712,000000,23.2532,23.2532,23.2532,23.2532,412.09306832902,0
BSMT.US,D,20220713,000000,23.1584,23.2458,23.1484,23.2185,3826.1487803979,0
BSMT.US,D,20220714,000000,23.2232,23.2232,23.2083,23.2232,664.76327080813,0
BSMT.US,D,20220715,000000,23.1684,23.2581,23.1684,23.2183,1285.4095221358,0
BSMT.US,D,20220718,000000,23.2148,23.2148,23.2148,23.2148,87.1189678542,0
BSMT.US,D,20220719,000000,23.1683,23.2209,23.0984,23.1733,89268.90376205,0
BSMT.US,D,20220720,000000,23.2682,23.2682,23.1483,23.1783,24248.112719419,0
BSMT.US,D,20220721,000000,23.2183,23.2682,23.2083,23.2682,17762.255767791,0
BSMT.US,D,20220722,000000,23.4474,23.4474,23.3481,23.373,1635.2330402978,0
BSMT.US,D,20220725,000000,23.3285,23.3285,23.2782,23.2981,1622.215263492,0
BSMT.US,D,20220726,000000,23.3181,23.3281,23.3181,23.3281,500.6837233,0
BSMT.US,D,20220727,000000,23.37,23.398,23.37,23.388,1135.5506844444,0
BSMT.US,D,20220728,000000,23.4529,23.5478,23.4529,23.5378,3320.5344529256,0
BSMT.US,D,20220729,000000,23.5478,23.5478,23.5478,23.5478,28.0382885048,0
BSMT.US,D,20220801,000000,23.5578,23.6077,23.5478,23.6077,3345.5686390906,0
BSMT.US,D,20220802,000000,23.6077,23.6077,23.5328,23.5328,610.834142426,0
BSMT.US,D,20220803,000000,23.6077,23.6077,23.5079,23.5927,5141.0204708444,0
BSMT.US,D,20220804,000000,23.6676,23.6676,23.5877,23.6077,3946.3891070506,0
BSMT.US,D,20220805,000000,23.4429,23.4779,23.4379,23.4579,1733.3670500646,0
BSMT.US,D,20220808,000000,23.5328,23.5328,23.5178,23.5178,561.7671375426,0
BSMT.US,D,20220809,000000,23.4679,23.4929,23.4679,23.4929,254.3473314364,0
BSMT.US,D,20220810,000000,23.5378,23.5678,23.5079,23.5079,7221.8620248792,0
BSMT.US,D,20220811,000000,23.4479,23.4479,23.418,23.4308,549.7507281834,0
BSMT.US,D,20220812,000000,23.4883,23.5178,23.4883,23.5178,857.1705342896,0
BSMT.US,D,20220815,000000,23.5475,23.5475,23.5178,23.5278,2737.7385990044,0
BSMT.US,D,20220816,000000,23.5178,23.5178,23.4829,23.4829,1737.372519851,0
BSMT.US,D,20220817,000000,23.368,23.378,23.3181,23.3431,3249.437364217,0
BSMT.US,D,20220818,000000,23.3482,23.3482,23.3081,23.3331,2852.8958553634,0
BSMT.US,D,20220819,000000,23.2183,23.2282,23.2183,23.2183,1024.3988978718,0
BSMT.US,D,20220822,000000,23.1683,23.1683,23.1384,23.1434,1556.1250120164,0
BSMT.US,D,20220823,000000,23.1683,23.1683,23.0784,23.1034,2977.0654187418,0
BSMT.US,D,20220824,000000,23.0286,23.0535,23.0286,23.0535,251.3432290966,0
BSMT.US,D,20220825,000000,23.0585,23.0585,23.0185,23.0485,3768.1457015558,0
BSMT.US,D,20220826,000000,23.0285,23.0585,22.9986,22.9986,8091.048968528,0
BSMT.US,D,20220829,000000,22.9827,22.9827,22.9586,22.9686,9943.578744738,0
BSMT.US,D,20220830,000000,22.8987,22.9087,22.8388,22.9087,2178.9755638016,0
BSMT.US,D,20220831,000000,22.8987,22.9286,22.8438,22.8687,2515.4350258592,0
BSMT.US,D,20220901,000000,22.7499,22.7972,22.7289,22.7887,10931.928414532,0
BSMT.US,D,20220902,000000,22.8488,22.8537,22.8288,22.8537,632.8642262512,0
BSMT.US,D,20220906,000000,22.7988,22.8288,22.7289,22.7395,2463.363918636,0
BSMT.US,D,20220907,000000,22.7389,22.7789,22.7289,22.7589,5242.158582951,0
BSMT.US,D,20220908,000000,22.7001,22.7289,22.7001,22.7189,2691.6756964608,0
BSMT.US,D,20220909,000000,22.7339,22.7339,22.7339,22.7339,146.1996472036,0
BSMT.US,D,20220912,000000,22.7729,22.7888,22.7239,22.7239,6078.300400862,0
BSMT.US,D,20220913,000000,22.6651,22.7089,22.6651,22.7089,4888.6758743012,0
BSMT.US,D,20220914,000000,22.659,22.659,22.5891,22.6091,2448.343406937,0
BSMT.US,D,20220915,000000,22.5791,22.6291,22.5691,22.5791,1779.4299526082,0
BSMT.US,D,20220916,000000,22.5791,22.5891,22.5292,22.5741,4236.7856665646,0
BSMT.US,D,20220919,000000,22.4993,22.5072,22.4892,22.4942,2431.3201603448,0
BSMT.US,D,20220920,000000,22.3995,22.3995,22.3594,22.3694,3012.1132793728,0
BSMT.US,D,20220921,000000,22.3593,22.3794,22.3345,22.3794,7530.283198432,0
BSMT.US,D,20220922,000000,22.3594,22.3594,22.2546,22.2546,16869.036005424,0
BSMT.US,D,20220923,000000,22.2246,22.2246,22.1797,22.2146,11736.026474152,0
BSMT.US,D,20220926,000000,22.1297,22.1597,22.0349,22.0449,6954.496916637,0
BSMT.US,D,20220927,000000,22.0498,22.0498,21.94,21.975,83686.280247255,0
BSMT.US,D,20220928,000000,21.93,22.0226,21.93,22.0099,4818.5801530392,0
BSMT.US,D,20220929,000000,21.966,21.9899,21.95,21.9799,1576.1523609484,0
BSMT.US,D,20220930,000000,21.95,21.9547,21.91,21.9185,2598.548523927,0
BSMT.US,D,20221003,000000,22.0149,22.0998,22.0149,22.0449,1496.0429652204,0
BSMT.US,D,20221004,000000,22.238,22.238,22.1708,22.1847,2549.4815190436,0
BSMT.US,D,20221005,000000,22.1398,22.1897,22.1397,22.1597,5703.7889758336,0
BSMT.US,D,20221006,000000,22.1697,22.1847,22.15,22.1847,4058.5422610698,0
BSMT.US,D,20221007,000000,22.1787,22.1787,22.1397,22.1647,8792.006181148,0
BSMT.US,D,20221010,000000,22.2096,22.2096,22.1397,22.1597,3026.1324236252,0
BSMT.US,D,20221011,000000,22.1397,22.2186,22.1397,22.2046,1821.4873853654,0
BSMT.US,D,20221012,000000,22.2959,22.2959,22.2546,22.2546,293.4006618538,0
BSMT.US,D,20221013,000000,22.1397,22.1785,22.1098,22.1697,27103.011309676,0
BSMT.US,D,20221014,000000,22.1797,22.1797,22.0998,22.1597,16476.499966356,0
BSMT.US,D,20221017,000000,22.2396,22.2695,22.1597,22.1597,19399.491542982,0
BSMT.US,D,20221018,000000,22.2096,22.2795,22.1597,22.2346,196175.89372851,0
BSMT.US,D,20221019,000000,22.172,22.2196,22.0798,22.1731,116713.38137102,0
BSMT.US,D,20221020,000000,22.1597,22.1996,22.0898,22.0898,24074.876151157,0
BSMT.US,D,20221021,000000,21.9979,22.0399,21.93,21.9387,31896.55727655,0
BSMT.US,D,20221024,000000,21.9,21.9,21.815,21.815,2057,0
BSMT.US,D,20221025,000000,21.93,21.93,21.789,21.82,3447,0
BSMT.US,D,20221026,000000,21.79,21.83,21.78,21.81,42794,0
BSMT.US,D,20221027,000000,21.83,21.89,21.76,21.816,71805,0
BSMT.US,D,20221028,000000,21.76,21.85,21.76,21.82,55057,0
BSMT.US,D,20221031,000000,21.839,21.89,21.77,21.79,10574,0
BSMT.US,D,20221101,000000,21.83,21.888,21.83,21.87,14999,0
BSMT.US,D,20221102,000000,21.9001,22.01,21.9,21.945,8049,0
BSMT.US,D,20221103,000000,21.86,21.97,21.86,21.9,47006,0
BSMT.US,D,20221104,000000,21.89,21.92,21.885,21.91,17598,0
BSMT.US,D,20221107,000000,21.895,22,21.875,21.8933,53217,0
BSMT.US,D,20221108,000000,21.969,22,21.9403,21.9597,14070,0
BSMT.US,D,20221109,000000,21.9899,22.01,21.9899,22.0013,2296,0
BSMT.US,D,20221110,000000,22.251,22.35,22.251,22.2947,5991,0
BSMT.US,D,20221111,000000,22.305,22.35,22.2919,22.3245,11743,0
BSMT.US,D,20221114,000000,22.285,22.285,22.28,22.28,354,0
BSMT.US,D,20221115,000000,22.3599,22.43,22.3599,22.4092,8358,0
BSMT.US,D,20221116,000000,22.45,22.58,22.45,22.58,12832,0
BSMT.US,D,20221117,000000,22.56,22.65,22.56,22.6,14621,0
BSMT.US,D,20221118,000000,22.65,22.66,22.61,22.6159,26691,0
BSMT.US,D,20221121,000000,22.62,22.66,22.5745,22.595,5119,0
BSMT.US,D,20221122,000000,22.6073,22.65,22.6073,22.65,27208,0
BSMT.US,D,20221123,000000,22.73,22.77,22.705,22.7307,385642,0
BSMT.US,D,20221125,000000,22.75,22.79,22.745,22.745,9212,0
BSMT.US,D,20221128,000000,22.7295,22.75,22.71,22.71,8563,0
BSMT.US,D,20221129,000000,22.769,22.795,22.7473,22.7944,2941,0
BSMT.US,D,20221130,000000,22.815,22.94,22.8,22.94,21099,0
BSMT.US,D,20221201,000000,22.95,23.02,22.95,22.99,17241,0
BSMT.US,D,20221202,000000,22.9598,22.99,22.9598,22.975,6979,0
BSMT.US,D,20221205,000000,22.98,23.03,22.9799,22.9853,11750,0
BSMT.US,D,20221206,000000,23.02,23.06,23.02,23.028,19610,0
BSMT.US,D,20221207,000000,23.05,23.11,23.05,23.0856,19418,0
BSMT.US,D,20221208,000000,23.06,23.08,23.06,23.075,9260,0
BSMT.US,D,20221209,000000,23.0318,23.06,23.0277,23.04,9352,0
BSMT.US,D,20221212,000000,23.0377,23.05,23.004,23.0285,12965,0
BSMT.US,D,20221213,000000,23.125,23.16,23.095,23.11,45619,0
BSMT.US,D,20221214,000000,23.13,23.14,23.065,23.11,31142,0
BSMT.US,D,20221215,000000,23.13,23.19,23.09,23.16,52250,0
BSMT.US,D,20221216,000000,23.1095,23.15,23.07,23.1245,15850,0
BSMT.US,D,20221219,000000,23.02,23.05,23.02,23.03,13673,0
BSMT.US,D,20221220,000000,23.02,23.02,22.95,22.985,17518,0
BSMT.US,D,20221221,000000,22.96,22.97,22.94,22.94,8372,0
BSMT.US,D,20221222,000000,23.01,23.01,22.92,22.97,21325,0
BSMT.US,D,20221223,000000,22.9037,22.97,22.9037,22.9496,15547,0
BSMT.US,D,20221227,000000,22.93,22.94,22.875,22.895,33140,0
BSMT.US,D,20221228,000000,22.9,22.94,22.85,22.8854,28109,0
BSMT.US,D,20221229,000000,22.899,22.92,22.89,22.895,28825,0
BSMT.US,D,20221230,000000,22.85,22.91,22.82,22.8954,21539,0
BSMT.US,D,20230103,000000,22.95,22.96,22.945,22.95,16086,0
BSMT.US,D,20230104,000000,23.06,23.06,23.0306,23.0306,12964,0
BSMT.US,D,20230105,000000,23.08,23.08,23.0395,23.05,2506,0
BSMT.US,D,20230106,000000,23.03,23.1454,23.03,23.1454,34599,0
BSMT.US,D,20230109,000000,23.2,23.23,23.2,23.2104,30499,0
BSMT.US,D,20230110,000000,23.2,23.25,23.1878,23.225,3041,0
BSMT.US,D,20230111,000000,23.26,23.31,23.26,23.3,16886,0
BSMT.US,D,20230112,000000,23.36,23.43,23.36,23.3903,44582,0
BSMT.US,D,20230113,000000,23.42,23.45,23.375,23.375,16929,0
BSMT.US,D,20230117,000000,23.418,23.47,23.418,23.45,3418,0
BSMT.US,D,20230118,000000,23.54,23.55,23.535,23.535,109829,0
BSMT.US,D,20230119,000000,23.54,23.552,23.455,23.495,137974,0
BSMT.US,D,20230120,000000,23.5,23.5,23.4682,23.47,24439,0
BSMT.US,D,20230123,000000,23.411,23.447,23.38,23.4046,32769,0
BSMT.US,D,20230124,000000,23.49,23.52,23.4592,23.52,7939,0
BSMT.US,D,20230125,000000,23.509,23.52,23.475,23.495,4059,0
BSMT.US,D,20230126,000000,23.49,23.52,23.49,23.5052,13965,0
BSMT.US,D,20230127,000000,23.48,23.49,23.4661,23.47,8036,0
BSMT.US,D,20230130,000000,23.5,23.529,23.48,23.5,8406,0
BSMT.US,D,20230131,000000,23.505,23.5189,23.47,23.5106,8190,0
BSMT.US,D,20230201,000000,23.56,23.63,23.5409,23.63,12234,0
BSMT.US,D,20230202,000000,23.64,23.67,23.6253,23.6321,26916,0
BSMT.US,D,20230203,000000,23.5107,23.55,23.5107,23.5394,8667,0
BSMT.US,D,20230206,000000,23.5,23.5,23.4499,23.465,15111,0
BSMT.US,D,20230207,000000,23.45,23.48,23.39,23.43,14067,0
BSMT.US,D,20230208,000000,23.46,23.46,23.435,23.435,6031,0
BSMT.US,D,20230209,000000,23.4339,23.44,23.3901,23.415,11110,0
BSMT.US,D,20230210,000000,23.395,23.3999,23.3741,23.375,3149,0
BSMT.US,D,20230213,000000,23.4,23.42,23.4,23.42,127,0
BSMT.US,D,20230214,000000,23.3499,23.36,23.345,23.35,4542,0
BSMT.US,D,20230215,000000,23.334,23.334,23.2609,23.2653,4027,0
BSMT.US,D,20230216,000000,23.23,23.23,23.12,23.13,4452,0
BSMT.US,D,20230217,000000,23.06,23.07,23.03,23.055,5353,0
BSMT.US,D,20230221,000000,22.94,22.94,22.88,22.88,2591,0
BSMT.US,D,20230222,000000,22.91,22.9196,22.895,22.905,2306,0
BSMT.US,D,20230223,000000,22.94,22.94,22.92,22.94,5031,0
BSMT.US,D,20230224,000000,22.835,22.87,22.8297,22.84,4582,0
BSMT.US,D,20230227,000000,22.88,22.92,22.87,22.9085,16538,0
BSMT.US,D,20230228,000000,22.92,22.93,22.89,22.91,10042,0
BSMT.US,D,20230301,000000,22.9,22.9,22.845,22.86,2807,0
BSMT.US,D,20230302,000000,22.7901,22.86,22.78,22.84,15726,0
BSMT.US,D,20230303,000000,22.888,22.888,22.84,22.86,18550,0
BSMT.US,D,20230306,000000,22.8785,22.89,22.865,22.865,5434,0
BSMT.US,D,20230307,000000,22.91,22.91,22.8701,22.89,2512,0
BSMT.US,D,20230308,000000,22.88,22.89,22.82,22.85,8237,0
BSMT.US,D,20230309,000000,22.929,22.94,22.91,22.9244,7745,0
BSMT.US,D,20230310,000000,23.02,23.06,23.02,23.03,4987,0
BSMT.US,D,20230313,000000,23.185,23.2,23.05,23.14,19537,0
BSMT.US,D,20230314,000000,23.12,23.12,22.82,23.0184,62349,0
BSMT.US,D,20230315,000000,23.2,23.25,23.15,23.16,119607,0
BSMT.US,D,20230316,000000,23.23,23.235,23.1501,23.17,16315,0
BSMT.US,D,20230317,000000,23.27,23.31,23.24,23.2622,37333,0
BSMT.US,D,20230320,000000,23.1581,23.17,23.13,23.13,4631,0
BSMT.US,D,20230321,000000,23.14,23.149,23.07,23.1,8121,0
BSMT.US,D,20230322,000000,23.1185,23.25,23.108,23.25,13379,0
BSMT.US,D,20230323,000000,23.249,23.28,23.21,23.21,10944,0
BSMT.US,D,20230324,000000,23.32,23.32,23.25,23.3,8115,0
BSMT.US,D,20230327,000000,23.259,23.285,23.2301,23.236,14565,0
BSMT.US,D,20230328,000000,23.2469,23.33,23.2469,23.28,9681,0
BSMT.US,D,20230329,000000,23.27,23.32,23.27,23.27,1683,0
BSMT.US,D,20230330,000000,23.31,23.36,23.2824,23.339,7738,0
BSMT.US,D,20230331,000000,23.34,23.41,23.34,23.3871,7799,0
BSMT.US,D,20230403,000000,23.37,23.43,23.37,23.4243,14632,0
BSMT.US,D,20230404,000000,23.42,23.49,23.42,23.4503,23582,0
BSMT.US,D,20230405,000000,23.53,23.55,23.42,23.505,15966,0
BSMT.US,D,20230406,000000,23.54,23.57,23.52,23.545,2402,0
BSMT.US,D,20230410,000000,23.54,23.55,23.38,23.38,226983,0
BSMT.US,D,20230411,000000,23.6,23.62,23.51,23.57,18326,0
BSMT.US,D,20230412,000000,23.6093,23.66,23.575,23.63,2992,0
BSMT.US,D,20230413,000000,23.48,23.5,23.45,23.45,221960,0
BSMT.US,D,20230414,000000,23.46,23.46,23.4299,23.43,4104,0
BSMT.US,D,20230417,000000,23.41,23.47,23.37,23.38,3453,0
BSMT.US,D,20230418,000000,23.2499,23.29,23.22,23.22,8108,0
BSMT.US,D,20230419,000000,23.22,23.22,23.13,23.16,10613,0
BSMT.US,D,20230420,000000,23.1781,23.22,23.1781,23.19,19012,0
BSMT.US,D,20230421,000000,23.21,23.21,23.1255,23.14,12950,0
BSMT.US,D,20230424,000000,23.1399,23.18,23.1323,23.155,7595,0
BSMT.US,D,20230425,000000,23.23,23.24,23.18,23.24,10327,0
BSMT.US,D,20230426,000000,23.25,23.25,23.1399,23.1454,7680,0
BSMT.US,D,20230427,000000,23.0904,23.11,23.0904,23.11,5152,0
BSMT.US,D,20230428,000000,23.2145,23.2145,23.16,23.16,1181,0
BSMT.US,D,20230501,000000,23.18,23.18,23.11,23.11,23658,0
BSMT.US,D,20230502,000000,23.16,23.27,23.16,23.2327,32729,0
BSMT.US,D,20230503,000000,23.205,23.34,23.205,23.24,17308,0
BSMT.US,D,20230504,000000,23.26,23.38,23.24,23.24,26126,0
BSMT.US,D,20230505,000000,23.23,23.28,23.22,23.25,8983,0
BSMT.US,D,20230508,000000,23.2,23.32,23.1935,23.22,5836,0
BSMT.US,D,20230509,000000,23.29,23.39,23.22,23.22,37131,0
BSMT.US,D,20230510,000000,23.3,23.38,23.3,23.315,11403,0
BSMT.US,D,20230511,000000,23.29,23.36,23.27,23.27,4198,0
BSMT.US,D,20230512,000000,23.27,23.27,23.23,23.2364,5573,0
BSMT.US,D,20230515,000000,23.218,23.23,23.2,23.2,1637,0
BSMT.US,D,20230516,000000,23.23,23.23,23.165,23.17,5346,0
BSMT.US,D,20230517,000000,23.165,23.165,23.12,23.12,3018,0
BSMT.US,D,20230518,000000,23.105,23.13,22.98,22.99,21394,0
BSMT.US,D,20230519,000000,23.06,23.06,22.89,22.89,19760,0
BSMT.US,D,20230522,000000,22.801,22.9,22.79,22.79,6613,0
BSMT.US,D,20230523,000000,22.85,22.85,22.77,22.77,8373,0
BSMT.US,D,20230524,000000,22.7499,22.7499,22.72,22.725,3299,0
BSMT.US,D,20230525,000000,22.68,22.74,22.68,22.71,4948,0
BSMT.US,D,20230526,000000,22.72,22.83,22.72,22.7877,8972,0
BSMT.US,D,20230530,000000,22.7983,22.98,22.7983,22.84,24014,0
BSMT.US,D,20230531,000000,22.9,22.96,22.895,22.8985,4096,0
BSMT.US,D,20230601,000000,22.951,22.99,22.92,22.92,4986,0
BSMT.US,D,20230602,000000,22.9,22.9,22.85,22.85,820,0
BSMT.US,D,20230605,000000,22.92,22.93,22.9,22.9,3544,0
BSMT.US,D,20230606,000000,22.99,22.99,22.93,22.9837,9374,0
BSMT.US,D,20230607,000000,22.91,22.9199,22.89,22.89,8453,0
BSMT.US,D,20230608,000000,22.97,22.985,22.95,22.95,15203,0
BSMT.US,D,20230609,000000,22.932,23.09,22.92,22.99,24593,0
BSMT.US,D,20230612,000000,22.9251,22.96,22.91,22.93,5040,0
BSMT.US,D,20230613,000000,23.11,23.11,22.9,22.9,9503,0
BSMT.US,D,20230614,000000,23.03,23.03,22.93,22.98,9030,0
BSMT.US,D,20230615,000000,23.02,23.06,23.002,23.01,9622,0
BSMT.US,D,20230616,000000,23.08,23.08,22.97,23.0121,181714,0
BSMT.US,D,20230620,000000,22.985,23.0188,22.98,23,19573,0
BSMT.US,D,20230621,000000,23.01,23.03,22.95,23,27382,0
BSMT.US,D,20230622,000000,22.965,22.965,22.9202,22.93,2741,0
BSMT.US,D,20230623,000000,23.07,23.07,22.98,23.02,2504,0
BSMT.US,D,20230626,000000,22.9999,22.9999,22.98,22.99,2929,0
BSMT.US,D,20230627,000000,23.07,23.07,22.95,22.97,7429,0
BSMT.US,D,20230628,000000,22.96,23.025,22.96,22.97,10875,0
BSMT.US,D,20230629,000000,23.1,23.1,22.89,22.97,40379,0
BSMT.US,D,20230630,000000,22.96,22.98,22.96,22.98,2621,0
BSMT.US,D,20230703,000000,23,23.0025,22.985,22.985,1400,0
BSMT.US,D,20230705,000000,22.991,22.991,22.9592,22.96,3642,0
BSMT.US,D,20230706,000000,22.88,22.92,22.84,22.92,9700,0
BSMT.US,D,20230707,000000,22.94,22.94,22.88,22.88,4313,0
BSMT.US,D,20230710,000000,22.9,22.972,22.9,22.9549,12954,0
BSMT.US,D,20230711,000000,22.94,22.94,22.89,22.91,1277,0
BSMT.US,D,20230712,000000,23.017,23.017,22.99,22.99,8816,0
BSMT.US,D,20230713,000000,23.0002,23.0575,23,23.05,3551,0
BSMT.US,D,20230714,000000,23.02,23.05,22.95,23.015,10858,0
BSMT.US,D,20230717,000000,23.0075,23.035,23.0075,23.035,3480,0
BSMT.US,D,20230718,000000,23.0899,23.0899,23.04,23.065,5110,0
BSMT.US,D,20230719,000000,23.05,23.15,23.05,23.13,7227,0
BSMT.US,D,20230720,000000,23.1,23.14,23.1,23.12,4529,0
BSMT.US,D,20230721,000000,23.1399,23.1425,23.1,23.12,9841,0
BSMT.US,D,20230724,000000,23.09,23.13,22.98,23.055,32449,0
BSMT.US,D,20230725,000000,23.04,23.09,23.02,23.0778,27449,0
BSMT.US,D,20230726,000000,23.0699,23.15,23.0699,23.09,13999,0
BSMT.US,D,20230727,000000,22.98,23.0294,22.93,22.99,3076,0
BSMT.US,D,20230728,000000,23.04,23.05,22.985,22.985,4311,0
BSMT.US,D,20230731,000000,23.01,23.01,22.9643,22.9643,3244,0
BSMT.US,D,20230801,000000,22.94,22.95,22.89,22.9157,6926,0
BSMT.US,D,20230802,000000,22.84,22.93,22.84,22.87,7955,0
BSMT.US,D,20230803,000000,22.76,22.81,22.7,22.7,3975,0
BSMT.US,D,20230804,000000,22.795,22.89,22.795,22.875,12486,0
BSMT.US,D,20230807,000000,22.805,22.87,22.805,22.8162,10086,0
BSMT.US,D,20230808,000000,22.84,22.89,22.81,22.835,11789,0
BSMT.US,D,20230809,000000,22.86,22.93,22.85,22.875,8914,0
BSMT.US,D,20230810,000000,22.87,22.92,22.8497,22.8497,14575,0
BSMT.US,D,20230811,000000,22.8199,22.86,22.815,22.815,7898,0
BSMT.US,D,20230814,000000,22.849,22.87,22.849,22.865,3137,0
BSMT.US,D,20230815,000000,22.91,22.91,22.83,22.8602,13105,0
BSMT.US,D,20230816,000000,22.84,22.86,22.69,22.8023,21091,0
BSMT.US,D,20230817,000000,22.8299,22.91,22.785,22.785,18394,0
BSMT.US,D,20230818,000000,22.7637,22.79,22.73,22.73,3398,0
BSMT.US,D,20230821,000000,22.64,22.64,22.5838,22.61,3130,0
BSMT.US,D,20230822,000000,22.71,22.71,22.59,22.62,6410,0
BSMT.US,D,20230823,000000,22.67,22.77,22.6572,22.705,8470,0
BSMT.US,D,20230824,000000,22.635,22.665,22.63,22.64,14340,0
BSMT.US,D,20230825,000000,22.608,22.652,22.58,22.6304,16243,0
BSMT.US,D,20230828,000000,22.622,22.72,22.605,22.6752,26760,0
BSMT.US,D,20230829,000000,22.68,22.81,22.655,22.7363,60355,0
BSMT.US,D,20230830,000000,22.6983,22.74,22.63,22.63,10023,0
BSMT.US,D,20230831,000000,22.661,22.7238,22.66,22.695,10352,0
BSMT.US,D,20230901,000000,22.76,22.76,22.6589,22.6816,7433,0
BSMT.US,D,20230905,000000,22.68,22.68,22.6301,22.6506,4078,0
BSMT.US,D,20230906,000000,22.6,22.62,22.55,22.55,9835,0
BSMT.US,D,20230907,000000,22.6,22.6,22.55,22.5613,33821,0
BSMT.US,D,20230908,000000,22.57,22.6,22.5691,22.575,2555,0
BSMT.US,D,20230911,000000,22.57,22.62,22.55,22.6038,14643,0
BSMT.US,D,20230912,000000,22.65,22.65,22.6,22.62,9241,0
BSMT.US,D,20230913,000000,22.61,22.66,22.61,22.6348,21285,0
BSMT.US,D,20230914,000000,22.595,22.62,22.5899,22.61,41364,0
BSMT.US,D,20230915,000000,22.6199,22.63,22.59,22.61,57175,0
BSMT.US,D,20230918,000000,22.6,22.6,22.561,22.575,9293,0
BSMT.US,D,20230919,000000,22.57,22.57,22.53,22.535,4440,0
BSMT.US,D,20230920,000000,22.55,22.57,22.51,22.525,6256,0
BSMT.US,D,20230921,000000,22.37,22.42,22.37,22.39,12922,0
BSMT.US,D,20230922,000000,22.43,22.43,22.393,22.4013,10688,0
BSMT.US,D,20230925,000000,22.33,22.33,22.26,22.26,4730,0
BSMT.US,D,20230926,000000,22.27,22.27,22.2209,22.25,20719,0
BSMT.US,D,20230927,000000,22.21,22.21,22.159,22.18,12963,0
BSMT.US,D,20230928,000000,22.15,22.16,22.07,22.115,20429,0
BSMT.US,D,20230929,000000,22.16,22.16,22.115,22.1206,4596,0
BSMT.US,D,20231002,000000,22.069,22.069,22.02,22.035,11288,0
BSMT.US,D,20231003,000000,22.06,22.06,21.9601,21.965,2829,0
BSMT.US,D,20231004,000000,21.97,22.06,21.92,21.995,61598,0
BSMT.US,D,20231005,000000,22.05,22.06,21.99,22.025,8539,0
BSMT.US,D,20231006,000000,21.93,21.97,21.88,21.97,7938,0
BSMT.US,D,20231009,000000,22.01,22.065,22.0099,22.065,2282,0
BSMT.US,D,20231010,000000,22.015,22.1,22.015,22.1,10434,0
BSMT.US,D,20231011,000000,22.19,22.309,22.19,22.24,23006,0
BSMT.US,D,20231012,000000,22.195,22.29,22.16,22.1922,24795,0
BSMT.US,D,20231013,000000,22.2499,22.265,22.2,22.2154,16045,0
BSMT.US,D,20231016,000000,22.17,22.19,22.145,22.1457,9770,0
BSMT.US,D,20231017,000000,22.0889,22.12,22.0272,22.12,16112,0
BSMT.US,D,20231018,000000,22,22.13,22,22,15827,0
BSMT.US,D,20231019,000000,22.0041,22.03,21.935,21.94,18831,0
BSMT.US,D,20231020,000000,21.97,22.01,21.89,22,222755,0
BSMT.US,D,20231023,000000,21.94,21.96,21.84,21.925,16738,0
BSMT.US,D,20231024,000000,21.91,22.02,21.88,21.9878,17928,0
BSMT.US,D,20231025,000000,21.87,21.88,21.8,21.835,8667,0
BSMT.US,D,20231026,000000,21.9,21.92,21.845,21.9133,11524,0
BSMT.US,D,20231027,000000,21.86,21.9,21.86,21.885,11588,0
BSMT.US,D,20231030,000000,21.895,21.9,21.83,21.9,5464,0
BSMT.US,D,20231031,000000,21.88,21.92,21.8303,21.85,19406,0
BSMT.US,D,20231101,000000,21.865,21.96,21.865,21.945,29947,0
BSMT.US,D,20231102,000000,22.051,22.0888,22.0401,22.065,29558,0
BSMT.US,D,20231103,000000,22.29,22.3,22.21,22.24,33181,0
BSMT.US,D,20231106,000000,22.18,22.235,22.1791,22.21,66680,0
BSMT.US,D,20231107,000000,22.36,22.43,22.2999,22.43,29759,0
BSMT.US,D,20231108,000000,22.4,22.45,22.37,22.42,43777,0
BSMT.US,D,20231109,000000,22.41,22.42,22.32,22.335,3022,0
BSMT.US,D,20231110,000000,22.47,22.47,22.36,22.37,43799,0
BSMT.US,D,20231113,000000,22.375,22.435,22.34,22.3857,16730,0
BSMT.US,D,20231114,000000,22.64,22.67,22.58,22.5878,16421,0
BSMT.US,D,20231115,000000,22.52,22.53,22.44,22.47,37482,0
BSMT.US,D,20231116,000000,22.62,22.67,22.6,22.62,31435,0
BSMT.US,D,20231117,000000,22.65,22.68,22.6,22.6401,20156,0
BSMT.US,D,20231120,000000,22.62,22.7,22.59,22.67,11468,0
BSMT.US,D,20231121,000000,22.68,22.76,22.665,22.6961,31386,0
BSMT.US,D,20231122,000000,22.71,22.75,22.68,22.74,6612,0
BSMT.US,D,20231124,000000,22.7,22.73,22.7,22.73,2717,0
BSMT.US,D,20231127,000000,22.76,22.82,22.74,22.79,53013,0
BSMT.US,D,20231128,000000,22.81,22.85,22.81,22.815,11880,0
BSMT.US,D,20231129,000000,22.925,23,22.925,22.99,4302,0
BSMT.US,D,20231130,000000,22.97,22.98,22.91,22.955,5482,0
BSMT.US,D,20231201,000000,22.98,23.1,22.98,23.09,62147,0
BSMT.US,D,20231204,000000,23.04,23.1,23.01,23.065,31397,0
BSMT.US,D,20231205,000000,23.15,23.16,23.13,23.145,16373,0
BSMT.US,D,20231206,000000,23.1537,23.22,23.1537,23.17,15865,0
BSMT.US,D,20231207,000000,23.25,23.25,23.2,23.2097,29979,0
BSMT.US,D,20231208,000000,23.16,23.2,23.11,23.18,25929,0
BSMT.US,D,20231211,000000,23.1601,23.2,23.1592,23.19,14695,0
BSMT.US,D,20231212,000000,23.26,23.26,23.18,23.2007,10207,0
BSMT.US,D,20231213,000000,23.22,23.32,23.09,23.275,37558,0
BSMT.US,D,20231214,000000,23.41,23.44,23.3699,23.42,19881,0
BSMT.US,D,20231215,000000,23.479,23.479,23.42,23.445,22332,0
BSMT.US,D,20231218,000000,23.44,23.44,23.29,23.3565,13404,0
BSMT.US,D,20231219,000000,23.39,23.42,23.28,23.3832,35355,0
BSMT.US,D,20231220,000000,23.43,23.48,23.3949,23.465,24473,0
BSMT.US,D,20231221,000000,23.5,23.5,23.43,23.435,10108,0
BSMT.US,D,20231222,000000,23.47,23.47,23.41,23.45,15239,0
BSMT.US,D,20231226,000000,23.47,23.4995,23.4581,23.465,10418,0
BSMT.US,D,20231227,000000,23.52,23.57,23.5,23.53,29640,0
BSMT.US,D,20231228,000000,23.5,23.51,23.47,23.47,23204,0
BSMT.US,D,20231229,000000,23.5195,23.53,23.49,23.495,14651,0
BSMT.US,D,20240102,000000,23.4999,23.52,23.4825,23.5,12208,0
BSMT.US,D,20240103,000000,23.472,23.54,23.472,23.515,14766,0
BSMT.US,D,20240104,000000,23.49,23.51,23.47,23.4851,6752,0
BSMT.US,D,20240105,000000,23.5,23.51,23.41,23.4759,10986,0
BSMT.US,D,20240108,000000,23.52,23.5899,23.49,23.53,25348,0
BSMT.US,D,20240109,000000,23.53,23.56,23.515,23.52,24071,0
BSMT.US,D,20240110,000000,23.47,23.515,23.45,23.45,9094,0
BSMT.US,D,20240111,000000,23.4781,23.5,23.42,23.5,371821,0
BSMT.US,D,20240112,000000,23.498,23.5062,23.42,23.4906,27049,0
BSMT.US,D,20240116,000000,23.52,23.52,23.3709,23.4451,33341,0
BSMT.US,D,20240117,000000,23.37,23.43,23.32,23.3358,51672,0
BSMT.US,D,20240118,000000,23.34,23.49,23.26,23.32,66685,0
BSMT.US,D,20240119,000000,23.27,23.3,23.2523,23.2846,69552,0
BSMT.US,D,20240122,000000,23.2863,23.309,23.2501,23.2648,19653,0
BSMT.US,D,20240123,000000,23.22,23.2667,23.17,23.25,53739,0
BSMT.US,D,20240124,000000,23.27,23.27,23.18,23.21,23982,0
BSMT.US,D,20240125,000000,23.25,23.27,23.2201,23.2524,11773,0
BSMT.US,D,20240126,000000,23.25,23.2567,23.22,23.2404,30407,0
BSMT.US,D,20240129,000000,23.3,23.34,23.2597,23.3224,32101,0
BSMT.US,D,20240130,000000,23.33,23.38,23.27,23.3337,17687,0
BSMT.US,D,20240131,000000,23.37,23.45,23.37,23.4268,31910,0
BSMT.US,D,20240201,000000,23.46,23.58,23.44,23.53,158000,0
BSMT.US,D,20240202,000000,23.3899,23.3899,23.33,23.37,11632,0
BSMT.US,D,20240205,000000,23.3,23.32,23.25,23.305,10125,0
BSMT.US,D,20240206,000000,23.3299,23.36,23.29,23.34,8914,0
BSMT.US,D,20240207,000000,23.34,23.35,23.3001,23.3301,8952,0
BSMT.US,D,20240208,000000,23.33,23.36,23.29,23.33,16312,0
BSMT.US,D,20240209,000000,23.34,23.34,23.315,23.33,21635,0
BSMT.US,D,20240212,000000,23.331,23.39,23.331,23.3696,6955,0
BSMT.US,D,20240213,000000,23.29,23.29,23.22,23.22,18087,0
BSMT.US,D,20240214,000000,23.271,23.34,23.27,23.32,8653,0
BSMT.US,D,20240215,000000,23.305,23.35,23.305,23.335,3500,0
BSMT.US,D,20240216,000000,23.3082,23.33,23.2801,23.32,23250,0
BSMT.US,D,20240220,000000,23.31,23.31,23.28,23.305,54851,0
BSMT.US,D,20240221,000000,23.36,23.36,23.231,23.28,44050,0
BSMT.US,D,20240222,000000,23.2996,23.32,23.27,23.2951,27255,0
BSMT.US,D,20240223,000000,23.32,23.37,23.305,23.355,71727,0
BSMT.US,D,20240226,000000,23.35,23.35,23.295,23.335,36229,0
BSMT.US,D,20240227,000000,23.29,23.31,23.289,23.29,27497,0
BSMT.US,D,20240228,000000,23.319,23.36,23.2909,23.34,12249,0
BSMT.US,D,20240229,000000,23.31,23.38,23.31,23.33,26106,0
BSMT.US,D,20240301,000000,23.35,23.396,23.305,23.38,26267,0
BSMT.US,D,20240304,000000,23.3,23.36,23.3,23.33,11307,0
BSMT.US,D,20240305,000000,23.36,23.41,23.3599,23.38,10533,0
BSMT.US,D,20240306,000000,23.36,23.41,23.355,23.375,20273,0
BSMT.US,D,20240307,000000,23.388,23.45,23.35,23.42,24032,0
BSMT.US,D,20240308,000000,23.42,23.42,23.37,23.3999,42450,0
BSMT.US,D,20240311,000000,23.45,23.45,23.3726,23.385,9893,0
BSMT.US,D,20240312,000000,23.39,23.39,23.33,23.37,8923,0
BSMT.US,D,20240313,000000,23.4045,23.42,23.36,23.41,21302,0
BSMT.US,D,20240314,000000,23.44,23.44,23.329,23.34,19929,0
BSMT.US,D,20240315,000000,23.29,23.37,23.29,23.34,20961,0
BSMT.US,D,20240318,000000,23.21,23.31,23.21,23.26,28886,0
BSMT.US,D,20240319,000000,23.3,23.34,23.29,23.32,12348,0
BSMT.US,D,20240320,000000,23.29,23.32,23.2832,23.3,13914,0
BSMT.US,D,20240321,000000,23.27,23.31,23.24,23.27,19258,0
BSMT.US,D,20240322,000000,23.31,23.36,23.2917,23.32,8613,0
BSMT.US,D,20240325,000000,23.31,23.31,23.27,23.28,9817,0
BSMT.US,D,20240326,000000,23.3,23.3,23.27,23.28,16137,0
BSMT.US,D,20240327,000000,23.25,23.26,23.23,23.24,18469,0
BSMT.US,D,20240328,000000,23.25,23.25,23.22,23.24,15040,0
BSMT.US,D,20240401,000000,23.1836,23.1836,23.145,23.17,15054,0
BSMT.US,D,20240402,000000,23.14,23.16,23.09,23.13,24391,0
BSMT.US,D,20240403,000000,23.06,23.11,23.04,23.07,259329,0
BSMT.US,D,20240404,000000,23.07,23.13,23.06,23.09,23240,0
BSMT.US,D,20240405,000000,23.03,23.065,23.03,23.055,9191,0
BSMT.US,D,20240408,000000,23.05,23.08,23.05,23.08,8027,0
BSMT.US,D,20240409,000000,23.11,23.13,23.075,23.115,31535,0
BSMT.US,D,20240410,000000,22.979,23,22.93,22.93,36896,0
BSMT.US,D,20240411,000000,22.966,22.99,22.955,22.9593,9637,0
BSMT.US,D,20240412,000000,23.025,23.04,23.0199,23.03,11651,0
BSMT.US,D,20240415,000000,23.03,23.03,22.95,23.03,8821,0
BSMT.US,D,20240416,000000,22.96,22.98,22.94,22.98,12939,0
BSMT.US,D,20240417,000000,23.01,23.035,22.96,23.025,25120,0
BSMT.US,D,20240418,000000,22.98,23.01,22.97,23.01,10350,0
BSMT.US,D,20240419,000000,23.02,23.04,23.015,23.02,11016,0
BSMT.US,D,20240422,000000,22.9799,22.99,22.97,22.975,7752,0
BSMT.US,D,20240423,000000,23,23.02,22.99,22.99,10064,0
BSMT.US,D,20240424,000000,22.98,22.98,22.94,22.97,13295,0
BSMT.US,D,20240425,000000,22.93,22.93,22.9,22.91,10968,0
BSMT.US,D,20240426,000000,22.93,22.94,22.91,22.915,11383,0
BSMT.US,D,20240429,000000,22.93,22.95,22.92,22.94,16393,0
BSMT.US,D,20240430,000000,22.89,22.92,22.88,22.89,13675,0
BSMT.US,D,20240501,000000,22.95,22.98,22.9101,22.97,12594,0
BSMT.US,D,20240502,000000,22.96,22.98,22.94,22.96,18777,0
BSMT.US,D,20240503,000000,23.0037,23.06,23.0037,23.04,33273,0
BSMT.US,D,20240506,000000,23.04,23.075,23.01,23.055,17959,0
BSMT.US,D,20240507,000000,23.12,23.12,23.07,23.1067,21312,0
BSMT.US,D,20240508,000000,23.05,23.13,23.05,23.07,40815,0
BSMT.US,D,20240509,000000,23.12,23.14,23.09,23.1171,25908,0
BSMT.US,D,20240510,000000,23.11,23.11,23.08,23.085,12505,0
BSMT.US,D,20240513,000000,23.09,23.1,23.07,23.07,11719,0
BSMT.US,D,20240514,000000,23.0963,23.13,23.09,23.0975,26678,0
BSMT.US,D,20240515,000000,23.13,23.18,23.13,23.145,51311,0
BSMT.US,D,20240516,000000,23.13,23.14,23.0973,23.1004,47734,0
BSMT.US,D,20240517,000000,23.07,23.08,23.01,23.0504,7030,0
BSMT.US,D,20240520,000000,22.99,22.99,22.97,22.98,30207,0
BSMT.US,D,20240521,000000,22.9601,22.99,22.9463,22.96,16779,0
BSMT.US,D,20240522,000000,22.9,22.9,22.88,22.8835,13378,0
BSMT.US,D,20240523,000000,22.84,22.85,22.8,22.8064,45428,0
BSMT.US,D,20240524,000000,22.78,22.81,22.78,22.79,12366,0
BSMT.US,D,20240528,000000,22.82,22.82,22.78,22.8,24912,0
BSMT.US,D,20240529,000000,22.76,22.76,22.71,22.7253,14674,0
BSMT.US,D,20240530,000000,22.7018,22.75,22.7018,22.7359,11830,0
BSMT.US,D,20240531,000000,22.76,22.77,22.73,22.77,16366,0
BSMT.US,D,20240603,000000,22.74,22.8299,22.74,22.78,16426,0
BSMT.US,D,20240604,000000,22.84,22.87,22.815,22.8455,26869,0
BSMT.US,D,20240605,000000,22.9,22.96,22.84,22.94,52456,0
BSMT.US,D,20240606,000000,22.96,23,22.93,22.9852,16737,0
BSMT.US,D,20240607,000000,22.9,22.91,22.88,22.8854,23319,0
BSMT.US,D,20240610,000000,22.88,22.9,22.8799,22.9,17608,0
BSMT.US,D,20240611,000000,22.86,22.93,22.86,22.92,30709,0
BSMT.US,D,20240612,000000,23.02,23.04,23,23.03,24282,0
BSMT.US,D,20240613,000000,23.0301,23.1,23.0301,23.08,23518,0
BSMT.US,D,20240614,000000,23.06,23.12,23.06,23.1,23269,0
BSMT.US,D,20240617,000000,23.049,23.06,23.0374,23.0454,8786,0
BSMT.US,D,20240618,000000,23.049,23.1,23.03,23.0851,92873,0
BSMT.US,D,20240620,000000,23.06,23.08,23.01,23.0553,36736,0
BSMT.US,D,20240621,000000,23.04,23.08,23.01,23.01,24458,0
BSMT.US,D,20240624,000000,23,23,22.96,23,21442,0
BSMT.US,D,20240625,000000,23.04,23.04,22.95,23.01,45020,0
BSMT.US,D,20240626,000000,22.96,22.96,22.9299,22.93,24378,0
BSMT.US,D,20240627,000000,22.93,22.96,22.93,22.9453,13438,0
BSMT.US,D,20240628,000000,22.97,22.97,22.915,22.915,21302,0
BSMT.US,D,20240701,000000,22.86,22.87,22.84,22.87,14483,0
BSMT.US,D,20240702,000000,22.87,22.93,22.87,22.915,28570,0
BSMT.US,D,20240703,000000,22.93,23.04,22.93,23.025,47344,0
BSMT.US,D,20240705,000000,23.01,23.06,22.98,23.01,9983,0
BSMT.US,D,20240708,000000,23.05,23.05,23.0196,23.0196,12643,0
BSMT.US,D,20240709,000000,23.05,23.05,23.01,23.02,8327,0
BSMT.US,D,20240710,000000,23.05,23.05,23.02,23.04,10707,0
BSMT.US,D,20240711,000000,23.11,23.14,23.09,23.1054,25167,0
BSMT.US,D,20240712,000000,23.11,23.14,23.1,23.1204,28528,0
BSMT.US,D,20240715,000000,23.09,23.0999,23.03,23.0423,171338,0
BSMT.US,D,20240716,000000,23.07,23.14,23.06,23.12,46035,0
BSMT.US,D,20240717,000000,23.13,23.15,23.11,23.135,17507,0
BSMT.US,D,20240718,000000,23.09,23.14,23.09,23.13,34091,0
BSMT.US,D,20240719,000000,23.1052,23.13,23.1,23.1154,14798,0
BSMT.US,D,20240722,000000,23.0511,23.07,23.04,23.0454,12924,0
BSMT.US,D,20240723,000000,23.07,23.07,23.04,23.04,14831,0
BSMT.US,D,20240724,000000,23.13,23.13,23.01,23.025,39109,0
BSMT.US,D,20240725,000000,23.04,23.05,23.02,23.041,22293,0
BSMT.US,D,20240726,000000,23.08,23.09,23.04,23.065,42007,0
BSMT.US,D,20240729,000000,23.08,23.09,23.01,23.03,176420,0
BSMT.US,D,20240730,000000,23.07,23.08,23.06,23.06,31641,0
BSMT.US,D,20240731,000000,23.11,23.13,23.04,23.13,54030,0
BSMT.US,D,20240801,000000,23.15,23.2,23.15,23.17,20366,0
BSMT.US,D,20240802,000000,23.25,23.28,23.23,23.2739,15863,0
BSMT.US,D,20240805,000000,23.349,23.37,23.28,23.28,38031,0
BSMT.US,D,20240806,000000,23.2793,23.3,23.25,23.285,52472,0
BSMT.US,D,20240807,000000,23.24,23.25,23.19,23.205,19787,0
BSMT.US,D,20240808,000000,23.16,23.16,23.1401,23.1524,4323,0
BSMT.US,D,20240809,000000,23.165,23.1804,23.1575,23.1804,2247,0
BSMT.US,D,20240812,000000,23.16,23.2198,23.14,23.1584,212191,0
BSMT.US,D,20240813,000000,23.18,23.19,23.17,23.17,31098,0
BSMT.US,D,20240814,000000,23.18,23.2099,23.1705,23.2004,29888,0
BSMT.US,D,20240815,000000,23.159,23.16,23.11,23.13,19642,0
BSMT.US,D,20240816,000000,23.145,23.18,23.14,23.165,23736,0
BSMT.US,D,20240819,000000,23.09,23.12,23.09,23.105,22565,0
BSMT.US,D,20240820,000000,23.12,23.13,23.105,23.125,8691,0
BSMT.US,D,20240821,000000,23.126,23.17,23.1237,23.155,40862,0
BSMT.US,D,20240822,000000,23.11,23.12,23.1095,23.115,12247,0
BSMT.US,D,20240823,000000,23.14,23.21,23.1275,23.1953,20275,0
BSMT.US,D,20240826,000000,23.21,23.27,23.19,23.2,51369,0
BSMT.US,D,20240827,000000,23.17,23.19,23.17,23.1754,15979,0
BSMT.US,D,20240828,000000,23.16,23.17,23.13,23.13,16352,0
BSMT.US,D,20240829,000000,23.19,23.19,23.1505,23.19,33537,0
BSMT.US,D,20240830,000000,23.2,23.2,23.155,23.1559,17497,0
BSMT.US,D,20240903,000000,23.2,23.2299,23.2,23.2063,20565,0
BSMT.US,D,20240904,000000,23.26,23.26,23.18,23.21,279495,0
BSMT.US,D,20240905,000000,23.2,23.24,23.195,23.235,15627,0
BSMT.US,D,20240906,000000,23.28,23.28,23.22,23.2509,32990,0
BSMT.US,D,20240909,000000,23.2508,23.264,23.215,23.22,32854,0
BSMT.US,D,20240910,000000,23.24,23.29,23.2,23.29,105372,0
BSMT.US,D,20240911,000000,23.3,23.309,23.26,23.265,19757,0
BSMT.US,D,20240912,000000,23.26,23.3,23.24,23.275,40844,0
BSMT.US,D,20240913,000000,23.29,23.35,23.285,23.297,35266,0
BSMT.US,D,20240916,000000,23.305,23.34,23.3,23.3251,24795,0
BSMT.US,D,20240917,000000,23.33,23.34,23.3,23.31,90161,0
BSMT.US,D,20240918,000000,23.3,23.3,23.2608,23.265,22139,0
BSMT.US,D,20240919,000000,23.25,23.28,23.24,23.27,26882,0
BSMT.US,D,20240920,000000,23.25,23.36,23.25,23.3382,86241,0
BSMT.US,D,20240923,000000,23.27,23.31,23.26,23.3,51021,0
BSMT.US,D,20240924,000000,23.26,23.27,23.26,23.265,38901,0
BSMT.US,D,20240925,000000,23.22,23.235,23.211,23.23,10044,0
BSMT.US,D,20240926,000000,23.25,23.25,23.2,23.22,20065,0
BSMT.US,D,20240927,000000,23.29,23.3,23.25,23.2854,27694,0
BSMT.US,D,20240930,000000,23.2733,23.2799,23.24,23.27,69738,0
BSMT.US,D,20241001,000000,23.28,23.338,23.28,23.31,11373,0
BSMT.US,D,20241002,000000,23.32,23.36,23.27,23.36,64696,0
BSMT.US,D,20241003,000000,23.34,23.34,23.3,23.313,16310,0
BSMT.US,D,20241004,000000,23.255,23.28,23.22,23.235,16786,0
BSMT.US,D,20241007,000000,23.25,23.25,23.21,23.24,11904,0
BSMT.US,D,20241008,000000,23.24,23.25,23.2,23.25,35230,0
BSMT.US,D,20241009,000000,23.191,23.22,23.19,23.215,24032,0
BSMT.US,D,20241010,000000,23.21,23.22,23.18,23.19,157153,0
BSMT.US,D,20241011,000000,23.2,23.2,23.15,23.2,39762,0
BSMT.US,D,20241014,000000,23.1,23.19,23.095,23.1742,45490,0
BSMT.US,D,20241015,000000,23.21,23.23,23.19,23.21,25101,0
BSMT.US,D,20241016,000000,23.23,23.23,23.21,23.22,67580,0
BSMT.US,D,20241017,000000,23.21,23.23,23.1999,23.215,39940,0
BSMT.US,D,20241018,000000,23.23,23.23,23.2,23.21,16412,0
BSMT.US,D,20241021,000000,23.124,23.124,23.08,23.095,19667,0
BSMT.US,D,20241022,000000,23.0701,23.09,23.04,23.065,35933,0
BSMT.US,D,20241023,000000,23.02,23.02,22.89,22.9,27805,0
BSMT.US,D,20241024,000000,22.91,22.97,22.8957,22.95,24177,0
BSMT.US,D,20241025,000000,23.01,23.04,22.982,22.9972,20365,0
BSMT.US,D,20241028,000000,23.09,23.09,23.0301,23.08,26199,0
BSMT.US,D,20241029,000000,23.06,23.06,22.997344,23.06,391813,0
BSMT.US,D,20241030,000000,23.04,23.07,23.02,23.04,24778,0
BSMT.US,D,20241031,000000,23.0201,23.0209,22.92,22.9713,174592,0
BSMT.US,D,20241101,000000,23.05,23.06,23.02,23.02,99994,0
BSMT.US,D,20241104,000000,23.04,23.1,23.04,23.06,49320,0
