<TICKER>,<PER>,<DATE>,<TIME>,<OPEN>,<HIGH>,<LOW>,<CLOSE>,<VOL>,<OPENINT>
BSMU.US,D,20201013,000000,24.3436,24.3436,24.3188,24.3188,156.92535854021,0
BSMU.US,D,20201014,000000,24.2939,24.3188,24.2939,24.3188,163.96688103881,0
BSMU.US,D,20201015,000000,24.3734,24.3734,24.3386,24.3386,150.88976782712,0
BSMU.US,D,20201016,000000,24.3536,24.3833,24.3536,24.3685,272.60751387433,0
BSMU.US,D,20201020,000000,24.3734,24.3734,24.3386,24.3386,100.59317855141,0
BSMU.US,D,20201026,000000,24.3536,24.3536,24.3536,24.3536,105.62283747898,0
BSMU.US,D,20201102,000000,24.3565,24.3635,24.3088,24.3088,3695.7933799789,0
BSMU.US,D,20201119,000000,25.0047,25.0137,24.9798,24.9798,459.71082597996,0
BSMU.US,D,20201120,000000,25.0822,25.0822,25.0474,25.0474,795.69204234168,0
BSMU.US,D,20201124,000000,24.9461,24.9758,24.9461,24.9758,761.49036163419,0
BSMU.US,D,20201211,000000,25.2104,25.2104,25.1856,25.2035,6287.0736594633,0
BSMU.US,D,20201214,000000,25.2055,25.2055,25.2055,25.2055,423.49728170145,0
BSMU.US,D,20201216,000000,25.1807,25.1807,25.1807,25.1807,11.065249640655,0
BSMU.US,D,20201218,000000,25.2005,25.2005,25.2005,25.2005,2.0118635710282,0
BSMU.US,D,20201222,000000,25.2602,25.2701,25.2552,25.2552,2006.8339121007,0
BSMU.US,D,20201231,000000,25.2502,25.2502,25.2502,25.2502,2.0118635710282,0
BSMU.US,D,20210105,000000,25.3596,25.3596,25.3297,25.3297,610.60059380707,0
BSMU.US,D,20210106,000000,25.3049,25.3297,25.2949,25.2949,639.77261558698,0
BSMU.US,D,20210107,000000,25.3297,25.3297,25.2701,25.2701,1926.3593692596,0
BSMU.US,D,20210108,000000,25.2492,25.2701,25.1657,25.1657,2123.5219992203,0
BSMU.US,D,20210111,000000,25.1518,25.1906,25.1518,25.1657,511.01334704117,0
BSMU.US,D,20210112,000000,25.2104,25.2204,25.1657,25.1657,1108.5368276366,0
BSMU.US,D,20210113,000000,25.1906,25.28,25.1647,25.2254,84760.818179206,0
BSMU.US,D,20210114,000000,25.2304,25.2402,25.2154,25.2154,469.7701438351,0
BSMU.US,D,20210115,000000,25.2552,25.2701,25.2354,25.2354,4405.9812205519,0
BSMU.US,D,20210119,000000,25.2651,25.2651,25.2602,25.2602,1098.4775097814,0
BSMU.US,D,20210120,000000,25.2751,25.2751,25.2502,25.2502,536.16164167903,0
BSMU.US,D,20210121,000000,25.3149,25.3149,25.29,25.29,3573.0697021462,0
BSMU.US,D,20210122,000000,25.3247,25.3247,25.3049,25.3049,198.16856174628,0
BSMU.US,D,20210125,000000,25.3745,25.3844,25.3546,25.3546,6690.4523054545,0
BSMU.US,D,20210126,000000,25.3247,25.4142,25.3149,25.3894,3270.2842347064,0
BSMU.US,D,20210127,000000,25.4729,25.4729,25.4382,25.4382,245.44735566545,0
BSMU.US,D,20210128,000000,25.4342,25.4829,25.4342,25.448,1795.5882371427,0
BSMU.US,D,20210201,000000,25.443,25.4928,25.4342,25.4679,2015.8872981704,0
BSMU.US,D,20210205,000000,25.4829,25.5325,25.4829,25.4878,464.74048490753,0
BSMU.US,D,20210208,000000,25.5425,25.5425,25.5027,25.5027,388.28966920845,0
BSMU.US,D,20210210,000000,25.5922,25.6022,25.5722,25.5722,1948.4898685409,0
BSMU.US,D,20210211,000000,25.6121,25.6309,25.5972,25.5972,3813.4873988841,0
BSMU.US,D,20210212,000000,25.6309,25.6309,25.5872,25.5872,832.91151840569,0
BSMU.US,D,20210217,000000,25.5127,25.5127,25.4878,25.4878,295.74394494115,0
BSMU.US,D,20210219,000000,25.2254,25.2304,25.2005,25.2005,998.89026301553,0
BSMU.US,D,20210222,000000,24.9997,24.9997,24.956,24.956,308.82105815284,0
BSMU.US,D,20210225,000000,24.6131,24.6229,24.5593,24.5891,6004.4068277338,0
BSMU.US,D,20210226,000000,24.4947,24.6528,24.4251,24.6428,2748.2056380246,0
BSMU.US,D,20210301,000000,24.6131,24.6131,24.6131,24.6131,327.93376207761,0
BSMU.US,D,20210302,000000,24.6328,24.6428,24.6179,24.6179,1297.6520033132,0
BSMU.US,D,20210303,000000,24.6428,24.6528,24.6179,24.6179,708.17597700195,0
BSMU.US,D,20210304,000000,24.6528,24.6528,24.6279,24.6279,103.61097390795,0
BSMU.US,D,20210305,000000,24.6826,24.6925,24.6776,24.6776,2827.6742490803,0
BSMU.US,D,20210308,000000,24.7314,24.7314,24.6727,24.6975,655.86752415521,0
BSMU.US,D,20210310,000000,24.9112,24.9112,24.8864,24.8864,231.36431066825,0
BSMU.US,D,20210311,000000,24.951,24.951,24.9261,24.9261,312.84478529489,0
BSMU.US,D,20210312,000000,24.8615,24.8615,24.8367,24.8367,417.46169098836,0
BSMU.US,D,20210315,000000,24.9311,24.9411,24.8964,24.8964,11458.568968791,0
BSMU.US,D,20210316,000000,24.9112,24.9112,24.8864,24.8864,401.36678242013,0
BSMU.US,D,20210317,000000,24.8914,24.9014,24.8714,24.8714,822.85220055055,0
BSMU.US,D,20210318,000000,24.7124,24.7124,24.7124,24.7124,612.6124573781,0
BSMU.US,D,20210319,000000,24.7124,24.7124,24.6925,24.6975,392.31339635051,0
BSMU.US,D,20210323,000000,24.7521,24.792,24.7521,24.7671,1084.3944647842,0
BSMU.US,D,20210324,000000,24.7821,24.8118,24.7821,24.787,445.62778098276,0
BSMU.US,D,20210329,000000,24.8297,24.8297,24.8068,24.8068,305.80326279629,0
BSMU.US,D,20210330,000000,24.8118,24.8118,24.8118,24.8118,129.76520033132,0
BSMU.US,D,20210331,000000,24.8317,24.8317,24.791,24.791,896.28522089309,0
BSMU.US,D,20210405,000000,24.8814,24.9014,24.8664,24.8664,6226.7177523324,0
BSMU.US,D,20210406,000000,24.9102,24.9112,24.8864,24.8864,2299.5600616852,0
BSMU.US,D,20210407,000000,24.9311,24.961,24.9261,24.9261,2341.8091966769,0
BSMU.US,D,20210408,000000,25.0286,25.0286,25.0137,25.0147,432.55066777107,0
BSMU.US,D,20210409,000000,25.0484,25.0584,25.0236,25.0236,2182.8719745657,0
BSMU.US,D,20210412,000000,25.0484,25.0684,25.0097,25.0534,2113.4626813652,0
BSMU.US,D,20210413,000000,25.0584,25.0732,25.0334,25.0732,1009.9555126561,0
BSMU.US,D,20210414,000000,25.1121,25.1369,25.1121,25.122,1899.1992110507,0
BSMU.US,D,20210415,000000,25.2959,25.2959,25.2512,25.2512,840.95897268981,0
BSMU.US,D,20210416,000000,25.2761,25.2761,25.2314,25.2314,2829.6861126513,0
BSMU.US,D,20210419,000000,25.2064,25.2064,25.1717,25.1717,403.37864599116,0
BSMU.US,D,20210421,000000,25.1567,25.1975,25.1469,25.1975,527.1082556094,0
BSMU.US,D,20210422,000000,25.2761,25.2761,25.2711,25.2711,780.60306555896,0
BSMU.US,D,20210423,000000,25.286,25.3159,25.281,25.3059,21980.615445269,0
BSMU.US,D,20210426,000000,25.286,25.286,25.286,25.286,397.34305527808,0
BSMU.US,D,20210428,000000,25.2661,25.2661,25.2412,25.2412,798.70983769822,0
BSMU.US,D,20210429,000000,25.2164,25.2364,25.1866,25.2064,1793.5763735717,0
BSMU.US,D,20210430,000000,25.127,25.1965,25.127,25.1617,20032.125576728,0
BSMU.US,D,20210503,000000,25.1469,25.1965,25.1469,25.1567,5294.2189871608,0
BSMU.US,D,20210504,000000,25.2064,25.2164,25.2064,25.2064,2388.0820588105,0
BSMU.US,D,20210505,000000,25.2264,25.2364,25.2214,25.2214,803.73949662579,0
BSMU.US,D,20210507,000000,25.2661,25.286,25.2512,25.2512,4943.1487940164,0
BSMU.US,D,20210510,000000,25.2612,25.2612,25.2064,25.2314,1712.0958989451,0
BSMU.US,D,20210511,000000,25.2064,25.2562,25.2064,25.2214,2686.8437991083,0
BSMU.US,D,20210512,000000,25.2364,25.2364,25.1767,25.1916,9898.368769459,0
BSMU.US,D,20210513,000000,25.1965,25.2264,25.1916,25.2064,5950.0865113161,0
BSMU.US,D,20210514,000000,25.2364,25.2364,25.2114,25.2114,6446.0108815745,0
BSMU.US,D,20210517,000000,25.1767,25.2462,25.1767,25.2114,2619.4463694788,0
BSMU.US,D,20210518,000000,25.2114,25.2114,25.2114,25.2114,287.69649065704,0
BSMU.US,D,20210519,000000,25.2114,25.2462,25.1866,25.1866,18247.602589227,0
BSMU.US,D,20210520,000000,25.2661,25.2761,25.2412,25.2412,11576.262987696,0
BSMU.US,D,20210521,000000,25.2582,25.2761,25.2512,25.2512,1489.7849743464,0
BSMU.US,D,20210525,000000,25.286,25.3059,25.286,25.3059,688.05734129167,0
BSMU.US,D,20210527,000000,25.3357,25.3357,25.3009,25.3009,1785.5289192876,0
BSMU.US,D,20210528,000000,25.3457,25.3556,25.3009,25.3009,14826.428586693,0
BSMU.US,D,20210601,000000,25.3208,25.3457,25.3208,25.3208,559.29807274586,0
BSMU.US,D,20210602,000000,25.3457,25.3954,25.3357,25.3605,7439.8714856625,0
BSMU.US,D,20210603,000000,25.3854,25.3854,25.3556,25.3556,533.14384632249,0
BSMU.US,D,20210604,000000,25.4352,25.444,25.4302,25.4302,359.11764742855,0
BSMU.US,D,20210608,000000,25.459,25.4938,25.459,25.4789,2245.2397452675,0
BSMU.US,D,20210609,000000,25.5732,25.6131,25.5485,25.5882,3507.6841360877,0
BSMU.US,D,20210610,000000,25.6429,25.6429,25.6181,25.6181,1116.5842819207,0
BSMU.US,D,20210617,000000,25.5634,25.5634,25.5285,25.5285,273.61344565985,0
BSMU.US,D,20210618,000000,25.5435,25.5435,25.5186,25.5186,580.42264024165,0
BSMU.US,D,20210621,000000,25.5236,25.5236,25.4988,25.4988,1599.4315389675,0
BSMU.US,D,20210622,000000,25.5037,25.5037,25.4888,25.4888,128.75926854581,0
BSMU.US,D,20210623,000000,25.4152,25.4252,25.3954,25.3954,3145.5486933027,0
BSMU.US,D,20210624,000000,25.4352,25.4352,25.4102,25.4102,393.31932813602,0
BSMU.US,D,20210625,000000,25.4052,25.4052,25.3705,25.3705,1863.9915985577,0
BSMU.US,D,20210628,000000,25.4639,25.4639,25.4392,25.4392,331.95748921966,0
BSMU.US,D,20210629,000000,25.4202,25.454,25.4202,25.4202,4747.9980276267,0
BSMU.US,D,20210701,000000,25.4302,25.4639,25.4302,25.4392,15393.774113722,0
BSMU.US,D,20210702,000000,25.5037,25.5137,25.4789,25.4789,4703.737029064,0
BSMU.US,D,20210706,000000,25.5832,25.5832,25.5196,25.5585,456.69303062342,0
BSMU.US,D,20210709,000000,25.6925,25.6925,25.6628,25.6628,245.44735566545,0
BSMU.US,D,20210712,000000,25.7025,25.7025,25.6876,25.6876,214.26347031451,0
BSMU.US,D,20210715,000000,25.7175,25.7265,25.7175,25.7265,295.74394494115,0
BSMU.US,D,20210716,000000,25.7512,25.7512,25.7225,25.7225,194.14483460422,0
BSMU.US,D,20210719,000000,25.7959,25.7959,25.7861,25.7861,279.64903637292,0
BSMU.US,D,20210720,000000,25.7861,25.8208,25.7315,25.7315,4952.2021800861,0
BSMU.US,D,20210721,000000,25.7801,25.7801,25.6975,25.6975,473.79387097716,0
BSMU.US,D,20210723,000000,25.7125,25.7125,25.7125,25.7125,102.60504212244,0
BSMU.US,D,20210727,000000,25.6975,25.7025,25.6628,25.7025,585.45229916923,0
BSMU.US,D,20210728,000000,25.623,25.623,25.623,25.623,1261.4384590347,0
BSMU.US,D,20210730,000000,25.6925,25.6925,25.6329,25.6678,843.97676804635,0
BSMU.US,D,20210803,000000,25.7015,25.7025,25.6778,25.6778,753.44290735008,0
BSMU.US,D,20210810,000000,25.5832,25.6032,25.5832,25.5832,513.0252106122,0
BSMU.US,D,20210813,000000,25.5435,25.5634,25.5186,25.5186,706.16411343092,0
BSMU.US,D,20210816,000000,25.5335,25.5425,25.4988,25.4988,464.74048490753,0
BSMU.US,D,20210817,000000,25.5335,25.5335,25.4839,25.5037,880.19031232486,0
BSMU.US,D,20210819,000000,25.5236,25.5236,25.4938,25.4938,364.14730635612,0
BSMU.US,D,20210820,000000,25.5236,25.5335,25.4948,25.4948,5699.609496723,0
BSMU.US,D,20210825,000000,25.454,25.454,25.4392,25.4392,821.84626876505,0
BSMU.US,D,20210826,000000,25.454,25.454,25.4052,25.4252,844.98269983186,0
BSMU.US,D,20210827,000000,25.4839,25.4839,25.4739,25.4739,360.12357921406,0
BSMU.US,D,20210830,000000,25.4252,25.449,25.4152,25.449,5193.6258086095,0
BSMU.US,D,20210907,000000,25.3755,25.3755,25.291,25.291,3409.1028211074,0
BSMU.US,D,20210910,000000,25.4252,25.4252,25.3556,25.3805,242.42956030891,0
BSMU.US,D,20210913,000000,25.4102,25.4352,25.4052,25.4052,2083.2847277997,0
BSMU.US,D,20210915,000000,25.3655,25.3904,25.3655,25.3904,412.43203206079,0
BSMU.US,D,20210917,000000,25.3705,25.4152,25.3705,25.3854,1336.8833429483,0
BSMU.US,D,20210920,000000,25.4152,25.444,25.3854,25.4202,1569.2535854021,0
BSMU.US,D,20210921,000000,25.3655,25.3904,25.3655,25.3904,158.93722211124,0
BSMU.US,D,20210922,000000,25.3954,25.4152,25.3904,25.3904,1067.2936244305,0
BSMU.US,D,20210924,000000,25.2562,25.2761,25.2562,25.2761,250.47701459302,0
BSMU.US,D,20210928,000000,25.1369,25.1369,25.0872,25.122,1195.0469611908,0
BSMU.US,D,20210930,000000,25.117,25.127,25.0921,25.0921,931.49283338608,0
BSMU.US,D,20211001,000000,25.1071,25.1071,25.0822,25.0822,517.04893775426,0
BSMU.US,D,20211005,000000,25.0624,25.0624,25.0424,25.0424,229.35244709722,0
BSMU.US,D,20211006,000000,25.0674,25.0872,25.0574,25.0574,6980.1606596826,0
BSMU.US,D,20211007,000000,25.0574,25.0574,25.0186,25.0186,1192.0291658342,0
BSMU.US,D,20211008,000000,24.9987,24.9987,24.9838,24.9838,564.32773167343,0
BSMU.US,D,20211013,000000,24.9888,25.0226,24.9888,25.0087,1463.630747923,0
BSMU.US,D,20211014,000000,24.9987,25.0186,24.9888,25.0186,535.15570989351,0
BSMU.US,D,20211019,000000,25.0037,25.0276,25.0037,25.0037,1542.0934271932,0
BSMU.US,D,20211021,000000,24.96,24.96,24.9251,24.9251,1232.2664372548,0
BSMU.US,D,20211022,000000,24.8954,24.9301,24.8954,24.9151,1482.7434518478,0
BSMU.US,D,20211025,000000,24.8904,24.95,24.8904,24.9201,2055.1186378053,0
BSMU.US,D,20211027,000000,25.0087,25.0186,24.9838,24.9838,10464.708364704,0
BSMU.US,D,20211028,000000,24.9788,25.0087,24.9699,24.9838,2026.952547811,0
BSMU.US,D,20211029,000000,25.0186,25.0474,24.9788,25.0276,1925.3534374741,0
BSMU.US,D,20211101,000000,25.0276,25.0276,25.0037,25.0037,917.40978838889,0
BSMU.US,D,20211103,000000,25.0524,25.0772,25.0524,25.0524,2032.988138524,0
BSMU.US,D,20211108,000000,25.2264,25.2264,25.2064,25.2064,192.1329710332,0
BSMU.US,D,20211110,000000,25.3457,25.3457,25.2959,25.2959,1189.0113704777,0
BSMU.US,D,20211115,000000,25.3139,25.3159,25.2761,25.2761,3785.3213088897,0
BSMU.US,D,20211116,000000,25.3059,25.3059,25.2412,25.2412,967.70637766459,0
BSMU.US,D,20211117,000000,25.1975,25.2412,25.1975,25.2412,620.65991166221,0
BSMU.US,D,20211118,000000,25.2661,25.2661,25.2412,25.2412,672.96836450895,0
BSMU.US,D,20211119,000000,25.3159,25.3257,25.281,25.281,6562.6989686941,0
BSMU.US,D,20211122,000000,25.2959,25.2959,25.2364,25.2364,2283.4651531171,0
BSMU.US,D,20211124,000000,25.2462,25.2661,25.2314,25.2314,3726.9772653298,0
BSMU.US,D,20211129,000000,25.3457,25.3457,25.3257,25.3257,296.74987672666,0
BSMU.US,D,20211130,000000,25.4052,25.4052,25.3655,25.3705,2166.7770659974,0
BSMU.US,D,20211202,000000,25.3954,25.4052,25.3755,25.3755,2693.8853216068,0
BSMU.US,D,20211203,000000,25.4152,25.455,25.4023,25.4302,7208.5071749942,0
BSMU.US,D,20211206,000000,25.3755,25.3755,25.3705,25.3705,700.12852271784,0
BSMU.US,D,20211207,000000,25.4749,25.4749,25.3605,25.3605,1856.9500760591,0
BSMU.US,D,20211208,000000,25.3954,25.4052,25.3705,25.3705,1617.5383111067,0
BSMU.US,D,20211209,000000,25.3854,25.3954,25.3655,25.3655,709.18190878746,0
BSMU.US,D,20211210,000000,25.4202,25.4202,25.4202,25.4202,177.04399425048,0
BSMU.US,D,20211213,000000,25.4649,25.4649,25.455,25.455,1135.6969858455,0
BSMU.US,D,20211214,000000,25.455,25.455,25.4352,25.4352,405.39050956219,0
BSMU.US,D,20211215,000000,25.4352,25.455,25.4202,25.4202,2766.3124101638,0
BSMU.US,D,20211217,000000,25.4749,25.4848,25.445,25.445,3362.8299589737,0
BSMU.US,D,20211220,000000,25.4749,25.4749,25.4402,25.4402,685.03954593512,0
BSMU.US,D,20211221,000000,25.4102,25.4352,25.4004,25.4004,4358.7024266327,0
BSMU.US,D,20211222,000000,25.4649,25.4649,25.445,25.445,356.099852072,0
BSMU.US,D,20211227,000000,25.455,25.4649,25.4352,25.4352,13791.324779399,0
BSMU.US,D,20211229,000000,25.455,25.455,25.4252,25.4252,12387.044006821,0
BSMU.US,D,20211230,000000,25.4649,25.4848,25.4649,25.4848,3361.8240271882,0
BSMU.US,D,20220103,000000,25.4052,25.4352,25.4052,25.4252,4930.0716808048,0
BSMU.US,D,20220104,000000,25.4242,25.4252,25.3974,25.3974,2323.7024245376,0
BSMU.US,D,20220105,000000,25.3954,25.3954,25.3954,25.3954,922.43944731646,0
BSMU.US,D,20220106,000000,25.3457,25.3457,25.3109,25.3109,5507.4765256898,0
BSMU.US,D,20220107,000000,25.281,25.281,25.281,25.281,5451.1443457011,0
BSMU.US,D,20220110,000000,25.2462,25.2462,25.1518,25.1518,4269.174497722,0
BSMU.US,D,20220111,000000,25.1469,25.1469,25.1051,25.1051,1369.0731600847,0
BSMU.US,D,20220113,000000,25.0772,25.1469,25.0772,25.1319,7997.1576948373,0
BSMU.US,D,20220118,000000,25.0077,25.0077,24.9689,24.9808,578.41077667063,0
BSMU.US,D,20220119,000000,24.9689,24.9689,24.9689,24.9689,626.6955023753,0
BSMU.US,D,20220120,000000,24.9977,25.0276,24.9738,24.9878,85476.035678707,0
BSMU.US,D,20220121,000000,24.9878,24.9878,24.9341,24.9341,321.89817136452,0
BSMU.US,D,20220124,000000,24.8994,24.8994,24.8297,24.8297,5290.1952600188,0
BSMU.US,D,20220125,000000,24.8247,24.8497,24.8048,24.8048,2819.6267947961,0
BSMU.US,D,20220126,000000,24.7304,24.7601,24.6328,24.6328,5763.989130996,0
BSMU.US,D,20220127,000000,24.6508,24.6508,24.6111,24.6111,1809.6712821399,0
BSMU.US,D,20220131,000000,24.4221,24.442,24.4221,24.4321,788.65051984308,0
BSMU.US,D,20220201,000000,24.452,24.5066,24.452,24.5066,582.43450381268,0
BSMU.US,D,20220202,000000,24.6011,24.6209,24.6011,24.6011,1082.3826012132,0
BSMU.US,D,20220203,000000,24.6408,24.6607,24.6259,24.6259,2272.3999034764,0
BSMU.US,D,20220204,000000,24.5911,24.5911,24.5613,24.5763,918.4157201744,0
BSMU.US,D,20220207,000000,24.5613,24.5811,24.5613,24.5811,704.15224985989,0
BSMU.US,D,20220208,000000,24.5474,24.5474,24.4698,24.4818,2165.7711342119,0
BSMU.US,D,20220209,000000,24.4818,24.4828,24.4818,24.4818,9136.8784078248,0
BSMU.US,D,20220210,000000,24.3983,24.3983,24.2879,24.2879,824.86406412158,0
BSMU.US,D,20220214,000000,24.2233,24.2243,24.105,24.12,5485.3460264085,0
BSMU.US,D,20220215,000000,24.115,24.115,24.09,24.09,255.50667352059,0
BSMU.US,D,20220216,000000,24.105,24.105,24.0753,24.0753,358.11171564303,0
BSMU.US,D,20220217,000000,24.095,24.1696,24.095,24.1696,609.59466202156,0
BSMU.US,D,20220218,000000,24.1896,24.2143,24.1896,24.1896,286.69055887152,0
BSMU.US,D,20220223,000000,24.1746,24.1746,24.1249,24.1497,995.87246765899,0
BSMU.US,D,20220224,000000,24.2929,24.2929,24.2293,24.2293,103.61097390795,0
BSMU.US,D,20220225,000000,24.2243,24.2243,24.1846,24.1896,377.2244195678,0
BSMU.US,D,20220228,000000,24.2333,24.2561,24.2243,24.2383,1215.1655969011,0
BSMU.US,D,20220301,000000,24.2879,24.3277,24.263,24.3277,810.78101912439,0
BSMU.US,D,20220302,000000,24.3028,24.3028,24.1945,24.2163,2016.8932299559,0
BSMU.US,D,20220303,000000,24.2433,24.2433,24.1896,24.1896,723.26495378465,0
BSMU.US,D,20220304,000000,24.105,24.1249,24.105,24.115,1322.800297951,0
BSMU.US,D,20220307,000000,24.1249,24.1249,24.0653,24.0653,3322.5926875531,0
BSMU.US,D,20220308,000000,23.8664,23.916,23.8466,23.916,5876.6534909736,0
BSMU.US,D,20220309,000000,23.8763,23.8763,23.8167,23.8466,1803.6356914269,0
BSMU.US,D,20220310,000000,23.8067,23.8067,23.7074,23.7472,9843.0425212558,0
BSMU.US,D,20220311,000000,23.7163,23.7163,23.6527,23.6527,783.62086091551,0
BSMU.US,D,20220316,000000,23.4002,23.4002,23.3107,23.3754,1169.8986665529,0
BSMU.US,D,20220317,000000,23.43,23.43,23.4052,23.4052,490.8947113309,0
BSMU.US,D,20220318,000000,23.4887,23.5185,23.4777,23.4777,5361.6164167903,0
BSMU.US,D,20220321,000000,23.3306,23.3306,23.2859,23.2909,798.70983769822,0
BSMU.US,D,20220322,000000,23.2222,23.2512,23.1965,23.1965,5872.6297638314,0
BSMU.US,D,20220323,000000,23.1516,23.1596,23.1119,23.1596,2607.3751880526,0
BSMU.US,D,20220324,000000,23.1019,23.1019,23.0582,23.0582,409.41423670425,0
BSMU.US,D,20220325,000000,23.0225,23.0323,22.9529,22.9826,11938.398430481,0
BSMU.US,D,20220328,000000,23.0722,23.0722,22.9677,22.9677,593.49975345334,0
BSMU.US,D,20220329,000000,22.9727,22.9926,22.9479,22.9479,370.1828970692,0
BSMU.US,D,20220330,000000,22.923,23.0323,22.923,23.0274,834.92338197672,0
BSMU.US,D,20220331,000000,23.0722,23.0822,23.0145,23.0145,3390.9960489681,0
BSMU.US,D,20220401,000000,23.0323,23.1219,23.0225,23.0602,16176.389042852,0
BSMU.US,D,20220404,000000,23.0522,23.1119,23.0522,23.0822,6767.9090529391,0
BSMU.US,D,20220405,000000,22.9727,22.9727,22.923,22.9279,11410.284243087,0
BSMU.US,D,20220406,000000,22.7639,22.8236,22.7541,22.7541,10104.584785489,0
BSMU.US,D,20220407,000000,22.7103,22.7739,22.7103,22.7491,15162.409803055,0
BSMU.US,D,20220408,000000,22.7053,22.7053,22.6556,22.6556,6628.0845347526,0
BSMU.US,D,20220411,000000,22.7153,22.7252,22.5721,22.5721,995.87246765899,0
BSMU.US,D,20220412,000000,22.5861,22.5861,22.5214,22.5214,11355.963926669,0
BSMU.US,D,20220413,000000,22.5761,22.5959,22.5463,22.5463,7417.7409863812,0
BSMU.US,D,20220414,000000,22.3872,22.3872,22.3674,22.3674,501.95996097155,0
BSMU.US,D,20220418,000000,22.3175,22.3175,22.3028,22.3028,172.01433532291,0
BSMU.US,D,20220419,000000,22.2381,22.2581,22.1288,22.1288,4643.3811219332,0
BSMU.US,D,20220420,000000,22.1188,22.1785,22.089,22.1388,7478.0968935121,0
BSMU.US,D,20220421,000000,22.0591,22.0889,21.9995,22.084,10261.510144029,0
BSMU.US,D,20220422,000000,22.0893,22.1088,21.9995,22.0392,3894.9678735107,0
BSMU.US,D,20220425,000000,22.0709,22.0791,21.9398,22.0045,7158.2105857185,0
BSMU.US,D,20220426,000000,22.0492,22.0492,22.0392,22.0392,1375.1087507978,0
BSMU.US,D,20220427,000000,21.9498,22.0194,21.9299,22.0194,3563.010384291,0
BSMU.US,D,20220428,000000,21.9001,21.9498,21.9001,21.9466,15665.375695812,0
BSMU.US,D,20220429,000000,21.905,21.905,21.905,21.905,96.569451409356,0
BSMU.US,D,20220502,000000,21.8205,21.8205,21.751,21.7858,9205.2817692398,0
BSMU.US,D,20220503,000000,21.8504,21.8603,21.8305,21.8305,7530.4053463588,0
BSMU.US,D,20220504,000000,21.713,21.8504,21.713,21.8305,3356.7943682607,0
BSMU.US,D,20220505,000000,21.6217,21.7162,21.6117,21.7162,27372.409815625,0
BSMU.US,D,20220506,000000,21.5423,21.6217,21.5423,21.6217,2478.6159195068,0
BSMU.US,D,20220509,000000,21.577,21.577,21.577,21.577,4.0237271420565,0
BSMU.US,D,20220510,000000,21.5337,21.6117,21.4677,21.4677,6430.9219047918,0
BSMU.US,D,20220511,000000,21.4427,21.446,21.403,21.446,916.40385660337,0
BSMU.US,D,20220512,000000,21.5024,21.5024,21.403,21.403,1230.2545736838,0
BSMU.US,D,20220513,000000,21.3087,21.3087,21.249,21.249,1239.3079597534,0
BSMU.US,D,20220516,000000,21.3224,21.3234,21.2541,21.2787,2324.7083563232,0
BSMU.US,D,20220517,000000,21.244,21.244,21.1894,21.1894,7030.4572489582,0
BSMU.US,D,20220518,000000,21.1347,21.1644,21.0352,21.0352,3076.1394001022,0
BSMU.US,D,20220519,000000,21.1844,21.2141,21.1101,21.1844,6409.797337296,0
BSMU.US,D,20220520,000000,21.244,21.423,21.244,21.3781,6490.2718801371,0
BSMU.US,D,20220523,000000,21.403,21.432,21.403,21.403,552.25655024726,0
BSMU.US,D,20220524,000000,21.6714,21.741,21.6714,21.7162,1463.630747923,0
BSMU.US,D,20220525,000000,22.0194,22.089,22.0194,22.089,2943.3564044143,0
BSMU.US,D,20220526,000000,22.2381,22.2381,22.1785,22.2232,4154.4982741733,0
BSMU.US,D,20220527,000000,22.3275,22.3325,22.3077,22.3325,2013.8754345992,0
BSMU.US,D,20220531,000000,22.4171,22.4568,22.3587,22.3587,1010.9614444417,0
BSMU.US,D,20220601,000000,22.3762,22.427,22.3574,22.4071,1925.3534374741,0
BSMU.US,D,20220602,000000,22.4866,22.4866,22.4368,22.4368,2079.2610006577,0
BSMU.US,D,20220603,000000,22.417,22.427,22.397,22.4029,2864.8937251442,0
BSMU.US,D,20220606,000000,22.3475,22.3475,22.3225,22.3225,688.05734129167,0
BSMU.US,D,20220607,000000,22.3475,22.3475,22.2728,22.2728,172.01433532291,0
BSMU.US,D,20220608,000000,22.2082,22.2581,22.2026,22.2026,15336.436001948,0
BSMU.US,D,20220609,000000,22.0492,22.0492,21.9995,21.9995,253.49480994956,0
BSMU.US,D,20220610,000000,21.8802,21.9001,21.8802,21.8852,11626.559576972,0
BSMU.US,D,20220613,000000,21.6615,21.6615,21.0949,21.1147,14503.524483542,0
BSMU.US,D,20220614,000000,21.1436,21.1446,21.0999,21.0999,437.58032669865,0
BSMU.US,D,20220615,000000,21.254,21.254,21.1545,21.1685,1995.7686624601,0
BSMU.US,D,20220616,000000,21.1545,21.254,21.1391,21.239,5663.3959524446,0
BSMU.US,D,20220617,000000,21.2639,21.2639,21.1943,21.2262,761.49036163419,0
BSMU.US,D,20220621,000000,21.25,21.3197,21.1903,21.1952,18613.509952048,0
BSMU.US,D,20220622,000000,21.3894,21.3993,21.324,21.324,2839.9787507091,0
BSMU.US,D,20220623,000000,21.4791,21.4791,21.4143,21.4304,7731.611174579,0
BSMU.US,D,20220624,000000,21.4293,21.5189,21.3894,21.4791,6180.0669136718,0
BSMU.US,D,20220627,000000,21.4691,21.4791,21.4293,21.4293,3830.1552175405,0
BSMU.US,D,20220628,000000,21.3745,21.3745,21.3745,21.3745,179.75820239637,0
BSMU.US,D,20220629,000000,21.5039,21.5487,21.5039,21.5269,3016.7242458028,0
BSMU.US,D,20220630,000000,21.7479,21.7579,21.6682,21.6782,3722.7019904097,0
BSMU.US,D,20220701,000000,21.8525,21.8525,21.8525,21.8525,71.300739498001,0
BSMU.US,D,20220705,000000,21.9968,21.9968,21.962,21.962,589.48639556798,0
BSMU.US,D,20220706,000000,22.0566,22.0566,21.947,21.972,4154.523370468,0
BSMU.US,D,20220707,000000,21.9968,21.9968,21.967,21.967,4034.0150783588,0
BSMU.US,D,20220708,000000,21.947,21.957,21.9072,21.9272,3018.7327173379,0
BSMU.US,D,20220711,000000,22.0466,22.0715,22.0416,22.0416,4541.1541409854,0
BSMU.US,D,20220712,000000,22.1263,22.1263,22.105,22.1063,812.42673597018,0
BSMU.US,D,20220713,000000,21.9968,22.0765,21.9968,22.0466,2952.4531566778,0
BSMU.US,D,20220714,000000,22.0665,22.0715,22.0665,22.0715,668.8210212066,0
BSMU.US,D,20220715,000000,22.0765,22.1063,22.0665,22.0665,3095.0546356738,0
BSMU.US,D,20220718,000000,22.0592,22.0665,22.0592,22.0665,116.2810758416,0
BSMU.US,D,20220719,000000,22.0665,22.1463,22.0167,22.0442,370925.60528096,0
BSMU.US,D,20220720,000000,22.1463,22.1463,22.0266,22.0865,6137.8364429148,0
BSMU.US,D,20220721,000000,22.1364,22.1663,22.1264,22.1364,68547.694208623,0
BSMU.US,D,20220722,000000,22.266,22.266,22.2062,22.2361,39045.380906088,0
BSMU.US,D,20220725,000000,22.1763,22.1862,22.1463,22.1563,5734.8623697396,0
BSMU.US,D,20220726,000000,22.1962,22.2062,22.1563,22.1563,6782.3944753816,0
BSMU.US,D,20220727,000000,22.266,22.286,22.2261,22.266,56049.483401786,0
BSMU.US,D,20220728,000000,22.3748,22.3858,22.3708,22.3708,4900.8463774964,0
BSMU.US,D,20220729,000000,22.3858,22.3907,22.3858,22.3858,22414.179791536,0
BSMU.US,D,20220801,000000,22.4546,22.4556,22.4356,22.4356,2463.9559001608,0
BSMU.US,D,20220802,000000,22.4656,22.4855,22.3858,22.3858,3922.4814635188,0
BSMU.US,D,20220803,000000,22.4349,22.4656,22.4057,22.4556,5795.0077537956,0
BSMU.US,D,20220804,000000,22.4855,22.4955,22.4656,22.4656,3111.5212018304,0
BSMU.US,D,20220805,000000,22.3259,22.3359,22.276,22.301,5406.0676035668,0
BSMU.US,D,20220808,000000,22.3858,22.3858,22.3608,22.3608,760.8391083084,0
BSMU.US,D,20220809,000000,22.3459,22.3758,22.3409,22.3409,12960.327841,0
BSMU.US,D,20220810,000000,22.3957,22.4257,22.3259,22.3259,13280.100799565,0
BSMU.US,D,20220811,000000,22.3359,22.3359,22.2611,22.2611,497.2018415296,0
BSMU.US,D,20220812,000000,22.3259,22.3521,22.296,22.3521,971.3479525044,0
BSMU.US,D,20220815,000000,22.3858,22.4157,22.3459,22.3608,7554.2602374336,0
BSMU.US,D,20220816,000000,22.4456,22.4456,22.3159,22.3259,4377.5815362092,0
BSMU.US,D,20220817,000000,22.2261,22.2461,22.1636,22.1636,3267.899200376,0
BSMU.US,D,20220818,000000,22.1563,22.2062,22.1238,22.1549,8947.6283013976,0
BSMU.US,D,20220819,000000,22.0266,22.0765,22.0266,22.0266,911.2025684484,0
BSMU.US,D,20220822,000000,21.9767,22.0167,21.9468,21.9681,39383.197479869,0
BSMU.US,D,20220823,000000,21.9568,22.0167,21.9169,21.9331,12687.668766613,0
BSMU.US,D,20220824,000000,21.9169,21.9269,21.862,21.8921,3673.880542754,0
BSMU.US,D,20220825,000000,21.867,21.877,21.8371,21.877,1770.2791373816,0
BSMU.US,D,20220826,000000,21.857,21.867,21.8121,21.8121,4174.0896534864,0
BSMU.US,D,20220829,000000,21.7872,21.8171,21.7373,21.7523,8786.238187514,0
BSMU.US,D,20220830,000000,21.7573,21.7573,21.6775,21.7124,2051.9600193772,0
BSMU.US,D,20220831,000000,21.6974,21.7573,21.6685,21.6685,5728.847831334,0
BSMU.US,D,20220901,000000,21.5578,21.5877,21.4879,21.5578,11404.567240085,0
BSMU.US,D,20220902,000000,21.6565,21.6765,21.6475,21.6675,2640.3823600584,0
BSMU.US,D,20220906,000000,21.5977,21.6176,21.5079,21.5252,3194.7223164412,0
BSMU.US,D,20220907,000000,21.4879,21.5578,21.4879,21.5378,2679.4768596948,0
BSMU.US,D,20220908,000000,21.5078,21.5179,21.478,21.4898,4580.0709958644,0
BSMU.US,D,20220909,000000,21.5179,21.5478,21.4979,21.5228,5097.321298746,0
BSMU.US,D,20220912,000000,21.5877,21.5877,21.5228,21.5228,12860.08553424,0
BSMU.US,D,20220913,000000,21.4879,21.5179,21.448,21.448,4311.4216137476,0
BSMU.US,D,20220914,000000,21.4381,21.448,21.3694,21.3932,3548.577659304,0
BSMU.US,D,20220915,000000,21.4081,21.4381,21.3491,21.3491,6503.7208625888,0
BSMU.US,D,20220916,000000,21.3468,21.3982,21.3283,21.3483,3730.0162345396,0
BSMU.US,D,20220919,000000,21.1687,21.3084,21.1687,21.2086,7893.0792342824,0
BSMU.US,D,20220920,000000,21.2086,21.2086,21.1338,21.1338,616.490186574,0
BSMU.US,D,20220921,000000,21.1488,21.1887,21.1089,21.1687,4958.9869154172,0
BSMU.US,D,20220922,000000,21.1488,21.1488,21.0091,21.039,8393.2883450148,0
BSMU.US,D,20220923,000000,21.0191,21.0191,20.9897,20.9897,2408.8226314428,0
BSMU.US,D,20220926,000000,20.8994,20.9293,20.7996,20.8237,9008.7761085212,0
BSMU.US,D,20220927,000000,20.7298,20.7697,20.7248,20.7298,3674.8829658216,0
BSMU.US,D,20220928,000000,20.7796,20.8295,20.7397,20.8295,17948.385025378,0
BSMU.US,D,20220929,000000,20.8096,20.8196,20.7198,20.7547,6882.6367821416,0
BSMU.US,D,20220930,000000,20.7198,20.7896,20.6899,20.7101,3441.3183910708,0
BSMU.US,D,20221003,000000,20.8395,20.8894,20.8395,20.8644,2534.1255148928,0
BSMU.US,D,20221004,000000,21.043,21.043,21.0089,21.0089,1715.1458686636,0
BSMU.US,D,20221005,000000,20.9832,21.059,20.9492,21.039,10911.375090826,0
BSMU.US,D,20221006,000000,21.029,21.049,20.9693,21.0191,3606.7181972248,0
BSMU.US,D,20221007,000000,21.0091,21.0889,21.0091,21.0141,20648.912769492,0
BSMU.US,D,20221010,000000,20.9692,21.039,20.9592,21.0111,20197.822389072,0
BSMU.US,D,20221011,000000,20.9792,21.0789,20.9492,21.0451,12117.290041149,0
BSMU.US,D,20221012,000000,21.0889,21.0989,21.0689,21.0689,6427.5367094512,0
BSMU.US,D,20221013,000000,20.8794,21.0091,20.8794,21.0041,33940.040222801,0
BSMU.US,D,20221014,000000,21.0989,21.0989,20.9742,20.9742,11387.526047936,0
BSMU.US,D,20221017,000000,21.059,21.059,20.9941,20.9941,23783.489701878,0
BSMU.US,D,20221018,000000,21.0789,21.0789,20.8495,20.9302,513568.40295431,0
BSMU.US,D,20221019,000000,20.9093,20.9193,20.8196,20.8345,253552.89071874,0
BSMU.US,D,20221020,000000,20.8196,20.8794,20.7721,20.7721,69885.929003869,0
BSMU.US,D,20221021,000000,20.6799,20.6799,20.635,20.635,11533.879815806,0
BSMU.US,D,20221024,000000,20.59,20.62,20.5,20.5,5884,0
BSMU.US,D,20221025,000000,20.49,20.51,20.48,20.4986,7304,0
BSMU.US,D,20221026,000000,20.52,20.55,20.45,20.5389,52759,0
BSMU.US,D,20221027,000000,20.525,20.535,20.51,20.5247,81904,0
BSMU.US,D,20221028,000000,20.5098,20.53,20.49,20.515,41208,0
BSMU.US,D,20221031,000000,20.535,20.5499,20.46,20.48,8710,0
BSMU.US,D,20221101,000000,20.6,20.6,20.54,20.6,15162,0
BSMU.US,D,20221102,000000,20.5999,20.69,20.595,20.66,9160,0
BSMU.US,D,20221103,000000,20.575,20.607,20.565,20.595,27330,0
BSMU.US,D,20221104,000000,20.61,20.7,20.575,20.645,17942,0
BSMU.US,D,20221107,000000,20.64,20.69,20.615,20.6426,6851,0
BSMU.US,D,20221108,000000,20.7389,20.7389,20.705,20.7296,5750,0
BSMU.US,D,20221109,000000,20.789,20.82,20.77,20.82,3582,0
BSMU.US,D,20221110,000000,21.115,21.15,21.115,21.15,945,0
BSMU.US,D,20221111,000000,21.1007,21.16,21.09,21.12,10105,0
BSMU.US,D,20221114,000000,21.12,21.12,21.105,21.105,3693,0
BSMU.US,D,20221115,000000,21.19,21.22,21.14,21.2,12561,0
BSMU.US,D,20221116,000000,21.29,21.38,21.29,21.33,15264,0
BSMU.US,D,20221117,000000,21.4291,21.4291,21.37,21.41,9250,0
BSMU.US,D,20221118,000000,21.415,21.439,21.38,21.405,19731,0
BSMU.US,D,20221121,000000,21.41,21.45,21.38,21.3829,8799,0
BSMU.US,D,20221122,000000,21.42,21.45,21.405,21.425,28681,0
BSMU.US,D,20221123,000000,21.42,21.57,21.42,21.5158,38083,0
BSMU.US,D,20221125,000000,21.51,21.51,21.495,21.495,189,0
BSMU.US,D,20221128,000000,21.505,21.55,21.505,21.515,2814,0
BSMU.US,D,20221129,000000,21.54,21.61,21.54,21.59,3158,0
BSMU.US,D,20221130,000000,21.6,21.71,21.6,21.7061,2716,0
BSMU.US,D,20221201,000000,21.74,21.83,21.74,21.76,14809,0
BSMU.US,D,20221202,000000,21.744,21.81,21.744,21.765,6597,0
BSMU.US,D,20221205,000000,21.74,21.81,21.74,21.77,11013,0
BSMU.US,D,20221206,000000,21.8199,21.85,21.8132,21.815,12013,0
BSMU.US,D,20221207,000000,21.8395,21.91,21.8395,21.84,7343,0
BSMU.US,D,20221208,000000,21.83,21.95,21.815,21.83,31084,0
BSMU.US,D,20221209,000000,21.84,21.86,21.8,21.8,17938,0
BSMU.US,D,20221212,000000,21.83,21.84,21.8,21.805,4867,0
BSMU.US,D,20221213,000000,21.905,21.95,21.86,21.875,37072,0
BSMU.US,D,20221214,000000,21.9,21.92,21.83,21.8962,26685,0
BSMU.US,D,20221215,000000,21.93,21.98,21.91,21.955,233006,0
BSMU.US,D,20221216,000000,21.89,21.93,21.8501,21.8954,15570,0
BSMU.US,D,20221219,000000,21.78,21.85,21.7755,21.785,21320,0
BSMU.US,D,20221220,000000,21.751,21.751,21.725,21.725,1457,0
BSMU.US,D,20221221,000000,21.76,21.76,21.705,21.7257,28459,0
BSMU.US,D,20221222,000000,21.79,21.79,21.7199,21.75,25732,0
BSMU.US,D,20221223,000000,21.66,21.73,21.65,21.7002,9030,0
BSMU.US,D,20221227,000000,21.635,21.69,21.62,21.69,22466,0
BSMU.US,D,20221228,000000,21.64,21.71,21.6,21.6,18216,0
BSMU.US,D,20221229,000000,21.67,21.7,21.6695,21.6806,29310,0
BSMU.US,D,20221230,000000,21.65,21.69,21.645,21.6744,27948,0
BSMU.US,D,20230103,000000,21.755,21.755,21.7058,21.7105,18144,0
BSMU.US,D,20230104,000000,21.82,21.84,21.815,21.8152,11810,0
BSMU.US,D,20230105,000000,21.82,21.85,21.82,21.8399,3406,0
BSMU.US,D,20230106,000000,21.8,21.9,21.77,21.8956,39028,0
BSMU.US,D,20230109,000000,21.98,22.11,21.98,22.0189,16120,0
BSMU.US,D,20230110,000000,21.97,22.005,21.97,22.005,289,0
BSMU.US,D,20230111,000000,22.045,22.22,22.045,22.07,18895,0
BSMU.US,D,20230112,000000,22.21,22.24,22.195,22.2306,2446,0
BSMU.US,D,20230113,000000,22.23,22.27,22.175,22.175,20543,0
BSMU.US,D,20230117,000000,22.19,22.285,22.19,22.255,2743,0
BSMU.US,D,20230118,000000,22.41,22.42,22.385,22.385,2278,0
BSMU.US,D,20230119,000000,22.419,22.419,22.385,22.385,1910,0
BSMU.US,D,20230120,000000,22.37,22.4,22.335,22.335,5300,0
BSMU.US,D,20230123,000000,22.29,22.32,22.269,22.3,114687,0
BSMU.US,D,20230124,000000,22.3199,22.4,22.3199,22.3404,12726,0
BSMU.US,D,20230125,000000,22.38,22.39,22.36,22.3604,5072,0
BSMU.US,D,20230126,000000,22.38,22.4,22.31,22.3632,36726,0
BSMU.US,D,20230127,000000,22.33,22.38,22.33,22.3357,21310,0
BSMU.US,D,20230130,000000,22.37,22.37,22.32,22.34,2911,0
BSMU.US,D,20230131,000000,22.35,22.4,22.35,22.372,4334,0
BSMU.US,D,20230201,000000,22.475,22.54,22.4124,22.5149,17212,0
BSMU.US,D,20230202,000000,22.59,22.59,22.4953,22.4953,17819,0
BSMU.US,D,20230203,000000,22.385,22.45,22.385,22.3958,18972,0
BSMU.US,D,20230206,000000,22.31,22.34,22.2989,22.3009,12616,0
BSMU.US,D,20230207,000000,22.3,22.33,22.27,22.2855,14593,0
BSMU.US,D,20230208,000000,22.29,22.37,22.29,22.33,31924,0
BSMU.US,D,20230209,000000,22.27,22.28,22.25,22.25,8184,0
BSMU.US,D,20230210,000000,22.255,22.29,22.22,22.22,14716,0
BSMU.US,D,20230213,000000,22.31,22.31,22.24,22.28,9693,0
BSMU.US,D,20230214,000000,22.2,22.24,22.1999,22.2,6058,0
BSMU.US,D,20230215,000000,22.1899,22.1899,22.1,22.1,8573,0
BSMU.US,D,20230216,000000,22.06,22.06,21.96,21.96,2001,0
BSMU.US,D,20230217,000000,21.875,21.92,21.86,21.89,22092,0
BSMU.US,D,20230221,000000,21.79,21.79,21.7,21.71,11216,0
BSMU.US,D,20230222,000000,21.72,21.75,21.72,21.73,2964,0
BSMU.US,D,20230223,000000,21.8,21.82,21.775,21.775,4893,0
BSMU.US,D,20230224,000000,21.72,21.72,21.685,21.7,8507,0
BSMU.US,D,20230227,000000,21.66,21.7765,21.66,21.73,23087,0
BSMU.US,D,20230228,000000,21.71,21.8,21.71,21.74,10000,0
BSMU.US,D,20230301,000000,21.71,21.71,21.68,21.7,4079,0
BSMU.US,D,20230302,000000,21.61,21.69,21.61,21.66,6390,0
BSMU.US,D,20230303,000000,21.729,21.74,21.71,21.71,5952,0
BSMU.US,D,20230306,000000,21.76,21.78,21.67,21.71,9201,0
BSMU.US,D,20230307,000000,21.75,21.75,21.71,21.71,1927,0
BSMU.US,D,20230308,000000,21.7286,21.7286,21.71,21.71,2222,0
BSMU.US,D,20230309,000000,21.78,21.83,21.765,21.77,4488,0
BSMU.US,D,20230310,000000,21.91,21.91,21.9,21.905,2011,0
BSMU.US,D,20230313,000000,22.1,22.11,21.99,22.01,10117,0
BSMU.US,D,20230314,000000,21.96,22.01,21.9301,21.95,2597,0
BSMU.US,D,20230315,000000,22.18,22.18,22.045,22.06,7591,0
BSMU.US,D,20230316,000000,22.04,22.13,22.01,22.03,9830,0
BSMU.US,D,20230317,000000,22.21,22.24,22.15,22.15,17252,0
BSMU.US,D,20230320,000000,22.07,22.09,21.98,21.98,9146,0
BSMU.US,D,20230321,000000,22.07,22.07,21.95,21.95,13087,0
BSMU.US,D,20230322,000000,21.995,22.08,21.995,22.08,6672,0
BSMU.US,D,20230323,000000,22.14,22.18,22.08,22.08,6016,0
BSMU.US,D,20230324,000000,22.1791,22.209,22.1,22.12,5970,0
BSMU.US,D,20230327,000000,22.13,22.2,22.08,22.08,7234,0
BSMU.US,D,20230328,000000,22.114,22.199,22.114,22.135,6797,0
BSMU.US,D,20230329,000000,22.1289,22.1699,22.1289,22.15,3748,0
BSMU.US,D,20230330,000000,22.17,22.195,22.13,22.195,2660,0
BSMU.US,D,20230331,000000,22.22,22.29,22.2199,22.23,4904,0
BSMU.US,D,20230403,000000,22.26,22.29,22.24,22.24,10685,0
BSMU.US,D,20230404,000000,22.34,22.38,22.26,22.34,8538,0
BSMU.US,D,20230405,000000,22.43,22.46,22.285,22.37,18669,0
BSMU.US,D,20230406,000000,22.46,22.48,22.4102,22.47,5506,0
BSMU.US,D,20230410,000000,22.44,22.44,22.27,22.305,29771,0
BSMU.US,D,20230411,000000,22.42,22.5,22.33,22.47,10190,0
BSMU.US,D,20230412,000000,22.52,22.63,22.4503,22.565,49558,0
BSMU.US,D,20230413,000000,22.5493,22.58,22.37,22.41,13774,0
BSMU.US,D,20230414,000000,22.36,22.82,22.31,22.35,21279,0
BSMU.US,D,20230417,000000,22.34,22.38,22.33,22.34,13168,0
BSMU.US,D,20230418,000000,22.3,22.3,22.23,22.2341,7673,0
BSMU.US,D,20230419,000000,22.15,22.16,22.115,22.13,7063,0
BSMU.US,D,20230420,000000,22.15,22.15,22.135,22.135,15516,0
BSMU.US,D,20230421,000000,22.16,22.16,22.09,22.1052,9973,0
BSMU.US,D,20230424,000000,22.095,22.17,22.09,22.09,7954,0
BSMU.US,D,20230425,000000,22.19,22.22,22.18,22.19,30998,0
BSMU.US,D,20230426,000000,22.14,22.19,22.11,22.11,9935,0
BSMU.US,D,20230427,000000,22.1,22.115,22.08,22.08,36716,0
BSMU.US,D,20230428,000000,22.18,22.2,22.14,22.16,5039,0
BSMU.US,D,20230501,000000,22.129,22.129,22.05,22.06,38012,0
BSMU.US,D,20230502,000000,22.2,22.25,22.15,22.15,25766,0
BSMU.US,D,20230503,000000,22.195,22.27,22.19,22.19,16262,0
BSMU.US,D,20230504,000000,22.2589,22.2894,22.24,22.245,11905,0
BSMU.US,D,20230505,000000,22.2155,22.25,22.215,22.22,4059,0
BSMU.US,D,20230508,000000,22.18,22.21,22.18,22.19,5441,0
BSMU.US,D,20230509,000000,22.19,22.191,22.09,22.18,12225,0
BSMU.US,D,20230510,000000,22.26,22.31,22,22.24,18038,0
BSMU.US,D,20230511,000000,22.2201,22.24,22.18,22.24,4264,0
BSMU.US,D,20230512,000000,22.28,22.28,22.175,22.175,16317,0
BSMU.US,D,20230515,000000,22.1699,22.17,22.15,22.155,4816,0
BSMU.US,D,20230516,000000,22.125,22.125,22.125,22.125,372,0
BSMU.US,D,20230517,000000,22.1287,22.13,22.06,22.08,5823,0
BSMU.US,D,20230518,000000,22.02,22.06,21.9459,21.9459,27331,0
BSMU.US,D,20230519,000000,21.9,21.9,21.825,21.845,9821,0
BSMU.US,D,20230522,000000,21.78,21.82,21.74,21.7666,7458,0
BSMU.US,D,20230523,000000,21.71,21.74,21.71,21.72,5899,0
BSMU.US,D,20230524,000000,21.67,21.67,21.62,21.62,2314,0
BSMU.US,D,20230525,000000,21.61,21.71,21.61,21.635,7803,0
BSMU.US,D,20230526,000000,21.72,21.74,21.68,21.71,12429,0
BSMU.US,D,20230530,000000,21.7,21.879,21.7,21.765,25759,0
BSMU.US,D,20230531,000000,21.84,21.88,21.8216,21.8216,4563,0
BSMU.US,D,20230601,000000,21.9,21.9,21.84,21.865,3710,0
BSMU.US,D,20230602,000000,21.82,21.82,21.78,21.81,1323,0
BSMU.US,D,20230605,000000,21.835,21.885,21.832,21.885,7988,0
BSMU.US,D,20230606,000000,21.85,21.94,21.85,21.8947,23435,0
BSMU.US,D,20230607,000000,21.87,21.87,21.79,21.8376,31451,0
BSMU.US,D,20230608,000000,21.9,22.05,21.9,21.915,94214,0
BSMU.US,D,20230609,000000,21.85,21.91,21.84,21.85,9258,0
BSMU.US,D,20230612,000000,21.8701,21.895,21.84,21.89,11195,0
BSMU.US,D,20230613,000000,21.95,21.95,21.853,21.8554,21809,0
BSMU.US,D,20230614,000000,21.88,21.94,21.8,21.8314,28352,0
BSMU.US,D,20230615,000000,21.9698,21.98,21.965,21.97,3213,0
BSMU.US,D,20230616,000000,21.97,22.01,21.94,21.9658,8446,0
BSMU.US,D,20230620,000000,21.98,22.03,21.92,21.9408,27073,0
BSMU.US,D,20230621,000000,21.96,21.98,21.9102,21.9558,11304,0
BSMU.US,D,20230622,000000,21.91,21.91,21.88,21.8914,1915,0
BSMU.US,D,20230623,000000,21.98,22.03,21.9797,22,8148,0
BSMU.US,D,20230626,000000,21.97,21.9896,21.96,21.9612,2936,0
BSMU.US,D,20230627,000000,22.04,22.04,21.8801,21.99,10655,0
BSMU.US,D,20230628,000000,21.99,22.05,21.99,22.0054,5146,0
BSMU.US,D,20230629,000000,21.91,21.979,21.895,21.93,21435,0
BSMU.US,D,20230630,000000,21.95,21.99,21.94,21.9652,6638,0
BSMU.US,D,20230703,000000,21.975,22,21.9391,21.9391,6626,0
BSMU.US,D,20230705,000000,21.9697,21.98,21.91,21.94,31594,0
BSMU.US,D,20230706,000000,21.86,21.89,21.851,21.8604,12076,0
BSMU.US,D,20230707,000000,21.87,21.91,21.86,21.86,2752,0
BSMU.US,D,20230710,000000,21.89,21.93,21.87,21.8856,18250,0
BSMU.US,D,20230711,000000,21.94,21.94,21.88,21.895,13870,0
BSMU.US,D,20230712,000000,21.95,21.9999,21.91,21.92,19266,0
BSMU.US,D,20230713,000000,21.97,22.08,21.86,22.0347,7164,0
BSMU.US,D,20230714,000000,21.991,22.02,21.9614,21.985,9672,0
BSMU.US,D,20230717,000000,22.02,22.06,22.005,22.005,1607,0
BSMU.US,D,20230718,000000,22.045,22.08,22.0202,22.045,6617,0
BSMU.US,D,20230719,000000,22.05,22.14,22.05,22.115,6311,0
BSMU.US,D,20230720,000000,22.08,22.11,22.06,22.0908,14986,0
BSMU.US,D,20230721,000000,22.1183,22.15,22.0956,22.0956,18126,0
BSMU.US,D,20230724,000000,22.11,22.11,22.06,22.07,8778,0
BSMU.US,D,20230725,000000,22.03,22.06,21.9989,22.0485,16657,0
BSMU.US,D,20230726,000000,22.07,22.1,22.055,22.065,6595,0
BSMU.US,D,20230727,000000,22.03,22.07,21.9602,21.9762,23168,0
BSMU.US,D,20230728,000000,22.01,22.02,21.94,21.9605,11336,0
BSMU.US,D,20230731,000000,21.98,21.98,21.9184,21.9184,4898,0
BSMU.US,D,20230801,000000,21.8899,21.92,21.87,21.885,8793,0
BSMU.US,D,20230802,000000,21.8684,21.8684,21.73,21.75,51564,0
BSMU.US,D,20230803,000000,21.76,21.76,21.65,21.69,7675,0
BSMU.US,D,20230804,000000,21.769,21.82,21.73,21.815,12774,0
BSMU.US,D,20230807,000000,21.71,21.77,21.71,21.7249,9100,0
BSMU.US,D,20230808,000000,21.7599,21.78,21.72,21.7558,8980,0
BSMU.US,D,20230809,000000,21.79,21.83,21.78,21.7939,9739,0
BSMU.US,D,20230810,000000,21.79,21.802,21.7,21.7481,29046,0
BSMU.US,D,20230811,000000,21.74,21.78,21.7,21.7106,12963,0
BSMU.US,D,20230814,000000,21.759,21.77,21.743,21.7571,3822,0
BSMU.US,D,20230815,000000,21.77,21.81,21.75,21.755,13397,0
BSMU.US,D,20230816,000000,21.76,21.78,21.715,21.7153,18523,0
BSMU.US,D,20230817,000000,21.7,21.73,21.66,21.675,6388,0
BSMU.US,D,20230818,000000,21.69,21.79,21.6469,21.6469,42085,0
BSMU.US,D,20230821,000000,21.54,21.57,21.49,21.51,36230,0
BSMU.US,D,20230822,000000,21.54,21.545,21.48,21.5093,15995,0
BSMU.US,D,20230823,000000,21.555,21.62,21.555,21.57,18862,0
BSMU.US,D,20230824,000000,21.52,21.529,21.49,21.52,20018,0
BSMU.US,D,20230825,000000,21.4793,21.57,21.45,21.495,33057,0
BSMU.US,D,20230828,000000,21.4999,21.52,21.48,21.515,14310,0
BSMU.US,D,20230829,000000,21.52,21.66,21.52,21.54,38576,0
BSMU.US,D,20230830,000000,21.57,21.58,21.525,21.525,13061,0
BSMU.US,D,20230831,000000,21.55,21.59,21.51,21.5597,19668,0
BSMU.US,D,20230901,000000,21.61,21.61,21.5,21.5,18771,0
BSMU.US,D,20230905,000000,21.53,21.53,21.4916,21.5087,13528,0
BSMU.US,D,20230906,000000,21.4884,21.5791,21.4884,21.4999,38600,0
BSMU.US,D,20230907,000000,21.54,21.54,21.46,21.4953,30707,0
BSMU.US,D,20230908,000000,21.5,21.56,21.46,21.5041,53787,0
BSMU.US,D,20230911,000000,21.49,21.51,21.49,21.505,16631,0
BSMU.US,D,20230912,000000,21.5,21.51,21.459,21.49,30057,0
BSMU.US,D,20230913,000000,21.485,21.55,21.485,21.505,133933,0
BSMU.US,D,20230914,000000,21.47,21.47,21.42,21.4284,8393,0
BSMU.US,D,20230915,000000,21.46,21.46,21.4296,21.435,19420,0
BSMU.US,D,20230918,000000,21.4,21.41,21.38,21.39,10635,0
BSMU.US,D,20230919,000000,21.3666,21.38,21.34,21.34,6952,0
BSMU.US,D,20230920,000000,21.36,21.39,21.3462,21.3462,7591,0
BSMU.US,D,20230921,000000,21.18,21.23,21.18,21.2,14517,0
BSMU.US,D,20230922,000000,21.24,21.24,21.19,21.22,23997,0
BSMU.US,D,20230925,000000,21.12,21.12,21.05,21.05,25695,0
BSMU.US,D,20230926,000000,21.04,21.06,21,21,16073,0
BSMU.US,D,20230927,000000,20.94,20.96,20.9333,20.95,9518,0
BSMU.US,D,20230928,000000,20.92,20.94,20.89,20.8903,13708,0
BSMU.US,D,20230929,000000,20.96,20.96,20.89,20.89,20584,0
BSMU.US,D,20231002,000000,20.84,20.85,20.815,20.815,8879,0
BSMU.US,D,20231003,000000,20.735,20.735,20.715,20.715,1694,0
BSMU.US,D,20231004,000000,20.735,20.79,20.735,20.7859,23573,0
BSMU.US,D,20231005,000000,20.81,20.88,20.78,20.8003,15579,0
BSMU.US,D,20231006,000000,20.69,20.73,20.65,20.72,13114,0
BSMU.US,D,20231009,000000,20.77,20.83,20.77,20.83,848,0
BSMU.US,D,20231010,000000,20.81,20.958,20.81,20.8809,13464,0
BSMU.US,D,20231011,000000,21.01,21.04,20.99,21,10111,0
BSMU.US,D,20231012,000000,21.08,21.11,20.9832,21.05,61520,0
BSMU.US,D,20231013,000000,21.02,21.11,20.98,21.0552,12130,0
BSMU.US,D,20231016,000000,20.96,21.05,20.92,20.93,14429,0
BSMU.US,D,20231017,000000,20.816,20.93,20.816,20.93,18295,0
BSMU.US,D,20231018,000000,20.78,20.85,20.78,20.79,14255,0
BSMU.US,D,20231019,000000,20.76,20.81,20.6865,20.69,8357,0
BSMU.US,D,20231020,000000,20.74,20.75,20.66,20.7296,176377,0
BSMU.US,D,20231023,000000,20.7,20.75,20.65,20.7004,21990,0
BSMU.US,D,20231024,000000,20.67,20.72,20.65,20.69,32827,0
BSMU.US,D,20231025,000000,20.59,20.62,20.57,20.62,3222,0
BSMU.US,D,20231026,000000,20.63,20.73,20.63,20.7,13802,0
BSMU.US,D,20231027,000000,20.64,20.72,20.64,20.69,22151,0
BSMU.US,D,20231030,000000,20.67,20.68,20.62,20.6438,16907,0
BSMU.US,D,20231031,000000,20.67,20.7,20.61,20.62,26784,0
BSMU.US,D,20231101,000000,20.645,20.7699,20.645,20.7177,90318,0
BSMU.US,D,20231102,000000,20.855,20.9,20.8203,20.835,36525,0
BSMU.US,D,20231103,000000,21.08,21.12,21.02,21.04,18798,0
BSMU.US,D,20231106,000000,21.08,21.08,20.95,21.005,49393,0
BSMU.US,D,20231107,000000,21.14,21.21,21.0857,21.18,31268,0
BSMU.US,D,20231108,000000,21.16,21.26,21.16,21.2,37880,0
BSMU.US,D,20231109,000000,21.21,21.21,21.1199,21.13,2874,0
BSMU.US,D,20231110,000000,21.25,21.25,21.195,21.25,26672,0
BSMU.US,D,20231113,000000,21.2,21.29,21.1727,21.235,8113,0
BSMU.US,D,20231114,000000,21.4,21.44,21.4,21.41,17939,0
BSMU.US,D,20231115,000000,21.46,21.46,21.3,21.34,39415,0
BSMU.US,D,20231116,000000,21.45,21.4986,21.4301,21.46,12972,0
BSMU.US,D,20231117,000000,21.46,21.538,21.39,21.485,16671,0
BSMU.US,D,20231120,000000,21.411,21.52,21.41,21.4949,7523,0
BSMU.US,D,20231121,000000,21.505,21.5555,21.5,21.5246,73927,0
BSMU.US,D,20231122,000000,21.53,21.555,21.53,21.555,3536,0
BSMU.US,D,20231124,000000,21.5499,21.56,21.52,21.56,2512,0
BSMU.US,D,20231127,000000,21.61,21.65,21.56,21.62,45624,0
BSMU.US,D,20231128,000000,21.621,21.74,21.57,21.6651,28031,0
BSMU.US,D,20231129,000000,21.8,21.88,21.7745,21.87,19220,0
BSMU.US,D,20231130,000000,21.81,21.86,21.77,21.82,12662,0
BSMU.US,D,20231201,000000,21.8697,21.965,21.8697,21.9643,7110,0
BSMU.US,D,20231204,000000,21.9,21.97,21.8999,21.9506,23248,0
BSMU.US,D,20231205,000000,21.93,22.06,21.93,22.0441,44949,0
BSMU.US,D,20231206,000000,21.99,22.14,21.99,22.08,21339,0
BSMU.US,D,20231207,000000,22.08,22.12,22.06,22.0797,11260,0
BSMU.US,D,20231208,000000,22.02,22.06,21.97,22.045,48002,0
BSMU.US,D,20231211,000000,22.07,22.1,22.05,22.065,9710,0
BSMU.US,D,20231212,000000,22.12,22.12,22.0675,22.1,13835,0
BSMU.US,D,20231213,000000,22.05,22.26,22.04,22.215,78132,0
BSMU.US,D,20231214,000000,22.26,22.35,22.26,22.344,18299,0
BSMU.US,D,20231215,000000,22.3597,22.37,22.33,22.365,25991,0
BSMU.US,D,20231218,000000,22.28,22.33,22.2527,22.3078,30590,0
BSMU.US,D,20231219,000000,22.25,22.34,22.25,22.3,15511,0
BSMU.US,D,20231220,000000,22.34,22.4,22.315,22.4,26567,0
BSMU.US,D,20231221,000000,22.42,22.42,22.34,22.3506,18956,0
BSMU.US,D,20231222,000000,22.39,22.44,22.35,22.37,21378,0
BSMU.US,D,20231226,000000,22.36,22.4,22.36,22.3944,10853,0
BSMU.US,D,20231227,000000,22.44,22.47,22.42,22.45,64754,0
BSMU.US,D,20231228,000000,22.41,22.44,22.36,22.38,62827,0
BSMU.US,D,20231229,000000,22.38,22.44,22.38,22.42,27631,0
BSMU.US,D,20240102,000000,22.38,22.42,22.38,22.4091,34885,0
BSMU.US,D,20240103,000000,22.3799,22.44,22.33,22.3441,124606,0
BSMU.US,D,20240104,000000,22.35,22.8,22.29,22.4096,91903,0
BSMU.US,D,20240105,000000,22.38,22.41,22.3399,22.4023,16127,0
BSMU.US,D,20240108,000000,22.46,22.56,22.42,22.4302,27548,0
BSMU.US,D,20240109,000000,22.42,22.46,22.4,22.4129,80053,0
BSMU.US,D,20240110,000000,22.41,22.41,22.385,22.39,1955,0
BSMU.US,D,20240111,000000,22.4,22.44,22.3695,22.4251,5597,0
BSMU.US,D,20240112,000000,22.44,22.45,22.43,22.4346,21165,0
BSMU.US,D,20240116,000000,22.41,22.41,22.34,22.3608,7816,0
BSMU.US,D,20240117,000000,22.298,22.325,22.2762,22.2882,9298,0
BSMU.US,D,20240118,000000,22.24,22.26,22.2,22.2191,5332,0
BSMU.US,D,20240119,000000,22.16,22.19,22.14,22.19,5955,0
BSMU.US,D,20240122,000000,22.17,22.18,22.1513,22.16,7195,0
BSMU.US,D,20240123,000000,22.15,22.16,22.0848,22.1347,23878,0
BSMU.US,D,20240124,000000,22.16,22.16,22.0848,22.1036,15277,0
BSMU.US,D,20240125,000000,22.16,22.17,22.13,22.1524,12362,0
BSMU.US,D,20240126,000000,22.15,22.17,22.09,22.1404,33767,0
BSMU.US,D,20240129,000000,22.2,22.27,22.16,22.2429,72913,0
BSMU.US,D,20240130,000000,22.24,22.25,22.1955,22.2394,9123,0
BSMU.US,D,20240131,000000,22.3,22.39,22.3,22.3425,8344,0
BSMU.US,D,20240201,000000,22.3712,22.47,22.3712,22.4306,12999,0
BSMU.US,D,20240202,000000,22.31,22.31,22.25,22.25,4574,0
BSMU.US,D,20240205,000000,22.23,22.25,22.15,22.175,4067,0
BSMU.US,D,20240206,000000,22.239,22.28,22.1801,22.2322,10127,0
BSMU.US,D,20240207,000000,22.25,22.26,22.16,22.2291,39084,0
BSMU.US,D,20240208,000000,22.26,22.26,22.18,22.23,7209,0
BSMU.US,D,20240209,000000,22.28,22.28,22.2,22.25,31319,0
BSMU.US,D,20240212,000000,22.27,22.31,22.26,22.3,8788,0
BSMU.US,D,20240213,000000,22.15,22.185,22.14,22.14,29327,0
BSMU.US,D,20240214,000000,22.18,22.27,22.18,22.2248,8844,0
BSMU.US,D,20240215,000000,22.215,22.26,22.215,22.2363,5281,0
BSMU.US,D,20240216,000000,22.2,22.22,22.17,22.2,11539,0
BSMU.US,D,20240220,000000,22.14,22.23,22.14,22.2,18978,0
BSMU.US,D,20240221,000000,22.19,22.19,22.11,22.1404,39650,0
BSMU.US,D,20240222,000000,22.182,22.2,22.13,22.18,12934,0
BSMU.US,D,20240223,000000,22.21,22.3,22.21,22.26,66242,0
BSMU.US,D,20240226,000000,22.28,22.28,22.18,22.22,24330,0
BSMU.US,D,20240227,000000,22.23,22.24,22.1801,22.21,34348,0
BSMU.US,D,20240228,000000,22.2001,22.27,22.2001,22.25,15722,0
BSMU.US,D,20240229,000000,22.27,22.3,22.19,22.2413,21228,0
BSMU.US,D,20240301,000000,22.24,22.31,22.19,22.3,16190,0
BSMU.US,D,20240304,000000,22.22,22.25,22.18,22.19,25998,0
BSMU.US,D,20240305,000000,22.25,22.31,22.25,22.275,12752,0
BSMU.US,D,20240306,000000,22.25,22.33,22.23,22.2622,33923,0
BSMU.US,D,20240307,000000,22.3,22.34,22.24,22.3064,22663,0
BSMU.US,D,20240308,000000,22.285,22.32,22.26,22.2989,16780,0
BSMU.US,D,20240311,000000,22.31,22.31,22.27,22.2842,19712,0
BSMU.US,D,20240312,000000,22.23,22.26,22.23,22.25,8294,0
BSMU.US,D,20240313,000000,22.32,22.32,22.2799,22.31,12098,0
BSMU.US,D,20240314,000000,22.33,22.33,22.2199,22.24,19980,0
BSMU.US,D,20240315,000000,22.2299,22.23,22.2,22.2153,11165,0
BSMU.US,D,20240318,000000,22.22,22.22,22.13,22.18,9764,0
BSMU.US,D,20240319,000000,22.18,22.2,22.15,22.1952,18218,0
BSMU.US,D,20240320,000000,22.15,22.2094,22.135,22.19,13295,0
BSMU.US,D,20240321,000000,22.15,22.19,22.13,22.13,23945,0
BSMU.US,D,20240322,000000,22.2,22.25,22.17,22.24,25299,0
BSMU.US,D,20240325,000000,22.2,22.2,22.16,22.16,8768,0
BSMU.US,D,20240326,000000,22.19,22.19,22.14,22.15,12099,0
BSMU.US,D,20240327,000000,22.11,22.14,22.1,22.12,16544,0
BSMU.US,D,20240328,000000,22.12,22.13,22.1,22.12,22542,0
BSMU.US,D,20240401,000000,22.02,22.05,22.0199,22.05,16306,0
BSMU.US,D,20240402,000000,22.02,22.03,21.9765,21.99,30667,0
BSMU.US,D,20240403,000000,21.9035,22.04,21.9,21.96,48922,0
BSMU.US,D,20240404,000000,21.97,21.99,21.93,21.9804,20989,0
BSMU.US,D,20240405,000000,21.88,21.94,21.88,21.89,8617,0
BSMU.US,D,20240408,000000,21.88,21.95,21.88,21.93,11191,0
BSMU.US,D,20240409,000000,21.955,22.02,21.95,21.99,44068,0
BSMU.US,D,20240410,000000,21.86,21.86,21.77,21.8,78449,0
BSMU.US,D,20240411,000000,21.87,21.87,21.78,21.815,30887,0
BSMU.US,D,20240412,000000,21.9099,21.9099,21.87,21.8816,14042,0
BSMU.US,D,20240415,000000,21.8494,21.86,21.8,21.8409,12278,0
BSMU.US,D,20240416,000000,21.82,21.83,21.78,21.7954,20742,0
BSMU.US,D,20240417,000000,21.8,21.92,21.7999,21.875,31153,0
BSMU.US,D,20240418,000000,21.8499,21.85,21.82,21.8454,17177,0
BSMU.US,D,20240419,000000,21.8684,21.9,21.8684,21.89,2426,0
BSMU.US,D,20240422,000000,21.81,21.85,21.81,21.84,8961,0
BSMU.US,D,20240423,000000,21.84,21.86,21.825,21.84,5898,0
BSMU.US,D,20240424,000000,21.83,21.83,21.79,21.82,15841,0
BSMU.US,D,20240425,000000,21.72,21.76,21.72,21.76,21813,0
BSMU.US,D,20240426,000000,21.77,21.79,21.7477,21.7477,6651,0
BSMU.US,D,20240429,000000,21.79,21.8,21.77,21.78,11191,0
BSMU.US,D,20240430,000000,21.74,21.76,21.731,21.74,19001,0
BSMU.US,D,20240501,000000,21.8,21.82,21.76,21.7982,13064,0
BSMU.US,D,20240502,000000,21.77,21.8201,21.77,21.8201,90922,0
BSMU.US,D,20240503,000000,21.8796,21.9,21.86,21.9,10604,0
BSMU.US,D,20240506,000000,21.9,21.93,21.8763,21.9149,18526,0
BSMU.US,D,20240507,000000,21.982,22,21.9599,21.9691,23183,0
BSMU.US,D,20240508,000000,21.98,22,21.955,22,18796,0
BSMU.US,D,20240509,000000,21.965,22,21.965,21.982,2875,0
BSMU.US,D,20240510,000000,21.98,21.98,21.9563,21.965,7615,0
BSMU.US,D,20240513,000000,21.99,22,21.93,21.93,15515,0
BSMU.US,D,20240514,000000,21.9501,22.01,21.95,21.99,24083,0
BSMU.US,D,20240515,000000,22.04,22.049,21.99,22.01,11187,0
BSMU.US,D,20240516,000000,22.01,22.01,21.97,21.9701,54535,0
BSMU.US,D,20240517,000000,21.93,21.94,21.89,21.94,15829,0
BSMU.US,D,20240520,000000,21.85,21.85,21.81,21.83,4872,0
BSMU.US,D,20240521,000000,21.8,21.83,21.77,21.78,13223,0
BSMU.US,D,20240522,000000,21.74,21.76,21.71,21.73,28886,0
BSMU.US,D,20240523,000000,21.64,21.66,21.62,21.62,15638,0
BSMU.US,D,20240524,000000,21.63,21.638,21.6,21.63,16170,0
BSMU.US,D,20240528,000000,21.639,21.639,21.61,21.62,2152,0
BSMU.US,D,20240529,000000,21.58,21.58,21.5297,21.5297,6049,0
BSMU.US,D,20240530,000000,21.5111,21.57,21.5111,21.5554,11490,0
BSMU.US,D,20240531,000000,21.6183,21.6183,21.55,21.6,7960,0
BSMU.US,D,20240603,000000,21.65,21.69,21.61,21.65,40244,0
BSMU.US,D,20240604,000000,21.66,21.7,21.62,21.68,34858,0
BSMU.US,D,20240605,000000,21.78,21.81,21.7601,21.7773,28258,0
BSMU.US,D,20240606,000000,21.82,21.87,21.82,21.85,34608,0
BSMU.US,D,20240607,000000,21.76,21.76,21.74,21.7452,15426,0
BSMU.US,D,20240610,000000,21.74,21.8,21.72,21.7667,31519,0
BSMU.US,D,20240611,000000,21.7599,21.85,21.75,21.82,31458,0
BSMU.US,D,20240612,000000,21.89,21.91,21.87,21.9,24416,0
BSMU.US,D,20240613,000000,21.9076,21.97,21.9076,21.955,4057,0
BSMU.US,D,20240614,000000,21.94,22,21.94,21.9805,7327,0
BSMU.US,D,20240617,000000,21.93,21.93,21.91,21.93,7839,0
BSMU.US,D,20240618,000000,21.94,21.99,21.925,21.96,13641,0
BSMU.US,D,20240620,000000,21.93,21.96,21.9,21.92,16720,0
BSMU.US,D,20240621,000000,21.9099,21.9399,21.88,21.9,7814,0
BSMU.US,D,20240624,000000,21.857,21.889,21.852,21.88,8528,0
BSMU.US,D,20240625,000000,21.87,21.89,21.86,21.86,16914,0
BSMU.US,D,20240626,000000,21.81,21.86,21.807,21.807,23870,0
BSMU.US,D,20240627,000000,21.81,21.85,21.79,21.81,16138,0
BSMU.US,D,20240628,000000,21.84,21.84,21.77,21.7717,12070,0
BSMU.US,D,20240701,000000,21.73,21.735,21.69,21.72,22434,0
BSMU.US,D,20240702,000000,21.76,21.77,21.7597,21.765,6084,0
BSMU.US,D,20240703,000000,21.8233,21.86,21.8,21.83,5768,0
BSMU.US,D,20240705,000000,21.8308,21.92,21.8308,21.8953,4618,0
BSMU.US,D,20240708,000000,21.93,21.93,21.86,21.89,13332,0
BSMU.US,D,20240709,000000,21.89,21.895,21.865,21.8853,3044,0
BSMU.US,D,20240710,000000,21.9,21.92,21.885,21.9053,41776,0
BSMU.US,D,20240711,000000,21.969,22,21.94,21.94,155821,0
BSMU.US,D,20240712,000000,21.95,21.95,21.94,21.945,16064,0
BSMU.US,D,20240715,000000,21.96,21.96,21.89,21.94,32716,0
BSMU.US,D,20240716,000000,21.95,21.99,21.94,21.9704,57128,0
BSMU.US,D,20240717,000000,21.95,21.965,21.935,21.9447,11043,0
BSMU.US,D,20240718,000000,21.94,21.97,21.94,21.9403,29200,0
BSMU.US,D,20240719,000000,21.91,21.96,21.91,21.92,6001,0
BSMU.US,D,20240722,000000,21.88,21.95,21.85,21.9,23737,0
BSMU.US,D,20240723,000000,21.87,21.9999,21.86,21.87,433297,0
BSMU.US,D,20240724,000000,21.9,21.91,21.84,21.85,32397,0
BSMU.US,D,20240725,000000,21.91,21.91,21.86,21.8668,28125,0
BSMU.US,D,20240726,000000,21.93,21.93,21.84,21.85,169825,0
BSMU.US,D,20240729,000000,21.91,21.911,21.86,21.9,75396,0
BSMU.US,D,20240730,000000,21.92,21.9398,21.86,21.92,38012,0
BSMU.US,D,20240731,000000,21.95,21.99,21.85,21.92,278507,0
BSMU.US,D,20240801,000000,22.01,22.049,21.95,22.0231,18197,0
BSMU.US,D,20240802,000000,22.12,22.155,22.1,22.1303,6360,0
BSMU.US,D,20240805,000000,22.18,22.21,22.14,22.1538,24072,0
BSMU.US,D,20240806,000000,22.12,22.14,22.09,22.1062,53239,0
BSMU.US,D,20240807,000000,22.03,22.0599,21.96,21.985,31418,0
BSMU.US,D,20240808,000000,22,22,21.8901,21.9353,22513,0
BSMU.US,D,20240809,000000,21.9703,21.99,21.9703,21.99,331,0
BSMU.US,D,20240812,000000,22.01,22.04,22.01,22.03,31105,0
BSMU.US,D,20240813,000000,22.0496,22.06,22.02,22.02,11524,0
BSMU.US,D,20240814,000000,22.045,22.05,21.98,22.0333,22055,0
BSMU.US,D,20240815,000000,22.02,22.02,21.96,21.9703,10190,0
BSMU.US,D,20240816,000000,21.97,22.06,21.97,21.9913,17514,0
BSMU.US,D,20240819,000000,21.99,21.99,21.9574,21.9574,3971,0
BSMU.US,D,20240820,000000,21.99,22,21.98,21.9884,22551,0
BSMU.US,D,20240821,000000,22,22.0297,21.99,22.0026,17348,0
BSMU.US,D,20240822,000000,21.99,21.99,21.97,21.98,10506,0
BSMU.US,D,20240823,000000,22.01,22.09,22,22.08,28113,0
BSMU.US,D,20240826,000000,22.16,22.16,22.01,22.06,145028,0
BSMU.US,D,20240827,000000,22.04,22.04,21.96,21.98,26939,0
BSMU.US,D,20240828,000000,21.99,22.02,21.99,22,8483,0
BSMU.US,D,20240829,000000,22.02,22.03,21.97,22.03,11556,0
BSMU.US,D,20240830,000000,22.02,22.02,21.91,21.96,26666,0
BSMU.US,D,20240903,000000,21.99,22.02,21.96,21.995,35513,0
BSMU.US,D,20240904,000000,22.07,22.07,21.98,22.05,46825,0
BSMU.US,D,20240905,000000,22.03,22.14,21.99,22.0745,70386,0
BSMU.US,D,20240906,000000,22.12,22.1484,22.08,22.115,12267,0
BSMU.US,D,20240909,000000,22.095,22.13,22.09,22.105,18844,0
BSMU.US,D,20240910,000000,22.14,22.1595,22.085,22.15,20923,0
BSMU.US,D,20240911,000000,22.14,22.16,22.12,22.1344,10934,0
BSMU.US,D,20240912,000000,22.11,22.16,22.1,22.15,7015,0
BSMU.US,D,20240913,000000,22.169,22.2,22.15,22.16,27780,0
BSMU.US,D,20240916,000000,22.19,22.2,22.15,22.1641,20108,0
BSMU.US,D,20240917,000000,22.17,22.22,22.165,22.2141,90798,0
BSMU.US,D,20240918,000000,22.13,22.23,22.13,22.19,47539,0
BSMU.US,D,20240919,000000,22.15,22.19,22.11,22.175,19780,0
BSMU.US,D,20240920,000000,22.1591,22.21,22.15,22.185,39950,0
BSMU.US,D,20240923,000000,22.13,22.2,22.13,22.19,14738,0
BSMU.US,D,20240924,000000,22.18,22.205,22.1,22.14,154226,0
BSMU.US,D,20240925,000000,22.11,22.12,22.09,22.105,5018,0
BSMU.US,D,20240926,000000,22.13,22.15,22.09,22.11,31064,0
BSMU.US,D,20240927,000000,22.11,22.1378,22.07,22.115,23192,0
BSMU.US,D,20240930,000000,22.11,22.15,22.1,22.15,63632,0
BSMU.US,D,20241001,000000,22.17,22.2,22.15,22.15,9913,0
BSMU.US,D,20241002,000000,22.17,22.19,22.15,22.17,23231,0
BSMU.US,D,20241003,000000,22.16,22.25,22.15,22.25,23495,0
BSMU.US,D,20241004,000000,22.18,22.18,22.14,22.165,20613,0
BSMU.US,D,20241007,000000,22.15,22.15,22.1,22.14,10535,0
BSMU.US,D,20241008,000000,22.11,22.13,22.05,22.09,129928,0
BSMU.US,D,20241009,000000,22.07,22.08,22.05,22.07,16766,0
BSMU.US,D,20241010,000000,22.07,22.0735,22.05,22.0654,21435,0
BSMU.US,D,20241011,000000,22.05,22.0724,22.03,22.045,41984,0
BSMU.US,D,20241014,000000,22.03,22.055,21.9611,21.99,5284,0
BSMU.US,D,20241015,000000,22.065,22.0899,22.03,22.07,20567,0
BSMU.US,D,20241016,000000,22.09,22.1,22.0606,22.1,27435,0
BSMU.US,D,20241017,000000,22.04,22.08,22.04,22.06,9406,0
BSMU.US,D,20241018,000000,22.09,22.09,22.06,22.066,7890,0
BSMU.US,D,20241021,000000,21.99,22,21.92,21.945,17814,0
BSMU.US,D,20241022,000000,21.9117,21.94,21.86,21.8903,41485,0
BSMU.US,D,20241023,000000,21.8,21.82,21.74,21.7453,7651,0
BSMU.US,D,20241024,000000,21.77,21.8,21.7,21.76,156291,0
BSMU.US,D,20241025,000000,21.86,21.89,21.75,21.8,58069,0
BSMU.US,D,20241028,000000,21.84,21.84,21.79,21.82,21785,0
BSMU.US,D,20241029,000000,21.77,21.8,21.73,21.76,10839,0
BSMU.US,D,20241030,000000,21.76,21.81,21.75,21.76,22065,0
BSMU.US,D,20241031,000000,21.7744,21.82,21.73,21.7868,30027,0
BSMU.US,D,20241101,000000,21.84,21.84,21.76,21.77,17970,0
BSMU.US,D,20241104,000000,21.82,21.88,21.82,21.83,14277,0
