<TICKER>,<PER>,<DATE>,<TIME>,<OPEN>,<HIGH>,<LOW>,<CLOSE>,<VOL>,<OPENINT>
BUG.US,D,20191101,000000,15.705,15.775,15.642,15.775,5519,0
BUG.US,D,20191104,000000,15.834,15.864,15.755,15.755,6658,0
BUG.US,D,20191105,000000,15.725,15.725,15.725,15.725,262,0
BUG.US,D,20191106,000000,15.844,15.864,15.781,15.864,5304,0
BUG.US,D,20191107,000000,15.844,15.844,15.844,15.844,707,0
BUG.US,D,20191108,000000,16.022,16.179,16.022,16.179,875,0
BUG.US,D,20191111,000000,17.607,17.607,15.983,16.25,5088,0
BUG.US,D,20191112,000000,16.23,16.398,16.23,16.398,1455,0
BUG.US,D,20191113,000000,16.408,16.477,16.408,16.439,967,0
BUG.US,D,20191114,000000,16.575,16.575,16.487,16.508,3107,0
BUG.US,D,20191115,000000,16.576,16.596,16.544,16.576,1840,0
BUG.US,D,20191118,000000,16.676,16.782,16.527,16.74,6716,0
BUG.US,D,20191119,000000,16.874,16.998,16.864,16.958,6818,0
BUG.US,D,20191120,000000,16.923,17.05,16.834,16.834,1822,0
BUG.US,D,20191121,000000,16.923,16.952,16.816,16.869,5266,0
BUG.US,D,20191122,000000,16.929,16.929,16.864,16.874,2498,0
BUG.US,D,20191125,000000,16.923,17.147,16.923,17.12,2485,0
BUG.US,D,20191126,000000,17.053,17.053,16.954,16.993,1504,0
BUG.US,D,20191127,000000,17.003,17.068,16.973,17.068,2951,0
BUG.US,D,20191129,000000,17.023,17.101,17.003,17.072,863,0
BUG.US,D,20191202,000000,17.13,17.13,16.726,16.79,3206,0
BUG.US,D,20191203,000000,16.656,16.736,16.576,16.736,2386,0
BUG.US,D,20191204,000000,16.755,16.755,16.706,16.711,6008,0
BUG.US,D,20191205,000000,16.716,16.716,16.653,16.653,1984,0
BUG.US,D,20191206,000000,16.626,16.626,16.626,16.626,396,0
BUG.US,D,20191209,000000,16.527,16.527,16.488,16.488,2944,0
BUG.US,D,20191210,000000,16.524,16.57,16.443,16.443,1593,0
BUG.US,D,20191211,000000,16.398,16.418,16.27,16.324,2998,0
BUG.US,D,20191212,000000,16.329,16.329,16.319,16.32,2936,0
BUG.US,D,20191213,000000,16.423,16.498,16.423,16.498,274,0
BUG.US,D,20191216,000000,16.626,16.626,16.576,16.611,948,0
BUG.US,D,20191217,000000,16.576,16.576,16.541,16.547,1922,0
BUG.US,D,20191218,000000,16.543,16.562,16.542,16.542,759,0
BUG.US,D,20191219,000000,16.656,16.666,16.656,16.666,665,0
BUG.US,D,20191220,000000,16.617,16.617,16.537,16.537,369,0
BUG.US,D,20191223,000000,16.686,16.686,16.626,16.649,990,0
BUG.US,D,20191224,000000,16.713,16.713,16.639,16.696,1748,0
BUG.US,D,20191226,000000,16.785,16.807,16.763,16.765,13823,0
BUG.US,D,20191227,000000,16.636,16.686,16.616,16.671,1839,0
BUG.US,D,20191230,000000,16.745,16.745,16.408,16.468,6365,0
BUG.US,D,20191231,000000,16.517,16.527,16.453,16.483,2293,0
BUG.US,D,20200102,000000,16.578,16.785,16.578,16.728,6075,0
BUG.US,D,20200103,000000,16.625,16.814,16.625,16.795,1213,0
BUG.US,D,20200106,000000,16.914,17.191,16.809,17.156,12364,0
BUG.US,D,20200107,000000,17.191,17.289,17.164,17.251,21485,0
BUG.US,D,20200108,000000,17.271,17.483,17.257,17.419,36597,0
BUG.US,D,20200109,000000,17.568,17.568,17.439,17.469,21656,0
BUG.US,D,20200110,000000,17.633,17.648,17.488,17.528,23174,0
BUG.US,D,20200113,000000,17.648,17.845,17.608,17.802,11056,0
BUG.US,D,20200114,000000,17.845,17.885,17.579,17.781,23672,0
BUG.US,D,20200115,000000,17.796,18.056,17.796,17.916,8401,0
BUG.US,D,20200116,000000,18.053,18.132,17.954,18.093,19273,0
BUG.US,D,20200117,000000,18.29,18.29,17.868,17.969,17776,0
BUG.US,D,20200121,000000,18.073,18.083,17.915,17.915,10615,0
BUG.US,D,20200122,000000,18.043,18.152,17.935,17.955,7181,0
BUG.US,D,20200123,000000,17.974,18.063,17.91,17.95,5075,0
BUG.US,D,20200124,000000,18.103,18.182,17.899,17.945,12084,0
BUG.US,D,20200127,000000,17.706,17.726,17.447,17.558,8057,0
BUG.US,D,20200128,000000,17.568,17.686,17.568,17.634,7563,0
BUG.US,D,20200129,000000,17.696,17.726,17.608,17.647,9135,0
BUG.US,D,20200130,000000,17.528,17.638,17.439,17.638,7731,0
BUG.US,D,20200131,000000,17.726,17.726,17.38,17.439,6464,0
BUG.US,D,20200203,000000,17.638,17.638,17.398,17.586,4421,0
BUG.US,D,20200204,000000,17.746,17.969,17.726,17.961,3944,0
BUG.US,D,20200205,000000,18.27,18.27,17.855,17.898,8068,0
BUG.US,D,20200206,000000,17.944,18.063,17.944,18.014,5050,0
BUG.US,D,20200207,000000,18.172,18.172,17.965,18.043,6436,0
BUG.US,D,20200210,000000,17.875,18.28,17.875,18.191,8987,0
BUG.US,D,20200211,000000,18.191,18.27,18.063,18.083,6399,0
BUG.US,D,20200212,000000,18.132,18.132,17.703,17.874,7696,0
BUG.US,D,20200213,000000,17.845,18.004,17.845,17.885,11964,0
BUG.US,D,20200214,000000,18.023,18.023,17.868,17.965,2934,0
BUG.US,D,20200218,000000,18.014,18.022,17.888,17.989,6452,0
BUG.US,D,20200219,000000,18.162,18.182,18.084,18.103,73113,0
BUG.US,D,20200220,000000,18.083,18.163,17.736,18.003,13126,0
BUG.US,D,20200221,000000,17.875,17.875,17.389,17.462,36135,0
BUG.US,D,20200224,000000,16.874,17.111,16.822,16.953,19201,0
BUG.US,D,20200225,000000,17.083,17.083,16.259,16.359,19762,0
BUG.US,D,20200226,000000,16.527,16.626,16.246,16.262,6175,0
BUG.US,D,20200227,000000,16.101,16.2,15.606,15.856,10821,0
BUG.US,D,20200228,000000,15.377,15.754,15.28,15.654,43763,0
BUG.US,D,20200302,000000,16.041,16.291,15.754,16.186,16209,0
BUG.US,D,20200303,000000,16.215,16.341,15.576,15.724,7469,0
BUG.US,D,20200304,000000,15.931,16.141,15.853,16.126,5917,0
BUG.US,D,20200305,000000,15.883,16.141,15.764,15.809,16216,0
BUG.US,D,20200306,000000,15.606,15.704,15.167,15.303,12470,0
BUG.US,D,20200309,000000,14.635,14.754,13.963,14.095,11890,0
BUG.US,D,20200310,000000,14.466,14.545,14.01,14.492,8571,0
BUG.US,D,20200311,000000,14.248,14.306,13.673,13.886,9279,0
BUG.US,D,20200312,000000,12.851,13.333,12.553,12.684,20407,0
BUG.US,D,20200313,000000,12.94,13.338,12.458,13.12,10264,0
BUG.US,D,20200316,000000,10.919,12.643,10.919,12.42,22442,0
BUG.US,D,20200317,000000,12.019,12.751,12.019,12.659,3726,0
BUG.US,D,20200318,000000,12.366,12.692,11.753,11.876,7801,0
BUG.US,D,20200319,000000,12.232,12.688,12.232,12.688,2864,0
BUG.US,D,20200320,000000,12.93,13.472,12.845,12.845,1631,0
BUG.US,D,20200323,000000,12.841,13.158,12.566,13.083,4933,0
BUG.US,D,20200324,000000,13.981,14.17,13.83,14.162,18603,0
BUG.US,D,20200325,000000,14.268,14.737,14.268,14.352,3703,0
BUG.US,D,20200326,000000,14.348,14.891,14.348,14.891,7265,0
BUG.US,D,20200327,000000,14.516,14.878,14.494,14.773,2859,0
BUG.US,D,20200330,000000,14.843,14.923,14.825,14.831,2599,0
BUG.US,D,20200331,000000,14.952,15.014,14.7,14.7,3511,0
BUG.US,D,20200401,000000,14.644,14.644,14.313,14.313,2070,0
BUG.US,D,20200402,000000,14.278,14.397,14.115,14.222,1158,0
BUG.US,D,20200403,000000,14.195,14.274,13.958,14.039,7441,0
BUG.US,D,20200406,000000,14.642,14.819,14.55,14.819,1991,0
BUG.US,D,20200407,000000,14.972,14.972,14.608,14.676,5221,0
BUG.US,D,20200408,000000,14.695,15.2,14.695,15.134,3375,0
BUG.US,D,20200409,000000,15.406,15.406,15.117,15.23,5290,0
BUG.US,D,20200413,000000,15.387,15.387,15.061,15.25,1829,0
BUG.US,D,20200414,000000,15.576,15.821,15.569,15.596,3045,0
BUG.US,D,20200415,000000,15.457,15.634,15.457,15.634,401,0
BUG.US,D,20200416,000000,15.853,16.121,15.853,16.009,7306,0
BUG.US,D,20200417,000000,16.289,16.289,15.952,16.121,6277,0
BUG.US,D,20200420,000000,16.101,16.587,16.101,16.38,8824,0
BUG.US,D,20200421,000000,16.229,16.229,15.56,15.789,9345,0
BUG.US,D,20200422,000000,16.121,16.181,15.885,16.065,7896,0
BUG.US,D,20200423,000000,16.193,16.193,15.972,16.06,1222,0
BUG.US,D,20200424,000000,15.977,16.335,15.977,16.335,4785,0
BUG.US,D,20200427,000000,16.552,16.736,16.552,16.702,3395,0
BUG.US,D,20200428,000000,16.943,16.943,16.403,16.448,4047,0
BUG.US,D,20200429,000000,16.646,16.834,16.557,16.729,6524,0
BUG.US,D,20200430,000000,16.696,16.833,16.646,16.768,31529,0
BUG.US,D,20200501,000000,16.537,16.537,16.081,16.349,14488,0
BUG.US,D,20200504,000000,16.329,16.438,16.219,16.329,6292,0
BUG.US,D,20200505,000000,16.779,16.943,16.726,16.841,3927,0
BUG.US,D,20200506,000000,16.993,17.146,16.978,17.063,7725,0
BUG.US,D,20200507,000000,17.496,17.925,17.496,17.915,11243,0
BUG.US,D,20200508,000000,18.875,18.875,17.683,17.91,74346,0
BUG.US,D,20200511,000000,17.895,18.31,17.895,18.223,26796,0
BUG.US,D,20200512,000000,18.449,18.449,17.848,17.875,14914,0
BUG.US,D,20200513,000000,17.904,17.955,17.181,17.31,16837,0
BUG.US,D,20200514,000000,17.251,17.538,17.093,17.534,3593,0
BUG.US,D,20200515,000000,17.518,17.748,17.518,17.637,10942,0
BUG.US,D,20200518,000000,17.875,18.083,17.756,17.905,101904,0
BUG.US,D,20200519,000000,17.857,17.989,17.85,17.884,7940,0
BUG.US,D,20200520,000000,18.152,18.419,18.152,18.31,25030,0
BUG.US,D,20200521,000000,18.231,18.28,18.014,18.123,7911,0
BUG.US,D,20200522,000000,18.132,18.439,18.132,18.347,5768,0
BUG.US,D,20200526,000000,18.655,18.944,18.429,18.434,14580,0
BUG.US,D,20200527,000000,18.806,18.806,17.568,18.195,26145,0
BUG.US,D,20200528,000000,18.083,18.712,18.083,18.424,14863,0
BUG.US,D,20200529,000000,18.549,19.321,18.549,19.272,20526,0
BUG.US,D,20200601,000000,19.47,20.074,19.396,19.986,324566,0
BUG.US,D,20200602,000000,20.114,20.144,19.421,19.767,99560,0
BUG.US,D,20200603,000000,19.966,20.025,19.679,19.822,60015,0
BUG.US,D,20200604,000000,19.956,19.956,19.222,19.381,36962,0
BUG.US,D,20200605,000000,19.172,19.469,19.146,19.292,31324,0
BUG.US,D,20200608,000000,19.302,19.607,19.074,19.568,29135,0
BUG.US,D,20200609,000000,19.46,19.564,19.326,19.435,8596,0
BUG.US,D,20200610,000000,19.549,19.688,19.47,19.589,7388,0
BUG.US,D,20200611,000000,19.192,19.381,18.577,18.647,29620,0
BUG.US,D,20200612,000000,19.034,19.202,18.409,18.733,13257,0
BUG.US,D,20200615,000000,18.419,19.162,18.419,19.1,9590,0
BUG.US,D,20200616,000000,19.331,19.341,19.074,19.293,18441,0
BUG.US,D,20200617,000000,19.47,19.589,19.381,19.455,19245,0
BUG.US,D,20200618,000000,19.421,19.713,19.421,19.619,22778,0
BUG.US,D,20200619,000000,19.817,19.866,19.401,19.559,17212,0
BUG.US,D,20200622,000000,19.708,19.916,19.654,19.916,36005,0
BUG.US,D,20200623,000000,20.054,20.054,19.668,19.688,104080,0
BUG.US,D,20200624,000000,19.668,19.817,19.219,19.371,57718,0
BUG.US,D,20200625,000000,19.497,19.708,19.202,19.708,15169,0
BUG.US,D,20200626,000000,19.737,19.737,19.222,19.302,16804,0
BUG.US,D,20200629,000000,19.387,19.387,18.8,19.229,21532,0
BUG.US,D,20200630,000000,19.317,19.626,19.227,19.603,13969,0
BUG.US,D,20200701,000000,19.626,20.123,19.626,20.074,33523,0
BUG.US,D,20200702,000000,20.244,20.244,20.064,20.082,44269,0
BUG.US,D,20200706,000000,20.413,20.625,20.194,20.333,29991,0
BUG.US,D,20200707,000000,20.214,20.563,20.21,20.294,30649,0
BUG.US,D,20200708,000000,20.383,20.842,20.383,20.84,18217,0
BUG.US,D,20200709,000000,21.18,21.409,20.832,21.379,80105,0
BUG.US,D,20200710,000000,21.399,21.399,21.17,21.276,26203,0
BUG.US,D,20200713,000000,21.419,21.419,20.224,20.333,57378,0
BUG.US,D,20200714,000000,20.234,20.553,19.775,20.553,40233,0
BUG.US,D,20200715,000000,20.632,20.701,20.373,20.543,22298,0
BUG.US,D,20200716,000000,20.583,20.583,20.024,20.363,49515,0
BUG.US,D,20200717,000000,20.453,20.672,20.258,20.672,53711,0
BUG.US,D,20200720,000000,20.672,21.588,20.662,21.558,33334,0
BUG.US,D,20200721,000000,21.698,21.698,21.299,21.324,57729,0
BUG.US,D,20200722,000000,21.459,21.698,21.306,21.377,18964,0
BUG.US,D,20200723,000000,21.369,21.738,21.06,21.199,22995,0
BUG.US,D,20200724,000000,21.02,21.02,20.672,20.842,26069,0
BUG.US,D,20200727,000000,21.11,21.219,20.95,21.219,17392,0
BUG.US,D,20200728,000000,21.399,21.399,21.08,21.137,34112,0
BUG.US,D,20200729,000000,21.409,22.135,21.409,22.044,39694,0
BUG.US,D,20200730,000000,21.708,22.086,21.53,22.017,26828,0
BUG.US,D,20200731,000000,22.136,22.151,21.702,22.106,23479,0
BUG.US,D,20200803,000000,22.296,22.395,22.111,22.346,31379,0
BUG.US,D,20200804,000000,22.336,22.375,22.141,22.326,31303,0
BUG.US,D,20200805,000000,22.435,22.6,22.435,22.505,24948,0
BUG.US,D,20200806,000000,22.545,22.56,22.106,22.36,28470,0
BUG.US,D,20200807,000000,22.326,22.375,21.862,22.023,24754,0
BUG.US,D,20200810,000000,22.096,22.096,21.529,21.638,28602,0
BUG.US,D,20200811,000000,21.518,21.578,21.235,21.279,34379,0
BUG.US,D,20200812,000000,21.229,21.488,21.135,21.229,28263,0
BUG.US,D,20200813,000000,21.209,21.648,21.209,21.523,24422,0
BUG.US,D,20200814,000000,21.518,21.678,21.304,21.334,17682,0
BUG.US,D,20200817,000000,21.419,21.593,21.369,21.486,39519,0
BUG.US,D,20200818,000000,21.578,21.777,21.578,21.738,18316,0
BUG.US,D,20200819,000000,21.857,22.026,21.763,21.852,26081,0
BUG.US,D,20200820,000000,21.758,22.316,21.748,22.306,29510,0
BUG.US,D,20200821,000000,22.266,22.316,21.972,22.106,16303,0
BUG.US,D,20200824,000000,22.375,22.375,22.017,22.202,137515,0
BUG.US,D,20200825,000000,22.216,22.355,22.116,22.331,54122,0
BUG.US,D,20200826,000000,22.405,22.983,22.405,22.864,40479,0
BUG.US,D,20200827,000000,22.953,22.953,22.316,22.55,45245,0
BUG.US,D,20200828,000000,22.714,22.744,22.485,22.561,32208,0
BUG.US,D,20200831,000000,22.555,22.764,22.555,22.674,52962,0
BUG.US,D,20200901,000000,22.814,23.561,22.814,23.52,38420,0
BUG.US,D,20200902,000000,23.879,23.879,23.227,23.71,67242,0
BUG.US,D,20200903,000000,23.282,23.282,22.017,22.156,113511,0
BUG.US,D,20200904,000000,22.146,22.171,20.672,21.578,80694,0
BUG.US,D,20200908,000000,20.832,21.434,20.832,21.155,39602,0
BUG.US,D,20200909,000000,21.419,21.637,21.219,21.548,57818,0
BUG.US,D,20200910,000000,21.807,21.967,21.161,21.269,35414,0
BUG.US,D,20200911,000000,21.279,21.279,20.642,20.887,30151,0
BUG.US,D,20200914,000000,21.08,21.278,20.981,21.229,40276,0
BUG.US,D,20200915,000000,21.359,21.558,21.199,21.374,25494,0
BUG.US,D,20200916,000000,21.548,21.658,21.254,21.294,36094,0
BUG.US,D,20200917,000000,21.03,21.03,20.752,21.03,235111,0
BUG.US,D,20200918,000000,21.219,21.314,20.852,21.145,26352,0
BUG.US,D,20200921,000000,20.911,21.349,20.722,21.277,75530,0
BUG.US,D,20200922,000000,21.538,21.678,21.1,21.675,39159,0
BUG.US,D,20200923,000000,21.668,21.817,21.16,21.218,51291,0
BUG.US,D,20200924,000000,21.239,21.239,20.762,20.999,68595,0
BUG.US,D,20200925,000000,21.17,21.598,21.15,21.558,29242,0
BUG.US,D,20200928,000000,21.817,21.862,21.608,21.817,20670,0
BUG.US,D,20200929,000000,21.688,21.857,21.638,21.678,43795,0
BUG.US,D,20200930,000000,21.738,21.917,21.518,21.678,19374,0
BUG.US,D,20201001,000000,21.907,22.261,21.907,22.136,43497,0
BUG.US,D,20201002,000000,21.867,22.221,21.748,21.844,27491,0
BUG.US,D,20201005,000000,22.007,22.365,21.99,22.34,22728,0
BUG.US,D,20201006,000000,22.336,22.784,22.278,22.358,38174,0
BUG.US,D,20201007,000000,22.545,22.834,22.515,22.729,34663,0
BUG.US,D,20201008,000000,22.914,22.943,22.651,22.72,20985,0
BUG.US,D,20201009,000000,22.884,23.103,22.884,23.023,27945,0
BUG.US,D,20201012,000000,23.173,23.395,23.173,23.292,40794,0
BUG.US,D,20201013,000000,23.302,23.64,23.302,23.544,41181,0
BUG.US,D,20201014,000000,23.601,23.681,23.252,23.372,18191,0
BUG.US,D,20201015,000000,22.943,23.282,22.824,23.242,31162,0
BUG.US,D,20201016,000000,23.342,23.342,23.093,23.112,8558,0
BUG.US,D,20201019,000000,23.183,23.412,22.839,22.844,17260,0
BUG.US,D,20201020,000000,23.013,23.105,22.615,22.615,24565,0
BUG.US,D,20201021,000000,22.605,22.754,22.146,22.216,23700,0
BUG.US,D,20201022,000000,22.236,22.405,21.797,22.166,38061,0
BUG.US,D,20201023,000000,22.216,22.251,22.017,22.246,19732,0
BUG.US,D,20201026,000000,22.166,22.349,21.653,21.997,53115,0
BUG.US,D,20201027,000000,22.256,22.415,21.987,22.027,36057,0
BUG.US,D,20201028,000000,21.827,21.927,21.329,21.558,71886,0
BUG.US,D,20201029,000000,21.588,21.708,21.309,21.387,31770,0
BUG.US,D,20201030,000000,21.299,21.299,20.433,20.682,86481,0
BUG.US,D,20201102,000000,20.832,20.872,20.373,20.622,23318,0
BUG.US,D,20201103,000000,20.872,21.14,20.742,21.12,23838,0
BUG.US,D,20201104,000000,21.588,22.146,21.588,22.126,22237,0
BUG.US,D,20201105,000000,22.405,22.664,22.365,22.455,52075,0
BUG.US,D,20201106,000000,22.415,22.415,22.106,22.291,17118,0
BUG.US,D,20201109,000000,22.276,22.276,21.389,21.488,40054,0
BUG.US,D,20201110,000000,21.239,21.317,20.453,20.842,60605,0
BUG.US,D,20201111,000000,21.12,21.543,21.09,21.449,23020,0
BUG.US,D,20201112,000000,21.518,21.758,21.379,21.478,23718,0
BUG.US,D,20201113,000000,21.558,21.598,21.369,21.439,75930,0
BUG.US,D,20201116,000000,21.409,21.508,21.257,21.409,33108,0
BUG.US,D,20201117,000000,21.369,21.688,21.339,21.622,59698,0
BUG.US,D,20201118,000000,21.668,21.718,21.339,21.374,34983,0
BUG.US,D,20201119,000000,21.419,21.832,21.389,21.768,46561,0
BUG.US,D,20201120,000000,21.927,22.205,21.877,22.017,39523,0
BUG.US,D,20201123,000000,22.116,22.126,21.758,21.907,43328,0
BUG.US,D,20201124,000000,22.096,22.096,21.842,22.057,53600,0
BUG.US,D,20201125,000000,21.987,22.326,21.987,22.326,31527,0
BUG.US,D,20201127,000000,22.355,22.597,22.355,22.55,20224,0
BUG.US,D,20201130,000000,22.674,22.794,22.336,22.744,68943,0
BUG.US,D,20201201,000000,22.873,22.884,22.353,22.539,73434,0
BUG.US,D,20201202,000000,22.405,22.405,22.091,22.375,41128,0
BUG.US,D,20201203,000000,22.814,23.512,22.814,23.322,72909,0
BUG.US,D,20201204,000000,23.322,23.571,23.229,23.462,166987,0
BUG.US,D,20201207,000000,23.472,23.661,23.462,23.561,65288,0
BUG.US,D,20201208,000000,23.482,24.099,23.482,24.044,62329,0
BUG.US,D,20201209,000000,24.497,24.497,22.958,23.093,90012,0
BUG.US,D,20201210,000000,23.133,23.671,22.914,23.591,55962,0
BUG.US,D,20201211,000000,23.521,23.869,23.442,23.839,45626,0
BUG.US,D,20201214,000000,23.979,24.338,23.909,24.183,88598,0
BUG.US,D,20201215,000000,24.298,24.433,24.133,24.427,294561,0
BUG.US,D,20201216,000000,24.547,24.874,24.517,24.726,77533,0
BUG.US,D,20201217,000000,24.906,25.274,24.857,25.274,199179,0
BUG.US,D,20201218,000000,25.713,27.516,25.603,27.456,775403,0
BUG.US,D,20201221,000000,27.117,27.795,26.649,27.665,823605,0
BUG.US,D,20201222,000000,27.964,29.17,27.934,29.14,1114060,0
BUG.US,D,20201223,000000,29.468,29.488,28.697,28.921,1389924,0
BUG.US,D,20201224,000000,29.1,29.12,28.393,28.622,262852,0
BUG.US,D,20201228,000000,29.061,29.139,28.445,28.483,1157001,0
BUG.US,D,20201229,000000,28.582,28.631,27.695,27.895,269397,0
BUG.US,D,20201230,000000,28.094,28.403,28.004,28.184,345649,0
BUG.US,D,20201231,000000,28.303,28.303,27.904,28.144,135140,0
BUG.US,D,20210104,000000,28.383,28.393,26.958,27.476,295358,0
BUG.US,D,20210105,000000,27.356,27.655,27.057,27.396,658670,0
BUG.US,D,20210106,000000,27.177,27.406,26.878,26.978,467596,0
BUG.US,D,20210107,000000,27.297,27.904,27.207,27.885,289620,0
BUG.US,D,20210108,000000,28.393,28.609,28.154,28.453,364716,0
BUG.US,D,20210111,000000,28.453,28.762,27.705,28.512,277513,0
BUG.US,D,20210112,000000,28.622,28.901,28.512,28.752,333704,0
BUG.US,D,20210113,000000,28.891,28.981,28.154,28.223,423543,0
BUG.US,D,20210114,000000,28.413,28.512,28.104,28.283,437797,0
BUG.US,D,20210115,000000,28.403,28.505,28.014,28.154,194277,0
BUG.US,D,20210119,000000,28.403,28.592,28.104,28.542,245302,0
BUG.US,D,20210120,000000,28.801,29.011,28.672,28.772,177518,0
BUG.US,D,20210121,000000,29.011,29.09,28.602,28.622,256747,0
BUG.US,D,20210122,000000,28.502,28.899,28.502,28.861,156945,0
BUG.US,D,20210125,000000,29.14,29.399,27.914,28.592,325216,0
BUG.US,D,20210126,000000,28.602,28.612,28.014,28.064,174247,0
BUG.US,D,20210127,000000,27.705,28.183,27.107,27.725,249380,0
BUG.US,D,20210128,000000,28.054,28.268,27.655,28.114,283470,0
BUG.US,D,20210129,000000,28.074,28.094,27.397,27.775,141549,0
BUG.US,D,20210201,000000,28.044,28.433,27.805,28.333,151534,0
BUG.US,D,20210202,000000,28.891,29.215,28.672,29.2,345274,0
BUG.US,D,20210203,000000,29.15,29.2,28.004,28.054,938911,0
BUG.US,D,20210204,000000,28.393,28.552,28.124,28.552,147250,0
BUG.US,D,20210205,000000,28.647,28.77,28.483,28.582,198640,0
BUG.US,D,20210208,000000,28.911,29.051,28.427,28.602,310770,0
BUG.US,D,20210209,000000,28.702,29.15,28.612,29.14,198188,0
BUG.US,D,20210210,000000,29.3,29.35,28.602,28.951,252460,0
BUG.US,D,20210211,000000,29.14,29.235,28.781,29.1,183484,0
BUG.US,D,20210212,000000,29.09,29.35,28.802,29.3,186220,0
BUG.US,D,20210216,000000,29.604,29.698,28.762,28.971,326480,0
BUG.US,D,20210217,000000,28.881,28.891,28.223,28.732,1635207,0
BUG.US,D,20210218,000000,28.492,28.901,28.105,28.801,152560,0
BUG.US,D,20210219,000000,29.031,29.2,28.873,29.08,119438,0
BUG.US,D,20210222,000000,28.911,28.911,27.964,28.114,230522,0
BUG.US,D,20210223,000000,27.436,27.695,26.16,27.566,460052,0
BUG.US,D,20210224,000000,27.625,27.625,26.908,27.476,252004,0
BUG.US,D,20210225,000000,27.267,27.456,26.21,26.36,584007,0
BUG.US,D,20210226,000000,26.609,26.838,26.021,26.44,141309,0
BUG.US,D,20210301,000000,26.878,27.287,26.738,27.227,119689,0
BUG.US,D,20210302,000000,27.406,27.436,26.719,26.768,144673,0
BUG.US,D,20210303,000000,26.719,26.719,25.563,25.742,232599,0
BUG.US,D,20210304,000000,25.453,25.702,24.596,24.925,273627,0
BUG.US,D,20210305,000000,25.283,25.283,23.888,24.885,202319,0
BUG.US,D,20210308,000000,24.815,25.403,24.516,24.556,747917,0
BUG.US,D,20210309,000000,25.951,26.131,25.283,25.991,229705,0
BUG.US,D,20210310,000000,26.499,26.579,25.612,25.772,382522,0
BUG.US,D,20210311,000000,26.42,26.709,26.281,26.609,184132,0
BUG.US,D,20210312,000000,26.39,26.39,25.812,26.31,141594,0
BUG.US,D,20210315,000000,26.4,26.43,26.071,26.43,179368,0
BUG.US,D,20210316,000000,26.599,26.848,26.021,26.27,122370,0
BUG.US,D,20210317,000000,26.2,26.519,25.712,26.26,155973,0
BUG.US,D,20210318,000000,25.901,25.911,25.094,25.194,171348,0
BUG.US,D,20210319,000000,25.224,25.662,25.044,25.463,138359,0
BUG.US,D,20210322,000000,25.702,26.15,25.56,25.921,120972,0
BUG.US,D,20210323,000000,25.951,26.058,25.612,25.712,89534,0
BUG.US,D,20210324,000000,25.891,25.911,24.816,24.895,232962,0
BUG.US,D,20210325,000000,24.466,24.795,24.237,24.715,165924,0
BUG.US,D,20210326,000000,24.815,24.992,24.426,24.945,54530,0
BUG.US,D,20210329,000000,24.975,25.164,24.547,24.695,90308,0
BUG.US,D,20210330,000000,24.606,24.606,24.207,24.496,104410,0
BUG.US,D,20210331,000000,24.586,25.154,24.586,24.965,102490,0
BUG.US,D,20210401,000000,25.124,25.682,25.124,25.443,85094,0
BUG.US,D,20210405,000000,25.762,25.762,25.413,25.612,127748,0
BUG.US,D,20210406,000000,25.662,26.111,25.445,25.931,120523,0
BUG.US,D,20210407,000000,25.981,26.041,25.473,25.553,86813,0
BUG.US,D,20210408,000000,25.871,26.111,25.812,26.011,141814,0
BUG.US,D,20210409,000000,26.091,26.111,25.662,26.061,99369,0
BUG.US,D,20210412,000000,25.871,26.44,25.865,26.31,140179,0
BUG.US,D,20210413,000000,26.41,26.958,26.41,26.898,141026,0
BUG.US,D,20210414,000000,27.018,27.336,26.669,26.669,174410,0
BUG.US,D,20210415,000000,27.117,27.366,26.928,27.267,103812,0
BUG.US,D,20210416,000000,27.386,27.386,26.938,27.117,113931,0
BUG.US,D,20210419,000000,27.087,27.267,26.709,26.948,113702,0
BUG.US,D,20210420,000000,26.928,27.038,26.26,26.43,178643,0
BUG.US,D,20210421,000000,26.39,26.659,26.131,26.609,87297,0
BUG.US,D,20210422,000000,26.709,27.227,26.706,26.828,113731,0
BUG.US,D,20210423,000000,27.027,27.097,26.842,27.018,106132,0
BUG.US,D,20210426,000000,27.705,28.154,27.68,28.154,184152,0
BUG.US,D,20210427,000000,28.154,28.233,27.685,27.825,615962,0
BUG.US,D,20210428,000000,27.745,27.825,27.406,27.416,62943,0
BUG.US,D,20210429,000000,27.596,27.596,26.709,26.958,178291,0
BUG.US,D,20210430,000000,26.918,27.227,26.798,26.798,75372,0
BUG.US,D,20210503,000000,26.988,26.988,26.41,26.539,108154,0
BUG.US,D,20210504,000000,26.22,26.26,25.543,25.971,163800,0
BUG.US,D,20210505,000000,26.23,26.23,25.617,25.732,79030,0
BUG.US,D,20210506,000000,25.712,25.712,25.057,25.333,140671,0
BUG.US,D,20210507,000000,25.672,25.911,25.632,25.702,140970,0
BUG.US,D,20210510,000000,25.911,25.911,25.413,25.453,191548,0
BUG.US,D,20210511,000000,24.596,25.991,24.566,25.822,209160,0
BUG.US,D,20210512,000000,25.752,25.752,25.209,25.383,199336,0
BUG.US,D,20210513,000000,25.682,25.822,25.014,25.234,113875,0
BUG.US,D,20210514,000000,25.323,26.081,25.323,26.041,174148,0
BUG.US,D,20210517,000000,25.921,26.026,25.453,25.682,130004,0
BUG.US,D,20210518,000000,25.931,26.23,25.812,25.921,108040,0
BUG.US,D,20210519,000000,25.662,25.931,25.433,25.871,89435,0
BUG.US,D,20210520,000000,26.15,26.559,26.131,26.539,150825,0
BUG.US,D,20210521,000000,26.908,27.008,26.659,26.748,145321,0
BUG.US,D,20210524,000000,26.838,27.137,26.768,27.027,95624,0
BUG.US,D,20210525,000000,27.217,27.217,26.958,26.958,77705,0
BUG.US,D,20210526,000000,27.307,27.655,27.307,27.556,376705,0
BUG.US,D,20210527,000000,27.486,27.546,27.003,27.436,310403,0
BUG.US,D,20210528,000000,27.566,27.642,27.326,27.346,379859,0
BUG.US,D,20210601,000000,27.556,27.556,26.928,27.157,222684,0
BUG.US,D,20210602,000000,27.207,27.307,27,27.267,527235,0
BUG.US,D,20210603,000000,27.087,27.087,26.639,26.679,191563,0
BUG.US,D,20210604,000000,26.818,26.988,26.738,26.968,134852,0
BUG.US,D,20210607,000000,27.027,27.466,26.858,27.406,424351,0
BUG.US,D,20210608,000000,27.645,27.885,27.538,27.715,841499,0
BUG.US,D,20210609,000000,27.885,27.885,27.616,27.675,280877,0
BUG.US,D,20210610,000000,27.785,28.323,27.685,28.283,841148,0
BUG.US,D,20210611,000000,28.283,28.49,28.159,28.463,418199,0
BUG.US,D,20210614,000000,28.483,28.682,28.413,28.612,329284,0
BUG.US,D,20210615,000000,28.642,28.682,28.253,28.363,666471,0
BUG.US,D,20210616,000000,28.373,28.682,28.124,28.592,181349,0
BUG.US,D,20210617,000000,28.542,29.09,28.403,29.08,758144,0
BUG.US,D,20210618,000000,28.891,29.16,28.8,28.891,338078,0
BUG.US,D,20210621,000000,28.831,28.921,28.403,28.811,1031102,0
BUG.US,D,20210622,000000,28.901,29.14,28.857,29.12,205559,0
BUG.US,D,20210623,000000,29.22,29.24,28.911,29.041,236248,0
BUG.US,D,20210624,000000,29.21,29.399,29.041,29.13,916620,0
BUG.US,D,20210625,000000,29.23,29.23,28.916,29.09,151358,0
BUG.US,D,20210628,000000,29.25,29.469,29.15,29.35,178467,0
BUG.US,D,20210629,000000,29.379,29.398,29.12,29.25,147746,0
BUG.US,D,20210630,000000,29.23,29.23,28.702,28.732,194498,0
BUG.US,D,20210701,000000,28.682,28.891,28.492,28.742,140798,0
BUG.US,D,20210702,000000,28.981,28.981,28.732,28.851,152245,0
BUG.US,D,20210706,000000,29.14,29.599,28.931,29.579,745219,0
BUG.US,D,20210707,000000,29.898,29.898,29.26,29.619,623792,0
BUG.US,D,20210708,000000,29.08,29.589,28.811,29.441,236642,0
BUG.US,D,20210709,000000,29.658,29.818,29.35,29.788,204822,0
BUG.US,D,20210712,000000,30.167,30.167,29.549,29.589,273661,0
BUG.US,D,20210713,000000,29.658,29.848,29.449,29.549,421192,0
BUG.US,D,20210714,000000,29.708,29.708,29.08,29.15,415393,0
BUG.US,D,20210715,000000,29.2,29.29,28.602,28.781,203799,0
BUG.US,D,20210716,000000,29.001,29.2,28.811,28.861,144680,0
BUG.US,D,20210719,000000,28.502,29.05,28.443,28.911,200442,0
BUG.US,D,20210720,000000,29.16,29.688,28.951,29.499,1466737,0
BUG.US,D,20210721,000000,29.519,29.649,29.26,29.599,266758,0
BUG.US,D,20210722,000000,29.668,30.067,29.658,29.967,370364,0
BUG.US,D,20210723,000000,30.02,30.32,29.808,30.256,486583,0
BUG.US,D,20210726,000000,30.256,30.256,29.808,30.087,920886,0
BUG.US,D,20210727,000000,30.077,30.147,29.26,29.649,489441,0
BUG.US,D,20210728,000000,29.788,30.127,29.649,30.037,237896,0
BUG.US,D,20210729,000000,30.037,30.278,29.898,30.067,179969,0
BUG.US,D,20210730,000000,29.938,30.047,29.798,29.848,117086,0
BUG.US,D,20210802,000000,29.957,30.286,29.549,30.127,157471,0
BUG.US,D,20210803,000000,30.167,30.376,29.997,30.286,274961,0
BUG.US,D,20210804,000000,30.306,30.573,30.197,30.496,201436,0
BUG.US,D,20210805,000000,30.585,30.595,30.266,30.396,318349,0
BUG.US,D,20210806,000000,30.246,30.386,29.6,29.828,313122,0
BUG.US,D,20210809,000000,29.828,30.037,29.778,29.918,156398,0
BUG.US,D,20210810,000000,29.997,30.047,29.36,29.459,218675,0
BUG.US,D,20210811,000000,29.688,29.723,29.3,29.409,149386,0
BUG.US,D,20210812,000000,29.459,30.017,29.444,29.908,271368,0
BUG.US,D,20210813,000000,30.037,30.246,29.918,30.187,1865465,0
BUG.US,D,20210816,000000,30.057,30.084,29.33,29.698,413605,0
BUG.US,D,20210817,000000,29.499,29.579,29.11,29.369,843328,0
BUG.US,D,20210818,000000,29.419,29.548,29.201,29.3,146889,0
BUG.US,D,20210819,000000,29.15,29.521,29.021,29.35,155561,0
BUG.US,D,20210820,000000,29.459,29.639,29.399,29.619,146277,0
BUG.US,D,20210823,000000,29.738,30.196,29.738,30.167,221571,0
BUG.US,D,20210824,000000,30.725,31.283,30.705,31.143,618333,0
BUG.US,D,20210825,000000,31.364,31.791,31.333,31.731,850949,0
BUG.US,D,20210826,000000,31.761,32.05,31.594,31.911,590129,0
BUG.US,D,20210827,000000,31.981,32.449,31.891,32.389,438852,0
BUG.US,D,20210830,000000,32.611,32.627,32.28,32.539,759688,0
BUG.US,D,20210831,000000,32.529,32.636,32.25,32.439,1303343,0
BUG.US,D,20210901,000000,32.499,32.513,32.27,32.429,439667,0
BUG.US,D,20210902,000000,32.489,32.838,32.389,32.758,386491,0
BUG.US,D,20210903,000000,32.778,33.186,32.737,33.166,418167,0
BUG.US,D,20210907,000000,33.155,33.216,32.602,32.718,488874,0
BUG.US,D,20210908,000000,32.598,32.618,32.319,32.349,243772,0
BUG.US,D,20210909,000000,32.369,32.698,32.299,32.359,1713255,0
BUG.US,D,20210910,000000,32.529,32.549,31.761,31.811,642907,0
BUG.US,D,20210913,000000,31.911,31.921,31.403,31.801,268494,0
BUG.US,D,20210914,000000,32,32.13,31.711,31.821,207828,0
BUG.US,D,20210915,000000,31.821,31.961,31.612,31.931,169819,0
BUG.US,D,20210916,000000,31.931,32.07,31.721,32.06,202574,0
BUG.US,D,20210917,000000,32.15,32.16,31.692,31.851,307826,0
BUG.US,D,20210920,000000,31.223,31.542,30.815,31.163,825612,0
BUG.US,D,20210921,000000,31.353,31.558,31.223,31.253,209689,0
BUG.US,D,20210922,000000,31.313,31.608,31.183,31.542,318108,0
BUG.US,D,20210923,000000,31.791,31.946,31.582,31.911,308763,0
BUG.US,D,20210924,000000,31.761,32.03,31.602,31.971,127502,0
BUG.US,D,20210927,000000,31.891,31.891,31.223,31.452,263636,0
BUG.US,D,20210928,000000,31.153,31.153,30.366,30.406,474989,0
BUG.US,D,20210929,000000,30.705,30.75,30.187,30.266,207564,0
BUG.US,D,20210930,000000,30.366,30.595,30.266,30.406,175231,0
BUG.US,D,20211001,000000,30.496,30.765,30.117,30.745,139117,0
BUG.US,D,20211004,000000,30.466,30.466,29.449,29.738,632344,0
BUG.US,D,20211005,000000,29.848,30.396,29.848,30.256,331022,0
BUG.US,D,20211006,000000,30.034,30.625,29.938,30.545,296445,0
BUG.US,D,20211007,000000,30.844,31.353,30.799,31.034,228285,0
BUG.US,D,20211008,000000,31.173,31.173,30.595,30.705,171956,0
BUG.US,D,20211011,000000,30.555,30.874,30.396,30.595,118030,0
BUG.US,D,20211012,000000,30.715,31.191,30.655,31.094,290078,0
BUG.US,D,20211013,000000,31.323,31.771,31.303,31.771,294021,0
BUG.US,D,20211014,000000,32.11,32.289,32.05,32.27,648901,0
BUG.US,D,20211015,000000,32.349,32.399,32.17,32.22,331235,0
BUG.US,D,20211018,000000,32.09,32.738,32.09,32.738,542041,0
BUG.US,D,20211019,000000,32.957,32.957,32.549,32.738,470701,0
BUG.US,D,20211020,000000,32.828,33.007,32.539,32.788,323704,0
BUG.US,D,20211021,000000,32.798,33.097,32.685,33.047,801765,0
BUG.US,D,20211022,000000,33.077,33.216,32.798,33.017,559861,0
BUG.US,D,20211025,000000,33.117,33.618,32.987,33.236,905744,0
BUG.US,D,20211026,000000,33.465,33.49,32.728,32.997,579270,0
BUG.US,D,20211027,000000,33.067,33.166,32.449,32.509,212034,0
BUG.US,D,20211028,000000,32.608,33.077,32.539,32.907,206283,0
BUG.US,D,20211029,000000,32.877,33.326,32.877,33.286,211909,0
BUG.US,D,20211101,000000,33.376,33.376,32.77,33.007,936360,0
BUG.US,D,20211102,000000,32.937,33.097,32.689,32.917,204364,0
BUG.US,D,20211103,000000,32.828,33.346,32.678,33.236,1917410,0
BUG.US,D,20211104,000000,33.745,33.814,33.406,33.764,307004,0
BUG.US,D,20211105,000000,33.924,34.063,33.376,33.944,344963,0
BUG.US,D,20211108,000000,34.173,34.801,34.034,34.691,914466,0
BUG.US,D,20211109,000000,34.741,34.98,34.412,34.771,446821,0
BUG.US,D,20211110,000000,34.771,34.975,33.695,33.984,646192,0
BUG.US,D,20211111,000000,34.273,34.522,34.188,34.273,227911,0
BUG.US,D,20211112,000000,34.462,34.681,34.432,34.651,219269,0
BUG.US,D,20211115,000000,34.622,34.661,33.904,34.153,249708,0
BUG.US,D,20211116,000000,34.063,34.382,33.974,34.382,314498,0
BUG.US,D,20211117,000000,34.492,34.522,33.995,34.223,240325,0
BUG.US,D,20211118,000000,34.253,34.313,33.794,34.053,190332,0
BUG.US,D,20211119,000000,34.342,34.382,33.715,33.754,201199,0
BUG.US,D,20211122,000000,33.874,33.874,32.419,32.628,1219172,0
BUG.US,D,20211123,000000,32.339,32.578,31.502,31.931,647144,0
BUG.US,D,20211124,000000,31.741,32.299,31.442,32.27,277515,0
BUG.US,D,20211126,000000,32.06,32.364,31.512,31.771,305597,0
BUG.US,D,20211129,000000,32.14,32.324,31.851,32.21,442403,0
BUG.US,D,20211130,000000,32.26,32.439,31.442,31.731,271118,0
BUG.US,D,20211201,000000,32.399,32.399,30.246,30.356,1212946,0
BUG.US,D,20211202,000000,30.446,31.104,30.261,31.004,241621,0
BUG.US,D,20211203,000000,31.173,31.193,29.57,29.908,405492,0
BUG.US,D,20211206,000000,29.868,29.878,29.066,29.738,300335,0
BUG.US,D,20211207,000000,30.501,31.034,30.426,30.894,249581,0
BUG.US,D,20211208,000000,30.874,31.273,30.396,31.143,252485,0
BUG.US,D,20211209,000000,31.114,31.283,30.449,30.625,274987,0
BUG.US,D,20211210,000000,30.665,30.964,30.416,30.595,147059,0
BUG.US,D,20211213,000000,30.725,31.155,30.506,30.795,418360,0
BUG.US,D,20211214,000000,30.256,30.286,29.579,30.117,379185,0
BUG.US,D,20211215,000000,30.007,31.333,29.967,31.203,242640,0
BUG.US,D,20211216,000000,31.482,31.482,30.346,30.545,313634,0
BUG.US,D,20211217,000000,30.217,31.143,30.067,31.034,254286,0
BUG.US,D,20211220,000000,30.679,30.994,30.499,30.874,200302,0
BUG.US,D,20211221,000000,31.153,31.576,30.712,31.562,174605,0
BUG.US,D,20211222,000000,31.552,31.841,31.353,31.841,156890,0
BUG.US,D,20211223,000000,31.881,32.04,31.588,31.951,217896,0
BUG.US,D,20211227,000000,32.09,32.349,32.068,32.309,301103,0
BUG.US,D,20211228,000000,32.419,32.429,31.931,32.11,153256,0
BUG.US,D,20211229,000000,32.11,32.17,31.851,32.14,189545,0
BUG.US,D,20211230,000000,32.16,32.35,32.02,32.1,119901,0
BUG.US,D,20211231,000000,32.08,32.1,31.75,31.77,105300,0
BUG.US,D,20220103,000000,31.9,31.9376,31.02,31.18,271057,0
BUG.US,D,20220104,000000,31.23,31.23,29.8,30.31,574765,0
BUG.US,D,20220105,000000,30.02,30.17,29.22,29.34,335672,0
BUG.US,D,20220106,000000,29.12,29.95,28.96,29.61,316335,0
BUG.US,D,20220107,000000,29.6,30,29.26,29.52,331505,0
BUG.US,D,20220110,000000,29,29.87,28.55,29.78,688202,0
BUG.US,D,20220111,000000,29.74,30.285,29.61,30.24,448029,0
BUG.US,D,20220112,000000,30.4,30.75,29.92,30.1,213927,0
BUG.US,D,20220113,000000,30.16,30.21,28.91,29,295502,0
BUG.US,D,20220114,000000,28.6,29.22,28.6,29.11,281566,0
BUG.US,D,20220118,000000,28.62,29.24,28.41,28.7,245034,0
BUG.US,D,20220119,000000,28.668,29.28,28.41,28.64,392365,0
BUG.US,D,20220120,000000,28.98,29.43,28.6,28.65,172964,0
BUG.US,D,20220121,000000,28.51,28.7899,27.86,27.93,309519,0
BUG.US,D,20220124,000000,27.1935,28.2,26.46,28.11,557287,0
BUG.US,D,20220125,000000,27.8,27.92,26.84,26.99,322566,0
BUG.US,D,20220126,000000,27.45,27.89,26.74,26.92,611204,0
BUG.US,D,20220127,000000,27.13,27.51,26.61,26.74,204077,0
BUG.US,D,20220128,000000,26.87,27.42,26.47,27.42,208773,0
BUG.US,D,20220131,000000,27.5,28.64,27.5,28.62,187105,0
BUG.US,D,20220201,000000,28.7,28.88,28.22,28.88,87435,0
BUG.US,D,20220202,000000,28.96,29,28.3189,28.55,194928,0
BUG.US,D,20220203,000000,28.11,28.51,27.8201,27.99,121750,0
BUG.US,D,20220204,000000,27.88,28.8999,27.88,28.71,173653,0
BUG.US,D,20220207,000000,28.75,29.15,28.62,28.73,210258,0
BUG.US,D,20220208,000000,28.52,29.28,28.52,29.24,137390,0
BUG.US,D,20220209,000000,29.61,30.02,29.4041,29.99,153066,0
BUG.US,D,20220210,000000,29.62,30.43,29.62,29.95,133767,0
BUG.US,D,20220211,000000,30.06,30.18,29.08,29.25,161666,0
BUG.US,D,20220214,000000,29.07,29.69,29,29.27,214023,0
BUG.US,D,20220215,000000,29.51,29.85,29.396,29.81,163048,0
BUG.US,D,20220216,000000,29.54,29.57,29.18,29.46,215440,0
BUG.US,D,20220217,000000,29.13,29.1879,28.23,28.41,354985,0
BUG.US,D,20220218,000000,28.43,28.51,27.84,27.88,316694,0
BUG.US,D,20220222,000000,27.751,28.26,27.6307,27.88,272493,0
BUG.US,D,20220223,000000,28.29,28.325,27.26,27.31,307999,0
BUG.US,D,20220224,000000,26.81,29.4699,26.46,29.42,1737581,0
BUG.US,D,20220225,000000,29.15,29.78,28.76,29.73,835466,0
BUG.US,D,20220228,000000,29.93,30.94,29.93,30.86,1406529,0
BUG.US,D,20220301,000000,31.35,31.611,30.8,31.07,994186,0
BUG.US,D,20220302,000000,31.3,31.69,30.68,31.62,1384641,0
BUG.US,D,20220303,000000,31.77,31.77,30.66,30.91,1118248,0
BUG.US,D,20220304,000000,30.76,31.09,29.9506,30.22,865249,0
BUG.US,D,20220307,000000,30.37,30.47,29,29.29,648725,0
BUG.US,D,20220308,000000,29.01,29.43,28.62,28.89,586213,0
BUG.US,D,20220309,000000,29.3,29.86,29.15,29.76,321141,0
BUG.US,D,20220310,000000,29.6,29.9,29.4,29.68,300897,0
BUG.US,D,20220311,000000,30.03,30.03,28.98,29.01,305652,0
BUG.US,D,20220314,000000,29.18,29.18,27.94,28.18,409092,0
BUG.US,D,20220315,000000,28.34,28.88,28.031,28.85,324871,0
BUG.US,D,20220316,000000,28.96,29.17,28.0091,29.055,498275,0
BUG.US,D,20220317,000000,28.88,29.63,28.61,29.61,324330,0
BUG.US,D,20220318,000000,29.64,30.52,29.57,30.46,425886,0
BUG.US,D,20220321,000000,30.42,30.46,29.89,30.4,585250,0
BUG.US,D,20220322,000000,30.54,31.4,30.4,31.23,1240671,0
BUG.US,D,20220323,000000,31.19,31.59,30.75,31.15,513568,0
BUG.US,D,20220324,000000,31.26,31.54,30.83,31.51,398800,0
BUG.US,D,20220325,000000,31.75,31.75,30.7315,31.37,817492,0
BUG.US,D,20220328,000000,31.35,31.66,31.0008,31.42,384953,0
BUG.US,D,20220329,000000,31.74,31.845,31.1201,31.76,440022,0
BUG.US,D,20220330,000000,31.64,31.93,31.305,31.48,370652,0
BUG.US,D,20220331,000000,31.57,31.855,31.28,31.42,255110,0
BUG.US,D,20220401,000000,31.52,31.8,31.34,31.51,161368,0
BUG.US,D,20220404,000000,31.7,32.11,31.56,32.09,297284,0
BUG.US,D,20220405,000000,32.09,32.14,31.36,31.54,663079,0
BUG.US,D,20220406,000000,31.24,31.24,30.4501,30.69,345537,0
BUG.US,D,20220407,000000,30.62,31.3,30.62,31.05,243564,0
BUG.US,D,20220408,000000,31.04,31.09,30.68,30.72,226606,0
BUG.US,D,20220411,000000,30.79,31.56,30.78,31.35,943342,0
BUG.US,D,20220412,000000,31.61,32.11,31.3366,31.46,734461,0
BUG.US,D,20220413,000000,31.44,32.33,31.35,32.26,343277,0
BUG.US,D,20220414,000000,32.25,32.3,31.56,31.65,280809,0
BUG.US,D,20220418,000000,31.59,31.59,30.931,31.13,506961,0
BUG.US,D,20220419,000000,31.17,31.83,30.8605,31.71,1288678,0
BUG.US,D,20220420,000000,32.03,32.03,31.4379,31.53,254959,0
BUG.US,D,20220421,000000,31.82,32.0292,30.4,30.53,297326,0
BUG.US,D,20220422,000000,30.56,30.71,29.92,29.94,527392,0
BUG.US,D,20220425,000000,29.76,30.73,29.75,30.68,346020,0
BUG.US,D,20220426,000000,30.56,30.56,29.67,29.71,402773,0
BUG.US,D,20220427,000000,29.72,30.0877,29.3701,29.5,353789,0
BUG.US,D,20220428,000000,29.8,30.17,29.38,30,245295,0
BUG.US,D,20220429,000000,30,30.2436,29.04,29.12,238798,0
BUG.US,D,20220502,000000,29.03,29.53,28.981,29.51,201093,0
BUG.US,D,20220503,000000,29.37,29.39,28.665,28.89,202300,0
BUG.US,D,20220504,000000,28.95,29.15,27.93,29.09,305719,0
BUG.US,D,20220505,000000,28.99,28.99,27.4401,27.68,374464,0
BUG.US,D,20220506,000000,27.41,27.5,26.41,26.55,553354,0
BUG.US,D,20220509,000000,25.98,26.16,24.8,24.94,1159035,0
BUG.US,D,20220510,000000,25.48,25.701,24.65,25.27,403250,0
BUG.US,D,20220511,000000,25.19,25.6,24.59,24.62,384547,0
BUG.US,D,20220512,000000,24.22,25.3704,24.22,24.93,392012,0
BUG.US,D,20220513,000000,25.29,26.01,25.25,25.92,242874,0
BUG.US,D,20220516,000000,25.68,26,25.13,25.18,239600,0
BUG.US,D,20220517,000000,25.69,25.9,24.87,25.4,276045,0
BUG.US,D,20220518,000000,24.89,25.18,24.22,24.36,572179,0
BUG.US,D,20220519,000000,24.32,25.23,24.15,24.84,876028,0
BUG.US,D,20220520,000000,25.66,26.03,24.8701,25.57,809738,0
BUG.US,D,20220523,000000,25.69,25.98,25.33,25.97,371395,0
BUG.US,D,20220524,000000,25.72,25.7502,24.97,25.28,330001,0
BUG.US,D,20220525,000000,25.06,25.92,25.01,25.73,215699,0
BUG.US,D,20220526,000000,25.67,26.46,25.6457,26.25,285116,0
BUG.US,D,20220527,000000,26.52,27.1,26.52,27.05,704446,0
BUG.US,D,20220531,000000,27.03,27.04,26.29,26.34,363972,0
BUG.US,D,20220601,000000,26.49,26.8233,25.99,26.24,222072,0
BUG.US,D,20220602,000000,26.15,27.37,26.15,27.27,244567,0
BUG.US,D,20220603,000000,27.14,27.3794,26.72,26.91,196441,0
BUG.US,D,20220606,000000,27.19,27.3,26.55,26.78,283636,0
BUG.US,D,20220607,000000,26.3,27.2,26.28,27.18,208064,0
BUG.US,D,20220608,000000,27.12,27.47,27.09,27.17,221526,0
BUG.US,D,20220609,000000,27.03,27.25,26.54,26.56,229383,0
BUG.US,D,20220610,000000,26.05,26.2094,25.475,25.58,207959,0
BUG.US,D,20220613,000000,24.61,24.85,24.04,24.23,535297,0
BUG.US,D,20220614,000000,24.31,24.5375,23.96,24.14,507012,0
BUG.US,D,20220615,000000,24.36,25.05,24.26,24.73,287362,0
BUG.US,D,20220616,000000,24.07,24.32,23.51,23.7,317696,0
BUG.US,D,20220617,000000,23.79,24.561,23.79,24.39,181454,0
BUG.US,D,20220621,000000,24.7,25.205,24.7,24.85,199724,0
BUG.US,D,20220622,000000,24.6,25.2501,24.5,24.88,273575,0
BUG.US,D,20220623,000000,25.07,25.9,24.93,25.77,250505,0
BUG.US,D,20220624,000000,26.1,26.75,26.02,26.7,211830,0
BUG.US,D,20220627,000000,26.71,26.82,26.12,26.3,252657,0
BUG.US,D,20220628,000000,26.37,26.47,25.4001,25.55,353316,0
BUG.US,D,20220629,000000,25.44,25.63,25.2,25.44,321390,0
BUG.US,D,20220630,000000,25.22,25.31,24.66,25,162024,0
BUG.US,D,20220701,000000,24.95,25.57,24.86,25.57,102929,0
BUG.US,D,20220705,000000,25.36,26.21,25.1,26.16,157084,0
BUG.US,D,20220706,000000,26.36,26.48,26.06,26.25,145067,0
BUG.US,D,20220707,000000,26.23,26.92,26.23,26.82,167129,0
BUG.US,D,20220708,000000,26.66,27.16,26.4592,26.91,138005,0
BUG.US,D,20220711,000000,26.7,26.84,26.23,26.44,92990,0
BUG.US,D,20220712,000000,26.61,26.9024,25.23,25.41,307859,0
BUG.US,D,20220713,000000,24.95,25.5714,24.77,25.37,206875,0
BUG.US,D,20220714,000000,25.17,25.19,24.6,25.04,146629,0
BUG.US,D,20220715,000000,25.32,25.56,25.1,25.54,112985,0
BUG.US,D,20220718,000000,25.85,26.08,25.43,25.62,158244,0
BUG.US,D,20220719,000000,25.85,26.09,25.55,26.08,70835,0
BUG.US,D,20220720,000000,26.22,26.86,26.19,26.64,102807,0
BUG.US,D,20220721,000000,26.67,27.13,26.44,27.12,632988,0
BUG.US,D,20220722,000000,27.12,27.371,26.6,26.75,513003,0
BUG.US,D,20220725,000000,26.65,26.65,26.16,26.31,241856,0
BUG.US,D,20220726,000000,26.17,26.17,25.07,25.17,358175,0
BUG.US,D,20220727,000000,25.35,25.48,24.96,25.36,208368,0
BUG.US,D,20220728,000000,25.43,25.7748,25.12,25.74,169220,0
BUG.US,D,20220729,000000,25.77,25.78,25.42,25.74,279784,0
BUG.US,D,20220801,000000,25.56,26.14,25.33,25.83,223785,0
BUG.US,D,20220802,000000,25.59,26.24,25.52,26.11,298739,0
BUG.US,D,20220803,000000,27.06,27.91,27.04,27.86,298592,0
BUG.US,D,20220804,000000,27.56,27.56,26.81,27.22,729502,0
BUG.US,D,20220805,000000,26.91,27.2,26.75,27.12,206237,0
BUG.US,D,20220808,000000,27.23,27.68,27.16,27.23,474216,0
BUG.US,D,20220809,000000,27.24,27.31,26.88,27.04,246884,0
BUG.US,D,20220810,000000,27.69,28.16,27.64,28.09,239929,0
BUG.US,D,20220811,000000,28.34,28.5282,27.75,27.92,624638,0
BUG.US,D,20220812,000000,28.07,28.32,27.915,28.27,317452,0
BUG.US,D,20220815,000000,28.13,28.78,28.05,28.75,372449,0
BUG.US,D,20220816,000000,28.78,28.82,28.31,28.79,164274,0
BUG.US,D,20220817,000000,28.52,28.57,28.13,28.41,853610,0
BUG.US,D,20220818,000000,28.4,28.53,28.18,28.48,227698,0
BUG.US,D,20220819,000000,28.1,28.19,27.54,27.77,138179,0
BUG.US,D,20220822,000000,27.36,27.51,27.08,27.33,244049,0
BUG.US,D,20220823,000000,27.76,28.14,27.6501,27.79,279490,0
BUG.US,D,20220824,000000,27.88,28.15,27.79,27.93,263918,0
BUG.US,D,20220825,000000,28.19,28.35,28.06,28.35,238503,0
BUG.US,D,20220826,000000,28.37,28.38,27.61,27.67,235601,0
BUG.US,D,20220829,000000,27.28,27.6,27.21,27.3,150360,0
BUG.US,D,20220830,000000,27.57,27.7766,27.03,27.47,316318,0
BUG.US,D,20220831,000000,27.56,27.8,26.91,27.02,525979,0
BUG.US,D,20220901,000000,26.38,26.38,25.37,25.72,430529,0
BUG.US,D,20220902,000000,26.01,26.1687,25.555,25.74,138057,0
BUG.US,D,20220906,000000,25.76,25.7899,25.331,25.53,144385,0
BUG.US,D,20220907,000000,25.45,26.02,25.3871,25.96,151470,0
BUG.US,D,20220908,000000,25.36,25.98,25.27,25.92,136981,0
BUG.US,D,20220909,000000,26.47,27.17,26.47,27.15,188216,0
BUG.US,D,20220912,000000,27.35,27.64,27.257,27.56,103723,0
BUG.US,D,20220913,000000,26.61,26.8117,26.39,26.55,273010,0
BUG.US,D,20220914,000000,26.56,26.6,26.22,26.45,187000,0
BUG.US,D,20220915,000000,26.28,26.65,26.01,26.18,266046,0
BUG.US,D,20220916,000000,25.63,25.69,25.02,25.21,286202,0
BUG.US,D,20220919,000000,25,25.725,25,25.68,197044,0
BUG.US,D,20220920,000000,25.51,25.6775,25.32,25.5,158044,0
BUG.US,D,20220921,000000,25.51,25.91,25.1204,25.23,101931,0
BUG.US,D,20220922,000000,25,25,24.22,24.29,220821,0
BUG.US,D,20220923,000000,24,24.16,23.57,23.83,233880,0
BUG.US,D,20220926,000000,23.83,24.27,23.69,23.8,211371,0
BUG.US,D,20220927,000000,24.35,24.4,23.72,24.02,231766,0
BUG.US,D,20220928,000000,24.01,24.589,23.94,24.52,247926,0
BUG.US,D,20220929,000000,24.23,24.32,23.76,24.21,360756,0
BUG.US,D,20220930,000000,24.13,24.76,24.01,24.04,111558,0
BUG.US,D,20221003,000000,24.14,24.7,24.02,24.58,130121,0
BUG.US,D,20221004,000000,25.14,25.5698,25.06,25.33,253316,0
BUG.US,D,20221005,000000,24.92,25.54,24.735,25.4,328891,0
BUG.US,D,20221006,000000,25.39,25.7,25.29,25.37,107128,0
BUG.US,D,20221007,000000,24.89,24.96,24.2106,24.28,265769,0
BUG.US,D,20221010,000000,24.27,24.34,23.18,23.28,167198,0
BUG.US,D,20221011,000000,23.21,23.4,22.73,22.98,296921,0
BUG.US,D,20221012,000000,22.98,22.99,22.46,22.77,135450,0
BUG.US,D,20221013,000000,22.16,23.0763,21.86,23.01,250989,0
BUG.US,D,20221014,000000,23.3,23.3181,22.34,22.38,111223,0
BUG.US,D,20221017,000000,22.95,23.53,22.95,23.4,162370,0
BUG.US,D,20221018,000000,23.93,24.3,23.68,23.95,171962,0
BUG.US,D,20221019,000000,23.74,23.9101,23.44,23.55,147726,0
BUG.US,D,20221020,000000,23.65,24.3127,23.61,23.83,187659,0
BUG.US,D,20221021,000000,23.68,24.165,23.2828,24.13,239586,0
BUG.US,D,20221024,000000,24.1,24.17,23.56,24.04,191801,0
BUG.US,D,20221025,000000,24.19,24.89,24.19,24.85,209579,0
BUG.US,D,20221026,000000,24.64,25.56,24.55,24.91,177567,0
BUG.US,D,20221027,000000,25.01,25.6,25.01,25.19,172635,0
BUG.US,D,20221028,000000,25.06,25.44,24.79,25.35,227934,0
BUG.US,D,20221031,000000,25.18,25.52,25.1,25.27,158135,0
BUG.US,D,20221101,000000,25.3,25.355,24.429,24.54,177774,0
BUG.US,D,20221102,000000,24.45,24.45,23.35,23.35,203516,0
BUG.US,D,20221103,000000,22.65,22.65,21.87,22.17,529846,0
BUG.US,D,20221104,000000,22.4,22.4,21.25,21.59,978016,0
BUG.US,D,20221107,000000,21.87,21.8878,21.2101,21.54,255750,0
BUG.US,D,20221108,000000,21.72,22.6293,21.6,22.31,257831,0
BUG.US,D,20221109,000000,22.05,22.05,21.5404,21.61,140692,0
BUG.US,D,20221110,000000,22.85,23.19,22.684,23.19,260947,0
BUG.US,D,20221111,000000,23.26,24.1499,23.22,24.03,294244,0
BUG.US,D,20221114,000000,23.86,23.9,23.3201,23.54,222459,0
BUG.US,D,20221115,000000,24.19,24.32,23.735,23.92,593692,0
BUG.US,D,20221116,000000,23.8,23.8,23.16,23.33,357642,0
BUG.US,D,20221117,000000,22.84,23.15,22.67,22.9,199378,0
BUG.US,D,20221118,000000,23.46,23.6,22.91,23.03,249358,0
BUG.US,D,20221121,000000,22.93,23,22.78,22.91,149757,0
BUG.US,D,20221122,000000,22.97,22.97,22.47,22.84,1923122,0
BUG.US,D,20221123,000000,22.83,23.43,22.7,23.25,185608,0
BUG.US,D,20221125,000000,23.23,23.36,23.12,23.3,70656,0
BUG.US,D,20221128,000000,23.11,23.31,22.89,22.96,173191,0
BUG.US,D,20221129,000000,22.98,23.065,22.76,22.82,142708,0
BUG.US,D,20221130,000000,22.32,22.95,21.94,22.95,624770,0
BUG.US,D,20221201,000000,23.23,24.0399,23.15,23.82,476936,0
BUG.US,D,20221202,000000,23.43,23.6,23.26,23.46,456815,0
BUG.US,D,20221205,000000,23.28,23.43,22.58,22.76,163053,0
BUG.US,D,20221206,000000,22.8,22.8,22.14,22.3,264865,0
BUG.US,D,20221207,000000,22.14,22.49,22.06,22.15,492568,0
BUG.US,D,20221208,000000,22.24,22.68,22.09,22.46,156018,0
BUG.US,D,20221209,000000,22.4,22.63,22.37,22.51,110177,0
BUG.US,D,20221212,000000,22.54,22.9,22.49,22.85,187407,0
BUG.US,D,20221213,000000,23.7,23.86,22.91,23.17,312590,0
BUG.US,D,20221214,000000,23.2,23.38,22.69,23.02,1453144,0
BUG.US,D,20221215,000000,22.52,22.68,21.97,22.03,368742,0
BUG.US,D,20221216,000000,21.85,22.13,21.6701,21.85,405860,0
BUG.US,D,20221219,000000,21.87,21.87,21.283,21.37,701915,0
BUG.US,D,20221220,000000,21.25,21.7,21.12,21.59,172970,0
BUG.US,D,20221221,000000,21.53,21.5788,20.98,21.45,245755,0
BUG.US,D,20221222,000000,21.23,21.27,20.75,21.04,245671,0
BUG.US,D,20221223,000000,20.94,21.02,20.75,20.93,422719,0
BUG.US,D,20221227,000000,20.94,20.99,20.56,20.59,273293,0
BUG.US,D,20221228,000000,20.57,20.6989,20.25,20.31,3038065,0
BUG.US,D,20221229,000000,20.51,20.84,20.2501,20.79,646255,0
BUG.US,D,20221230,000000,20.47,20.76,20.47,20.75,255021,0
BUG.US,D,20230103,000000,21.01,21.232,20.47,20.72,343797,0
BUG.US,D,20230104,000000,20.9,21.1099,20.69,20.9,165236,0
BUG.US,D,20230105,000000,20.76,20.76,19.87,19.9,2813618,0
BUG.US,D,20230106,000000,20.01,20.23,19.58,20.19,348656,0
BUG.US,D,20230109,000000,20.45,20.87,20.34,20.46,333577,0
BUG.US,D,20230110,000000,20.34,20.54,20.09,20.43,262862,0
BUG.US,D,20230111,000000,20.42,20.5518,20.2704,20.52,242746,0
BUG.US,D,20230112,000000,20.6,20.67,20.03,20.48,168740,0
BUG.US,D,20230113,000000,20.31,20.74,20.21,20.69,2801075,0
BUG.US,D,20230117,000000,20.7,21.24,20.46,21.19,434609,0
BUG.US,D,20230118,000000,21.45,21.7091,20.81,20.85,1711633,0
BUG.US,D,20230119,000000,20.74,20.8787,20.55,20.71,148558,0
BUG.US,D,20230120,000000,20.92,21.31,20.85,21.3,637566,0
BUG.US,D,20230123,000000,21.33,21.69,21.25,21.69,242092,0
BUG.US,D,20230124,000000,21.66,21.8804,21.438,21.53,198616,0
BUG.US,D,20230125,000000,21.36,21.7099,21.06,21.69,266508,0
BUG.US,D,20230126,000000,21.84,22.21,21.6401,22.15,263868,0
BUG.US,D,20230127,000000,22.02,22.39,21.9,22.3,161389,0
BUG.US,D,20230130,000000,22.03,22.04,21.63,21.69,336888,0
BUG.US,D,20230131,000000,21.74,22.15,21.695,22.1317,154176,0
BUG.US,D,20230201,000000,22.18,23.3819,22.06,23.25,340563,0
BUG.US,D,20230202,000000,23.76,23.915,23.48,23.8,367621,0
BUG.US,D,20230203,000000,23.32,23.53,22.96,23.1,224992,0
BUG.US,D,20230206,000000,22.9,23.225,22.62,22.7,189311,0
BUG.US,D,20230207,000000,22.8,23.3,22.47,23.28,143874,0
BUG.US,D,20230208,000000,23.65,23.92,23.3539,23.41,297695,0
BUG.US,D,20230209,000000,23.8,24.01,23.12,23.21,159519,0
BUG.US,D,20230210,000000,23.01,23.09,22.6501,22.99,282733,0
BUG.US,D,20230213,000000,22.99,23.31,22.871,23.13,86333,0
BUG.US,D,20230214,000000,23.19,23.5929,22.88,23.34,137412,0
BUG.US,D,20230215,000000,23.15,23.75,23.14,23.75,87991,0
BUG.US,D,20230216,000000,23.36,23.43,23.03,23.05,256187,0
BUG.US,D,20230217,000000,22.76,22.845,22.4601,22.82,114618,0
BUG.US,D,20230221,000000,22.57,22.65,22.26,22.4,145784,0
BUG.US,D,20230222,000000,22.73,22.88,22.61,22.78,170128,0
BUG.US,D,20230223,000000,22.98,23.02,22.495,22.87,176750,0
BUG.US,D,20230224,000000,22.43,22.6,22.34,22.5,96746,0
BUG.US,D,20230227,000000,22.65,22.8912,22.48,22.55,364011,0
BUG.US,D,20230228,000000,22.51,22.8,22.49,22.55,79476,0
BUG.US,D,20230301,000000,22.6,22.77,22.43,22.53,171045,0
BUG.US,D,20230302,000000,22.62,23.14,22.58,23.11,161225,0
BUG.US,D,20230303,000000,23.1,23.4699,23.1,23.42,211193,0
BUG.US,D,20230306,000000,23.45,23.5996,23.19,23.23,136166,0
BUG.US,D,20230307,000000,23.3,23.3,22.88,22.91,64832,0
BUG.US,D,20230308,000000,23.1,23.13,22.82,22.95,214744,0
BUG.US,D,20230309,000000,23.01,23.05,22.23,22.23,134297,0
BUG.US,D,20230310,000000,22.29,22.29,21.5575,21.68,129761,0
BUG.US,D,20230313,000000,21.55,21.97,21.2,21.58,241680,0
BUG.US,D,20230314,000000,21.93,22.16,21.85,22.14,417057,0
BUG.US,D,20230315,000000,22.01,22.13,21.79,22.03,141558,0
BUG.US,D,20230316,000000,21.94,22.31,21.7301,22.26,153406,0
BUG.US,D,20230317,000000,22.33,22.38,21.99,22.11,138805,0
BUG.US,D,20230320,000000,22.08,22.27,21.915,22.22,151001,0
BUG.US,D,20230321,000000,22.35,22.7399,22.3,22.65,106120,0
BUG.US,D,20230322,000000,22.61,22.75,22.1,22.1,88383,0
BUG.US,D,20230323,000000,22.3,22.78,22.3,22.51,71606,0
BUG.US,D,20230324,000000,22.38,22.44,22.1301,22.33,105697,0
BUG.US,D,20230327,000000,22.5,22.6199,22.315,22.53,76833,0
BUG.US,D,20230328,000000,22.39,22.47,22.23,22.32,153856,0
BUG.US,D,20230329,000000,22.56,22.57,22.34,22.49,68891,0
BUG.US,D,20230330,000000,22.68,22.7355,22.4701,22.63,68996,0
BUG.US,D,20230331,000000,22.69,23.485,22.65,23.45,239637,0
BUG.US,D,20230403,000000,23.31,23.31,22.97,23.13,90080,0
BUG.US,D,20230404,000000,23.12,23.335,23.055,23.2,160903,0
BUG.US,D,20230405,000000,23.16,23.16,22.42,22.7,135953,0
BUG.US,D,20230406,000000,22.56,22.9,22.3801,22.9,76706,0
BUG.US,D,20230410,000000,22.68,22.82,22.24,22.79,54995,0
BUG.US,D,20230411,000000,22.68,22.93,22.5654,22.84,40376,0
BUG.US,D,20230412,000000,23.13,23.2814,22.84,22.87,76744,0
BUG.US,D,20230413,000000,22.9,23.36,22.9,23.2,91430,0
BUG.US,D,20230414,000000,23.01,23.22,22.78,23.1,69383,0
BUG.US,D,20230417,000000,23.1,23.24,23,23.2,94617,0
BUG.US,D,20230418,000000,23.4,23.5788,23.06,23.1,93368,0
BUG.US,D,20230419,000000,22.86,22.9822,22.7501,22.84,662392,0
BUG.US,D,20230420,000000,22.61,22.8286,22.6,22.72,135877,0
BUG.US,D,20230421,000000,22.77,23.02,22.7353,22.92,93098,0
BUG.US,D,20230424,000000,22.92,22.98,22.43,22.59,80683,0
BUG.US,D,20230425,000000,21.94,21.96,21.36,21.36,281072,0
BUG.US,D,20230426,000000,21.51,21.74,21.41,21.46,138431,0
BUG.US,D,20230427,000000,21.63,21.73,21.405,21.58,605957,0
BUG.US,D,20230428,000000,21.31,21.52,21.1,21.34,107359,0
BUG.US,D,20230501,000000,21.2,21.4,21,21.23,2446623,0
BUG.US,D,20230502,000000,21.23,21.23,20.79,20.9,622987,0
BUG.US,D,20230503,000000,20.89,21.04,20.79,20.85,104265,0
BUG.US,D,20230504,000000,20.89,21.06,20.86,20.98,1753443,0
BUG.US,D,20230505,000000,21,21.73,21,21.68,126328,0
BUG.US,D,20230508,000000,22,22.37,21.99,22.37,199940,0
BUG.US,D,20230509,000000,22.3,22.5,22.07,22.19,192676,0
BUG.US,D,20230510,000000,22.42,22.81,22.39,22.72,96770,0
BUG.US,D,20230511,000000,22.78,22.78,22.445,22.59,159477,0
BUG.US,D,20230512,000000,22.63,22.67,22.16,22.39,55377,0
BUG.US,D,20230515,000000,22.45,22.73,22.32,22.69,92505,0
BUG.US,D,20230516,000000,22.49,22.55,22.375,22.41,99753,0
BUG.US,D,20230517,000000,22.39,22.63,22.26,22.61,112863,0
BUG.US,D,20230518,000000,22.57,22.85,22.56,22.85,147655,0
BUG.US,D,20230519,000000,22.94,23.0806,22.85,23.03,138953,0
BUG.US,D,20230522,000000,23.06,23.4499,23,23.31,154743,0
BUG.US,D,20230523,000000,23.29,23.5,23.07,23.1,95114,0
BUG.US,D,20230524,000000,23.08,23.485,23,23.41,185474,0
BUG.US,D,20230525,000000,23.63,23.74,23.35,23.51,159993,0
BUG.US,D,20230526,000000,23.46,24.1272,23.3575,23.88,162130,0
BUG.US,D,20230530,000000,24.24,24.4,23.89,23.98,233107,0
BUG.US,D,20230531,000000,23.95,24.35,23.922,24.34,99809,0
BUG.US,D,20230601,000000,23.81,24.16,23.331,24.01,163071,0
BUG.US,D,20230602,000000,23.82,23.95,23.615,23.72,186575,0
BUG.US,D,20230605,000000,23.71,23.8864,23.43,23.78,83112,0
BUG.US,D,20230606,000000,23.67,24.1748,23.64,24.08,101767,0
BUG.US,D,20230607,000000,24.2,24.26,23.54,23.62,94185,0
BUG.US,D,20230608,000000,23.67,23.9536,23.54,23.82,335352,0
BUG.US,D,20230609,000000,23.82,24,23.53,23.73,197920,0
BUG.US,D,20230612,000000,23.84,24.22,23.84,24.21,150826,0
BUG.US,D,20230613,000000,24.5,24.59,24.34,24.56,175953,0
BUG.US,D,20230614,000000,24.54,24.73,24.31,24.63,155972,0
BUG.US,D,20230615,000000,24.48,25.09,24.4,25.04,810446,0
BUG.US,D,20230616,000000,25.36,25.435,24.84,24.93,273823,0
BUG.US,D,20230620,000000,24.71,24.8,24.22,24.37,314324,0
BUG.US,D,20230621,000000,24.3,24.3,23.73,23.93,94342,0
BUG.US,D,20230622,000000,23.8,24.1,23.68,24.08,140324,0
BUG.US,D,20230623,000000,23.74,23.82,23.58,23.61,82653,0
BUG.US,D,20230626,000000,23.7227,23.84,23.38,23.43,1560126,0
BUG.US,D,20230627,000000,23.43,23.95,23.43,23.88,88144,0
BUG.US,D,20230628,000000,23.88,24.09,23.77,23.83,154247,0
BUG.US,D,20230629,000000,23.84,24.1479,23.84,24.14,143557,0
BUG.US,D,20230630,000000,24.3,24.5899,24.25,24.26,83884,0
BUG.US,D,20230703,000000,24.325,24.3499,24.0552,24.14,39447,0
BUG.US,D,20230705,000000,24,24.12,23.91,23.99,93445,0
BUG.US,D,20230706,000000,23.6,23.6,23.25,23.46,904413,0
BUG.US,D,20230707,000000,23.46,23.73,23.46,23.52,98183,0
BUG.US,D,20230710,000000,23.48,24.11,23.425,24.09,229289,0
BUG.US,D,20230711,000000,24.13,24.1967,23.965,24.12,115383,0
BUG.US,D,20230712,000000,24.42,24.45,23.5801,23.72,563836,0
BUG.US,D,20230713,000000,23.87,24.37,23.87,24.32,788324,0
BUG.US,D,20230714,000000,24.35,24.38,23.912,23.98,104529,0
BUG.US,D,20230717,000000,23.95,24.4336,23.95,24.31,117437,0
BUG.US,D,20230718,000000,24.43,24.73,24.38,24.63,357933,0
BUG.US,D,20230719,000000,24.75,25.06,24.6276,24.8,168683,0
BUG.US,D,20230720,000000,24.58,24.64,24.04,24.15,130543,0
BUG.US,D,20230721,000000,24.3,24.49,24.2,24.23,85637,0
BUG.US,D,20230724,000000,24.26,24.41,24.04,24.26,95184,0
BUG.US,D,20230725,000000,24.44,24.6716,24.42,24.52,91632,0
BUG.US,D,20230726,000000,24.52,24.9,24.45,24.82,65642,0
BUG.US,D,20230727,000000,25.13,25.18,24.63,24.69,138041,0
BUG.US,D,20230728,000000,24.85,25.08,24.75,24.95,100993,0
BUG.US,D,20230731,000000,25.02,25.43,25,25.405,182803,0
BUG.US,D,20230801,000000,25.35,25.7,25.18,25.62,146145,0
BUG.US,D,20230802,000000,25.13,25.13,24.13,24.29,587614,0
BUG.US,D,20230803,000000,24.15,24.49,24.12,24.44,814331,0
BUG.US,D,20230804,000000,24.11,24.16,23.6,23.8,186274,0
BUG.US,D,20230807,000000,23.91,24,23.51,23.91,105428,0
BUG.US,D,20230808,000000,23.64,23.64,23.2041,23.39,179176,0
BUG.US,D,20230809,000000,23.5,23.7,23.36,23.52,572561,0
BUG.US,D,20230810,000000,23.71,24.05,23.65,23.78,131108,0
BUG.US,D,20230811,000000,23.59,23.94,23.59,23.77,61954,0
BUG.US,D,20230814,000000,23.76,24.09,23.69,23.96,165154,0
BUG.US,D,20230815,000000,23.77,23.9,23.6001,23.67,217746,0
BUG.US,D,20230816,000000,23.54,23.6479,23.38,23.41,152029,0
BUG.US,D,20230817,000000,23.41,23.41,22.86,22.87,94233,0
BUG.US,D,20230818,000000,22.67,23.055,22.5,22.99,130151,0
BUG.US,D,20230821,000000,23.36,23.77,23.36,23.65,403856,0
BUG.US,D,20230822,000000,23.8,23.8,23.5,23.59,134592,0
BUG.US,D,20230823,000000,23.73,23.99,23.53,23.93,163324,0
BUG.US,D,20230824,000000,24.02,24.14,23.33,23.33,133823,0
BUG.US,D,20230825,000000,23.37,24.04,23.3,23.94,105162,0
BUG.US,D,20230828,000000,24,24.1,23.84,23.97,149026,0
BUG.US,D,20230829,000000,23.87,24.33,23.8322,24.21,110423,0
BUG.US,D,20230830,000000,24.16,24.47,24.1423,24.44,123530,0
BUG.US,D,20230831,000000,24.73,25.16,24.63,25.09,536281,0
BUG.US,D,20230901,000000,25.33,25.435,25.15,25.27,92967,0
BUG.US,D,20230905,000000,25.09,25.31,25.01,25.29,1173014,0
BUG.US,D,20230906,000000,25.23,25.42,25,25.21,124589,0
BUG.US,D,20230907,000000,24.88,25.13,24.82,24.97,99547,0
BUG.US,D,20230908,000000,25.01,25.1799,25.01,25.05,59487,0
BUG.US,D,20230911,000000,25.3,25.62,25.15,25.61,158665,0
BUG.US,D,20230912,000000,25.4,25.562,25.18,25.18,94008,0
BUG.US,D,20230913,000000,25.14,25.25,25.02,25.06,128155,0
BUG.US,D,20230914,000000,25.13,25.3,25.07,25.23,84787,0
BUG.US,D,20230915,000000,25.09,25.09,24.68,24.74,138259,0
BUG.US,D,20230918,000000,24.68,24.9,24.6729,24.75,76147,0
BUG.US,D,20230919,000000,24.72,24.72,24.4,24.64,114682,0
BUG.US,D,20230920,000000,24.79,25.1199,24.6901,24.73,92407,0
BUG.US,D,20230921,000000,24.53,24.65,24.12,24.22,180945,0
BUG.US,D,20230922,000000,24.28,24.5,24.25,24.3,153351,0
BUG.US,D,20230925,000000,24.26,24.26,24.02,24.1,94606,0
BUG.US,D,20230926,000000,23.92,24.1198,23.71,23.78,80061,0
BUG.US,D,20230927,000000,23.91,24.1793,23.8325,24.02,128920,0
BUG.US,D,20230928,000000,23.99,24.28,23.84,24.18,166550,0
BUG.US,D,20230929,000000,24.45,24.4982,24.185,24.29,57559,0
BUG.US,D,20231002,000000,24.22,24.48,24.2,24.27,52372,0
BUG.US,D,20231003,000000,24.09,24.1637,23.59,23.68,69019,0
BUG.US,D,20231004,000000,23.5,23.68,23.43,23.62,74660,0
BUG.US,D,20231005,000000,23.6,23.63,23.23,23.51,104657,0
BUG.US,D,20231006,000000,23.34,24.3499,23.34,24.33,128127,0
BUG.US,D,20231009,000000,24.01,24.56,24.01,24.41,78634,0
BUG.US,D,20231010,000000,24.44,24.8,24.44,24.59,122215,0
BUG.US,D,20231011,000000,24.65,24.79,24.45,24.59,151103,0
BUG.US,D,20231012,000000,24.63,24.63,24.0201,24.21,93845,0
BUG.US,D,20231013,000000,24.24,24.37,23.8758,24.05,85973,0
BUG.US,D,20231016,000000,24.2,24.64,24.112,24.58,143395,0
BUG.US,D,20231017,000000,24.34,24.8951,24.34,24.71,149927,0
BUG.US,D,20231018,000000,24.54,24.7799,24.42,24.44,84684,0
BUG.US,D,20231019,000000,24.59,24.74,24.16,24.205,79912,0
BUG.US,D,20231020,000000,24.1,24.105,23.4,23.45,136448,0
BUG.US,D,20231023,000000,23.26,23.5159,22.9702,23.28,165294,0
BUG.US,D,20231024,000000,23.39,23.852,23.39,23.7,104750,0
BUG.US,D,20231025,000000,23.55,23.55,22.83,22.88,104710,0
BUG.US,D,20231026,000000,22.84,23.11,22.555,22.67,155138,0
BUG.US,D,20231027,000000,22.81,22.89,22.551,22.61,112504,0
BUG.US,D,20231030,000000,22.87,22.87,22.55,22.74,87088,0
BUG.US,D,20231031,000000,22.82,23.21,22.69,23.1,137323,0
BUG.US,D,20231101,000000,23.24,23.31,22.7767,23.1,84383,0
BUG.US,D,20231102,000000,23.39,23.43,23.11,23.29,142199,0
BUG.US,D,20231103,000000,23.12,23.9899,23.077,23.84,198746,0
BUG.US,D,20231106,000000,23.86,23.86,23.31,23.6,144598,0
BUG.US,D,20231107,000000,23.76,24.24,23.71,24.12,123383,0
BUG.US,D,20231108,000000,24.12,24.38,24.01,24.15,131483,0
BUG.US,D,20231109,000000,24.23,24.5443,24.05,24.17,124109,0
BUG.US,D,20231110,000000,24.33,24.7399,24.31,24.67,109810,0
BUG.US,D,20231113,000000,24.52,24.78,24.5,24.78,115701,0
BUG.US,D,20231114,000000,25.2,25.7,25.2,25.7,234081,0
BUG.US,D,20231115,000000,25.81,25.89,25.31,25.45,95554,0
BUG.US,D,20231116,000000,25.15,25.34,24.96,25.25,92099,0
BUG.US,D,20231117,000000,25.3,25.59,25.1601,25.53,81479,0
BUG.US,D,20231120,000000,25.55,25.92,25.55,25.84,93542,0
BUG.US,D,20231121,000000,25.8,25.91,25.63,25.86,81544,0
BUG.US,D,20231122,000000,25.92,26,25.7501,25.89,101014,0
BUG.US,D,20231124,000000,25.79,26.1,25.75,26.1,41989,0
BUG.US,D,20231127,000000,25.97,26.248,25.94,26.23,76444,0
BUG.US,D,20231128,000000,25.98,26.3712,25.96,26.25,134605,0
BUG.US,D,20231129,000000,26.44,27.02,26.44,27,301412,0
BUG.US,D,20231130,000000,26.87,27.08,26.56,26.77,194120,0
BUG.US,D,20231201,000000,26.71,27.35,26.67,27.3,127169,0
BUG.US,D,20231204,000000,27,27.4613,27,27.41,135708,0
BUG.US,D,20231205,000000,27.25,27.5,27.14,27.5,190527,0
BUG.US,D,20231206,000000,27.91,28.16,27.58,27.59,190838,0
BUG.US,D,20231207,000000,27.57,27.6799,27.2773,27.61,77230,0
BUG.US,D,20231208,000000,27.45,27.99,27.45,27.95,213919,0
BUG.US,D,20231211,000000,27.96,28.315,27.92,28.3,138684,0
BUG.US,D,20231212,000000,28.24,28.5,27.9253,28.38,252851,0
BUG.US,D,20231213,000000,28.54,28.96,28.27,28.82,141227,0
BUG.US,D,20231214,000000,29.11,29.304,28.7,28.99,208969,0
BUG.US,D,20231215,000000,28.96,29.4699,28.9303,29.32,184270,0
BUG.US,D,20231218,000000,29.42,29.48,29.23,29.43,205260,0
BUG.US,D,20231219,000000,29.52,29.8,29.4101,29.76,154744,0
BUG.US,D,20231220,000000,29.68,29.87,29.1933,29.2,243658,0
BUG.US,D,20231221,000000,29.24,29.4298,29.06,29.37,161020,0
BUG.US,D,20231222,000000,29.4,29.5499,29.2701,29.42,129424,0
BUG.US,D,20231226,000000,29.52,29.8,29.4215,29.67,202030,0
BUG.US,D,20231227,000000,29.75,29.78,29.52,29.61,248704,0
BUG.US,D,20231228,000000,29.58,29.63,29.3602,29.45,148065,0
BUG.US,D,20231229,000000,29.37,29.45,29.0204,29.31,284563,0
BUG.US,D,20240102,000000,29,29,28.3201,28.54,191825,0
BUG.US,D,20240103,000000,28.23,28.505,27.98,27.99,343851,0
BUG.US,D,20240104,000000,27.98,28.08,27.79,27.87,105847,0
BUG.US,D,20240105,000000,27.68,27.9015,27.63,27.71,114610,0
BUG.US,D,20240108,000000,27.79,28.39,27.79,28.39,208857,0
BUG.US,D,20240109,000000,28.19,28.87,28.1871,28.79,172499,0
BUG.US,D,20240110,000000,28.88,29.3,28.7811,29.3,197243,0
BUG.US,D,20240111,000000,29.52,29.72,29.2001,29.65,369483,0
BUG.US,D,20240112,000000,29.9,30.2,29.8,29.95,169093,0
BUG.US,D,20240116,000000,29.78,29.93,29.5708,29.75,420403,0
BUG.US,D,20240117,000000,29.51,29.51,28.92,29.31,216599,0
BUG.US,D,20240118,000000,29.6,29.73,29.36,29.66,190089,0
BUG.US,D,20240119,000000,29.79,29.83,29.41,29.8,174616,0
BUG.US,D,20240122,000000,30.21,30.58,30.2,30.52,295355,0
BUG.US,D,20240123,000000,30.71,30.746,30.32,30.49,198800,0
BUG.US,D,20240124,000000,30.8,30.87,30.25,30.25,399473,0
BUG.US,D,20240125,000000,30.61,30.62,30.0535,30.25,194223,0
BUG.US,D,20240126,000000,30.28,30.42,30.1,30.25,139698,0
BUG.US,D,20240129,000000,30.27,30.86,30.27,30.84,176531,0
BUG.US,D,20240130,000000,30.84,30.98,30.55,30.69,184780,0
BUG.US,D,20240131,000000,30.51,30.5913,30,30.03,219723,0
BUG.US,D,20240201,000000,30.28,30.48,30.01,30.43,132375,0
BUG.US,D,20240202,000000,30.19,30.2,29.7561,30.12,326248,0
BUG.US,D,20240205,000000,29.78,29.88,29.2,29.54,440863,0
BUG.US,D,20240206,000000,29.74,29.93,29.4,29.88,151423,0
BUG.US,D,20240207,000000,30.57,30.7,30.2601,30.53,286952,0
BUG.US,D,20240208,000000,30.43,30.93,30.22,30.89,212358,0
BUG.US,D,20240209,000000,31.09,31.78,31.09,31.64,571762,0
BUG.US,D,20240212,000000,31.6,31.63,31.26,31.4,271981,0
BUG.US,D,20240213,000000,30.5,31.05,30.24,30.75,207474,0
BUG.US,D,20240214,000000,31.2,31.49,31.055,31.43,181581,0
BUG.US,D,20240215,000000,31.67,31.75,31.185,31.46,197587,0
BUG.US,D,20240216,000000,31.27,31.37,30.725,30.94,321698,0
BUG.US,D,20240220,000000,30.9,30.91,30.271,30.67,238140,0
BUG.US,D,20240221,000000,28.65,28.73,28.22,28.6,983072,0
BUG.US,D,20240222,000000,29.22,29.37,29,29.21,559093,0
BUG.US,D,20240223,000000,29.44,29.81,29.35,29.62,325657,0
BUG.US,D,20240226,000000,29.75,30.3198,29.55,30.04,345083,0
BUG.US,D,20240227,000000,30.32,30.555,30.0727,30.32,174903,0
BUG.US,D,20240228,000000,30.18,30.24,29.96,30.2,245979,0
BUG.US,D,20240229,000000,30.81,30.9599,30.4,30.68,190814,0
BUG.US,D,20240301,000000,30.62,30.62,30.17,30.57,352271,0
BUG.US,D,20240304,000000,30.47,30.5185,30.18,30.25,315966,0
BUG.US,D,20240305,000000,30,30.05,29.095,29.4,389339,0
BUG.US,D,20240306,000000,30.45,30.56,29.7,29.8,219190,0
BUG.US,D,20240307,000000,30.22,30.36,29.87,30.3,172700,0
BUG.US,D,20240308,000000,30.49,30.78,30.09,30.2,193226,0
BUG.US,D,20240311,000000,30.11,30.69,30.11,30.56,143738,0
BUG.US,D,20240312,000000,30.75,30.939,30.49,30.86,106299,0
BUG.US,D,20240313,000000,30.81,31.0992,30.7,30.91,153252,0
BUG.US,D,20240314,000000,30.71,30.74,30.0208,30.29,128349,0
BUG.US,D,20240315,000000,30.05,30.128,29.72,29.72,145585,0
BUG.US,D,20240318,000000,29.88,29.97,29.6815,29.86,104461,0
BUG.US,D,20240319,000000,29.6,29.79,29.34,29.75,148584,0
BUG.US,D,20240320,000000,29.8,30.22,29.72,30.15,149267,0
BUG.US,D,20240321,000000,30.3,30.48,30.16,30.22,205100,0
BUG.US,D,20240322,000000,30.07,30.12,29.722,29.8,109460,0
BUG.US,D,20240325,000000,29.7,29.81,29.5876,29.64,89626,0
BUG.US,D,20240326,000000,29.8,29.8597,29.54,29.64,132137,0
BUG.US,D,20240327,000000,29.8,29.8492,29.3505,29.57,241895,0
BUG.US,D,20240328,000000,29.62,29.98,29.62,29.75,251336,0
BUG.US,D,20240401,000000,29.89,29.89,29.445,29.66,104916,0
BUG.US,D,20240402,000000,29.39,29.56,29.12,29.49,358675,0
BUG.US,D,20240403,000000,29.46,29.675,29.3024,29.54,91391,0
BUG.US,D,20240404,000000,29.81,29.9088,29.06,29.06,102924,0
BUG.US,D,20240405,000000,29.07,29.4717,29.05,29.38,101932,0
BUG.US,D,20240408,000000,29.39,29.44,29.15,29.35,79847,0
BUG.US,D,20240409,000000,29.45,29.583,29.3129,29.5,81261,0
BUG.US,D,20240410,000000,29,29.2681,28.99,29.09,100220,0
BUG.US,D,20240411,000000,29.35,29.4035,28.97,29.28,86795,0
BUG.US,D,20240412,000000,29.12,29.18,28.55,28.64,291098,0
BUG.US,D,20240415,000000,28.77,28.77,27.73,27.77,299720,0
BUG.US,D,20240416,000000,27.7,27.93,27.57,27.75,143476,0
BUG.US,D,20240417,000000,27.79,27.9,27.46,27.48,278285,0
BUG.US,D,20240418,000000,27.56,27.85,27.4,27.54,203748,0
BUG.US,D,20240419,000000,27.54,27.68,27.22,27.38,115318,0
BUG.US,D,20240422,000000,27.62,27.88,27.3378,27.74,76519,0
BUG.US,D,20240423,000000,27.87,28.5,27.87,28.41,95788,0
BUG.US,D,20240424,000000,28.5,28.73,28.4111,28.67,1463240,0
BUG.US,D,20240425,000000,28.12,28.3452,27.84,28.28,119762,0
BUG.US,D,20240426,000000,28.71,28.9,28.58,28.62,163132,0
BUG.US,D,20240429,000000,28.77,28.9876,28.53,28.61,76783,0
BUG.US,D,20240430,000000,28.52,28.55,28.05,28.05,72102,0
BUG.US,D,20240501,000000,28.07,28.905,28.07,28.33,77450,0
BUG.US,D,20240502,000000,28.54,28.63,28.21,28.61,86117,0
BUG.US,D,20240503,000000,28.89,28.89,28.4,28.65,119177,0
BUG.US,D,20240506,000000,28.66,29.0669,28.66,29.03,249840,0
BUG.US,D,20240507,000000,29.03,29.25,28.87,29.05,139249,0
BUG.US,D,20240508,000000,28.82,28.82,28.44,28.67,130466,0
BUG.US,D,20240509,000000,28.55,28.7004,28.48,28.69,86391,0
BUG.US,D,20240510,000000,28.9,29.14,28.77,28.77,97971,0
BUG.US,D,20240513,000000,28.96,29.0869,28.88,28.91,64704,0
BUG.US,D,20240514,000000,29.31,29.5,29.1399,29.35,67168,0
BUG.US,D,20240515,000000,29.55,29.81,29.48,29.79,151529,0
BUG.US,D,20240516,000000,29.78,29.889,29.5342,29.77,168826,0
BUG.US,D,20240517,000000,29.67,29.69,29.48,29.57,105203,0
BUG.US,D,20240520,000000,29.62,29.8,29.4901,29.78,93664,0
BUG.US,D,20240521,000000,29.34,29.55,29.21,29.48,366757,0
BUG.US,D,20240522,000000,29.51,29.55,29.22,29.38,105757,0
BUG.US,D,20240523,000000,29.57,29.57,28.96,29.07,128298,0
BUG.US,D,20240524,000000,29.08,29.3899,29.04,29.28,188149,0
BUG.US,D,20240528,000000,29.32,29.44,28.8558,28.99,199633,0
BUG.US,D,20240529,000000,28.6,28.93,28.57,28.75,280096,0
BUG.US,D,20240530,000000,28.73,28.73,27.85,27.95,150312,0
BUG.US,D,20240531,000000,28.13,28.155,27.615,28.12,106238,0
BUG.US,D,20240603,000000,28.3,28.37,27.68,27.81,169173,0
BUG.US,D,20240604,000000,27.78,27.95,27.53,27.54,326274,0
BUG.US,D,20240605,000000,27.9,28.26,27.6634,28.21,178775,0
BUG.US,D,20240606,000000,28.15,28.33,28.1307,28.18,92587,0
BUG.US,D,20240607,000000,28.03,28.18,27.89,28.13,157605,0
BUG.US,D,20240610,000000,28.1,28.66,28.1,28.6,121307,0
BUG.US,D,20240611,000000,28.55,28.75,28.3874,28.75,94246,0
BUG.US,D,20240612,000000,29.14,29.3,28.935,29.02,252701,0
BUG.US,D,20240613,000000,29.04,29.1,28.425,28.56,134088,0
BUG.US,D,20240614,000000,28.57,28.58,28.2327,28.4,129327,0
BUG.US,D,20240617,000000,28.18,28.33,27.96,28.28,144367,0
BUG.US,D,20240618,000000,28.26,28.3,27.95,28,131370,0
BUG.US,D,20240620,000000,27.92,27.97,27.7,27.86,278133,0
BUG.US,D,20240621,000000,27.91,28.14,27.8,28.14,205682,0
BUG.US,D,20240624,000000,28.16,28.26,28.01,28.1,230089,0
BUG.US,D,20240625,000000,28.18,28.3,28.11,28.19,139913,0
BUG.US,D,20240626,000000,28.09,28.34,27.94,28.21,133139,0
BUG.US,D,20240627,000000,28.34,29.36,28.33,29.31,236094,0
BUG.US,D,20240628,000000,29.52,29.7,29.43,29.58,194008,0
BUG.US,D,20240701,000000,29.64,29.6999,29.3101,29.53,193972,0
BUG.US,D,20240702,000000,29.46,29.65,29.3501,29.65,109088,0
BUG.US,D,20240703,000000,29.62,29.9,29.51,29.69,206955,0
BUG.US,D,20240705,000000,29.67,29.97,29.645,29.93,125411,0
BUG.US,D,20240708,000000,29.91,29.92,29.5,29.73,113836,0
BUG.US,D,20240709,000000,29.71,29.8,29.1101,29.32,177341,0
BUG.US,D,20240710,000000,29.38,29.41,28.88,29.29,200499,0
BUG.US,D,20240711,000000,29.53,30.03,29.48,29.51,224976,0
BUG.US,D,20240712,000000,29.71,30.02,29.6,29.95,154609,0
BUG.US,D,20240715,000000,29.99,30.36,29.93,30.16,143493,0
BUG.US,D,20240716,000000,30.36,30.49,30.2116,30.46,161345,0
BUG.US,D,20240717,000000,30.09,30.21,29.7,29.9,240125,0
BUG.US,D,20240718,000000,30,30,29.11,29.33,150701,0
BUG.US,D,20240719,000000,29.32,29.451,29.04,29.12,135636,0
BUG.US,D,20240722,000000,29.39,29.5099,29.1201,29.24,292506,0
BUG.US,D,20240723,000000,29.23,29.65,29.2,29.49,236093,0
BUG.US,D,20240724,000000,29.33,29.65,28.84,28.89,223913,0
BUG.US,D,20240725,000000,28.95,29.579,28.81,29.08,255014,0
BUG.US,D,20240726,000000,29.42,29.44,29.0101,29.44,285989,0
BUG.US,D,20240729,000000,29.57,29.57,29.19,29.19,153286,0
BUG.US,D,20240730,000000,29.45,29.66,28.93,29.31,174521,0
BUG.US,D,20240731,000000,29.65,29.9599,29.41,29.75,88815,0
BUG.US,D,20240801,000000,29.34,29.34,28.43,28.65,596818,0
BUG.US,D,20240802,000000,28.09,28.13,27.68,28.1,367201,0
BUG.US,D,20240805,000000,26.69,27.7,26.03,27.33,365805,0
BUG.US,D,20240806,000000,27.47,27.8489,27.3,27.56,194710,0
BUG.US,D,20240807,000000,28.25,28.785,27.99,28.06,217999,0
BUG.US,D,20240808,000000,28.35,28.95,28.29,28.89,413851,0
BUG.US,D,20240809,000000,28.9,29.1,28.81,29.06,88770,0
BUG.US,D,20240812,000000,29.06,29.27,28.81,28.87,113477,0
BUG.US,D,20240813,000000,29.14,29.46,28.95,29.43,132375,0
BUG.US,D,20240814,000000,29.48,29.75,29.45,29.62,58560,0
BUG.US,D,20240815,000000,29.86,30.1399,29.83,30.09,209615,0
BUG.US,D,20240816,000000,29.95,30.2199,29.9241,30.17,76718,0
BUG.US,D,20240819,000000,30.25,30.63,30.25,30.62,117164,0
BUG.US,D,20240820,000000,30.87,31.09,30.83,30.87,245244,0
BUG.US,D,20240821,000000,30.97,31.11,30.82,31.1,174068,0
BUG.US,D,20240822,000000,31.19,31.2,30.64,30.69,131381,0
BUG.US,D,20240823,000000,31.06,31.09,30.76,31.08,89070,0
BUG.US,D,20240826,000000,31.11,31.2,30.93,31.02,161182,0
BUG.US,D,20240827,000000,30.86,31.1,30.8401,31.05,214234,0
BUG.US,D,20240828,000000,31.02,31.1,30.63,30.83,84484,0
BUG.US,D,20240829,000000,30.79,31.26,30.78,30.87,59744,0
BUG.US,D,20240830,000000,31.09,31.17,30.66,30.87,257876,0
BUG.US,D,20240903,000000,30.83,31.01,30.21,30.28,190230,0
BUG.US,D,20240904,000000,29.65,29.96,29.55,29.85,105677,0
BUG.US,D,20240905,000000,29.69,29.74,29.37,29.61,93809,0
BUG.US,D,20240906,000000,29.6,29.74,28.86,28.94,98407,0
BUG.US,D,20240909,000000,29.2,29.29,28.9704,29.01,73480,0
BUG.US,D,20240910,000000,29.16,29.16,28.68,29.01,381497,0
BUG.US,D,20240911,000000,29.01,29.34,28.66,29.33,87622,0
BUG.US,D,20240912,000000,29.39,29.71,29.325,29.57,73953,0
BUG.US,D,20240913,000000,29.71,30.03,29.71,29.93,80426,0
BUG.US,D,20240916,000000,29.89,30.18,29.87,30.15,199429,0
BUG.US,D,20240917,000000,30.26,30.34,30.06,30.2,230643,0
BUG.US,D,20240918,000000,30.19,30.21,29.73,29.86,244357,0
BUG.US,D,20240919,000000,30.49,30.5773,30.2,30.39,114082,0
BUG.US,D,20240920,000000,30.26,30.585,30.2,30.57,74554,0
BUG.US,D,20240923,000000,30.61,30.79,30.59,30.7,54359,0
BUG.US,D,20240924,000000,30.74,30.825,30.5113,30.76,93074,0
BUG.US,D,20240925,000000,30.69,30.72,30.35,30.44,57702,0
BUG.US,D,20240926,000000,30.86,31,30.48,30.87,98109,0
BUG.US,D,20240927,000000,30.81,30.818101,30.53,30.67,202946,0
BUG.US,D,20240930,000000,30.62,30.98,30.62,30.95,70910,0
BUG.US,D,20241001,000000,30.93,30.93,30.11,30.22,133504,0
BUG.US,D,20241002,000000,30.11,30.4776,30.1062,30.29,59696,0
BUG.US,D,20241003,000000,30.14,30.260568,30.04,30.13,66273,0
BUG.US,D,20241004,000000,30.52,30.66,30.25,30.6,87411,0
BUG.US,D,20241007,000000,30.49,30.56,30.11,30.22,54524,0
BUG.US,D,20241008,000000,30.33,30.78,30.33,30.71,111730,0
BUG.US,D,20241009,000000,30.77,31.49,30.77,31.42,142574,0
BUG.US,D,20241010,000000,31.23,32,31.19,31.97,148177,0
BUG.US,D,20241011,000000,32.03,32.4468,32.02,32.33,134215,0
BUG.US,D,20241014,000000,32.57,32.65,32.1,32.33,87977,0
BUG.US,D,20241015,000000,32.33,32.399,32.05,32.2,140999,0
BUG.US,D,20241016,000000,32.2,32.23,31.91,32.08,125276,0
BUG.US,D,20241017,000000,32.12,32.1981,31.8534,31.92,69880,0
BUG.US,D,20241018,000000,32.05,32.1686,31.87,31.88,55742,0
BUG.US,D,20241021,000000,31.92,32.2999,31.7101,31.92,83414,0
BUG.US,D,20241022,000000,31.67,31.82,31.61,31.66,57426,0
BUG.US,D,20241023,000000,31.5,31.51,30.86,30.88,118669,0
BUG.US,D,20241024,000000,31.11,31.26,30.95,31.03,84082,0
BUG.US,D,20241025,000000,31.17,31.46,30.9801,31.1,50660,0
BUG.US,D,20241028,000000,31.32,31.507,31.177,31.22,69154,0
BUG.US,D,20241029,000000,31.02,31.25,30.85,31.14,93332,0
BUG.US,D,20241030,000000,31.09,31.24,30.63,30.69,64035,0
BUG.US,D,20241031,000000,30.87,31.2,30.41,30.49,107374,0
BUG.US,D,20241101,000000,30.71,30.72,30.46,30.51,46245,0
BUG.US,D,20241104,000000,30.44,30.7344,30.265,30.52,143272,0
