<TICKER>,<PER>,<DATE>,<TIME>,<OPEN>,<HIGH>,<LOW>,<CLOSE>,<VOL>,<OPENINT>
CEFA.US,D,20200625,000000,23.8033,23.8033,23.8033,23.8033,109.6547386212,0
CEFA.US,D,20200626,000000,23.9372,23.9372,23.9372,23.9372,294.443279631,0
CEFA.US,D,20200707,000000,24.3755,24.3755,24.1657,24.1657,3782.0731607775,0
CEFA.US,D,20200709,000000,24.0899,24.0909,24.0899,24.0909,1678.3266938967,0
CEFA.US,D,20200710,000000,24.3283,24.3283,24.3283,24.3283,527.967260028,0
CEFA.US,D,20200713,000000,24.5863,24.5863,24.5863,24.5863,127.9305283914,0
CEFA.US,D,20200728,000000,24.996,24.996,24.9153,24.9153,3059.1641432007,0
CEFA.US,D,20200729,000000,25.0344,25.0906,25.0344,25.0906,1245.7996693353,0
CEFA.US,D,20200730,000000,24.6907,24.6907,24.5764,24.5764,598.0244541471,0
CEFA.US,D,20200803,000000,24.4711,24.4711,24.4327,24.4327,5462.430497982,0
CEFA.US,D,20200804,000000,24.4327,24.7153,24.4327,24.7153,5045.1332982291,0
CEFA.US,D,20200806,000000,24.7862,24.8059,24.7862,24.8059,297.4892445927,0
CEFA.US,D,20200811,000000,25.2245,25.2245,25.2245,25.2245,210.1715823573,0
CEFA.US,D,20200819,000000,25.5318,25.5318,25.3437,25.3437,109.6547386212,0
CEFA.US,D,20200820,000000,25.2393,25.2393,25.2393,25.2393,246.7231618977,0
CEFA.US,D,20200821,000000,24.9586,25.0965,24.9586,25.0965,126.9152067375,0
CEFA.US,D,20200825,000000,25.3693,25.3782,25.3693,25.3782,246.7231618977,0
CEFA.US,D,20200827,000000,25.4855,25.4855,25.3329,25.3329,273.1215248991,0
CEFA.US,D,20200901,000000,25.388,25.388,25.3398,25.3398,284.290063092,0
CEFA.US,D,20200903,000000,25.1979,25.1979,25.1979,25.1979,5260.3814888559,0
CEFA.US,D,20200910,000000,25.1684,25.1684,25.0344,25.0344,3284.5655503665,0
CEFA.US,D,20200915,000000,25.7692,25.7692,25.7692,25.7692,4194.2937522609,0
CEFA.US,D,20200918,000000,25.3693,25.3693,25.3693,25.3693,3052.0568916234,0
CEFA.US,D,20200921,000000,24.8158,24.8158,24.8158,24.8158,163.4667862779,0
CEFA.US,D,20200923,000000,24.6444,24.6444,24.4849,24.4849,827.4871479285,0
CEFA.US,D,20200924,000000,24.5292,24.5292,24.5292,24.5292,106.6087736595,0
CEFA.US,D,20200928,000000,24.9487,24.9487,24.9487,24.9487,223.370763858,0
CEFA.US,D,20200929,000000,24.9202,24.9202,24.9202,24.9202,241.6465536282,0
CEFA.US,D,20201002,000000,24.8158,24.8158,24.8158,24.8158,5910.1873473519,0
CEFA.US,D,20201005,000000,25.1014,25.1644,25.1014,25.1644,3923.2028706696,0
CEFA.US,D,20201006,000000,25.2442,25.2442,25.2442,25.2442,227.4320504736,0
CEFA.US,D,20201014,000000,25.4353,25.4353,25.4018,25.4018,112.7007035829,0
CEFA.US,D,20201019,000000,25.3201,25.3201,25.3201,25.3201,205.0949740878,0
CEFA.US,D,20201026,000000,24.8434,24.8434,24.8158,24.8158,306.6271394778,0
CEFA.US,D,20201028,000000,24.4622,24.4622,23.9678,23.9678,6898.0953165966,0
CEFA.US,D,20201029,000000,24.0909,24.0909,24.0909,24.0909,1262.0448157977,0
CEFA.US,D,20201030,000000,23.8614,23.8614,23.7846,23.8112,799.0581416193,0
CEFA.US,D,20201102,000000,24.2229,24.2229,24.2229,24.2229,638.6373203031,0
CEFA.US,D,20201103,000000,24.8532,24.8532,24.8532,24.8532,105.5934520056,0
CEFA.US,D,20201105,000000,25.4353,25.7603,25.4353,25.7603,943.2338164731,0
CEFA.US,D,20201106,000000,25.7514,25.7603,25.7219,25.7416,5209.6154061609,0
CEFA.US,D,20201109,000000,26.8388,26.8388,26.8388,26.8388,106.6087736595,0
CEFA.US,D,20201111,000000,27.154,27.154,27.0653,27.0653,567.5648045301,0
CEFA.US,D,20201116,000000,27.4484,27.4484,27.3253,27.3253,2872.3449588831,0
CEFA.US,D,20201124,000000,27.7932,27.8404,27.7932,27.8404,2557.5952461741,0
CEFA.US,D,20201127,000000,28.1172,28.1733,28.1172,28.1733,105.5934520056,0
CEFA.US,D,20201201,000000,28.1556,28.1802,28.1556,28.1802,473.1398907174,0
CEFA.US,D,20201204,000000,28.7091,28.7091,28.4225,28.5279,316.7803560168,0
CEFA.US,D,20201210,000000,28.5279,28.5279,28.458,28.458,215.2481906268,0
CEFA.US,D,20201214,000000,28.4895,28.4895,28.4895,28.4895,374.6536902891,0
CEFA.US,D,20201215,000000,28.3654,28.3654,28.3654,28.3654,33.5056145787,0
CEFA.US,D,20201216,000000,28.4521,28.4521,28.4521,28.4521,52.7967260028,0
CEFA.US,D,20201218,000000,28.9199,28.9199,28.9199,28.9199,13.1991815007,0
CEFA.US,D,20201221,000000,28.5092,28.5092,28.4383,28.4383,172.604681163,0
CEFA.US,D,20201222,000000,28.4521,28.4521,28.3959,28.4274,316.7803560168,0
CEFA.US,D,20201223,000000,28.2797,28.2797,28.2797,28.2797,2.0306433078,0
CEFA.US,D,20201224,000000,28.5663,28.7091,28.5663,28.7091,128.9458500453,0
CEFA.US,D,20201228,000000,29.0145,29.0145,28.9209,28.9209,181.7425760481,0
CEFA.US,D,20201229,000000,28.8047,28.8047,28.8047,28.8047,2.0306433078,0
CEFA.US,D,20201230,000000,29.2479,29.2479,29.2429,29.2429,405.1133399061,0
CEFA.US,D,20201231,000000,29.1898,29.1898,29.1898,29.1898,6.0919299234,0
CEFA.US,D,20210105,000000,29.1612,29.1612,29.1612,29.1612,105.5934520056,0
CEFA.US,D,20210106,000000,29.6615,29.7226,29.6606,29.7226,829.5177912363,0
CEFA.US,D,20210107,000000,29.3631,29.3631,29.3631,29.3631,1.0153216539,0
CEFA.US,D,20210108,000000,29.6133,29.6133,29.6133,29.6133,55.8426909645,0
CEFA.US,D,20210111,000000,29.6901,29.7295,29.6901,29.7295,1358.5003729182,0
CEFA.US,D,20210112,000000,29.6615,29.6615,29.6615,29.6615,363.4851520962,0
CEFA.US,D,20210113,000000,29.7295,29.7768,29.7068,29.7068,1982.9231900667,0
CEFA.US,D,20210114,000000,29.9117,29.9413,29.9117,29.9413,1938.2490372951,0
CEFA.US,D,20210119,000000,29.5562,29.628,29.5562,29.628,113.7160252368,0
CEFA.US,D,20210120,000000,29.7049,29.8516,29.7049,29.8516,527.967260028,0
CEFA.US,D,20210121,000000,29.9216,29.9216,29.7915,29.8772,3727.2457914669,0
CEFA.US,D,20210122,000000,29.6625,29.7807,29.6625,29.7807,249.7691268594,0
CEFA.US,D,20210125,000000,29.6527,29.7068,29.6527,29.7068,1716.9089167449,0
CEFA.US,D,20210127,000000,29.1996,29.1996,29.0814,29.0814,203.06433078,0
CEFA.US,D,20210128,000000,29.4498,29.4498,29.4498,29.4498,1866.1611998682,0
CEFA.US,D,20210129,000000,28.9977,28.9977,28.6599,28.6599,1443.7873918458,0
CEFA.US,D,20210204,000000,29.2479,29.3779,29.2479,29.3779,2523.0743099415,0
CEFA.US,D,20210210,000000,30.0368,30.0466,29.9698,29.9698,367.5464387118,0
CEFA.US,D,20210211,000000,30.1599,30.22,30.1599,30.219,846.7782593526,0
CEFA.US,D,20210217,000000,30.4849,30.5785,30.4849,30.5785,218.2941555885,0
CEFA.US,D,20210218,000000,30.2781,30.5086,30.2781,30.5086,1286.4125354913,0
CEFA.US,D,20210219,000000,30.4908,30.6208,30.4514,30.5174,4001.3826380199,0
CEFA.US,D,20210222,000000,30.5864,30.5864,30.412,30.412,2546.4267079812,0
CEFA.US,D,20210223,000000,30.347,30.347,30.347,30.347,436.588311177,0
CEFA.US,D,20210224,000000,30.4219,30.4219,30.3667,30.3667,791.950890042,0
CEFA.US,D,20210225,000000,30.412,30.412,29.9314,29.9314,670.112291574,0
CEFA.US,D,20210226,000000,29.8447,29.9984,29.3779,29.3779,6175.1862990198,0
CEFA.US,D,20210303,000000,29.8536,29.8536,29.6665,29.6665,824.4411829668,0
CEFA.US,D,20210304,000000,29.7482,29.7482,29.2755,29.2755,6953.9380075611,0
CEFA.US,D,20210315,000000,30.152,30.1747,30.152,30.1747,237.5852670126,0
CEFA.US,D,20210319,000000,30.2101,30.2101,30.1451,30.1451,212.2022256651,0
CEFA.US,D,20210322,000000,30.2288,30.2288,30.1087,30.1087,291.3973146693,0
CEFA.US,D,20210323,000000,29.9885,29.9885,29.7315,29.7315,336.0714674409,0
CEFA.US,D,20210329,000000,30.152,30.152,30.0624,30.0624,472.1245690635,0
CEFA.US,D,20210330,000000,29.9875,29.9875,29.9757,29.9757,254.8457351289,0
CEFA.US,D,20210331,000000,30.0279,30.0279,30.0279,30.0279,209.1562607034,0
CEFA.US,D,20210405,000000,30.6908,30.6908,30.6908,30.6908,317.7956776707,0
CEFA.US,D,20210406,000000,30.4317,30.4317,30.4012,30.4012,2053.9957058397,0
CEFA.US,D,20210416,000000,31.1162,31.1911,31.1162,31.1911,579.7486643769,0
CEFA.US,D,20210422,000000,30.9518,30.9518,30.87,30.87,681.2808297669,0
CEFA.US,D,20210427,000000,31.2886,31.2886,31.2886,31.2886,219.3094772424,0
CEFA.US,D,20210428,000000,31.462,31.462,31.3191,31.3191,105.5934520056,0
CEFA.US,D,20210429,000000,31.2315,31.2876,31.2315,31.2876,385.822228482,0
CEFA.US,D,20210503,000000,31.0769,31.0769,31.0769,31.0769,836.6250428136,0
CEFA.US,D,20210504,000000,30.5765,30.5765,30.5765,30.5765,195.9570792027,0
CEFA.US,D,20210505,000000,31.3556,31.3556,31,31.1202,833.5790778519,0
CEFA.US,D,20210510,000000,31.5772,31.5969,31.5772,31.5969,509.6914702578,0
CEFA.US,D,20210511,000000,30.9419,30.9419,30.9419,30.9419,426.435094638,0
CEFA.US,D,20210513,000000,30.7597,30.7597,30.7597,30.7597,276.1674898608,0
CEFA.US,D,20210518,000000,31.4324,31.4423,31.2837,31.2837,2820.5635545342,0
CEFA.US,D,20210519,000000,30.807,30.807,30.7597,30.7952,836.6250428136,0
CEFA.US,D,20210520,000000,31.1921,31.1921,31.1921,31.1921,814.2879664278,0
CEFA.US,D,20210602,000000,31.9436,31.9436,31.9436,31.9436,336.0714674409,0
CEFA.US,D,20210603,000000,31.7407,31.7998,31.7407,31.7998,4517.1660382011,0
CEFA.US,D,20210604,000000,31.9623,32.0874,31.9623,32.0775,1230.5698445268,0
CEFA.US,D,20210608,000000,32.1652,32.1839,32.1652,32.1839,4684.6941110946,0
CEFA.US,D,20210609,000000,32.049,32.049,32.049,32.049,134.0224583148,0
CEFA.US,D,20210611,000000,32.049,32.049,32.049,32.049,572.6414127996,0
CEFA.US,D,20210614,000000,32.049,32.049,31.3654,31.3851,5768.0423158059,0
CEFA.US,D,20210618,000000,31.2886,31.2886,31.135,31.135,1039.6893735936,0
CEFA.US,D,20210621,000000,31.5388,31.5693,31.5388,31.5693,392.9294800593,0
CEFA.US,D,20210622,000000,31.5388,31.5575,31.4905,31.5575,569.5954478379,0
CEFA.US,D,20210624,000000,31.6442,31.7308,31.6442,31.7308,13858.125254081,0
CEFA.US,D,20210628,000000,31.5673,31.5673,31.5673,31.5673,248.7538052055,0
CEFA.US,D,20210707,000000,31.4314,31.4314,31.3891,31.3891,3846.0384249732,0
CEFA.US,D,20210708,000000,30.8966,30.8966,30.8671,30.8671,862.0080841611,0
CEFA.US,D,20210712,000000,31.6166,31.6451,31.5673,31.6087,9781.6088136726,0
CEFA.US,D,20210713,000000,31.4708,31.4895,31.4708,31.4797,4231.8606534552,0
CEFA.US,D,20210719,000000,30.5558,30.5558,30.5558,30.5558,658.9437533811,0
CEFA.US,D,20210727,000000,31.2463,31.2807,31.2463,31.2807,413.2359131373,0
CEFA.US,D,20210806,000000,31.8983,31.8983,31.8884,31.8884,320.8416426324,0
CEFA.US,D,20210809,000000,31.8776,31.8776,31.8254,31.8254,104.5781303517,0
CEFA.US,D,20210810,000000,31.8983,31.8983,31.8983,31.8983,532.0285466436,0
CEFA.US,D,20210817,000000,31.8106,31.8106,31.7476,31.7771,904.6515936249,0
CEFA.US,D,20210820,000000,31.5289,31.5289,31.4472,31.4472,128.9458500453,0
CEFA.US,D,20210823,000000,31.8786,31.8786,31.7259,31.7259,207.1256173956,0
CEFA.US,D,20210825,000000,32.0342,32.0342,31.9229,31.9229,312.7190694012,0
CEFA.US,D,20210826,000000,31.8697,31.8697,31.6895,31.8599,6818.9002275924,0
CEFA.US,D,20210830,000000,32.1898,32.1898,32.0342,32.0342,105.5934520056,0
CEFA.US,D,20210831,000000,32.1514,32.1514,32.1514,32.1514,245.7078402438,0
CEFA.US,D,20210901,000000,32.57,32.57,32.502,32.502,2179.8955909233,0
CEFA.US,D,20210902,000000,34.9141,34.9141,32.5552,32.568,2176.8496259616,0
CEFA.US,D,20210903,000000,32.9098,32.9098,32.9098,32.9098,163.4667862779,0
CEFA.US,D,20210908,000000,32.6527,32.6527,32.6468,32.6468,1565.6259903138,0
CEFA.US,D,20210913,000000,32.7935,32.7935,32.761,32.7739,2365.699453587,0
CEFA.US,D,20210914,000000,32.6566,32.6566,32.6379,32.6379,1512.829264311,0
CEFA.US,D,20210916,000000,32.5473,32.7256,32.5473,32.6369,2288.5350078906,0
CEFA.US,D,20210920,000000,32.0539,32.0539,31.4117,31.6619,1596.0856399308,0
CEFA.US,D,20210921,000000,31.9475,32.1031,31.9475,32.1031,949.3257463965,0
CEFA.US,D,20210922,000000,32.2972,32.2972,32.0854,32.0854,1134.1142874063,0
CEFA.US,D,20210923,000000,32.2972,32.4528,32.2597,32.2597,2217.4624921176,0
CEFA.US,D,20210928,000000,32.0056,32.0056,31.3792,31.3861,1671.2194423194,0
CEFA.US,D,20210929,000000,31.3832,31.3832,31.3083,31.3083,801.0887849271,0
CEFA.US,D,20210930,000000,31.1783,31.2955,31.1783,31.263,5297.9483900502,0
CEFA.US,D,20211005,000000,31.1005,31.1684,31.1005,31.1684,727.9856258463,0
CEFA.US,D,20211006,000000,30.5755,30.7311,30.2929,30.7311,838.6556861214,0
CEFA.US,D,20211007,000000,31.1448,31.1881,31.0522,31.0522,355.362578865,0
CEFA.US,D,20211008,000000,31.1497,31.1497,31.0315,31.0315,802.104106581,0
CEFA.US,D,20211011,000000,31.2374,31.2374,31.0906,31.0906,11666.045803311,0
CEFA.US,D,20211014,000000,31.6451,31.655,31.6451,31.655,326.9335725558,0
CEFA.US,D,20211021,000000,31.7427,31.8687,31.7427,31.8165,748.2920589243,0
CEFA.US,D,20211025,000000,32.2775,32.4045,32.0056,32.0056,5460.3998546742,0
CEFA.US,D,20211026,000000,32.239,32.239,32.112,32.112,842.716972737,0
CEFA.US,D,20211028,000000,32.2587,32.2587,32.239,32.239,980.8007176674,0
CEFA.US,D,20211029,000000,31.9859,31.9958,31.9761,31.9761,1564.6106686599,0
CEFA.US,D,20211104,000000,32.4331,32.4577,32.4331,32.4577,159.4054996623,0
CEFA.US,D,20211105,000000,32.5503,32.5503,32.5503,32.5503,156.3595347006,0
CEFA.US,D,20211108,000000,32.5316,32.5424,32.5316,32.5424,142.145031546,0
CEFA.US,D,20211109,000000,32.4331,32.437,32.4311,32.437,1268.1367457211,0
CEFA.US,D,20211111,000000,32.1711,32.1711,32.1415,32.1415,492.4310021415,0
CEFA.US,D,20211117,000000,32.1415,32.1514,32.1327,32.1327,3245.9833275183,0
CEFA.US,D,20211119,000000,32.3366,32.3366,31.9662,31.9662,1159.4973287538,0
CEFA.US,D,20211122,000000,32.0056,32.0056,31.7476,31.7476,429.4810595997,0
CEFA.US,D,20211126,000000,31.2857,31.3152,30.8572,30.8572,13762.685018615,0
CEFA.US,D,20211129,000000,30.9449,30.9449,30.8572,30.8848,466.0326391401,0
CEFA.US,D,20211130,000000,30.3707,30.3707,30.3707,30.3707,185.8038626637,0
CEFA.US,D,20211201,000000,30.5942,30.5942,30.4495,30.4495,1035.628086978,0
CEFA.US,D,20211202,000000,30.935,30.935,30.7282,30.7282,1466.1244682316,0
CEFA.US,D,20211203,000000,30.6632,30.6632,30.6051,30.6051,147.2216398155,0
CEFA.US,D,20211206,000000,31.0808,31.0808,31.0808,31.0808,279.2134548225,0
CEFA.US,D,20211208,000000,31.2758,31.2758,31.2758,31.2758,240.6312319743,0
CEFA.US,D,20211210,000000,31.1881,31.4038,31.1881,31.4038,148.2369614694,0
CEFA.US,D,20211213,000000,31.2374,31.2374,31.2374,31.2374,355.362578865,0
CEFA.US,D,20211216,000000,31.4068,31.4068,31.3152,31.3152,251.7997701672,0
CEFA.US,D,20211222,000000,30.9646,30.9646,30.9646,30.9646,104.5781303517,0
CEFA.US,D,20211223,000000,31.8106,31.8106,31.6875,31.6875,153.3135697389,0
CEFA.US,D,20211227,000000,32.0637,32.2597,31.9958,32.2597,6867.6356669796,0
CEFA.US,D,20211228,000000,32.044,32.044,31.6885,31.6885,148.2369614694,0
CEFA.US,D,20211229,000000,31.9662,31.9662,31.6737,31.6737,655.8977884194,0
CEFA.US,D,20211230,000000,31.655,31.655,31.655,31.655,800.0734632732,0
CEFA.US,D,20211231,000000,31.2955,31.2955,31.2138,31.2138,194.9417575488,0
CEFA.US,D,20220105,000000,31.5664,31.6304,31.2722,31.2722,518.8293651429,0
CEFA.US,D,20220110,000000,31.0247,31.0247,30.6996,30.8181,1058.9804850177,0
CEFA.US,D,20220111,000000,31.0247,31.4186,30.7982,31.1184,3612.5144445762,0
CEFA.US,D,20220112,000000,31.6451,31.6451,31.5122,31.5122,247.7384835516,0
CEFA.US,D,20220113,000000,31.9111,31.9111,31.2477,31.2477,404.0980182522,0
CEFA.US,D,20220118,000000,31.0443,31.0443,31.0443,31.0443,363.4851520962,0
CEFA.US,D,20220119,000000,30.7193,30.7193,30.7193,30.7193,517.814043489,0
CEFA.US,D,20220124,000000,29.8428,29.8428,29.3158,29.5772,1612.3307863932,0
CEFA.US,D,20220128,000000,28.9563,29.1494,28.8085,29.1494,719.8630526151,0
CEFA.US,D,20220131,000000,29.3011,29.5473,29.3011,29.5473,1014.3063322461,0
CEFA.US,D,20220201,000000,30.286,30.286,30.0791,30.1678,21351.199059863,0
CEFA.US,D,20220203,000000,29.7886,29.7886,29.6834,29.6834,336.0714674409,0
CEFA.US,D,20220204,000000,29.7738,29.9905,29.5966,29.9905,6500.0892282678,0
CEFA.US,D,20220207,000000,30.0101,30.0101,29.8201,29.8201,1492.522831233,0
CEFA.US,D,20220209,000000,30.1875,30.611,30.1875,30.5077,2180.9109125772,0
CEFA.US,D,20220215,000000,29.8723,29.977,29.8723,29.977,182.757897702,0
CEFA.US,D,20220218,000000,29.4586,29.4795,29.4586,29.4795,207.1256173956,0
CEFA.US,D,20220222,000000,29.1632,29.4291,29.1632,29.3449,400.0367316366,0
CEFA.US,D,20220223,000000,29.1927,29.1927,28.8775,28.8775,446.741527716,0
CEFA.US,D,20220224,000000,27.9714,27.9714,27.9714,27.9714,1595.0703182769,0
CEFA.US,D,20220228,000000,28.6904,28.6904,28.6904,28.6904,502.5842186805,0
CEFA.US,D,20220307,000000,27.4396,27.4396,27.4396,27.4396,2929.2029715015,0
CEFA.US,D,20220308,000000,26.5925,26.5925,26.4744,26.4744,355.362578865,0
CEFA.US,D,20220309,000000,27.5775,27.5775,27.5775,27.5775,322.8722859402,0
CEFA.US,D,20220310,000000,27.2426,27.2426,27.2327,27.2327,2278.3817913516,0
CEFA.US,D,20220311,000000,27.0653,27.0653,27.0653,27.0653,3050.0262483156,0
CEFA.US,D,20220316,000000,27.916,28.2823,27.916,28.2823,353.3319355572,0
CEFA.US,D,20220317,000000,28.3309,28.5974,28.3309,28.5974,3293.7034452516,0
CEFA.US,D,20220318,000000,28.5427,28.7806,28.508,28.7806,1265.0907807594,0
CEFA.US,D,20220321,000000,28.6314,28.7494,28.6314,28.6495,4893.850371798,0
CEFA.US,D,20220322,000000,28.9859,29.0548,28.9342,28.9342,5407.6031286714,0
CEFA.US,D,20220323,000000,28.7988,28.7988,28.5725,28.5725,3851.1150332427,0
CEFA.US,D,20220324,000000,28.7594,28.7594,28.7594,28.7594,205.0949740878,0
CEFA.US,D,20220325,000000,28.7643,28.8874,28.7643,28.8283,2016.4288046454,0
CEFA.US,D,20220328,000000,28.6707,28.848,28.6334,28.7608,17527.497711276,0
CEFA.US,D,20220329,000000,29.2518,29.4192,29.1829,29.4192,2103.7464668808,0
CEFA.US,D,20220330,000000,29.3208,29.3208,29.2538,29.2538,855.9161542377,0
CEFA.US,D,20220331,000000,28.7102,28.7102,28.7102,28.7102,396.9907666749,0
CEFA.US,D,20220404,000000,29.0745,29.0745,29.0745,29.0745,150.2676047772,0
CEFA.US,D,20220406,000000,28.3457,28.3457,28.3457,28.3457,306.6271394778,0
CEFA.US,D,20220412,000000,27.4987,27.4987,27.4987,27.4987,478.2164989869,0
CEFA.US,D,20220414,000000,27.8976,27.8976,27.7955,27.7955,246.7231618977,0
CEFA.US,D,20220418,000000,27.7843,27.7843,27.6117,27.6117,33849.808619372,0
CEFA.US,D,20220419,000000,27.7941,27.7941,27.7313,27.7588,467.047960794,0
CEFA.US,D,20220420,000000,28.0246,28.0246,28.0246,28.0246,1.0153216539,0
CEFA.US,D,20220421,000000,27.8138,27.8138,27.7044,27.7044,183.7732193559,0
CEFA.US,D,20220422,000000,27.1915,27.1915,27.1915,27.1915,77.1644456964,0
CEFA.US,D,20220425,000000,26.8683,26.9471,26.7876,26.9471,4435.9403058891,0
CEFA.US,D,20220426,000000,26.3042,26.3042,26.3042,26.3042,5.0766082695,0
CEFA.US,D,20220427,000000,26.5039,26.5039,26.4204,26.4204,613.2542789556,0
CEFA.US,D,20220428,000000,26.8191,26.8191,26.7616,26.77,203.06433078,0
CEFA.US,D,20220429,000000,26.6467,26.6467,26.4371,26.4371,162.451464624,0
CEFA.US,D,20220502,000000,26.4249,26.4249,26.4249,26.4249,110.6700602751,0
CEFA.US,D,20220503,000000,26.5679,26.6138,26.5679,26.6138,406.12866156,0
CEFA.US,D,20220504,000000,27.0902,27.0902,27.0902,27.0902,71.072515773,0
CEFA.US,D,20220505,000000,26.3155,26.3155,26.3155,26.3155,79.1950890042,0
CEFA.US,D,20220506,000000,25.9191,25.9191,25.9191,25.9191,5.0766082695,0
CEFA.US,D,20220509,000000,25.1314,25.1314,25.1314,25.1314,8.1225732312,0
CEFA.US,D,20220510,000000,25.2629,25.2629,25.2629,25.2629,11.1685381929,0
CEFA.US,D,20220511,000000,25.1744,25.1744,25.1744,25.1744,79.1950890042,0
CEFA.US,D,20220512,000000,25.1168,25.1168,25.1168,25.1168,2.0306433078,0
CEFA.US,D,20220513,000000,25.8903,25.8903,25.8903,25.8903,74.1184807347,0
CEFA.US,D,20220516,000000,25.8883,25.8883,25.8145,25.8322,1239.7077394119,0
CEFA.US,D,20220517,000000,26.238,26.3019,26.238,26.3019,458.9253875628,0
CEFA.US,D,20220518,000000,25.8145,25.8145,25.669,25.669,726.9703041924,0
CEFA.US,D,20220519,000000,26.0803,26.0903,25.9032,25.9032,3069.3173597397,0
CEFA.US,D,20220520,000000,26.0652,26.0652,26.0652,26.0652,2.0306433078,0
CEFA.US,D,20220523,000000,26.4989,26.4989,26.4989,26.4989,8.1225732312,0
CEFA.US,D,20220524,000000,26.3345,26.4254,26.3345,26.4254,189.8651492793,0
CEFA.US,D,20220525,000000,26.4509,26.4509,26.4509,26.4509,19.2911114241,0
CEFA.US,D,20220526,000000,26.7436,26.7436,26.7436,26.7436,15.2298248085,0
CEFA.US,D,20220527,000000,27.077,27.077,27.077,27.077,60.919299234,0
CEFA.US,D,20220531,000000,27.1146,27.1146,26.948,26.948,234.5393020509,0
CEFA.US,D,20220601,000000,26.7501,26.7501,26.749,26.749,141.1297098921,0
CEFA.US,D,20220602,000000,27.2492,27.2492,27.2492,27.2492,14.2145031546,0
CEFA.US,D,20220603,000000,26.7994,26.7994,26.7501,26.7501,480.2471422947,0
CEFA.US,D,20220606,000000,26.9678,26.9678,26.9678,26.9678,7.1072515773,0
CEFA.US,D,20220607,000000,27.0543,27.0543,27.0543,27.0543,2.0306433078,0
CEFA.US,D,20220608,000000,26.7032,26.7032,26.7032,26.7032,5.0766082695,0
CEFA.US,D,20220609,000000,26.1616,26.1616,26.1616,26.1616,126.9152067375,0
CEFA.US,D,20220610,000000,25.5342,25.5342,25.4304,25.4304,207.1256173956,0
CEFA.US,D,20220613,000000,25.1644,25.1644,24.6193,24.6193,296.4739229388,0
CEFA.US,D,20220614,000000,24.3685,24.3685,24.3685,24.3685,34.5209362326,0
CEFA.US,D,20220615,000000,24.7705,24.9576,24.7705,24.8393,1727.0621332839,0
CEFA.US,D,20220616,000000,24.2185,24.2185,24.2185,24.2185,5.0766082695,0
CEFA.US,D,20220617,000000,24.0712,24.0712,24.0712,24.0712,1.0153216539,0
CEFA.US,D,20220621,000000,24.5538,24.5538,24.4782,24.4782,147.2216398155,0
CEFA.US,D,20220622,000000,24.4455,24.4455,24.3304,24.3304,656.9131100733,0
CEFA.US,D,20220623,000000,24.3652,24.3652,24.2771,24.3148,1483.3849363479,0
CEFA.US,D,20220624,000000,24.9872,25.0364,24.9243,25.0152,8109.3740496993,0
CEFA.US,D,20220627,000000,24.9402,24.9402,24.9402,24.9402,3.0459649617,0
CEFA.US,D,20220628,000000,25.0856,25.0856,24.8015,24.8015,324.902929248,0
CEFA.US,D,20220629,000000,24.6444,24.6444,24.6444,24.6444,112,0
CEFA.US,D,20220630,000000,24.55,24.55,24.4949,24.4949,874,0
CEFA.US,D,20220701,000000,24.5283,24.5283,24.5283,24.5283,5,0
CEFA.US,D,20220705,000000,23.9,24,23.75,24,4469,0
CEFA.US,D,20220706,000000,24.17,24.22,24.1,24.1866,681,0
CEFA.US,D,20220707,000000,24.56,24.56,24.56,24.56,53,0
CEFA.US,D,20220708,000000,24.5938,24.5938,24.5938,24.5938,96,0
CEFA.US,D,20220711,000000,24.1659,24.1659,24.1659,24.1659,6,0
CEFA.US,D,20220712,000000,24.1774,24.1929,24.1774,24.1929,233,0
CEFA.US,D,20220713,000000,24.1789,24.1789,24.1789,24.1789,63,0
CEFA.US,D,20220714,000000,23.8287,23.8287,23.8287,23.8287,168,0
CEFA.US,D,20220715,000000,24.2047,24.2047,24.2047,24.2047,91,0
CEFA.US,D,20220718,000000,24.49,24.49,24.3442,24.3442,2848,0
CEFA.US,D,20220719,000000,24.9592,24.9592,24.9592,24.9592,2,0
CEFA.US,D,20220720,000000,24.86,24.86,24.7982,24.7982,127,0
CEFA.US,D,20220721,000000,25.1267,25.1267,25.1267,25.1267,120,0
CEFA.US,D,20220722,000000,25.064,25.064,25.064,25.064,12,0
CEFA.US,D,20220725,000000,25.25,25.25,25.25,25.25,5,0
CEFA.US,D,20220726,000000,24.87,24.87,24.8422,24.8422,4351,0
CEFA.US,D,20220727,000000,25.04,25.4492,25.04,25.4492,226,0
CEFA.US,D,20220728,000000,25.65,25.72,25.6269,25.6269,429,0
CEFA.US,D,20220729,000000,25.9886,25.9886,25.9886,25.9886,1,0
CEFA.US,D,20220801,000000,26,26,26,26,50,0
CEFA.US,D,20220802,000000,25.6862,25.6862,25.6862,25.6862,13,0
CEFA.US,D,20220803,000000,25.9,25.96,25.8597,25.9219,1387,0
CEFA.US,D,20220804,000000,26.0334,26.0334,26.0334,26.0334,13,0
CEFA.US,D,20220805,000000,25.68,25.84,25.68,25.84,1764,0
CEFA.US,D,20220808,000000,25.9352,25.9352,25.9352,25.9352,24,0
CEFA.US,D,20220809,000000,25.77,25.82,25.7006,25.7006,6048,0
CEFA.US,D,20220810,000000,26.3745,26.3745,26.3745,26.3745,26,0
CEFA.US,D,20220811,000000,26.33,26.33,26.33,26.33,11,0
CEFA.US,D,20220812,000000,26.5108,26.5108,26.5108,26.5108,26,0
CEFA.US,D,20220815,000000,26.68,26.68,26.2402,26.3707,2268,0
CEFA.US,D,20220816,000000,26.39,26.39,26.39,26.39,72,0
CEFA.US,D,20220817,000000,26.1828,26.1828,26.1828,26.1828,6,0
CEFA.US,D,20220818,000000,25.9701,26.1037,25.9701,26.0847,3357,0
CEFA.US,D,20220819,000000,25.77,25.77,25.59,25.59,2470,0
CEFA.US,D,20220822,000000,25.2143,25.2143,25.2143,25.2143,11,0
CEFA.US,D,20220823,000000,25.45,25.45,25.2757,25.2757,401,0
CEFA.US,D,20220824,000000,25.34,25.34,25.2512,25.2512,2730,0
CEFA.US,D,20220825,000000,25.55,25.55,25.55,25.55,4,0
CEFA.US,D,20220826,000000,24.8985,24.8985,24.8985,24.8985,7,0
CEFA.US,D,20220829,000000,24.8145,24.91,24.8145,24.8146,762,0
CEFA.US,D,20220830,000000,24.6498,24.6498,24.6498,24.6498,1,0
CEFA.US,D,20220831,000000,24.69,24.69,24.55,24.5571,200,0
CEFA.US,D,20220901,000000,24.08,24.2246,24.04,24.2246,742,0
CEFA.US,D,20220902,000000,24.17,24.17,24.0857,24.0857,8101,0
CEFA.US,D,20220906,000000,24.07,24.11,23.9984,23.9984,3406,0
CEFA.US,D,20220907,000000,24.1683,24.1683,24.1683,24.1683,14,0
CEFA.US,D,20220908,000000,24.24,24.24,24.2,24.2276,324,0
CEFA.US,D,20220909,000000,24.8453,24.8453,24.8453,24.8453,38,0
CEFA.US,D,20220912,000000,25.25,25.3,25.18,25.18,1411,0
CEFA.US,D,20220913,000000,24.53,24.53,24.2837,24.2837,110,0
CEFA.US,D,20220914,000000,24.393,24.393,24.393,24.393,27,0
CEFA.US,D,20220915,000000,24.34,24.34,24.182,24.182,230,0
CEFA.US,D,20220916,000000,24.06,24.06,24.0593,24.0593,173,0
CEFA.US,D,20220919,000000,23.94,24.1041,23.94,24.1041,101,0
CEFA.US,D,20220920,000000,23.76,23.76,23.6531,23.725,753,0
CEFA.US,D,20220921,000000,23.49,23.49,23.4467,23.4467,117,0
CEFA.US,D,20220922,000000,23.3157,23.3157,23.3157,23.3157,1,0
CEFA.US,D,20220923,000000,22.86,22.86,22.52,22.5588,737,0
CEFA.US,D,20220926,000000,22.5,22.5,22.2829,22.2829,113,0
CEFA.US,D,20220927,000000,22.0371,22.1732,22.0371,22.1481,620,0
CEFA.US,D,20220928,000000,22.6933,22.6933,22.6,22.6,641,0
CEFA.US,D,20220929,000000,22.25,22.3533,22.25,22.3533,113,0
CEFA.US,D,20220930,000000,22.47,22.47,22.3003,22.3003,100,0
CEFA.US,D,20221003,000000,22.67,22.79,22.67,22.7739,883,0
CEFA.US,D,20221004,000000,23.63,23.63,23.63,23.63,12,0
CEFA.US,D,20221005,000000,23.24,23.4225,23.18,23.4225,1914,0
CEFA.US,D,20221006,000000,23.09,23.09,23.0294,23.0294,236,0
CEFA.US,D,20221007,000000,22.635,22.635,22.635,22.635,2,0
CEFA.US,D,20221010,000000,22.4817,22.4817,22.4817,22.4817,4,0
CEFA.US,D,20221011,000000,22.1959,22.1959,22.1959,22.1959,2,0
CEFA.US,D,20221012,000000,22.1266,22.1266,22.1266,22.1266,23,0
CEFA.US,D,20221013,000000,22,22.5631,21.99,22.5631,2695,0
CEFA.US,D,20221014,000000,22.1713,22.1713,22.1713,22.1713,2,0
CEFA.US,D,20221017,000000,22.695,22.71,22.695,22.706,338,0
CEFA.US,D,20221018,000000,22.8329,22.8329,22.8329,22.8329,114,0
CEFA.US,D,20221019,000000,22.63,22.7,22.4702,22.5847,2833,0
CEFA.US,D,20221020,000000,22.87,22.91,22.5572,22.5572,2976,0
CEFA.US,D,20221021,000000,22.9159,22.9159,22.9159,22.9159,71,0
CEFA.US,D,20221024,000000,22.885,22.885,22.885,22.885,1,0
CEFA.US,D,20221025,000000,23.4207,23.4207,23.4207,23.4207,3,0
CEFA.US,D,20221026,000000,23.6253,23.6253,23.6253,23.6253,10,0
CEFA.US,D,20221027,000000,23.41,23.41,23.41,23.41,2,0
CEFA.US,D,20221028,000000,23.579,23.579,23.579,23.579,2,0
CEFA.US,D,20221031,000000,23.3642,23.3642,23.3642,23.3642,2,0
CEFA.US,D,20221101,000000,23.6098,23.6098,23.6098,23.6098,9,0
CEFA.US,D,20221102,000000,23.188,23.188,23.188,23.188,20,0
CEFA.US,D,20221103,000000,23.19,23.19,22.96,22.96,501,0
CEFA.US,D,20221104,000000,23.86,23.9216,23.86,23.9216,324,0
CEFA.US,D,20221107,000000,24,24,24,24,1,0
CEFA.US,D,20221108,000000,24.278,24.278,24.278,24.278,57,0
CEFA.US,D,20221109,000000,23.8901,23.8901,23.8901,23.8901,182,0
CEFA.US,D,20221110,000000,25.2626,25.2626,25.2626,25.2626,46,0
CEFA.US,D,20221111,000000,25.9057,25.9057,25.9057,25.9057,1,0
CEFA.US,D,20221114,000000,25.7,25.7,25.7,25.7,72,0
CEFA.US,D,20221115,000000,25.8412,25.8412,25.8412,25.8412,180,0
CEFA.US,D,20221116,000000,25.78,25.79,25.78,25.79,269,0
CEFA.US,D,20221117,000000,25.69,25.7529,25.69,25.7529,495,0
CEFA.US,D,20221118,000000,25.71,25.7754,25.71,25.7754,400,0
CEFA.US,D,20221121,000000,25.5514,25.5514,25.5514,25.5514,96,0
CEFA.US,D,20221122,000000,25.8661,25.92,25.8661,25.92,671,0
CEFA.US,D,20221123,000000,26.08,26.1316,26.07,26.1316,390,0
CEFA.US,D,20221125,000000,26.33,26.33,26.33,26.33,2,0
CEFA.US,D,20221128,000000,26.35,26.35,26.0009,26.0009,1008,0
CEFA.US,D,20221129,000000,26.1,26.1114,26.0921,26.1114,1001,0
CEFA.US,D,20221130,000000,26.6159,26.6159,26.6159,26.6159,71,0
CEFA.US,D,20221201,000000,26.849,26.849,26.8184,26.8184,116,0
CEFA.US,D,20221202,000000,26.8015,26.8015,26.8015,26.8015,10,0
CEFA.US,D,20221205,000000,26.66,26.66,26.4284,26.4284,203,0
CEFA.US,D,20221206,000000,26.34,26.34,26.28,26.28,165,0
CEFA.US,D,20221208,000000,26.4086,26.4086,26.4086,26.4086,118,0
CEFA.US,D,20221209,000000,26.4367,26.4367,26.4367,26.4367,1,0
CEFA.US,D,20221212,000000,26.5014,26.5014,26.5014,26.5014,19,0
CEFA.US,D,20221213,000000,26.9499,26.9499,26.9499,26.9499,5,0
CEFA.US,D,20221214,000000,27.04,27.1,26.9031,26.9031,202,0
CEFA.US,D,20221215,000000,26.09,26.295,26.09,26.1552,3718,0
CEFA.US,D,20221216,000000,25.9383,25.9383,25.9383,25.9383,4,0
CEFA.US,D,20221219,000000,25.8325,25.8325,25.8325,25.8325,43,0
CEFA.US,D,20221220,000000,26.02,26.06,25.93,25.93,1768,0
CEFA.US,D,20221221,000000,26.1863,26.1863,26.1863,26.1863,3,0
CEFA.US,D,20221222,000000,25.9827,25.9827,25.9827,25.9827,1,0
CEFA.US,D,20221223,000000,26.02,26.0534,26.02,26.0534,502,0
CEFA.US,D,20221227,000000,26.1,26.12,26.0792,26.0792,3343,0
CEFA.US,D,20221228,000000,25.7988,25.7988,25.7988,25.7988,46,0
CEFA.US,D,20221229,000000,26,26.25,25.97,26.125,12011,0
CEFA.US,D,20221230,000000,25.78,25.88,25.78,25.7859,1560,0
CEFA.US,D,20230103,000000,25.94,25.97,25.75,25.8763,1737,0
CEFA.US,D,20230104,000000,26.1868,26.1868,26.1868,26.1868,6,0
CEFA.US,D,20230105,000000,25.92,25.9394,25.92,25.9394,2945,0
CEFA.US,D,20230106,000000,26.54,26.54,26.54,26.54,51,0
CEFA.US,D,20230109,000000,26.7277,26.7277,26.7277,26.7277,5,0
CEFA.US,D,20230110,000000,26.7525,26.87,26.7525,26.8211,379,0
CEFA.US,D,20230111,000000,27.0799,27.0799,27.0641,27.0641,376,0
CEFA.US,D,20230112,000000,27.5,27.5,27.41,27.41,1270,0
CEFA.US,D,20230113,000000,27.6163,27.6163,27.6163,27.6163,71,0
CEFA.US,D,20230117,000000,27.82,27.89,27.7295,27.7295,525,0
CEFA.US,D,20230118,000000,27.65,27.65,27.65,27.65,136,0
CEFA.US,D,20230119,000000,27.57,27.59,27.57,27.5897,892,0
CEFA.US,D,20230120,000000,27.71,27.8591,27.7,27.8591,204,0
CEFA.US,D,20230123,000000,27.9659,27.9659,27.9659,27.9659,18,0
CEFA.US,D,20230124,000000,27.9706,27.9706,27.9706,27.9706,2,0
CEFA.US,D,20230125,000000,28.1444,28.1444,28.1444,28.1444,5,0
CEFA.US,D,20230126,000000,28.04,28.18,27.9801,28.18,4990,0
CEFA.US,D,20230127,000000,28.095,28.095,28.095,28.095,68,0
CEFA.US,D,20230130,000000,28.19,28.19,27.9146,27.9146,180,0
CEFA.US,D,20230131,000000,28.0499,28.1137,27.96,28.1137,1189,0
CEFA.US,D,20230201,000000,28.04,28.38,27.89,28.38,2284,0
CEFA.US,D,20230202,000000,28.3938,28.3938,28.3938,28.3938,22,0
CEFA.US,D,20230203,000000,28.1357,28.1357,28.1357,28.1357,49,0
CEFA.US,D,20230206,000000,27.73,27.81,27.73,27.81,525,0
CEFA.US,D,20230207,000000,28.0401,28.0401,28.0401,28.0401,5,0
CEFA.US,D,20230208,000000,27.8505,27.93,27.8075,27.8075,1994,0
CEFA.US,D,20230209,000000,27.8867,27.8867,27.8867,27.8867,96,0
CEFA.US,D,20230210,000000,27.8,27.81,27.7872,27.7872,381,0
CEFA.US,D,20230213,000000,27.995,28.045,27.995,28.045,177,0
CEFA.US,D,20230214,000000,27.91,28.0747,27.91,28.0747,4339,0
CEFA.US,D,20230215,000000,27.86,27.9328,27.86,27.9328,219983,0
CEFA.US,D,20230216,000000,27.77,28.0387,27.74,27.8439,6710,0
CEFA.US,D,20230217,000000,27.66,27.8601,27.62,27.8226,4762,0
CEFA.US,D,20230221,000000,27.64,27.7299,27.51,27.515,3329,0
CEFA.US,D,20230222,000000,27.43,27.49,27.3288,27.3288,381,0
CEFA.US,D,20230223,000000,27.41,27.445,27.31,27.445,843,0
CEFA.US,D,20230224,000000,27.06,27.07,26.94,26.9948,3321,0
CEFA.US,D,20230227,000000,27.32,27.43,27.2658,27.2658,2536,0
CEFA.US,D,20230228,000000,27.1238,27.1238,27.1238,27.1238,107,0
CEFA.US,D,20230301,000000,27.2509,27.2509,27.2509,27.2509,105,0
CEFA.US,D,20230302,000000,27.16,27.2694,27.145,27.2694,1665,0
CEFA.US,D,20230303,000000,27.6893,27.6893,27.6893,27.6893,16,0
CEFA.US,D,20230306,000000,27.6604,27.6604,27.6604,27.6604,42,0
CEFA.US,D,20230307,000000,27.21,27.21,27.1895,27.1895,33993,0
CEFA.US,D,20230308,000000,27.36,27.375,27.265,27.3431,3522,0
CEFA.US,D,20230309,000000,27.1348,27.1348,27.1348,27.1348,59,0
CEFA.US,D,20230310,000000,26.8489,26.8489,26.8489,26.8489,100,0
CEFA.US,D,20230313,000000,26.81,26.83,26.74,26.74,833,0
CEFA.US,D,20230314,000000,26.96,26.96,26.78,26.9563,3342,0
CEFA.US,D,20230315,000000,26.37,26.37,26.05,26.19,636,0
CEFA.US,D,20230316,000000,26.3118,26.58,26.3118,26.58,567,0
CEFA.US,D,20230317,000000,26.3242,26.3242,26.2984,26.2984,151,0
CEFA.US,D,20230320,000000,26.49,26.71,26.49,26.71,204,0
CEFA.US,D,20230321,000000,26.99,27.1,26.96,27.1,6814,0
CEFA.US,D,20230322,000000,27.14,27.14,27.09,27.09,470,0
CEFA.US,D,20230323,000000,27.35,27.35,27.03,27.03,1584,0
CEFA.US,D,20230324,000000,26.7601,27.02,26.7601,27.02,154,0
CEFA.US,D,20230327,000000,26.9,27.22,26.9,27.22,364,0
CEFA.US,D,20230328,000000,27.13,27.13,27.13,27.13,2,0
CEFA.US,D,20230329,000000,27.456,27.456,27.456,27.456,1,0
CEFA.US,D,20230330,000000,27.78,27.78,27.78,27.78,2,0
CEFA.US,D,20230331,000000,27.9108,27.9108,27.9108,27.9108,1,0
CEFA.US,D,20230403,000000,28.02,28.21,28.02,28.21,30441,0
CEFA.US,D,20230404,000000,28.116,28.116,28.116,28.116,5,0
CEFA.US,D,20230405,000000,27.922,27.922,27.922,27.922,10,0
CEFA.US,D,20230406,000000,27.9903,27.9903,27.9903,27.9903,2,0
CEFA.US,D,20230410,000000,27.885,27.9317,27.885,27.9317,433,0
CEFA.US,D,20230411,000000,28.068,28.068,28.068,28.068,10,0
CEFA.US,D,20230412,000000,28.37,28.42,28.2164,28.2164,3883,0
CEFA.US,D,20230413,000000,28.6356,28.6356,28.618,28.618,133,0
CEFA.US,D,20230414,000000,28.5299,28.53,28.468,28.468,346,0
CEFA.US,D,20230417,000000,28.38,28.39,28.3325,28.3824,1774,0
CEFA.US,D,20230418,000000,28.56,28.62,28.56,28.62,965,0
CEFA.US,D,20230419,000000,28.51,28.51,28.51,28.51,74,0
CEFA.US,D,20230420,000000,28.446,28.446,28.446,28.446,58,0
CEFA.US,D,20230421,000000,28.5816,28.5816,28.5816,28.5816,14,0
CEFA.US,D,20230424,000000,28.605,28.6897,28.605,28.6539,338,0
CEFA.US,D,20230425,000000,28.43,28.43,28.2405,28.2405,719,0
CEFA.US,D,20230426,000000,28.17,28.37,28.17,28.21,8801,0
CEFA.US,D,20230427,000000,28.43,28.59,28.43,28.59,3887,0
CEFA.US,D,20230428,000000,28.5233,28.5233,28.5233,28.5233,10,0
CEFA.US,D,20230501,000000,28.59,28.66,28.5353,28.5353,780,0
CEFA.US,D,20230502,000000,28.1301,28.2381,28.1301,28.2381,1106,0
CEFA.US,D,20230503,000000,28.2829,28.2829,28.2829,28.2829,48,0
CEFA.US,D,20230504,000000,28.2441,28.2441,28.2441,28.2441,18,0
CEFA.US,D,20230505,000000,28.3542,28.6458,28.3542,28.6458,1648,0
CEFA.US,D,20230508,000000,28.7389,28.7389,28.68,28.68,299,0
CEFA.US,D,20230509,000000,28.5502,28.5502,28.5502,28.5502,70,0
CEFA.US,D,20230510,000000,28.49,28.5386,28.49,28.5386,512,0
CEFA.US,D,20230511,000000,28.45,28.45,28.45,28.45,42,0
CEFA.US,D,20230512,000000,28.41,28.41,28.41,28.41,3,0
CEFA.US,D,20230515,000000,28.6504,28.6504,28.6504,28.6504,25,0
CEFA.US,D,20230516,000000,28.37,28.37,28.37,28.37,51,0
CEFA.US,D,20230517,000000,28.55,28.55,28.55,28.55,38,0
CEFA.US,D,20230518,000000,28.4859,28.4859,28.4859,28.4859,1,0
CEFA.US,D,20230519,000000,28.6209,28.6538,28.6209,28.6538,661,0
CEFA.US,D,20230522,000000,28.68,28.68,28.68,28.68,99,0
CEFA.US,D,20230523,000000,28.52,28.52,28.2661,28.2661,109,0
CEFA.US,D,20230524,000000,28.1,28.1,27.8922,27.8922,345,0
CEFA.US,D,20230525,000000,27.834,27.84,27.834,27.84,223,0
CEFA.US,D,20230526,000000,28.0903,28.0903,28.0903,28.0903,18,0
CEFA.US,D,20230530,000000,27.85,27.85,27.85,27.85,3,0
CEFA.US,D,20230531,000000,27.53,27.557,27.47,27.557,835,0
CEFA.US,D,20230601,000000,28.06,28.06,28.02,28.02,134,0
CEFA.US,D,20230602,000000,28.26,28.458,28.26,28.39,445,0
CEFA.US,D,20230605,000000,28.3913,28.3913,28.2847,28.2847,1625,0
CEFA.US,D,20230606,000000,28.36,28.495,28.35,28.495,2780,0
CEFA.US,D,20230607,000000,28.36,28.45,28.18,28.1805,23390,0
CEFA.US,D,20230608,000000,28.479,28.479,28.479,28.479,57,0
CEFA.US,D,20230609,000000,28.51,28.51,28.5074,28.5074,153,0
CEFA.US,D,20230612,000000,28.6633,28.6633,28.6633,28.6633,52,0
CEFA.US,D,20230613,000000,29.19,29.19,29.02,29.0208,672,0
CEFA.US,D,20230614,000000,28.91,29.2171,28.91,29.05,495,0
CEFA.US,D,20230615,000000,29.3118,29.3118,29.3118,29.3118,36,0
CEFA.US,D,20230616,000000,29.4165,29.4165,29.265,29.2684,729,0
CEFA.US,D,20230620,000000,29.1899,29.1899,28.915,28.9497,994,0
CEFA.US,D,20230621,000000,28.924,28.9606,28.92,28.92,934,0
CEFA.US,D,20230622,000000,28.73,28.73,28.73,28.73,2,0
CEFA.US,D,20230623,000000,28.2969,28.2969,28.2969,28.2969,49,0
CEFA.US,D,20230626,000000,28.335,28.3854,28.31,28.34,6784,0
CEFA.US,D,20230627,000000,28.565,28.5716,28.5625,28.5716,351,0
CEFA.US,D,20230628,000000,28.6198,28.6198,28.6198,28.6198,3,0
CEFA.US,D,20230629,000000,28.195,28.2125,28.18,28.2125,2570,0
CEFA.US,D,20230630,000000,28.5346,28.5677,28.5294,28.5677,1320,0
CEFA.US,D,20230703,000000,28.65,28.65,28.5885,28.5885,556,0
CEFA.US,D,20230705,000000,28.1946,28.2323,28.1946,28.2323,128,0
CEFA.US,D,20230706,000000,27.73,27.75,27.73,27.734,310,0
CEFA.US,D,20230707,000000,27.9299,27.9684,27.9299,27.9684,287,0
CEFA.US,D,20230710,000000,27.9965,27.9965,27.9965,27.9965,47,0
CEFA.US,D,20230711,000000,28.14,28.31,28.1,28.205,8541,0
CEFA.US,D,20230712,000000,28.67,28.78,28.67,28.78,2524,0
CEFA.US,D,20230713,000000,29.2804,29.2804,29.2804,29.2804,97,0
CEFA.US,D,20230714,000000,29.31,29.31,29.1053,29.1053,4803,0
CEFA.US,D,20230717,000000,29.07,29.1188,29.07,29.1188,614,0
CEFA.US,D,20230718,000000,29.22,29.26,29.22,29.26,2569,0
CEFA.US,D,20230719,000000,29.22,29.22,29.2142,29.2142,426,0
CEFA.US,D,20230720,000000,29.02,29.02,28.998,28.998,340,0
CEFA.US,D,20230721,000000,29.07,29.07,29.07,29.07,13,0
CEFA.US,D,20230724,000000,28.9891,28.9891,28.9891,28.9891,17,0
CEFA.US,D,20230725,000000,29.055,29.0657,29.055,29.0657,567,0
CEFA.US,D,20230726,000000,28.9837,29.0748,28.94,29.0748,720,0
CEFA.US,D,20230727,000000,29.0522,29.0522,29.0522,29.0522,77,0
CEFA.US,D,20230728,000000,29.2461,29.2461,29.2461,29.2461,29,0
CEFA.US,D,20230731,000000,29.3056,29.3056,29.2,29.2,258,0
CEFA.US,D,20230801,000000,28.67,28.84,28.67,28.84,247,0
CEFA.US,D,20230802,000000,28.485,28.485,28.2001,28.2933,635,0
CEFA.US,D,20230803,000000,28.115,28.2382,28.115,28.2382,430,0
CEFA.US,D,20230804,000000,28.3088,28.3088,28.3088,28.3088,71,0
CEFA.US,D,20230807,000000,28.516,28.516,28.516,28.516,45,0
CEFA.US,D,20230808,000000,28.09,28.2587,28.09,28.2587,2102,0
CEFA.US,D,20230809,000000,28.35,28.35,28.2296,28.2296,238,0
CEFA.US,D,20230810,000000,28.5,28.5,28.32,28.32,174,0
CEFA.US,D,20230811,000000,28.2299,28.2299,28.14,28.14,262,0
CEFA.US,D,20230814,000000,27.99,28.0444,27.99,28.0444,246,0
CEFA.US,D,20230815,000000,27.71,27.7299,27.66,27.66,2659,0
CEFA.US,D,20230816,000000,27.655,27.75,27.4639,27.4639,4023,0
CEFA.US,D,20230817,000000,27.2317,27.2317,27.2317,27.2317,60,0
CEFA.US,D,20230818,000000,27.19,27.2358,27.19,27.2358,162,0
CEFA.US,D,20230821,000000,27.2601,27.35,27.2601,27.3386,4700,0
CEFA.US,D,20230822,000000,27.27,27.3305,27.27,27.29,416,0
CEFA.US,D,20230823,000000,27.55,27.5752,27.503,27.5752,347,0
CEFA.US,D,20230824,000000,27.5,27.5,27.21,27.21,1923,0
CEFA.US,D,20230825,000000,27.34,27.42,27.23,27.42,1402,0
CEFA.US,D,20230828,000000,27.66,27.66,27.65,27.65,101,0
CEFA.US,D,20230829,000000,27.9957,27.9957,27.9957,27.9957,3,0
CEFA.US,D,20230830,000000,27.97,27.9856,27.97,27.9856,168,0
CEFA.US,D,20230831,000000,27.9,27.92,27.9,27.92,139,0
CEFA.US,D,20230901,000000,28,28,27.87,27.87,399,0
CEFA.US,D,20230905,000000,27.71,27.71,27.71,27.71,21,0
CEFA.US,D,20230906,000000,27.56,27.5872,27.4912,27.5872,529,0
CEFA.US,D,20230907,000000,27.5,27.5,27.5,27.5,43,0
CEFA.US,D,20230908,000000,27.44,27.44,27.3841,27.3841,322,0
CEFA.US,D,20230911,000000,27.91,27.91,27.72,27.72,259,0
CEFA.US,D,20230912,000000,27.27,27.61,27.27,27.56,565,0
CEFA.US,D,20230913,000000,27.54,27.68,27.54,27.68,16572,0
CEFA.US,D,20230914,000000,27.85,27.8965,27.795,27.8965,1158,0
CEFA.US,D,20230915,000000,27.8407,27.8407,27.8141,27.8141,666,0
CEFA.US,D,20230918,000000,27.79,27.83,27.79,27.83,201,0
CEFA.US,D,20230919,000000,27.8298,27.8298,27.7852,27.7852,144,0
CEFA.US,D,20230920,000000,27.75,27.75,27.75,27.75,80,0
CEFA.US,D,20230921,000000,27.27,27.27,27.27,27.27,31,0
CEFA.US,D,20230922,000000,27.1801,27.2585,27.1801,27.2585,244,0
CEFA.US,D,20230925,000000,27.1,27.1,27.1,27.1,135,0
CEFA.US,D,20230926,000000,26.93,26.93,26.67,26.67,1324,0
CEFA.US,D,20230927,000000,26.79,26.8,26.6803,26.6803,388,0
CEFA.US,D,20230928,000000,26.8758,26.8758,26.8758,26.8758,16,0
CEFA.US,D,20230929,000000,27.0399,27.04,26.7872,26.7872,1568,0
CEFA.US,D,20231002,000000,26.48,26.48,26.48,26.48,52,0
CEFA.US,D,20231003,000000,26.18,26.18,26.17,26.17,242,0
CEFA.US,D,20231004,000000,26.1508,26.1508,26.1508,26.1508,33,0
CEFA.US,D,20231005,000000,26.3994,26.3994,26.3994,26.3994,5,0
CEFA.US,D,20231006,000000,26.6769,26.6769,26.6769,26.6769,4,0
CEFA.US,D,20231009,000000,26.41,26.7,26.41,26.7,263,0
CEFA.US,D,20231010,000000,26.9935,26.9935,26.9935,26.9935,116,0
CEFA.US,D,20231011,000000,27.0528,27.0528,27.0528,27.0528,55,0
CEFA.US,D,20231012,000000,27.05,27.05,26.7703,26.7703,500,0
CEFA.US,D,20231013,000000,26.58,26.58,26.5227,26.5227,498,0
CEFA.US,D,20231016,000000,26.8,26.8,26.8,26.8,46,0
CEFA.US,D,20231017,000000,26.7082,26.7374,26.7082,26.7374,266,0
CEFA.US,D,20231018,000000,26.37,26.37,26.3093,26.3093,261,0
CEFA.US,D,20231019,000000,26.13,26.13,26.13,26.13,1,0
CEFA.US,D,20231020,000000,25.91,25.91,25.91,25.91,116,0
CEFA.US,D,20231023,000000,26.0399,26.11,25.98,25.98,6020,0
CEFA.US,D,20231024,000000,26.0894,26.0933,26.0894,26.0933,339,0
CEFA.US,D,20231025,000000,25.935,25.935,25.935,25.935,1,0
CEFA.US,D,20231026,000000,25.7669,25.7719,25.75,25.7719,5854,0
CEFA.US,D,20231027,000000,25.7555,25.7555,25.7555,25.7555,43,0
CEFA.US,D,20231030,000000,26.0549,26.0549,26.0549,26.0549,4,0
CEFA.US,D,20231031,000000,26.1706,26.1706,26.1706,26.1706,218,0
CEFA.US,D,20231101,000000,26.455,26.455,26.455,26.455,38,0
CEFA.US,D,20231102,000000,27.09,27.09,27.09,27.09,87,0
CEFA.US,D,20231103,000000,27.3401,27.3794,27.3401,27.3794,197,0
CEFA.US,D,20231106,000000,27.33,27.34,27.28,27.28,1339,0
CEFA.US,D,20231107,000000,27.09,27.09,27.09,27.09,37,0
CEFA.US,D,20231108,000000,26.9944,26.9944,26.9944,26.9944,11,0
CEFA.US,D,20231109,000000,26.97,26.97,26.97,26.97,32,0
CEFA.US,D,20231110,000000,27.1103,27.1103,27.1103,27.1103,9,0
CEFA.US,D,20231113,000000,27.16,27.16,27.16,27.16,46,0
CEFA.US,D,20231114,000000,27.88,27.9097,27.825,27.9097,890,0
CEFA.US,D,20231115,000000,28.16,28.16,27.8601,27.96,751,0
CEFA.US,D,20231116,000000,27.825,27.91,27.825,27.91,169,0
CEFA.US,D,20231117,000000,28.18,28.25,28.18,28.25,200,0
CEFA.US,D,20231120,000000,28.25,28.38,28.211,28.2869,21567,0
CEFA.US,D,20231121,000000,28.1198,28.1198,28.1198,28.1198,50,0
CEFA.US,D,20231122,000000,28.2138,28.2138,28.2138,28.2138,13,0
CEFA.US,D,20231124,000000,28.302,28.45,28.302,28.42,823,0
CEFA.US,D,20231127,000000,28.3317,28.43,28.3,28.3508,2047,0
CEFA.US,D,20231128,000000,28.3468,28.3468,28.3468,28.3468,4,0
CEFA.US,D,20231129,000000,28.7,28.7,28.4101,28.4101,201,0
CEFA.US,D,20231130,000000,28.43,28.47,28.43,28.4691,1955,0
CEFA.US,D,20231201,000000,28.84,28.85,28.829,28.829,13206,0
CEFA.US,D,20231204,000000,28.59,28.59,28.59,28.59,15,0
CEFA.US,D,20231205,000000,28.5085,28.5085,28.5085,28.5085,12,0
CEFA.US,D,20231206,000000,28.69,28.83,28.6176,28.6176,5195,0
CEFA.US,D,20231207,000000,28.65,28.8216,28.65,28.8216,1506,0
CEFA.US,D,20231208,000000,28.865,28.865,28.865,28.865,3,0
CEFA.US,D,20231211,000000,28.88,28.905,28.88,28.905,242,0
CEFA.US,D,20231212,000000,28.9105,28.9105,28.9105,28.9105,273,0
CEFA.US,D,20231213,000000,28.76,29.3886,28.76,29.3886,950,0
CEFA.US,D,20231214,000000,29.6,29.661,29.59,29.661,261,0
CEFA.US,D,20231215,000000,29.42,29.47,29.19,29.24,12925,0
CEFA.US,D,20231218,000000,29.59,29.59,29.27,29.3197,2321,0
CEFA.US,D,20231219,000000,29.64,29.64,28.02,29.5624,2914,0
CEFA.US,D,20231220,000000,29.6532,29.6532,29.3,29.3,168,0
CEFA.US,D,20231221,000000,29.6578,29.6578,29.6578,29.6578,10,0
CEFA.US,D,20231222,000000,29.8129,29.8129,29.76,29.76,480,0
CEFA.US,D,20231226,000000,29.78,29.8841,29.78,29.8841,481,0
CEFA.US,D,20231227,000000,29.89,30.0931,29.87,29.9759,1364,0
CEFA.US,D,20231228,000000,29.61,29.675,29.5,29.675,3583,0
CEFA.US,D,20231229,000000,29.48,29.5584,29.4601,29.5584,2685,0
CEFA.US,D,20240102,000000,29.225,29.225,29.225,29.225,118,0
CEFA.US,D,20240103,000000,28.875,28.903,28.875,28.903,270,0
CEFA.US,D,20240104,000000,29.1043,29.1043,28.9415,28.9415,784,0
CEFA.US,D,20240105,000000,28.97,28.98,28.938,28.945,1344,0
CEFA.US,D,20240108,000000,29.1057,29.3135,29.09,29.3135,1206,0
CEFA.US,D,20240109,000000,29.03,29.08,29.0256,29.0256,1245,0
CEFA.US,D,20240110,000000,29.25,29.25,29.21,29.2433,2627,0
CEFA.US,D,20240111,000000,29.22,29.2675,29.22,29.2675,203,0
CEFA.US,D,20240112,000000,29.3937,29.3937,29.3937,29.3937,14,0
CEFA.US,D,20240116,000000,29.19,29.19,28.825,28.825,508,0
CEFA.US,D,20240117,000000,28.52,28.59,28.52,28.5595,672,0
CEFA.US,D,20240118,000000,28.63,28.7926,28.63,28.7926,7342,0
CEFA.US,D,20240119,000000,28.8797,28.8797,28.8797,28.8797,12,0
CEFA.US,D,20240122,000000,29.0142,29.0142,28.983,28.983,406,0
CEFA.US,D,20240123,000000,28.9357,28.969,28.9357,28.963,4885,0
CEFA.US,D,20240124,000000,29.17,29.17,29.17,29.17,15,0
CEFA.US,D,20240125,000000,29.21,29.27,29.1487,29.2679,3920,0
CEFA.US,D,20240126,000000,29.3401,29.4298,29.3401,29.3643,2318,0
CEFA.US,D,20240129,000000,29.48,29.48,29.48,29.48,106,0
CEFA.US,D,20240130,000000,29.5201,29.5201,29.5201,29.5201,189,0
CEFA.US,D,20240131,000000,29.7,29.7,29.3564,29.3564,460,0
CEFA.US,D,20240201,000000,29.7,29.73,29.6794,29.6794,1550,0
CEFA.US,D,20240202,000000,29.42,29.4528,29.41,29.4528,1293,0
CEFA.US,D,20240205,000000,29.36,29.36,29.3191,29.3191,329,0
CEFA.US,D,20240206,000000,29.46,29.46,29.46,29.46,4,0
CEFA.US,D,20240207,000000,29.4434,29.5314,29.401,29.5314,680,0
CEFA.US,D,20240208,000000,29.5365,29.5365,29.5365,29.5365,112,0
CEFA.US,D,20240209,000000,29.26,29.64,29.26,29.64,111,0
CEFA.US,D,20240212,000000,29.82,29.83,29.7255,29.7255,428,0
CEFA.US,D,20240213,000000,29.2189,29.2189,29.2189,29.2189,149,0
CEFA.US,D,20240214,000000,29.539,29.539,29.539,29.539,2,0
CEFA.US,D,20240215,000000,29.8,29.8911,29.8,29.8911,244,0
CEFA.US,D,20240216,000000,29.9359,29.9359,29.9359,29.9359,1,0
CEFA.US,D,20240220,000000,29.97,29.97,29.97,29.97,3,0
CEFA.US,D,20240221,000000,30.0772,30.0772,30.0772,30.0772,9,0
CEFA.US,D,20240222,000000,30.466,30.466,30.466,30.466,12,0
CEFA.US,D,20240223,000000,30.4619,30.4619,30.4619,30.4619,1,0
CEFA.US,D,20240226,000000,30.525,30.56,30.5071,30.5071,4140,0
CEFA.US,D,20240227,000000,30.61,30.61,30.61,30.61,7,0
CEFA.US,D,20240228,000000,30.15,30.41,30.15,30.39,1797,0
CEFA.US,D,20240229,000000,30.5788,30.5788,30.5788,30.5788,124,0
CEFA.US,D,20240301,000000,30.8108,30.8787,30.8108,30.8787,332,0
CEFA.US,D,20240304,000000,30.79,30.79,30.79,30.79,62,0
CEFA.US,D,20240305,000000,30.7498,30.7498,30.7498,30.7498,3,0
CEFA.US,D,20240306,000000,31.12,31.12,31.12,31.12,1,0
CEFA.US,D,20240307,000000,31.4464,31.4464,31.4156,31.4156,1091,0
CEFA.US,D,20240308,000000,31.4801,31.4801,31.2701,31.3335,3089,0
CEFA.US,D,20240311,000000,31,31.07,30.96,31.07,1258,0
CEFA.US,D,20240312,000000,31.2936,31.2936,31.2936,31.2936,42,0
CEFA.US,D,20240313,000000,31.3084,31.3084,31.3084,31.3084,6,0
CEFA.US,D,20240314,000000,31.08,31.08,30.95,31.0166,612,0
CEFA.US,D,20240315,000000,31.06,31.1011,31.06,31.1011,266,0
CEFA.US,D,20240318,000000,31.1114,31.1114,31.1114,31.1114,8,0
CEFA.US,D,20240319,000000,31.11,31.1814,31.11,31.1814,157,0
CEFA.US,D,20240320,000000,31.4539,31.4539,31.4539,31.4539,123,0
CEFA.US,D,20240321,000000,31.51,31.5122,31.51,31.5122,204,0
CEFA.US,D,20240322,000000,31.435,31.4353,31.4284,31.4284,509,0
CEFA.US,D,20240325,000000,31.34,31.47,31.33,31.33,4810,0
CEFA.US,D,20240326,000000,31.3547,31.4232,31.3547,31.3885,2152,0
CEFA.US,D,20240327,000000,31.79,31.79,31.54,31.5588,1718,0
CEFA.US,D,20240328,000000,31.4662,31.5,31.4548,31.4548,2539,0
CEFA.US,D,20240401,000000,31.305,31.35,31.2796,31.2796,312,0
CEFA.US,D,20240402,000000,31.0952,31.0952,31.0952,31.0952,84,0
CEFA.US,D,20240403,000000,31.1042,31.1839,31.1042,31.1839,1008,0
CEFA.US,D,20240404,000000,30.9811,30.9811,30.9811,30.9811,10,0
CEFA.US,D,20240405,000000,30.9,31.1047,30.9,31.1047,299,0
CEFA.US,D,20240408,000000,31.305,31.305,31.305,31.305,310,0
CEFA.US,D,20240409,000000,31.27,31.27,31.1588,31.2568,1055,0
CEFA.US,D,20240410,000000,30.8326,30.89,30.8235,30.8235,478,0
CEFA.US,D,20240411,000000,30.8797,30.8797,30.8797,30.8797,110,0
CEFA.US,D,20240412,000000,30.5908,30.64,30.3582,30.372,11265,0
CEFA.US,D,20240415,000000,30.64,30.64,30.2733,30.2733,252,0
CEFA.US,D,20240416,000000,30.0162,30.0162,30.0162,30.0162,72,0
CEFA.US,D,20240417,000000,29.91,30.16,29.91,29.9931,7358,0
CEFA.US,D,20240418,000000,29.91,29.91,29.9006,29.9006,510,0
CEFA.US,D,20240419,000000,29.98,29.98,29.98,29.98,253,0
CEFA.US,D,20240422,000000,30.33,30.33,30.2163,30.2163,4060,0
CEFA.US,D,20240423,000000,30.63,30.63,30.63,30.63,11,0
CEFA.US,D,20240424,000000,30.5372,30.5372,30.5372,30.5372,4,0
CEFA.US,D,20240425,000000,30.3147,30.3147,30.3147,30.3147,34,0
CEFA.US,D,20240426,000000,30.5,30.5,30.5,30.5,6,0
CEFA.US,D,20240429,000000,30.57,30.59,30.51,30.59,2656,0
CEFA.US,D,20240430,000000,30.7,30.7,30.2749,30.2749,1081,0
CEFA.US,D,20240501,000000,30.1503,30.238,30.1503,30.238,272,0
CEFA.US,D,20240502,000000,30.57,30.57,30.57,30.57,245,0
CEFA.US,D,20240503,000000,31.0394,31.1486,30.94,31.0656,59706,0
CEFA.US,D,20240506,000000,31.11,31.23,31.1045,31.23,6902,0
CEFA.US,D,20240507,000000,31.2604,31.2604,31.2604,31.2604,66,0
CEFA.US,D,20240508,000000,31.41,31.41,31.13,31.25,696,0
CEFA.US,D,20240509,000000,31.31,31.44,31.31,31.44,293207,0
CEFA.US,D,20240510,000000,31.38,31.38,31.33,31.33,615,0
CEFA.US,D,20240513,000000,31.57,31.57,31.34,31.46,646,0
CEFA.US,D,20240514,000000,31.59,31.654,31.59,31.654,141,0
CEFA.US,D,20240515,000000,31.93,31.9693,31.93,31.9693,125,0
CEFA.US,D,20240516,000000,31.9,31.9,31.9,31.9,42,0
CEFA.US,D,20240517,000000,31.9648,31.9648,31.9648,31.9648,38,0
CEFA.US,D,20240520,000000,32.31,32.31,31.99,32.02,351,0
CEFA.US,D,20240521,000000,31.8894,31.8894,31.8894,31.8894,9,0
CEFA.US,D,20240522,000000,31.515,31.62,31.431,31.62,977,0
CEFA.US,D,20240523,000000,32.16,32.16,31.415,31.415,308,0
CEFA.US,D,20240524,000000,31.64,31.76,31.64,31.76,103,0
CEFA.US,D,20240528,000000,31.68,31.68,31.68,31.68,10,0
CEFA.US,D,20240529,000000,31.32,31.32,31.15,31.2066,7297,0
CEFA.US,D,20240530,000000,31.41,31.41,31.41,31.41,57,0
CEFA.US,D,20240531,000000,31.721,31.721,31.721,31.721,66,0
CEFA.US,D,20240603,000000,31.74,31.84,31.65,31.8047,418,0
CEFA.US,D,20240604,000000,31.64,31.79,31.64,31.79,242,0
CEFA.US,D,20240605,000000,31.69,32.05,31.69,32.05,114,0
CEFA.US,D,20240606,000000,31.97,32.0525,31.97,32.0525,107,0
CEFA.US,D,20240607,000000,31.72,31.72,31.63,31.68,2568,0
CEFA.US,D,20240610,000000,31.46,31.78,31.46,31.78,180,0
CEFA.US,D,20240611,000000,31.23,31.42,31.23,31.42,472,0
CEFA.US,D,20240612,000000,31.85,31.9253,31.63,31.66,2771,0
CEFA.US,D,20240613,000000,31.2909,31.2948,31.22,31.2948,437,0
CEFA.US,D,20240614,000000,31,31,31,31,99,0
CEFA.US,D,20240617,000000,31.1,31.14,31.09,31.14,415,0
CEFA.US,D,20240618,000000,31.075,31.26,31.075,31.26,244,0
CEFA.US,D,20240620,000000,31.22,31.22,31.22,31.22,146,0
CEFA.US,D,20240621,000000,31.07,31.07,30.98,30.98,1935,0
CEFA.US,D,20240624,000000,31.2902,31.2903,31.2331,31.2331,373,0
CEFA.US,D,20240625,000000,31.345,31.4,31.345,31.4,210,0
CEFA.US,D,20240626,000000,31.1863,31.1863,31.1863,31.1863,5,0
CEFA.US,D,20240627,000000,30.58,30.58,30.58,30.58,142,0
CEFA.US,D,20240628,000000,30.5501,30.5501,30.5,30.5,314,0
CEFA.US,D,20240701,000000,30.63,30.63,30.63,30.63,20,0
CEFA.US,D,20240702,000000,30.75,30.75,30.75,30.75,12,0
CEFA.US,D,20240703,000000,31.025,31.025,31.025,31.025,131,0
CEFA.US,D,20240705,000000,31.095,31.218,31.095,31.218,931,0
CEFA.US,D,20240708,000000,31.18,31.18,31.12,31.12,1170,0
CEFA.US,D,20240709,000000,30.8701,30.97,30.8701,30.97,258,0
CEFA.US,D,20240710,000000,31.3604,31.3604,31.3604,31.3604,43,0
CEFA.US,D,20240711,000000,31.56,31.64,31.39,31.39,3141,0
CEFA.US,D,20240712,000000,31.813,31.813,31.813,31.813,148,0
CEFA.US,D,20240715,000000,31.75,31.75,31.6,31.6,244,0
CEFA.US,D,20240716,000000,31.71,31.71,31.71,31.71,85,0
CEFA.US,D,20240717,000000,31.43,31.43,31.34,31.34,222,0
CEFA.US,D,20240718,000000,31.4,31.4001,31.2,31.2,499,0
CEFA.US,D,20240719,000000,30.9684,30.9684,30.9684,30.9684,36,0
CEFA.US,D,20240722,000000,31.36,31.36,31.36,31.36,120,0
CEFA.US,D,20240723,000000,31.145,31.2,31.145,31.2,208,0
CEFA.US,D,20240724,000000,30.976,30.976,30.78,30.78,294,0
CEFA.US,D,20240725,000000,30.575,30.575,30.575,30.575,23,0
CEFA.US,D,20240726,000000,30.96,31.04,30.96,31.04,906,0
CEFA.US,D,20240729,000000,30.9497,30.95,30.9497,30.95,140,0
CEFA.US,D,20240730,000000,30.87,30.87,30.87,30.87,62,0
CEFA.US,D,20240731,000000,31.44,31.44,31.43,31.43,1115,0
CEFA.US,D,20240801,000000,30.58,30.59,30.4352,30.4352,651,0
CEFA.US,D,20240802,000000,29.829,30.04,29.77,30.04,777,0
CEFA.US,D,20240805,000000,29.55,29.6,29.376,29.376,1748,0
CEFA.US,D,20240806,000000,29.29,29.3404,29.29,29.3404,289,0
CEFA.US,D,20240807,000000,29.5188,29.5188,29.5188,29.5188,7,0
CEFA.US,D,20240808,000000,30.11,30.21,30.11,30.1391,1096,0
CEFA.US,D,20240809,000000,30.1687,30.1687,30.1687,30.1687,3,0
CEFA.US,D,20240812,000000,30.16,30.16,30.08,30.15,1423,0
CEFA.US,D,20240813,000000,30.33,30.65,30.33,30.65,309,0
CEFA.US,D,20240814,000000,30.63,30.74,30.63,30.74,869,0
CEFA.US,D,20240815,000000,31.13,31.13,31.0781,31.0781,9442,0
CEFA.US,D,20240816,000000,31.22,31.2355,31.165,31.2355,233,0
CEFA.US,D,20240819,000000,31.668,31.668,31.668,31.668,67,0
CEFA.US,D,20240820,000000,31.56,31.56,31.56,31.56,31,0
CEFA.US,D,20240821,000000,31.8605,31.8605,31.8605,31.8605,62,0
CEFA.US,D,20240822,000000,31.68,31.68,31.68,31.68,91,0
CEFA.US,D,20240823,000000,32.209,32.21,32.209,32.21,193,0
CEFA.US,D,20240826,000000,32.2279,32.2279,32.05,32.05,301,0
CEFA.US,D,20240827,000000,32.27,32.27,32.27,32.27,108,0
CEFA.US,D,20240828,000000,32.09,32.09,32.09,32.09,540,0
CEFA.US,D,20240829,000000,32.25,32.25,32.25,32.25,9,0
CEFA.US,D,20240830,000000,32.3101,32.3101,32.3101,32.3101,31,0
CEFA.US,D,20240903,000000,31.91,33,31.91,33,4543,0
CEFA.US,D,20240904,000000,31.5693,31.5693,31.54,31.54,363,0
CEFA.US,D,20240905,000000,31.57,31.57,31.57,31.57,7,0
CEFA.US,D,20240906,000000,31.0181,31.0181,31.0181,31.0181,33,0
CEFA.US,D,20240909,000000,31.42,31.42,31.3551,31.3551,137,0
CEFA.US,D,20240910,000000,30.91,31.23,30.91,31.23,1056,0
CEFA.US,D,20240911,000000,30.87,31.4174,30.87,31.4174,738,0
CEFA.US,D,20240912,000000,31.73,31.73,31.73,31.73,45,0
CEFA.US,D,20240913,000000,31.72,31.7389,31.72,31.7389,11128,0
CEFA.US,D,20240916,000000,31.9481,31.9481,31.9481,31.9481,11,0
CEFA.US,D,20240917,000000,31.7884,31.7884,31.7884,31.7884,159,0
CEFA.US,D,20240918,000000,31.63,31.63,31.63,31.63,41,0
CEFA.US,D,20240919,000000,32.278,32.43,32.278,32.3389,4044,0
CEFA.US,D,20240920,000000,32.36,32.36,32.01,32.0875,1133,0
CEFA.US,D,20240923,000000,32.2784,32.2784,32.2784,32.2784,196,0
CEFA.US,D,20240924,000000,32.46,32.47,32.4081,32.4081,3382,0
CEFA.US,D,20240925,000000,32.49,32.49,32.2248,32.2248,992,0
CEFA.US,D,20240926,000000,33.05,33.07,32.9994,32.9994,503,0
CEFA.US,D,20240927,000000,32.8172,32.8172,32.8172,32.8172,34,0
CEFA.US,D,20240930,000000,32.7,32.7343,32.7,32.7343,236,0
CEFA.US,D,20241001,000000,32.6024,32.62,32.5113,32.5113,370,0
CEFA.US,D,20241002,000000,32.53,32.55,32.4782,32.4868,3368,0
CEFA.US,D,20241003,000000,32.15,32.3,32.15,32.1915,4354,0
CEFA.US,D,20241004,000000,32.3916,32.3916,32.3916,32.3916,31,0
CEFA.US,D,20241007,000000,32.1779,32.1779,32.1779,32.1779,86,0
CEFA.US,D,20241008,000000,32.1369,32.1369,32.1369,32.1369,23,0
CEFA.US,D,20241009,000000,32.1854,32.1854,32.1854,32.1854,1,0
CEFA.US,D,20241010,000000,32.06,32.1284,32.06,32.1284,242,0
CEFA.US,D,20241011,000000,32.2931,32.2931,32.2931,32.2931,61,0
CEFA.US,D,20241014,000000,32.3786,32.3786,32.3786,32.3786,13,0
CEFA.US,D,20241015,000000,32.41,32.41,31.7978,31.7978,746,0
CEFA.US,D,20241016,000000,31.78,31.8186,31.78,31.8186,832,0
CEFA.US,D,20241017,000000,31.8176,31.8176,31.8176,31.8176,9,0
CEFA.US,D,20241018,000000,32.0724,32.0724,32.0724,32.0724,1,0
CEFA.US,D,20241021,000000,31.7056,31.7056,31.7056,31.7056,6,0
CEFA.US,D,20241022,000000,31.62,31.62,31.49,31.5618,562,0
CEFA.US,D,20241023,000000,31.1787,31.1787,31.1787,31.1787,136,0
CEFA.US,D,20241024,000000,31.2911,31.3566,31.25,31.3566,2146,0
CEFA.US,D,20241025,000000,31.2622,31.2622,31.2622,31.2622,40,0
CEFA.US,D,20241028,000000,31.5115,31.5115,31.5115,31.5115,18,0
CEFA.US,D,20241029,000000,31.4438,31.4438,31.4438,31.4438,119,0
CEFA.US,D,20241030,000000,31.34,31.34,31.2056,31.2056,213,0
CEFA.US,D,20241031,000000,30.87,31.0144,30.85,31.0144,5437,0
CEFA.US,D,20241104,000000,31.21,31.21,31.0601,31.0701,3427,0
