<TICKER>,<PER>,<DATE>,<TIME>,<OPEN>,<HIGH>,<LOW>,<CLOSE>,<VOL>,<OPENINT>
CLOU.US,D,20190417,000000,14.916,14.916,14.493,14.534,1435657,0
CLOU.US,D,20190418,000000,14.642,14.642,14.288,14.514,1011157,0
CLOU.US,D,20190422,000000,14.514,14.77,14.504,14.77,329995,0
CLOU.US,D,20190423,000000,14.837,15.004,14.819,14.973,461296,0
CLOU.US,D,20190424,000000,15.044,15.083,14.945,14.975,501192,0
CLOU.US,D,20190425,000000,15.122,15.162,14.955,15.103,612189,0
CLOU.US,D,20190426,000000,15.191,15.309,14.955,15.309,528817,0
CLOU.US,D,20190429,000000,15.319,15.437,15.284,15.368,1094656,0
CLOU.US,D,20190430,000000,15.368,15.453,15.23,15.348,572004,0
CLOU.US,D,20190501,000000,15.456,15.456,15.162,15.162,84469,0
CLOU.US,D,20190502,000000,15.25,15.368,15.083,15.23,314464,0
CLOU.US,D,20190503,000000,15.378,15.505,15.299,15.486,183446,0
CLOU.US,D,20190506,000000,15.25,15.476,15.132,15.475,156052,0
CLOU.US,D,20190507,000000,15.427,15.427,14.926,15.122,567208,0
CLOU.US,D,20190508,000000,14.985,15.044,14.877,14.985,421877,0
CLOU.US,D,20190509,000000,14.916,15.004,14.583,14.974,361825,0
CLOU.US,D,20190510,000000,15.024,15.211,14.74,15.181,325059,0
CLOU.US,D,20190513,000000,14.975,14.975,14.416,14.435,516086,0
CLOU.US,D,20190514,000000,14.583,14.828,14.563,14.74,173813,0
CLOU.US,D,20190515,000000,14.77,15.078,14.701,15.034,1086930,0
CLOU.US,D,20190516,000000,15.132,15.555,15.086,15.456,540278,0
CLOU.US,D,20190517,000000,15.456,15.525,15.28,15.28,391370,0
CLOU.US,D,20190520,000000,15.152,15.152,14.926,15.004,261177,0
CLOU.US,D,20190521,000000,15.122,15.255,15.122,15.201,216703,0
CLOU.US,D,20190522,000000,15.201,15.348,15.171,15.23,508614,0
CLOU.US,D,20190523,000000,15.171,15.171,14.857,14.926,244650,0
CLOU.US,D,20190524,000000,15.073,15.148,14.988,15.044,113440,0
CLOU.US,D,20190528,000000,15.142,15.423,15.142,15.181,2572809,0
CLOU.US,D,20190529,000000,15.162,15.162,14.828,14.896,3759853,0
CLOU.US,D,20190530,000000,14.995,15.073,14.877,14.995,714359,0
CLOU.US,D,20190531,000000,14.886,14.985,14.77,14.828,243989,0
CLOU.US,D,20190603,000000,14.877,14.877,14.111,14.18,1844526,0
CLOU.US,D,20190604,000000,14.357,14.661,14.19,14.661,817303,0
CLOU.US,D,20190605,000000,14.799,14.975,14.661,14.936,164288,0
CLOU.US,D,20190606,000000,14.945,15.142,14.862,15.063,1276743,0
CLOU.US,D,20190607,000000,15.171,15.367,15.171,15.338,108361,0
CLOU.US,D,20190610,000000,15.427,15.663,15.368,15.368,295829,0
CLOU.US,D,20190611,000000,15.545,15.555,15.042,15.171,306655,0
CLOU.US,D,20190612,000000,15.171,15.24,15.093,15.221,278517,0
CLOU.US,D,20190613,000000,15.319,15.319,15.221,15.28,137591,0
CLOU.US,D,20190614,000000,15.289,15.289,15.073,15.142,208222,0
CLOU.US,D,20190617,000000,15.211,15.466,15.211,15.368,145026,0
CLOU.US,D,20190618,000000,15.447,15.673,15.447,15.564,97883,0
CLOU.US,D,20190619,000000,15.584,15.844,15.535,15.83,492457,0
CLOU.US,D,20190620,000000,16.056,16.154,15.879,15.987,1121201,0
CLOU.US,D,20190621,000000,15.987,15.987,15.79,15.81,972496,0
CLOU.US,D,20190624,000000,15.889,15.889,15.564,15.564,298703,0
CLOU.US,D,20190625,000000,15.614,15.614,15.162,15.162,676423,0
CLOU.US,D,20190626,000000,15.309,15.447,15.181,15.22,69578,0
CLOU.US,D,20190627,000000,15.28,15.515,15.211,15.515,78539,0
CLOU.US,D,20190628,000000,15.515,15.609,15.388,15.545,92336,0
CLOU.US,D,20190701,000000,15.79,15.908,15.628,15.722,211246,0
CLOU.US,D,20190702,000000,15.751,15.928,15.732,15.923,769876,0
CLOU.US,D,20190703,000000,15.928,16.105,15.928,16.085,204427,0
CLOU.US,D,20190705,000000,16.085,16.154,15.859,16.134,602021,0
CLOU.US,D,20190708,000000,16.056,16.134,15.977,16.115,424769,0
CLOU.US,D,20190709,000000,16.056,16.292,16.056,16.272,238578,0
CLOU.US,D,20190710,000000,16.341,16.507,16.341,16.399,340352,0
CLOU.US,D,20190711,000000,16.409,16.467,16.301,16.389,443224,0
CLOU.US,D,20190712,000000,16.418,16.446,16.232,16.409,343446,0
CLOU.US,D,20190715,000000,16.418,16.497,16.351,16.477,240839,0
CLOU.US,D,20190716,000000,16.497,16.507,16.262,16.282,376335,0
CLOU.US,D,20190717,000000,16.282,16.467,16.282,16.369,294916,0
CLOU.US,D,20190718,000000,16.301,16.341,16.164,16.311,221379,0
CLOU.US,D,20190719,000000,16.399,16.497,16.154,16.154,208298,0
CLOU.US,D,20190722,000000,16.193,16.351,16.193,16.272,177990,0
CLOU.US,D,20190723,000000,16.389,16.389,16.056,16.144,258576,0
CLOU.US,D,20190724,000000,16.351,16.399,16.134,16.351,389338,0
CLOU.US,D,20190725,000000,16.399,16.448,16.253,16.351,324378,0
CLOU.US,D,20190726,000000,16.399,16.644,16.399,16.576,172710,0
CLOU.US,D,20190729,000000,16.635,16.654,15.97,16.193,313436,0
CLOU.US,D,20190730,000000,16.184,16.262,16.056,16.233,626577,0
CLOU.US,D,20190731,000000,16.213,16.213,15.673,15.859,291388,0
CLOU.US,D,20190801,000000,15.938,16.191,15.83,15.879,288193,0
CLOU.US,D,20190802,000000,15.879,15.879,15.496,15.633,268249,0
CLOU.US,D,20190805,000000,15.329,15.329,14.74,14.945,373384,0
CLOU.US,D,20190806,000000,15.024,15.25,14.926,15.024,316054,0
CLOU.US,D,20190807,000000,14.985,15.181,14.837,15.093,465762,0
CLOU.US,D,20190808,000000,15.28,15.628,15.24,15.614,119712,0
CLOU.US,D,20190809,000000,15.564,15.63,15.442,15.594,294525,0
CLOU.US,D,20190812,000000,15.535,15.535,15.23,15.289,216579,0
CLOU.US,D,20190813,000000,15.319,15.535,15.27,15.506,181385,0
CLOU.US,D,20190814,000000,15.27,15.27,14.74,14.906,387567,0
CLOU.US,D,20190815,000000,14.975,15.004,14.779,14.886,76704,0
CLOU.US,D,20190816,000000,15.024,15.27,15.024,15.26,92590,0
CLOU.US,D,20190819,000000,15.417,15.456,15.221,15.27,221377,0
CLOU.US,D,20190820,000000,15.26,15.319,15.142,15.27,224611,0
CLOU.US,D,20190821,000000,15.417,15.633,15.378,15.496,79525,0
CLOU.US,D,20190822,000000,15.584,15.613,15.29,15.525,169971,0
CLOU.US,D,20190823,000000,15.545,15.761,15.245,15.27,168162,0
CLOU.US,D,20190826,000000,15.407,15.496,15.27,15.496,125868,0
CLOU.US,D,20190827,000000,15.515,15.653,15.26,15.417,167651,0
CLOU.US,D,20190828,000000,15.378,15.378,15.103,15.162,171076,0
CLOU.US,D,20190829,000000,15.26,15.466,15.26,15.417,98718,0
CLOU.US,D,20190830,000000,15.466,15.515,15.103,15.309,171885,0
CLOU.US,D,20190903,000000,15.24,15.27,15.044,15.093,211926,0
CLOU.US,D,20190904,000000,15.319,15.476,15.319,15.358,328953,0
CLOU.US,D,20190905,000000,15.525,15.633,15.392,15.633,474593,0
CLOU.US,D,20190906,000000,15.692,15.692,15.368,15.388,138654,0
CLOU.US,D,20190909,000000,15.515,15.515,14.75,14.926,243914,0
CLOU.US,D,20190910,000000,14.799,14.926,14.632,14.77,397721,0
CLOU.US,D,20190911,000000,14.72,14.799,14.603,14.711,438905,0
CLOU.US,D,20190912,000000,14.818,15.013,14.818,14.837,50099,0
CLOU.US,D,20190913,000000,14.867,14.867,14.593,14.593,60117,0
CLOU.US,D,20190916,000000,14.504,14.76,14.456,14.701,492674,0
CLOU.US,D,20190917,000000,14.779,14.882,14.74,14.857,586490,0
CLOU.US,D,20190918,000000,14.886,14.886,14.608,14.818,439519,0
CLOU.US,D,20190919,000000,14.877,14.955,14.738,14.857,122147,0
CLOU.US,D,20190920,000000,14.945,14.998,14.73,14.877,463901,0
CLOU.US,D,20190923,000000,14.857,14.955,14.789,14.847,586010,0
CLOU.US,D,20190924,000000,14.916,14.916,14.445,14.475,401182,0
CLOU.US,D,20190925,000000,14.534,14.617,14.209,14.603,573934,0
CLOU.US,D,20190926,000000,14.573,14.652,14.455,14.563,823040,0
CLOU.US,D,20190927,000000,14.612,14.612,14.042,14.229,236365,0
CLOU.US,D,20190930,000000,14.259,14.421,14.111,14.386,109122,0
CLOU.US,D,20191001,000000,14.435,14.46,14.322,14.347,97574,0
CLOU.US,D,20191002,000000,14.278,14.278,14.042,14.16,229425,0
CLOU.US,D,20191003,000000,14.19,14.538,14.017,14.485,55974,0
CLOU.US,D,20191004,000000,14.573,14.691,14.485,14.671,87250,0
CLOU.US,D,20191007,000000,14.661,14.818,14.632,14.73,98866,0
CLOU.US,D,20191008,000000,14.701,14.701,14.308,14.337,161646,0
CLOU.US,D,20191009,000000,14.445,14.66,14.435,14.553,83565,0
CLOU.US,D,20191010,000000,14.573,14.652,14.534,14.573,78097,0
CLOU.US,D,20191011,000000,14.73,15.014,14.73,14.867,144259,0
CLOU.US,D,20191014,000000,14.877,14.995,14.877,14.975,93277,0
CLOU.US,D,20191015,000000,14.975,15.073,14.965,14.985,122338,0
CLOU.US,D,20191016,000000,14.877,14.877,14.495,14.612,142697,0
CLOU.US,D,20191017,000000,14.622,14.681,14.494,14.534,116400,0
CLOU.US,D,20191018,000000,14.534,14.534,14.015,14.229,138554,0
CLOU.US,D,20191021,000000,14.259,14.351,14.17,14.278,119192,0
CLOU.US,D,20191022,000000,14.416,14.416,14.003,14.003,118702,0
CLOU.US,D,20191023,000000,14.003,14.249,13.983,14.072,84159,0
CLOU.US,D,20191024,000000,14.239,14.514,14.239,14.501,120074,0
CLOU.US,D,20191025,000000,14.475,14.536,14.337,14.494,127503,0
CLOU.US,D,20191028,000000,14.619,14.671,14.494,14.632,68613,0
CLOU.US,D,20191029,000000,14.652,14.7,14.534,14.612,79876,0
CLOU.US,D,20191030,000000,14.632,14.818,14.485,14.789,305513,0
CLOU.US,D,20191031,000000,14.74,14.74,14.485,14.573,89489,0
CLOU.US,D,20191101,000000,14.661,14.778,14.534,14.74,80560,0
CLOU.US,D,20191104,000000,14.799,14.857,14.593,14.593,157433,0
CLOU.US,D,20191105,000000,14.612,14.632,14.386,14.534,86406,0
CLOU.US,D,20191106,000000,14.544,14.593,14.457,14.485,121705,0
CLOU.US,D,20191107,000000,14.534,14.622,14.347,14.426,189518,0
CLOU.US,D,20191108,000000,14.435,14.603,14.367,14.553,179933,0
CLOU.US,D,20191111,000000,14.475,14.68,14.455,14.627,323179,0
CLOU.US,D,20191112,000000,14.642,14.74,14.612,14.691,101090,0
CLOU.US,D,20191113,000000,14.593,14.799,14.593,14.794,128901,0
CLOU.US,D,20191114,000000,14.789,14.818,14.72,14.74,202924,0
CLOU.US,D,20191115,000000,14.789,14.975,14.74,14.955,266928,0
CLOU.US,D,20191118,000000,14.945,15.044,14.886,14.985,262921,0
CLOU.US,D,20191119,000000,15.024,15.191,15.004,15.132,179574,0
CLOU.US,D,20191120,000000,15.132,15.368,15.073,15.181,355353,0
CLOU.US,D,20191121,000000,15.211,15.362,15.142,15.221,213554,0
CLOU.US,D,20191122,000000,15.25,15.319,15.171,15.27,223557,0
CLOU.US,D,20191125,000000,15.319,15.506,15.319,15.466,226996,0
CLOU.US,D,20191126,000000,15.476,15.643,15.466,15.604,235966,0
CLOU.US,D,20191127,000000,15.643,15.732,15.623,15.727,278436,0
CLOU.US,D,20191129,000000,15.663,15.732,15.653,15.673,236755,0
CLOU.US,D,20191202,000000,15.682,15.732,15.152,15.338,269700,0
CLOU.US,D,20191203,000000,15.132,15.466,15.004,15.466,293677,0
CLOU.US,D,20191204,000000,15.447,15.506,15.33,15.435,142399,0
CLOU.US,D,20191205,000000,15.397,15.417,15.28,15.309,75726,0
CLOU.US,D,20191206,000000,15.338,15.427,15.338,15.354,99825,0
CLOU.US,D,20191209,000000,15.338,15.407,15.289,15.292,101053,0
CLOU.US,D,20191210,000000,15.26,15.289,15.122,15.134,87662,0
CLOU.US,D,20191211,000000,15.112,15.122,14.975,15.064,108192,0
CLOU.US,D,20191212,000000,15.034,15.122,14.886,14.926,170471,0
CLOU.US,D,20191213,000000,14.916,15.103,14.906,15.098,157856,0
CLOU.US,D,20191216,000000,15.152,15.319,15.142,15.26,154309,0
CLOU.US,D,20191217,000000,15.26,15.309,15.201,15.247,234467,0
CLOU.US,D,20191218,000000,15.23,15.456,15.23,15.417,129729,0
CLOU.US,D,20191219,000000,15.348,15.534,15.319,15.524,604476,0
CLOU.US,D,20191220,000000,15.535,15.633,15.535,15.61,155674,0
CLOU.US,D,20191223,000000,15.604,15.633,15.525,15.525,176428,0
CLOU.US,D,20191224,000000,15.525,15.555,15.466,15.535,259282,0
CLOU.US,D,20191226,000000,15.535,15.695,15.535,15.653,174073,0
CLOU.US,D,20191227,000000,15.653,15.682,15.498,15.584,103657,0
CLOU.US,D,20191230,000000,15.555,15.555,15.27,15.407,103643,0
CLOU.US,D,20191231,000000,15.407,15.476,15.378,15.473,36799,0
CLOU.US,D,20200102,000000,15.555,15.761,15.555,15.756,168118,0
CLOU.US,D,20200103,000000,15.594,15.807,15.552,15.767,226117,0
CLOU.US,D,20200106,000000,15.633,16.073,15.633,16.063,427973,0
CLOU.US,D,20200107,000000,16.026,16.164,16.026,16.095,749050,0
CLOU.US,D,20200108,000000,16.046,16.36,16.046,16.262,670449,0
CLOU.US,D,20200109,000000,16.321,16.449,16.311,16.429,238591,0
CLOU.US,D,20200110,000000,16.439,16.557,16.385,16.468,250569,0
CLOU.US,D,20200113,000000,16.468,16.773,16.468,16.719,379503,0
CLOU.US,D,20200114,000000,16.694,16.744,16.537,16.655,394599,0
CLOU.US,D,20200115,000000,16.596,16.92,16.596,16.749,518154,0
CLOU.US,D,20200116,000000,16.803,16.94,16.788,16.929,292084,0
CLOU.US,D,20200117,000000,16.97,16.981,16.842,16.904,241959,0
CLOU.US,D,20200121,000000,16.901,16.999,16.822,16.871,393246,0
CLOU.US,D,20200122,000000,16.95,17.097,16.871,16.877,293747,0
CLOU.US,D,20200123,000000,16.862,17.015,16.822,16.97,198803,0
CLOU.US,D,20200124,000000,17.078,17.196,16.803,16.92,242521,0
CLOU.US,D,20200127,000000,16.636,16.734,16.429,16.648,175064,0
CLOU.US,D,20200128,000000,16.704,16.917,16.685,16.911,336466,0
CLOU.US,D,20200129,000000,16.96,17.019,16.832,16.891,263618,0
CLOU.US,D,20200130,000000,16.862,16.979,16.744,16.975,334694,0
CLOU.US,D,20200131,000000,16.92,17.026,16.694,16.753,218945,0
CLOU.US,D,20200203,000000,16.803,17.009,16.803,17.009,191884,0
CLOU.US,D,20200204,000000,17.146,17.482,17.127,17.451,252651,0
CLOU.US,D,20200205,000000,17.608,17.638,17.058,17.127,601398,0
CLOU.US,D,20200206,000000,17.127,17.196,16.881,17.088,190076,0
CLOU.US,D,20200207,000000,17.048,17.314,17.048,17.176,199322,0
CLOU.US,D,20200210,000000,17.166,17.422,17.097,17.392,263746,0
CLOU.US,D,20200211,000000,17.471,17.508,17.294,17.353,304812,0
CLOU.US,D,20200212,000000,17.53,17.638,17.392,17.52,213982,0
CLOU.US,D,20200213,000000,17.471,17.687,17.426,17.598,225542,0
CLOU.US,D,20200214,000000,17.667,17.814,17.638,17.736,325960,0
CLOU.US,D,20200218,000000,17.707,17.923,17.707,17.883,348439,0
CLOU.US,D,20200219,000000,17.992,18.1,17.987,18.011,295981,0
CLOU.US,D,20200220,000000,18.041,18.109,17.53,17.834,496410,0
CLOU.US,D,20200221,000000,17.834,17.864,17.373,17.51,338647,0
CLOU.US,D,20200224,000000,16.734,17.097,16.596,16.985,536445,0
CLOU.US,D,20200225,000000,17.097,17.097,16.37,16.459,516557,0
CLOU.US,D,20200226,000000,16.459,16.821,16.351,16.486,397083,0
CLOU.US,D,20200227,000000,15.987,16.337,15.722,15.732,435165,0
CLOU.US,D,20200228,000000,15.329,15.859,15.24,15.859,940939,0
CLOU.US,D,20200302,000000,16.016,16.311,15.682,16.262,512174,0
CLOU.US,D,20200303,000000,16.331,16.586,15.673,15.928,214389,0
CLOU.US,D,20200304,000000,16.134,16.468,16.075,16.449,178363,0
CLOU.US,D,20200305,000000,16.105,16.41,15.945,16.095,293181,0
CLOU.US,D,20200306,000000,15.673,15.761,15.196,15.574,342146,0
CLOU.US,D,20200309,000000,14.759,14.896,14.346,14.405,337399,0
CLOU.US,D,20200310,000000,14.857,14.955,14.346,14.955,401004,0
CLOU.US,D,20200311,000000,14.641,14.759,14.091,14.307,291254,0
CLOU.US,D,20200312,000000,13.452,13.717,12.774,13.091,314607,0
CLOU.US,D,20200313,000000,13.658,13.943,12.902,13.919,266726,0
CLOU.US,D,20200316,000000,12.391,13.244,12.214,12.469,191293,0
CLOU.US,D,20200317,000000,12.735,13.383,12.332,13.314,290213,0
CLOU.US,D,20200318,000000,12.469,13.098,12.145,12.803,385491,0
CLOU.US,D,20200319,000000,12.626,13.216,12.484,13.049,220344,0
CLOU.US,D,20200320,000000,13.275,13.712,12.902,12.973,350095,0
CLOU.US,D,20200323,000000,12.951,13.363,12.656,13.206,406993,0
CLOU.US,D,20200324,000000,13.678,14.208,13.678,14.1,259435,0
CLOU.US,D,20200325,000000,14.248,14.631,13.943,14.071,440164,0
CLOU.US,D,20200326,000000,14.13,14.837,14.13,14.778,295815,0
CLOU.US,D,20200327,000000,14.385,14.68,14.258,14.43,238745,0
CLOU.US,D,20200330,000000,14.533,14.729,14.425,14.7,388949,0
CLOU.US,D,20200331,000000,14.533,14.837,14.248,14.346,364512,0
CLOU.US,D,20200401,000000,13.914,14.15,13.766,13.786,249014,0
CLOU.US,D,20200402,000000,13.756,14.022,13.529,13.894,204899,0
CLOU.US,D,20200403,000000,13.845,13.949,13.511,13.648,86115,0
CLOU.US,D,20200406,000000,14.14,14.523,14.008,14.493,152251,0
CLOU.US,D,20200407,000000,14.847,14.867,14.317,14.346,300987,0
CLOU.US,D,20200408,000000,14.454,14.955,14.454,14.936,194268,0
CLOU.US,D,20200409,000000,15.083,15.417,15.044,15.191,493952,0
CLOU.US,D,20200413,000000,15.28,15.28,14.945,15.152,271212,0
CLOU.US,D,20200414,000000,15.456,15.997,15.456,15.918,312226,0
CLOU.US,D,20200415,000000,15.594,15.928,15.535,15.879,299194,0
CLOU.US,D,20200416,000000,15.889,16.213,15.879,15.977,429213,0
CLOU.US,D,20200417,000000,16.292,16.351,16.026,16.351,324046,0
CLOU.US,D,20200420,000000,16.321,16.773,16.233,16.518,564724,0
CLOU.US,D,20200421,000000,16.508,16.508,15.618,15.899,464920,0
CLOU.US,D,20200422,000000,16.174,16.41,16.115,16.272,349350,0
CLOU.US,D,20200423,000000,16.311,16.429,16.184,16.233,230522,0
CLOU.US,D,20200424,000000,16.272,16.488,16.125,16.449,274150,0
CLOU.US,D,20200427,000000,16.694,16.852,16.596,16.773,469416,0
CLOU.US,D,20200428,000000,16.94,16.975,16.419,16.557,324683,0
CLOU.US,D,20200429,000000,16.675,17.058,16.523,16.979,473211,0
CLOU.US,D,20200430,000000,16.911,17.166,16.793,16.989,252357,0
CLOU.US,D,20200501,000000,16.586,16.734,16.331,16.37,332864,0
CLOU.US,D,20200504,000000,16.38,16.773,16.301,16.734,266642,0
CLOU.US,D,20200505,000000,16.97,17.372,16.921,17.127,413027,0
CLOU.US,D,20200506,000000,17.215,17.687,17.215,17.549,796224,0
CLOU.US,D,20200507,000000,17.992,18.463,17.913,18.385,1498839,0
CLOU.US,D,20200508,000000,18.424,18.472,18.17,18.385,1285009,0
CLOU.US,D,20200511,000000,18.316,18.866,18.286,18.797,1859926,0
CLOU.US,D,20200512,000000,18.915,18.945,18.375,18.414,987634,0
CLOU.US,D,20200513,000000,18.414,18.601,17.726,18.041,946283,0
CLOU.US,D,20200514,000000,17.834,18.178,17.638,18.139,505334,0
CLOU.US,D,20200515,000000,17.992,18.444,17.992,18.414,469386,0
CLOU.US,D,20200518,000000,18.689,18.738,18.385,18.424,863084,0
CLOU.US,D,20200519,000000,18.434,18.719,18.424,18.424,690523,0
CLOU.US,D,20200520,000000,18.748,18.856,18.591,18.758,873557,0
CLOU.US,D,20200521,000000,18.817,18.896,18.434,18.699,419955,0
CLOU.US,D,20200522,000000,18.768,19.043,18.687,19.013,666891,0
CLOU.US,D,20200526,000000,19.456,19.456,18.817,18.905,841394,0
CLOU.US,D,20200527,000000,18.856,18.856,17.952,18.797,749065,0
CLOU.US,D,20200528,000000,18.787,19.357,18.787,18.974,758663,0
CLOU.US,D,20200529,000000,19.112,19.603,19.082,19.603,670441,0
CLOU.US,D,20200601,000000,19.652,20.202,19.583,20.094,1075274,0
CLOU.US,D,20200602,000000,20.183,20.193,19.623,20.045,1918591,0
CLOU.US,D,20200603,000000,20.158,20.173,19.927,20.153,1874882,0
CLOU.US,D,20200604,000000,20.055,20.065,19.377,19.554,975975,0
CLOU.US,D,20200605,000000,19.672,19.679,19.175,19.495,1929047,0
CLOU.US,D,20200608,000000,19.515,19.8,19.281,19.77,3577030,0
CLOU.US,D,20200609,000000,19.682,19.858,19.593,19.682,397619,0
CLOU.US,D,20200610,000000,19.839,20.153,19.78,20.006,1282416,0
CLOU.US,D,20200611,000000,19.357,19.829,18.974,19.053,1069768,0
CLOU.US,D,20200612,000000,19.475,19.603,18.846,19.269,595775,0
CLOU.US,D,20200615,000000,19.122,19.849,19.063,19.849,737611,0
CLOU.US,D,20200616,000000,20.291,20.291,19.731,20.163,977874,0
CLOU.US,D,20200617,000000,20.271,20.487,20.242,20.31,824173,0
CLOU.US,D,20200618,000000,20.369,20.694,20.369,20.654,899453,0
CLOU.US,D,20200619,000000,20.9,20.91,20.486,20.586,917752,0
CLOU.US,D,20200622,000000,20.743,21.047,20.734,21.047,1081420,0
CLOU.US,D,20200623,000000,21.323,21.367,21.057,21.116,1129933,0
CLOU.US,D,20200624,000000,21.028,21.264,20.448,20.703,1786350,0
CLOU.US,D,20200625,000000,20.615,21.077,20.487,21.047,912671,0
CLOU.US,D,20200626,000000,21.047,21.126,20.635,20.89,603382,0
CLOU.US,D,20200629,000000,20.91,20.92,20.311,20.694,763493,0
CLOU.US,D,20200630,000000,20.743,21.116,20.65,21.047,672013,0
CLOU.US,D,20200701,000000,21.077,21.784,21.033,21.696,1001522,0
CLOU.US,D,20200702,000000,21.922,22.064,21.794,21.804,1293235,0
CLOU.US,D,20200706,000000,22.217,22.401,21.902,21.981,965858,0
CLOU.US,D,20200707,000000,21.991,22.246,21.863,21.902,789511,0
CLOU.US,D,20200708,000000,22.099,22.502,22.069,22.502,1087850,0
CLOU.US,D,20200709,000000,22.718,22.777,22.202,22.679,1216514,0
CLOU.US,D,20200710,000000,22.679,22.688,22.403,22.521,770229,0
CLOU.US,D,20200713,000000,22.777,22.787,21.314,21.362,1738410,0
CLOU.US,D,20200714,000000,21.244,21.529,20.595,21.529,3066133,0
CLOU.US,D,20200715,000000,21.627,21.696,21.244,21.549,2114925,0
CLOU.US,D,20200716,000000,21.313,21.323,20.88,21.185,2001860,0
CLOU.US,D,20200717,000000,21.224,21.44,20.984,21.381,1448723,0
CLOU.US,D,20200720,000000,21.48,22.472,21.47,22.443,1231352,0
CLOU.US,D,20200721,000000,22.659,22.688,22.02,22.128,2444389,0
CLOU.US,D,20200722,000000,22.158,22.384,21.971,22.089,726559,0
CLOU.US,D,20200723,000000,22.118,22.384,21.48,21.617,910782,0
CLOU.US,D,20200724,000000,21.362,21.529,20.969,21.391,1071219,0
CLOU.US,D,20200727,000000,21.598,21.824,21.372,21.794,917519,0
CLOU.US,D,20200728,000000,21.804,21.981,21.637,21.666,581635,0
CLOU.US,D,20200729,000000,21.863,22.256,21.863,22.187,840186,0
CLOU.US,D,20200730,000000,21.981,22.246,21.673,22.168,686522,0
CLOU.US,D,20200731,000000,22.285,22.344,21.843,22.266,604295,0
CLOU.US,D,20200803,000000,22.453,22.826,22.403,22.737,3054314,0
CLOU.US,D,20200804,000000,22.728,22.777,22.511,22.737,1295588,0
CLOU.US,D,20200805,000000,22.777,23.042,22.659,22.944,1490923,0
CLOU.US,D,20200806,000000,22.855,22.895,22.354,22.561,2052317,0
CLOU.US,D,20200807,000000,22.276,22.305,21.568,21.804,1918343,0
CLOU.US,D,20200810,000000,21.814,21.843,21.126,21.391,1590228,0
CLOU.US,D,20200811,000000,21.234,21.381,20.881,20.89,1384128,0
CLOU.US,D,20200812,000000,20.988,21.224,20.939,21.008,973285,0
CLOU.US,D,20200813,000000,21.146,21.642,21.047,21.431,1638408,0
CLOU.US,D,20200814,000000,21.558,21.622,21.239,21.323,639117,0
CLOU.US,D,20200817,000000,21.352,21.74,21.352,21.676,1284626,0
CLOU.US,D,20200818,000000,21.863,22.079,21.745,22.069,886602,0
CLOU.US,D,20200819,000000,22.059,22.246,21.824,21.971,879575,0
CLOU.US,D,20200820,000000,21.863,22.462,21.833,22.394,741743,0
CLOU.US,D,20200821,000000,22.403,22.433,22.089,22.177,814448,0
CLOU.US,D,20200824,000000,22.413,22.462,21.848,22.089,1000246,0
CLOU.US,D,20200825,000000,22.059,22.393,21.902,22.354,902107,0
CLOU.US,D,20200826,000000,22.895,23.74,22.885,23.592,2575738,0
CLOU.US,D,20200827,000000,23.7,23.769,23.337,23.533,2569272,0
CLOU.US,D,20200828,000000,23.74,24.064,23.74,23.818,1282221,0
CLOU.US,D,20200831,000000,23.877,24.084,23.763,23.976,2476647,0
CLOU.US,D,20200901,000000,24.784,25.44,24.691,25.44,2340720,0
CLOU.US,D,20200902,000000,25.597,25.607,24.604,25.037,2524046,0
CLOU.US,D,20200903,000000,24.467,24.477,23.174,23.445,3071180,0
CLOU.US,D,20200904,000000,23.229,23.445,21.667,22.629,3594035,0
CLOU.US,D,20200908,000000,21.824,22.472,21.716,21.991,1758720,0
CLOU.US,D,20200909,000000,22.416,22.737,22.128,22.541,2157522,0
CLOU.US,D,20200910,000000,22.796,23.064,22.04,22.168,1700319,0
CLOU.US,D,20200911,000000,22.246,22.394,21.49,21.784,881303,0
CLOU.US,D,20200914,000000,22.099,22.31,21.932,22.187,807871,0
CLOU.US,D,20200915,000000,22.433,22.541,22.12,22.403,1181329,0
CLOU.US,D,20200916,000000,22.531,22.741,22.285,22.285,1179573,0
CLOU.US,D,20200917,000000,21.843,22.02,21.554,22.001,743932,0
CLOU.US,D,20200918,000000,22.227,22.325,21.686,22.197,1361140,0
CLOU.US,D,20200921,000000,21.895,22.669,21.821,22.659,1213250,0
CLOU.US,D,20200922,000000,22.905,23.189,22.482,23.14,1808180,0
CLOU.US,D,20200923,000000,23.111,23.465,22.658,22.708,2182969,0
CLOU.US,D,20200924,000000,22.443,22.737,22.148,22.462,1108945,0
CLOU.US,D,20200925,000000,22.561,23.229,22.49,23.15,1387696,0
CLOU.US,D,20200928,000000,23.504,23.661,23.165,23.406,991284,0
CLOU.US,D,20200929,000000,23.425,23.602,23.308,23.415,1432354,0
CLOU.US,D,20200930,000000,23.494,23.75,23.309,23.474,1032187,0
CLOU.US,D,20201001,000000,23.769,24.035,23.622,23.936,1130457,0
CLOU.US,D,20201002,000000,23.769,24.319,23.7,23.897,1585214,0
CLOU.US,D,20201005,000000,24.123,24.231,23.854,24.221,713788,0
CLOU.US,D,20201006,000000,24.27,24.555,23.956,24.123,1470919,0
CLOU.US,D,20201007,000000,24.43,24.752,24.339,24.624,1194539,0
CLOU.US,D,20201008,000000,24.909,24.958,24.604,24.703,1215971,0
CLOU.US,D,20201009,000000,24.909,25.263,24.86,25.233,1501429,0
CLOU.US,D,20201012,000000,25.626,25.73,25.312,25.538,1490992,0
CLOU.US,D,20201013,000000,25.617,26,25.617,25.911,1224276,0
CLOU.US,D,20201014,000000,26.083,26.098,25.282,25.538,2255205,0
CLOU.US,D,20201015,000000,25.037,25.577,24.929,25.558,1134598,0
CLOU.US,D,20201016,000000,25.784,25.921,25.621,25.695,921259,0
CLOU.US,D,20201019,000000,25.931,26.136,25.459,25.538,1513058,0
CLOU.US,D,20201020,000000,25.646,25.744,25.145,25.165,1321159,0
CLOU.US,D,20201021,000000,25.155,25.332,24.624,24.693,1442753,0
CLOU.US,D,20201022,000000,24.762,24.88,24.236,24.683,1297847,0
CLOU.US,D,20201023,000000,24.762,24.88,24.441,24.85,868202,0
CLOU.US,D,20201026,000000,24.771,25.056,24.143,24.487,1280922,0
CLOU.US,D,20201027,000000,24.644,24.88,24.558,24.673,1190865,0
CLOU.US,D,20201028,000000,24.349,24.354,23.72,23.897,1285154,0
CLOU.US,D,20201029,000000,24.035,24.172,23.671,23.799,1008510,0
CLOU.US,D,20201030,000000,23.602,23.681,22.836,23.042,1226269,0
CLOU.US,D,20201102,000000,23.209,23.337,22.472,22.796,1318952,0
CLOU.US,D,20201103,000000,22.963,23.337,22.826,23.18,1277900,0
CLOU.US,D,20201104,000000,23.956,24.604,23.877,24.496,1586783,0
CLOU.US,D,20201105,000000,25.165,25.199,24.87,25.145,2299983,0
CLOU.US,D,20201106,000000,25.037,25.194,24.693,25.096,1704468,0
CLOU.US,D,20201109,000000,24.801,24.811,23.838,23.858,2517042,0
CLOU.US,D,20201110,000000,23.583,23.705,22.526,23.022,1903695,0
CLOU.US,D,20201111,000000,23.435,23.926,23.386,23.809,1298985,0
CLOU.US,D,20201112,000000,24.035,24.3,23.818,23.936,851454,0
CLOU.US,D,20201113,000000,24.074,24.107,23.613,23.789,1310650,0
CLOU.US,D,20201116,000000,23.691,23.759,23.435,23.691,1513785,0
CLOU.US,D,20201117,000000,23.789,24.015,23.622,23.976,1473784,0
CLOU.US,D,20201118,000000,23.976,24.133,23.766,23.897,1180521,0
CLOU.US,D,20201119,000000,23.907,24.447,23.828,24.31,1200914,0
CLOU.US,D,20201120,000000,24.369,24.624,24.211,24.388,1234081,0
CLOU.US,D,20201123,000000,24.447,24.545,24.103,24.398,1139999,0
CLOU.US,D,20201124,000000,24.614,24.624,24.329,24.437,1334880,0
CLOU.US,D,20201125,000000,24.555,24.968,24.545,24.919,3137896,0
CLOU.US,D,20201127,000000,25.174,25.42,25.046,25.351,1386737,0
CLOU.US,D,20201130,000000,25.538,25.538,24.909,25.43,1576168,0
CLOU.US,D,20201201,000000,25.41,25.41,24.939,25.194,1363706,0
CLOU.US,D,20201202,000000,24.84,24.929,24.467,24.909,2252253,0
CLOU.US,D,20201203,000000,25.106,25.626,25.101,25.322,1630116,0
CLOU.US,D,20201204,000000,25.381,25.675,25.351,25.469,1255784,0
CLOU.US,D,20201207,000000,25.567,25.636,25.474,25.558,1221822,0
CLOU.US,D,20201208,000000,25.705,26.039,25.646,25.99,1178696,0
CLOU.US,D,20201209,000000,26.019,26.019,25.027,25.214,1695744,0
CLOU.US,D,20201210,000000,24.919,25.774,24.899,25.715,1053367,0
CLOU.US,D,20201211,000000,25.587,25.887,25.42,25.803,715290,0
CLOU.US,D,20201214,000000,26.069,26.363,25.985,26.177,1529758,0
CLOU.US,D,20201215,000000,26.314,26.383,26.019,26.157,806019,0
CLOU.US,D,20201216,000000,26.245,26.589,26.245,26.491,1170979,0
CLOU.US,D,20201217,000000,26.766,27.366,26.747,27.316,1652607,0
CLOU.US,D,20201218,000000,27.434,27.818,27.287,27.818,1719441,0
CLOU.US,D,20201221,000000,27.493,27.818,27.267,27.798,1289122,0
CLOU.US,D,20201222,000000,27.827,28.702,27.827,28.702,2667687,0
CLOU.US,D,20201223,000000,28.761,28.79,28.25,28.279,1305739,0
CLOU.US,D,20201224,000000,28.338,28.446,28.014,28.112,756411,0
CLOU.US,D,20201228,000000,28.338,28.446,27.636,27.66,1514205,0
CLOU.US,D,20201229,000000,27.827,27.837,27.248,27.425,1299068,0
CLOU.US,D,20201230,000000,27.582,27.651,27.405,27.493,855957,0
CLOU.US,D,20201231,000000,27.592,27.621,27.28,27.415,484464,0
CLOU.US,D,20210104,000000,27.538,27.542,26.393,26.874,1474158,0
CLOU.US,D,20210105,000000,26.835,27.149,26.815,27.012,3074219,0
CLOU.US,D,20210106,000000,26.638,26.688,26.196,26.236,1902507,0
CLOU.US,D,20210107,000000,26.481,27.051,26.442,27.002,1539135,0
CLOU.US,D,20210108,000000,27.228,27.68,27.228,27.464,1588232,0
CLOU.US,D,20210111,000000,27.218,27.464,26.825,27.149,1195688,0
CLOU.US,D,20210112,000000,27.238,27.297,26.923,27.248,875281,0
CLOU.US,D,20210113,000000,27.257,27.444,27.11,27.14,889568,0
CLOU.US,D,20210114,000000,27.366,27.592,27.194,27.277,795081,0
CLOU.US,D,20210115,000000,27.267,27.552,27.012,27.051,801203,0
CLOU.US,D,20210119,000000,27.316,27.542,27.14,27.503,1566272,0
CLOU.US,D,20210120,000000,27.945,28.132,27.827,28.024,1982090,0
CLOU.US,D,20210121,000000,28.103,28.23,27.877,27.985,1037175,0
CLOU.US,D,20210122,000000,27.896,28.132,27.867,28.103,764132,0
CLOU.US,D,20210125,000000,28.358,28.633,27.498,27.985,1557406,0
CLOU.US,D,20210126,000000,28.044,28.093,27.582,27.621,1219086,0
CLOU.US,D,20210127,000000,27.326,27.827,26.825,27.238,1765137,0
CLOU.US,D,20210128,000000,27.326,27.719,27.13,27.405,1365835,0
CLOU.US,D,20210129,000000,27.307,27.425,26.776,27.031,1695646,0
CLOU.US,D,20210201,000000,27.316,27.837,27.115,27.759,1406336,0
CLOU.US,D,20210202,000000,28.004,28.515,27.985,28.437,1637372,0
CLOU.US,D,20210203,000000,28.653,28.653,28.161,28.299,1456163,0
CLOU.US,D,20210204,000000,28.486,28.663,28.316,28.643,1194430,0
CLOU.US,D,20210205,000000,28.8,29.1,28.692,29.036,1048820,0
CLOU.US,D,20210208,000000,29.331,29.503,29.106,29.262,1086410,0
CLOU.US,D,20210209,000000,29.38,29.714,29.233,29.635,964654,0
CLOU.US,D,20210210,000000,29.793,29.886,29.149,29.459,1322363,0
CLOU.US,D,20210211,000000,29.527,29.606,29.056,29.291,881610,0
CLOU.US,D,20210212,000000,29.174,29.38,29.021,29.38,865104,0
CLOU.US,D,20210216,000000,29.513,29.626,28.805,29.036,1427581,0
CLOU.US,D,20210217,000000,28.839,28.987,28.476,28.987,2418023,0
CLOU.US,D,20210218,000000,28.702,28.972,28.457,28.79,1107301,0
CLOU.US,D,20210219,000000,28.987,29.242,28.898,28.967,766001,0
CLOU.US,D,20210222,000000,28.692,28.692,27.926,27.994,1292575,0
CLOU.US,D,20210223,000000,27.189,27.685,26.442,27.651,1974040,0
CLOU.US,D,20210224,000000,27.454,27.778,27.002,27.729,1373762,0
CLOU.US,D,20210225,000000,27.523,27.778,26.462,26.629,1537437,0
CLOU.US,D,20210226,000000,26.805,27.02,26.177,26.57,2186706,0
CLOU.US,D,20210301,000000,27.022,27.425,26.878,27.356,916354,0
CLOU.US,D,20210302,000000,27.405,27.513,26.678,26.688,1112347,0
CLOU.US,D,20210303,000000,26.579,26.579,25.273,25.381,3097515,0
CLOU.US,D,20210304,000000,25.233,25.533,24.261,24.781,3390935,0
CLOU.US,D,20210305,000000,25.056,25.066,23.717,25.017,3094177,0
CLOU.US,D,20210308,000000,25.027,25.366,24.31,24.329,1917811,0
CLOU.US,D,20210309,000000,25.174,25.754,25.066,25.548,1547638,0
CLOU.US,D,20210310,000000,26.01,26.245,25.253,25.332,1601987,0
CLOU.US,D,20210311,000000,25.901,26.412,25.774,26.304,1147736,0
CLOU.US,D,20210312,000000,26.039,26.137,25.518,26.108,884968,0
CLOU.US,D,20210315,000000,26.088,26.373,25.843,26.334,953980,0
CLOU.US,D,20210316,000000,26.565,26.678,25.98,26.216,1070394,0
CLOU.US,D,20210317,000000,25.921,26.511,25.587,26.285,1085578,0
CLOU.US,D,20210318,000000,25.931,25.931,25.027,25.135,991558,0
CLOU.US,D,20210319,000000,25.282,25.567,24.978,25.43,2665469,0
CLOU.US,D,20210322,000000,25.528,26.064,25.518,25.901,877862,0
CLOU.US,D,20210323,000000,25.97,26.177,25.833,25.901,1032646,0
CLOU.US,D,20210324,000000,26.029,26.029,24.924,24.978,1317054,0
CLOU.US,D,20210325,000000,24.732,24.968,24.388,24.85,1078270,0
CLOU.US,D,20210326,000000,24.929,25.184,24.516,25.174,907437,0
CLOU.US,D,20210329,000000,25.056,25.253,24.545,24.752,941928,0
CLOU.US,D,20210330,000000,24.575,24.781,24.319,24.722,916983,0
CLOU.US,D,20210331,000000,24.85,25.499,24.85,25.292,948114,0
CLOU.US,D,20210401,000000,25.695,26.206,25.695,26,1279180,0
CLOU.US,D,20210405,000000,26.236,26.236,25.852,26.157,1217126,0
CLOU.US,D,20210406,000000,26.186,26.53,25.98,26.344,456869,0
CLOU.US,D,20210407,000000,26.295,26.383,25.98,26.029,630129,0
CLOU.US,D,20210408,000000,26.245,26.56,26.245,26.393,574901,0
CLOU.US,D,20210409,000000,26.324,26.393,25.99,26.353,577672,0
CLOU.US,D,20210412,000000,26.324,26.56,26.118,26.452,445470,0
CLOU.US,D,20210413,000000,26.619,27.051,26.577,26.963,738811,0
CLOU.US,D,20210414,000000,27.11,27.316,26.56,26.629,819417,0
CLOU.US,D,20210415,000000,26.904,27.081,26.766,27.061,540491,0
CLOU.US,D,20210416,000000,27.1,27.1,26.683,26.864,550673,0
CLOU.US,D,20210419,000000,26.766,26.973,26.353,26.53,658621,0
CLOU.US,D,20210420,000000,26.462,26.688,26,26.118,646705,0
CLOU.US,D,20210421,000000,25.921,26.344,25.823,26.285,531464,0
CLOU.US,D,20210422,000000,26.344,26.766,26.255,26.334,1741251,0
CLOU.US,D,20210423,000000,26.452,26.751,26.432,26.707,791252,0
CLOU.US,D,20210426,000000,27.11,27.688,27.081,27.621,1156029,0
CLOU.US,D,20210427,000000,27.749,27.759,27.405,27.503,819312,0
CLOU.US,D,20210428,000000,27.68,27.7,27.297,27.523,452667,0
CLOU.US,D,20210429,000000,27.66,27.66,26.756,27.022,775781,0
CLOU.US,D,20210430,000000,26.855,27.169,26.648,26.747,523072,0
CLOU.US,D,20210503,000000,26.884,26.884,26.118,26.157,640422,0
CLOU.US,D,20210504,000000,25.852,25.852,25.056,25.528,1784768,0
CLOU.US,D,20210505,000000,25.749,25.872,25.194,25.332,949147,0
CLOU.US,D,20210506,000000,25.165,25.165,24.506,24.821,1284511,0
CLOU.US,D,20210507,000000,25.096,25.292,24.811,24.929,874821,0
CLOU.US,D,20210510,000000,24.939,24.939,24.487,24.683,965859,0
CLOU.US,D,20210511,000000,23.818,25.086,23.789,24.978,2917984,0
CLOU.US,D,20210512,000000,24.654,24.87,24.206,24.398,1855765,0
CLOU.US,D,20210513,000000,24.477,24.634,23.759,24.064,1182817,0
CLOU.US,D,20210514,000000,24.221,24.713,24.133,24.663,747224,0
CLOU.US,D,20210517,000000,24.595,24.742,24.295,24.595,795505,0
CLOU.US,D,20210518,000000,24.703,25.007,24.555,24.722,832004,0
CLOU.US,D,20210519,000000,24.221,24.771,24.221,24.722,808745,0
CLOU.US,D,20210520,000000,24.978,25.45,24.929,25.292,824181,0
CLOU.US,D,20210521,000000,25.459,25.518,25.233,25.253,545862,0
CLOU.US,D,20210524,000000,25.43,25.675,25.391,25.577,612001,0
CLOU.US,D,20210525,000000,25.685,25.73,25.43,25.479,590605,0
CLOU.US,D,20210526,000000,25.646,25.97,25.646,25.813,468351,0
CLOU.US,D,20210527,000000,25.656,25.815,25.253,25.656,794092,0
CLOU.US,D,20210528,000000,25.793,26.019,25.695,25.705,383299,0
CLOU.US,D,20210601,000000,25.872,25.892,25.43,25.617,596749,0
CLOU.US,D,20210602,000000,25.626,25.813,25.567,25.744,619732,0
CLOU.US,D,20210603,000000,25.459,25.597,25.223,25.253,738806,0
CLOU.US,D,20210604,000000,25.499,25.607,25.341,25.518,569623,0
CLOU.US,D,20210607,000000,25.528,25.941,25.42,25.911,633570,0
CLOU.US,D,20210608,000000,26.019,26.216,25.852,26.127,615933,0
CLOU.US,D,20210609,000000,26.236,26.403,26.049,26.069,385334,0
CLOU.US,D,20210610,000000,26.01,26.57,25.96,26.54,559131,0
CLOU.US,D,20210611,000000,26.57,26.855,26.471,26.845,706649,0
CLOU.US,D,20210614,000000,26.933,27.257,26.835,27.169,824712,0
CLOU.US,D,20210615,000000,27.179,27.218,26.805,26.874,531527,0
CLOU.US,D,20210616,000000,26.845,27.189,26.584,26.933,659629,0
CLOU.US,D,20210617,000000,26.786,27.601,26.717,27.474,1182831,0
CLOU.US,D,20210618,000000,27.199,27.749,27.199,27.572,1124971,0
CLOU.US,D,20210621,000000,27.651,27.719,27.135,27.592,1173100,0
CLOU.US,D,20210622,000000,27.611,27.847,27.444,27.837,1008317,0
CLOU.US,D,20210623,000000,27.896,28.053,27.791,27.886,955287,0
CLOU.US,D,20210624,000000,28.073,28.265,27.926,28.044,900718,0
CLOU.US,D,20210625,000000,28.152,28.161,27.773,28.142,922953,0
CLOU.US,D,20210628,000000,28.201,28.496,28.191,28.387,857717,0
CLOU.US,D,20210629,000000,28.397,28.545,28.26,28.525,1228855,0
CLOU.US,D,20210630,000000,28.486,28.486,28.029,28.053,1117733,0
CLOU.US,D,20210701,000000,28.063,28.24,27.783,28.024,1060297,0
CLOU.US,D,20210702,000000,28.27,28.378,28.142,28.27,840096,0
CLOU.US,D,20210706,000000,28.348,28.731,28.24,28.692,881171,0
CLOU.US,D,20210707,000000,28.879,28.977,28.417,28.584,1675709,0
CLOU.US,D,20210708,000000,27.886,28.397,27.808,28.289,1114454,0
CLOU.US,D,20210709,000000,28.25,28.496,28.088,28.466,567681,0
CLOU.US,D,20210712,000000,28.564,28.761,28.176,28.27,1193210,0
CLOU.US,D,20210713,000000,28.152,28.535,28.103,28.161,1321071,0
CLOU.US,D,20210714,000000,28.456,28.456,27.719,27.749,755474,0
CLOU.US,D,20210715,000000,27.621,27.798,27.14,27.316,936885,0
CLOU.US,D,20210716,000000,27.483,27.552,27.238,27.346,778315,0
CLOU.US,D,20210719,000000,26.992,27.425,26.904,27.395,921427,0
CLOU.US,D,20210720,000000,27.493,28.132,27.395,27.945,1061095,0
CLOU.US,D,20210721,000000,27.857,28.083,27.67,28.083,731809,0
CLOU.US,D,20210722,000000,28.103,28.338,28.103,28.25,556086,0
CLOU.US,D,20210723,000000,28.368,28.442,28.113,28.427,611602,0
CLOU.US,D,20210726,000000,28.338,28.39,28.107,28.211,511992,0
CLOU.US,D,20210727,000000,28.191,28.211,27.366,27.827,1359035,0
CLOU.US,D,20210728,000000,27.916,28.26,27.847,28.191,1184088,0
CLOU.US,D,20210729,000000,28.299,28.51,28.201,28.26,574387,0
CLOU.US,D,20210730,000000,28.034,28.368,28.034,28.073,424020,0
CLOU.US,D,20210802,000000,28.181,28.329,27.798,28.171,620074,0
CLOU.US,D,20210803,000000,28.23,28.417,27.931,28.161,1916534,0
CLOU.US,D,20210804,000000,28.329,28.613,28.225,28.555,2077332,0
CLOU.US,D,20210805,000000,28.397,28.692,28.225,28.643,1570418,0
CLOU.US,D,20210806,000000,28.722,29.016,28.564,28.79,834827,0
CLOU.US,D,20210809,000000,28.849,28.987,28.663,28.908,838389,0
CLOU.US,D,20210810,000000,29.065,29.134,28.491,28.623,958188,0
CLOU.US,D,20210811,000000,28.781,28.781,28.321,28.555,1460490,0
CLOU.US,D,20210812,000000,28.466,28.849,28.407,28.849,1281950,0
CLOU.US,D,20210813,000000,28.918,28.948,28.726,28.83,1495861,0
CLOU.US,D,20210816,000000,28.702,28.707,28.23,28.613,1403764,0
CLOU.US,D,20210817,000000,28.348,28.471,28.166,28.407,1057422,0
CLOU.US,D,20210818,000000,28.446,28.638,28.309,28.338,559355,0
CLOU.US,D,20210819,000000,28.24,28.481,28.142,28.319,671624,0
CLOU.US,D,20210820,000000,28.417,28.663,28.348,28.604,663214,0
CLOU.US,D,20210823,000000,28.722,29.134,28.682,29.085,840796,0
CLOU.US,D,20210824,000000,29.301,29.498,29.203,29.478,660722,0
CLOU.US,D,20210825,000000,29.498,29.685,29.409,29.537,551728,0
CLOU.US,D,20210826,000000,29.586,29.724,29.449,29.488,592872,0
CLOU.US,D,20210827,000000,29.557,29.974,29.557,29.94,713052,0
CLOU.US,D,20210830,000000,30.048,30.254,29.886,30.186,819903,0
CLOU.US,D,20210831,000000,30.038,30.274,29.856,30.058,796249,0
CLOU.US,D,20210901,000000,30.284,30.657,30.205,30.461,1266822,0
CLOU.US,D,20210902,000000,30.618,30.765,30.49,30.657,513546,0
CLOU.US,D,20210903,000000,30.608,30.972,30.48,30.893,764540,0
CLOU.US,D,20210907,000000,30.903,31.016,30.598,30.706,505886,0
CLOU.US,D,20210908,000000,30.647,30.706,30.264,30.353,589448,0
CLOU.US,D,20210909,000000,30.186,30.452,30.127,30.146,789731,0
CLOU.US,D,20210910,000000,30.284,30.402,29.802,29.832,325507,0
CLOU.US,D,20210913,000000,29.911,29.911,29.37,29.685,518573,0
CLOU.US,D,20210914,000000,29.694,29.783,29.547,29.626,332377,0
CLOU.US,D,20210915,000000,29.675,29.867,29.517,29.842,500279,0
CLOU.US,D,20210916,000000,29.783,30.048,29.616,30.038,331229,0
CLOU.US,D,20210917,000000,30.068,30.146,29.783,30.068,982923,0
CLOU.US,D,20210920,000000,29.38,29.753,29.095,29.488,1226849,0
CLOU.US,D,20210921,000000,29.665,29.901,29.547,29.714,687317,0
CLOU.US,D,20210922,000000,29.832,30.176,29.724,30.078,705934,0
CLOU.US,D,20210923,000000,30.284,30.495,30.107,30.451,578127,0
CLOU.US,D,20210924,000000,30.274,30.412,30.073,30.382,327720,0
CLOU.US,D,20210927,000000,30.176,30.176,29.832,30.009,445285,0
CLOU.US,D,20210928,000000,29.557,29.557,28.781,28.8,1055928,0
CLOU.US,D,20210929,000000,28.869,29.124,28.594,28.633,711873,0
CLOU.US,D,20210930,000000,28.633,28.997,28.633,28.771,1314107,0
CLOU.US,D,20211001,000000,28.879,29.178,28.525,29.115,568161,0
CLOU.US,D,20211004,000000,28.938,28.938,27.877,28.161,624540,0
CLOU.US,D,20211005,000000,28.201,28.731,28.201,28.496,566614,0
CLOU.US,D,20211006,000000,28.161,28.81,28.161,28.741,586179,0
CLOU.US,D,20211007,000000,28.967,29.39,28.967,29.144,988666,0
CLOU.US,D,20211008,000000,29.272,29.282,28.781,28.81,502142,0
CLOU.US,D,20211011,000000,28.643,28.997,28.525,28.613,321925,0
CLOU.US,D,20211012,000000,28.771,29.115,28.668,28.977,627021,0
CLOU.US,D,20211013,000000,29.183,29.635,29.183,29.635,469043,0
CLOU.US,D,20211014,000000,29.93,30.308,29.93,30.235,591269,0
CLOU.US,D,20211015,000000,30.294,30.333,30.166,30.195,890263,0
CLOU.US,D,20211018,000000,30.048,30.421,30.048,30.421,265497,0
CLOU.US,D,20211019,000000,30.48,30.873,30.471,30.824,669099,0
CLOU.US,D,20211020,000000,30.903,31.08,30.638,30.756,618670,0
CLOU.US,D,20211021,000000,30.746,31.227,30.697,31.178,604940,0
CLOU.US,D,20211022,000000,31.188,31.296,30.805,30.962,1398015,0
CLOU.US,D,20211025,000000,31.011,31.296,30.824,31.178,1105327,0
CLOU.US,D,20211026,000000,31.325,31.424,30.923,31.031,778712,0
CLOU.US,D,20211027,000000,31.08,31.267,30.726,30.726,700800,0
CLOU.US,D,20211028,000000,30.564,31.217,30.539,31.08,569311,0
CLOU.US,D,20211029,000000,30.834,31.129,30.716,31.09,578542,0
CLOU.US,D,20211101,000000,31.149,31.345,31.09,31.345,435891,0
CLOU.US,D,20211102,000000,31.389,31.394,30.982,31.08,388538,0
CLOU.US,D,20211103,000000,31.09,31.345,30.795,31.296,574913,0
CLOU.US,D,20211104,000000,31.561,31.807,31.532,31.581,596975,0
CLOU.US,D,20211105,000000,31.669,31.669,30.913,30.991,629567,0
CLOU.US,D,20211108,000000,31.139,31.316,30.991,31.208,567257,0
CLOU.US,D,20211109,000000,31.306,31.483,30.996,31.306,448994,0
CLOU.US,D,20211110,000000,31.031,31.198,30.009,30.166,841855,0
CLOU.US,D,20211111,000000,30.313,30.466,30.21,30.235,328157,0
CLOU.US,D,20211112,000000,30.392,30.864,30.333,30.834,407357,0
CLOU.US,D,20211115,000000,30.893,31.001,30.697,30.824,422278,0
CLOU.US,D,20211116,000000,30.765,30.942,30.667,30.942,469402,0
CLOU.US,D,20211117,000000,30.913,31.001,30.412,30.51,539852,0
CLOU.US,D,20211118,000000,30.51,30.51,29.95,30.127,459371,0
CLOU.US,D,20211119,000000,30.146,30.284,29.626,29.626,487749,0
CLOU.US,D,20211122,000000,29.753,29.753,28.486,28.604,1144650,0
CLOU.US,D,20211123,000000,28.417,28.559,27.68,28.093,692126,0
CLOU.US,D,20211124,000000,27.759,28.338,27.518,28.319,1252386,0
CLOU.US,D,20211126,000000,28.279,28.633,27.975,28.093,678291,0
CLOU.US,D,20211129,000000,28.329,28.604,27.98,28.515,612767,0
CLOU.US,D,20211130,000000,28.515,28.761,27.66,27.935,791240,0
CLOU.US,D,20211201,000000,28.319,28.368,26.53,26.54,935255,0
CLOU.US,D,20211202,000000,26.579,27.071,26.349,26.923,1278889,0
CLOU.US,D,20211203,000000,26.953,27.002,25.666,26.236,1101002,0
CLOU.US,D,20211206,000000,26.039,26.431,25.479,26.373,996557,0
CLOU.US,D,20211207,000000,26.874,27.547,26.874,27.326,851441,0
CLOU.US,D,20211208,000000,27.405,27.847,27.007,27.759,750717,0
CLOU.US,D,20211209,000000,27.729,28.004,26.973,27.071,652706,0
CLOU.US,D,20211210,000000,26.855,27.09,26.324,26.462,913648,0
CLOU.US,D,20211213,000000,26.442,26.796,26.162,26.403,684741,0
CLOU.US,D,20211214,000000,25.97,26.157,25.538,25.911,834390,0
CLOU.US,D,20211215,000000,25.784,26.491,25.449,26.403,965798,0
CLOU.US,D,20211216,000000,26.501,26.609,25.587,25.803,848765,0
CLOU.US,D,20211217,000000,25.617,26.442,25.361,26.363,1099536,0
CLOU.US,D,20211220,000000,25.921,26.236,25.793,26.019,1101949,0
CLOU.US,D,20211221,000000,26.206,26.904,26.029,26.879,1186709,0
CLOU.US,D,20211222,000000,26.791,27.051,26.609,26.845,794996,0
CLOU.US,D,20211223,000000,26.697,27.022,26.604,26.953,779137,0
CLOU.US,D,20211227,000000,26.943,27.14,26.84,26.963,792100,0
CLOU.US,D,20211228,000000,26.992,27.019,26.579,26.658,1014499,0
CLOU.US,D,20211229,000000,26.638,26.707,26.299,26.55,643688,0
CLOU.US,D,20211230,000000,27,27.145,26.57,26.82,689561,0
CLOU.US,D,20211231,000000,26.73,26.89,26.5,26.52,335745,0
CLOU.US,D,20220103,000000,26.63,26.65,25.93,26.43,1287454,0
CLOU.US,D,20220104,000000,26.38,26.38,25.05,25.52,1805310,0
CLOU.US,D,20220105,000000,25.23,25.36,24.37,24.43,1545247,0
CLOU.US,D,20220106,000000,24.23,24.71,23.9,24.4,1182735,0
CLOU.US,D,20220107,000000,24.41,24.77,24.04,24.18,1056960,0
CLOU.US,D,20220110,000000,23.85,24.53,23.49,24.5,1140957,0
CLOU.US,D,20220111,000000,24.46,25.0368,24.28,24.96,802049,0
CLOU.US,D,20220112,000000,25.17,25.35,24.64,24.77,715558,0
CLOU.US,D,20220113,000000,24.79,24.84,23.735,23.78,632759,0
CLOU.US,D,20220114,000000,23.56,23.955,23.45,23.83,1669082,0
CLOU.US,D,20220118,000000,23.44,23.81,23.23,23.32,1368935,0
CLOU.US,D,20220119,000000,23.4,23.9276,23.36,23.37,1312764,0
CLOU.US,D,20220120,000000,23.69,24.13,23.2501,23.28,829163,0
CLOU.US,D,20220121,000000,22.942,23.115,22.31,22.36,2125773,0
CLOU.US,D,20220124,000000,21.82,22.79,21.23,22.79,1970716,0
CLOU.US,D,20220125,000000,22.398,22.605,21.67,21.88,1077183,0
CLOU.US,D,20220126,000000,22.5,22.6299,21.375,21.48,1048136,0
CLOU.US,D,20220127,000000,21.8,22.14,21.31,21.39,1066368,0
CLOU.US,D,20220128,000000,21.44,22.14,21.07,22.14,1458822,0
CLOU.US,D,20220131,000000,22.25,23.3431,22.21,23.34,1275913,0
CLOU.US,D,20220201,000000,23.48,23.6,22.95,23.55,723962,0
CLOU.US,D,20220202,000000,23.71,23.71,22.81,22.98,715204,0
CLOU.US,D,20220203,000000,22.4,22.665,21.965,21.99,1186652,0
CLOU.US,D,20220204,000000,22.07,22.88,21.99,22.69,1103194,0
CLOU.US,D,20220207,000000,22.7,23.17,22.529,22.64,835873,0
CLOU.US,D,20220208,000000,22.57,22.97,22.42,22.92,349681,0
CLOU.US,D,20220209,000000,23.32,23.59,23.11,23.58,600911,0
CLOU.US,D,20220210,000000,22.92,23.6,22.9,23.13,1085358,0
CLOU.US,D,20220211,000000,23.06,23.33,22.19,22.32,1541369,0
CLOU.US,D,20220214,000000,22.23,22.85,22.23,22.45,580514,0
CLOU.US,D,20220215,000000,22.75,22.9362,22.53,22.91,501785,0
CLOU.US,D,20220216,000000,22.45,22.47,21.91,22.26,802977,0
CLOU.US,D,20220217,000000,21.91,21.91,21.05,21.07,1084563,0
CLOU.US,D,20220218,000000,21.09,21.22,20.56,20.61,1387728,0
CLOU.US,D,20220222,000000,20.42,20.86,20.325,20.41,1208949,0
CLOU.US,D,20220223,000000,20.43,20.585,19.695,19.7,785442,0
CLOU.US,D,20220224,000000,18.92,20.8,18.88,20.74,1713966,0
CLOU.US,D,20220225,000000,20.51,20.705,19.96,20.69,905987,0
CLOU.US,D,20220228,000000,20.65,21.26,20.6,21.18,1519734,0
CLOU.US,D,20220301,000000,21.14,21.54,20.87,21.01,751213,0
CLOU.US,D,20220302,000000,21.11,21.19,20.555,21.13,1248168,0
CLOU.US,D,20220303,000000,21.38,21.418,20.53,20.63,1273433,0
CLOU.US,D,20220304,000000,20.55,20.83,20.085,20.2,1049028,0
CLOU.US,D,20220307,000000,20.27,20.4,19.45,19.45,1482240,0
CLOU.US,D,20220308,000000,19.38,19.765,19.07,19.25,1146305,0
CLOU.US,D,20220309,000000,19.78,20.22,19.66,20.17,868486,0
CLOU.US,D,20220310,000000,19.92,19.92,19.559,19.8,511948,0
CLOU.US,D,20220311,000000,19.98,20,19.16,19.2,546008,0
CLOU.US,D,20220314,000000,19.11,19.29,18.46,18.54,701701,0
CLOU.US,D,20220315,000000,18.52,18.94,18.36,18.93,1013145,0
CLOU.US,D,20220316,000000,19.2,19.95,19.141,19.94,1096377,0
CLOU.US,D,20220317,000000,19.88,20.555,19.75,20.52,802357,0
CLOU.US,D,20220318,000000,20.43,21.25,20.43,21.25,917457,0
CLOU.US,D,20220321,000000,21.4,21.6406,21.12,21.41,995860,0
CLOU.US,D,20220322,000000,21.4,22.0686,21.37,21.91,670843,0
CLOU.US,D,20220323,000000,21.76,22.03,21.425,21.62,556602,0
CLOU.US,D,20220324,000000,21.72,21.945,21.405,21.92,437868,0
CLOU.US,D,20220325,000000,21.99,22.02,21.34,21.62,741690,0
CLOU.US,D,20220328,000000,21.62,22.019,21.5299,21.99,437748,0
CLOU.US,D,20220329,000000,22.27,22.775,22.12,22.68,757623,0
CLOU.US,D,20220330,000000,22.52,22.685,22.15,22.28,438679,0
CLOU.US,D,20220331,000000,22.25,22.32,21.985,21.99,480014,0
CLOU.US,D,20220401,000000,22.04,22.405,22.04,22.3,360518,0
CLOU.US,D,20220404,000000,22.36,22.8301,22.36,22.77,501998,0
CLOU.US,D,20220405,000000,22.69,22.77,22.12,22.22,1349143,0
CLOU.US,D,20220406,000000,21.89,21.9,21.36,21.56,883899,0
CLOU.US,D,20220407,000000,21.47,21.77,21.17,21.51,744635,0
CLOU.US,D,20220408,000000,21.41,21.49,21.165,21.2,557340,0
CLOU.US,D,20220411,000000,20.99,21.44,20.86,21.31,830188,0
CLOU.US,D,20220412,000000,21.56,21.86,21.125,21.22,667207,0
CLOU.US,D,20220413,000000,21.15,21.79,21.1,21.73,561091,0
CLOU.US,D,20220414,000000,21.71,21.73,21.2,21.23,344798,0
CLOU.US,D,20220418,000000,21.12,21.16,20.635,20.91,978823,0
CLOU.US,D,20220419,000000,20.82,21.555,20.76,21.5,263458,0
CLOU.US,D,20220420,000000,21.3,21.36,20.731,20.76,961594,0
CLOU.US,D,20220421,000000,20.93,21.14,20.11,20.16,1002932,0
CLOU.US,D,20220422,000000,20.16,20.37,19.81,19.87,627898,0
CLOU.US,D,20220425,000000,19.74,20.275,19.74,20.27,1096154,0
CLOU.US,D,20220426,000000,20.14,20.15,19.46,19.47,521792,0
CLOU.US,D,20220427,000000,19.56,19.82,19.35,19.45,599513,0
CLOU.US,D,20220428,000000,19.63,20.105,19.37,20.02,404615,0
CLOU.US,D,20220429,000000,19.89,20.245,19.36,19.36,534429,0
CLOU.US,D,20220502,000000,19.34,19.74,19.21,19.72,551411,0
CLOU.US,D,20220503,000000,19.66,19.89,19.44,19.58,379878,0
CLOU.US,D,20220504,000000,19.37,19.99,18.85,19.95,742693,0
CLOU.US,D,20220505,000000,19.6,19.6,18.64,18.85,726083,0
CLOU.US,D,20220506,000000,18.61,18.69,17.96,18.24,1258704,0
CLOU.US,D,20220509,000000,17.87,18.06,17.25,17.35,994293,0
CLOU.US,D,20220510,000000,17.66,17.9,16.85,17.27,982829,0
CLOU.US,D,20220511,000000,17.07,17.46,16.665,16.68,1237565,0
CLOU.US,D,20220512,000000,16.39,17.19,16.27,16.87,980834,0
CLOU.US,D,20220513,000000,17.17,17.78,17.11,17.76,639216,0
CLOU.US,D,20220516,000000,17.57,17.825,17.04,17.11,884581,0
CLOU.US,D,20220517,000000,17.46,17.67,16.7484,17.3,650312,0
CLOU.US,D,20220518,000000,16.96,17.26,16.455,16.57,1238332,0
CLOU.US,D,20220519,000000,16.49,17.49,16.49,17.19,983382,0
CLOU.US,D,20220520,000000,17.49,17.565,16.61,17.17,561072,0
CLOU.US,D,20220523,000000,17.18,17.31,16.76,17.21,1110822,0
CLOU.US,D,20220524,000000,16.99,17,16.35,16.52,636650,0
CLOU.US,D,20220525,000000,16.45,17.16,16.44,17.02,912461,0
CLOU.US,D,20220526,000000,16.9,17.695,16.82,17.59,345506,0
CLOU.US,D,20220527,000000,17.83,18.24,17.74,18.21,905777,0
CLOU.US,D,20220531,000000,18.21,18.29,17.68,17.86,446703,0
CLOU.US,D,20220601,000000,18.06,18.39,17.59,17.78,608708,0
CLOU.US,D,20220602,000000,17.72,18.625,17.71,18.57,643224,0
CLOU.US,D,20220603,000000,18.32,18.42,17.93,18.01,955839,0
CLOU.US,D,20220606,000000,18.31,18.38,17.79,18.02,1079058,0
CLOU.US,D,20220607,000000,17.75,18.35,17.74,18.33,499610,0
CLOU.US,D,20220608,000000,18.27,18.63,18.24,18.41,787423,0
CLOU.US,D,20220609,000000,18.21,18.42,17.72,17.73,478762,0
CLOU.US,D,20220610,000000,17.31,17.38,16.861,17,770153,0
CLOU.US,D,20220613,000000,16.28,16.58,15.86,15.91,832038,0
CLOU.US,D,20220614,000000,16.04,16.1963,15.74,15.89,623128,0
CLOU.US,D,20220615,000000,16.06,16.745,16.05,16.44,1218405,0
CLOU.US,D,20220616,000000,15.93,16.08,15.5,15.63,755300,0
CLOU.US,D,20220617,000000,15.69,16.3,15.69,16.14,1493699,0
CLOU.US,D,20220621,000000,16.42,16.725,16.34,16.36,394628,0
CLOU.US,D,20220622,000000,16.11,16.84,16.11,16.54,630163,0
CLOU.US,D,20220623,000000,16.65,17.4,16.572,17.34,721527,0
CLOU.US,D,20220624,000000,17.55,18.2,17.48,18.14,2489110,0
CLOU.US,D,20220627,000000,18.15,18.26,17.635,17.85,418332,0
CLOU.US,D,20220628,000000,17.8,17.98,17.025,17.08,619087,0
CLOU.US,D,20220629,000000,17.07,17.13,16.73,16.94,454532,0
CLOU.US,D,20220630,000000,16.67,16.77,16.12,16.49,551793,0
CLOU.US,D,20220701,000000,16.54,16.96,16.44,16.89,333044,0
CLOU.US,D,20220705,000000,16.69,17.545,16.51,17.53,780049,0
CLOU.US,D,20220706,000000,17.53,17.76,17.215,17.34,611920,0
CLOU.US,D,20220707,000000,17.34,17.92,17.31,17.92,360332,0
CLOU.US,D,20220708,000000,17.62,18.09,17.47,17.81,231104,0
CLOU.US,D,20220711,000000,17.56,17.56,16.89,16.97,277702,0
CLOU.US,D,20220712,000000,16.96,17.22,16.29,16.42,358775,0
CLOU.US,D,20220713,000000,16,16.47,15.8149,16.22,274957,0
CLOU.US,D,20220714,000000,16.03,16.15,15.63,15.77,209947,0
CLOU.US,D,20220715,000000,16.01,16.2,15.77,16.17,316294,0
CLOU.US,D,20220718,000000,16.44,16.7501,16.195,16.28,292072,0
CLOU.US,D,20220719,000000,16.5,16.745,16.21,16.72,295632,0
CLOU.US,D,20220720,000000,16.85,17.62,16.83,17.56,496233,0
CLOU.US,D,20220721,000000,17.51,17.98,17.42,17.98,669261,0
CLOU.US,D,20220722,000000,17.89,18.13,17.19,17.35,427275,0
CLOU.US,D,20220725,000000,17.27,17.27,16.93,17.08,199527,0
CLOU.US,D,20220726,000000,16.83,16.83,16.225,16.32,210166,0
CLOU.US,D,20220727,000000,16.63,17.11,16.55,17.03,300494,0
CLOU.US,D,20220728,000000,17.02,17.32,16.695,17.32,282012,0
CLOU.US,D,20220729,000000,17.33,17.48,17.13,17.38,206195,0
CLOU.US,D,20220801,000000,17.21,17.72,17.03,17.53,226746,0
CLOU.US,D,20220802,000000,17.3,17.9823,17.28,17.76,310510,0
CLOU.US,D,20220803,000000,17.95,18.645,17.95,18.59,672269,0
CLOU.US,D,20220804,000000,18.58,18.71,18.3103,18.62,302224,0
CLOU.US,D,20220805,000000,18.24,18.71,18.06,18.59,334088,0
CLOU.US,D,20220808,000000,18.65,19.215,18.65,18.77,428037,0
CLOU.US,D,20220809,000000,18.66,18.71,18.331,18.42,383071,0
CLOU.US,D,20220810,000000,18.96,19.43,18.96,19.39,544780,0
CLOU.US,D,20220811,000000,19.65,19.835,18.95,19.01,605554,0
CLOU.US,D,20220812,000000,19.22,19.48,19.05,19.47,1107725,0
CLOU.US,D,20220815,000000,19.37,19.625,19.2965,19.57,249695,0
CLOU.US,D,20220816,000000,19.37,19.48,18.96,19.38,897685,0
CLOU.US,D,20220817,000000,19.08,19.12,18.76,18.81,370279,0
CLOU.US,D,20220818,000000,18.79,18.95,18.65,18.89,238811,0
CLOU.US,D,20220819,000000,18.59,18.65,18.16,18.29,316971,0
CLOU.US,D,20220822,000000,17.92,18.05,17.635,17.73,480364,0
CLOU.US,D,20220823,000000,17.7,17.9,17.48,17.49,436643,0
CLOU.US,D,20220824,000000,17.5,17.93,17.49,17.72,178971,0
CLOU.US,D,20220825,000000,17.81,18,17.62,18,377425,0
CLOU.US,D,20220826,000000,18.05,18.1,17.34,17.36,331407,0
CLOU.US,D,20220829,000000,17.12,17.445,17.08,17.11,1344125,0
CLOU.US,D,20220830,000000,17.27,17.405,16.85,17.11,188083,0
CLOU.US,D,20220831,000000,17.31,17.51,16.9225,16.96,1043523,0
CLOU.US,D,20220901,000000,16.76,16.79,16.21,16.62,371665,0
CLOU.US,D,20220902,000000,16.84,16.87,16.32,16.42,265863,0
CLOU.US,D,20220906,000000,16.46,16.515,16.18,16.36,440140,0
CLOU.US,D,20220907,000000,16.43,16.86,16.32,16.85,255555,0
CLOU.US,D,20220908,000000,16.7,17.08,16.56,17.08,295570,0
CLOU.US,D,20220909,000000,17.36,17.785,17.36,17.74,520715,0
CLOU.US,D,20220912,000000,17.84,18.09,17.8,18.08,289489,0
CLOU.US,D,20220913,000000,17.36,17.53,17.18,17.22,290732,0
CLOU.US,D,20220914,000000,17.24,17.45,17.06,17.42,206664,0
CLOU.US,D,20220915,000000,17.26,17.64,17.19,17.31,362859,0
CLOU.US,D,20220916,000000,17.02,17.02,16.685,16.86,629342,0
CLOU.US,D,20220919,000000,16.73,17.15,16.68,17.15,508262,0
CLOU.US,D,20220920,000000,16.96,17.12,16.795,16.87,413472,0
CLOU.US,D,20220921,000000,16.94,17.21,16.54,16.54,324410,0
CLOU.US,D,20220922,000000,16.441,16.57,16.03,16.05,199151,0
CLOU.US,D,20220923,000000,15.85,15.99,15.52,15.77,267070,0
CLOU.US,D,20220926,000000,15.69,16.12,15.5929,15.64,303099,0
CLOU.US,D,20220927,000000,15.88,16.13,15.63,15.83,225532,0
CLOU.US,D,20220928,000000,15.89,16.565,15.8,16.48,370151,0
CLOU.US,D,20220929,000000,16.17,16.27,15.95,16.17,230150,0
CLOU.US,D,20220930,000000,16.08,16.515,15.93,15.96,297842,0
CLOU.US,D,20221003,000000,16.12,16.4172,15.9173,16.33,189559,0
CLOU.US,D,20221004,000000,16.78,17.13,16.74,17.06,412124,0
CLOU.US,D,20221005,000000,16.78,17.12,16.59,17.03,164968,0
CLOU.US,D,20221006,000000,16.92,17.23,16.89,17.04,163889,0
CLOU.US,D,20221007,000000,16.67,16.67,16.09,16.2,281691,0
CLOU.US,D,20221010,000000,16.16,16.16,15.326,15.5,295927,0
CLOU.US,D,20221011,000000,15.34,15.505,14.91,15.18,345488,0
CLOU.US,D,20221012,000000,15.14,15.28,14.92,15.11,369909,0
CLOU.US,D,20221013,000000,14.53,15.36,14.34,15.28,230514,0
CLOU.US,D,20221014,000000,15.44,15.6,14.852,14.88,284452,0
CLOU.US,D,20221017,000000,15.27,15.81,15.27,15.66,405010,0
CLOU.US,D,20221018,000000,16.22,16.34,15.805,16,358960,0
CLOU.US,D,20221019,000000,16,16.06,15.625,15.72,178832,0
CLOU.US,D,20221020,000000,15.68,16.305,15.66,15.89,241898,0
CLOU.US,D,20221021,000000,15.83,16.23,15.57,16.19,183719,0
CLOU.US,D,20221024,000000,16.19,16.21,15.71,16.09,355469,0
CLOU.US,D,20221025,000000,16.16,16.82,16.14,16.8,313633,0
CLOU.US,D,20221026,000000,16.57,16.99,16.34,16.43,421758,0
CLOU.US,D,20221027,000000,16.53,16.925,16.51,16.59,268708,0
CLOU.US,D,20221028,000000,16.5,16.75,16.25,16.71,243912,0
CLOU.US,D,20221031,000000,16.59,16.81,16.5,16.64,246947,0
CLOU.US,D,20221101,000000,16.9,17.0378,16.4,16.44,227720,0
CLOU.US,D,20221102,000000,16.42,16.48,15.56,15.59,712297,0
CLOU.US,D,20221103,000000,15.35,15.73,15.21,15.41,307146,0
CLOU.US,D,20221104,000000,15.51,15.51,14.495,14.83,677566,0
CLOU.US,D,20221107,000000,14.92,14.96,14.5,14.82,463613,0
CLOU.US,D,20221108,000000,14.83,15.2454,14.6,14.99,485489,0
CLOU.US,D,20221109,000000,14.83,14.86,14.52,14.61,466617,0
CLOU.US,D,20221110,000000,15.49,16.26,15.49,16.245,741111,0
CLOU.US,D,20221111,000000,16.21,16.9941,16.18,16.89,722817,0
CLOU.US,D,20221114,000000,16.7,16.7,16.31,16.54,513879,0
CLOU.US,D,20221115,000000,17.07,17.2701,16.88,16.99,702037,0
CLOU.US,D,20221116,000000,16.8,16.815,16.315,16.41,299855,0
CLOU.US,D,20221117,000000,15.97,16.19,15.86,15.99,210957,0
CLOU.US,D,20221118,000000,16.18,16.23,15.69,15.82,220518,0
CLOU.US,D,20221121,000000,15.71,15.76,15.46,15.6,249339,0
CLOU.US,D,20221122,000000,15.52,15.65,15.28,15.64,260806,0
CLOU.US,D,20221123,000000,15.63,16.21,15.55,16.16,536604,0
CLOU.US,D,20221125,000000,16.09,16.265,16.02,16.23,123128,0
CLOU.US,D,20221128,000000,16.15,16.36,15.95,16.01,237689,0
CLOU.US,D,20221129,000000,16,16.115,15.8,15.83,331707,0
CLOU.US,D,20221130,000000,15.86,16.78,15.77,16.78,459926,0
CLOU.US,D,20221201,000000,16.9,17.24,16.73,17.15,372173,0
CLOU.US,D,20221202,000000,16.79,17.065,16.66,17,419178,0
CLOU.US,D,20221205,000000,16.88,17.01,16.27,16.39,471090,0
CLOU.US,D,20221206,000000,16.38,16.39,15.89,16.02,613866,0
CLOU.US,D,20221207,000000,15.92,16.2,15.84,15.97,366991,0
CLOU.US,D,20221208,000000,16,16.46,15.89,16.26,333073,0
CLOU.US,D,20221209,000000,16.18,16.46,16.12,16.21,214357,0
CLOU.US,D,20221212,000000,16.34,16.8,16.34,16.8,419738,0
CLOU.US,D,20221213,000000,17.52,17.7783,16.85,16.99,451948,0
CLOU.US,D,20221214,000000,16.92,17.24,16.81,17.01,430384,0
CLOU.US,D,20221215,000000,16.75,16.84,16.355,16.4,394979,0
CLOU.US,D,20221216,000000,16.25,16.47,16.165,16.26,498120,0
CLOU.US,D,20221219,000000,16.31,16.31,15.86,15.97,279882,0
CLOU.US,D,20221220,000000,15.9,16.165,15.72,16.03,659666,0
CLOU.US,D,20221221,000000,16.08,16.3,15.87,16.15,384806,0
CLOU.US,D,20221222,000000,15.91,15.92,15.48,15.81,254923,0
CLOU.US,D,20221223,000000,15.73,15.78,15.5,15.73,401752,0
CLOU.US,D,20221227,000000,15.61,15.705,15.41,15.6,367659,0
CLOU.US,D,20221228,000000,15.51,15.69,15.39,15.43,348281,0
CLOU.US,D,20221229,000000,15.58,16.0486,15.55,16.01,264063,0
CLOU.US,D,20221230,000000,15.73,16.04,15.71,16.03,527732,0
CLOU.US,D,20230103,000000,16.26,16.55,15.98,16.18,318175,0
CLOU.US,D,20230104,000000,16.31,16.49,16.15,16.38,295521,0
CLOU.US,D,20230105,000000,16.16,16.16,15.84,15.91,228850,0
CLOU.US,D,20230106,000000,16.02,16.165,15.62,16.06,313161,0
CLOU.US,D,20230109,000000,16.25,16.66,16.25,16.39,408922,0
CLOU.US,D,20230110,000000,16.25,16.45,16.19,16.45,230890,0
CLOU.US,D,20230111,000000,16.5,16.63,16.36,16.6,187261,0
CLOU.US,D,20230112,000000,16.35,16.78,16.3,16.75,158199,0
CLOU.US,D,20230113,000000,16.61,17.075,16.61,17.03,271396,0
CLOU.US,D,20230117,000000,16.86,17.149,16.68,17.13,288891,0
CLOU.US,D,20230118,000000,17.24,17.415,16.87,16.9,177762,0
CLOU.US,D,20230119,000000,16.75,16.87,16.6,16.7,117692,0
CLOU.US,D,20230120,000000,16.84,17.169,16.72,17.13,302452,0
CLOU.US,D,20230123,000000,17.21,17.68,17.185,17.65,518493,0
CLOU.US,D,20230124,000000,17.56,17.78,17.455,17.51,138460,0
CLOU.US,D,20230125,000000,17.22,17.565,16.95,17.52,221477,0
CLOU.US,D,20230126,000000,17.8,17.95,17.55,17.89,273493,0
CLOU.US,D,20230127,000000,17.76,18.19,17.73,18.06,299510,0
CLOU.US,D,20230130,000000,17.74,17.85,17.553,17.6,331150,0
CLOU.US,D,20230131,000000,17.72,17.95,17.64,17.95,198113,0
CLOU.US,D,20230201,000000,17.99,18.62,17.885,18.54,231534,0
CLOU.US,D,20230202,000000,18.92,19.43,18.9,19.32,605481,0
CLOU.US,D,20230203,000000,18.79,19.245,18.68,18.82,506012,0
CLOU.US,D,20230206,000000,18.66,18.72,18.361,18.37,123287,0
CLOU.US,D,20230207,000000,18.33,18.845,18.18,18.8,143746,0
CLOU.US,D,20230208,000000,18.72,18.8999,18.51,18.54,240560,0
CLOU.US,D,20230209,000000,18.8,18.85,18.32,18.33,162994,0
CLOU.US,D,20230210,000000,18.22,18.22,17.89,18.02,158299,0
CLOU.US,D,20230213,000000,18.13,18.43,18.02,18.38,103605,0
CLOU.US,D,20230214,000000,18.19,18.625,18.08,18.5,171039,0
CLOU.US,D,20230215,000000,18.34,18.82,18.31,18.82,217420,0
CLOU.US,D,20230216,000000,18.45,18.66,18.21,18.42,151890,0
CLOU.US,D,20230217,000000,18.2,18.24,17.9,18.04,118991,0
CLOU.US,D,20230221,000000,17.78,17.81,17.52,17.59,156991,0
CLOU.US,D,20230222,000000,17.7,17.94,17.63,17.7,109984,0
CLOU.US,D,20230223,000000,17.83,17.89,17.35,17.63,93474,0
CLOU.US,D,20230224,000000,17.27,17.38,17.115,17.18,146085,0
CLOU.US,D,20230227,000000,17.35,17.41,17.18,17.2,113317,0
CLOU.US,D,20230228,000000,17.29,17.44,17.24,17.34,334645,0
CLOU.US,D,20230301,000000,17.35,17.45,17.12,17.17,225070,0
CLOU.US,D,20230302,000000,17,17.42,16.96,17.39,89775,0
CLOU.US,D,20230303,000000,17.39,17.755,17.33,17.75,178080,0
CLOU.US,D,20230306,000000,17.77,18.04,17.69,17.69,129083,0
CLOU.US,D,20230307,000000,17.69,17.87,17.48,17.48,90851,0
CLOU.US,D,20230308,000000,17.43,17.5702,17.33,17.44,123771,0
CLOU.US,D,20230309,000000,17.41,17.64,16.91,16.91,152046,0
CLOU.US,D,20230310,000000,16.86,16.86,16.24,16.39,238817,0
CLOU.US,D,20230313,000000,16.16,16.77,16.03,16.51,154463,0
CLOU.US,D,20230314,000000,16.76,16.99,16.695,16.87,116417,0
CLOU.US,D,20230315,000000,16.52,16.97,16.52,16.92,317751,0
CLOU.US,D,20230316,000000,16.92,17.26,16.82,17.19,110598,0
CLOU.US,D,20230317,000000,17.14,17.2547,16.9,16.96,95711,0
CLOU.US,D,20230320,000000,16.9,17.01,16.75,16.97,127460,0
CLOU.US,D,20230321,000000,17.08,17.415,17.07,17.35,206422,0
CLOU.US,D,20230322,000000,17.37,17.44,16.82,16.84,152503,0
CLOU.US,D,20230323,000000,17.05,17.45,17.03,17.18,388898,0
CLOU.US,D,20230324,000000,17.12,17.225,16.9849,17.2,239095,0
CLOU.US,D,20230327,000000,17.29,17.41,17.1,17.24,303245,0
CLOU.US,D,20230328,000000,17.18,17.25,17.03,17.13,103033,0
CLOU.US,D,20230329,000000,17.3,17.54,17.29,17.5,149729,0
CLOU.US,D,20230330,000000,17.73,17.79,17.64,17.72,204856,0
CLOU.US,D,20230331,000000,17.76,18.35,17.721,18.35,127279,0
CLOU.US,D,20230403,000000,18.17,18.2301,17.89,18.09,143333,0
CLOU.US,D,20230404,000000,18.12,18.2,17.965,18.04,253775,0
CLOU.US,D,20230405,000000,17.93,17.97,17.37,17.49,171845,0
CLOU.US,D,20230406,000000,17.38,17.6,17.19,17.59,122283,0
CLOU.US,D,20230410,000000,17.34,17.5504,17.16,17.55,198816,0
CLOU.US,D,20230411,000000,17.5,17.61,17.29,17.49,98951,0
CLOU.US,D,20230412,000000,17.72,17.83,17.28,17.29,176118,0
CLOU.US,D,20230413,000000,17.42,17.7,17.352,17.63,147200,0
CLOU.US,D,20230414,000000,17.5,17.67,17.31,17.52,103723,0
CLOU.US,D,20230417,000000,17.52,17.71,17.48,17.71,104174,0
CLOU.US,D,20230418,000000,17.88,17.88,17.66,17.69,180877,0
CLOU.US,D,20230419,000000,17.48,17.63,17.47,17.51,97299,0
CLOU.US,D,20230420,000000,17.35,17.52,17.25,17.32,193008,0
CLOU.US,D,20230421,000000,17.27,17.39,17.1897,17.35,108082,0
CLOU.US,D,20230424,000000,17.36,17.445,16.99,17.13,148889,0
CLOU.US,D,20230425,000000,16.97,16.97,16.48,16.48,104279,0
CLOU.US,D,20230426,000000,16.71,16.815,16.475,16.53,205725,0
CLOU.US,D,20230427,000000,16.71,16.85,16.58,16.8,205482,0
CLOU.US,D,20230428,000000,16.68,16.83,16.46,16.79,153261,0
CLOU.US,D,20230501,000000,16.72,16.821,16.6501,16.7345,104877,0
CLOU.US,D,20230502,000000,16.62,16.65,16.22,16.27,197083,0
CLOU.US,D,20230503,000000,16.35,16.37,16,16.04,275076,0
CLOU.US,D,20230504,000000,16.22,16.425,16.13,16.14,466150,0
CLOU.US,D,20230505,000000,16.36,16.5775,16.36,16.55,145364,0
CLOU.US,D,20230508,000000,16.58,16.875,16.58,16.84,134570,0
CLOU.US,D,20230509,000000,16.72,16.87,16.68,16.76,144128,0
CLOU.US,D,20230510,000000,16.86,17.11,16.85,16.97,205606,0
CLOU.US,D,20230511,000000,16.93,16.95,16.76,16.89,126714,0
CLOU.US,D,20230512,000000,16.85,16.9,16.63,16.77,131098,0
CLOU.US,D,20230515,000000,16.79,17.141,16.76,17.11,189432,0
CLOU.US,D,20230516,000000,17,17.06,16.91,16.96,120713,0
CLOU.US,D,20230517,000000,17.01,17.275,16.88,17.27,258164,0
CLOU.US,D,20230518,000000,17.25,17.62,17.2415,17.61,202311,0
CLOU.US,D,20230519,000000,17.64,17.69,17.5,17.55,108845,0
CLOU.US,D,20230522,000000,17.56,18.055,17.55,17.99,420647,0
CLOU.US,D,20230523,000000,17.83,18.07,17.65,17.67,225745,0
CLOU.US,D,20230524,000000,17.54,17.76,17.47,17.66,158169,0
CLOU.US,D,20230525,000000,17.82,17.87,17.51,17.59,334114,0
CLOU.US,D,20230526,000000,17.69,18.27,17.69,18.12,355890,0
CLOU.US,D,20230530,000000,18.4,18.52,18.1,18.1902,166936,0
CLOU.US,D,20230531,000000,18.09,18.55,18.09,18.55,180183,0
CLOU.US,D,20230601,000000,18.33,18.73,18.15,18.61,300254,0
CLOU.US,D,20230602,000000,18.84,19.06,18.73,18.97,318250,0
CLOU.US,D,20230605,000000,18.87,19.161,18.7687,19.1,576648,0
CLOU.US,D,20230606,000000,19.06,19.52,19.04,19.47,371045,0
CLOU.US,D,20230607,000000,19.59,19.74,19.075,19.12,538734,0
CLOU.US,D,20230608,000000,19.08,19.3182,18.99,19.25,355514,0
CLOU.US,D,20230609,000000,19.28,19.63,19.28,19.36,313019,0
CLOU.US,D,20230612,000000,19.44,19.855,19.43,19.83,144547,0
CLOU.US,D,20230613,000000,20.02,20.15,19.93,20.15,297440,0
CLOU.US,D,20230614,000000,20.15,20.36,19.93,20.21,358242,0
CLOU.US,D,20230615,000000,19.99,20.51,19.99,20.45,207095,0
CLOU.US,D,20230616,000000,20.61,20.61,20.04,20.14,291708,0
CLOU.US,D,20230620,000000,20.01,20.095,19.68,19.87,360262,0
CLOU.US,D,20230621,000000,19.79,19.86,19.32,19.37,307084,0
CLOU.US,D,20230622,000000,19.28,19.56,19.185,19.49,198969,0
CLOU.US,D,20230623,000000,19.22,19.44,19.18,19.35,136291,0
CLOU.US,D,20230626,000000,19.405,19.52,19.12,19.14,168027,0
CLOU.US,D,20230627,000000,19.21,19.48,19.17,19.42,153504,0
CLOU.US,D,20230628,000000,19.41,19.7395,19.36,19.62,193462,0
CLOU.US,D,20230629,000000,19.61,19.7,19.53,19.67,225564,0
CLOU.US,D,20230630,000000,19.82,19.99,19.82,19.84,227122,0
CLOU.US,D,20230703,000000,19.83,19.88,19.72,19.82,84818,0
CLOU.US,D,20230705,000000,19.69,19.8,19.62,19.75,284524,0
CLOU.US,D,20230706,000000,19.42,19.46,19.13,19.42,213239,0
CLOU.US,D,20230707,000000,19.48,19.73,19.47,19.56,147682,0
CLOU.US,D,20230710,000000,19.47,19.93,19.44,19.93,143364,0
CLOU.US,D,20230711,000000,20.04,20.24,19.9499,20.21,143485,0
CLOU.US,D,20230712,000000,20.5,20.51,20.1621,20.37,193934,0
CLOU.US,D,20230713,000000,20.57,20.9899,20.57,20.95,202092,0
CLOU.US,D,20230714,000000,20.94,20.995,20.645,20.71,218760,0
CLOU.US,D,20230717,000000,20.7,21.065,20.57,20.96,356905,0
CLOU.US,D,20230718,000000,20.94,21.21,20.83,21.16,214528,0
CLOU.US,D,20230719,000000,21.3,21.679,21.25,21.41,331167,0
CLOU.US,D,20230720,000000,21.17,21.2,20.585,20.64,240962,0
CLOU.US,D,20230721,000000,20.72,20.78,20.37,20.4,190031,0
CLOU.US,D,20230724,000000,20.5,20.6,20.3,20.4,124240,0
CLOU.US,D,20230725,000000,20.52,20.685,20.4989,20.58,531960,0
CLOU.US,D,20230726,000000,20.48,20.68,20.44,20.63,183433,0
CLOU.US,D,20230727,000000,20.87,20.955,20.265,20.35,220929,0
CLOU.US,D,20230728,000000,20.63,20.96,20.63,20.82,135408,0
CLOU.US,D,20230731,000000,20.86,21.25,20.83,21.25,207720,0
CLOU.US,D,20230801,000000,21.08,21.18,20.895,21.11,168478,0
CLOU.US,D,20230802,000000,20.865,20.865,20.17,20.35,302323,0
CLOU.US,D,20230803,000000,20.29,20.51,20.23,20.46,669879,0
CLOU.US,D,20230804,000000,20.58,20.62,20.13,20.23,193803,0
CLOU.US,D,20230807,000000,20.3,20.42,20.0493,20.4,232233,0
CLOU.US,D,20230808,000000,20.09,20.09,19.6498,19.91,315549,0
CLOU.US,D,20230809,000000,19.96,20,19.63,19.76,154965,0
CLOU.US,D,20230810,000000,20,20.16,19.76,19.89,102981,0
CLOU.US,D,20230811,000000,19.75,19.95,19.71,19.89,117084,0
CLOU.US,D,20230814,000000,19.75,19.9886,19.67,19.97,310571,0
CLOU.US,D,20230815,000000,19.82,19.9,19.7,19.72,579849,0
CLOU.US,D,20230816,000000,19.61,19.74,19.514,19.52,133754,0
CLOU.US,D,20230817,000000,19.58,19.58,19.1,19.16,206617,0
CLOU.US,D,20230818,000000,18.93,19.315,18.83,19.27,213913,0
CLOU.US,D,20230821,000000,19.36,19.49,19.195,19.36,107411,0
CLOU.US,D,20230822,000000,19.43,19.5,19.32,19.43,76766,0
CLOU.US,D,20230823,000000,19.49,19.84,19.45,19.81,81746,0
CLOU.US,D,20230824,000000,19.94,19.97,19.4,19.42,103215,0
CLOU.US,D,20230825,000000,19.42,19.755,19.26,19.68,137192,0
CLOU.US,D,20230828,000000,19.77,19.89,19.695,19.77,97301,0
CLOU.US,D,20230829,000000,19.71,20.14,19.64,20.14,188493,0
CLOU.US,D,20230830,000000,20.07,20.26,19.99,20.22,201530,0
CLOU.US,D,20230831,000000,20.37,20.63,20.18,20.51,361115,0
CLOU.US,D,20230901,000000,20.65,20.8,20.57,20.65,105708,0
CLOU.US,D,20230905,000000,20.51,20.61,20.42,20.51,201090,0
CLOU.US,D,20230906,000000,20.47,20.617,20.36,20.53,114361,0
CLOU.US,D,20230907,000000,20.26,20.46,20.1,20.4,137637,0
CLOU.US,D,20230908,000000,20.29,20.43,20.15,20.17,106089,0
CLOU.US,D,20230911,000000,20.25,20.4,20.23,20.34,81595,0
CLOU.US,D,20230912,000000,20.17,20.35,20.04,20.04,139314,0
CLOU.US,D,20230913,000000,20.02,20.06,19.76,19.82,112740,0
CLOU.US,D,20230914,000000,19.91,19.96,19.772,19.85,75004,0
CLOU.US,D,20230915,000000,19.73,19.76,19.44,19.53,93874,0
CLOU.US,D,20230918,000000,19.42,19.46,19.3,19.34,108974,0
CLOU.US,D,20230919,000000,19.29,19.335,19.1,19.32,397102,0
CLOU.US,D,20230920,000000,19.38,19.53,19.23,19.24,114982,0
CLOU.US,D,20230921,000000,19.04,19.1,18.74,18.76,160331,0
CLOU.US,D,20230922,000000,18.86,18.9701,18.76,18.81,105875,0
CLOU.US,D,20230925,000000,18.72,18.85,18.67,18.81,132167,0
CLOU.US,D,20230926,000000,18.65,18.8,18.39,18.42,204125,0
CLOU.US,D,20230927,000000,18.54,18.65,18.4,18.55,122922,0
CLOU.US,D,20230928,000000,18.43,18.79,18.3399,18.66,240117,0
CLOU.US,D,20230929,000000,18.9,19.11,18.81,18.83,182670,0
CLOU.US,D,20231002,000000,18.81,18.97,18.71,18.78,157687,0
CLOU.US,D,20231003,000000,18.61,18.7501,18.24,18.31,289007,0
CLOU.US,D,20231004,000000,18.38,18.53,18.24,18.49,188250,0
CLOU.US,D,20231005,000000,18.45,18.47,18.13,18.34,275170,0
CLOU.US,D,20231006,000000,18.13,18.9099,18.13,18.86,184903,0
CLOU.US,D,20231009,000000,18.66,18.99,18.62,18.92,82289,0
CLOU.US,D,20231010,000000,18.95,19.305,18.92,19.09,109781,0
CLOU.US,D,20231011,000000,19.18,19.27,18.94,19.06,106120,0
CLOU.US,D,20231012,000000,19.06,19.09,18.57,18.68,129151,0
CLOU.US,D,20231013,000000,18.71,18.71,18.32,18.42,115596,0
CLOU.US,D,20231016,000000,18.53,18.925,18.48,18.83,64742,0
CLOU.US,D,20231017,000000,18.6,19.04,18.6,18.94,110452,0
CLOU.US,D,20231018,000000,18.78,18.89,18.53,18.58,86029,0
CLOU.US,D,20231019,000000,18.76,18.89,18.4701,18.48,100858,0
CLOU.US,D,20231020,000000,18.42,18.46,17.97,18.1,154881,0
CLOU.US,D,20231023,000000,17.95,18.205,17.74,17.99,203125,0
CLOU.US,D,20231024,000000,18.13,18.51,18.12,18.35,94168,0
CLOU.US,D,20231025,000000,18.12,18.14,17.69,17.71,122508,0
CLOU.US,D,20231026,000000,17.71,17.89,17.4,17.56,183716,0
CLOU.US,D,20231027,000000,17.68,17.74,17.3946,17.46,98142,0
CLOU.US,D,20231030,000000,17.65,17.745,17.465,17.65,150611,0
CLOU.US,D,20231031,000000,17.67,17.86,17.54,17.82,144354,0
CLOU.US,D,20231101,000000,17.6,17.63,17.26,17.5,144424,0
CLOU.US,D,20231102,000000,17.72,18.0128,17.49,17.99,163382,0
CLOU.US,D,20231103,000000,18.22,18.7284,18.19,18.65,150161,0
CLOU.US,D,20231106,000000,18.66,18.69,18.25,18.45,162729,0
CLOU.US,D,20231107,000000,18.77,19.125,18.674,18.92,290354,0
CLOU.US,D,20231108,000000,18.93,18.98,18.7391,18.9,84925,0
CLOU.US,D,20231109,000000,19.01,19.03,18.57,18.58,153230,0
CLOU.US,D,20231110,000000,18.7,19,18.55,19,142192,0
CLOU.US,D,20231113,000000,18.84,18.95,18.75,18.89,127950,0
CLOU.US,D,20231114,000000,19.42,19.78,19.41,19.74,175345,0
CLOU.US,D,20231115,000000,19.88,20.156,19.8,19.87,199006,0
CLOU.US,D,20231116,000000,19.72,19.8,19.52,19.66,249093,0
CLOU.US,D,20231117,000000,19.77,20,19.71,19.99,104842,0
CLOU.US,D,20231120,000000,20,20.41,20,20.32,195938,0
CLOU.US,D,20231121,000000,20.14,20.26,20.055,20.13,99704,0
CLOU.US,D,20231122,000000,20.26,20.38,20.12,20.22,111419,0
CLOU.US,D,20231124,000000,20.12,20.27,20.11,20.27,79295,0
CLOU.US,D,20231127,000000,20.16,20.38,20.15,20.28,109465,0
CLOU.US,D,20231128,000000,20.26,20.539,20.18,20.49,187004,0
CLOU.US,D,20231129,000000,20.75,21.04,20.75,20.87,285578,0
CLOU.US,D,20231130,000000,21.02,21.09,20.575,20.77,613924,0
CLOU.US,D,20231201,000000,20.73,21.3,20.62,21.27,345899,0
CLOU.US,D,20231204,000000,21.1,21.355,21,21.31,175124,0
CLOU.US,D,20231205,000000,21.12,21.29,20.98,21.21,212023,0
CLOU.US,D,20231206,000000,21.19,21.2704,20.92,20.95,302114,0
CLOU.US,D,20231207,000000,21.05,21.05,20.79,20.93,290129,0
CLOU.US,D,20231208,000000,20.82,21.17,20.81,21.14,193515,0
CLOU.US,D,20231211,000000,21.02,21.29,21,21.2,103634,0
CLOU.US,D,20231212,000000,21.22,21.36,21.085,21.36,132090,0
CLOU.US,D,20231213,000000,21.46,21.8,21.2059,21.79,163870,0
CLOU.US,D,20231214,000000,22.05,22.42,21.94,22.26,294223,0
CLOU.US,D,20231215,000000,22.28,22.4499,22.18,22.39,175868,0
CLOU.US,D,20231218,000000,22.34,22.63,22.305,22.57,330854,0
CLOU.US,D,20231219,000000,22.66,22.87,22.64,22.83,180039,0
CLOU.US,D,20231220,000000,22.67,22.95,22.38,22.4,654054,0
CLOU.US,D,20231221,000000,22.62,22.74,22.465,22.71,169546,0
CLOU.US,D,20231222,000000,22.8,22.86,22.615,22.79,192909,0
CLOU.US,D,20231226,000000,22.75,23.01,22.75,22.98,171210,0
CLOU.US,D,20231227,000000,23.01,23.09,22.92,22.98,171970,0
CLOU.US,D,20231228,000000,23.03,23.03,22.91,22.94,97805,0
CLOU.US,D,20231229,000000,22.89,23.01,22.61,22.66,109921,0
CLOU.US,D,20240102,000000,22.4,22.4,21.78,21.87,278308,0
CLOU.US,D,20240103,000000,21.56,21.72,21.345,21.39,585764,0
CLOU.US,D,20240104,000000,21.31,21.465,21.2,21.31,265694,0
CLOU.US,D,20240105,000000,21.23,21.55,21.19,21.32,1323484,0
CLOU.US,D,20240108,000000,21.33,22.015,21.33,22.01,191886,0
CLOU.US,D,20240109,000000,21.78,22.12,21.73,22.03,252416,0
CLOU.US,D,20240110,000000,21.98,22.135,21.87,22.05,186458,0
CLOU.US,D,20240111,000000,22.07,22.2601,21.82,22.24,1126887,0
CLOU.US,D,20240112,000000,22.34,22.57,22.28,22.34,187359,0
CLOU.US,D,20240116,000000,22.06,22.2,21.9,22.07,250969,0
CLOU.US,D,20240117,000000,21.77,21.865,21.4499,21.84,428287,0
CLOU.US,D,20240118,000000,22,22.1,21.75,22,1220267,0
CLOU.US,D,20240119,000000,22.08,22.27,21.92,22.27,384518,0
CLOU.US,D,20240122,000000,22.52,22.8959,22.52,22.66,269525,0
CLOU.US,D,20240123,000000,22.75,22.86,22.6,22.72,201314,0
CLOU.US,D,20240124,000000,23.01,23.07,22.63,22.64,213953,0
CLOU.US,D,20240125,000000,22.82,22.86,22.49,22.63,204336,0
CLOU.US,D,20240126,000000,22.65,22.87,22.63,22.65,321897,0
CLOU.US,D,20240129,000000,22.63,23.18,22.62,23.17,196009,0
CLOU.US,D,20240130,000000,23.1,23.14,22.925,23.05,236169,0
CLOU.US,D,20240131,000000,22.88,22.9215,22.39,22.42,225722,0
CLOU.US,D,20240201,000000,22.54,22.6,22.24,22.57,401639,0
CLOU.US,D,20240202,000000,22.55,22.81,22.42,22.74,281846,0
CLOU.US,D,20240205,000000,22.59,22.63,22.15,22.37,269217,0
CLOU.US,D,20240206,000000,22.39,22.52,22.195,22.46,282288,0
CLOU.US,D,20240207,000000,22.65,22.8,22.4,22.73,174523,0
CLOU.US,D,20240208,000000,22.58,23,22.55,22.93,266871,0
CLOU.US,D,20240209,000000,23.19,23.64,23.16,23.47,421349,0
CLOU.US,D,20240212,000000,23.47,23.6701,23.31,23.32,332906,0
CLOU.US,D,20240213,000000,22.51,22.8299,22.3,22.48,405907,0
CLOU.US,D,20240214,000000,22.7,22.98,22.63,22.97,254766,0
CLOU.US,D,20240215,000000,22.72,22.81,22.54,22.76,350516,0
CLOU.US,D,20240216,000000,22.45,22.53,22.07,22.13,373822,0
CLOU.US,D,20240220,000000,21.9,21.98,21.5575,21.67,300995,0
CLOU.US,D,20240221,000000,21.32,21.39,21.02,21.2,399930,0
CLOU.US,D,20240222,000000,21.57,21.61,21.3201,21.45,259249,0
CLOU.US,D,20240223,000000,21.52,21.65,21.4,21.54,149821,0
CLOU.US,D,20240226,000000,21.53,21.71,21.48,21.56,187835,0
CLOU.US,D,20240227,000000,21.65,21.9,21.6,21.84,129260,0
CLOU.US,D,20240228,000000,21.65,21.8,21.55,21.72,88545,0
CLOU.US,D,20240229,000000,21.94,22.0391,21.71,21.96,310949,0
CLOU.US,D,20240301,000000,22.02,22.215,21.89,22.16,254617,0
CLOU.US,D,20240304,000000,22.14,22.16,21.93,22.01,349082,0
CLOU.US,D,20240305,000000,21.79,21.79,21.155,21.31,302414,0
CLOU.US,D,20240306,000000,21.69,21.715,21.32,21.52,213928,0
CLOU.US,D,20240307,000000,21.69,21.895,21.565,21.8,346916,0
CLOU.US,D,20240308,000000,21.9,22.16,21.71,21.79,213298,0
CLOU.US,D,20240311,000000,21.7,21.985,21.68,21.91,211368,0
CLOU.US,D,20240312,000000,22.02,22.07,21.8,22.03,165828,0
CLOU.US,D,20240313,000000,22.03,22.16,21.92,21.98,151757,0
CLOU.US,D,20240314,000000,22.02,22.065,21.62,21.75,191150,0
CLOU.US,D,20240315,000000,21.62,21.69,21.42,21.5,181243,0
CLOU.US,D,20240318,000000,21.64,21.805,21.53,21.72,128712,0
CLOU.US,D,20240319,000000,21.64,21.7683,21.49,21.74,112656,0
CLOU.US,D,20240320,000000,21.71,22.09,21.675,22.01,160744,0
CLOU.US,D,20240321,000000,22.2,22.31,22.005,22.03,238839,0
CLOU.US,D,20240322,000000,21.96,22.01,21.785,21.86,101114,0
CLOU.US,D,20240325,000000,21.77,21.85,21.71,21.72,319908,0
CLOU.US,D,20240326,000000,21.82,21.855,21.71,21.74,135715,0
CLOU.US,D,20240327,000000,21.96,21.99,21.68,21.8,286912,0
CLOU.US,D,20240328,000000,21.81,21.93,21.75,21.75,134857,0
CLOU.US,D,20240401,000000,21.81,21.92,21.67,21.76,320027,0
CLOU.US,D,20240402,000000,21.39,21.48,21.29,21.46,421902,0
CLOU.US,D,20240403,000000,21.37,21.56,21.34,21.41,176232,0
CLOU.US,D,20240404,000000,21.6,21.735,21.21,21.24,199755,0
CLOU.US,D,20240405,000000,21.22,21.46,21.1983,21.35,159593,0
CLOU.US,D,20240408,000000,21.42,21.54,21.33,21.43,156476,0
CLOU.US,D,20240409,000000,21.49,21.72,21.48,21.67,941380,0
CLOU.US,D,20240410,000000,21.27,21.35,21.075,21.21,224925,0
CLOU.US,D,20240411,000000,21.32,21.41,21.1,21.3,770435,0
CLOU.US,D,20240412,000000,21.14,21.17,20.875,20.91,1138840,0
CLOU.US,D,20240415,000000,21.02,21.02,20.35,20.4,200684,0
CLOU.US,D,20240416,000000,20.37,20.48,20.21,20.3,1379470,0
CLOU.US,D,20240417,000000,20.41,20.47,20.205,20.21,187353,0
CLOU.US,D,20240418,000000,20.29,20.445,20.155,20.18,62473,0
CLOU.US,D,20240419,000000,20.08,20.19,19.8801,19.98,274864,0
CLOU.US,D,20240422,000000,20.14,20.33,19.99,20.22,173906,0
CLOU.US,D,20240423,000000,20.28,20.72,20.25,20.63,252570,0
CLOU.US,D,20240424,000000,20.73,20.73,20.45,20.59,216295,0
CLOU.US,D,20240425,000000,20.19,20.3918,20.1,20.37,96540,0
CLOU.US,D,20240426,000000,20.56,20.71,20.56,20.6,122505,0
CLOU.US,D,20240429,000000,20.71,20.85,20.63,20.74,155072,0
CLOU.US,D,20240430,000000,20.58,20.6,20.15,20.17,196393,0
CLOU.US,D,20240501,000000,20.24,20.8,20.24,20.38,135453,0
CLOU.US,D,20240502,000000,20.11,20.175,19.83,20.17,239914,0
CLOU.US,D,20240503,000000,20.53,20.58,20.1951,20.28,225649,0
CLOU.US,D,20240506,000000,20.3,20.45,20.3,20.45,106449,0
CLOU.US,D,20240507,000000,20.29,20.49,20.24,20.4,108382,0
CLOU.US,D,20240508,000000,20.05,20.08,19.82,19.85,116519,0
CLOU.US,D,20240509,000000,19.93,19.94,19.835,19.92,103425,0
CLOU.US,D,20240510,000000,19.94,20.01,19.785,19.85,91137,0
CLOU.US,D,20240513,000000,19.97,20.15,19.97,20.11,122561,0
CLOU.US,D,20240514,000000,20.17,20.4,20.17,20.33,99649,0
CLOU.US,D,20240515,000000,20.5,20.59,20.39,20.58,130311,0
CLOU.US,D,20240516,000000,20.51,20.585,20.4652,20.55,97573,0
CLOU.US,D,20240517,000000,20.52,20.55,20.42,20.48,69164,0
CLOU.US,D,20240520,000000,20.58,20.8,20.57,20.8,104226,0
CLOU.US,D,20240521,000000,20.63,20.6901,20.525,20.58,69913,0
CLOU.US,D,20240522,000000,20.53,20.62,20.3571,20.44,87809,0
CLOU.US,D,20240523,000000,20.58,20.605,20.0001,20.08,169963,0
CLOU.US,D,20240524,000000,20,20.065,19.87,19.93,200940,0
CLOU.US,D,20240528,000000,19.98,20,19.735,19.8,146292,0
CLOU.US,D,20240529,000000,19.62,19.835,19.6,19.73,242149,0
CLOU.US,D,20240530,000000,19.56,19.62,19.36,19.43,249990,0
CLOU.US,D,20240531,000000,19.58,19.59,19.15,19.5,256903,0
CLOU.US,D,20240603,000000,19.61,19.66,19.34,19.45,186568,0
CLOU.US,D,20240604,000000,19.34,19.495,19.33,19.41,277096,0
CLOU.US,D,20240605,000000,19.5,19.59,19.355,19.59,178458,0
CLOU.US,D,20240606,000000,19.54,19.7469,19.54,19.69,153136,0
CLOU.US,D,20240607,000000,19.54,19.66,19.445,19.52,158676,0
CLOU.US,D,20240610,000000,19.42,19.635,19.41,19.61,200690,0
CLOU.US,D,20240611,000000,19.53,19.66,19.465,19.64,128865,0
CLOU.US,D,20240612,000000,19.9,20.06,19.74,19.75,321101,0
CLOU.US,D,20240613,000000,19.77,19.8,19.26,19.26,218444,0
CLOU.US,D,20240614,000000,19.18,19.26,19.13,19.22,286260,0
CLOU.US,D,20240617,000000,19.13,19.235,18.99,19.18,153625,0
CLOU.US,D,20240618,000000,19.1,19.14,18.88,18.89,297181,0
CLOU.US,D,20240620,000000,18.89,18.96,18.8,18.95,232868,0
CLOU.US,D,20240621,000000,18.91,19.23,18.85,19.23,219984,0
CLOU.US,D,20240624,000000,19.15,19.245,19.075,19.09,457475,0
CLOU.US,D,20240625,000000,19.06,19.081,18.955,19.02,815096,0
CLOU.US,D,20240626,000000,18.95,19.15,18.94,19.12,320696,0
CLOU.US,D,20240627,000000,19.1,19.55,19.09,19.54,247958,0
CLOU.US,D,20240628,000000,19.61,19.72,19.59,19.66,84694,0
CLOU.US,D,20240701,000000,19.71,19.74,19.545,19.73,105076,0
CLOU.US,D,20240702,000000,19.68,19.83,19.65,19.78,323262,0
CLOU.US,D,20240703,000000,19.75,19.87,19.71,19.77,126675,0
CLOU.US,D,20240705,000000,19.75,19.93,19.71,19.84,133726,0
CLOU.US,D,20240708,000000,19.84,19.84,19.67,19.73,101533,0
CLOU.US,D,20240709,000000,19.7,19.7,19.355,19.45,257126,0
CLOU.US,D,20240710,000000,19.49,19.5,19.24,19.45,241956,0
CLOU.US,D,20240711,000000,19.6,19.88,19.6,19.72,163062,0
CLOU.US,D,20240712,000000,19.72,20.01,19.72,19.98,157533,0
CLOU.US,D,20240715,000000,20,20.23,19.95,20.12,135073,0
CLOU.US,D,20240716,000000,20.19,20.525,20.19,20.51,240681,0
CLOU.US,D,20240717,000000,20.25,20.4421,20.1015,20.23,216583,0
CLOU.US,D,20240718,000000,20.24,20.31,19.73,19.83,269228,0
CLOU.US,D,20240719,000000,19.8,19.9,19.74,19.83,80558,0
CLOU.US,D,20240722,000000,19.96,20.02,19.77,20,144142,0
CLOU.US,D,20240723,000000,19.95,20.2601,19.95,20.15,93282,0
CLOU.US,D,20240724,000000,19.98,20.14,19.53,19.55,144338,0
CLOU.US,D,20240725,000000,19.59,20.165,19.515,19.79,194727,0
CLOU.US,D,20240726,000000,19.98,20.1,19.85,20.03,121139,0
CLOU.US,D,20240729,000000,20.11,20.175,19.92,19.94,147276,0
CLOU.US,D,20240730,000000,20.01,20.11,19.665,19.9,833482,0
CLOU.US,D,20240731,000000,20.16,20.27,20.01,20.04,128008,0
CLOU.US,D,20240801,000000,20.07,20.11,19.28,19.41,394112,0
CLOU.US,D,20240802,000000,18.93,18.93,18.49,18.85,320592,0
CLOU.US,D,20240805,000000,17.83,18.48,17.79,18.22,316785,0
CLOU.US,D,20240806,000000,18.29,18.58,18.11,18.36,380283,0
CLOU.US,D,20240807,000000,18.74,18.985,18.385,18.39,176954,0
CLOU.US,D,20240808,000000,18.57,18.915,18.48,18.9,75890,0
CLOU.US,D,20240809,000000,18.82,18.99,18.55,18.91,349325,0
CLOU.US,D,20240812,000000,18.93,18.97,18.685,18.73,88459,0
CLOU.US,D,20240813,000000,18.82,19.12,18.82,19.09,92683,0
CLOU.US,D,20240814,000000,19.12,19.21,19.005,19.13,137128,0
CLOU.US,D,20240815,000000,19.36,19.52,19.31,19.5,107737,0
CLOU.US,D,20240816,000000,19.45,19.59,19.45,19.56,100927,0
CLOU.US,D,20240819,000000,19.59,19.92,19.59,19.92,148506,0
CLOU.US,D,20240820,000000,19.85,19.95,19.73,19.8,62233,0
CLOU.US,D,20240821,000000,19.83,19.96,19.78,19.92,98282,0
CLOU.US,D,20240822,000000,19.88,19.99,19.66,19.7,155070,0
CLOU.US,D,20240823,000000,19.95,20.1899,19.87,20.16,180107,0
CLOU.US,D,20240826,000000,20.14,20.37,20.12,20.15,210046,0
CLOU.US,D,20240827,000000,20.04,20.15,19.975,20.08,110444,0
CLOU.US,D,20240828,000000,20.03,20.115,19.7531,19.9,103057,0
CLOU.US,D,20240829,000000,20.04,20.295,20.03,20.07,267111,0
CLOU.US,D,20240830,000000,20.18,20.242,19.995,20.17,374992,0
CLOU.US,D,20240903,000000,19.98,20.175,19.53,19.61,295745,0
CLOU.US,D,20240904,000000,19.33,19.58,19.3,19.39,427513,0
CLOU.US,D,20240905,000000,19.25,19.44,19.205,19.33,188994,0
CLOU.US,D,20240906,000000,19.33,19.5,18.93,19.02,315257,0
CLOU.US,D,20240909,000000,19.17,19.42,19.14,19.25,175337,0
CLOU.US,D,20240910,000000,19.29,19.295,19.035,19.2,770341,0
CLOU.US,D,20240911,000000,19.22,19.51,19,19.47,168064,0
CLOU.US,D,20240912,000000,19.51,19.715,19.43,19.64,149752,0
CLOU.US,D,20240913,000000,19.7,20.035,19.64,19.89,214131,0
CLOU.US,D,20240916,000000,19.85,19.9799,19.8,19.96,114207,0
CLOU.US,D,20240917,000000,20.1,20.15,19.9,20,68931,0
CLOU.US,D,20240918,000000,20,20.22,19.83,19.91,118294,0
CLOU.US,D,20240919,000000,20.38,20.41,20.23,20.32,150625,0
CLOU.US,D,20240920,000000,20.27,20.365,20.13,20.33,172937,0
CLOU.US,D,20240923,000000,20.38,20.39,20.27,20.35,109839,0
CLOU.US,D,20240924,000000,20.41,20.46,20.26,20.42,118839,0
CLOU.US,D,20240925,000000,20.39,20.46,20.2902,20.32,92203,0
CLOU.US,D,20240926,000000,20.57,20.65,20.26,20.52,198579,0
CLOU.US,D,20240927,000000,20.56,20.72,20.53,20.61,352412,0
CLOU.US,D,20240930,000000,20.53,20.67,20.4,20.55,121911,0
CLOU.US,D,20241001,000000,20.53,20.53,20.025,20.1,78849,0
CLOU.US,D,20241002,000000,20.06,20.23,19.96,20.18,82847,0
CLOU.US,D,20241003,000000,20.04,20.2,20.01,20.08,62681,0
CLOU.US,D,20241004,000000,20.35,20.55,20.23,20.53,147309,0
CLOU.US,D,20241007,000000,20.47,20.49,20.17,20.25,454948,0
CLOU.US,D,20241008,000000,20.22,20.375,20.175,20.29,412616,0
CLOU.US,D,20241009,000000,20.27,20.695,20.27,20.69,203611,0
CLOU.US,D,20241010,000000,20.53,20.89,20.5272,20.89,136100,0
CLOU.US,D,20241011,000000,20.87,21.105,20.84,21.01,316234,0
CLOU.US,D,20241014,000000,21.06,21.095,20.87,20.97,323073,0
CLOU.US,D,20241015,000000,20.95,21.085,20.86,20.91,58607,0
CLOU.US,D,20241016,000000,20.97,20.97,20.75,20.89,281586,0
CLOU.US,D,20241017,000000,20.99,21.02,20.805,20.94,155947,0
CLOU.US,D,20241018,000000,21,21.11,20.9491,20.97,85183,0
CLOU.US,D,20241021,000000,20.9,21.05,20.78,20.96,89096,0
CLOU.US,D,20241022,000000,20.83,20.91,20.775,20.8,168939,0
CLOU.US,D,20241023,000000,20.73,20.8,20.3995,20.5,164093,0
CLOU.US,D,20241024,000000,20.68,20.72,20.535,20.59,59218,0
CLOU.US,D,20241025,000000,20.82,21.005,20.59,20.6,325155,0
CLOU.US,D,20241028,000000,20.85,20.945,20.77,20.77,93723,0
CLOU.US,D,20241029,000000,20.78,21.045,20.77,21.03,47671,0
CLOU.US,D,20241030,000000,21,21.26,20.94,20.95,89570,0
CLOU.US,D,20241031,000000,21.03,21.3,20.95,20.95,171176,0
CLOU.US,D,20241101,000000,21.09,21.33,21,21.17,153109,0
CLOU.US,D,20241104,000000,21.07,21.21,20.995,21.13,186755,0
