<TICKER>,<PER>,<DATE>,<TIME>,<OPEN>,<HIGH>,<LOW>,<CLOSE>,<VOL>,<OPENINT>
CTEC.US,D,20201030,000000,15.279,15.279,14.9013,15.0802,50101.941134757,0
CTEC.US,D,20201102,000000,15.269,15.372,15.2291,15.372,15962.45082572,0
CTEC.US,D,20201103,000000,15.6278,15.6478,15.389,15.5209,50442.185212291,0
CTEC.US,D,20201104,000000,15.4689,15.4689,14.8713,15.1461,17712.70638927,0
CTEC.US,D,20201105,000000,15.9256,16.4432,15.9256,16.4332,56998.888729946,0
CTEC.US,D,20201106,000000,16.8219,16.8219,16.5032,16.5831,58495.962671095,0
CTEC.US,D,20201109,000000,17.9161,18.4188,16.6431,16.762,176284.45944187,0
CTEC.US,D,20201110,000000,16.8419,16.8689,16.2943,16.4232,149583.30509845,0
CTEC.US,D,20201111,000000,16.6431,17.0408,16.6231,16.9868,32788.521177652,0
CTEC.US,D,20201112,000000,17.1507,17.1507,16.782,16.8229,111101.69992935,0
CTEC.US,D,20201113,000000,16.9508,17.0208,16.7919,16.8719,42846.736540282,0
CTEC.US,D,20201116,000000,16.9219,17.0608,16.8219,16.9968,88364.389089205,0
CTEC.US,D,20201117,000000,17.0108,17.1507,16.8919,17.1507,42880.760948035,0
CTEC.US,D,20201118,000000,17.3296,17.3895,17.1907,17.1907,71732.458005043,0
CTEC.US,D,20201119,000000,17.3196,17.5584,17.3196,17.5234,33110.752333434,0
CTEC.US,D,20201120,000000,17.6184,17.9351,17.6184,17.7762,88009.134243545,0
CTEC.US,D,20201123,000000,18.046,18.4737,18.0361,18.4597,44516.934673824,0
CTEC.US,D,20201124,000000,18.8125,18.8725,18.4138,18.7425,234240.03446041,0
CTEC.US,D,20201125,000000,18.5337,18.8515,18.4637,18.8025,138391.27638333,0
CTEC.US,D,20201127,000000,19.0313,19.3751,19.0114,19.0903,42961.819095918,0
CTEC.US,D,20201130,000000,19.51,19.5889,18.8125,18.9124,121609.2376179,0
CTEC.US,D,20201201,000000,19.1213,19.2702,18.7425,18.7585,71321.162958377,0
CTEC.US,D,20201202,000000,18.4238,18.5137,18.095,18.3648,84907.90954861,0
CTEC.US,D,20201203,000000,18.4937,18.5387,18.2149,18.2489,71138.031587234,0
CTEC.US,D,20201204,000000,18.3149,18.5737,18.3149,18.4647,14051.079684279,0
CTEC.US,D,20201207,000000,18.7026,18.8075,18.5637,18.5837,27329.605168981,0
CTEC.US,D,20201208,000000,18.7625,19.3001,18.7525,19.2462,36301.040919253,0
CTEC.US,D,20201209,000000,19.9067,19.9067,18.5637,18.6666,98550.696339848,0
CTEC.US,D,20201210,000000,18.7126,18.9714,18.4737,18.8425,39064.022972404,0
CTEC.US,D,20201211,000000,18.8425,19.1992,18.7925,18.9334,43536.231156226,0
CTEC.US,D,20201214,000000,19.0213,19.2702,19.0114,19.1612,58262.795406197,0
CTEC.US,D,20201215,000000,19.4101,20.3324,19.4101,20.2475,61130.852836234,0
CTEC.US,D,20201216,000000,20.3354,20.4054,20.0066,20.3364,92152.106246459,0
CTEC.US,D,20201217,000000,20.7331,20.8231,20.5892,20.7431,75328.037330277,0
CTEC.US,D,20201218,000000,20.903,21.4506,20.903,21.1968,66384.621680509,0
CTEC.US,D,20201221,000000,21.8983,21.8983,21.1718,21.6694,204860.95908322,0
CTEC.US,D,20201222,000000,21.7994,22.6947,21.7994,22.316,160633.2318753,0
CTEC.US,D,20201223,000000,22.7437,23.0035,22.5248,22.6747,135573.25484705,0
CTEC.US,D,20201224,000000,22.8036,22.8036,22.4449,22.5128,107519.12993649,0
CTEC.US,D,20201228,000000,23.1124,23.5611,22.4159,22.4449,106766.59009442,0
CTEC.US,D,20201229,000000,22.4849,22.6048,21.8983,22.1071,90825.154344076,0
CTEC.US,D,20201230,000000,22.3959,22.7107,22.3959,22.5748,45865.902369458,0
CTEC.US,D,20201231,000000,22.6747,22.7537,22.5148,22.6148,40324.92749503,0
CTEC.US,D,20210104,000000,23.3912,23.5511,22.6647,22.8736,305308.01579638,0
CTEC.US,D,20210105,000000,23.1624,23.4002,22.8436,23.3013,232790.99497726,0
CTEC.US,D,20210106,000000,24.0727,25.0041,24.0088,24.5554,230387.27064127,0
CTEC.US,D,20210107,000000,26.0493,26.6559,25.9394,26.6159,529885.11845483,0
CTEC.US,D,20210108,000000,27.7711,27.871,26.0393,26.437,433970.31299799,0
CTEC.US,D,20210111,000000,25.2329,25.9893,24.9541,25.8005,302899.28787102,0
CTEC.US,D,20210112,000000,26.2472,26.7158,26.0293,26.7058,162676.69777626,0
CTEC.US,D,20210113,000000,27.3724,27.4423,26.511,27.1835,330665.20603354,0
CTEC.US,D,20210114,000000,27.0046,27.1735,26.6359,26.8247,216901.59655642,0
CTEC.US,D,20210115,000000,26.5659,26.5659,25.083,25.1529,194668.64752533,0
CTEC.US,D,20210119,000000,26.3371,26.8647,26.1782,26.8148,570727.41709128,0
CTEC.US,D,20210120,000000,27.1025,27.1835,26.486,26.8647,902568.46662807,0
CTEC.US,D,20210121,000000,27.0646,27.821,26.6259,27.791,392886.84135364,0
CTEC.US,D,20210122,000000,27.5522,28.2677,27.3863,28.1598,283486.36181195,0
CTEC.US,D,20210125,000000,28.6065,29.1741,27.5722,28.0998,377222.6044547,0
CTEC.US,D,20210126,000000,28.2287,28.7763,27.9999,28.5765,167750.33740301,0
CTEC.US,D,20210127,000000,27.0246,27.6711,26.486,26.9447,245800.32735356,0
CTEC.US,D,20210128,000000,26.9447,27.3234,26.457,27.2135,341604.05312626,0
CTEC.US,D,20210129,000000,26.7458,27.0736,25.8804,26.1482,221037.56353421,0
CTEC.US,D,20210201,000000,26.7258,26.7258,25.8804,26.5759,138086.05743142,0
CTEC.US,D,20210202,000000,27.0836,27.4223,26.8277,27.3923,153632.2096211,0
CTEC.US,D,20210203,000000,27.5722,27.9789,27.2225,27.851,143678.06891748,0
CTEC.US,D,20210204,000000,27.9399,28.0499,27.6991,27.7811,168769.06819986,0
CTEC.US,D,20210205,000000,27.9699,28.0679,27.5222,27.861,115896.13926896,0
CTEC.US,D,20210208,000000,28.1998,28.5665,28.1098,28.3177,186250.60875999,0
CTEC.US,D,20210209,000000,28.5465,29.0152,28.5465,28.8453,439117.00502963,0
CTEC.US,D,20210210,000000,29.3639,29.4029,27.9699,28.2877,249597.05097169,0
CTEC.US,D,20210211,000000,28.5665,28.8453,28.3307,28.5865,135344.09045365,0
CTEC.US,D,20210212,000000,28.4676,28.8053,28.0099,28.6964,56539.559225275,0
CTEC.US,D,20210216,000000,29.214,29.264,28.0499,28.2777,425800.45226567,0
CTEC.US,D,20210217,000000,28.0798,28.0898,26.9876,27.4923,581613.22613662,0
CTEC.US,D,20210218,000000,26.1682,26.2871,25.4477,25.7705,276498.34889013,0
CTEC.US,D,20210219,000000,26.0893,26.7948,26.0893,26.3871,131010.98205447,0
CTEC.US,D,20210222,000000,25.5317,25.5796,24.2916,24.3265,229731.80043308,0
CTEC.US,D,20210223,000000,23.1424,24.0487,22.306,23.9388,197561.72290224,0
CTEC.US,D,20210224,000000,23.8599,24.3865,23.1924,24.3365,126798.96051817,0
CTEC.US,D,20210225,000000,24.3365,24.6153,23.1524,23.2823,156905.55779055,0
CTEC.US,D,20210226,000000,23.3013,23.9188,22.9056,23.7,224143.79181852,0
CTEC.US,D,20210301,000000,24.4365,24.8542,24.1766,24.8542,65937.300790339,0
CTEC.US,D,20210302,000000,24.6553,24.6553,23.73,23.7999,162574.624553,0
CTEC.US,D,20210303,000000,23.67,23.8399,22.4449,22.5948,202193.0452282,0
CTEC.US,D,20210304,000000,21.9083,22.3959,20.6012,20.933,168163.63388543,0
CTEC.US,D,20210305,000000,21.3906,21.3906,19.465,20.7551,180571.53481879,0
CTEC.US,D,20210308,000000,20.3354,20.5942,19.6789,19.6789,133845.01507675,0
CTEC.US,D,20210309,000000,20.6822,21.5505,20.4054,21.5106,243577.73295297,0
CTEC.US,D,20210310,000000,22.1111,22.3959,21.1968,21.3807,115871.12132208,0
CTEC.US,D,20210311,000000,22.226,23.1354,22.226,23.0525,138267.18736682,0
CTEC.US,D,20210312,000000,22.5948,23.0525,22.296,22.9735,101551.84924727,0
CTEC.US,D,20210315,000000,22.8136,22.8936,22.5648,22.8436,62886.111989159,0
CTEC.US,D,20210316,000000,22.8736,22.8736,22.2061,22.4749,63122.281407683,0
CTEC.US,D,20210317,000000,21.7494,22.1071,21.2717,21.8583,92247.174444593,0
CTEC.US,D,20210318,000000,21.7694,21.7694,21.0119,21.0119,62005.480259071,0
CTEC.US,D,20210319,000000,21.0119,21.5106,20.7181,21.4406,47880.347452035,0
CTEC.US,D,20210322,000000,21.5006,21.9972,21.5006,21.8093,222495.60947823,0
CTEC.US,D,20210323,000000,21.5995,21.6894,20.963,21.0219,44927.229002615,0
CTEC.US,D,20210324,000000,21.1118,21.1118,20.0366,20.0366,53180.149318564,0
CTEC.US,D,20210325,000000,19.7488,20.2754,19.44,20.2355,288755.14142435,0
CTEC.US,D,20210326,000000,20.6941,20.9829,20.4143,20.9829,63202.338837691,0
CTEC.US,D,20210329,000000,21.1418,21.1418,20.1955,20.2055,63945.87221889,0
CTEC.US,D,20210330,000000,20.6042,21.3307,20.4563,21.2368,72129.743001458,0
CTEC.US,D,20210331,000000,21.7994,22.0871,21.6664,22.0072,52742.835607146,0
CTEC.US,D,20210401,000000,22.7936,22.8036,21.9103,22.0572,118699.15003711,0
CTEC.US,D,20210405,000000,22.5048,22.5048,21.7094,21.8243,110216.06460989,0
CTEC.US,D,20210406,000000,21.6894,21.9772,21.6395,21.7294,34106.466619158,0
CTEC.US,D,20210407,000000,21.6495,21.6495,20.873,20.9919,103894.52979288,0
CTEC.US,D,20210408,000000,21.1019,21.4006,21.0519,21.2018,43625.295047109,0
CTEC.US,D,20210409,000000,21.2717,21.2717,20.913,21.0719,44341.809045681,0
CTEC.US,D,20210412,000000,21.0019,21.0019,20.3754,20.5143,139118.79827853,0
CTEC.US,D,20210413,000000,20.5143,20.7131,20.3554,20.6692,107448.07896736,0
CTEC.US,D,20210414,000000,20.903,21.1019,20.5343,20.5742,78261.141422196,0
CTEC.US,D,20210415,000000,20.6742,20.6742,19.9867,20.1755,79994.384781869,0
CTEC.US,D,20210416,000000,20.1755,20.6062,20.1455,20.5343,51810.166547552,0
CTEC.US,D,20210419,000000,20.7231,20.7531,20.0016,20.0566,121191.93826399,0
CTEC.US,D,20210420,000000,20.1355,20.1755,19.6989,19.8667,47769.267767899,0
CTEC.US,D,20210421,000000,19.7588,20.4443,19.51,20.4443,72063.695621701,0
CTEC.US,D,20210422,000000,20.963,21.3007,20.893,21.0519,108716.98923299,0
CTEC.US,D,20210423,000000,21.2018,21.5555,21.1518,21.5555,49065.197416153,0
CTEC.US,D,20210426,000000,21.7494,21.8983,21.3507,21.8983,100416.03445903,0
CTEC.US,D,20210427,000000,21.8983,21.8983,21.6994,21.7494,59190.460876415,0
CTEC.US,D,20210428,000000,21.1118,21.3207,21.0519,21.1918,66090.410625229,0
CTEC.US,D,20210429,000000,21.3107,21.3107,20.6692,20.833,40702.198133942,0
CTEC.US,D,20210430,000000,20.7031,20.7031,20.2854,20.3054,28334.325915581,0
CTEC.US,D,20210503,000000,20.4743,20.4743,19.7888,19.8378,95043.180187623,0
CTEC.US,D,20210504,000000,19.2802,19.2802,18.4637,18.5737,87474.750898241,0
CTEC.US,D,20210505,000000,18.8725,18.9424,18.5986,18.6826,44040.592965276,0
CTEC.US,D,20210506,000000,18.3838,18.3838,17.8102,17.9561,107497.11414324,0
CTEC.US,D,20210507,000000,18.076,18.6826,18.076,18.3938,214034.53984426,0
CTEC.US,D,20210510,000000,18.066,18.095,17.6383,17.6783,93431.023690836,0
CTEC.US,D,20210511,000000,16.9219,17.8862,16.722,17.8662,427638.77100223,0
CTEC.US,D,20210512,000000,17.4795,17.4894,16.9318,16.9708,461455.02943761,0
CTEC.US,D,20210513,000000,17.2496,17.3096,16.5631,16.8219,114993.49174562,0
CTEC.US,D,20210514,000000,17.0907,17.6084,17.0907,17.5184,44044.595836776,0
CTEC.US,D,20210517,000000,17.2007,17.5384,17.1807,17.4095,211190.49964323,0
CTEC.US,D,20210518,000000,17.3895,18.056,17.3895,17.9161,60697.541996315,0
CTEC.US,D,20210519,000000,17.4894,18.056,17.4695,18.0061,18921.573582391,0
CTEC.US,D,20210520,000000,18.4538,18.6726,18.4138,18.6726,56226.334530369,0
CTEC.US,D,20210521,000000,18.8425,18.8425,18.5537,18.7525,23168.620244315,0
CTEC.US,D,20210524,000000,18.7425,18.7425,18.4528,18.4937,34967.083991744,0
CTEC.US,D,20210525,000000,18.4937,18.7525,18.4937,18.5137,31632.692031911,0
CTEC.US,D,20210526,000000,18.5137,18.9914,18.5137,18.9174,63962.884422767,0
CTEC.US,D,20210527,000000,19.0114,19.0114,18.8125,18.9424,60599.471644556,0
CTEC.US,D,20210528,000000,19.0114,19.2702,19.0114,19.0613,27221.52763847,0
CTEC.US,D,20210601,000000,19.1912,19.4301,19.0613,19.2012,56647.636755786,0
CTEC.US,D,20210602,000000,19.0513,19.0913,18.7885,18.8824,115491.84924742,0
CTEC.US,D,20210603,000000,18.6636,18.8465,18.3838,18.5337,131830.56999417,0
CTEC.US,D,20210604,000000,18.6636,18.8615,18.5137,18.7825,55225.616655269,0
CTEC.US,D,20210607,000000,18.8525,19.2112,18.5637,18.9524,184906.64465373,0
CTEC.US,D,20210608,000000,19.3501,19.3701,18.7925,18.9614,121220.95908236,0
CTEC.US,D,20210609,000000,18.9614,19.2412,18.9124,18.9224,35539.494616301,0
CTEC.US,D,20210610,000000,18.9524,19.1313,18.6136,19.0313,110626.35893868,0
CTEC.US,D,20210611,000000,19.1513,19.3101,19.1513,19.2502,81374.374731632,0
CTEC.US,D,20210614,000000,19.7588,19.8667,19.3411,19.3601,79270.865758171,0
CTEC.US,D,20210615,000000,19.52,19.7089,18.9124,18.9124,118597.07681385,0
CTEC.US,D,20210616,000000,19.0313,19.3001,18.9124,19.0713,48482.779612845,0
CTEC.US,D,20210617,000000,19.1513,19.4001,18.9124,19.3501,52501.662599246,0
CTEC.US,D,20210618,000000,19.3501,19.51,19.0613,19.1413,92046.030151698,0
CTEC.US,D,20210621,000000,19.1413,19.549,19.1313,19.3201,45712.792534568,0
CTEC.US,D,20210622,000000,19.3701,19.7388,19.2112,19.7188,50730.391960319,0
CTEC.US,D,20210623,000000,19.8577,20.1455,19.6549,19.8667,136521.93539264,0
CTEC.US,D,20210624,000000,20.0466,20.2055,19.9817,20.1166,87322.641781226,0
CTEC.US,D,20210625,000000,20.3554,20.5143,20.1655,20.2155,122522.89303787,0
CTEC.US,D,20210628,000000,20.2555,20.963,20.2155,20.913,108805.052406,0
CTEC.US,D,20210629,000000,20.923,21.4106,20.7431,21.1918,92604.430726004,0
CTEC.US,D,20210630,000000,21.0219,21.2517,20.6842,20.7431,77746.772434394,0
CTEC.US,D,20210701,000000,21.0619,21.0619,20.4243,20.6142,74787.649677723,0
CTEC.US,D,20210702,000000,20.4543,20.903,20.3254,20.3954,82139.923906083,0
CTEC.US,D,20210706,000000,20.6742,20.7131,20.3954,20.5642,85609.412779055,0
CTEC.US,D,20210707,000000,21.1118,21.1218,20.4243,20.4343,149852.49820685,0
CTEC.US,D,20210708,000000,20.0466,20.9919,19.558,19.9567,157473.96554361,0
CTEC.US,D,20210709,000000,19.9167,20.1166,19.9167,20.1066,48754.974874872,0
CTEC.US,D,20210712,000000,20.5343,20.5642,20.1555,20.3104,87446.730797738,0
CTEC.US,D,20210713,000000,20.4143,20.7531,19.9467,20.0666,108184.60732344,0
CTEC.US,D,20210714,000000,19.9267,20.1166,19.2202,19.3191,294715.41708845,0
CTEC.US,D,20210715,000000,19.3291,19.7478,18.7915,18.9314,68353.03374083,0
CTEC.US,D,20210716,000000,18.9214,19.0403,18.6126,18.6626,49271.345298424,0
CTEC.US,D,20210719,000000,18.5027,18.5527,18.124,18.5227,56542.5613789,0
CTEC.US,D,20210720,000000,18.6326,18.8715,18.3638,18.8215,68308.001436451,0
CTEC.US,D,20210721,000000,18.9414,19.509,18.9214,19.509,40534.077530926,0
CTEC.US,D,20210722,000000,19.7178,19.7778,19.2991,19.449,129647.00359071,0
CTEC.US,D,20210723,000000,19.449,19.449,18.9014,19.0653,91599.709979403,0
CTEC.US,D,20210726,000000,18.9214,19.0903,18.7316,18.8115,49783.712850475,0
CTEC.US,D,20210727,000000,18.7415,18.7415,18.2639,18.5727,100400.02297303,0
CTEC.US,D,20210728,000000,18.5427,19.2592,18.5427,19.1902,49417.450108188,0
CTEC.US,D,20210729,000000,19.3791,19.3791,19.1403,19.1403,71059.975592976,0
CTEC.US,D,20210730,000000,19.0004,19.449,19.0004,19.3191,96025.885140971,0
CTEC.US,D,20210802,000000,19.6879,19.6879,19.3691,19.3691,39457.305097318,0
CTEC.US,D,20210803,000000,19.7178,19.8178,19.6449,19.8178,24418.516870315,0
CTEC.US,D,20210804,000000,19.9267,20.1955,19.7998,19.8567,114605.21321008,0
CTEC.US,D,20210805,000000,20.0366,20.0366,19.7178,19.7678,60324.274228903,0
CTEC.US,D,20210806,000000,19.7878,19.9567,19.7178,19.7278,44932.23259199,0
CTEC.US,D,20210809,000000,19.7278,20.2714,19.7278,20.1755,39531.358220075,0
CTEC.US,D,20210810,000000,20.2655,20.4643,20.1755,20.2754,135229.00789801,0
CTEC.US,D,20210811,000000,20.5243,20.6142,19.6879,19.8767,150301.82053277,0
CTEC.US,D,20210812,000000,20.1066,20.3354,19.6019,19.7678,120556.4824133,0
CTEC.US,D,20210813,000000,19.8967,19.8967,19.3491,19.4191,41263.600861873,0
CTEC.US,D,20210816,000000,19.1802,19.1802,18.8415,18.9514,59504.686289196,0
CTEC.US,D,20210817,000000,18.6816,18.6816,18.3928,18.5227,28726.607322621,0
CTEC.US,D,20210818,000000,19.1902,19.2102,18.6816,18.9164,58451.931084591,0
CTEC.US,D,20210819,000000,18.6226,18.8315,18.6226,18.6916,95148.255564508,0
CTEC.US,D,20210820,000000,18.7216,18.8215,18.6626,18.8015,54087.80043128,0
CTEC.US,D,20210823,000000,19.1203,19.3991,18.9214,19.3491,43850.456569007,0
CTEC.US,D,20210824,000000,19.558,19.6679,19.3891,19.519,22311.005025355,0
CTEC.US,D,20210825,000000,19.8468,19.8468,19.6279,19.7178,47851.326633657,0
CTEC.US,D,20210826,000000,19.7778,19.9057,19.509,19.6679,56994.885858445,0
CTEC.US,D,20210827,000000,19.6279,19.8967,19.538,19.8178,52322.534099604,0
CTEC.US,D,20210830,000000,19.9467,20.2155,19.9467,20.1455,67247.240488845,0
CTEC.US,D,20210831,000000,20.3654,20.3754,20.0376,20.0766,118127.74013043,0
CTEC.US,D,20210901,000000,20.1256,20.3954,20.0666,20.1355,112050.38047495,0
CTEC.US,D,20210902,000000,20.4143,20.5143,20.2155,20.2954,86738.222542168,0
CTEC.US,D,20210903,000000,20.4143,20.4743,20.1305,20.1555,126518.75951314,0
CTEC.US,D,20210907,000000,20.2155,20.3354,19.9367,20.1166,86657.164394285,0
CTEC.US,D,20210908,000000,19.9067,20.1755,19.449,19.449,34310.613065679,0
CTEC.US,D,20210909,000000,19.5979,19.6979,19.2202,19.54,79056.7121329,0
CTEC.US,D,20210910,000000,19.7578,19.7578,19.2102,19.2402,58214.760948192,0
CTEC.US,D,20210913,000000,19.2792,19.534,19.0903,19.519,48774.989232374,0
CTEC.US,D,20210914,000000,19.6279,19.6769,19.4291,19.489,44342.809763556,0
CTEC.US,D,20210915,000000,19.4091,19.4091,19.1902,19.3291,72637.106964134,0
CTEC.US,D,20210916,000000,19.0104,19.1103,18.8715,19.0503,36634.279971661,0
CTEC.US,D,20210917,000000,19.0104,19.1702,18.9014,19.1702,44318.792534554,0
CTEC.US,D,20210920,000000,18.6326,18.6666,18.3039,18.4328,32077.010768455,0
CTEC.US,D,20210921,000000,18.7615,18.7985,18.5627,18.7715,24752.756640599,0
CTEC.US,D,20210922,000000,18.8715,19.1952,18.8715,19.1303,7273.2175162268,0
CTEC.US,D,20210923,000000,19.3291,19.519,19.3191,19.479,38821.849246629,0
CTEC.US,D,20210924,000000,19.2002,19.3091,18.9814,19.0203,36048.860014727,0
CTEC.US,D,20210927,000000,18.9604,19.4091,18.9314,19.3191,57979.592247544,0
CTEC.US,D,20210928,000000,19.1203,19.1203,18.7316,18.7715,92684.488156012,0
CTEC.US,D,20210929,000000,18.7515,18.9214,18.4927,18.5057,33337.915291081,0
CTEC.US,D,20210930,000000,18.5227,18.7615,18.5227,18.5727,25930.601579591,0
CTEC.US,D,20211001,000000,18.5527,18.6226,18.3238,18.5727,31868.861450435,0
CTEC.US,D,20211004,000000,18.3238,18.3238,17.7662,17.8152,30383.796123786,0
CTEC.US,D,20211005,000000,17.8652,17.9251,17.7762,17.8652,34369.65542031,0
CTEC.US,D,20211006,000000,17.4275,17.8452,17.3525,17.6563,62848.084709905,0
CTEC.US,D,20211007,000000,17.8852,18.2339,17.8852,18.104,51340.82986413,0
CTEC.US,D,20211008,000000,18.0151,18.124,17.9351,17.9351,61285.964106874,0
CTEC.US,D,20211011,000000,17.9751,18.6226,17.9751,18.3438,17637.652548638,0
CTEC.US,D,20211012,000000,18.4627,19.0703,18.4627,18.9704,131580.3905254,0
CTEC.US,D,20211013,000000,19.449,19.8178,19.449,19.7478,55322.686289153,0
CTEC.US,D,20211014,000000,19.9167,19.9167,19.519,19.6079,55625.903805309,0
CTEC.US,D,20211015,000000,19.8567,19.9167,19.6479,19.7178,60396.32591591,0
CTEC.US,D,20211018,000000,19.6179,19.9167,19.5879,19.8767,51825.177315679,0
CTEC.US,D,20211019,000000,20.0266,20.4643,19.9767,20.4443,66875.974157183,0
CTEC.US,D,20211020,000000,20.4443,20.4443,20.1256,20.2555,52996.017229546,0
CTEC.US,D,20211021,000000,20.1855,20.5742,20.1256,20.3954,60467.376885042,0
CTEC.US,D,20211022,000000,20.4143,20.4323,19.9267,20.0466,28795.656856003,0
CTEC.US,D,20211025,000000,20.1655,20.6542,20.1256,20.6042,27578.783919881,0
CTEC.US,D,20211026,000000,20.863,20.913,20.4443,20.5542,82296.035894599,0
CTEC.US,D,20211027,000000,20.953,21.4106,20.913,21.0919,74723.603733717,0
CTEC.US,D,20211028,000000,21.0919,21.9982,21.0919,21.9083,484176.32879176,0
CTEC.US,D,20211029,000000,21.8493,22.1281,21.5995,22.0981,95328.384782026,0
CTEC.US,D,20211101,000000,22.1571,22.5658,22.1081,22.5658,127311.32807022,0
CTEC.US,D,20211102,000000,22.4859,22.4859,21.8493,21.9882,125074.72361937,0
CTEC.US,D,20211103,000000,21.5605,21.6894,20.963,21.6295,121923.46303068,0
CTEC.US,D,20211104,000000,21.6694,21.7464,21.4206,21.5505,74251.26489667,0
CTEC.US,D,20211105,000000,21.3407,21.3757,20.943,21.1218,88242.301508443,0
CTEC.US,D,20211108,000000,21.5206,22.0861,21.5106,21.9482,80453.71428654,0
CTEC.US,D,20211109,000000,22.0482,22.0582,21.5006,21.8583,136584.98061877,0
CTEC.US,D,20211110,000000,21.3807,21.6994,21.2118,21.3807,126134.4838491,0
CTEC.US,D,20211111,000000,21.3007,22.232,21.3007,22.1031,153006.76094916,0
CTEC.US,D,20211112,000000,22.1671,22.4069,22.0482,22.287,37706.048815893,0
CTEC.US,D,20211115,000000,22.4659,22.5058,21.9083,22.0282,98708.809764114,0
CTEC.US,D,20211116,000000,22.0082,22.0282,21.7344,22.0282,134733.65254984,0
CTEC.US,D,20211117,000000,21.9982,22.1281,21.7594,21.8583,36373.09260626,0
CTEC.US,D,20211118,000000,21.8193,21.8193,21.2018,21.4206,129670.02010183,0
CTEC.US,D,20211119,000000,21.1019,21.9582,21.1019,21.8093,176424.55994438,0
CTEC.US,D,20211122,000000,21.8093,22.2171,21.2457,21.3607,84233.425700792,0
CTEC.US,D,20211123,000000,21.0519,21.3607,20.6142,20.7831,96828.460876801,0
CTEC.US,D,20211124,000000,20.6042,20.913,20.4553,20.883,56500.531228146,0
CTEC.US,D,20211126,000000,20.3254,20.8031,20.1455,20.3254,37022.5585072,0
CTEC.US,D,20211129,000000,20.3754,20.863,20.3214,20.6542,102495.52620349,0
CTEC.US,D,20211130,000000,20.4343,20.7431,19.9777,20.2455,157500.98492624,0
CTEC.US,D,20211201,000000,20.3954,20.6242,19.568,19.568,81420.407753886,0
CTEC.US,D,20211202,000000,19.519,19.8547,19.3891,19.5729,41143.514716861,0
CTEC.US,D,20211203,000000,19.449,19.509,18.3488,18.4727,136944.23833593,0
CTEC.US,D,20211206,000000,18.3338,18.8015,17.9951,18.6526,353132.32304741,0
CTEC.US,D,20211207,000000,18.9604,19.519,18.9604,19.3591,93872.340273756,0
CTEC.US,D,20211208,000000,19.3891,19.6379,19.3191,19.5779,77401.524767485,0
CTEC.US,D,20211209,000000,19.3191,19.469,18.8315,18.8615,63052.231156426,0
CTEC.US,D,20211210,000000,18.8615,19.1203,18.5627,18.6426,107012.76669169,0
CTEC.US,D,20211213,000000,18.5127,18.8215,18.2739,18.5427,181681.33094228,0
CTEC.US,D,20211214,000000,18.0351,18.164,17.7862,17.9051,74340.328787554,0
CTEC.US,D,20211215,000000,17.6963,18.154,17.5084,18.144,135514.21249242,0
CTEC.US,D,20211216,000000,18.2639,18.6226,17.7463,17.7463,198801.61234949,0
CTEC.US,D,20211217,000000,17.4275,17.8602,17.2676,17.8052,189960.26992298,0
CTEC.US,D,20211220,000000,17.0588,17.2476,16.7899,16.7999,110362.16941965,0
CTEC.US,D,20211221,000000,16.9298,17.6164,16.9298,17.6164,346901.85355704,0
CTEC.US,D,20211222,000000,17.3675,17.6164,17.3376,17.5764,195710.39483331,0
CTEC.US,D,20211223,000000,17.4675,17.8152,17.4575,17.6863,402977.07968827,0
CTEC.US,D,20211227,000000,17.8052,17.9251,17.6663,17.8152,314462.5829178,0
CTEC.US,D,20211228,000000,17.5964,17.7163,17.3825,17.4475,228042.58865991,0
CTEC.US,D,20211229,000000,17.3775,17.6263,17.1887,17.3675,108431.78463859,0
CTEC.US,D,20211230,000000,17.3176,17.8572,17.3176,17.7772,142170.98779758,0
CTEC.US,D,20211231,000000,17.6773,17.8963,17.5974,17.5974,58532.989232474,0
CTEC.US,D,20220103,000000,17.7573,17.9521,17.7573,17.8788,20019.361091376,0
CTEC.US,D,20220104,000000,17.9871,18.127,17.3475,17.6074,87936.081838662,0
CTEC.US,D,20220105,000000,17.4375,17.5074,16.708,16.708,120980.78679234,0
CTEC.US,D,20220106,000000,16.5581,16.6381,16.1884,16.4133,71839.534817679,0
CTEC.US,D,20220107,000000,16.4882,16.668,16.2284,16.2783,148688.66331811,0
CTEC.US,D,20220110,000000,16.1284,16.2683,15.8087,16.2683,130478.60014491,0
CTEC.US,D,20220111,000000,16.1484,16.5181,16.1484,16.4282,79011.679828521,0
CTEC.US,D,20220112,000000,16.648,16.8979,16.4683,16.5781,72152.759512585,0
CTEC.US,D,20220113,000000,16.728,16.8423,16.2184,16.2483,28526.463747601,0
CTEC.US,D,20220114,000000,16.0885,16.2863,15.8586,16.0785,68258.966260571,0
CTEC.US,D,20220118,000000,15.8486,15.8886,15.5388,15.5388,63411.488873587,0
CTEC.US,D,20220119,000000,15.6388,15.6937,15.299,15.3989,86138.792534983,0
CTEC.US,D,20220120,000000,15.4889,16.0085,15.309,15.3836,91222.439340491,0
CTEC.US,D,20220121,000000,15.1491,15.2391,14.6095,14.6095,127376.3747321,0
CTEC.US,D,20220124,000000,14.0399,14.5496,13.6602,14.4196,98126.391960806,0
CTEC.US,D,20220125,000000,14.0999,14.2517,13.89,14.0699,32909.608040539,0
CTEC.US,D,20220126,000000,14.6095,14.7494,14.1898,14.2198,180105.200289,0
CTEC.US,D,20220127,000000,14.1698,14.1898,13.6702,13.7239,95551.544868173,0
CTEC.US,D,20220128,000000,13.6502,13.8001,13.2905,13.7401,89430.153626187,0
CTEC.US,D,20220131,000000,13.98,14.8792,13.94,14.8493,138020.01005167,0
CTEC.US,D,20220201,000000,14.8493,14.8993,14.5995,14.8393,37321.773151855,0
CTEC.US,D,20220202,000000,15.0892,15.1391,14.5895,14.6695,36181.955492116,0
CTEC.US,D,20220203,000000,14.2698,14.4995,14.1299,14.1398,147672.93467488,0
CTEC.US,D,20220204,000000,14.1498,14.4996,14.1498,14.4334,18954.597272269,0
CTEC.US,D,20220207,000000,14.2997,14.5795,14.2398,14.3797,17107.272074835,0
CTEC.US,D,20220208,000000,14.1998,14.3997,14.1349,14.3447,113230.22684969,0
CTEC.US,D,20220209,000000,15.1291,15.1291,14.8493,15.1291,120212.23546426,0
CTEC.US,D,20220210,000000,14.7994,15.2291,14.6095,14.6495,36105.900933608,0
CTEC.US,D,20220211,000000,14.7594,14.7894,14.0799,14.1798,43227.00933282,0
CTEC.US,D,20220214,000000,14.0599,14.2398,13.99,14.0399,30119.60660476,0
CTEC.US,D,20220215,000000,14.5496,14.9693,14.5496,14.9593,29118.88872966,0
CTEC.US,D,20220216,000000,14.8893,15.1991,14.7649,15.0492,83482.887294467,0
CTEC.US,D,20220217,000000,14.9293,15.0492,14.6994,14.7294,16107.55491761,0
CTEC.US,D,20220218,000000,14.6195,14.7294,14.3897,14.4196,10318.402010156,0
CTEC.US,D,20220222,000000,14.1798,14.2129,13.7701,13.8401,78512.321608846,0
CTEC.US,D,20220223,000000,14.1798,14.2188,13.7002,13.7002,32724.475233645,0
CTEC.US,D,20220224,000000,13.0306,14.6695,13.0306,14.6195,68971.477387642,0
CTEC.US,D,20220225,000000,14.9093,15.1791,14.6895,15.1791,29734.330222846,0
CTEC.US,D,20220228,000000,15.5888,16.3782,15.5888,16.2583,60911.695621587,0
CTEC.US,D,20220301,000000,16.1484,16.2683,15.7987,16.2284,71695.431443664,0
CTEC.US,D,20220302,000000,16.3233,16.3782,15.7287,15.9286,93078.770998801,0
CTEC.US,D,20220303,000000,16.0085,16.0085,15.279,15.279,63079.250539053,0
CTEC.US,D,20220304,000000,15.289,15.309,14.9109,15.0392,98807.880833749,0
CTEC.US,D,20220307,000000,15.379,15.5135,15.1991,15.269,20191.484565893,0
CTEC.US,D,20220308,000000,15.7187,16.738,15.5388,16.5581,77741.768845019,0
CTEC.US,D,20220309,000000,16.698,16.7929,16.2383,16.688,36992.536970947,0
CTEC.US,D,20220310,000000,16.5781,16.5781,16.0485,16.3083,30969.21608072,0
CTEC.US,D,20220311,000000,16.5981,16.668,15.9885,16.0085,24895.859296738,0
CTEC.US,D,20220314,000000,15.9685,15.9685,15.1241,15.2291,60972.739411968,0
CTEC.US,D,20220315,000000,15.1391,15.349,14.7542,15.349,70034.239770998,0
CTEC.US,D,20220316,000000,15.6188,16.3283,15.6188,16.2833,983360.42355639,0
CTEC.US,D,20220317,000000,16.0785,16.4262,16.0785,16.3083,61511.125628772,0
CTEC.US,D,20220318,000000,16.1684,16.6381,16.1674,16.5581,25554.331658554,0
CTEC.US,D,20220321,000000,16.5081,16.5081,16.1097,16.3583,34281.592247301,0
CTEC.US,D,20220322,000000,16.3682,16.758,16.3682,16.6081,20395.631012413,0
CTEC.US,D,20220323,000000,16.4482,16.794,16.3379,16.4882,37886.178033411,0
CTEC.US,D,20220324,000000,16.5881,16.778,16.3483,16.778,37756.084709648,0
CTEC.US,D,20220325,000000,16.698,16.698,16.1084,16.2783,36136.923187736,0
CTEC.US,D,20220328,000000,16.2683,16.4182,16.0485,16.3477,21472.403446021,0
CTEC.US,D,20220329,000000,16.4982,16.8379,16.3483,16.8379,57754.430725646,0
CTEC.US,D,20220330,000000,16.8979,16.9878,16.5481,16.5481,33448.994975218,0
CTEC.US,D,20220331,000000,16.4582,16.8183,16.4582,16.6381,138658.46805598,0
CTEC.US,D,20220401,000000,16.8679,16.9578,16.648,16.738,7452.3460158697,0
CTEC.US,D,20220404,000000,16.778,17.4475,16.738,17.3875,45518.653266799,0
CTEC.US,D,20220405,000000,17.6273,17.6273,17.0478,17.1577,21609.501794909,0
CTEC.US,D,20220406,000000,16.768,16.768,16.3383,16.5481,55491.807610045,0
CTEC.US,D,20220407,000000,16.4182,16.5081,16.0385,16.2583,33244.848528697,0
CTEC.US,D,20220408,000000,16.2483,16.2883,16.0285,16.0285,12840.211055408,0
CTEC.US,D,20220411,000000,15.8686,16.0984,15.6346,15.8486,19826.222541481,0
CTEC.US,D,20220412,000000,16.0285,16.1384,15.6438,15.7287,33520.04594435,0
CTEC.US,D,20220413,000000,15.7587,16.0685,15.7587,16.0185,15301.977028154,0
CTEC.US,D,20220414,000000,16.0785,16.1184,15.7887,15.7887,12299.823402854,0
CTEC.US,D,20220418,000000,15.7887,15.7887,15.5988,15.6388,8980.4422111474,0
CTEC.US,D,20220419,000000,15.7087,16.0885,15.5788,16.0785,8182.8700646927,0
CTEC.US,D,20220420,000000,16.0885,16.0885,15.5889,15.6388,13580.742282982,0
CTEC.US,D,20220421,000000,15.6388,15.6887,14.6395,14.6395,19177.757358416,0
CTEC.US,D,20220422,000000,14.6395,14.7894,14.2898,14.3097,7500.3804738745,0
CTEC.US,D,20220425,000000,14.0199,14.3497,13.9401,14.2498,105207.47164501,0
CTEC.US,D,20220426,000000,14.0799,14.0799,13.7401,13.7701,18154.022972189,0
CTEC.US,D,20220427,000000,13.7801,14.2598,13.7202,13.9999,34609.827710334,0
CTEC.US,D,20220428,000000,14.1099,14.1099,13.6202,13.96,21432.374731017,0
CTEC.US,D,20220429,000000,14.2498,14.5196,13.9999,14.1498,12500.967695749,0
CTEC.US,D,20220502,000000,13.99,14.1798,13.7901,14.1099,46361.257717633,0
CTEC.US,D,20220503,000000,13.99,14.6179,13.98,14.4696,26317.879397255,0
CTEC.US,D,20220504,000000,14.4696,15.1891,14.3497,14.9693,24370.48241231,0
CTEC.US,D,20220505,000000,14.8793,14.8793,14.1998,14.3497,59027.343862774,0
CTEC.US,D,20220506,000000,14.1998,14.1998,13.7401,13.7901,38868.882986759,0
CTEC.US,D,20220509,000000,13.4004,13.4803,12.7608,12.7608,56863.791816807,0
CTEC.US,D,20220510,000000,13.1506,13.1506,12.501,12.7708,30496.877243673,0
CTEC.US,D,20220511,000000,12.8808,13.0207,12.3411,12.3511,42727.651113145,0
CTEC.US,D,20220512,000000,11.9314,12.4141,11.7116,12.0713,44339.807609931,0
CTEC.US,D,20220513,000000,12.3511,13.0506,12.1813,12.9307,57027.909548324,0
CTEC.US,D,20220516,000000,12.9107,13.0057,12.7708,12.8208,11494.245513399,0
CTEC.US,D,20220517,000000,13.2505,13.4503,13.0806,13.3904,24901.863603988,0
CTEC.US,D,20220518,000000,13.3804,13.7202,13.2905,13.3304,28979.788945021,0
CTEC.US,D,20220519,000000,13.4004,13.99,13.4004,13.89,15025.778894627,0
CTEC.US,D,20220520,000000,13.99,14.1099,13.5902,13.92,44132.659009785,0
CTEC.US,D,20220523,000000,14.1299,14.1598,13.8501,14.0999,29246.980617673,0
CTEC.US,D,20220524,000000,13.89,13.96,13.6502,13.8201,29527.181622701,0
CTEC.US,D,20220525,000000,13.9,14.3697,13.6702,14.3697,34780.950466976,0
CTEC.US,D,20220526,000000,14.0299,14.4696,14.0299,14.3197,20392.628858788,0
CTEC.US,D,20220527,000000,14.2997,14.8194,13.99,14.7494,44325.797559679,0
CTEC.US,D,20220531,000000,14.8393,15.0792,14.5995,14.7694,45901.928212962,0
CTEC.US,D,20220601,000000,14.7794,14.8693,14.4596,14.5496,25745.468772698,0
CTEC.US,D,20220602,000000,14.5496,15.1691,14.5496,15.0992,13765.875089876,0
CTEC.US,D,20220603,000000,14.9892,15.0593,14.7895,14.9193,6304.52261313,0
CTEC.US,D,20220606,000000,15.4189,15.5315,15.289,15.329,5593.0122039339,0
CTEC.US,D,20220607,000000,15.0892,15.369,14.9792,15.299,14477.385499072,0
CTEC.US,D,20220608,000000,15.1591,15.4289,15.0792,15.1092,11711.401292295,0
CTEC.US,D,20220609,000000,15.0192,15.0293,14.5995,14.6195,15490.111988673,0
CTEC.US,D,20220610,000000,14.2298,14.5396,14.2298,14.3997,12684.099066893,0
CTEC.US,D,20220613,000000,13.7202,13.7301,13.2305,13.3504,29702.307250843,0
CTEC.US,D,20220614,000000,13.3504,13.4903,13.2305,13.2805,23344.746590333,0
CTEC.US,D,20220615,000000,13.2605,13.6402,13.1406,13.6252,12208.75807622,0
CTEC.US,D,20220616,000000,13.2405,13.2405,13.0207,13.0406,16955.162957819,0
CTEC.US,D,20220617,000000,13.3005,13.6952,13.3005,13.6402,11062.936109231,0
CTEC.US,D,20220621,000000,13.93,14.2698,13.93,14.1299,15079.817659882,0
CTEC.US,D,20220622,000000,13.7401,14.0199,13.7401,13.89,15730.284278697,0
CTEC.US,D,20220623,000000,13.99,14.0199,13.7702,14.0199,13162.44221119,0
CTEC.US,D,20220624,000000,14.1199,14.2897,13.93,14.1398,10543.563532054,0
CTEC.US,D,20220627,000000,14.1898,14.4896,14.1798,14.2997,16522.852835776,0
CTEC.US,D,20220628,000000,14.4396,14.4796,13.89,13.93,19422.933237816,0
CTEC.US,D,20220629,000000,13.74,13.74,13.34,13.38,25701,0
CTEC.US,D,20220630,000000,13.25,13.78,13.25,13.63,22441,0
CTEC.US,D,20220701,000000,13.63,13.67,13.52,13.55,3015,0
CTEC.US,D,20220705,000000,13.28,13.5,13.1,13.44,16909,0
CTEC.US,D,20220706,000000,13.43,13.45,13.27,13.43,36785,0
CTEC.US,D,20220707,000000,13.53,14.2599,13.53,14.15,13926,0
CTEC.US,D,20220708,000000,14,14.4368,14,14.36,17916,0
CTEC.US,D,20220711,000000,14.2,14.2,13.718,13.7898,5371,0
CTEC.US,D,20220712,000000,13.77,13.77,13.43,13.49,18881,0
CTEC.US,D,20220713,000000,13.32,13.71,13.24,13.67,14045,0
CTEC.US,D,20220714,000000,13.42,13.55,13.2266,13.5165,9627,0
CTEC.US,D,20220715,000000,13.3,13.3,12.78,13.2,10845,0
CTEC.US,D,20220718,000000,13.5,13.91,13.5,13.64,7601,0
CTEC.US,D,20220719,000000,13.9,14.0299,13.8,14,9130,0
CTEC.US,D,20220720,000000,14.04,14.36,13.92,14.22,60819,0
CTEC.US,D,20220721,000000,14.34,14.5,14.15,14.28,85459,0
CTEC.US,D,20220722,000000,14.37,14.37,13.9348,14.02,10675,0
CTEC.US,D,20220725,000000,14.12,14.16,13.95,14.16,9724,0
CTEC.US,D,20220726,000000,14.05,14.08,13.79,13.79,39423,0
CTEC.US,D,20220727,000000,14.22,14.64,14.06,14.56,19146,0
CTEC.US,D,20220728,000000,15.54,15.89,15.3201,15.73,30429,0
CTEC.US,D,20220729,000000,15.67,16.2,15.67,16.17,86257,0
CTEC.US,D,20220801,000000,15.98,16.01,15.77,15.9,46147,0
CTEC.US,D,20220802,000000,15.68,16.3899,15.52,16.23,32457,0
CTEC.US,D,20220803,000000,16.13,16.13,15.68,15.98,12756,0
CTEC.US,D,20220804,000000,16,16.3699,15.85,16.29,26466,0
CTEC.US,D,20220805,000000,16.31,16.77,16.3,16.57,44664,0
CTEC.US,D,20220808,000000,16.9,17.15,16.5816,16.65,71640,0
CTEC.US,D,20220809,000000,16.52,16.625,16.3,16.57,11670,0
CTEC.US,D,20220810,000000,17.13,17.55,16.9378,17.55,30541,0
CTEC.US,D,20220811,000000,17.85,17.917,17.4,17.47,30320,0
CTEC.US,D,20220812,000000,17.35,17.76,17.23,17.68,28516,0
CTEC.US,D,20220815,000000,17.6,17.79,16.3532,17.52,9795,0
CTEC.US,D,20220816,000000,17.49,17.6,17.24,17.35,37487,0
CTEC.US,D,20220817,000000,17.07,17.28,16.9,17.17,52725,0
CTEC.US,D,20220818,000000,17.14,17.36,17.09,17.195,41570,0
CTEC.US,D,20220819,000000,16.83,16.9,16.4,16.465,23692,0
CTEC.US,D,20220822,000000,16.05,16.15,15.94,16.1,65165,0
CTEC.US,D,20220823,000000,16.18,16.38,16.03,16.19,30156,0
CTEC.US,D,20220824,000000,16.11,16.61,16.1,16.56,8000,0
CTEC.US,D,20220825,000000,16.88,17.06,16.7,17.05,15088,0
CTEC.US,D,20220826,000000,17.17,17.26,16.6375,16.79,30924,0
CTEC.US,D,20220829,000000,16.49,16.84,16.41,16.525,37814,0
CTEC.US,D,20220830,000000,16.75,16.85,16.21,16.46,15598,0
CTEC.US,D,20220831,000000,16.58,16.76,16.4,16.57,8527,0
CTEC.US,D,20220901,000000,16.12,16.19,15.73,16.0569,36562,0
CTEC.US,D,20220902,000000,16.21,16.24,15.71,15.88,16236,0
CTEC.US,D,20220906,000000,15.99,16.03,15.6252,15.83,20032,0
CTEC.US,D,20220907,000000,15.85,16.71,15.75,16.65,35319,0
CTEC.US,D,20220908,000000,16.47,16.72,16.35,16.7126,11579,0
CTEC.US,D,20220909,000000,16.92,16.92,16.68,16.88,7018,0
CTEC.US,D,20220912,000000,16.91,16.95,16.7538,16.93,18945,0
CTEC.US,D,20220913,000000,16.32,16.7,16.221,16.4413,9793,0
CTEC.US,D,20220914,000000,16.44,16.72,16.27,16.68,29822,0
CTEC.US,D,20220915,000000,16.47,16.64,16.24,16.3,37535,0
CTEC.US,D,20220916,000000,15.94,16.31,15.83,16.215,250532,0
CTEC.US,D,20220919,000000,15.95,16.21,15.95,16.16,7254,0
CTEC.US,D,20220920,000000,16,16.08,15.67,15.8,9058,0
CTEC.US,D,20220921,000000,15.76,15.97,15.5,15.5,30715,0
CTEC.US,D,20220922,000000,15.45,15.66,15,15.15,17072,0
CTEC.US,D,20220923,000000,14.63,14.67,14.34,14.45,13303,0
CTEC.US,D,20220926,000000,14.34,14.67,14.2001,14.27,11381,0
CTEC.US,D,20220927,000000,14.49,14.6699,14.23,14.32,69800,0
CTEC.US,D,20220928,000000,14.23,14.6,14.13,14.5716,12391,0
CTEC.US,D,20220929,000000,14.27,14.39,13.8,13.85,13679,0
CTEC.US,D,20220930,000000,13.81,14.1,13.81,13.9057,4133,0
CTEC.US,D,20221003,000000,14.05,14.32,13.9,14.31,6719,0
CTEC.US,D,20221004,000000,14.85,15.03,14.7,14.94,35893,0
CTEC.US,D,20221005,000000,14.62,14.62,14.1,14.385,10383,0
CTEC.US,D,20221006,000000,14.24,14.51,14.02,14.04,14498,0
CTEC.US,D,20221007,000000,13.83,13.95,13.585,13.615,15158,0
CTEC.US,D,20221010,000000,13.59,13.59,13.31,13.45,11814,0
CTEC.US,D,20221011,000000,13.29,13.449,13.1,13.3178,7229,0
CTEC.US,D,20221012,000000,13.44,13.47,13.08,13.14,22945,0
CTEC.US,D,20221013,000000,12.66,13.26,12.65,13.24,10404,0
CTEC.US,D,20221014,000000,13.37,13.49,12.87,12.96,12706,0
CTEC.US,D,20221017,000000,13.18,13.34,13.08,13.12,24212,0
CTEC.US,D,20221018,000000,13.66,13.75,13.3501,13.45,23703,0
CTEC.US,D,20221019,000000,13.23,13.335,13.01,13.06,16931,0
CTEC.US,D,20221020,000000,12.94,13.16,12.81,12.89,8956,0
CTEC.US,D,20221021,000000,12.91,13.25,12.86,13.23,13791,0
CTEC.US,D,20221024,000000,13.13,13.13,12.79,13.04,6462,0
CTEC.US,D,20221025,000000,13.2152,13.6899,13.2152,13.55,6126,0
CTEC.US,D,20221026,000000,13.86,14.3,13.8,14.05,12889,0
CTEC.US,D,20221027,000000,14.05,14.32,14.05,14.11,11381,0
CTEC.US,D,20221028,000000,13.96,14.02,13.675,14.02,16385,0
CTEC.US,D,20221031,000000,13.82,14.11,13.7604,14.0892,14999,0
CTEC.US,D,20221101,000000,14.47,14.47,14.19,14.19,3560,0
CTEC.US,D,20221102,000000,14.16,14.35,13.81,13.85,28997,0
CTEC.US,D,20221103,000000,13.81,14.23,13.81,14.12,5471,0
CTEC.US,D,20221104,000000,14.44,14.51,13.96,14.23,8405,0
CTEC.US,D,20221107,000000,14.195,14.22,14.1001,14.22,3585,0
CTEC.US,D,20221108,000000,14.39,14.72,14.39,14.66,79812,0
CTEC.US,D,20221109,000000,14.66,15.02,14.54,14.6,59064,0
CTEC.US,D,20221110,000000,15.28,15.89,15.28,15.82,32260,0
CTEC.US,D,20221111,000000,15.91,16.17,15.77,15.89,14831,0
CTEC.US,D,20221114,000000,15.74,15.79,15.475,15.71,30820,0
CTEC.US,D,20221115,000000,16.15,16.35,16.01,16.16,22520,0
CTEC.US,D,20221116,000000,16.09,16.09,15.9,15.96,17247,0
CTEC.US,D,20221117,000000,15.5,15.96,15.41,15.96,17405,0
CTEC.US,D,20221118,000000,16.03,16.085,15.7,15.85,30698,0
CTEC.US,D,20221121,000000,15.67,15.67,15.55,15.6324,2686,0
CTEC.US,D,20221122,000000,15.7,15.879,15.48,15.865,24607,0
CTEC.US,D,20221123,000000,15.89,16.139,15.89,16.13,5666,0
CTEC.US,D,20221125,000000,16.13,16.35,15.94,16.2573,37160,0
CTEC.US,D,20221128,000000,15.99,16.03,15.75,15.805,8112,0
CTEC.US,D,20221129,000000,15.83,15.96,15.71,15.76,136225,0
CTEC.US,D,20221130,000000,15.89,16.43,15.75,16.31,35591,0
CTEC.US,D,20221201,000000,16.29,16.45,15.97,16.16,79110,0
CTEC.US,D,20221202,000000,15.91,16.51,15.91,16.5,38379,0
CTEC.US,D,20221205,000000,16.31,16.33,16.08,16.19,24147,0
CTEC.US,D,20221206,000000,16.14,16.14,15.56,15.7,8727,0
CTEC.US,D,20221207,000000,15.54,15.6,15.43,15.58,48938,0
CTEC.US,D,20221208,000000,15.67,15.86,15.54,15.79,22665,0
CTEC.US,D,20221209,000000,15.61,15.87,15.61,15.635,11145,0
CTEC.US,D,20221212,000000,15.67,15.82,15.56,15.8,12095,0
CTEC.US,D,20221213,000000,16.09,16.28,15.89,16.0795,24648,0
CTEC.US,D,20221214,000000,16.21,16.49,16.08,16.43,22885,0
CTEC.US,D,20221215,000000,16.13,16.33,15.86,16.02,10628,0
CTEC.US,D,20221216,000000,15.7,15.74,15.5401,15.74,18337,0
CTEC.US,D,20221219,000000,15.77,15.77,15.36,15.37,50043,0
CTEC.US,D,20221220,000000,15.27,15.559,15.17,15.39,31751,0
CTEC.US,D,20221221,000000,15.38,15.53,15.12,15.4,15842,0
CTEC.US,D,20221222,000000,15.39,15.39,14.8388,15.16,14015,0
CTEC.US,D,20221223,000000,15.03,15.03,14.81,14.96,9429,0
CTEC.US,D,20221227,000000,14.96,14.96,14.57,14.58,44328,0
CTEC.US,D,20221228,000000,14.59,14.7,14.31,14.31,32995,0
CTEC.US,D,20221229,000000,14.5201,14.7969,14.5201,14.7,14439,0
CTEC.US,D,20221230,000000,14.58,14.669,14.5,14.61,14226,0
CTEC.US,D,20230103,000000,14.77,14.77,14.39,14.503,44492,0
CTEC.US,D,20230104,000000,14.6,14.75,14.492,14.715,6693,0
CTEC.US,D,20230105,000000,14.47,14.545,14.3,14.305,75075,0
CTEC.US,D,20230106,000000,14.59,14.91,14.34,14.85,16548,0
CTEC.US,D,20230109,000000,15.12,15.44,15.08,15.25,65977,0
CTEC.US,D,20230110,000000,15.16,15.67,15.16,15.65,31268,0
CTEC.US,D,20230111,000000,15.76,16.3,15.76,16.3,22572,0
CTEC.US,D,20230112,000000,16.4,16.62,16.1575,16.62,47462,0
CTEC.US,D,20230113,000000,16.5,16.73,16.3,16.68,20874,0
CTEC.US,D,20230117,000000,16.67,16.68,16.495,16.68,49003,0
CTEC.US,D,20230118,000000,16.73,16.87,16.36,16.46,52204,0
CTEC.US,D,20230119,000000,16.209,16.209,15.71,15.85,13707,0
CTEC.US,D,20230120,000000,16,16.17,15.85,16.16,10505,0
CTEC.US,D,20230123,000000,16.2,16.73,16.2,16.73,11987,0
CTEC.US,D,20230124,000000,16.54,16.59,16.35,16.43,24797,0
CTEC.US,D,20230125,000000,16.2,16.3,15.91,16.26,16681,0
CTEC.US,D,20230126,000000,16.57,16.57,16.18,16.37,14841,0
CTEC.US,D,20230127,000000,16.2,16.6077,16.11,16.56,25099,0
CTEC.US,D,20230130,000000,16.19,16.355,16.13,16.19,9036,0
CTEC.US,D,20230131,000000,16.29,16.71,16.18,16.71,64396,0
CTEC.US,D,20230201,000000,16.81,17.2899,16.7,17.14,68275,0
CTEC.US,D,20230202,000000,17.34,17.46,16.93,17.12,103387,0
CTEC.US,D,20230203,000000,16.76,16.92,16.56,16.63,85064,0
CTEC.US,D,20230206,000000,16.47,16.5,16.3,16.46,17719,0
CTEC.US,D,20230207,000000,16.43,16.5799,16.13,16.52,12577,0
CTEC.US,D,20230208,000000,16.81,16.81,16.34,16.45,67386,0
CTEC.US,D,20230209,000000,16.72,16.85,16.16,16.31,91460,0
CTEC.US,D,20230210,000000,16.09,16.17,15.86,16.03,64364,0
CTEC.US,D,20230213,000000,16.02,16.31,15.92,16.22,105164,0
CTEC.US,D,20230214,000000,16,16.22,15.76,16.22,70976,0
CTEC.US,D,20230215,000000,15.92,16.6,15.87,16.6,47119,0
CTEC.US,D,20230216,000000,16.31,16.48,16.02,16.1,45582,0
CTEC.US,D,20230217,000000,15.9,15.91,15.755,15.91,26233,0
CTEC.US,D,20230221,000000,15.67,15.685,15.42,15.46,13439,0
CTEC.US,D,20230222,000000,15.39,15.4899,15.3,15.39,21515,0
CTEC.US,D,20230223,000000,15.58,15.63,15.3,15.58,17767,0
CTEC.US,D,20230224,000000,15.22,15.2325,15.04,15.14,10618,0
CTEC.US,D,20230227,000000,15.24,15.4299,15.22,15.36,29687,0
CTEC.US,D,20230228,000000,15.37,15.46,15.23,15.42,11339,0
CTEC.US,D,20230301,000000,15.64,15.9595,15.64,15.86,17845,0
CTEC.US,D,20230302,000000,15.68,15.82,15.55,15.82,6030,0
CTEC.US,D,20230303,000000,15.89,16.3,15.89,16.28,41147,0
CTEC.US,D,20230306,000000,16.35,16.6,16.3,16.46,27376,0
CTEC.US,D,20230307,000000,16.41,16.45,16.17,16.18,8194,0
CTEC.US,D,20230308,000000,16.15,16.15,15.91,16.0977,78649,0
CTEC.US,D,20230309,000000,16.25,16.29,15.75,15.81,10335,0
CTEC.US,D,20230310,000000,15.82,15.82,15.432,15.54,24020,0
CTEC.US,D,20230313,000000,15.13,15.6775,15.13,15.51,16849,0
CTEC.US,D,20230314,000000,15.77,15.8539,15.49,15.6,35633,0
CTEC.US,D,20230315,000000,15.11,15.2,14.86,15,10523,0
CTEC.US,D,20230316,000000,14.96,15.08,14.79,15.08,12499,0
CTEC.US,D,20230317,000000,14.76,14.76,14.36,14.46,11708,0
CTEC.US,D,20230320,000000,14.36,14.76,14.35,14.64,136408,0
CTEC.US,D,20230321,000000,14.86,15.26,14.86,15.25,20815,0
CTEC.US,D,20230322,000000,15.21,15.2603,14.99,14.99,20372,0
CTEC.US,D,20230323,000000,15.12,15.58,15.085,15.19,17586,0
CTEC.US,D,20230324,000000,14.8726,14.91,14.7,14.9,6573,0
CTEC.US,D,20230327,000000,15.0115,15.05,14.75,14.9,35529,0
CTEC.US,D,20230328,000000,14.92,14.92,14.7877,14.84,18603,0
CTEC.US,D,20230329,000000,14.96,15.245,14.88,15.2409,12783,0
CTEC.US,D,20230330,000000,15.52,15.69,15.52,15.62,12783,0
CTEC.US,D,20230331,000000,15.65,16.05,15.58,15.92,13949,0
CTEC.US,D,20230403,000000,15.91,15.99,15.611,15.79,42309,0
CTEC.US,D,20230404,000000,15.66,15.66,15.37,15.51,10931,0
CTEC.US,D,20230405,000000,15.39,15.39,14.98,15.1,15103,0
CTEC.US,D,20230406,000000,14.952,15.05,14.91,15.02,11358,0
CTEC.US,D,20230410,000000,14.91,15.31,14.86,15.31,20613,0
CTEC.US,D,20230411,000000,15.279,15.41,15.2101,15.395,16855,0
CTEC.US,D,20230412,000000,15.5,15.5,15.25,15.25,14203,0
CTEC.US,D,20230413,000000,15.37,15.6872,15.29,15.64,15768,0
CTEC.US,D,20230414,000000,15.57,15.64,15.38,15.46,6446,0
CTEC.US,D,20230417,000000,15.51,15.79,15.51,15.74,21152,0
CTEC.US,D,20230418,000000,15.82,15.82,15.65,15.74,19930,0
CTEC.US,D,20230419,000000,15.5,15.6,15.45,15.54,19432,0
CTEC.US,D,20230420,000000,15.2958,15.4599,15.25,15.35,12656,0
CTEC.US,D,20230421,000000,15.32,15.42,15.221,15.35,11350,0
CTEC.US,D,20230424,000000,15.32,15.46,15.26,15.39,36574,0
CTEC.US,D,20230425,000000,15.12,15.14,14.89,14.91,100830,0
CTEC.US,D,20230426,000000,14.61,14.61,14.23,14.29,170464,0
CTEC.US,D,20230427,000000,14.39,14.68,14.381,14.63,73010,0
CTEC.US,D,20230428,000000,14.39,14.45,14.1783,14.45,4046,0
CTEC.US,D,20230501,000000,14.41,14.56,14.3001,14.38,7383,0
CTEC.US,D,20230502,000000,14.22,14.22,13.97,14,26404,0
CTEC.US,D,20230503,000000,13.95,14.12,13.92,13.93,52210,0
CTEC.US,D,20230504,000000,14.21,14.21,13.97,14.02,30144,0
CTEC.US,D,20230505,000000,14.21,14.54,14.21,14.47,3429,0
CTEC.US,D,20230508,000000,14.52,14.52,14.4198,14.45,5667,0
CTEC.US,D,20230509,000000,14.35,14.37,14.21,14.28,14267,0
CTEC.US,D,20230510,000000,14.37,14.4,14.26,14.31,8373,0
CTEC.US,D,20230511,000000,14.17,14.23,14.06,14.17,11694,0
CTEC.US,D,20230512,000000,14.31,14.6899,14.07,14.46,20172,0
CTEC.US,D,20230515,000000,14.63,14.8,14.55,14.78,22662,0
CTEC.US,D,20230516,000000,14.67,14.67,14.41,14.46,11498,0
CTEC.US,D,20230517,000000,14.47,14.6991,14.35,14.61,14030,0
CTEC.US,D,20230518,000000,14.57,14.57,14.38,14.55,11706,0
CTEC.US,D,20230519,000000,14.52,14.709,14.335,14.39,152589,0
CTEC.US,D,20230522,000000,14.44,14.69,14.39,14.66,6464,0
CTEC.US,D,20230523,000000,14.58,14.79,14.53,14.58,9636,0
CTEC.US,D,20230524,000000,14.48,14.48,14.35,14.42,5662,0
CTEC.US,D,20230525,000000,14.42,14.45,14.3156,14.38,24553,0
CTEC.US,D,20230526,000000,14.36,14.4299,14.25,14.4,13657,0
CTEC.US,D,20230530,000000,14.44,14.75,14.42,14.46,104456,0
CTEC.US,D,20230531,000000,14.251,14.35,14.08,14.23,28459,0
CTEC.US,D,20230601,000000,14.27,14.6599,14.26,14.62,7301,0
CTEC.US,D,20230602,000000,14.8,14.8,14.63,14.65,13142,0
CTEC.US,D,20230605,000000,14.59,14.7,14.54,14.66,17950,0
CTEC.US,D,20230606,000000,14.6,14.8199,14.6,14.68,10909,0
CTEC.US,D,20230607,000000,14.74,14.88,14.7,14.71,18360,0
CTEC.US,D,20230608,000000,14.631,14.8,14.621,14.75,32413,0
CTEC.US,D,20230609,000000,14.74,14.8,14.57,14.65,15154,0
CTEC.US,D,20230612,000000,14.61,14.9,14.53,14.89,32465,0
CTEC.US,D,20230613,000000,15.06,15.15,15,15.1,17959,0
CTEC.US,D,20230614,000000,15.25,15.29,14.82,15.07,174779,0
CTEC.US,D,20230615,000000,14.93,15.23,14.88,15.18,15365,0
CTEC.US,D,20230616,000000,15.34,15.42,15.11,15.19,5458,0
CTEC.US,D,20230620,000000,14.92,14.92,14.54,14.58,15476,0
CTEC.US,D,20230621,000000,14.51,14.5535,14.41,14.48,11050,0
CTEC.US,D,20230622,000000,14.47,14.58,14.34,14.47,8116,0
CTEC.US,D,20230623,000000,14.02,14.1299,13.93,14.05,4968,0
CTEC.US,D,20230626,000000,14.2359,14.28,13.98,14.1,41787,0
CTEC.US,D,20230627,000000,14.13,14.24,14.0801,14.22,28732,0
CTEC.US,D,20230628,000000,14.15,14.31,14.1,14.25,15374,0
CTEC.US,D,20230629,000000,14.25,14.42,14.2,14.42,9867,0
CTEC.US,D,20230630,000000,14.58,14.7,14.49,14.7,18476,0
CTEC.US,D,20230703,000000,14.78,14.95,14.69,14.87,37355,0
CTEC.US,D,20230705,000000,14.68,14.68,14.5,14.51,43349,0
CTEC.US,D,20230706,000000,14.29,14.29,13.99,14.07,37616,0
CTEC.US,D,20230707,000000,14.05,14.38,14.05,14.32,11895,0
CTEC.US,D,20230710,000000,14.25,14.535,14.18,14.53,16861,0
CTEC.US,D,20230711,000000,14.6,14.75,14.48,14.72,29007,0
CTEC.US,D,20230712,000000,14.94,15.13,14.89,15.13,28001,0
CTEC.US,D,20230713,000000,15.14,15.35,15.14,15.35,22037,0
CTEC.US,D,20230714,000000,15.3,15.35,14.96,14.97,25307,0
CTEC.US,D,20230717,000000,14.95,15.4499,14.88,15.35,15855,0
CTEC.US,D,20230718,000000,15.47,15.7435,15.37,15.49,8559,0
CTEC.US,D,20230719,000000,15.45,15.55,15.3248,15.37,32892,0
CTEC.US,D,20230720,000000,15.26,15.26,15.07,15.1,31917,0
CTEC.US,D,20230721,000000,15.21,15.21,15,15.06,30612,0
CTEC.US,D,20230724,000000,15.03,15.17,15,15.07,10762,0
CTEC.US,D,20230725,000000,15.1,15.15,15.01,15.08,5690,0
CTEC.US,D,20230726,000000,14.77,15,14.77,14.935,9159,0
CTEC.US,D,20230727,000000,14.9,14.94,14.46,14.52,14870,0
CTEC.US,D,20230728,000000,14.65,14.69,14.47,14.69,4723,0
CTEC.US,D,20230731,000000,14.8,14.9581,14.68,14.87,9782,0
CTEC.US,D,20230801,000000,14.6,14.68,14.53,14.58,26667,0
CTEC.US,D,20230802,000000,14.12,14.12,13.82,13.87,58955,0
CTEC.US,D,20230803,000000,13.83,13.9,13.78,13.79,23552,0
CTEC.US,D,20230804,000000,13.8,13.88,13.61,13.6678,24759,0
CTEC.US,D,20230807,000000,13.63,13.63,13.41,13.52,13480,0
CTEC.US,D,20230808,000000,13.3,13.45,13.2,13.42,8476,0
CTEC.US,D,20230809,000000,13.6,13.71,13.53,13.67,9308,0
CTEC.US,D,20230810,000000,13.49,13.54,13.2401,13.32,11940,0
CTEC.US,D,20230811,000000,13.18,13.2,13.04,13.08,55493,0
CTEC.US,D,20230814,000000,13.01,13.17,12.82,13.17,17059,0
CTEC.US,D,20230815,000000,12.93,12.93,12.6901,12.7,9836,0
CTEC.US,D,20230816,000000,12.59,12.59,12.38,12.38,10242,0
CTEC.US,D,20230817,000000,12.46,12.46,12.21,12.3,16277,0
CTEC.US,D,20230818,000000,12.07,12.2,12.07,12.2,10961,0
CTEC.US,D,20230821,000000,12.17,12.29,12.103,12.17,6603,0
CTEC.US,D,20230822,000000,12.32,12.32,11.96,12.09,319480,0
CTEC.US,D,20230823,000000,12.04,12.21,12,12.1,24736,0
CTEC.US,D,20230824,000000,12.19,12.19,11.87,11.87,12427,0
CTEC.US,D,20230825,000000,11.99,12.1154,11.9001,12.09,14681,0
CTEC.US,D,20230828,000000,12.11,12.1499,12.08,12.1,8968,0
CTEC.US,D,20230829,000000,12.1,12.61,12.06,12.5,12267,0
CTEC.US,D,20230830,000000,12.41,12.5,12.36,12.4,33402,0
CTEC.US,D,20230831,000000,12.34,12.4422,12.3062,12.33,23928,0
CTEC.US,D,20230901,000000,12.5,12.5283,12.4,12.5,15005,0
CTEC.US,D,20230905,000000,12.37,12.38,12.26,12.34,17736,0
CTEC.US,D,20230906,000000,12.21,12.28,12.0001,12.03,24676,0
CTEC.US,D,20230907,000000,11.82,11.83,11.61,11.75,25292,0
CTEC.US,D,20230908,000000,11.78,11.88,11.62,11.68,111173,0
CTEC.US,D,20230911,000000,11.73,11.8599,11.68,11.74,16835,0
CTEC.US,D,20230912,000000,11.63,11.9099,11.63,11.81,6481,0
CTEC.US,D,20230913,000000,11.78,11.8988,11.6602,11.74,22806,0
CTEC.US,D,20230914,000000,11.88,12.09,11.81,12,16347,0
CTEC.US,D,20230915,000000,11.92,11.9999,11.74,11.76,7244,0
CTEC.US,D,20230918,000000,11.8,11.8,11.5,11.5,149164,0
CTEC.US,D,20230919,000000,11.51,11.64,11.5,11.56,16728,0
CTEC.US,D,20230920,000000,11.75,11.84,11.56,11.59,74345,0
CTEC.US,D,20230921,000000,11.33,11.3685,11.2,11.2,10539,0
CTEC.US,D,20230922,000000,11.3,11.4,11.08,11.16,33711,0
CTEC.US,D,20230925,000000,10.93,11.03,10.93,10.98,11018,0
CTEC.US,D,20230926,000000,10.76,10.86,10.72,10.73,25851,0
CTEC.US,D,20230927,000000,10.9,10.97,10.8,10.82,36649,0
CTEC.US,D,20230928,000000,10.86,10.93,10.67,10.93,13960,0
CTEC.US,D,20230929,000000,11.02,11.14,10.83,10.94,42575,0
CTEC.US,D,20231002,000000,10.74,10.74,10.4401,10.47,12212,0
CTEC.US,D,20231003,000000,10.31,10.31,10.06,10.11,17967,0
CTEC.US,D,20231004,000000,10.1,10.16,9.92,10.16,23590,0
CTEC.US,D,20231005,000000,10.19,10.19,9.95,10.02,42751,0
CTEC.US,D,20231006,000000,9.85,10.1636,9.85,10.14,24890,0
CTEC.US,D,20231009,000000,10.0514,10.0514,9.95,10,5450,0
CTEC.US,D,20231010,000000,10.027,10.53,10.01,10.53,17652,0
CTEC.US,D,20231011,000000,10.7,10.79,10.5901,10.7,7001,0
CTEC.US,D,20231012,000000,10.64,10.64,10.3641,10.44,4420,0
CTEC.US,D,20231013,000000,10.27,10.4,10.21,10.22,10495,0
CTEC.US,D,20231016,000000,10.22,10.36,10.22,10.33,7837,0
CTEC.US,D,20231017,000000,10.16,10.5434,10.16,10.48,9298,0
CTEC.US,D,20231018,000000,10.39,10.39,10.06,10.06,4135,0
CTEC.US,D,20231019,000000,10,10.07,9.83,9.83,13942,0
CTEC.US,D,20231020,000000,9.41,9.5249,9.37,9.38,6192,0
CTEC.US,D,20231023,000000,9.24,9.4889,8.91,9.36,131824,0
CTEC.US,D,20231024,000000,9.42,9.62,9.42,9.54,7263,0
CTEC.US,D,20231025,000000,9.31,9.3191,9.17,9.19,9284,0
CTEC.US,D,20231026,000000,9.21,9.3401,9.16,9.2,10751,0
CTEC.US,D,20231027,000000,9.01,9.035,8.9,8.92,3858,0
CTEC.US,D,20231030,000000,9.06,9.1,8.9107,8.95,8493,0
CTEC.US,D,20231031,000000,8.94,9,8.9043,9,14214,0
CTEC.US,D,20231101,000000,8.99,8.99,8.83,8.91,18216,0
CTEC.US,D,20231102,000000,9.06,9.36,9.06,9.28,23196,0
CTEC.US,D,20231103,000000,9.53,9.7881,9.53,9.62,6464,0
CTEC.US,D,20231106,000000,9.76,9.76,9.45,9.53,33335,0
CTEC.US,D,20231107,000000,9.41,9.49,9.3,9.41,11542,0
CTEC.US,D,20231108,000000,9.37,9.39,9.2452,9.25,12707,0
CTEC.US,D,20231109,000000,9.29,9.36,9.1,9.12,15996,0
CTEC.US,D,20231110,000000,8.91,8.9462,8.7477,8.93,16971,0
CTEC.US,D,20231113,000000,8.87,9.03,8.85,8.96,15510,0
CTEC.US,D,20231114,000000,9.31,9.74,9.31,9.71,28714,0
CTEC.US,D,20231115,000000,9.8,10.1,9.8,9.87,19157,0
CTEC.US,D,20231116,000000,9.66,9.6901,9.6201,9.63,26152,0
CTEC.US,D,20231117,000000,9.7,9.72,9.57,9.68,11134,0
CTEC.US,D,20231120,000000,9.8,9.95,9.7,9.93,41646,0
CTEC.US,D,20231121,000000,9.81,9.81,9.635,9.68,19323,0
CTEC.US,D,20231122,000000,9.66,9.73,9.64,9.73,35615,0
CTEC.US,D,20231124,000000,9.59,9.64,9.52,9.63,8582,0
CTEC.US,D,20231127,000000,9.57,9.6,9.44,9.515,24081,0
CTEC.US,D,20231128,000000,9.43,9.57,9.34,9.54,37343,0
CTEC.US,D,20231129,000000,9.67,9.91,9.67,9.8,19228,0
CTEC.US,D,20231130,000000,9.87,9.94,9.7001,9.86,15557,0
CTEC.US,D,20231201,000000,9.67,10.1399,9.67,10.09,13806,0
CTEC.US,D,20231204,000000,10.08,10.22,10.06,10.1,24853,0
CTEC.US,D,20231205,000000,9.99,10.1,9.95,9.96,28865,0
CTEC.US,D,20231206,000000,9.99,10,9.77,9.81,32521,0
CTEC.US,D,20231207,000000,9.74,9.8187,9.73,9.77,8715,0
CTEC.US,D,20231208,000000,9.72,9.88,9.65,9.72,35496,0
CTEC.US,D,20231211,000000,9.61,9.7799,9.61,9.73,22150,0
CTEC.US,D,20231212,000000,9.62,9.64,9.41,9.51,21616,0
CTEC.US,D,20231213,000000,9.28,9.89,9.28,9.85,48855,0
CTEC.US,D,20231214,000000,10.19,10.69,10.19,10.51,32606,0
CTEC.US,D,20231215,000000,10.57,10.65,10.5,10.56,22288,0
CTEC.US,D,20231218,000000,10.36,10.53,10.29,10.37,34766,0
CTEC.US,D,20231219,000000,10.32,10.6404,10.32,10.6,40163,0
CTEC.US,D,20231220,000000,10.51,10.6,10.22,10.22,35672,0
CTEC.US,D,20231221,000000,10.46,10.6368,10.4,10.56,23950,0
CTEC.US,D,20231222,000000,10.61,10.6404,10.47,10.55,44844,0
CTEC.US,D,20231226,000000,10.58,10.8,10.54,10.71,30412,0
CTEC.US,D,20231227,000000,10.86,10.9,10.8,10.86,18906,0
CTEC.US,D,20231228,000000,10.92,10.9617,10.86,10.89,7526,0
CTEC.US,D,20231229,000000,10.87,10.9358,10.77,10.815,15790,0
CTEC.US,D,20240102,000000,10.54,10.77,10.514,10.54,51825,0
CTEC.US,D,20240103,000000,10.25,10.27,10.04,10.18,10746,0
CTEC.US,D,20240104,000000,10.13,10.3,10.13,10.21,18798,0
CTEC.US,D,20240105,000000,10.06,10.28,10.05,10.11,11417,0
CTEC.US,D,20240108,000000,10.1,10.16,9.95,10.12,9512,0
CTEC.US,D,20240109,000000,10,10.08,9.9,10.01,15519,0
CTEC.US,D,20240110,000000,9.96,10,9.8117,9.96,30423,0
CTEC.US,D,20240111,000000,9.95,9.95,9.71,9.82,13765,0
CTEC.US,D,20240112,000000,9.82,9.93,9.65,9.66,15022,0
CTEC.US,D,20240116,000000,9.41,9.41,9.2,9.21,22029,0
CTEC.US,D,20240117,000000,8.92,8.94,8.8,8.89,26946,0
CTEC.US,D,20240118,000000,8.97,9.02,8.89,8.98,12268,0
CTEC.US,D,20240119,000000,8.89,8.9051,8.73,8.89,21490,0
CTEC.US,D,20240122,000000,8.87,9.22,8.87,8.99,11237,0
CTEC.US,D,20240123,000000,9.34,9.45,9.21,9.34,26238,0
CTEC.US,D,20240124,000000,9.56,9.57,9.24,9.24,18612,0
CTEC.US,D,20240125,000000,9.2,9.21,9.09,9.15,7696,0
CTEC.US,D,20240126,000000,9.2,9.26,9.11,9.1439,81037,0
CTEC.US,D,20240129,000000,9.07,9.26,9.02,9.26,10190,0
CTEC.US,D,20240130,000000,9.14,9.15,9.0201,9.07,8120,0
CTEC.US,D,20240131,000000,9.09,9.36,9,9.05,214246,0
CTEC.US,D,20240201,000000,9.22,9.23,9.125,9.2,7425,0
CTEC.US,D,20240202,000000,9.1,9.1,8.9611,9.09,21181,0
CTEC.US,D,20240205,000000,8.91,8.91,8.67,8.8,36665,0
CTEC.US,D,20240206,000000,8.7,9,8.7,8.95,66436,0
CTEC.US,D,20240207,000000,9.25,9.3395,9.1799,9.24,52304,0
CTEC.US,D,20240208,000000,9.23,9.36,9.23,9.34,5511,0
CTEC.US,D,20240209,000000,9.31,9.5058,9.31,9.47,16014,0
CTEC.US,D,20240212,000000,9.54,9.87,9.54,9.83,12943,0
CTEC.US,D,20240213,000000,9.43,9.44,9.25,9.31,10328,0
CTEC.US,D,20240214,000000,9.51,9.66,9.43,9.66,27209,0
CTEC.US,D,20240215,000000,9.66,9.7937,9.56,9.65,28914,0
CTEC.US,D,20240216,000000,9.53,9.68,9.44,9.49,60246,0
CTEC.US,D,20240220,000000,9.35,9.35,9.1259,9.21,18025,0
CTEC.US,D,20240221,000000,9.03,9.13,9,9.07,5552,0
CTEC.US,D,20240222,000000,9.13,9.13,8.85,8.91,21597,0
CTEC.US,D,20240223,000000,8.86,8.86,8.69,8.72,166116,0
CTEC.US,D,20240226,000000,8.74,8.8381,8.621,8.8,27131,0
CTEC.US,D,20240227,000000,8.8,8.995,8.8,8.9,20518,0
CTEC.US,D,20240228,000000,8.95,8.9688,8.85,8.85,14674,0
CTEC.US,D,20240229,000000,9.13,9.27,9.0366,9.06,5209,0
CTEC.US,D,20240301,000000,9.2,9.38,9.115,9.37,155720,0
CTEC.US,D,20240304,000000,9.37,9.41,9.12,9.2,13110,0
CTEC.US,D,20240305,000000,9.17,9.25,9.05,9.19,32455,0
CTEC.US,D,20240306,000000,9.16,9.37,9.16,9.27,18600,0
CTEC.US,D,20240307,000000,9.5,9.6385,9.44,9.58,12947,0
CTEC.US,D,20240308,000000,9.77,9.86,9.71,9.72,11263,0
CTEC.US,D,20240311,000000,9.77,9.8299,9.65,9.79,28863,0
CTEC.US,D,20240312,000000,9.77,9.8,9.49,9.61,18435,0
CTEC.US,D,20240313,000000,9.66,9.7099,9.55,9.58,12014,0
CTEC.US,D,20240314,000000,9.48,9.48,9.1301,9.16,5769,0
CTEC.US,D,20240315,000000,9.13,9.1575,8.97,9.11,20697,0
CTEC.US,D,20240318,000000,9.2,9.23,8.96,9.23,21238,0
CTEC.US,D,20240319,000000,9.09,9.22,9,9.22,8777,0
CTEC.US,D,20240320,000000,9.16,9.4591,9.121,9.41,40903,0
CTEC.US,D,20240321,000000,9.41,9.51,9.385,9.43,9379,0
CTEC.US,D,20240322,000000,9.45,9.45,9.35,9.39,31679,0
CTEC.US,D,20240325,000000,9.35,9.424,9.3,9.37,17323,0
CTEC.US,D,20240326,000000,9.34,9.3525,9.22,9.22,14281,0
CTEC.US,D,20240327,000000,9.29,9.594,9.2,9.58,17668,0
CTEC.US,D,20240328,000000,9.59,9.66,9.55,9.623,10801,0
CTEC.US,D,20240401,000000,9.64,9.67,9.55,9.6128,10350,0
CTEC.US,D,20240402,000000,9.37,9.42,9.31,9.33,20391,0
CTEC.US,D,20240403,000000,9.21,9.3699,9.15,9.35,14355,0
CTEC.US,D,20240404,000000,9.5,9.63,9.29,9.32,8201,0
CTEC.US,D,20240405,000000,9.2,9.3385,9.18,9.24,14466,0
CTEC.US,D,20240408,000000,9.27,9.3895,9.26,9.31,4607,0
CTEC.US,D,20240409,000000,9.4,9.6091,9.39,9.59,6419,0
CTEC.US,D,20240410,000000,9.23,9.29,9.15,9.24,29427,0
CTEC.US,D,20240411,000000,9.32,9.36,9.15,9.32,19373,0
CTEC.US,D,20240412,000000,9.06,9.12,8.87,8.87,10357,0
CTEC.US,D,20240415,000000,8.93,8.93,8.63,8.64,13761,0
CTEC.US,D,20240416,000000,8.47,8.54,8.44,8.48,8921,0
CTEC.US,D,20240417,000000,8.5,8.505,8.44,8.44,11179,0
CTEC.US,D,20240418,000000,8.54,8.54,8.4,8.42,17470,0
CTEC.US,D,20240419,000000,8.38,8.4,8.3008,8.3964,10448,0
CTEC.US,D,20240422,000000,8.43,8.51,8.36,8.51,7761,0
CTEC.US,D,20240423,000000,8.5,8.7299,8.5,8.58,10910,0
CTEC.US,D,20240424,000000,8.6,8.6499,8.53,8.53,11175,0
CTEC.US,D,20240425,000000,8.37,8.44,8.3,8.44,2713,0
CTEC.US,D,20240426,000000,8.48,8.69,8.48,8.6303,10298,0
CTEC.US,D,20240429,000000,8.84,8.8986,8.8,8.86,8958,0
CTEC.US,D,20240430,000000,8.76,8.775,8.66,8.685,6199,0
CTEC.US,D,20240501,000000,8.6501,8.8603,8.64,8.64,9133,0
CTEC.US,D,20240502,000000,8.82,8.95,8.71,8.95,3700,0
CTEC.US,D,20240503,000000,9.04,9.185,9.03,9.1,8677,0
CTEC.US,D,20240506,000000,9.14,9.23,9.14,9.17,4352,0
CTEC.US,D,20240507,000000,9.19,9.25,9.15,9.15,5068,0
CTEC.US,D,20240508,000000,8.9,9.0381,8.89,8.97,9281,0
CTEC.US,D,20240509,000000,8.85,9.0625,8.85,9.03,3879,0
CTEC.US,D,20240510,000000,9.1,9.13,8.82,8.82,8313,0
CTEC.US,D,20240513,000000,8.85,9.09,8.85,9,5416,0
CTEC.US,D,20240514,000000,9.38,9.38,9.25,9.35,4209,0
CTEC.US,D,20240515,000000,9.49,9.49,9.21,9.34,11895,0
CTEC.US,D,20240516,000000,9.24,9.35,9.16,9.18,27301,0
CTEC.US,D,20240517,000000,8.95,9.02,8.95,9.02,812,0
CTEC.US,D,20240520,000000,8.97,9.05,8.93,8.99,34683,0
CTEC.US,D,20240521,000000,8.91,9.105,8.87,9.09,20911,0
CTEC.US,D,20240522,000000,9.21,9.8,9.041,9.74,25424,0
CTEC.US,D,20240523,000000,9.69,9.69,9.41,9.42,5698,0
CTEC.US,D,20240524,000000,9.47,9.8,9.43,9.77,14278,0
CTEC.US,D,20240528,000000,9.88,10.07,9.88,10.01,14008,0
CTEC.US,D,20240529,000000,9.76,9.92,9.76,9.88,4673,0
CTEC.US,D,20240530,000000,9.84,10.0643,9.84,10.03,12507,0
CTEC.US,D,20240531,000000,10.05,10.05,9.82,9.91,2582,0
CTEC.US,D,20240603,000000,10.03,10.05,9.86,9.86,18426,0
CTEC.US,D,20240604,000000,9.78,9.78,9.66,9.695,9318,0
CTEC.US,D,20240605,000000,9.735,9.8499,9.66,9.83,7319,0
CTEC.US,D,20240606,000000,9.75,9.75,9.6472,9.66,6188,0
CTEC.US,D,20240607,000000,9.48,9.58,9.36,9.4,12240,0
CTEC.US,D,20240610,000000,9.35,9.64,9.35,9.64,17004,0
CTEC.US,D,20240611,000000,9.41,9.53,9.37,9.48,2879,0
CTEC.US,D,20240612,000000,9.77,9.87,9.62,9.62,11525,0
CTEC.US,D,20240613,000000,9.59,9.65,9.34,9.42,6914,0
CTEC.US,D,20240614,000000,9.31,9.31,9.06,9.16,10431,0
CTEC.US,D,20240617,000000,9.04,9.04,8.9,8.94,4781,0
CTEC.US,D,20240618,000000,8.8855,9,8.8855,8.95,6297,0
CTEC.US,D,20240620,000000,8.86,8.95,8.77,8.78,76401,0
CTEC.US,D,20240621,000000,8.74,8.74,8.5501,8.62,60052,0
CTEC.US,D,20240624,000000,8.65,8.7,8.5586,8.635,4621,0
CTEC.US,D,20240625,000000,8.53,8.5399,8.36,8.4,10358,0
CTEC.US,D,20240626,000000,8.32,8.32,8.2,8.21,19427,0
CTEC.US,D,20240627,000000,8.19,8.32,8.1801,8.25,16224,0
CTEC.US,D,20240628,000000,8.28,8.28,7.97,7.97,27471,0
CTEC.US,D,20240701,000000,8.03,8.05,7.69,7.95,26856,0
CTEC.US,D,20240702,000000,7.91,7.9688,7.76,7.79,83600,0
CTEC.US,D,20240703,000000,7.91,8.16,7.85,8.16,28796,0
CTEC.US,D,20240705,000000,8.21,8.21,8.07,8.16,5454,0
CTEC.US,D,20240708,000000,8.17,8.28,8.12,8.16,6371,0
CTEC.US,D,20240709,000000,8.17,8.2599,8.1325,8.22,8734,0
CTEC.US,D,20240710,000000,8.22,8.27,8.15,8.27,9298,0
CTEC.US,D,20240711,000000,8.62,8.71,8.3,8.71,12893,0
CTEC.US,D,20240712,000000,8.76,8.99,8.76,8.91,3742,0
CTEC.US,D,20240715,000000,8.66,8.66,8.4801,8.58,18952,0
CTEC.US,D,20240716,000000,8.56,8.77,8.49,8.7,15030,0
CTEC.US,D,20240717,000000,8.64,8.675,8.45,8.52,11455,0
CTEC.US,D,20240718,000000,8.55,8.61,8.355,8.39,7796,0
CTEC.US,D,20240719,000000,8.34,8.34,8.23,8.235,12241,0
CTEC.US,D,20240722,000000,8.36,8.36,8.24,8.32,22963,0
CTEC.US,D,20240723,000000,8.22,8.3,8.17,8.24,34674,0
CTEC.US,D,20240724,000000,8.25,8.35,8.221,8.24,7015,0
CTEC.US,D,20240725,000000,8.15,8.3523,8.1073,8.2,9281,0
CTEC.US,D,20240726,000000,8.26,8.44,8.25,8.34,17572,0
CTEC.US,D,20240729,000000,8.33,8.33,8.11,8.11,5214,0
CTEC.US,D,20240730,000000,8.09,8.09,8.035,8.05,5946,0
CTEC.US,D,20240731,000000,8.1831,8.31,8.14,8.16,5217,0
CTEC.US,D,20240801,000000,8.28,8.28,7.95,8.01,8453,0
CTEC.US,D,20240802,000000,7.84,7.84,7.64,7.77,5556,0
CTEC.US,D,20240805,000000,7.25,7.59,7.201,7.5,6461,0
CTEC.US,D,20240806,000000,7.55,7.6554,7.5,7.52,22420,0
CTEC.US,D,20240807,000000,7.74,7.76,7.485,7.485,16771,0
CTEC.US,D,20240808,000000,7.57,7.6986,7.57,7.61,12000,0
CTEC.US,D,20240809,000000,7.7,7.7,7.56,7.68,12800,0
CTEC.US,D,20240812,000000,7.65,7.65,7.53,7.53,6636,0
CTEC.US,D,20240813,000000,7.58,7.88,7.572,7.86,62945,0
CTEC.US,D,20240814,000000,7.84,7.84,7.725,7.725,20191,0
CTEC.US,D,20240815,000000,7.82,7.9,7.82,7.86,4638,0
CTEC.US,D,20240816,000000,7.82,7.86,7.78,7.8497,17005,0
CTEC.US,D,20240819,000000,7.86,7.9694,7.86,7.9,4473,0
CTEC.US,D,20240820,000000,7.9,7.94,7.72,7.74,6327,0
CTEC.US,D,20240821,000000,7.78,7.95,7.772,7.95,7453,0
CTEC.US,D,20240822,000000,7.86,7.86,7.72,7.73,8403,0
CTEC.US,D,20240823,000000,7.74,8.01,7.69,7.975,20743,0
CTEC.US,D,20240826,000000,8.03,8.09,7.925,7.925,9963,0
CTEC.US,D,20240827,000000,7.94,8,7.88,7.98,2693,0
CTEC.US,D,20240828,000000,7.91,7.91,7.7001,7.82,11381,0
CTEC.US,D,20240829,000000,7.91,7.91,7.69,7.89,9276,0
CTEC.US,D,20240830,000000,7.88,7.89,7.79,7.8,13403,0
CTEC.US,D,20240903,000000,7.88,7.88,7.56,7.78,20035,0
CTEC.US,D,20240904,000000,7.59,7.7,7.58,7.61,7458,0
CTEC.US,D,20240905,000000,7.71,7.71,7.56,7.56,4564,0
CTEC.US,D,20240906,000000,7.56,7.56,7.3208,7.35,6701,0
CTEC.US,D,20240909,000000,7.37,7.38,7.35,7.35,6517,0
CTEC.US,D,20240910,000000,7.31,7.32,7.16,7.26,5028,0
CTEC.US,D,20240911,000000,7.54,7.78,7.518,7.69,9451,0
CTEC.US,D,20240912,000000,7.68,7.77,7.67,7.77,1162,0
CTEC.US,D,20240913,000000,7.791,7.9,7.791,7.81,8184,0
CTEC.US,D,20240916,000000,7.84,7.8555,7.72,7.7991,8666,0
CTEC.US,D,20240917,000000,7.85,7.99,7.78,7.92,29419,0
CTEC.US,D,20240918,000000,7.98,8.2,7.9,7.9,6617,0
CTEC.US,D,20240919,000000,8.19,8.21,8.01,8.02,8959,0
CTEC.US,D,20240920,000000,7.97,7.97,7.83,7.84,3509,0
CTEC.US,D,20240923,000000,7.95,7.99,7.84,7.99,20896,0
CTEC.US,D,20240924,000000,8.1,8.15,8.03,8.14,3836,0
CTEC.US,D,20240925,000000,8.07,8.07,7.86,7.86,8293,0
CTEC.US,D,20240926,000000,8.06,8.19,8.06,8.19,9249,0
CTEC.US,D,20240927,000000,8.25,8.4181,8.21,8.31,21333,0
CTEC.US,D,20240930,000000,8.4,8.41,8.28,8.36,7347,0
CTEC.US,D,20241001,000000,8.27,8.27,8.1,8.16,10059,0
CTEC.US,D,20241002,000000,8.214,8.214,8.01,8.19,9867,0
CTEC.US,D,20241003,000000,8.01,8.03,7.98,8.02,1387,0
CTEC.US,D,20241004,000000,8.061,8.15,8.061,8.11,3052,0
CTEC.US,D,20241007,000000,8.2,8.23,8.12,8.23,12450,0
CTEC.US,D,20241008,000000,7.94,7.94,7.85,7.85,2040,0
CTEC.US,D,20241009,000000,7.78,7.9093,7.78,7.85,2238,0
CTEC.US,D,20241010,000000,7.79,7.79,7.6489,7.68,2776,0
CTEC.US,D,20241011,000000,7.68,7.83,7.63,7.83,5706,0
CTEC.US,D,20241014,000000,7.68,7.7181,7.65,7.66,4916,0
CTEC.US,D,20241015,000000,7.531,7.534,7.4,7.4,4297,0
CTEC.US,D,20241016,000000,7.39,7.48,7.37,7.43,44947,0
CTEC.US,D,20241017,000000,7.43,7.43,7.26,7.295,15367,0
CTEC.US,D,20241018,000000,7.3796,7.4,7.35,7.4,24167,0
CTEC.US,D,20241021,000000,7.44,7.44,7.28,7.37,19271,0
CTEC.US,D,20241022,000000,7.35,7.4,7.35,7.39,10450,0
CTEC.US,D,20241023,000000,7.35,7.35,7.2,7.29,9689,0
CTEC.US,D,20241024,000000,7.37,7.4,7.31,7.33,19026,0
CTEC.US,D,20241025,000000,7.6,7.6398,7.53,7.58,29226,0
CTEC.US,D,20241028,000000,7.56,7.78,7.52,7.7,8045,0
CTEC.US,D,20241029,000000,7.52,7.52,7.431,7.45,13367,0
CTEC.US,D,20241030,000000,7.45,7.5499,7.44,7.47,29917,0
CTEC.US,D,20241031,000000,7.45,7.559,7.4,7.495,6769,0
CTEC.US,D,20241101,000000,7.41,7.62,7.41,7.55,4244,0
CTEC.US,D,20241104,000000,7.66,7.85,7.66,7.775,26626,0
