<TICKER>,<PER>,<DATE>,<TIME>,<OPEN>,<HIGH>,<LOW>,<CLOSE>,<VOL>,<OPENINT>
DALI.US,D,20180516,000000,19.654,19.654,19.468,19.522,96494,0
DALI.US,D,20180517,000000,19.703,19.703,19.488,19.548,1361650,0
DALI.US,D,20180518,000000,19.409,19.585,19.36,19.555,17344,0
DALI.US,D,20180521,000000,19.711,19.713,19.617,19.653,11826,0
DALI.US,D,20180522,000000,19.663,19.703,19.595,19.613,25348,0
DALI.US,D,20180523,000000,20.044,20.044,19.488,19.582,26276,0
DALI.US,D,20180524,000000,19.654,19.693,19.525,19.669,12181,0
DALI.US,D,20180525,000000,19.615,19.663,19.615,19.634,1125,0
DALI.US,D,20180529,000000,19.555,19.595,19.379,19.474,11996,0
DALI.US,D,20180530,000000,19.693,19.731,19.679,19.713,3109,0
DALI.US,D,20180531,000000,19.687,19.687,19.57,19.625,12248,0
DALI.US,D,20180601,000000,19.791,19.887,19.76,19.857,7345,0
DALI.US,D,20180604,000000,19.906,19.976,19.88,19.976,12399,0
DALI.US,D,20180605,000000,20.103,20.103,20.019,20.084,15625,0
DALI.US,D,20180606,000000,20.143,20.553,20.092,20.238,7927,0
DALI.US,D,20180607,000000,20.114,20.114,19.916,20.084,18475,0
DALI.US,D,20180608,000000,20.024,20.172,20.024,20.172,6983,0
DALI.US,D,20180611,000000,20.271,20.271,20.182,20.182,5945,0
DALI.US,D,20180612,000000,20.317,20.317,20.222,20.29,44365,0
DALI.US,D,20180613,000000,20.352,20.376,20.29,20.29,28695,0
DALI.US,D,20180614,000000,20.367,20.376,20.317,20.327,6249,0
DALI.US,D,20180615,000000,20.197,20.298,20.197,20.294,5352,0
DALI.US,D,20180618,000000,20.29,20.396,20.271,20.396,3853,0
DALI.US,D,20180619,000000,20.084,20.26,20.044,20.251,7326,0
DALI.US,D,20180620,000000,20.406,20.435,20.396,20.415,17784,0
DALI.US,D,20180621,000000,20.414,20.414,20.244,20.259,11139,0
DALI.US,D,20180622,000000,20.22,20.22,20.072,20.072,2652,0
DALI.US,D,20180625,000000,20.062,20.062,19.503,19.612,137693,0
DALI.US,D,20180626,000000,19.622,19.71,19.616,19.69,25529,0
DALI.US,D,20180627,000000,19.7,19.7,19.362,19.364,7916,0
DALI.US,D,20180629,000000,19.631,19.631,19.572,19.572,2735,0
DALI.US,D,20180702,000000,19.396,19.602,19.396,19.595,23280,0
DALI.US,D,20180703,000000,19.865,19.865,19.572,19.572,9827,0
DALI.US,D,20180705,000000,19.798,19.798,19.592,19.694,16703,0
DALI.US,D,20180706,000000,19.973,19.973,19.944,19.963,28083,0
DALI.US,D,20180709,000000,20.061,20.151,20.018,20.15,28570,0
DALI.US,D,20180710,000000,20.16,20.16,20.112,20.121,3137,0
DALI.US,D,20180711,000000,20.092,20.092,20.003,20.022,4814,0
DALI.US,D,20180712,000000,20.094,20.249,20.094,20.229,14000,0
DALI.US,D,20180713,000000,20.239,20.249,20.16,20.19,12834,0
DALI.US,D,20180716,000000,20.305,20.305,20.132,20.141,2390,0
DALI.US,D,20180717,000000,19.964,20.305,19.964,20.305,3330,0
DALI.US,D,20180718,000000,20.404,20.404,20.284,20.345,5969,0
DALI.US,D,20180719,000000,20.414,20.414,20.305,20.344,4038,0
DALI.US,D,20180720,000000,20.345,20.365,20.335,20.335,2446,0
DALI.US,D,20180723,000000,20.239,20.365,20.226,20.355,15546,0
DALI.US,D,20180724,000000,20.229,20.229,20.2,20.2,343,0
DALI.US,D,20180725,000000,20.259,20.384,20.2,20.365,16286,0
DALI.US,D,20180726,000000,20.305,20.443,20.304,20.404,16901,0
DALI.US,D,20180727,000000,20.542,20.542,19.974,20.052,7113,0
DALI.US,D,20180730,000000,19.855,19.855,19.73,19.762,14217,0
DALI.US,D,20180731,000000,19.825,19.885,19.695,19.807,34567,0
DALI.US,D,20180801,000000,19.924,19.944,19.816,19.875,12082,0
DALI.US,D,20180802,000000,19.914,20.052,19.914,20.052,4772,0
DALI.US,D,20180803,000000,19.974,19.974,19.974,19.974,102,0
DALI.US,D,20180806,000000,20.141,20.141,20.122,20.133,1083,0
DALI.US,D,20180807,000000,20.305,20.32,20.305,20.315,5519,0
DALI.US,D,20180808,000000,20.305,20.331,20.271,20.331,1750,0
DALI.US,D,20180809,000000,20.394,20.394,20.325,20.325,9628,0
DALI.US,D,20180810,000000,20.239,20.288,20.19,20.19,19691,0
DALI.US,D,20180813,000000,20.269,20.288,20.079,20.079,25731,0
DALI.US,D,20180814,000000,20.21,20.296,20.21,20.239,26524,0
DALI.US,D,20180815,000000,19.974,20.013,19.944,20.013,2438,0
DALI.US,D,20180816,000000,20.22,20.274,20.16,20.17,71096,0
DALI.US,D,20180817,000000,20.082,20.22,20.062,20.215,8158,0
DALI.US,D,20180820,000000,20.19,20.285,20.132,20.279,16366,0
DALI.US,D,20180821,000000,20.375,20.482,20.375,20.423,7856,0
DALI.US,D,20180822,000000,20.512,20.512,20.365,20.489,24276,0
DALI.US,D,20180823,000000,20.551,20.571,20.477,20.502,31454,0
DALI.US,D,20180824,000000,20.659,20.708,20.601,20.688,30693,0
DALI.US,D,20180827,000000,20.864,20.933,20.795,20.864,22075,0
DALI.US,D,20180828,000000,20.934,20.934,20.808,20.898,7511,0
DALI.US,D,20180829,000000,21.02,21.03,20.923,21.011,6856,0
DALI.US,D,20180830,000000,21.153,21.153,20.899,20.941,14157,0
DALI.US,D,20180831,000000,20.903,20.941,20.903,20.938,1453,0
DALI.US,D,20180904,000000,20.824,20.98,20.824,20.962,65697,0
DALI.US,D,20180905,000000,20.688,20.768,20.663,20.753,12003,0
DALI.US,D,20180906,000000,20.698,20.698,20.571,20.649,8447,0
DALI.US,D,20180907,000000,20.659,20.758,20.614,20.62,29379,0
DALI.US,D,20180910,000000,20.659,20.707,20.649,20.702,3263,0
DALI.US,D,20180911,000000,20.785,21.53,20.738,20.814,29645,0
DALI.US,D,20180912,000000,20.884,20.884,20.551,20.727,210142,0
DALI.US,D,20180913,000000,20.864,20.864,20.795,20.795,9289,0
DALI.US,D,20180914,000000,20.884,20.912,20.813,20.869,2908,0
DALI.US,D,20180917,000000,20.951,20.951,20.596,20.596,9957,0
DALI.US,D,20180918,000000,20.728,20.765,20.669,20.762,25230,0
DALI.US,D,20180919,000000,20.777,20.777,20.581,20.678,11492,0
DALI.US,D,20180920,000000,20.758,20.824,20.738,20.824,14001,0
DALI.US,D,20180921,000000,20.794,20.794,20.738,20.738,3878,0
DALI.US,D,20180924,000000,20.639,20.669,20.611,20.664,10470,0
DALI.US,D,20180925,000000,20.659,20.738,20.659,20.738,856,0
DALI.US,D,20180926,000000,20.758,20.795,20.635,20.635,12176,0
DALI.US,D,20180927,000000,20.785,20.785,20.669,20.669,13434,0
DALI.US,D,20180928,000000,20.659,20.708,20.62,20.662,9051,0
DALI.US,D,20181001,000000,20.834,20.834,20.567,20.591,21937,0
DALI.US,D,20181002,000000,20.639,20.639,20.297,20.301,10370,0
DALI.US,D,20181003,000000,20.462,20.502,20.394,20.432,27377,0
DALI.US,D,20181004,000000,20.453,20.453,19.988,20.052,6617,0
DALI.US,D,20181005,000000,20.032,20.052,19.64,19.851,231129,0
DALI.US,D,20181008,000000,19.719,19.739,19.375,19.6,5896,0
DALI.US,D,20181009,000000,19.601,19.611,19.464,19.464,4568,0
DALI.US,D,20181010,000000,19.511,19.511,18.768,18.768,16319,0
DALI.US,D,20181011,000000,18.764,18.845,18.369,18.51,5828,0
DALI.US,D,20181012,000000,18.836,18.837,18.506,18.772,16494,0
DALI.US,D,20181015,000000,18.717,18.788,18.706,18.708,3848,0
DALI.US,D,20181016,000000,18.959,19.269,18.953,19.269,5272,0
DALI.US,D,20181017,000000,19.395,19.395,19.012,19.132,17699,0
DALI.US,D,20181018,000000,19.059,19.092,18.741,18.811,3153,0
DALI.US,D,20181019,000000,18.851,18.851,18.557,18.557,3194,0
DALI.US,D,20181022,000000,18.748,18.748,18.446,18.604,7024,0
DALI.US,D,20181023,000000,18.143,18.506,18.143,18.506,7131,0
DALI.US,D,20181024,000000,18.535,18.535,17.555,17.555,6570,0
DALI.US,D,20181025,000000,17.935,18.063,17.869,18.025,7221,0
DALI.US,D,20181026,000000,17.447,17.868,17.408,17.663,20443,0
DALI.US,D,20181029,000000,17.925,17.925,17.113,17.222,6662,0
DALI.US,D,20181030,000000,17.446,17.704,17.446,17.704,11930,0
DALI.US,D,20181031,000000,18.083,18.163,18.05,18.152,8589,0
DALI.US,D,20181101,000000,18.281,18.349,18.281,18.349,5562,0
DALI.US,D,20181102,000000,18.555,18.712,18.378,18.466,2520,0
DALI.US,D,20181105,000000,18.301,18.427,18.286,18.427,4057,0
DALI.US,D,20181106,000000,18.575,18.575,18.417,18.417,40455,0
DALI.US,D,20181107,000000,18.738,18.954,18.738,18.954,23665,0
DALI.US,D,20181108,000000,18.971,18.973,18.83,18.85,15781,0
DALI.US,D,20181109,000000,18.818,18.818,18.437,18.437,10018,0
DALI.US,D,20181112,000000,18.212,18.23,18.015,18.092,976,0
DALI.US,D,20181113,000000,17.965,18.202,17.965,17.975,4103,0
DALI.US,D,20181114,000000,18.163,18.163,17.762,17.781,8685,0
DALI.US,D,20181115,000000,17.713,18.133,17.713,18.133,4046,0
DALI.US,D,20181116,000000,18.123,18.143,17.995,18.073,4931,0
DALI.US,D,20181119,000000,17.84,17.849,17.673,17.673,20718,0
DALI.US,D,20181120,000000,17.28,17.31,17.084,17.31,8792,0
DALI.US,D,20181121,000000,17.516,17.594,17.496,17.584,2966,0
DALI.US,D,20181123,000000,17.526,17.614,17.526,17.614,659,0
DALI.US,D,20181126,000000,17.772,17.868,17.772,17.868,14999,0
DALI.US,D,20181127,000000,17.772,17.819,17.752,17.752,612,0
DALI.US,D,20181128,000000,17.916,18.274,17.83,18.251,9655,0
DALI.US,D,20181129,000000,18.359,18.417,18.212,18.417,17624,0
DALI.US,D,20181130,000000,18.334,18.407,18.334,18.369,3598,0
DALI.US,D,20181203,000000,18.749,18.758,18.614,18.742,13773,0
DALI.US,D,20181204,000000,18.594,18.698,18.113,18.202,6439,0
DALI.US,D,20181206,000000,17.781,18.063,17.663,18.063,149576,0
DALI.US,D,20181207,000000,17.868,17.868,17.466,17.486,301519,0
DALI.US,D,20181210,000000,17.496,17.577,17.3,17.577,672,0
DALI.US,D,20181211,000000,17.849,17.849,17.658,17.663,14259,0
DALI.US,D,20181212,000000,17.965,18.095,17.95,17.95,4105,0
DALI.US,D,20181213,000000,17.887,17.888,17.772,17.772,12391,0
DALI.US,D,20181214,000000,17.594,17.594,17.379,17.379,19010,0
DALI.US,D,20181217,000000,17.084,17.242,16.853,16.853,15726,0
DALI.US,D,20181218,000000,17.035,17.035,16.821,16.929,7553,0
DALI.US,D,20181219,000000,17.075,17.103,16.546,16.576,22688,0
DALI.US,D,20181220,000000,16.449,16.565,16.018,16.254,15278,0
DALI.US,D,20181221,000000,16.135,16.135,15.744,15.764,75459,0
DALI.US,D,20181224,000000,15.668,15.668,15.498,15.665,5298,0
DALI.US,D,20181226,000000,15.636,16.057,15.517,16.057,221942,0
DALI.US,D,20181227,000000,16.067,16.399,15.862,16.342,17723,0
DALI.US,D,20181228,000000,16.449,16.624,16.342,16.536,20674,0
DALI.US,D,20181231,000000,16.606,16.634,16.487,16.576,35113,0
DALI.US,D,20190102,000000,16.4,16.585,16.4,16.585,1694,0
DALI.US,D,20190103,000000,16.382,16.382,16.205,16.273,8353,0
DALI.US,D,20190104,000000,16.458,16.941,16.458,16.873,8113,0
DALI.US,D,20190107,000000,17.053,17.28,17.045,17.28,5094,0
DALI.US,D,20190108,000000,17.389,17.389,17.212,17.339,2524,0
DALI.US,D,20190109,000000,17.586,17.673,17.545,17.653,3888,0
DALI.US,D,20190110,000000,17.486,17.663,17.486,17.654,193992,0
DALI.US,D,20190111,000000,17.687,17.772,17.678,17.762,175432,0
DALI.US,D,20190114,000000,17.624,17.624,17.545,17.545,37050,0
DALI.US,D,20190115,000000,17.732,17.742,17.732,17.742,1162,0
DALI.US,D,20190116,000000,17.965,17.965,17.84,17.849,23748,0
DALI.US,D,20190117,000000,17.858,17.995,17.762,17.965,5177,0
DALI.US,D,20190118,000000,18.053,18.274,18.053,18.231,12095,0
DALI.US,D,20190122,000000,18.015,18.045,17.81,17.888,203493,0
DALI.US,D,20190123,000000,17.763,17.763,17.763,17.763,1294,0
DALI.US,D,20190124,000000,18.025,18.035,18.005,18.025,1587,0
DALI.US,D,20190125,000000,18.123,18.34,18.123,18.33,20102,0
DALI.US,D,20190128,000000,18.202,18.202,18.04,18.14,116832,0
DALI.US,D,20190129,000000,18.083,18.122,18.005,18.062,23935,0
DALI.US,D,20190130,000000,18.063,18.387,18.063,18.33,8306,0
DALI.US,D,20190131,000000,18.506,18.574,18.502,18.502,2302,0
DALI.US,D,20190201,000000,18.691,18.691,18.604,18.641,8784,0
DALI.US,D,20190204,000000,18.7,18.818,18.634,18.778,14605,0
DALI.US,D,20190205,000000,18.944,18.944,18.842,18.914,13679,0
DALI.US,D,20190206,000000,18.934,18.957,18.924,18.957,1557,0
DALI.US,D,20190207,000000,18.757,18.808,18.606,18.637,6501,0
DALI.US,D,20190208,000000,18.642,18.778,18.584,18.778,6209,0
DALI.US,D,20190211,000000,18.864,18.864,18.82,18.837,3454,0
DALI.US,D,20190212,000000,19.003,19.082,19.003,19.052,6233,0
DALI.US,D,20190213,000000,19.121,19.198,19.121,19.19,4382,0
DALI.US,D,20190214,000000,19.161,19.161,19.013,19.013,1980,0
DALI.US,D,20190215,000000,19.269,19.363,19.269,19.363,3345,0
DALI.US,D,20190219,000000,19.337,19.405,19.337,19.405,1764,0
DALI.US,D,20190220,000000,19.309,19.415,19.269,19.365,10134,0
DALI.US,D,20190221,000000,19.249,19.299,19.18,19.18,5275,0
DALI.US,D,20190222,000000,19.349,19.466,19.349,19.466,5349,0
DALI.US,D,20190225,000000,19.63,19.689,19.582,19.601,7091,0
DALI.US,D,20190226,000000,19.521,19.535,19.474,19.515,7343,0
DALI.US,D,20190227,000000,19.405,19.581,19.397,19.532,48527,0
DALI.US,D,20190228,000000,19.482,19.571,19.482,19.521,7094,0
DALI.US,D,20190301,000000,19.601,19.674,19.521,19.648,24036,0
DALI.US,D,20190304,000000,19.64,19.684,19.316,19.375,8659,0
DALI.US,D,20190305,000000,19.454,19.454,19.289,19.434,6296,0
DALI.US,D,20190306,000000,19.249,19.249,19.098,19.098,3236,0
DALI.US,D,20190307,000000,19.121,19.121,18.904,18.954,1857,0
DALI.US,D,20190308,000000,18.758,18.812,18.758,18.812,3626,0
DALI.US,D,20190311,000000,19.013,19.259,18.964,19.259,11962,0
DALI.US,D,20190312,000000,19.269,19.302,19.269,19.292,2415,0
DALI.US,D,20190313,000000,19.507,19.581,19.484,19.521,11186,0
DALI.US,D,20190314,000000,19.474,19.494,19.47,19.494,3374,0
DALI.US,D,20190315,000000,19.659,19.659,19.561,19.62,4885,0
DALI.US,D,20190318,000000,19.758,19.758,19.564,19.601,15278,0
DALI.US,D,20190319,000000,19.768,19.769,19.669,19.669,6795,0
DALI.US,D,20190320,000000,19.758,19.758,19.64,19.64,14480,0
DALI.US,D,20190321,000000,19.551,19.983,19.551,19.983,34342,0
DALI.US,D,20190322,000000,19.818,19.983,19.449,19.506,6988,0
DALI.US,D,20190325,000000,19.405,19.444,19.239,19.444,2617,0
DALI.US,D,20190326,000000,19.551,19.556,19.449,19.463,5334,0
DALI.US,D,20190327,000000,19.591,19.591,19.239,19.346,14764,0
DALI.US,D,20190328,000000,19.375,19.494,19.375,19.443,16959,0
DALI.US,D,20190329,000000,19.521,19.679,19.521,19.669,5438,0
DALI.US,D,20190401,000000,19.825,19.848,19.8,19.848,5405,0
DALI.US,D,20190402,000000,19.877,19.954,19.877,19.941,10258,0
DALI.US,D,20190403,000000,20.122,20.132,20.013,20.082,25117,0
DALI.US,D,20190404,000000,20.072,20.072,19.814,19.944,20511,0
DALI.US,D,20190405,000000,20.095,20.122,20.092,20.102,13320,0
DALI.US,D,20190408,000000,20.042,20.092,20.032,20.092,7345,0
DALI.US,D,20190409,000000,20.052,20.089,19.964,19.964,3988,0
DALI.US,D,20190410,000000,20.141,20.16,20.112,20.153,4993,0
DALI.US,D,20190411,000000,20.122,20.141,20.076,20.092,7384,0
DALI.US,D,20190412,000000,20.137,20.137,20.102,20.115,4765,0
DALI.US,D,20190415,000000,20.062,20.062,19.954,20.003,111713,0
DALI.US,D,20190416,000000,20.21,20.21,19.969,19.993,14835,0
DALI.US,D,20190417,000000,19.788,19.825,19.63,19.689,19059,0
DALI.US,D,20190418,000000,19.531,19.618,19.521,19.613,1006,0
DALI.US,D,20190422,000000,19.65,19.699,19.611,19.694,23327,0
DALI.US,D,20190423,000000,20.01,20.042,20.002,20.003,4570,0
DALI.US,D,20190424,000000,20.022,20.052,20.022,20.044,2148,0
DALI.US,D,20190425,000000,20.052,20.052,19.914,19.993,6432,0
DALI.US,D,20190426,000000,19.875,20.092,19.875,20.082,9973,0
DALI.US,D,20190429,000000,20.102,20.156,20.102,20.151,1589,0
DALI.US,D,20190430,000000,20.122,20.122,20.051,20.091,4198,0
DALI.US,D,20190501,000000,20.082,20.107,19.973,19.973,15839,0
DALI.US,D,20190502,000000,19.942,20.008,19.803,19.942,3455,0
DALI.US,D,20190503,000000,20.072,20.182,20.072,20.162,13397,0
DALI.US,D,20190506,000000,19.922,20.151,19.922,20.151,8099,0
DALI.US,D,20190507,000000,19.865,19.865,19.659,19.665,2330,0
DALI.US,D,20190508,000000,19.657,19.713,19.601,19.703,9849,0
DALI.US,D,20190509,000000,19.319,19.591,19.298,19.526,15693,0
DALI.US,D,20190510,000000,19.531,19.546,19.365,19.546,5123,0
DALI.US,D,20190513,000000,19.092,19.092,18.934,18.934,2384,0
DALI.US,D,20190514,000000,19.19,19.281,19.189,19.281,10599,0
DALI.US,D,20190515,000000,19.239,19.425,19.21,19.395,49200,0
DALI.US,D,20190516,000000,19.541,19.626,19.531,19.581,13327,0
DALI.US,D,20190517,000000,19.454,19.571,19.319,19.319,57124,0
DALI.US,D,20190520,000000,19.23,19.23,19.095,19.095,5985,0
DALI.US,D,20190521,000000,19.249,19.385,19.249,19.385,8596,0
DALI.US,D,20190522,000000,19.309,19.35,19.29,19.319,18809,0
DALI.US,D,20190523,000000,19.151,19.151,18.904,18.904,4811,0
DALI.US,D,20190524,000000,19.171,19.171,19.072,19.121,1978,0
DALI.US,D,20190528,000000,19.151,19.151,19.042,19.042,9014,0
DALI.US,D,20190529,000000,18.914,18.914,18.778,18.782,7344,0
DALI.US,D,20190530,000000,18.904,18.953,18.827,18.928,3926,0
DALI.US,D,20190531,000000,18.778,18.778,18.778,18.778,197,0
DALI.US,D,20190603,000000,18.681,18.681,18.525,18.574,4410,0
DALI.US,D,20190604,000000,18.661,18.933,18.661,18.933,5078,0
DALI.US,D,20190605,000000,19.072,19.131,18.952,19.121,93363,0
DALI.US,D,20190606,000000,19.111,19.21,19.101,19.21,25574,0
DALI.US,D,20190607,000000,19.425,19.433,19.415,19.433,918,0
DALI.US,D,20190610,000000,19.64,19.679,19.521,19.521,5005,0
DALI.US,D,20190611,000000,19.669,19.669,19.44,19.44,6162,0
DALI.US,D,20190612,000000,19.415,19.464,19.398,19.464,32606,0
DALI.US,D,20190613,000000,19.551,19.551,19.464,19.534,26245,0
DALI.US,D,20190614,000000,19.434,19.444,19.383,19.444,7803,0
DALI.US,D,20190617,000000,19.551,19.551,19.484,19.484,48624,0
DALI.US,D,20190618,000000,19.739,19.914,19.739,19.816,78035,0
DALI.US,D,20190619,000000,19.85,19.946,19.778,19.946,60064,0
DALI.US,D,20190620,000000,20.206,20.219,20.02,20.072,61913,0
DALI.US,D,20190621,000000,19.983,20.022,19.983,19.993,57535,0
DALI.US,D,20190624,000000,19.924,19.938,19.846,19.865,10302,0
DALI.US,D,20190625,000000,19.825,19.825,19.669,19.669,12817,0
DALI.US,D,20190626,000000,19.679,19.679,19.586,19.586,5394,0
DALI.US,D,20190627,000000,19.736,19.758,19.736,19.749,7677,0
DALI.US,D,20190628,000000,19.944,19.954,19.944,19.954,578,0
DALI.US,D,20190701,000000,20.19,20.19,20.102,20.102,1851,0
DALI.US,D,20190702,000000,20.132,20.19,20.132,20.151,4956,0
DALI.US,D,20190703,000000,20.263,20.315,20.263,20.305,4807,0
DALI.US,D,20190705,000000,20.158,20.325,20.158,20.325,1391,0
DALI.US,D,20190708,000000,20.19,20.19,20.113,20.152,11930,0
DALI.US,D,20190709,000000,20.132,20.231,20.132,20.231,4821,0
DALI.US,D,20190710,000000,20.37,20.404,20.305,20.375,6300,0
DALI.US,D,20190711,000000,20.325,20.365,20.279,20.345,4646,0
DALI.US,D,20190712,000000,20.335,20.414,20.335,20.414,1651,0
DALI.US,D,20190715,000000,20.404,20.423,20.384,20.423,3442,0
DALI.US,D,20190716,000000,20.394,20.401,20.288,20.317,10271,0
DALI.US,D,20190717,000000,20.355,20.37,20.305,20.305,2908,0
DALI.US,D,20190718,000000,20.296,20.384,20.269,20.384,724,0
DALI.US,D,20190719,000000,20.431,20.431,20.204,20.204,7696,0
DALI.US,D,20190722,000000,20.31,20.315,20.272,20.272,6638,0
DALI.US,D,20190723,000000,20.22,20.251,20.22,20.251,2174,0
DALI.US,D,20190724,000000,20.379,20.555,20.373,20.555,2689,0
DALI.US,D,20190725,000000,20.478,20.478,20.365,20.375,4834,0
DALI.US,D,20190729,000000,20.384,20.384,20.381,20.381,1332,0
DALI.US,D,20190730,000000,20.423,20.481,20.423,20.456,17500,0
DALI.US,D,20190731,000000,20.46,20.516,20.239,20.239,31031,0
DALI.US,D,20190801,000000,20.384,20.489,20.132,20.132,9268,0
DALI.US,D,20190802,000000,19.769,19.807,19.699,19.769,10905,0
DALI.US,D,20190805,000000,19.365,19.365,19.249,19.249,773,0
DALI.US,D,20190806,000000,19.22,19.385,19.19,19.375,3311,0
DALI.US,D,20190807,000000,19.298,19.474,19.284,19.464,3573,0
DALI.US,D,20190808,000000,19.611,19.885,19.611,19.885,7437,0
DALI.US,D,20190809,000000,19.626,19.729,19.591,19.669,1010,0
DALI.US,D,20190812,000000,19.484,19.521,19.372,19.434,3274,0
DALI.US,D,20190813,000000,19.669,19.758,19.669,19.679,3892,0
DALI.US,D,20190814,000000,19.346,19.346,19.346,19.346,342,0
DALI.US,D,20190815,000000,19.141,19.279,19.141,19.2,1280,0
DALI.US,D,20190816,000000,19.484,19.484,19.484,19.484,128,0
DALI.US,D,20190819,000000,19.66,19.749,19.66,19.729,37254,0
DALI.US,D,20190820,000000,19.621,19.648,19.611,19.611,1476,0
DALI.US,D,20190821,000000,19.775,19.778,19.749,19.749,1164,0
DALI.US,D,20190822,000000,19.835,19.835,19.65,19.709,11880,0
DALI.US,D,20190823,000000,19.749,19.758,19.2,19.2,3080,0
DALI.US,D,20190826,000000,19.434,19.444,19.259,19.425,16272,0
DALI.US,D,20190827,000000,19.479,19.479,19.23,19.289,2655,0
DALI.US,D,20190828,000000,19.19,19.363,19.19,19.363,2323,0
DALI.US,D,20190829,000000,19.611,19.64,19.611,19.621,1802,0
DALI.US,D,20190830,000000,19.739,19.739,19.528,19.528,1593,0
DALI.US,D,20190903,000000,19.425,19.494,19.279,19.28,9246,0
DALI.US,D,20190904,000000,19.494,19.536,19.481,19.528,6856,0
DALI.US,D,20190905,000000,19.807,19.807,19.807,19.807,305,0
DALI.US,D,20190906,000000,19.762,19.845,19.719,19.729,17792,0
DALI.US,D,20190909,000000,19.691,19.719,19.581,19.581,1528,0
DALI.US,D,20190910,000000,19.551,19.63,19.541,19.551,3790,0
DALI.US,D,20190911,000000,19.791,19.885,19.791,19.885,49416,0
DALI.US,D,20190912,000000,19.993,19.993,19.907,19.934,102738,0
DALI.US,D,20190913,000000,19.924,19.983,19.919,19.919,1090,0
DALI.US,D,20190916,000000,19.807,19.885,19.798,19.875,3826,0
DALI.US,D,20190917,000000,19.855,19.924,19.818,19.924,12454,0
DALI.US,D,20190918,000000,19.875,19.944,19.719,19.944,23665,0
DALI.US,D,20190919,000000,19.964,20.003,19.885,19.885,6645,0
DALI.US,D,20190920,000000,19.894,19.894,19.807,19.825,2065,0
DALI.US,D,20190923,000000,19.719,19.835,19.719,19.807,22994,0
DALI.US,D,20190924,000000,19.885,19.885,19.511,19.561,5757,0
DALI.US,D,20190925,000000,19.454,19.689,19.431,19.689,2271,0
DALI.US,D,20190926,000000,19.659,19.659,19.659,19.659,784,0
DALI.US,D,20190927,000000,19.63,19.63,19.308,19.385,8256,0
DALI.US,D,20190930,000000,19.434,19.531,19.434,19.521,1723,0
DALI.US,D,20191001,000000,19.443,19.444,19.209,19.229,4257,0
DALI.US,D,20191002,000000,19.029,19.029,18.91,18.923,10223,0
DALI.US,D,20191003,000000,18.776,19.12,18.776,19.12,13948,0
DALI.US,D,20191004,000000,19.209,19.318,19.209,19.318,602,0
DALI.US,D,20191007,000000,19.365,19.444,19.328,19.365,6162,0
DALI.US,D,20191008,000000,19.041,19.13,18.996,19.021,9732,0
DALI.US,D,20191009,000000,19.101,19.189,19.086,19.179,8188,0
DALI.US,D,20191010,000000,19.219,19.259,19.189,19.219,14219,0
DALI.US,D,20191011,000000,19.365,19.571,19.365,19.494,8559,0
DALI.US,D,20191014,000000,19.395,19.425,19.346,19.405,4741,0
DALI.US,D,20191015,000000,19.581,19.611,19.575,19.575,8243,0
DALI.US,D,20191016,000000,19.516,19.516,19.474,19.474,2955,0
DALI.US,D,20191017,000000,19.581,19.581,19.502,19.561,13554,0
DALI.US,D,20191018,000000,19.494,19.494,19.405,19.454,6660,0
DALI.US,D,20191021,000000,19.548,19.63,19.548,19.621,27774,0
DALI.US,D,20191022,000000,19.611,19.611,19.484,19.494,7114,0
DALI.US,D,20191023,000000,19.425,19.494,19.364,19.454,12200,0
DALI.US,D,20191024,000000,19.521,19.521,19.511,19.521,1312,0
DALI.US,D,20191025,000000,19.591,19.65,19.581,19.64,16626,0
DALI.US,D,20191028,000000,19.74,19.783,19.739,19.739,3723,0
DALI.US,D,20191029,000000,19.749,19.749,19.749,19.749,566,0
DALI.US,D,20191030,000000,19.679,19.744,19.679,19.739,717,0
DALI.US,D,20191031,000000,19.65,19.689,19.63,19.648,4607,0
DALI.US,D,20191101,000000,19.779,19.836,19.768,19.816,9816,0
DALI.US,D,20191104,000000,19.957,19.984,19.935,19.935,9261,0
DALI.US,D,20191105,000000,19.935,19.935,19.846,19.857,1079,0
DALI.US,D,20191106,000000,19.729,19.788,19.729,19.784,15300,0
DALI.US,D,20191107,000000,19.925,19.935,19.795,19.795,4466,0
DALI.US,D,20191108,000000,19.729,19.856,19.729,19.827,8421,0
DALI.US,D,20191111,000000,19.85,19.866,19.846,19.847,2746,0
DALI.US,D,20191112,000000,19.945,19.945,19.905,19.935,82723,0
DALI.US,D,20191113,000000,19.846,19.955,19.846,19.945,4217,0
DALI.US,D,20191114,000000,19.915,19.932,19.886,19.925,14688,0
DALI.US,D,20191115,000000,20.016,20.073,20.016,20.049,3222,0
DALI.US,D,20191118,000000,20.052,20.133,20.052,20.086,11138,0
DALI.US,D,20191119,000000,20.094,20.19,20.094,20.137,8133,0
DALI.US,D,20191120,000000,20.033,20.166,19.945,20.071,2061,0
DALI.US,D,20191121,000000,20.009,20.009,19.966,19.969,6253,0
DALI.US,D,20191122,000000,20.033,20.033,19.94,20.004,7730,0
DALI.US,D,20191125,000000,20.142,20.24,20.142,20.235,14572,0
DALI.US,D,20191126,000000,20.275,20.284,20.275,20.284,2459,0
DALI.US,D,20191127,000000,20.335,20.367,20.335,20.357,9973,0
DALI.US,D,20191129,000000,20.298,20.298,20.298,20.298,378,0
DALI.US,D,20191202,000000,20.032,20.083,20.004,20.023,29754,0
DALI.US,D,20191203,000000,19.836,19.945,19.778,19.945,7480,0
DALI.US,D,20191204,000000,20.093,20.101,20.043,20.043,15714,0
DALI.US,D,20191205,000000,20.043,20.058,20.033,20.058,2205,0
DALI.US,D,20191206,000000,20.227,20.24,20.201,20.221,11088,0
DALI.US,D,20191209,000000,20.191,20.191,20.122,20.128,1748,0
DALI.US,D,20191210,000000,20.142,20.151,20.063,20.063,6049,0
DALI.US,D,20191211,000000,20.103,20.201,20.092,20.146,10781,0
DALI.US,D,20191212,000000,20.25,20.337,20.25,20.291,29036,0
DALI.US,D,20191213,000000,20.379,20.379,20.274,20.32,5620,0
DALI.US,D,20191216,000000,20.467,20.524,20.458,20.487,4923,0
DALI.US,D,20191217,000000,20.458,20.527,20.458,20.512,18552,0
DALI.US,D,20191218,000000,20.517,20.568,20.517,20.546,4243,0
DALI.US,D,20191219,000000,20.586,20.679,20.576,20.655,11060,0
DALI.US,D,20191220,000000,20.704,20.774,20.704,20.763,5293,0
DALI.US,D,20191223,000000,20.724,20.764,20.722,20.754,46449,0
DALI.US,D,20191224,000000,20.724,20.734,20.719,20.723,2131,0
DALI.US,D,20191226,000000,20.832,20.832,20.793,20.798,634,0
DALI.US,D,20191227,000000,20.793,20.812,20.783,20.788,2453,0
DALI.US,D,20191230,000000,20.635,20.734,20.625,20.642,16021,0
DALI.US,D,20191231,000000,20.675,20.783,20.645,20.783,12407,0
DALI.US,D,20200102,000000,20.892,20.913,20.734,20.793,18688,0
DALI.US,D,20200103,000000,20.764,20.835,20.746,20.788,12299,0
DALI.US,D,20200106,000000,20.616,20.824,20.616,20.824,6474,0
DALI.US,D,20200107,000000,20.764,20.874,20.764,20.857,6541,0
DALI.US,D,20200108,000000,20.925,21.008,20.876,20.989,2477,0
DALI.US,D,20200109,000000,21.028,21.126,21.028,21.088,11929,0
DALI.US,D,20200110,000000,21.087,21.126,21.009,21.019,7933,0
DALI.US,D,20200113,000000,21.106,21.215,21.106,21.201,14598,0
DALI.US,D,20200114,000000,21.186,21.303,21.186,21.186,18883,0
DALI.US,D,20200115,000000,21.303,21.324,21.211,21.252,5133,0
DALI.US,D,20200116,000000,21.437,21.453,21.431,21.453,1590,0
DALI.US,D,20200117,000000,21.51,21.57,21.51,21.521,6489,0
DALI.US,D,20200121,000000,21.51,21.54,21.486,21.486,1503,0
DALI.US,D,20200122,000000,21.638,21.648,21.53,21.535,8591,0
DALI.US,D,20200123,000000,21.441,21.56,21.441,21.56,8152,0
DALI.US,D,20200124,000000,21.422,21.48,21.412,21.42,29012,0
DALI.US,D,20200127,000000,21.075,21.116,21.019,21.057,14066,0
DALI.US,D,20200128,000000,21.176,21.306,21.176,21.306,9527,0
DALI.US,D,20200129,000000,21.292,21.33,21.217,21.217,8547,0
DALI.US,D,20200130,000000,21.077,21.323,21.058,21.323,20147,0
DALI.US,D,20200131,000000,20.989,20.999,20.862,20.892,140678,0
DALI.US,D,20200203,000000,20.931,21.156,20.931,21.151,1697,0
DALI.US,D,20200204,000000,21.263,21.535,21.263,21.535,23195,0
DALI.US,D,20200205,000000,21.608,21.608,21.49,21.575,8874,0
DALI.US,D,20200206,000000,21.622,21.672,21.618,21.638,1419,0
DALI.US,D,20200207,000000,21.505,21.553,21.431,21.436,17547,0
DALI.US,D,20200210,000000,21.505,21.57,21.505,21.506,5313,0
DALI.US,D,20200211,000000,21.884,21.913,21.766,21.801,19452,0
DALI.US,D,20200212,000000,21.992,21.992,21.904,21.988,172381,0
DALI.US,D,20200213,000000,21.98,22.113,21.98,22.062,4343,0
DALI.US,D,20200214,000000,22.114,22.12,22.027,22.066,32483,0
DALI.US,D,20200218,000000,22.071,22.071,22.012,22.032,13096,0
DALI.US,D,20200219,000000,22.238,22.297,22.219,22.297,6947,0
DALI.US,D,20200220,000000,22.277,22.284,21.918,22.169,21766,0
DALI.US,D,20200221,000000,21.874,21.935,21.771,21.807,10936,0
DALI.US,D,20200224,000000,21.225,21.261,21.019,21.194,9246,0
DALI.US,D,20200225,000000,21.168,21.168,20.448,20.462,4718,0
DALI.US,D,20200226,000000,20.724,20.744,20.3,20.355,10826,0
DALI.US,D,20200227,000000,19.878,20.189,19.592,19.848,48117,0
DALI.US,D,20200228,000000,19.031,19.308,18.877,19.288,61269,0
DALI.US,D,20200302,000000,19.475,20.062,19.318,20.062,58206,0
DALI.US,D,20200303,000000,20.128,20.35,19.396,19.67,15260,0
DALI.US,D,20200304,000000,19.807,20.296,19.799,20.296,5747,0
DALI.US,D,20200305,000000,19.779,19.858,19.592,19.658,147602,0
DALI.US,D,20200306,000000,19.267,19.267,18.923,19.258,12889,0
DALI.US,D,20200309,000000,17.861,18.305,17.636,17.701,20007,0
DALI.US,D,20200310,000000,17.919,18.285,17.558,17.939,26936,0
DALI.US,D,20200311,000000,17.851,17.998,17.205,17.399,47074,0
DALI.US,D,20200312,000000,16.936,16.936,15.403,15.709,13595,0
DALI.US,D,20200313,000000,16.711,16.769,15.574,16.769,34380,0
DALI.US,D,20200316,000000,15.363,15.551,14.713,14.713,21751,0
DALI.US,D,20200317,000000,15,15.825,14.606,15.682,9673,0
DALI.US,D,20200318,000000,15.118,15.128,14.203,14.321,38094,0
DALI.US,D,20200319,000000,14.576,15.304,14.576,15.113,6042,0
DALI.US,D,20200320,000000,15.255,15.485,14.549,14.549,12371,0
DALI.US,D,20200323,000000,14.606,14.606,13.18,14.257,75999,0
DALI.US,D,20200324,000000,15.285,15.694,15.175,15.694,18831,0
DALI.US,D,20200325,000000,15.639,16.284,15.353,15.864,209169,0
DALI.US,D,20200326,000000,16.249,16.722,16.249,16.667,2177670,0
DALI.US,D,20200327,000000,16.437,16.565,16.229,16.32,27242,0
DALI.US,D,20200330,000000,16.386,16.423,16.288,16.288,5097,0
DALI.US,D,20200331,000000,16.301,16.338,16.256,16.256,3997,0
DALI.US,D,20200401,000000,16.308,16.318,16.21,16.239,28329,0
DALI.US,D,20200402,000000,16.288,16.328,16.249,16.287,17014,0
DALI.US,D,20200403,000000,16.298,16.298,16.239,16.289,4796,0
DALI.US,D,20200406,000000,16.367,16.367,16.288,16.293,5214,0
DALI.US,D,20200407,000000,16.269,16.288,16.269,16.284,47476,0
DALI.US,D,20200408,000000,16.367,16.367,16.318,16.323,48366,0
DALI.US,D,20200409,000000,16.495,16.541,16.437,16.539,52790,0
DALI.US,D,20200413,000000,16.485,16.485,16.476,16.485,905,0
DALI.US,D,20200414,000000,16.584,16.584,16.49,16.49,17564,0
DALI.US,D,20200415,000000,16.504,16.604,16.504,16.604,7041,0
DALI.US,D,20200416,000000,16.637,16.644,16.599,16.611,6153,0
DALI.US,D,20200417,000000,16.692,16.692,16.564,16.564,3123,0
DALI.US,D,20200420,000000,16.574,16.584,16.544,16.569,13133,0
DALI.US,D,20200421,000000,16.612,16.643,16.612,16.642,1171,0
DALI.US,D,20200422,000000,16.652,16.652,16.564,16.564,4609,0
DALI.US,D,20200423,000000,16.622,16.622,16.622,16.622,152,0
DALI.US,D,20200424,000000,16.622,16.622,16.605,16.617,3115,0
DALI.US,D,20200427,000000,16.622,16.622,16.612,16.612,803,0
DALI.US,D,20200428,000000,16.672,16.672,16.622,16.632,441,0
DALI.US,D,20200429,000000,16.741,16.741,16.707,16.707,992,0
DALI.US,D,20200430,000000,16.749,16.77,16.712,16.715,7364,0
DALI.US,D,20200501,000000,16.642,16.642,16.605,16.617,2108,0
DALI.US,D,20200504,000000,16.612,16.643,16.612,16.642,965,0
DALI.US,D,20200506,000000,16.632,16.632,16.574,16.599,5655,0
DALI.US,D,20200507,000000,16.639,16.662,16.639,16.642,42620,0
DALI.US,D,20200508,000000,16.652,16.662,16.642,16.657,6267,0
DALI.US,D,20200511,000000,16.622,16.622,16.594,16.608,1015,0
DALI.US,D,20200512,000000,16.662,16.662,16.632,16.632,12192,0
DALI.US,D,20200513,000000,16.637,16.637,16.594,16.599,2157,0
DALI.US,D,20200514,000000,16.574,16.574,16.554,16.559,5515,0
DALI.US,D,20200515,000000,16.637,16.637,16.632,16.637,1382,0
DALI.US,D,20200518,000000,16.722,16.722,16.682,16.697,4889,0
DALI.US,D,20200519,000000,16.712,16.712,16.692,16.697,10912,0
DALI.US,D,20200520,000000,16.77,16.825,16.77,16.825,8037,0
DALI.US,D,20200521,000000,16.85,16.85,16.79,16.79,11390,0
DALI.US,D,20200522,000000,16.84,16.86,16.82,16.86,8063,0
DALI.US,D,20200526,000000,16.947,16.947,16.87,16.884,5772,0
DALI.US,D,20200527,000000,16.889,16.899,16.86,16.879,5560,0
DALI.US,D,20200528,000000,16.908,16.908,16.899,16.908,4334,0
DALI.US,D,20200529,000000,16.928,16.957,16.908,16.957,8759,0
DALI.US,D,20200601,000000,16.967,17.016,16.947,17.006,4437,0
DALI.US,D,20200602,000000,17.026,17.061,17.026,17.061,2576,0
DALI.US,D,20200603,000000,17.066,17.066,17.056,17.066,3953,0
DALI.US,D,20200604,000000,17.036,17.056,17.006,17.021,9785,0
DALI.US,D,20200605,000000,17.081,17.086,17.046,17.086,9436,0
DALI.US,D,20200608,000000,17.115,17.144,17.115,17.144,3497,0
DALI.US,D,20200609,000000,17.125,17.144,17.125,17.13,1631,0
DALI.US,D,20200610,000000,17.164,17.175,17.164,17.175,218,0
DALI.US,D,20200611,000000,17.066,17.066,16.991,16.991,2786,0
DALI.US,D,20200612,000000,17.056,17.056,17.006,17.035,407,0
DALI.US,D,20200615,000000,17.001,17.126,16.997,17.126,1326,0
DALI.US,D,20200616,000000,17.154,17.154,17.134,17.14,889,0
DALI.US,D,20200617,000000,17.139,17.164,17.139,17.149,390,0
DALI.US,D,20200619,000000,17.164,17.166,17.154,17.165,1686,0
DALI.US,D,20200622,000000,17.154,17.159,17.154,17.159,569,0
DALI.US,D,20200623,000000,17.164,17.169,17.154,17.154,1675,0
DALI.US,D,20200624,000000,17.125,17.125,17.016,17.066,8986,0
DALI.US,D,20200625,000000,17.125,17.125,17.056,17.118,685,0
DALI.US,D,20200629,000000,17.115,17.115,17.099,17.111,1078,0
DALI.US,D,20200630,000000,17.165,17.165,17.135,17.135,5964,0
DALI.US,D,20200701,000000,17.185,17.2,17.165,17.2,844,0
DALI.US,D,20200702,000000,17.245,17.254,17.245,17.254,369,0
DALI.US,D,20200706,000000,17.284,17.302,17.274,17.302,847,0
DALI.US,D,20200708,000000,17.304,17.324,17.274,17.324,2532,0
DALI.US,D,20200709,000000,17.354,17.359,17.334,17.359,2250,0
DALI.US,D,20200710,000000,17.364,17.364,17.359,17.359,575,0
DALI.US,D,20200713,000000,17.364,17.394,17.304,17.304,3225,0
DALI.US,D,20200714,000000,17.309,17.358,17.309,17.349,1697,0
DALI.US,D,20200715,000000,17.394,17.394,17.394,17.394,106,0
DALI.US,D,20200716,000000,17.404,17.404,17.404,17.404,323,0
DALI.US,D,20200717,000000,17.423,17.428,17.413,17.423,2835,0
DALI.US,D,20200720,000000,17.478,17.478,17.478,17.478,745,0
DALI.US,D,20200721,000000,17.543,17.543,17.543,17.543,1044,0
DALI.US,D,20200722,000000,17.559,17.612,17.543,17.582,14696,0
DALI.US,D,20200723,000000,17.592,17.592,17.543,17.561,1229,0
DALI.US,D,20200724,000000,17.553,17.563,17.543,17.553,4135,0
DALI.US,D,20200727,000000,17.551,17.553,17.524,17.553,1341,0
DALI.US,D,20200728,000000,17.553,17.553,17.523,17.552,14142,0
DALI.US,D,20200730,000000,17.629,17.662,17.592,17.662,96817,0
DALI.US,D,20200731,000000,17.642,17.642,17.642,17.642,304,0
DALI.US,D,20200803,000000,17.662,17.722,17.592,17.672,6090,0
DALI.US,D,20200806,000000,17.723,17.732,17.722,17.722,1182,0
DALI.US,D,20200811,000000,17.622,17.622,17.622,17.622,543,0
DALI.US,D,20200812,000000,17.582,17.602,17.582,17.596,761,0
DALI.US,D,20200817,000000,17.543,17.59,17.543,17.582,1365,0
DALI.US,D,20200819,000000,17.652,17.657,17.612,17.612,1750,0
DALI.US,D,20200820,000000,17.632,17.662,17.602,17.662,5439,0
DALI.US,D,20200824,000000,17.682,17.69,17.652,17.672,3564,0
DALI.US,D,20200825,000000,17.627,17.642,17.602,17.642,6267,0
DALI.US,D,20200826,000000,17.653,17.675,17.642,17.675,11466,0
DALI.US,D,20200827,000000,17.632,17.632,17.627,17.627,1060,0
DALI.US,D,20200828,000000,17.661,17.661,17.622,17.642,2808,0
DALI.US,D,20200831,000000,17.662,17.697,17.662,17.692,1009,0
DALI.US,D,20200901,000000,17.708,17.708,17.708,17.708,126,0
DALI.US,D,20200902,000000,17.751,17.756,17.751,17.756,207,0
DALI.US,D,20200903,000000,17.741,17.741,17.698,17.702,4576,0
DALI.US,D,20200904,000000,17.572,17.572,17.572,17.572,103,0
DALI.US,D,20200908,000000,17.572,17.572,17.544,17.544,101,0
DALI.US,D,20200909,000000,17.572,17.592,17.572,17.592,475,0
DALI.US,D,20200910,000000,17.592,17.592,17.584,17.584,101,0
DALI.US,D,20200911,000000,17.652,17.682,17.533,17.543,40329,0
DALI.US,D,20200915,000000,18.128,18.128,18.109,18.128,1323,0
DALI.US,D,20200916,000000,18.128,18.188,17.969,17.969,1134,0
DALI.US,D,20200917,000000,17.741,17.83,17.662,17.662,909,0
DALI.US,D,20200918,000000,17.89,17.89,17.745,17.745,1073,0
DALI.US,D,20200921,000000,17.533,17.533,17.284,17.394,1110,0
DALI.US,D,20200922,000000,17.622,17.652,17.622,17.652,1209,0
DALI.US,D,20200924,000000,17.382,17.382,17.302,17.381,425,0
DALI.US,D,20200928,000000,17.931,17.981,17.881,17.961,18407,0
DALI.US,D,20200930,000000,18.131,18.221,18.081,18.081,1147,0
DALI.US,D,20201002,000000,18.081,18.261,18.081,18.261,2111,0
DALI.US,D,20201005,000000,18.451,18.601,18.451,18.601,458,0
DALI.US,D,20201007,000000,18.591,18.829,18.591,18.809,1000,0
DALI.US,D,20201008,000000,18.869,18.869,18.869,18.869,302,0
DALI.US,D,20201009,000000,19.092,19.152,19.092,19.144,1863,0
DALI.US,D,20201012,000000,19.289,19.358,19.289,19.349,404,0
DALI.US,D,20201013,000000,19.329,19.419,19.289,19.41,3547,0
DALI.US,D,20201014,000000,19.419,19.419,19.419,19.419,169,0
DALI.US,D,20201015,000000,19.099,19.259,19.069,19.259,2393,0
DALI.US,D,20201016,000000,19.365,19.365,19.239,19.239,783,0
DALI.US,D,20201020,000000,19.169,19.207,19.169,19.207,499,0
DALI.US,D,20201022,000000,18.987,18.987,18.833,18.833,1611,0
DALI.US,D,20201026,000000,18.734,18.734,18.734,18.734,256,0
DALI.US,D,20201027,000000,18.801,18.801,18.801,18.801,761,0
DALI.US,D,20201028,000000,18.521,18.521,18.121,18.121,1063,0
DALI.US,D,20201029,000000,18.361,18.421,18.361,18.421,678,0
DALI.US,D,20201102,000000,18.081,18.081,18.031,18.031,356,0
DALI.US,D,20201103,000000,18.201,18.491,18.201,18.471,2065,0
DALI.US,D,20201104,000000,18.699,19.119,18.699,18.999,837,0
DALI.US,D,20201105,000000,19.259,19.489,19.259,19.489,1097,0
DALI.US,D,20201109,000000,19.59,19.59,19.469,19.469,1409,0
DALI.US,D,20201110,000000,18.899,19.169,18.899,19.069,1185,0
DALI.US,D,20201112,000000,19.229,19.229,19.169,19.189,1966,0
DALI.US,D,20201116,000000,19.658,19.693,19.658,19.693,100,0
DALI.US,D,20201117,000000,19.788,19.788,19.788,19.788,350,0
DALI.US,D,20201118,000000,19.912,19.912,19.91,19.91,1370,0
DALI.US,D,20201119,000000,19.758,19.848,19.749,19.838,1840,0
DALI.US,D,20201120,000000,19.888,19.888,19.888,19.888,102,0
DALI.US,D,20201123,000000,20.098,20.128,20.078,20.101,576,0
DALI.US,D,20201124,000000,20.178,20.293,20.178,20.293,5531,0
DALI.US,D,20201125,000000,20.298,20.373,20.298,20.373,425,0
DALI.US,D,20201127,000000,20.567,20.567,20.567,20.567,260,0
DALI.US,D,20201130,000000,20.658,20.658,20.417,20.527,10806,0
DALI.US,D,20201201,000000,20.677,20.727,20.577,20.727,4385,0
DALI.US,D,20201202,000000,20.545,20.545,20.497,20.519,1759,0
DALI.US,D,20201203,000000,20.747,20.868,20.727,20.819,11213,0
DALI.US,D,20201204,000000,20.807,20.996,20.807,20.996,2117,0
DALI.US,D,20201207,000000,21.016,21.056,21.016,21.056,3216,0
DALI.US,D,20201208,000000,21.126,21.136,21.056,21.056,1664,0
DALI.US,D,20201209,000000,21.245,21.245,20.837,20.887,2386,0
DALI.US,D,20201210,000000,21.046,21.136,21.026,21.136,37197,0
DALI.US,D,20201211,000000,21.007,21.022,21.007,21.022,9422,0
DALI.US,D,20201214,000000,21.245,21.265,21.086,21.121,21093,0
DALI.US,D,20201215,000000,21.245,21.393,21.206,21.393,140411,0
DALI.US,D,20201216,000000,21.455,21.505,21.415,21.489,319300,0
DALI.US,D,20201217,000000,21.665,21.755,21.647,21.733,571514,0
DALI.US,D,20201218,000000,21.825,21.895,21.745,21.845,333676,0
DALI.US,D,20201221,000000,21.687,21.825,21.645,21.825,568208,0
DALI.US,D,20201222,000000,21.941,22.055,21.825,22.055,80922,0
DALI.US,D,20201223,000000,22.05,22.095,21.998,21.998,47404,0
DALI.US,D,20201224,000000,22.005,22.034,21.935,21.97,61488,0
DALI.US,D,20201228,000000,22.092,22.092,21.779,21.779,2530,0
DALI.US,D,20201229,000000,21.885,21.885,21.475,21.575,104980,0
DALI.US,D,20201230,000000,21.74,21.755,21.725,21.744,115513,0
DALI.US,D,20201231,000000,21.705,21.735,21.655,21.716,8814,0
DALI.US,D,20210104,000000,21.755,21.765,21.146,21.408,17597,0
DALI.US,D,20210105,000000,21.216,21.715,21.216,21.705,19580,0
DALI.US,D,20210106,000000,21.806,21.994,21.806,21.994,3791,0
DALI.US,D,20210107,000000,22.154,22.414,22.154,22.41,93970,0
DALI.US,D,20210108,000000,22.474,22.584,22.474,22.574,1573,0
DALI.US,D,20210111,000000,22.314,22.644,22.314,22.574,5978,0
DALI.US,D,20210112,000000,22.764,22.838,22.724,22.814,10840,0
DALI.US,D,20210113,000000,22.834,22.862,22.744,22.766,12106,0
DALI.US,D,20210114,000000,23.023,23.093,22.954,23.013,19081,0
DALI.US,D,20210115,000000,22.842,22.91,22.514,22.661,8357,0
DALI.US,D,20210119,000000,22.944,23.033,22.894,23.003,5673,0
DALI.US,D,20210120,000000,23.223,23.333,23.194,23.263,34546,0
DALI.US,D,20210121,000000,23.263,23.273,23.263,23.263,1273,0
DALI.US,D,20210122,000000,23.24,23.323,23.218,23.323,1633,0
DALI.US,D,20210125,000000,22.914,23.254,22.904,23.254,20052,0
DALI.US,D,20210128,000000,22.588,22.7,22.524,22.524,31376,0
DALI.US,D,20210129,000000,22.075,22.164,22.075,22.093,7786,0
DALI.US,D,20210201,000000,22.299,22.299,22.299,22.299,224,0
DALI.US,D,20210202,000000,23.066,23.123,23.066,23.093,14070,0
DALI.US,D,20210203,000000,23.033,23.104,23.033,23.104,4449,0
DALI.US,D,20210205,000000,23.524,23.634,23.524,23.634,614,0
DALI.US,D,20210208,000000,23.962,24.052,23.94,24.019,2135,0
DALI.US,D,20210209,000000,24.172,24.172,24.142,24.142,4924,0
DALI.US,D,20210210,000000,24.012,24.174,23.932,24.096,38031,0
DALI.US,D,20210211,000000,24.204,24.227,24.204,24.222,5110,0
DALI.US,D,20210212,000000,24.407,24.512,24.407,24.512,1953,0
DALI.US,D,20210216,000000,24.542,24.552,24.402,24.402,1581,0
DALI.US,D,20210217,000000,24.172,24.172,24.172,24.172,530,0
DALI.US,D,20210218,000000,23.872,24.083,23.773,24.062,3217,0
DALI.US,D,20210219,000000,24.304,24.427,24.304,24.362,2164,0
DALI.US,D,20210222,000000,24.132,24.132,24.132,24.132,514,0
DALI.US,D,20210223,000000,23.428,23.691,23.428,23.691,4154,0
DALI.US,D,20210224,000000,23.743,24.052,23.743,23.972,3821,0
DALI.US,D,20210225,000000,23.823,23.823,23.177,23.177,1526,0
DALI.US,D,20210226,000000,23.203,23.355,23.203,23.355,12330,0
DALI.US,D,20210301,000000,23.982,23.982,23.982,23.982,793,0
DALI.US,D,20210302,000000,23.937,23.937,23.727,23.727,20878,0
DALI.US,D,20210303,000000,23.623,23.643,23.183,23.188,5957,0
DALI.US,D,20210304,000000,22.744,22.934,22.376,22.404,13040,0
DALI.US,D,20210305,000000,22.234,22.884,22.234,22.884,20675,0
DALI.US,D,20210308,000000,23.153,23.153,22.608,22.608,443,0
DALI.US,D,20210309,000000,23.043,23.293,23.043,23.218,17817,0
DALI.US,D,20210310,000000,23.453,23.453,23.353,23.356,15380,0
DALI.US,D,20210311,000000,23.942,23.952,23.942,23.942,4104,0
DALI.US,D,20210312,000000,23.833,23.972,23.829,23.961,8255,0
DALI.US,D,20210315,000000,23.922,24.223,23.922,24.223,13472,0
DALI.US,D,20210316,000000,24.244,24.244,24.005,24.005,3368,0
DALI.US,D,20210317,000000,23.872,24.212,23.769,24.163,15090,0
DALI.US,D,20210318,000000,23.902,24.022,23.525,23.525,5508,0
DALI.US,D,20210319,000000,23.573,23.753,23.573,23.721,3620,0
DALI.US,D,20210322,000000,23.733,23.982,23.733,23.86,18345,0
DALI.US,D,20210323,000000,23.843,23.843,23.313,23.335,8280,0
DALI.US,D,20210324,000000,23.633,23.633,22.92,22.929,6465,0
DALI.US,D,20210325,000000,22.814,23.163,22.654,23.138,35133,0
DALI.US,D,20210326,000000,23.373,23.555,23.28,23.555,15366,0
DALI.US,D,20210329,000000,23.303,23.313,23.191,23.219,7941,0
DALI.US,D,20210330,000000,23.303,23.393,23.303,23.375,37945,0
DALI.US,D,20210331,000000,23.723,23.84,23.663,23.727,2140,0
DALI.US,D,20210401,000000,24.092,24.092,24.008,24.062,22377,0
DALI.US,D,20210405,000000,24.266,24.372,24.266,24.352,3946,0
DALI.US,D,20210406,000000,24.432,24.532,24.393,24.393,16239,0
DALI.US,D,20210407,000000,24.336,24.362,24.183,24.183,9684,0
DALI.US,D,20210408,000000,24.294,24.462,24.212,24.441,44672,0
DALI.US,D,20210409,000000,24.402,24.552,24.402,24.535,24648,0
DALI.US,D,20210412,000000,24.366,24.532,24.366,24.501,9282,0
DALI.US,D,20210413,000000,24.582,24.582,24.372,24.54,100578,0
DALI.US,D,20210414,000000,24.652,24.761,24.441,24.441,17765,0
DALI.US,D,20210415,000000,24.662,24.692,24.542,24.652,47510,0
DALI.US,D,20210416,000000,24.702,24.731,24.646,24.7,19163,0
DALI.US,D,20210419,000000,24.623,24.623,24.322,24.379,6350,0
DALI.US,D,20210420,000000,24.077,24.077,23.949,24.064,18093,0
DALI.US,D,20210421,000000,24.329,24.437,24.329,24.437,13402,0
DALI.US,D,20210422,000000,24.512,24.721,24.282,24.362,37444,0
DALI.US,D,20210423,000000,24.682,24.782,24.672,24.767,25775,0
DALI.US,D,20210426,000000,24.881,24.947,24.881,24.947,8141,0
DALI.US,D,20210427,000000,24.931,25.021,24.911,24.967,41038,0
DALI.US,D,20210428,000000,24.891,24.894,24.861,24.877,2343,0
DALI.US,D,20210429,000000,24.632,24.834,24.632,24.834,27953,0
DALI.US,D,20210430,000000,24.74,24.74,24.592,24.592,483,0
DALI.US,D,20210503,000000,24.632,24.632,24.462,24.509,10623,0
DALI.US,D,20210504,000000,24.182,24.266,24.179,24.266,9661,0
DALI.US,D,20210505,000000,24.212,24.422,24.212,24.283,20845,0
DALI.US,D,20210506,000000,24.092,24.302,24.092,24.302,10425,0
DALI.US,D,20210507,000000,24.592,24.622,24.552,24.6,26692,0
DALI.US,D,20210510,000000,24.412,24.462,24.151,24.151,4904,0
DALI.US,D,20210511,000000,23.972,24.092,23.653,24.017,56659,0
DALI.US,D,20210512,000000,23.633,23.633,23.234,23.293,79053,0
DALI.US,D,20210513,000000,23.421,23.603,23.263,23.502,5849,0
DALI.US,D,20210514,000000,23.653,24.062,23.653,24.053,25835,0
DALI.US,D,20210517,000000,23.823,23.988,23.805,23.988,63039,0
DALI.US,D,20210518,000000,24.113,24.132,23.847,23.847,2267,0
DALI.US,D,20210519,000000,23.563,23.758,23.563,23.758,30795,0
DALI.US,D,20210520,000000,23.942,24.062,23.924,24.046,12500,0
DALI.US,D,20210521,000000,24.202,24.202,24.072,24.072,2852,0
DALI.US,D,20210524,000000,24.222,24.402,24.222,24.31,10487,0
DALI.US,D,20210525,000000,24.362,24.391,24.222,24.237,51410,0
DALI.US,D,20210526,000000,24.432,24.542,24.432,24.515,30158,0
DALI.US,D,20210527,000000,24.721,24.731,24.717,24.721,20317,0
DALI.US,D,20210528,000000,24.741,24.801,24.713,24.713,39172,0
DALI.US,D,20210601,000000,24.911,24.911,24.761,24.778,2034,0
DALI.US,D,20210602,000000,24.951,24.951,24.741,24.784,28654,0
DALI.US,D,20210603,000000,24.582,24.721,24.452,24.607,16209,0
DALI.US,D,20210604,000000,24.751,24.831,24.721,24.814,18679,0
DALI.US,D,20210607,000000,24.831,24.901,24.821,24.882,21930,0
DALI.US,D,20210608,000000,24.961,25.061,24.791,25.017,26848,0
DALI.US,D,20210609,000000,24.951,25.001,24.858,24.858,127072,0
DALI.US,D,20210610,000000,24.871,24.901,24.851,24.851,96484,0
DALI.US,D,20210611,000000,24.936,25.061,24.931,25.035,578275,0
DALI.US,D,20210614,000000,25.081,25.081,24.961,25.003,32652,0
DALI.US,D,20210615,000000,24.901,24.951,24.821,24.926,8865,0
DALI.US,D,20210616,000000,24.881,24.881,24.682,24.82,884,0
DALI.US,D,20210617,000000,24.821,24.831,24.697,24.726,11849,0
DALI.US,D,20210618,000000,24.462,24.462,24.402,24.418,2596,0
DALI.US,D,20210621,000000,24.741,24.761,24.741,24.745,2762,0
DALI.US,D,20210622,000000,24.791,24.941,24.721,24.906,4067,0
DALI.US,D,20210623,000000,24.861,25.051,24.861,25.004,1253,0
DALI.US,D,20210624,000000,25.221,25.243,25.221,25.243,255,0
DALI.US,D,20210625,000000,25.289,25.371,25.289,25.34,6469,0
DALI.US,D,20210628,000000,25.351,25.351,25.331,25.341,2182,0
DALI.US,D,20210629,000000,25.44,25.461,25.391,25.414,5083,0
DALI.US,D,20210630,000000,25.391,25.391,25.363,25.382,20225,0
DALI.US,D,20210701,000000,25.366,25.405,25.351,25.405,11535,0
DALI.US,D,20210702,000000,25.391,25.421,25.391,25.403,3996,0
DALI.US,D,20210706,000000,25.209,25.257,25.209,25.257,171,0
DALI.US,D,20210707,000000,25.171,25.171,25.151,25.151,827,0
DALI.US,D,20210708,000000,24.821,24.961,24.821,24.85,21025,0
DALI.US,D,20210709,000000,25.131,25.274,25.131,25.274,854,0
DALI.US,D,20210712,000000,25.32,25.321,25.252,25.321,2401,0
DALI.US,D,20210713,000000,25.081,25.091,25.03,25.03,2159,0
DALI.US,D,20210714,000000,24.896,24.911,24.821,24.836,2199,0
DALI.US,D,20210715,000000,24.741,24.781,24.676,24.676,2359,0
DALI.US,D,20210716,000000,24.661,24.661,24.402,24.402,226,0
DALI.US,D,20210719,000000,24.012,24.262,23.882,24.147,11776,0
DALI.US,D,20210720,000000,24.632,24.781,24.632,24.761,1945,0
DALI.US,D,20210721,000000,25.031,25.041,25.031,25.041,1966,0
DALI.US,D,20210722,000000,24.931,24.981,24.911,24.981,2236,0
DALI.US,D,20210723,000000,25.201,25.281,25.061,25.266,4457,0
DALI.US,D,20210726,000000,25.291,25.311,25.271,25.311,1219,0
DALI.US,D,20210727,000000,24.871,25.019,24.871,25.019,1427,0
DALI.US,D,20210728,000000,25.141,25.27,25.141,25.235,1634,0
DALI.US,D,20210729,000000,25.531,25.531,25.436,25.436,630,0
DALI.US,D,20210730,000000,25.381,25.471,25.369,25.369,1983,0
DALI.US,D,20210802,000000,25.501,25.501,25.336,25.336,506,0
DALI.US,D,20210803,000000,25.511,25.551,25.381,25.521,8790,0
DALI.US,D,20210805,000000,25.59,25.67,25.59,25.65,12840,0
DALI.US,D,20210806,000000,25.61,25.61,25.6,25.6,327,0
DALI.US,D,20210809,000000,25.66,25.67,25.58,25.58,4742,0
DALI.US,D,20210810,000000,25.66,25.69,25.605,25.605,9419,0
DALI.US,D,20210811,000000,25.695,25.695,25.695,25.695,630,0
DALI.US,D,20210812,000000,25.66,25.705,25.65,25.705,541,0
DALI.US,D,20210813,000000,25.66,25.68,25.6,25.619,7482,0
DALI.US,D,20210816,000000,25.411,25.541,25.411,25.541,1269,0
DALI.US,D,20210817,000000,25.031,25.191,25.031,25.176,7393,0
DALI.US,D,20210818,000000,25.201,25.221,24.991,24.991,23032,0
DALI.US,D,20210819,000000,24.843,24.911,24.821,24.838,6548,0
DALI.US,D,20210820,000000,25.061,25.131,25.061,25.124,7463,0
DALI.US,D,20210823,000000,25.45,25.491,25.441,25.456,1007,0
DALI.US,D,20210824,000000,25.73,25.73,25.676,25.676,1290,0
DALI.US,D,20210825,000000,25.81,25.887,25.81,25.86,24863,0
DALI.US,D,20210826,000000,25.75,25.78,25.665,25.665,1477,0
DALI.US,D,20210830,000000,26.1,26.13,26.05,26.068,1005,0
DALI.US,D,20210901,000000,26.04,26.09,25.974,25.974,5237,0
DALI.US,D,20210902,000000,26.149,26.18,26.125,26.125,3366,0
DALI.US,D,20210903,000000,26.13,26.15,26.11,26.135,3542,0
DALI.US,D,20210907,000000,26.06,26.06,25.915,25.915,2574,0
DALI.US,D,20210908,000000,25.74,25.75,25.74,25.75,1865,0
DALI.US,D,20210909,000000,25.76,25.8,25.73,25.734,22900,0
DALI.US,D,20210910,000000,25.775,25.87,25.582,25.582,29456,0
DALI.US,D,20210913,000000,25.521,25.579,25.521,25.579,212,0
DALI.US,D,20210914,000000,25.62,25.62,25.426,25.426,1292,0
DALI.US,D,20210915,000000,25.491,25.71,25.491,25.68,1376,0
DALI.US,D,20210916,000000,25.6,25.765,25.585,25.736,2583,0
DALI.US,D,20210917,000000,25.481,25.561,25.481,25.561,7248,0
DALI.US,D,20210920,000000,25.091,25.101,24.731,25.065,47275,0
DALI.US,D,20210921,000000,25.131,25.182,25.041,25.082,3250,0
DALI.US,D,20210922,000000,25.418,25.418,25.393,25.393,888,0
DALI.US,D,20210923,000000,25.62,25.863,25.62,25.777,1949,0
DALI.US,D,20210924,000000,25.77,25.77,25.721,25.754,2980,0
DALI.US,D,20210927,000000,25.79,25.8,25.756,25.756,3293,0
DALI.US,D,20210929,000000,25.341,25.341,25.058,25.058,3197,0
DALI.US,D,20210930,000000,25.097,25.097,24.791,24.797,10930,0
DALI.US,D,20211001,000000,24.901,25.161,24.662,25.033,49067,0
DALI.US,D,20211004,000000,24.622,24.682,24.622,24.682,12869,0
DALI.US,D,20211005,000000,24.682,25.031,24.682,24.911,6201,0
DALI.US,D,20211006,000000,24.761,24.911,24.604,24.9,3305,0
DALI.US,D,20211007,000000,25.411,25.421,25.231,25.251,3530,0
DALI.US,D,20211008,000000,25.121,25.141,25.074,25.074,1152,0
DALI.US,D,20211011,000000,25.081,25.111,24.916,24.919,2843,0
DALI.US,D,20211012,000000,24.981,25.015,24.981,25.015,152,0
DALI.US,D,20211013,000000,25.146,25.157,25.146,25.157,170,0
DALI.US,D,20211014,000000,25.551,25.64,25.551,25.607,15336,0
DALI.US,D,20211015,000000,25.86,25.86,25.72,25.72,1967,0
DALI.US,D,20211018,000000,25.511,25.9,25.511,25.9,2705,0
DALI.US,D,20211019,000000,25.91,26.04,25.91,25.972,5592,0
DALI.US,D,20211020,000000,26.09,26.15,26.04,26.09,1950,0
DALI.US,D,20211021,000000,26.26,26.33,26.257,26.311,990,0
DALI.US,D,20211022,000000,26.42,26.43,26.299,26.299,2352,0
DALI.US,D,20211026,000000,26.39,26.405,26.343,26.343,438,0
DALI.US,D,20211027,000000,26.13,26.18,25.951,25.951,1657,0
DALI.US,D,20211028,000000,26.3,26.378,26.28,26.378,1800,0
DALI.US,D,20211029,000000,26.519,26.522,26.422,26.522,432,0
DALI.US,D,20211101,000000,26.789,26.841,26.774,26.841,925,0
DALI.US,D,20211102,000000,26.869,26.913,26.859,26.913,3600,0
DALI.US,D,20211103,000000,27.059,27.172,27.059,27.172,2665,0
DALI.US,D,20211104,000000,27.428,27.428,27.363,27.363,104296,0
DALI.US,D,20211105,000000,27.438,27.498,27.418,27.468,4813,0
DALI.US,D,20211108,000000,27.648,27.683,27.648,27.683,200,0
DALI.US,D,20211109,000000,27.768,27.768,27.648,27.692,933,0
DALI.US,D,20211110,000000,27.249,27.249,27.249,27.249,230,0
DALI.US,D,20211111,000000,27.488,27.488,27.408,27.418,16154,0
DALI.US,D,20211112,000000,27.608,27.663,27.608,27.663,601,0
DALI.US,D,20211115,000000,27.608,27.621,27.608,27.621,390,0
DALI.US,D,20211116,000000,27.841,27.868,27.833,27.833,1201,0
DALI.US,D,20211117,000000,27.648,27.648,27.628,27.643,757,0
DALI.US,D,20211118,000000,27.608,27.618,27.586,27.586,1022,0
DALI.US,D,20211119,000000,27.638,27.638,27.482,27.482,10334,0
DALI.US,D,20211122,000000,27.548,27.598,27.27,27.27,339027,0
DALI.US,D,20211123,000000,26.849,27.179,26.849,27.134,23916,0
DALI.US,D,20211124,000000,27.149,27.242,27.149,27.242,5656,0
DALI.US,D,20211126,000000,26.789,26.789,26.576,26.576,785,0
DALI.US,D,20211129,000000,26.899,26.919,26.819,26.819,2348,0
DALI.US,D,20211130,000000,26.149,26.28,26.13,26.28,5782,0
DALI.US,D,20211201,000000,26.659,26.669,25.63,25.63,17058,0
DALI.US,D,20211202,000000,26.075,26.24,26.075,26.15,3478,0
DALI.US,D,20211203,000000,26.2,26.2,25.521,25.75,5787,0
DALI.US,D,20211206,000000,25.76,26.15,25.76,25.995,1979,0
DALI.US,D,20211207,000000,26.839,26.839,26.729,26.739,8473,0
DALI.US,D,20211208,000000,26.669,26.869,26.659,26.859,6422,0
DALI.US,D,20211209,000000,26.729,26.729,26.446,26.446,27216,0
DALI.US,D,20211210,000000,26.449,26.569,26.449,26.519,7123,0
DALI.US,D,20211213,000000,26.3,26.3,25.995,25.995,1172,0
DALI.US,D,20211214,000000,25.72,25.74,25.68,25.68,8054,0
DALI.US,D,20211215,000000,25.421,26.1,25.421,26.074,918,0
DALI.US,D,20211216,000000,25.84,25.84,25.62,25.62,3810,0
DALI.US,D,20211217,000000,25.551,25.67,25.521,25.541,8272,0
DALI.US,D,20211220,000000,24.791,25.071,24.791,25.064,4110,0
DALI.US,D,20211221,000000,25.531,25.787,25.531,25.787,336002,0
DALI.US,D,20211222,000000,25.918,26.02,25.918,26.01,35376,0
DALI.US,D,20211223,000000,26,26.32,26,26.28,8788,0
DALI.US,D,20211227,000000,26.4799,26.7057,26.44,26.7057,47136,0
DALI.US,D,20211228,000000,26.63,26.63,26.5854,26.5854,913,0
DALI.US,D,20211229,000000,26.7,26.7,26.52,26.61,15179,0
DALI.US,D,20211230,000000,26.7799,26.7799,26.6,26.6,2304,0
DALI.US,D,20211231,000000,26.555,26.63,26.5503,26.5544,4657,0
DALI.US,D,20220103,000000,26.61,26.6384,26.52,26.6384,17843,0
DALI.US,D,20220104,000000,26.7955,26.87,26.7,26.8617,3853,0
DALI.US,D,20220105,000000,26.84,26.84,26.11,26.11,6451,0
DALI.US,D,20220106,000000,26.27,26.349,26.27,26.349,4650,0
DALI.US,D,20220110,000000,25.89,25.89,25.33,25.83,12205,0
DALI.US,D,20220112,000000,26.26,26.2673,26.1153,26.2673,1257,0
DALI.US,D,20220113,000000,26.46,26.46,25.9901,25.9901,2408,0
DALI.US,D,20220114,000000,25.73,26.03,25.73,26.03,1380,0
DALI.US,D,20220118,000000,25.69,25.69,25.42,25.42,9085,0
DALI.US,D,20220119,000000,25.69,25.69,25.09,25.0989,10676,0
DALI.US,D,20220120,000000,25.09,25.5,24.63,24.63,54795,0
DALI.US,D,20220121,000000,24.74,24.74,24.1837,24.1837,2591,0
DALI.US,D,20220124,000000,23.4411,24.535,23.3153,24.535,18140,0
DALI.US,D,20220125,000000,24.07,24.54,23.93,24.2591,18719,0
DALI.US,D,20220126,000000,24.71,24.83,24.0476,24.0476,3734,0
DALI.US,D,20220127,000000,24.33,24.5478,23.7334,23.7334,4050,0
DALI.US,D,20220128,000000,23.7123,24.1388,23.48,24.1388,4123,0
DALI.US,D,20220131,000000,24.4,24.7839,24.4,24.7839,506,0
DALI.US,D,20220201,000000,25.03,25.15,25.0002,25.15,2203,0
DALI.US,D,20220202,000000,25.22,25.22,25.0557,25.2134,4741,0
DALI.US,D,20220203,000000,24.9,24.96,24.62,24.6487,3786,0
DALI.US,D,20220204,000000,24.473,24.89,24.473,24.7324,25773,0
DALI.US,D,20220207,000000,24.9,24.9,24.7288,24.7288,668,0
DALI.US,D,20220209,000000,25.5,25.57,25.47,25.57,3203,0
DALI.US,D,20220210,000000,25.4505,25.4505,25.4505,25.4505,622,0
DALI.US,D,20220211,000000,25.24,25.24,24.8279,24.8279,13368,0
DALI.US,D,20220214,000000,24.72,24.7968,24.55,24.6395,1995,0
DALI.US,D,20220215,000000,25,25.17,24.9999,25.1345,1318,0
DALI.US,D,20220216,000000,25.2849,25.2849,25.195,25.195,306,0
DALI.US,D,20220218,000000,24.4993,24.6,24.36,24.4173,11623,0
DALI.US,D,20220222,000000,24.4435,24.4435,23.88,24.181,1586,0
DALI.US,D,20220223,000000,24,24,23.531,23.6,77963,0
DALI.US,D,20220224,000000,23.4499,24.18,23.4499,24.17,23612,0
DALI.US,D,20220225,000000,24.12,24.69,24.04,24.69,36314,0
DALI.US,D,20220228,000000,24.95,25.06,24.9123,25.0444,95341,0
DALI.US,D,20220301,000000,25.61,25.9772,25.61,25.9772,4505,0
DALI.US,D,20220302,000000,26.4,26.69,26.27,26.65,21886,0
DALI.US,D,20220303,000000,27.18,27.31,26.84,26.926,6166,0
DALI.US,D,20220304,000000,27.6499,27.77,27.33,27.6599,13225,0
DALI.US,D,20220307,000000,28.3841,29.06,28.34,28.98,16940,0
DALI.US,D,20220308,000000,29.51,29.76,28.48,29.76,84748,0
DALI.US,D,20220309,000000,28.77,28.77,27.1,27.22,17572,0
DALI.US,D,20220310,000000,27.53,27.87,26.91,27.6984,13559,0
DALI.US,D,20220311,000000,28.035,28.25,27.9,28.0856,4575,0
DALI.US,D,20220314,000000,27.59,27.59,26.25,26.26,17174,0
DALI.US,D,20220315,000000,25.78,26.04,25.77,25.9602,10647,0
DALI.US,D,20220316,000000,25.9794,25.9794,25.9,25.9,2174,0
DALI.US,D,20220317,000000,26.48,26.55,26.48,26.5,973,0
DALI.US,D,20220318,000000,26.49,26.66,26.3,26.66,203707,0
DALI.US,D,20220321,000000,26.96,27.16,26.9015,27.126,31682,0
DALI.US,D,20220322,000000,26.961,27.06,26.961,27.0043,48279,0
DALI.US,D,20220323,000000,27.55,27.61,27.545,27.61,2548,0
DALI.US,D,20220324,000000,27.75,27.86,27.696,27.7807,28952,0
DALI.US,D,20220325,000000,27.63,27.82,27.63,27.8094,20675,0
DALI.US,D,20220328,000000,27.23,27.23,26.98,27.08,49841,0
DALI.US,D,20220329,000000,26.75,26.97,26.64,26.97,33340,0
DALI.US,D,20220330,000000,27.17,27.345,27.17,27.29,5650,0
DALI.US,D,20220331,000000,27.33,27.33,26.91,26.94,87207,0
DALI.US,D,20220401,000000,26.95,27,26.88,26.9,2545,0
DALI.US,D,20220404,000000,27.24,27.24,27.0791,27.15,9254,0
DALI.US,D,20220405,000000,27.41,27.41,27.08,27.1,47558,0
DALI.US,D,20220406,000000,27.26,27.26,26.96,27,17270,0
DALI.US,D,20220407,000000,27,27.1,26.84,27.0631,7725,0
DALI.US,D,20220408,000000,27,27.33,27,27.2918,5501,0
DALI.US,D,20220411,000000,27.14,27.2425,27.12,27.2425,2015,0
DALI.US,D,20220412,000000,27.54,27.69,27.54,27.6657,17769,0
DALI.US,D,20220413,000000,27.75,28.08,27.69,28.08,95470,0
DALI.US,D,20220414,000000,28.05,28.31,28.03,28.2692,259824,0
DALI.US,D,20220418,000000,28.43,28.79,28.43,28.6091,36341,0
DALI.US,D,20220419,000000,28.13,28.13,27.94,28.05,10356,0
DALI.US,D,20220420,000000,28.01,28.12,27.93,27.93,38346,0
DALI.US,D,20220421,000000,28.16,28.21,28,28.21,3218,0
DALI.US,D,20220422,000000,27.935,27.935,27.54,27.54,8883,0
DALI.US,D,20220425,000000,27.0899,27.425,27.0899,27.425,2560,0
DALI.US,D,20220426,000000,27.52,27.55,27.43,27.4889,13448,0
DALI.US,D,20220427,000000,27.45,27.7844,27.45,27.7608,20904,0
DALI.US,D,20220428,000000,27.7,27.75,27.55,27.7293,12789,0
DALI.US,D,20220429,000000,27.76,27.76,27.645,27.645,1748,0
DALI.US,D,20220502,000000,27.58,27.64,27.3184,27.64,22965,0
DALI.US,D,20220503,000000,27.81,27.81,27.515,27.53,7680,0
DALI.US,D,20220504,000000,27.78,28.12,27.7454,28.07,6483,0
DALI.US,D,20220505,000000,28.045,28.07,27.8562,27.91,20127,0
DALI.US,D,20220506,000000,28.08,28.08,27.58,27.67,29351,0
DALI.US,D,20220509,000000,27.18,27.18,26.63,26.65,29291,0
DALI.US,D,20220510,000000,26.82,26.82,26.64,26.66,6633,0
DALI.US,D,20220511,000000,26.91,27.22,26.91,27.09,85726,0
DALI.US,D,20220512,000000,26.92,27.07,26.92,27.01,16617,0
DALI.US,D,20220513,000000,27.135,27.33,27.135,27.3199,23743,0
DALI.US,D,20220516,000000,27.51,27.86,27.51,27.86,238490,0
DALI.US,D,20220517,000000,27.92,27.92,27.7243,27.7243,26950,0
DALI.US,D,20220518,000000,27.61,27.61,27.13,27.13,22453,0
DALI.US,D,20220519,000000,27.14,27.59,27.14,27.49,202773,0
DALI.US,D,20220520,000000,27.5,27.58,27.3705,27.51,117968,0
DALI.US,D,20220523,000000,27.535,27.72,27.49,27.72,35039,0
DALI.US,D,20220524,000000,27.73,27.84,27.5364,27.65,46791,0
DALI.US,D,20220525,000000,27.63,27.65,27.544,27.6441,18913,0
DALI.US,D,20220526,000000,27.61,27.97,27.57,27.81,104699,0
DALI.US,D,20220527,000000,27.75,27.98,27.75,27.9626,14355,0
DALI.US,D,20220531,000000,28.05,28.14,27.47,27.47,29024,0
DALI.US,D,20220601,000000,27.84,27.98,27.66,27.98,49352,0
DALI.US,D,20220602,000000,28.124,28.36,27.965,28.36,28384,0
DALI.US,D,20220603,000000,28.22,28.22,28.03,28.13,22884,0
DALI.US,D,20220606,000000,28.39,28.44,28.3,28.41,30316,0
DALI.US,D,20220607,000000,28.2398,28.48,28.2398,28.44,35292,0
DALI.US,D,20220608,000000,28.57,28.7,28.425,28.47,34702,0
DALI.US,D,20220609,000000,28.28,28.57,28.2632,28.52,9509,0
DALI.US,D,20220610,000000,28.26,28.36,28.1501,28.23,25518,0
DALI.US,D,20220613,000000,28.07,28.07,27.51,27.82,202221,0
DALI.US,D,20220614,000000,28.14,28.14,27.25,27.32,66100,0
DALI.US,D,20220615,000000,27.55,27.6623,27.46,27.63,103120,0
DALI.US,D,20220616,000000,27.56,27.677,27.4208,27.61,31777,0
DALI.US,D,20220617,000000,27.2297,27.2297,26.9637,27.049,9224,0
DALI.US,D,20220621,000000,27.12,27.27,26.9201,26.9353,35197,0
DALI.US,D,20220622,000000,26.48,26.719,26.355,26.67,133471,0
DALI.US,D,20220623,000000,26.47,26.47,25.76,25.76,12258,0
DALI.US,D,20220624,000000,25.93,26.02,25.72,25.99,20774,0
DALI.US,D,20220627,000000,25.95,26.02,25.95,25.9727,44478,0
DALI.US,D,20220628,000000,26,26.1427,26,26.1427,19113,0
DALI.US,D,20220629,000000,26.3399,26.3399,26.0018,26.09,106962,0
DALI.US,D,20220630,000000,25.83,25.83,25.29,25.35,15295,0
DALI.US,D,20220701,000000,25.38,25.38,25.11,25.11,23627,0
DALI.US,D,20220705,000000,24.77,24.77,24.06,24.12,29835,0
DALI.US,D,20220706,000000,23.88,23.925,23.73,23.8839,66242,0
DALI.US,D,20220707,000000,24.43,24.73,24.43,24.64,22511,0
DALI.US,D,20220708,000000,24.69,24.8571,24.58,24.83,3412,0
DALI.US,D,20220711,000000,24.96,24.96,24.79,24.91,6849,0
DALI.US,D,20220712,000000,24.76,24.76,24.1196,24.15,7698,0
DALI.US,D,20220713,000000,24.12,24.33,24.12,24.25,4282,0
DALI.US,D,20220714,000000,23.92,24.0106,23.72,23.99,47770,0
DALI.US,D,20220715,000000,24,24.27,24,24.25,7776,0
DALI.US,D,20220718,000000,24.77,24.92,24.73,24.78,14251,0
DALI.US,D,20220719,000000,24.53,24.75,24.485,24.61,13524,0
DALI.US,D,20220720,000000,24.75,24.83,24.6821,24.83,5063,0
DALI.US,D,20220721,000000,24.47,24.5704,24.41,24.4786,18398,0
DALI.US,D,20220722,000000,24.49,24.68,24.39,24.49,4104,0
DALI.US,D,20220725,000000,24.525,24.74,24.525,24.74,5839,0
DALI.US,D,20220726,000000,25.13,25.2,24.91,25.05,14966,0
DALI.US,D,20220727,000000,25.19,25.51,25.19,25.51,8634,0
DALI.US,D,20220728,000000,25.3942,25.5,25.37,25.5,9728,0
DALI.US,D,20220729,000000,25.77,25.8308,25.58,25.6554,11884,0
DALI.US,D,20220801,000000,25.24,25.24,25,25.2234,3786,0
DALI.US,D,20220802,000000,25.09,25.09,24.86,24.86,7607,0
DALI.US,D,20220803,000000,25.01,25.01,24.67,24.8593,5027,0
DALI.US,D,20220804,000000,24.8,25.04,24.8,25.04,3030,0
DALI.US,D,20220805,000000,24.78,25.06,24.78,24.9193,20251,0
DALI.US,D,20220808,000000,24.9,25.0657,24.9,24.9702,6861,0
DALI.US,D,20220809,000000,25.28,25.33,25.25,25.31,2965,0
DALI.US,D,20220810,000000,25.4402,25.69,25.44,25.69,59924,0
DALI.US,D,20220811,000000,25.78,26.0208,25.78,25.98,15987,0
DALI.US,D,20220812,000000,25.91,26.0384,25.9045,26.0384,3725,0
DALI.US,D,20220815,000000,25.55,25.6759,25.4236,25.6759,5728,0
DALI.US,D,20220816,000000,25.78,25.78,25.5,25.512,12349,0
DALI.US,D,20220817,000000,25.54,25.5723,25.44,25.5723,25636,0
DALI.US,D,20220818,000000,25.6682,25.6682,25.51,25.56,3155,0
DALI.US,D,20220819,000000,25.6953,25.6953,25.63,25.6608,25743,0
DALI.US,D,20220822,000000,25.69,25.9,25.5495,25.8771,31120,0
DALI.US,D,20220823,000000,26.0781,26.11,26.05,26.075,5331,0
DALI.US,D,20220824,000000,26.126,26.22,26.09,26.22,181976,0
DALI.US,D,20220825,000000,26.26,26.28,26.071,26.08,17008,0
DALI.US,D,20220826,000000,26.24,26.285,26.19,26.26,5132,0
DALI.US,D,20220829,000000,26.13,26.28,26.13,26.19,8073,0
DALI.US,D,20220830,000000,25.94,25.96,25.704,25.96,4929,0
DALI.US,D,20220831,000000,25.64,25.6433,25.475,25.48,9982,0
DALI.US,D,20220901,000000,25.17,25.23,24.89,24.89,6391,0
DALI.US,D,20220902,000000,25.14,25.24,25.06,25.22,4132,0
DALI.US,D,20220906,000000,25.06,25.06,24.88,25.01,2689,0
DALI.US,D,20220907,000000,24.7,24.97,24.61,24.61,2396,0
DALI.US,D,20220908,000000,24.7261,24.76,24.7261,24.7353,9430,0
DALI.US,D,20220909,000000,24.9693,25.2139,24.9409,25.21,1250,0
DALI.US,D,20220912,000000,25.4,25.67,25.38,25.6497,11654,0
DALI.US,D,20220913,000000,25.58,25.58,25.3767,25.49,10342,0
DALI.US,D,20220914,000000,25.44,25.53,25.38,25.38,4281,0
DALI.US,D,20220915,000000,25.18,25.19,24.95,25.13,19570,0
DALI.US,D,20220916,000000,24.9,24.947,24.83,24.88,2826,0
DALI.US,D,20220919,000000,24.995,25.08,24.98,25.08,454,0
DALI.US,D,20220920,000000,24.9811,25.0942,24.972,25.0942,14628,0
DALI.US,D,20220921,000000,24.93,25.02,24.93,24.9452,861,0
DALI.US,D,20220922,000000,25.0073,25.02,24.87,24.87,7744,0
DALI.US,D,20220923,000000,24.4,24.4,24.13,24.24,72120,0
DALI.US,D,20220926,000000,24.15,24.15,23.7396,23.7396,984,0
DALI.US,D,20220927,000000,24.01,24.017,23.76,23.7854,17339,0
DALI.US,D,20220928,000000,23.99,24.2477,23.99,24.2454,17817,0
DALI.US,D,20220929,000000,24.24,24.24,24.18,24.2288,23168,0
DALI.US,D,20220930,000000,24.21,24.2101,23.9291,24.05,2235,0
DALI.US,D,20221003,000000,24.21,24.28,24.09,24.27,21159,0
DALI.US,D,20221004,000000,24.66,25.02,24.66,25.02,58354,0
DALI.US,D,20221005,000000,24.85,25.15,24.84,25.15,49948,0
DALI.US,D,20221006,000000,25.02,25.19,25.01,25.12,76530,0
DALI.US,D,20221007,000000,25.226,25.3,25.226,25.255,9428,0
DALI.US,D,20221010,000000,25.38,25.5171,25.11,25.15,11321,0
DALI.US,D,20221011,000000,24.98,25.09,24.86,24.9328,6691,0
DALI.US,D,20221012,000000,24.9684,25.0367,24.965,25.015,880,0
DALI.US,D,20221013,000000,25.0454,25.3082,25.0454,25.23,9668,0
DALI.US,D,20221014,000000,24.9501,24.9592,24.86,24.94,4399,0
DALI.US,D,20221017,000000,25.01,25.01,24.82,24.83,2173,0
DALI.US,D,20221018,000000,24.89,24.89,24.56,24.66,25351,0
DALI.US,D,20221019,000000,24.49,24.71,24.47,24.58,107583,0
DALI.US,D,20221020,000000,24.89,24.89,24.63,24.655,8817,0
DALI.US,D,20221021,000000,24.63,24.8449,24.56,24.84,21748,0
DALI.US,D,20221024,000000,24.79,24.9,24.77,24.7956,6663,0
DALI.US,D,20221025,000000,24.91,24.93,24.8765,24.9099,1566,0
DALI.US,D,20221026,000000,25.06,25.24,25.02,25.24,18513,0
DALI.US,D,20221027,000000,25.115,25.16,25,25.01,4593,0
DALI.US,D,20221028,000000,24.83,24.86,24.72,24.8525,10040,0
DALI.US,D,20221031,000000,24.9496,24.96,24.9206,24.96,729,0
DALI.US,D,20221101,000000,25.035,25.13,25.035,25.12,2484,0
DALI.US,D,20221102,000000,25.2,25.35,25.2,25.31,2750,0
DALI.US,D,20221103,000000,25.06,25.32,25.06,25.19,15381,0
DALI.US,D,20221104,000000,25.7,25.92,25.69,25.9153,29441,0
DALI.US,D,20221107,000000,25.8378,25.88,25.8123,25.8123,14207,0
DALI.US,D,20221108,000000,25.8425,25.8425,25.63,25.67,21382,0
DALI.US,D,20221109,000000,25.52,25.55,25.3,25.36,23551,0
DALI.US,D,20221110,000000,25.495,25.521,25.4259,25.52,165662,0
DALI.US,D,20221111,000000,25.83,25.83,25.69,25.76,4953,0
DALI.US,D,20221114,000000,25.88,25.88,25.61,25.6324,9701,0
DALI.US,D,20221115,000000,25.75,25.91,25.62,25.91,87910,0
DALI.US,D,20221116,000000,25.64,25.66,25.52,25.66,3974,0
DALI.US,D,20221117,000000,25.42,25.42,25.24,25.27,3848,0
DALI.US,D,20221118,000000,25.07,25.2266,25.01,25.2141,75987,0
DALI.US,D,20221121,000000,25.06,25.19,24.79,25.18,12015,0
DALI.US,D,20221122,000000,25.34,25.46,25.31,25.3639,24627,0
DALI.US,D,20221123,000000,25.27,25.27,25.1999,25.27,6661,0
DALI.US,D,20221125,000000,25.34,25.34,25.0158,25.0158,2201,0
DALI.US,D,20221128,000000,24.715,24.955,24.715,24.93,9894,0
DALI.US,D,20221129,000000,25.11,25.12,25.04,25.09,9079,0
DALI.US,D,20221130,000000,25.54,25.59,25.36,25.59,11736,0
DALI.US,D,20221201,000000,25.66,25.66,25.26,25.26,1780,0
DALI.US,D,20221202,000000,25.1999,25.223,25.086,25.1058,4591,0
DALI.US,D,20221205,000000,25.1871,25.1871,24.58,24.58,9227,0
DALI.US,D,20221206,000000,24.61,24.71,24.33,24.4,7492,0
DALI.US,D,20221207,000000,24.525,24.5501,24.3575,24.4166,2445,0
DALI.US,D,20221208,000000,24.3701,24.45,24.33,24.4404,43153,0
DALI.US,D,20221209,000000,24.54,24.584,24.34,24.47,2052,0
DALI.US,D,20221212,000000,24.044,24.25,24.044,24.24,2241,0
DALI.US,D,20221213,000000,24.91,24.91,24.31,24.66,3937,0
DALI.US,D,20221214,000000,24.3405,24.46,24.27,24.35,3761,0
DALI.US,D,20221215,000000,24.2222,24.29,24.01,24.29,172808,0
DALI.US,D,20221216,000000,24.04,24.04,23.97,23.9758,41974,0
DALI.US,D,20221219,000000,24.03,24.12,23.85,23.85,11050,0
DALI.US,D,20221220,000000,24.2,24.61,24.2,24.61,13626,0
DALI.US,D,20221221,000000,24.46,24.46,24.35,24.38,4525,0
DALI.US,D,20221222,000000,24.3444,24.37,24.24,24.325,6077,0
DALI.US,D,20221223,000000,24.28,24.3499,24.21,24.21,7359,0
DALI.US,D,20221227,000000,24.2275,24.278,24.13,24.205,8730,0
DALI.US,D,20221228,000000,24.31,24.32,24.1,24.24,32187,0
DALI.US,D,20221229,000000,24.38,24.4914,24.33,24.42,22728,0
DALI.US,D,20221230,000000,24.34,24.34,24.15,24.28,4106,0
DALI.US,D,20230103,000000,24.16,24.16,23.88,23.98,1275,0
DALI.US,D,20230104,000000,23.885,24.1075,23.885,24.0747,17015,0
DALI.US,D,20230105,000000,23.94,24.04,23.88,23.9945,2759,0
DALI.US,D,20230106,000000,24.01,24.68,24.01,24.6144,25580,0
DALI.US,D,20230109,000000,24.8032,24.8032,24.57,24.57,10511,0
DALI.US,D,20230110,000000,24.5801,24.7299,24.5801,24.67,2211,0
DALI.US,D,20230111,000000,24.8099,24.85,24.75,24.8478,61946,0
DALI.US,D,20230112,000000,24.8817,25.2666,24.8817,25.09,168633,0
DALI.US,D,20230113,000000,25.1799,25.25,25.05,25.236,14383,0
DALI.US,D,20230117,000000,25.32,25.3362,25.23,25.329,3194,0
DALI.US,D,20230118,000000,25.3,25.3622,25.22,25.33,3445,0
DALI.US,D,20230119,000000,25.2399,25.39,25.19,25.39,3007,0
DALI.US,D,20230120,000000,25.29,25.59,25.29,25.5615,11397,0
DALI.US,D,20230123,000000,25.62,25.72,25.53,25.6363,4501,0
DALI.US,D,20230124,000000,25.37,25.748,25.37,25.66,8449,0
DALI.US,D,20230125,000000,25.53,25.7672,25.53,25.7672,1476,0
DALI.US,D,20230126,000000,25.8368,25.96,25.72,25.885,10206,0
DALI.US,D,20230127,000000,25.71,25.83,25.7,25.7,1660,0
DALI.US,D,20230130,000000,25.72,25.72,25.57,25.5803,14879,0
DALI.US,D,20230131,000000,25.54,25.74,25.54,25.717,2579,0
DALI.US,D,20230201,000000,25.6045,25.86,25.549,25.86,2009,0
DALI.US,D,20230202,000000,25.99,25.99,25.61,25.6812,24078,0
DALI.US,D,20230203,000000,25.46,25.48,25.2938,25.2974,15790,0
DALI.US,D,20230206,000000,25.04,25.2,25.0026,25.0941,2423,0
DALI.US,D,20230207,000000,24.932,25.205,24.89,25.2,9120,0
DALI.US,D,20230208,000000,25.22,25.2499,25.155,25.1713,2456,0
DALI.US,D,20230209,000000,25.22,25.2933,25.034,25.15,34714,0
DALI.US,D,20230210,000000,25.0051,25.16,24.992,25.09,7395,0
DALI.US,D,20230213,000000,25.04,25.2645,24.981,25.2645,758,0
DALI.US,D,20230214,000000,25.3,25.35,25.187,25.2922,4572,0
DALI.US,D,20230215,000000,25.28,25.39,25.1701,25.2917,1729,0
DALI.US,D,20230216,000000,25.05,25.28,25.05,25.16,4793,0
DALI.US,D,20230217,000000,25.2192,25.4,25.2001,25.4,14324,0
DALI.US,D,20230221,000000,25.21,25.225,25,25,8920,0
DALI.US,D,20230222,000000,24.9001,25.03,24.86,24.8932,6967,0
DALI.US,D,20230223,000000,25.0942,25.15,24.81,25.0644,104553,0
DALI.US,D,20230224,000000,24.62,24.79,24.54,24.6669,7726,0
DALI.US,D,20230227,000000,24.96,25,24.782,24.9435,13072,0
DALI.US,D,20230228,000000,24.845,24.85,24.62,24.62,1773,0
DALI.US,D,20230301,000000,25,25,24.91,25,89340,0
DALI.US,D,20230302,000000,24.93,24.9979,24.93,24.97,5287,0
DALI.US,D,20230303,000000,24.97,25.305,24.97,25.26,100612,0
DALI.US,D,20230306,000000,25.47,25.4743,25.29,25.42,13964,0
DALI.US,D,20230307,000000,25.1649,25.1649,24.93,24.93,14091,0
DALI.US,D,20230308,000000,25.05,25.38,25.05,25.235,40503,0
DALI.US,D,20230309,000000,25.1512,25.2934,24.86,24.86,17693,0
DALI.US,D,20230310,000000,24.6301,24.7943,24.62,24.62,5128,0
DALI.US,D,20230313,000000,24.4314,24.5586,24.33,24.33,6511,0
DALI.US,D,20230314,000000,24.4971,24.57,24.41,24.4508,13398,0
DALI.US,D,20230315,000000,24.78,24.78,23.76,23.8956,33842,0
DALI.US,D,20230316,000000,23.81,24.24,23.81,24.19,19365,0
DALI.US,D,20230317,000000,23.92,23.99,23.83,23.83,2869,0
DALI.US,D,20230320,000000,24.095,24.15,24.01,24.0746,2955,0
DALI.US,D,20230321,000000,24.1711,24.29,24.17,24.2714,3802,0
DALI.US,D,20230322,000000,24.4,24.52,24.2043,24.2043,3195,0
DALI.US,D,20230323,000000,24.5,24.5,24.2145,24.2145,25433,0
DALI.US,D,20230324,000000,24.12,24.14,23.91,23.98,32565,0
DALI.US,D,20230327,000000,24.17,24.38,24.05,24.38,27000,0
DALI.US,D,20230328,000000,24.2101,24.33,24.2101,24.33,346,0
DALI.US,D,20230329,000000,24.53,24.5999,24.42,24.56,38534,0
DALI.US,D,20230330,000000,24.8673,24.95,24.8166,24.8786,3760,0
DALI.US,D,20230331,000000,24.81,24.9592,24.81,24.87,3758,0
DALI.US,D,20230403,000000,24.8962,25.0351,24.87,24.94,27974,0
DALI.US,D,20230404,000000,24.89,25.16,24.89,25.12,23519,0
DALI.US,D,20230405,000000,24.79,24.89,24.72,24.8458,9281,0
DALI.US,D,20230406,000000,24.74,24.97,24.74,24.94,21139,0
DALI.US,D,20230410,000000,24.8348,25,24.81,25,11009,0
DALI.US,D,20230411,000000,25.2706,25.41,25.2528,25.3096,6813,0
DALI.US,D,20230412,000000,25.57,25.58,25.41,25.57,8060,0
DALI.US,D,20230413,000000,25.7325,25.819,25.62,25.7374,14851,0
DALI.US,D,20230414,000000,25.6121,25.66,25.56,25.56,16749,0
DALI.US,D,20230417,000000,25.54,25.65,25.54,25.6262,6345,0
DALI.US,D,20230418,000000,25.7262,25.9,25.61,25.82,30213,0
DALI.US,D,20230419,000000,25.5178,25.83,25.5178,25.62,33034,0
DALI.US,D,20230420,000000,25.679,25.68,25.5641,25.67,1645,0
DALI.US,D,20230421,000000,25.52,25.57,25.4887,25.491,2308,0
DALI.US,D,20230424,000000,25.62,25.69,25.62,25.69,2555,0
DALI.US,D,20230425,000000,25.389,25.39,25.24,25.315,12211,0
DALI.US,D,20230426,000000,25.2095,25.48,25.2095,25.355,7367,0
DALI.US,D,20230427,000000,25.4737,25.4956,25.4444,25.4956,722,0
DALI.US,D,20230428,000000,25.63,25.66,25.55,25.6,109864,0
DALI.US,D,20230501,000000,25.5,25.72,25.49,25.7,5064,0
DALI.US,D,20230502,000000,25.51,25.51,25.21,25.3188,1686,0
DALI.US,D,20230503,000000,25.4699,25.47,25.4699,25.47,352,0
DALI.US,D,20230504,000000,25.41,25.48,25.21,25.35,32169,0
DALI.US,D,20230505,000000,25.56,25.79,25.4,25.79,4809,0
DALI.US,D,20230508,000000,25.755,25.86,25.745,25.745,6496,0
DALI.US,D,20230509,000000,25.79,25.9,25.571,25.7363,18305,0
DALI.US,D,20230510,000000,26.07,26.07,25.68,25.8,30554,0
DALI.US,D,20230511,000000,25.515,25.73,25.27,25.5846,37802,0
DALI.US,D,20230512,000000,25.71,25.71,25.42,25.5133,7249,0
DALI.US,D,20230515,000000,25.52,25.78,25.51,25.6712,5872,0
DALI.US,D,20230516,000000,25.3801,25.57,25.3801,25.56,2958,0
DALI.US,D,20230517,000000,25.44,25.61,25.364,25.61,12442,0
DALI.US,D,20230518,000000,25.1701,25.5,25.14,25.48,7401,0
DALI.US,D,20230519,000000,25.59,25.59,25.28,25.29,10122,0
DALI.US,D,20230522,000000,25.5,25.58,25.4993,25.58,3650,0
DALI.US,D,20230523,000000,25.32,25.43,25.23,25.2553,4531,0
DALI.US,D,20230524,000000,25.15,25.15,24.91,24.94,35334,0
DALI.US,D,20230525,000000,24.9509,25.02,24.94,24.94,584,0
DALI.US,D,20230526,000000,25.2899,25.2899,25.03,25.1901,8423,0
DALI.US,D,20230530,000000,25.24,25.24,24.9,25.21,10734,0
DALI.US,D,20230531,000000,24.81,24.81,24.5901,24.71,4989,0
DALI.US,D,20230601,000000,24.93,25.0299,24.88,24.98,5205,0
DALI.US,D,20230602,000000,25.42,25.61,25.34,25.525,8618,0
DALI.US,D,20230605,000000,25.525,25.6,25.52,25.6,5741,0
DALI.US,D,20230606,000000,25.55,25.74,25.43,25.7388,3324,0
DALI.US,D,20230607,000000,25.48,25.829,25.48,25.49,1359,0
DALI.US,D,20230608,000000,25.51,25.83,25.49,25.83,2241,0
DALI.US,D,20230609,000000,25.8836,26.03,25.79,25.915,5485,0
DALI.US,D,20230612,000000,25.84,26.0399,25.69,26.01,11841,0
DALI.US,D,20230613,000000,26.12,26.24,25.98,26.24,12311,0
DALI.US,D,20230614,000000,26.295,26.4798,26.17,26.41,4925,0
DALI.US,D,20230615,000000,26.265,26.67,26.265,26.5359,2773,0
DALI.US,D,20230616,000000,26.47,26.6697,26.35,26.58,10661,0
DALI.US,D,20230620,000000,26.1799,26.29,25.91,26.29,9860,0
DALI.US,D,20230621,000000,26.1115,26.26,25.99,26.2141,9295,0
DALI.US,D,20230622,000000,26.19,26.19,25.921,25.98,7285,0
DALI.US,D,20230623,000000,25.52,25.8,25.52,25.59,5267,0
DALI.US,D,20230626,000000,25.765,25.89,25.66,25.87,4611,0
DALI.US,D,20230627,000000,25.28,25.63,25.271,25.63,18167,0
DALI.US,D,20230628,000000,24.98,25.59,24.98,25.39,4808,0
DALI.US,D,20230629,000000,25.52,25.55,25.34,25.55,3701,0
DALI.US,D,20230630,000000,26.16,26.16,25.55,25.86,31628,0
DALI.US,D,20230703,000000,25.34,26.06,25.34,25.85,3788,0
DALI.US,D,20230705,000000,25.8516,25.9399,25.73,25.83,2681,0
DALI.US,D,20230706,000000,25.6199,25.63,25.3988,25.4394,4697,0
DALI.US,D,20230707,000000,25.58,25.9,25.58,25.747,16840,0
DALI.US,D,20230710,000000,25.82,25.85,25.641,25.85,4172,0
DALI.US,D,20230711,000000,25.87,25.995,25.74,25.89,44876,0
DALI.US,D,20230712,000000,26.33,26.5,26.1901,26.48,55390,0
DALI.US,D,20230713,000000,26.59,26.78,26.57,26.57,8245,0
DALI.US,D,20230714,000000,26.4724,26.69,26.4724,26.5734,16233,0
DALI.US,D,20230717,000000,26.7,26.7,26.4501,26.7,4925,0
DALI.US,D,20230718,000000,26.82,26.84,26.66,26.67,5867,0
DALI.US,D,20230719,000000,26.75,26.97,26.72,26.8,8744,0
DALI.US,D,20230720,000000,26.8,26.8,26.56,26.6783,5191,0
DALI.US,D,20230721,000000,26.81,26.81,26.5801,26.6644,17433,0
DALI.US,D,20230724,000000,26.74,26.89,26.65,26.74,10791,0
DALI.US,D,20230725,000000,26.945,27.1,26.945,27.06,17968,0
DALI.US,D,20230726,000000,27.03,27.22,26.8501,27.22,27165,0
DALI.US,D,20230727,000000,27.115,27.17,26.83,26.8929,10269,0
DALI.US,D,20230728,000000,27.04,27.27,27.03,27.06,11664,0
DALI.US,D,20230731,000000,27.1695,27.31,27.091,27.3,7774,0
DALI.US,D,20230801,000000,27.14,27.14,26.77,26.81,5808,0
DALI.US,D,20230802,000000,26.41,26.47,26.29,26.29,4581,0
DALI.US,D,20230803,000000,26.33,26.42,26.23,26.42,7262,0
DALI.US,D,20230804,000000,26.5,26.74,26.4487,26.4487,5902,0
DALI.US,D,20230807,000000,26.3601,26.59,26.3601,26.59,965,0
DALI.US,D,20230808,000000,26.3899,26.3899,26.18,26.3195,1313,0
DALI.US,D,20230809,000000,26.58,26.58,26.26,26.43,2731,0
DALI.US,D,20230810,000000,26.66,26.69,26.43,26.45,10297,0
DALI.US,D,20230811,000000,26.255,26.42,26.16,26.24,2434,0
DALI.US,D,20230814,000000,26.06,26.37,26.06,26.33,14155,0
DALI.US,D,20230815,000000,26.139,26.139,25.965,25.965,4208,0
DALI.US,D,20230816,000000,25.985,25.985,25.6946,25.6946,7731,0
DALI.US,D,20230817,000000,25.69,25.7041,25.37,25.379,11724,0
DALI.US,D,20230818,000000,25.23,25.53,25.23,25.4637,12028,0
DALI.US,D,20230821,000000,25.6167,25.64,25.5878,25.5878,6606,0
DALI.US,D,20230822,000000,25.57,25.61,25.48,25.48,2547,0
DALI.US,D,20230823,000000,25.57,25.84,25.57,25.7886,2689,0
DALI.US,D,20230824,000000,25.75,25.7501,25.41,25.41,3860,0
DALI.US,D,20230825,000000,25.31,25.5478,25.31,25.5478,2751,0
DALI.US,D,20230828,000000,25.73,25.96,25.65,25.78,52651,0
DALI.US,D,20230829,000000,25.65,26.16,25.65,26.13,2720,0
DALI.US,D,20230830,000000,26.1899,26.36,26.1899,26.27,15175,0
DALI.US,D,20230831,000000,26.45,26.45,26.3,26.3,5185,0
DALI.US,D,20230901,000000,26.4344,26.52,26.4344,26.49,10100,0
DALI.US,D,20230905,000000,26.32,26.32,26.15,26.15,5757,0
DALI.US,D,20230906,000000,26.09,26.1585,26.02,26.05,6704,0
DALI.US,D,20230907,000000,25.8734,25.91,25.83,25.84,5190,0
DALI.US,D,20230908,000000,25.95,25.96,25.78,25.8172,7400,0
DALI.US,D,20230911,000000,26.0455,26.0455,25.91,25.97,3367,0
DALI.US,D,20230912,000000,25.938,25.938,25.77,25.8,1699,0
DALI.US,D,20230913,000000,25.69,25.78,25.6527,25.6527,3048,0
DALI.US,D,20230914,000000,25.8967,25.9136,25.7701,25.89,13223,0
DALI.US,D,20230915,000000,25.6998,25.7,25.42,25.46,58429,0
DALI.US,D,20230918,000000,25.5399,25.54,25.4662,25.4662,1407,0
DALI.US,D,20230919,000000,25.3,25.36,25.23,25.36,5151,0
DALI.US,D,20230920,000000,25.46,25.46,25.0848,25.0848,585,0
DALI.US,D,20230921,000000,24.7899,24.79,24.55,24.55,7241,0
DALI.US,D,20230922,000000,24.76,24.79,24.56,24.56,11170,0
DALI.US,D,20230925,000000,24.41,24.6997,24.4,24.65,8508,0
DALI.US,D,20230926,000000,24.51,24.51,24.29,24.31,3887,0
DALI.US,D,20230927,000000,24.49,24.58,24.37,24.55,5070,0
DALI.US,D,20230928,000000,24.62,24.97,24.62,24.83,4408,0
DALI.US,D,20230929,000000,24.96,24.9601,24.74,24.78,11056,0
DALI.US,D,20231002,000000,24.77,24.7721,24.6401,24.6691,2580,0
DALI.US,D,20231003,000000,24.6507,24.6507,24.2,24.2,1440,0
DALI.US,D,20231004,000000,24.22,24.4,24.1499,24.3907,4640,0
DALI.US,D,20231005,000000,24.2499,24.3298,24.13,24.29,2987,0
DALI.US,D,20231006,000000,24.22,24.73,24.21,24.66,259356,0
DALI.US,D,20231009,000000,24.49,24.83,24.45,24.83,3460,0
DALI.US,D,20231010,000000,25.12,25.145,25.03,25.03,1044,0
DALI.US,D,20231011,000000,25.06,25.17,24.93,25.17,8915,0
DALI.US,D,20231012,000000,25.03,25.14,24.66,24.81,15399,0
DALI.US,D,20231013,000000,24.52,24.5501,24.4,24.47,14130,0
DALI.US,D,20231016,000000,24.84,24.89,24.82,24.86,6084,0
DALI.US,D,20231017,000000,24.7627,25.0396,24.7627,24.98,9126,0
DALI.US,D,20231018,000000,24.62,24.668,24.4534,24.4534,4570,0
DALI.US,D,20231019,000000,24.46,24.46,24.16,24.16,3438,0
DALI.US,D,20231020,000000,24.11,24.11,23.79,23.8145,1828,0
DALI.US,D,20231023,000000,23.57,23.92,23.57,23.68,3585,0
DALI.US,D,20231024,000000,23.8535,23.96,23.83,23.96,5830,0
DALI.US,D,20231025,000000,23.58,23.58,23.27,23.29,12585,0
DALI.US,D,20231026,000000,23.205,23.32,23.1006,23.17,8022,0
DALI.US,D,20231027,000000,23.2499,23.352,23.045,23.08,6981,0
DALI.US,D,20231030,000000,23,23,22.8,22.8,5894,0
DALI.US,D,20231031,000000,22.92,22.95,22.7501,22.835,8110,0
DALI.US,D,20231101,000000,22.87,22.92,22.69,22.7549,21630,0
DALI.US,D,20231102,000000,22.85,22.98,22.82,22.95,5954,0
DALI.US,D,20231103,000000,22.93,23.0682,22.91,22.91,48877,0
DALI.US,D,20231106,000000,22.96,23.11,22.96,23.02,29853,0
DALI.US,D,20231107,000000,22.71,22.71,22.54,22.55,5225,0
DALI.US,D,20231108,000000,22.5389,22.5389,22.3464,22.43,17597,0
DALI.US,D,20231109,000000,22.34,22.49,22.31,22.33,27690,0
DALI.US,D,20231110,000000,22.36,22.4,22.31,22.31,13056,0
DALI.US,D,20231113,000000,22.43,22.6601,22.43,22.65,12705,0
DALI.US,D,20231114,000000,22.78,22.79,22.68,22.68,5655,0
DALI.US,D,20231115,000000,22.72,22.77,22.68,22.76,21862,0
DALI.US,D,20231116,000000,22.54,22.54,22.34,22.34,9590,0
DALI.US,D,20231117,000000,22.36,22.4399,22.34,22.41,17686,0
DALI.US,D,20231120,000000,22.55,22.625,22.545,22.62,34112,0
DALI.US,D,20231121,000000,22.76,22.79,22.6762,22.79,3689,0
DALI.US,D,20231122,000000,22.43,22.56,22.415,22.5451,11137,0
DALI.US,D,20231124,000000,22.48,22.48,22.36,22.36,13515,0
DALI.US,D,20231127,000000,22.31,22.3601,22.25,22.3,9369,0
DALI.US,D,20231128,000000,22.39,22.5701,22.36,22.53,10460,0
DALI.US,D,20231129,000000,22.56,22.56,22.56,22.56,204,0
DALI.US,D,20231130,000000,22.551,22.56,22.42,22.48,45179,0
DALI.US,D,20231201,000000,22.3799,22.53,22.25,22.25,13530,0
DALI.US,D,20231204,000000,22.1722,22.1722,22.07,22.14,17383,0
DALI.US,D,20231205,000000,22.02,22.03,21.95,21.95,10360,0
DALI.US,D,20231206,000000,21.88,21.88,21.5,21.5,7686,0
DALI.US,D,20231207,000000,21.5901,21.67,21.5747,21.67,11427,0
DALI.US,D,20231208,000000,21.72,21.75,21.61,21.65,25704,0
DALI.US,D,20231211,000000,21.57,21.6473,21.566,21.6473,6551,0
DALI.US,D,20231212,000000,21.56,21.56,21.372,21.38,17237,0
DALI.US,D,20231213,000000,21.37,21.53,21.35,21.53,42431,0
DALI.US,D,20231214,000000,21.77,21.87,21.73,21.87,433411,0
DALI.US,D,20231215,000000,21.89,21.93,21.83,21.92,37473,0
DALI.US,D,20231218,000000,22.1274,22.1274,21.9759,22.02,8730,0
DALI.US,D,20231219,000000,22.02,22.17,21.77,22.17,211183,0
DALI.US,D,20231220,000000,22.16,22.1699,21.88,21.89,20388,0
DALI.US,D,20231221,000000,21.95,21.99,21.87,21.99,10209,0
DALI.US,D,20231222,000000,21.9,21.9,21.75,21.75,5802,0
DALI.US,D,20231226,000000,21.83,21.9,21.83,21.86,4149,0
DALI.US,D,20231227,000000,21.9869,22,21.87,21.87,183059,0
DALI.US,D,20231228,000000,21.83,21.9699,21.78,21.78,13445,0
DALI.US,D,20231229,000000,21.76,21.76,21.56,21.56,19762,0
DALI.US,D,20240102,000000,21.75,21.75,21.45,21.52,75521,0
DALI.US,D,20240103,000000,21.52,21.64,21.51,21.64,21889,0
DALI.US,D,20240104,000000,21.51,21.6,21.46,21.595,6181,0
DALI.US,D,20240105,000000,21.6,21.6,21.51,21.54,6338,0
DALI.US,D,20240108,000000,21.3,21.44,21.18,21.41,5135,0
DALI.US,D,20240109,000000,21.56,21.65,21.48,21.6,5381,0
DALI.US,D,20240110,000000,21.43,21.44,21.41,21.4152,1842,0
DALI.US,D,20240111,000000,21.62,21.641,21.54,21.62,16681,0
DALI.US,D,20240112,000000,21.81,21.84,21.4899,21.59,24309,0
DALI.US,D,20240116,000000,21.3796,21.46,21.31,21.4571,3368,0
DALI.US,D,20240117,000000,21.195,21.3244,21.19,21.3244,6469,0
DALI.US,D,20240118,000000,21.51,21.64,21.401,21.64,20506,0
DALI.US,D,20240119,000000,21.69,22.01,21.66,22.01,167364,0
DALI.US,D,20240122,000000,22.23,22.27,22.1141,22.24,25406,0
DALI.US,D,20240123,000000,22.2,22.23,22.1,22.22,23545,0
DALI.US,D,20240124,000000,22.37,22.38,22.16,22.16,15038,0
DALI.US,D,20240125,000000,22.3499,22.38,22.2299,22.34,29023,0
DALI.US,D,20240126,000000,22.28,22.3046,22.16,22.17,9092,0
DALI.US,D,20240129,000000,22.23,22.4843,22.1903,22.4843,13109,0
DALI.US,D,20240130,000000,22.42,22.42,22.3,22.32,9879,0
DALI.US,D,20240131,000000,22.129,22.18,21.9,21.9,11587,0
DALI.US,D,20240201,000000,22.05,22.26,21.94,22.26,8174,0
DALI.US,D,20240202,000000,22.23,22.47,22.23,22.47,525,0
DALI.US,D,20240205,000000,22.29,22.372,22.17,22.3266,23901,0
DALI.US,D,20240206,000000,22.32,22.4,22.24,22.4,52841,0
DALI.US,D,20240207,000000,22.39,22.58,22.36,22.55,89992,0
DALI.US,D,20240208,000000,22.59,22.79,22.58,22.79,12491,0
DALI.US,D,20240209,000000,22.86,23.04,22.86,23.0263,19030,0
DALI.US,D,20240212,000000,22.98,23.27,22.98,23.11,13518,0
DALI.US,D,20240213,000000,22.56,22.655,22.42,22.55,6773,0
DALI.US,D,20240214,000000,22.79,23.04,22.75,23.04,28477,0
DALI.US,D,20240215,000000,23.126,23.23,23.07,23.2,5991,0
DALI.US,D,20240216,000000,22.97,23.152,22.92,22.92,10009,0
DALI.US,D,20240220,000000,22.6079,22.71,22.6079,22.71,2436,0
DALI.US,D,20240221,000000,22.5,22.59,22.44,22.59,8922,0
DALI.US,D,20240222,000000,22.96,23.17,22.96,23.1323,18926,0
DALI.US,D,20240223,000000,23.2519,23.2519,23.05,23.1608,67146,0
DALI.US,D,20240226,000000,23.16,23.2702,23.16,23.2209,14808,0
DALI.US,D,20240227,000000,23.31,23.38,23.28,23.34,20624,0
DALI.US,D,20240228,000000,23.2,23.3,23.2,23.26,4705,0
DALI.US,D,20240229,000000,23.4,23.4612,23.34,23.4612,37020,0
DALI.US,D,20240301,000000,23.51,23.82,23.46,23.77,19379,0
DALI.US,D,20240304,000000,23.89,23.9101,23.78,23.85,15561,0
DALI.US,D,20240305,000000,23.48,23.55,23.35,23.44,41363,0
DALI.US,D,20240306,000000,23.66,23.79,23.55,23.6353,16187,0
DALI.US,D,20240307,000000,23.82,23.985,23.82,23.98,23059,0
DALI.US,D,20240308,000000,24.05,24.05,23.6439,23.6943,9457,0
DALI.US,D,20240311,000000,23.51,23.5391,23.42,23.5,37167,0
DALI.US,D,20240312,000000,23.56,23.7331,23.49,23.7331,29996,0
DALI.US,D,20240313,000000,23.69,23.74,23.62,23.6363,9089,0
DALI.US,D,20240314,000000,23.69,23.69,23.37,23.3996,10548,0
DALI.US,D,20240315,000000,23.34,23.38,23.23,23.2541,38861,0
DALI.US,D,20240318,000000,23.44,23.4412,23.33,23.3305,17205,0
DALI.US,D,20240319,000000,23.1765,23.4,23.13,23.4,22716,0
DALI.US,D,20240320,000000,23.49,23.81,23.42,23.7763,4904,0
DALI.US,D,20240321,000000,23.98,24.1498,23.98,24.06,17940,0
DALI.US,D,20240322,000000,23.9199,23.965,23.89,23.9218,68313,0
DALI.US,D,20240325,000000,23.89,23.9029,23.8268,23.8268,11205,0
DALI.US,D,20240326,000000,23.96,23.96,23.82,23.85,19258,0
DALI.US,D,20240327,000000,23.985,24.0505,23.9099,24.0505,2549,0
DALI.US,D,20240328,000000,24.15,24.1601,24.0616,24.12,7582,0
DALI.US,D,20240401,000000,24.17,24.1701,24.01,24.01,7512,0
DALI.US,D,20240402,000000,23.8,23.8,23.5801,23.7,17378,0
DALI.US,D,20240403,000000,23.5,23.87,23.5,23.79,35073,0
DALI.US,D,20240404,000000,24.01,24.02,23.39,23.43,23779,0
DALI.US,D,20240405,000000,23.519,23.73,23.51,23.68,38028,0
DALI.US,D,20240408,000000,23.75,23.82,23.72,23.77,6217,0
DALI.US,D,20240409,000000,23.85,23.85,23.5795,23.7993,3442,0
DALI.US,D,20240410,000000,23.34,23.4601,23.34,23.4,9717,0
DALI.US,D,20240411,000000,23.5,23.69,23.37,23.69,69460,0
DALI.US,D,20240412,000000,23.39,23.45,23.09,23.14,16464,0
DALI.US,D,20240415,000000,23.37,23.37,22.73,22.786,64735,0
DALI.US,D,20240416,000000,22.63,22.86,22.63,22.77,9960,0
DALI.US,D,20240417,000000,22.85,22.86,22.5,22.5332,8239,0
DALI.US,D,20240418,000000,22.47,22.64,22.36,22.3959,15181,0
DALI.US,D,20240419,000000,22.34,22.34,22.03,22.1,12297,0
DALI.US,D,20240422,000000,22.265,22.48,22.1404,22.3479,13642,0
DALI.US,D,20240423,000000,22.73,22.8228,22.728,22.7731,6858,0
DALI.US,D,20240424,000000,23.016,23.016,22.682,22.83,14438,0
DALI.US,D,20240425,000000,22.59,22.75,22.551,22.75,46229,0
DALI.US,D,20240426,000000,22.78,23.09,22.78,23.03,33144,0
DALI.US,D,20240429,000000,23.2016,23.2016,23.05,23.19,29695,0
DALI.US,D,20240430,000000,23.05,23.1001,22.7,22.7,66583,0
DALI.US,D,20240501,000000,22.6746,22.99,22.5361,22.6134,12969,0
DALI.US,D,20240502,000000,22.705,22.9,22.705,22.9,9395,0
DALI.US,D,20240503,000000,23.29,23.29,23.11,23.21,14783,0
DALI.US,D,20240506,000000,23.4051,23.5009,23.4051,23.5009,5916,0
DALI.US,D,20240507,000000,23.47,23.5942,23.44,23.44,16785,0
DALI.US,D,20240508,000000,23.355,23.4262,23.33,23.4262,22995,0
DALI.US,D,20240509,000000,23.4,23.5346,23.33,23.5187,20259,0
DALI.US,D,20240510,000000,23.55,23.56,23.5,23.54,10370,0
DALI.US,D,20240513,000000,23.7,23.7181,23.59,23.62,44675,0
DALI.US,D,20240514,000000,23.73,23.771,23.66,23.771,19839,0
DALI.US,D,20240515,000000,23.98,24.12,23.98,24.12,7604,0
DALI.US,D,20240516,000000,24.021,24.0799,23.9749,23.9749,5749,0
DALI.US,D,20240517,000000,24.01,24.01,23.84,23.9234,3842,0
DALI.US,D,20240520,000000,24.1159,24.14,24.05,24.0969,10442,0
DALI.US,D,20240521,000000,23.99,24.05,23.95,24.05,14531,0
DALI.US,D,20240522,000000,24.01,24.075,23.93,23.9748,17460,0
DALI.US,D,20240523,000000,23.89,23.91,23.59,23.7221,33771,0
DALI.US,D,20240524,000000,23.99,23.9958,23.9608,23.9608,1415,0
DALI.US,D,20240528,000000,23.98,23.98,23.84,23.94,2420,0
DALI.US,D,20240529,000000,23.66,23.68,23.61,23.62,2363,0
DALI.US,D,20240530,000000,23.55,23.6,23.49,23.5602,16471,0
DALI.US,D,20240531,000000,23.57,23.57,23.2,23.55,11898,0
DALI.US,D,20240603,000000,23.73,23.73,23.43,23.57,24075,0
DALI.US,D,20240604,000000,23.53,23.53,23.3,23.39,27167,0
DALI.US,D,20240605,000000,23.76,23.87,23.49,23.87,15108,0
DALI.US,D,20240606,000000,23.78,23.7834,23.7,23.7172,7714,0
DALI.US,D,20240607,000000,23.5415,23.67,23.49,23.57,29115,0
DALI.US,D,20240610,000000,23.73,23.7813,23.69,23.7813,33877,0
DALI.US,D,20240611,000000,23.62,23.7456,23.62,23.7456,23829,0
DALI.US,D,20240612,000000,24.22,24.22,24.09,24.17,2538,0
DALI.US,D,20240613,000000,24.02,24.06,23.9599,24.03,38377,0
DALI.US,D,20240614,000000,23.7505,23.85,23.75,23.85,387,0
DALI.US,D,20240617,000000,23.8,24.1313,23.7704,24.1313,8328,0
DALI.US,D,20240618,000000,24.12,24.23,24.12,24.2231,5418,0
DALI.US,D,20240620,000000,24.16,24.18,23.93,24.0173,10992,0
DALI.US,D,20240621,000000,23.86,24.0465,23.86,24.0465,8240,0
DALI.US,D,20240624,000000,23.98,24.085,23.89,23.908,4083,0
DALI.US,D,20240625,000000,23.89,23.97,23.82,23.97,2125,0
DALI.US,D,20240626,000000,23.89,23.9268,23.85,23.9268,2627,0
DALI.US,D,20240627,000000,23.95,24.0069,23.91,24.0069,101583,0
DALI.US,D,20240628,000000,24.25,24.25,24.06,24.12,2442,0
DALI.US,D,20240701,000000,24.06,24.06,23.93,24.03,3922,0
DALI.US,D,20240702,000000,23.96,24.1097,23.96,24.1097,1116,0
DALI.US,D,20240703,000000,24.27,24.27,24.17,24.23,2360,0
DALI.US,D,20240705,000000,24.26,24.26,24.26,24.26,118,0
DALI.US,D,20240708,000000,24.47,24.47,24.33,24.4104,20802,0
DALI.US,D,20240709,000000,24.29,24.36,24.28,24.3193,17480,0
DALI.US,D,20240710,000000,24.38,24.5,24.36,24.49,4770,0
DALI.US,D,20240711,000000,24.729,24.7349,24.52,24.56,5088,0
DALI.US,D,20240712,000000,24.91,24.9101,24.7609,24.7609,2676,0
DALI.US,D,20240715,000000,24.85,24.95,24.83,24.8808,4522,0
DALI.US,D,20240716,000000,25.09,25.36,25.08,25.36,12551,0
DALI.US,D,20240717,000000,25.03,25.03,24.54,24.54,2557,0
DALI.US,D,20240718,000000,24.6791,24.6791,24.24,24.356,3209,0
DALI.US,D,20240719,000000,24.16,24.16,24.11,24.1181,1804,0
DALI.US,D,20240722,000000,24.34,24.61,24.34,24.61,2793,0
DALI.US,D,20240723,000000,24.61,24.61,24.54,24.54,426,0
DALI.US,D,20240724,000000,24.13,24.13,23.8,23.8,10695,0
DALI.US,D,20240725,000000,23.74,23.94,23.68,23.68,3695,0
DALI.US,D,20240726,000000,24.01,24.16,23.96,24.1,5783,0
DALI.US,D,20240729,000000,24.29,24.29,24.055,24.08,2249,0
DALI.US,D,20240730,000000,23.87,23.92,23.83,23.8683,19529,0
DALI.US,D,20240731,000000,24.2373,24.47,24.2373,24.38,3639,0
DALI.US,D,20240801,000000,24.395,24.395,23.56,23.61,3349,0
DALI.US,D,20240802,000000,22.736,22.8167,22.7,22.75,1186,0
DALI.US,D,20240805,000000,21.7176,22.395,21.7176,22.27,3575,0
DALI.US,D,20240806,000000,22.6,22.93,22.55,22.5516,61213,0
DALI.US,D,20240807,000000,22.4258,22.4258,22.22,22.22,1477,0
DALI.US,D,20240808,000000,22.78,23.04,22.78,23.04,42051,0
DALI.US,D,20240809,000000,22.9,23.065,22.9,23.03,6546,0
DALI.US,D,20240812,000000,23.076,23.076,22.92,22.9716,17813,0
DALI.US,D,20240813,000000,23.22,23.45,23.22,23.45,752,0
DALI.US,D,20240814,000000,23.4499,23.49,23.37,23.49,3514,0
DALI.US,D,20240815,000000,23.91,24.11,23.91,24.11,63904,0
DALI.US,D,20240816,000000,24.02,24.1061,24.02,24.05,3238,0
DALI.US,D,20240819,000000,24.06,24.3223,24.06,24.3223,2784,0
DALI.US,D,20240820,000000,24.26,24.26,24.11,24.1945,1147,0
DALI.US,D,20240821,000000,24.23,24.481,24.23,24.481,5821,0
DALI.US,D,20240822,000000,24.5,24.5,24.13,24.1551,2480,0
DALI.US,D,20240823,000000,24.4,24.7,24.4,24.7,4673,0
DALI.US,D,20240826,000000,24.64,24.64,24.45,24.4556,957,0
DALI.US,D,20240827,000000,24.44,24.5003,24.44,24.4918,13262,0
DALI.US,D,20240828,000000,24.4,24.4,24.13,24.23,5061,0
DALI.US,D,20240829,000000,24.56,24.58,24.37,24.38,1459,0
DALI.US,D,20240830,000000,24.4,24.632,24.4,24.632,5630,0
DALI.US,D,20240903,000000,24.37,24.37,23.66,23.74,3956,0
DALI.US,D,20240904,000000,23.69,23.8,23.62,23.7156,3904,0
DALI.US,D,20240905,000000,23.53,23.6,23.53,23.5811,2288,0
DALI.US,D,20240906,000000,23.12,23.12,23.09,23.1087,1115,0
DALI.US,D,20240909,000000,23.4467,23.4467,23.26,23.4,2846,0
DALI.US,D,20240910,000000,23.26,23.4068,23.26,23.4068,394,0
DALI.US,D,20240911,000000,23.34,23.79,23.03,23.76,7612,0
DALI.US,D,20240912,000000,23.88,24.0335,23.87,23.97,3373,0
DALI.US,D,20240913,000000,24.2308,24.35,24.22,24.35,1953,0
DALI.US,D,20240916,000000,24.2775,24.37,24.22,24.3691,7706,0
DALI.US,D,20240917,000000,24.48,24.48,24.41,24.4449,2528,0
DALI.US,D,20240918,000000,24.46,24.51,24.38,24.3939,4138,0
DALI.US,D,20240919,000000,24.94,25.06,24.94,25.01,29726,0
DALI.US,D,20240920,000000,24.8,24.8622,24.8,24.8622,4850,0
DALI.US,D,20240923,000000,24.9303,24.9491,24.9303,24.9491,615,0
DALI.US,D,20240924,000000,25.09,25.09,25.03,25.0604,3227,0
DALI.US,D,20240925,000000,24.985,24.985,24.985,24.985,77,0
DALI.US,D,20240926,000000,25.3692,25.42,25.11,25.29,12255,0
DALI.US,D,20240927,000000,25.3,25.3,25.18,25.18,759,0
DALI.US,D,20240930,000000,25.13,25.21,25.13,25.21,3535,0
DALI.US,D,20241001,000000,24.8599,24.9001,24.83,24.89,1319,0
DALI.US,D,20241002,000000,24.755,24.98,24.755,24.95,2754,0
DALI.US,D,20241003,000000,24.94,24.94,24.79,24.79,3966,0
DALI.US,D,20241004,000000,25.032,25.2,25,25.2,4128,0
DALI.US,D,20241007,000000,25.04,25.05,24.9599,24.9599,1253,0
DALI.US,D,20241008,000000,25.135,25.15,25.13,25.13,831,0
DALI.US,D,20241009,000000,25.125,25.34,25.125,25.33,12910,0
DALI.US,D,20241010,000000,25.29,25.32,25.175,25.32,5613,0
DALI.US,D,20241011,000000,25.61,25.61,25.58,25.58,1818,0
DALI.US,D,20241014,000000,25.86,25.86,25.8338,25.8338,1734,0
DALI.US,D,20241015,000000,25.48,25.48,25.48,25.48,342,0
DALI.US,D,20241016,000000,25.61,25.72,25.6,25.72,3940,0
DALI.US,D,20241017,000000,25.71,25.765,25.652,25.652,1751,0
DALI.US,D,20241018,000000,25.73,25.76,25.7,25.76,7752,0
DALI.US,D,20241021,000000,25.67,25.67,25.51,25.62,2113,0
DALI.US,D,20241022,000000,25.38,25.49,25.38,25.4603,2708,0
DALI.US,D,20241023,000000,25.44,25.44,25.1,25.19,5678,0
DALI.US,D,20241024,000000,25.2741,25.305,25.2741,25.305,1140,0
DALI.US,D,20241025,000000,25.38,25.5601,25.29,25.29,1183,0
DALI.US,D,20241028,000000,25.53,25.55,25.5,25.5,1403,0
DALI.US,D,20241029,000000,25.34,25.65,25.34,25.65,773,0
DALI.US,D,20241030,000000,25.69,25.69,25.44,25.44,11969,0
DALI.US,D,20241031,000000,25.17,25.21,25.05,25.05,10939,0
DALI.US,D,20241101,000000,25.15,25.15,25.15,25.15,1008,0
DALI.US,D,20241104,000000,25.2356,25.2356,25.16,25.16,3192,0
