<TICKER>,<PER>,<DATE>,<TIME>,<OPEN>,<HIGH>,<LOW>,<CLOSE>,<VOL>,<OPENINT>
DAPP.US,D,20210415,000000,30.805,31.115,28.795,29.741,363720,0
DAPP.US,D,20210416,000000,28.986,29.14,28.067,28.904,138045,0
DAPP.US,D,20210419,000000,27.521,27.809,25.947,26.866,238344,0
DAPP.US,D,20210420,000000,26.657,26.657,25.18,26.238,93468,0
DAPP.US,D,20210421,000000,25.838,27.548,25.329,27.266,162343,0
DAPP.US,D,20210422,000000,27.539,27.839,25.729,25.806,87641,0
DAPP.US,D,20210423,000000,24.482,26.331,24.482,26.22,79523,0
DAPP.US,D,20210426,000000,27.239,27.776,27.004,27.672,125259,0
DAPP.US,D,20210427,000000,28.149,28.294,27.467,27.68,64937,0
DAPP.US,D,20210428,000000,27.712,28.122,27.358,27.994,43772,0
DAPP.US,D,20210429,000000,28.049,28.049,26.711,26.912,101747,0
DAPP.US,D,20210430,000000,27.075,27.975,26.93,27.858,52801,0
DAPP.US,D,20210503,000000,28.531,28.789,27.548,27.715,66037,0
DAPP.US,D,20210504,000000,27.021,27.021,25.601,26.293,101149,0
DAPP.US,D,20210505,000000,26.811,27.395,26.483,26.557,39739,0
DAPP.US,D,20210506,000000,26.639,26.639,24.81,25.483,103963,0
DAPP.US,D,20210507,000000,25.92,26.225,25.656,25.847,38081,0
DAPP.US,D,20210510,000000,25.793,25.793,24.291,24.346,95423,0
DAPP.US,D,20210511,000000,23.3,24.401,22.645,24.209,77221,0
DAPP.US,D,20210512,000000,23.745,24.355,22.663,22.704,65981,0
DAPP.US,D,20210513,000000,22.317,22.908,20.578,21.062,82751,0
DAPP.US,D,20210514,000000,22.062,22.981,22.017,22.863,77526,0
DAPP.US,D,20210517,000000,22.035,22.221,21.489,22.162,73465,0
DAPP.US,D,20210518,000000,22.208,22.713,21.871,22.095,95129,0
DAPP.US,D,20210519,000000,20.243,21.243,19.642,21.131,88363,0
DAPP.US,D,20210520,000000,22.044,22.279,21.371,21.857,44774,0
DAPP.US,D,20210521,000000,22.126,22.29,20.761,20.831,60679,0
DAPP.US,D,20210524,000000,21.253,21.589,20.746,21.571,126219,0
DAPP.US,D,20210525,000000,21.344,22.033,21.344,21.753,36836,0
DAPP.US,D,20210526,000000,22.517,23.127,22.217,22.92,84825,0
DAPP.US,D,20210527,000000,23.409,23.597,22.931,23.368,74120,0
DAPP.US,D,20210528,000000,23.118,23.164,22.636,22.636,47203,0
DAPP.US,D,20210601,000000,22.854,23.268,22.854,23.036,32588,0
DAPP.US,D,20210602,000000,23.4,23.435,23.054,23.363,39392,0
DAPP.US,D,20210603,000000,23.409,23.409,22.808,22.881,14674,0
DAPP.US,D,20210604,000000,22.708,23.018,22.608,22.964,24587,0
DAPP.US,D,20210607,000000,22.908,22.963,22.535,22.563,51908,0
DAPP.US,D,20210608,000000,22.126,22.126,20.971,21.7,53971,0
DAPP.US,D,20210609,000000,22.135,23.031,21.928,22.708,19531,0
DAPP.US,D,20210610,000000,23.045,23.199,22.561,22.818,19346,0
DAPP.US,D,20210611,000000,22.836,22.854,22.276,22.39,11287,0
DAPP.US,D,20210614,000000,23.2,24.419,23.2,23.8,49994,0
DAPP.US,D,20210615,000000,24.119,24.172,23.427,23.84,30798,0
DAPP.US,D,20210616,000000,23.736,23.736,22.949,23.176,23675,0
DAPP.US,D,20210617,000000,23.154,23.882,22.99,23.566,44486,0
DAPP.US,D,20210618,000000,23.272,23.527,22.745,22.936,31151,0
DAPP.US,D,20210621,000000,22.144,22.253,21.849,22.064,55636,0
DAPP.US,D,20210622,000000,21.107,21.817,20.189,21.762,80445,0
DAPP.US,D,20210623,000000,22.208,22.599,22.05,22.05,35376,0
DAPP.US,D,20210624,000000,22.199,22.799,22.199,22.717,17030,0
DAPP.US,D,20210625,000000,22.463,22.463,21.862,22.013,36953,0
DAPP.US,D,20210628,000000,22.481,23.15,22.381,22.991,37222,0
DAPP.US,D,20210629,000000,23.491,24.178,23.491,23.855,24933,0
DAPP.US,D,20210630,000000,23.263,24.082,23.159,23.725,28278,0
DAPP.US,D,20210701,000000,23.609,23.636,23.159,23.281,21085,0
DAPP.US,D,20210702,000000,23.5,23.5,23.163,23.209,15560,0
DAPP.US,D,20210706,000000,23.582,23.582,22.999,23.184,13883,0
DAPP.US,D,20210707,000000,23.427,23.427,22.572,22.849,20739,0
DAPP.US,D,20210708,000000,21.871,21.926,21.325,21.762,37016,0
DAPP.US,D,20210709,000000,21.899,22.711,21.867,22.162,19505,0
DAPP.US,D,20210712,000000,22.299,22.299,21.753,21.821,34401,0
DAPP.US,D,20210713,000000,21.571,21.653,21.107,21.153,29892,0
DAPP.US,D,20210714,000000,21.18,21.253,20.254,20.254,27191,0
DAPP.US,D,20210715,000000,20.088,20.207,19.106,19.469,40391,0
DAPP.US,D,20210716,000000,19.688,19.688,19.106,19.142,24651,0
DAPP.US,D,20210719,000000,18.687,18.696,18.032,18.369,40152,0
DAPP.US,D,20210720,000000,18.178,18.896,17.749,18.86,25582,0
DAPP.US,D,20210721,000000,19.46,20.716,19.46,20.416,20091,0
DAPP.US,D,20210722,000000,20.934,20.934,20.247,20.379,14761,0
DAPP.US,D,20210723,000000,20.379,20.379,19.952,20.052,21906,0
DAPP.US,D,20210726,000000,21.88,22.972,21.835,22.854,45944,0
DAPP.US,D,20210727,000000,22.554,22.554,20.611,21.098,29615,0
DAPP.US,D,20210728,000000,21.78,22.085,21.538,21.999,19709,0
DAPP.US,D,20210729,000000,22.026,22.253,21.662,21.717,27500,0
DAPP.US,D,20210730,000000,21.098,21.809,20.943,21.809,8226,0
DAPP.US,D,20210802,000000,21.835,22.59,21.809,22.062,39318,0
DAPP.US,D,20210803,000000,21.899,21.899,21.38,21.653,19406,0
DAPP.US,D,20210804,000000,21.962,22.908,21.962,22.908,26480,0
DAPP.US,D,20210805,000000,22.699,24.362,22.244,24.091,160134,0
DAPP.US,D,20210806,000000,24.109,25.574,24.064,25.365,102639,0
DAPP.US,D,20210809,000000,26.557,27.312,26.476,26.63,100920,0
DAPP.US,D,20210810,000000,26.702,26.766,25.429,25.856,42459,0
DAPP.US,D,20210811,000000,26.566,27.121,26.021,26.202,45878,0
DAPP.US,D,20210812,000000,25.611,25.692,24.692,25.274,45205,0
DAPP.US,D,20210813,000000,25.92,26.302,25.11,25.21,34239,0
DAPP.US,D,20210816,000000,25.347,25.483,24.328,24.391,45060,0
DAPP.US,D,20210817,000000,24.219,24.378,22.554,22.8,193533,0
DAPP.US,D,20210818,000000,22.763,23.665,22.745,22.89,20154,0
DAPP.US,D,20210819,000000,22.472,23.192,22.472,23.063,27932,0
DAPP.US,D,20210820,000000,23.263,24.464,23.263,23.964,34271,0
DAPP.US,D,20210823,000000,25.128,25.401,24.537,24.701,43255,0
DAPP.US,D,20210824,000000,24.792,24.792,24.136,24.792,30999,0
DAPP.US,D,20210825,000000,24.482,25.343,24.482,25.101,36416,0
DAPP.US,D,20210826,000000,24.655,24.983,24.109,24.228,20155,0
DAPP.US,D,20210827,000000,24.337,25.51,24.337,25.438,26347,0
DAPP.US,D,20210830,000000,25.392,25.72,24.783,25.692,20240,0
DAPP.US,D,20210831,000000,25.529,25.655,25.219,25.538,22183,0
DAPP.US,D,20210901,000000,26.054,26.414,25.574,25.929,72301,0
DAPP.US,D,20210902,000000,26.475,27.003,26.366,26.475,39382,0
DAPP.US,D,20210903,000000,27.066,27.721,26.771,27.385,61382,0
DAPP.US,D,20210907,000000,27.658,27.794,25.656,26.138,63230,0
DAPP.US,D,20210908,000000,25.82,25.838,24.482,25.037,47427,0
DAPP.US,D,20210909,000000,25.31,25.893,25.31,25.52,25097,0
DAPP.US,D,20210910,000000,25.547,25.547,24.291,24.3,82747,0
DAPP.US,D,20210913,000000,24.3,24.601,23.655,24.164,60192,0
DAPP.US,D,20210914,000000,24.81,24.842,24.053,24.209,23480,0
DAPP.US,D,20210915,000000,24.282,24.441,23.864,24.164,40230,0
DAPP.US,D,20210916,000000,24.137,24.219,23.627,24.1,22196,0
DAPP.US,D,20210917,000000,24.055,24.128,23.846,24.046,16217,0
DAPP.US,D,20210920,000000,23.09,23.09,21.844,22.181,57241,0
DAPP.US,D,20210921,000000,22.181,22.495,21.844,22.026,40652,0
DAPP.US,D,20210922,000000,22.144,23.045,22.1,22.863,28456,0
DAPP.US,D,20210923,000000,23.236,23.309,22.963,23.271,23714,0
DAPP.US,D,20210924,000000,22.226,22.34,21.88,22.217,57685,0
DAPP.US,D,20210927,000000,22.281,22.354,21.817,21.88,29938,0
DAPP.US,D,20210928,000000,21.589,21.589,20.743,20.843,62295,0
DAPP.US,D,20210929,000000,21.043,21.143,20.379,20.379,55415,0
DAPP.US,D,20210930,000000,20.552,21.007,20.507,20.761,19071,0
DAPP.US,D,20211001,000000,21.708,21.899,21.016,21.68,88478,0
DAPP.US,D,20211004,000000,21.735,21.735,20.661,21.38,17247,0
DAPP.US,D,20211005,000000,21.671,22.745,21.671,22.745,51029,0
DAPP.US,D,20211006,000000,23.227,23.655,22.863,23.3,41543,0
DAPP.US,D,20211007,000000,23.391,23.564,23.045,23.2,102084,0
DAPP.US,D,20211008,000000,23.281,23.482,23.063,23.254,22983,0
DAPP.US,D,20211011,000000,23.518,24.137,23.309,23.727,70936,0
DAPP.US,D,20211012,000000,23.727,23.727,22.636,22.69,32083,0
DAPP.US,D,20211013,000000,22.808,23.263,22.426,23.245,28509,0
DAPP.US,D,20211014,000000,23.4,23.491,23.172,23.327,45442,0
DAPP.US,D,20211015,000000,23.836,24.601,23.836,24.564,39163,0
DAPP.US,D,20211018,000000,24.428,25.447,24.372,25.01,81766,0
DAPP.US,D,20211019,000000,25.065,25.383,24.31,25.238,78157,0
DAPP.US,D,20211020,000000,25.51,26.902,25.401,26.42,85348,0
DAPP.US,D,20211021,000000,26.42,26.602,25.447,25.73,35392,0
DAPP.US,D,20211022,000000,25.683,25.683,24.423,24.746,28844,0
DAPP.US,D,20211025,000000,24.992,26.384,24.965,26.357,54105,0
DAPP.US,D,20211026,000000,26.802,26.939,26.043,26.384,36638,0
DAPP.US,D,20211027,000000,25.583,25.829,25.046,25.046,48546,0
DAPP.US,D,20211028,000000,25.893,26.539,25.31,26.539,30618,0
DAPP.US,D,20211029,000000,26.393,27.11,26.393,26.907,66796,0
DAPP.US,D,20211101,000000,27.057,28.085,26.839,27.621,62876,0
DAPP.US,D,20211102,000000,28.112,29.35,28.04,29.113,189268,0
DAPP.US,D,20211103,000000,29.15,29.641,28.385,29.586,74709,0
DAPP.US,D,20211104,000000,29.614,30.232,29.013,29.386,57115,0
DAPP.US,D,20211105,000000,29.777,30.059,28.775,29.113,27296,0
DAPP.US,D,20211108,000000,30.605,31.61,30.478,31.233,59534,0
DAPP.US,D,20211109,000000,32.716,33.08,30.496,31.242,86639,0
DAPP.US,D,20211110,000000,31.624,31.676,29.113,29.368,100020,0
DAPP.US,D,20211111,000000,29.759,30.551,29.759,30.237,33204,0
DAPP.US,D,20211112,000000,30.487,30.986,29.532,30.96,116979,0
DAPP.US,D,20211115,000000,31.379,31.379,29.615,29.796,53967,0
DAPP.US,D,20211116,000000,29.031,29.318,27.703,28.476,117583,0
DAPP.US,D,20211117,000000,28.786,28.786,27.621,27.976,72267,0
DAPP.US,D,20211118,000000,27.849,27.849,26.152,26.72,153541,0
DAPP.US,D,20211119,000000,26.766,28.385,26.739,27.767,50658,0
DAPP.US,D,20211122,000000,27.903,27.903,25.665,26.102,65704,0
DAPP.US,D,20211123,000000,26.275,26.938,25.796,26.693,40535,0
DAPP.US,D,20211124,000000,25.947,26.902,25.611,26.848,29212,0
DAPP.US,D,20211126,000000,25.674,25.911,25.11,25.536,45453,0
DAPP.US,D,20211129,000000,26.593,26.839,25.49,26.584,76642,0
DAPP.US,D,20211130,000000,26.83,27.685,25.638,26.295,46411,0
DAPP.US,D,20211201,000000,26.893,27.521,25.338,25.338,71401,0
DAPP.US,D,20211202,000000,25.492,25.565,24.028,24.628,149225,0
DAPP.US,D,20211203,000000,24.792,24.924,21.653,22.026,132752,0
DAPP.US,D,20211206,000000,20.707,21.889,20.097,21.762,78564,0
DAPP.US,D,20211207,000000,22.49,23.272,22.49,22.872,41736,0
DAPP.US,D,20211208,000000,22.563,23.227,22.317,23.136,28416,0
DAPP.US,D,20211209,000000,22.754,22.754,21.171,21.262,98380,0
DAPP.US,D,20211210,000000,21.926,21.926,20.607,21.062,92936,0
DAPP.US,D,20211213,000000,20.698,20.82,19.651,19.688,205165,0
DAPP.US,D,20211214,000000,19.488,20.17,19.333,19.733,121756,0
DAPP.US,D,20211215,000000,19.761,20.492,18.742,20.343,104872,0
DAPP.US,D,20211216,000000,20.576,20.576,18.996,19.251,187217,0
DAPP.US,D,20211217,000000,18.769,19.324,18.205,18.96,115410,0
DAPP.US,D,20211220,000000,19.4,19.4,17.85,18.1,156992,0
DAPP.US,D,20211221,000000,18.81,19.2,18.5928,19.15,73132,0
DAPP.US,D,20211222,000000,19.14,19.47,18.98,19.28,63454,0
DAPP.US,D,20211223,000000,19.29,20.59,18.9312,20.55,65406,0
DAPP.US,D,20211227,000000,20.76,20.95,20.52,20.68,82724,0
DAPP.US,D,20211228,000000,20.24,20.24,19.24,19.37,73229,0
DAPP.US,D,20211229,000000,19.13,19.36,18.7,18.89,102962,0
DAPP.US,D,20211230,000000,18.8,19.39,18.8,19,59414,0
DAPP.US,D,20211231,000000,19.02,19.24,18.501,18.54,72112,0
DAPP.US,D,20220103,000000,18.82,18.96,18.45,18.68,55059,0
DAPP.US,D,20220104,000000,18.76,18.91,18.07,18.43,72482,0
DAPP.US,D,20220105,000000,18.36,18.38,16.92,16.95,126967,0
DAPP.US,D,20220106,000000,16.73,16.86,15.8953,16.63,121161,0
DAPP.US,D,20220107,000000,16.37,16.728,16.0101,16.24,76462,0
DAPP.US,D,20220110,000000,15.82,15.96,15.2555,15.92,78008,0
DAPP.US,D,20220111,000000,16.1,17,15.935,16.84,69427,0
DAPP.US,D,20220112,000000,17.3,17.6,16.895,17.12,101450,0
DAPP.US,D,20220113,000000,17.28,17.44,16.2968,16.31,61537,0
DAPP.US,D,20220114,000000,16.11,16.46,16.015,16.4555,48391,0
DAPP.US,D,20220118,000000,15.96,15.96,15.1339,15.2,62612,0
DAPP.US,D,20220119,000000,15.46,15.5292,14.88,14.9,84093,0
DAPP.US,D,20220120,000000,15.31,15.96,14.98,14.98,45386,0
DAPP.US,D,20220121,000000,14.11,14.3171,12.93,13.04,171085,0
DAPP.US,D,20220124,000000,11.99,12.86,11.2788,12.86,289012,0
DAPP.US,D,20220125,000000,12.67,13.069,12.281,12.69,82268,0
DAPP.US,D,20220126,000000,13.33,13.655,12.51,12.64,161363,0
DAPP.US,D,20220127,000000,12.7,12.7,11.7,11.84,87852,0
DAPP.US,D,20220128,000000,11.78,12.48,11.5,12.43,429510,0
DAPP.US,D,20220131,000000,12.49,13.6,12.44,13.54,145817,0
DAPP.US,D,20220201,000000,13.99,14.36,13.52,14.28,263173,0
DAPP.US,D,20220202,000000,14.11,14.11,12.97,13.22,258952,0
DAPP.US,D,20220203,000000,12.81,13.015,12.6,12.62,155411,0
DAPP.US,D,20220204,000000,12.66,13.9,12.6373,13.84,120081,0
DAPP.US,D,20220207,000000,14.42,14.86,14.387,14.67,87200,0
DAPP.US,D,20220208,000000,14.52,14.77,14.22,14.72,53024,0
DAPP.US,D,20220209,000000,15.06,15.69,14.95,15.69,98626,0
DAPP.US,D,20220210,000000,15.23,16.37,15.14,15.3,85245,0
DAPP.US,D,20220211,000000,15.39,15.67,14.45,14.54,83543,0
DAPP.US,D,20220214,000000,14.5,15.01,14.18,14.39,53734,0
DAPP.US,D,20220215,000000,15.05,15.48,14.9901,15.48,33682,0
DAPP.US,D,20220216,000000,15.22,15.38,14.91,15.22,36992,0
DAPP.US,D,20220217,000000,14.85,14.99,14.014,14.1,58600,0
DAPP.US,D,20220218,000000,14.01,14.05,13.4201,13.58,84469,0
DAPP.US,D,20220222,000000,13.08,13.55,12.85,13.11,92390,0
DAPP.US,D,20220223,000000,13.57,13.59,12.5,12.52,95963,0
DAPP.US,D,20220224,000000,12,13.44,11.76,13.4,72455,0
DAPP.US,D,20220225,000000,13.96,13.96,13.33,13.75,47998,0
DAPP.US,D,20220228,000000,13.3,14.78,13.3,14.48,154110,0
DAPP.US,D,20220301,000000,15,15.12,14.19,14.48,59699,0
DAPP.US,D,20220302,000000,14.43,14.75,14.32,14.64,58896,0
DAPP.US,D,20220303,000000,14.86,14.916,13.6,13.63,70907,0
DAPP.US,D,20220304,000000,13.42,13.54,12.53,12.62,53237,0
DAPP.US,D,20220307,000000,12.64,12.87,11.98,11.99,72759,0
DAPP.US,D,20220308,000000,12.13,12.8135,11.84,12.4266,61614,0
DAPP.US,D,20220309,000000,13.27,13.8617,13.24,13.72,92255,0
DAPP.US,D,20220310,000000,13.03,13.53,13.0149,13.53,34437,0
DAPP.US,D,20220311,000000,13.7,13.7,12.585,12.6,67371,0
DAPP.US,D,20220314,000000,12.61,12.61,11.64,11.82,59303,0
DAPP.US,D,20220315,000000,11.84,12.18,11.53,12.15,47456,0
DAPP.US,D,20220316,000000,12.53,13.32,12.53,13.32,87870,0
DAPP.US,D,20220317,000000,13.25,13.94,13.19,13.94,39022,0
DAPP.US,D,20220318,000000,13.83,14.78,13.83,14.78,65069,0
DAPP.US,D,20220321,000000,14.61,14.7627,14.15,14.4,72165,0
DAPP.US,D,20220322,000000,14.72,15.48,14.72,15.29,84791,0
DAPP.US,D,20220323,000000,15.13,15.62,14.81,15.13,260486,0
DAPP.US,D,20220324,000000,15.4,15.8,14.9,15.8,181119,0
DAPP.US,D,20220325,000000,16.03,16.04,15.09,15.37,90323,0
DAPP.US,D,20220328,000000,15.76,16.69,15.76,16.38,99092,0
DAPP.US,D,20220329,000000,16.5,16.56,15.83,16.55,120583,0
DAPP.US,D,20220330,000000,16.26,16.26,15.57,15.69,169224,0
DAPP.US,D,20220331,000000,15.73,15.7413,15.075,15.1,134323,0
DAPP.US,D,20220401,000000,15.1,15.43,14.9394,15.07,33887,0
DAPP.US,D,20220404,000000,15.14,15.58,15.14,15.53,27931,0
DAPP.US,D,20220405,000000,15.66,15.66,14.6,14.71,60225,0
DAPP.US,D,20220406,000000,14.37,14.38,13.695,13.74,80380,0
DAPP.US,D,20220407,000000,13.84,13.9999,13.126,13.63,55727,0
DAPP.US,D,20220408,000000,13.61,13.63,13.21,13.24,75743,0
DAPP.US,D,20220411,000000,12.9,13.15,12.5956,12.71,38507,0
DAPP.US,D,20220412,000000,13.03,13.348,12.36,12.43,46072,0
DAPP.US,D,20220413,000000,12.46,12.9361,12.41,12.86,78920,0
DAPP.US,D,20220414,000000,12.98,12.98,12.3214,12.37,98373,0
DAPP.US,D,20220418,000000,12.2,12.34,11.88,12.23,44772,0
DAPP.US,D,20220419,000000,12.28,12.695,12.2058,12.61,24778,0
DAPP.US,D,20220420,000000,12.79,12.79,12.14,12.22,64782,0
DAPP.US,D,20220421,000000,12.54,12.6085,11.53,11.59,66473,0
DAPP.US,D,20220422,000000,11.47,11.73,11.05,11.05,156975,0
DAPP.US,D,20220425,000000,10.85,11.27,10.81,11.27,86674,0
DAPP.US,D,20220426,000000,11.15,11.15,10.43,10.47,116315,0
DAPP.US,D,20220427,000000,10.5,10.83,10.37,10.45,500696,0
DAPP.US,D,20220428,000000,10.72,10.8356,10.08,10.63,47815,0
DAPP.US,D,20220429,000000,10.54,11.03,10.06,10.07,47087,0
DAPP.US,D,20220502,000000,10,10.43,9.9,10.42,96718,0
DAPP.US,D,20220503,000000,10.44,10.59,10.25,10.34,27156,0
DAPP.US,D,20220504,000000,10.48,10.9037,9.911,10.9,66559,0
DAPP.US,D,20220505,000000,10.64,10.67,9.69,9.8186,144635,0
DAPP.US,D,20220506,000000,9.75,9.789,9.2,9.45,69648,0
DAPP.US,D,20220509,000000,8.95,8.95,7.77,7.89,133854,0
DAPP.US,D,20220510,000000,8.28,8.399,7.57,7.6934,201759,0
DAPP.US,D,20220511,000000,7.22,7.5,6.57,6.61,238353,0
DAPP.US,D,20220512,000000,6.23,6.82,5.81,6.56,1119480,0
DAPP.US,D,20220513,000000,6.995,7.6,6.995,7.3,142515,0
DAPP.US,D,20220516,000000,7.26,7.26,6.75,6.77,107249,0
DAPP.US,D,20220517,000000,7.05,7.27,6.92,7.25,75927,0
DAPP.US,D,20220518,000000,7.05,7.209,6.73,6.77,87476,0
DAPP.US,D,20220519,000000,6.86,7.295,6.86,7.08,65735,0
DAPP.US,D,20220520,000000,7.29,7.3,6.51,6.81,113512,0
DAPP.US,D,20220523,000000,6.95,6.95,6.6876,6.82,107795,0
DAPP.US,D,20220524,000000,6.72,6.72,6.2801,6.35,65269,0
DAPP.US,D,20220525,000000,6.33,6.62,6.33,6.54,58231,0
DAPP.US,D,20220526,000000,6.375,6.8782,6.2825,6.78,47497,0
DAPP.US,D,20220527,000000,6.87,7.2376,6.87,7.12,43559,0
DAPP.US,D,20220531,000000,7.5,7.655,7.27,7.41,47438,0
DAPP.US,D,20220601,000000,7.45,7.45,6.82,6.85,71218,0
DAPP.US,D,20220602,000000,6.82,7.22,6.73,7.17,63798,0
DAPP.US,D,20220603,000000,7.03,7.03,6.73,6.86,120392,0
DAPP.US,D,20220606,000000,7.1,7.15,6.8601,6.94,105915,0
DAPP.US,D,20220607,000000,6.67,6.88,6.54,6.87,22940,0
DAPP.US,D,20220608,000000,6.84,7.06,6.79,6.84,226609,0
DAPP.US,D,20220609,000000,6.78,6.78,6.35,6.36,77967,0
DAPP.US,D,20220610,000000,6.23,6.28,5.991,6.07,96023,0
DAPP.US,D,20220613,000000,5.42,5.53,5.07,5.16,230131,0
DAPP.US,D,20220614,000000,5.18,5.25,4.98,5.11,136568,0
DAPP.US,D,20220615,000000,5.13,5.34,5.01,5.23,170095,0
DAPP.US,D,20220616,000000,5.06,5.06,4.8401,4.95,45331,0
DAPP.US,D,20220617,000000,4.92,5.058,4.89,4.93,30301,0
DAPP.US,D,20220621,000000,5.17,5.53,5.17,5.23,60994,0
DAPP.US,D,20220622,000000,5.06,5.16,4.88,4.89,75378,0
DAPP.US,D,20220623,000000,4.98,5.13,4.87,5.1,123380,0
DAPP.US,D,20220624,000000,5.25,5.4229,5.25,5.39,196117,0
DAPP.US,D,20220627,000000,5.39,5.4,5.0301,5.1284,86529,0
DAPP.US,D,20220628,000000,5.2,5.22,4.78,4.8,117352,0
DAPP.US,D,20220629,000000,4.76,4.76,4.51,4.61,91100,0
DAPP.US,D,20220630,000000,4.47,4.52,4.28,4.37,92230,0
DAPP.US,D,20220701,000000,4.41,4.5326,4.36,4.46,31706,0
DAPP.US,D,20220705,000000,4.33,4.8,4.23,4.8,73283,0
DAPP.US,D,20220706,000000,4.76,4.81,4.58,4.62,134233,0
DAPP.US,D,20220707,000000,4.68,5.13,4.66,5.13,124646,0
DAPP.US,D,20220708,000000,5.04,5.4799,4.96,5.29,159096,0
DAPP.US,D,20220711,000000,5.11,5.135,4.85,4.88,66196,0
DAPP.US,D,20220712,000000,4.84,4.96,4.72,4.8,64831,0
DAPP.US,D,20220713,000000,4.64,4.85,4.57,4.79,134468,0
DAPP.US,D,20220714,000000,4.71,4.88,4.58,4.82,65798,0
DAPP.US,D,20220715,000000,4.93,5.01,4.82,4.97,106888,0
DAPP.US,D,20220718,000000,5.2,5.7,5.2,5.3,199935,0
DAPP.US,D,20220719,000000,5.56,6.035,5.47,6.03,119604,0
DAPP.US,D,20220720,000000,6.23,6.56,6.1158,6.38,157649,0
DAPP.US,D,20220721,000000,6.2,6.51,6.1648,6.4947,152904,0
DAPP.US,D,20220722,000000,6.63,6.63,6.02,6.09,97273,0
DAPP.US,D,20220725,000000,6,6.01,5.78,5.82,63502,0
DAPP.US,D,20220726,000000,5.62,5.62,5.32,5.35,58605,0
DAPP.US,D,20220727,000000,5.55,5.99,5.47,5.92,106286,0
DAPP.US,D,20220728,000000,5.92,6.21,5.78,6.1945,72611,0
DAPP.US,D,20220729,000000,6.12,6.35,6.0001,6.256,75105,0
DAPP.US,D,20220801,000000,6.17,6.33,5.98,6.2,88785,0
DAPP.US,D,20220802,000000,6.1,6.6,6.1,6.49,70141,0
DAPP.US,D,20220803,000000,6.6,6.95,6.59,6.93,261397,0
DAPP.US,D,20220804,000000,7.13,7.41,6.88,6.93,120940,0
DAPP.US,D,20220805,000000,6.87,7.23,6.8,7.079,82805,0
DAPP.US,D,20220808,000000,7.36,7.63,7.26,7.35,117916,0
DAPP.US,D,20220809,000000,7.21,7.22,6.8593,7.02,129262,0
DAPP.US,D,20220810,000000,7.38,7.7,7.22,7.6653,114075,0
DAPP.US,D,20220811,000000,8.13,8.34,7.64,7.75,238318,0
DAPP.US,D,20220812,000000,7.75,8.2099,7.56,8.1805,82233,0
DAPP.US,D,20220815,000000,8.15,8.39,7.95,8.19,290205,0
DAPP.US,D,20220816,000000,8.12,8.12,7.621,7.8,74450,0
DAPP.US,D,20220817,000000,7.61,7.61,7.22,7.26,65202,0
DAPP.US,D,20220818,000000,7.35,7.36,7.1499,7.21,39201,0
DAPP.US,D,20220819,000000,6.72,6.72,6.42,6.44,154627,0
DAPP.US,D,20220822,000000,6.22,6.32,6.14,6.2,91800,0
DAPP.US,D,20220823,000000,6.22,6.55,6.22,6.32,48477,0
DAPP.US,D,20220824,000000,6.33,6.5583,6.33,6.42,59954,0
DAPP.US,D,20220825,000000,6.48,6.5496,6.3,6.44,102305,0
DAPP.US,D,20220826,000000,6.47,6.47,5.91,5.91,263469,0
DAPP.US,D,20220829,000000,5.77,6.071,5.76,5.96,27992,0
DAPP.US,D,20220830,000000,6.08,6.15,5.7804,5.9356,45611,0
DAPP.US,D,20220831,000000,6.02,6.15,5.91,6,42844,0
DAPP.US,D,20220901,000000,5.84,5.84,5.55,5.75,46044,0
DAPP.US,D,20220902,000000,5.89,5.9,5.64,5.68,13642,0
DAPP.US,D,20220906,000000,5.64,5.64,5.42,5.43,75980,0
DAPP.US,D,20220907,000000,5.42,5.61,5.32,5.61,77602,0
DAPP.US,D,20220908,000000,5.54,5.99,5.5,5.98,41906,0
DAPP.US,D,20220909,000000,6.24,6.48,6.24,6.45,129593,0
DAPP.US,D,20220912,000000,6.61,6.6984,6.39,6.58,74493,0
DAPP.US,D,20220913,000000,6.09,6.135,5.94,5.96,129351,0
DAPP.US,D,20220914,000000,5.95,6.01,5.84,5.97,28045,0
DAPP.US,D,20220915,000000,5.89,6.12,5.82,5.84,56247,0
DAPP.US,D,20220916,000000,5.69,5.69,5.49,5.57,53849,0
DAPP.US,D,20220919,000000,5.38,5.48,5.28,5.39,62659,0
DAPP.US,D,20220920,000000,5.3,5.33,5.1623,5.18,44583,0
DAPP.US,D,20220921,000000,5.25,5.381,5.14,5.1579,120794,0
DAPP.US,D,20220922,000000,5.17,5.189,4.891,4.98,79030,0
DAPP.US,D,20220923,000000,4.82,4.84,4.7,4.78,122902,0
DAPP.US,D,20220926,000000,4.84,5.06,4.79,4.82,58038,0
DAPP.US,D,20220927,000000,4.95,5.0901,4.801,4.91,69794,0
DAPP.US,D,20220928,000000,4.88,5.2,4.88,5.17,61395,0
DAPP.US,D,20220929,000000,5.01,5.015,4.84,4.95,54465,0
DAPP.US,D,20220930,000000,4.88,5.18,4.88,4.94,34772,0
DAPP.US,D,20221003,000000,5.03,5.095,4.885,5.05,85811,0
DAPP.US,D,20221004,000000,5.25,5.5,5.25,5.5,89931,0
DAPP.US,D,20221005,000000,5.35,5.44,5.21,5.39,37925,0
DAPP.US,D,20221006,000000,5.4,5.53,5.31,5.371,101486,0
DAPP.US,D,20221007,000000,5.22,5.24,4.871,4.9152,54184,0
DAPP.US,D,20221010,000000,4.91,4.91,4.68,4.75,54231,0
DAPP.US,D,20221011,000000,4.67,4.78,4.52,4.64,147828,0
DAPP.US,D,20221012,000000,4.61,4.66,4.49,4.62,37506,0
DAPP.US,D,20221013,000000,4.37,4.76,4.31,4.75,87743,0
DAPP.US,D,20221014,000000,4.85,4.9,4.47,4.48,92878,0
DAPP.US,D,20221017,000000,4.64,4.8,4.64,4.74,81417,0
DAPP.US,D,20221018,000000,4.91,4.92,4.585,4.63,81237,0
DAPP.US,D,20221019,000000,4.56,4.56,4.42,4.48,34539,0
DAPP.US,D,20221020,000000,4.44,4.6201,4.41,4.42,59502,0
DAPP.US,D,20221021,000000,4.39,4.56,4.31,4.551,102359,0
DAPP.US,D,20221024,000000,4.54,4.613,4.39,4.58,109805,0
DAPP.US,D,20221025,000000,4.6,5.16,4.6,5.124,185127,0
DAPP.US,D,20221026,000000,5.12,5.459,5.12,5.13,135754,0
DAPP.US,D,20221027,000000,5.11,5.12,4.87,4.91,84200,0
DAPP.US,D,20221028,000000,4.9,4.98,4.8,4.98,98560,0
DAPP.US,D,20221031,000000,4.93,4.9373,4.7,4.72,109823,0
DAPP.US,D,20221101,000000,4.87,4.87,4.6,4.62,135917,0
DAPP.US,D,20221102,000000,4.57,4.65,4.321,4.34,175688,0
DAPP.US,D,20221103,000000,4.27,4.43,4.22,4.25,61130,0
DAPP.US,D,20221104,000000,4.46,4.54,4.3,4.45,66014,0
DAPP.US,D,20221107,000000,4.45,4.5,4.35,4.45,46075,0
DAPP.US,D,20221108,000000,4.32,4.37,3.96,4.08,159252,0
DAPP.US,D,20221109,000000,3.83,3.91,3.59,3.62,176437,0
DAPP.US,D,20221110,000000,3.87,3.99,3.8,3.91,82968,0
DAPP.US,D,20221111,000000,3.77,4.04,3.68,4.04,59373,0
DAPP.US,D,20221114,000000,3.93,3.99,3.87,3.9,34051,0
DAPP.US,D,20221115,000000,4.07,4.119,3.93,3.99,60096,0
DAPP.US,D,20221116,000000,3.9,3.9,3.71,3.75,89033,0
DAPP.US,D,20221117,000000,3.66,3.71,3.581,3.66,126764,0
DAPP.US,D,20221118,000000,3.76,3.76,3.5,3.51,40152,0
DAPP.US,D,20221121,000000,3.4,3.42,3.21,3.25,140564,0
DAPP.US,D,20221122,000000,3.27,3.31,3.2126,3.2999,49233,0
DAPP.US,D,20221123,000000,3.35,3.45,3.3001,3.4425,86124,0
DAPP.US,D,20221125,000000,3.44,3.44,3.38,3.4192,14094,0
DAPP.US,D,20221128,000000,3.34,3.4024,3.231,3.2578,125064,0
DAPP.US,D,20221129,000000,3.3,3.32,3.25,3.2697,59673,0
DAPP.US,D,20221130,000000,3.35,3.47,3.23,3.46,52346,0
DAPP.US,D,20221201,000000,3.5,3.54,3.41,3.44,58964,0
DAPP.US,D,20221202,000000,3.37,3.55,3.37,3.55,26973,0
DAPP.US,D,20221205,000000,3.59,3.59,3.3268,3.3401,63007,0
DAPP.US,D,20221206,000000,3.32,3.3285,3.2,3.25,40711,0
DAPP.US,D,20221207,000000,3.23,3.23,3.14,3.17,99585,0
DAPP.US,D,20221208,000000,3.13,3.25,3.11,3.2299,86056,0
DAPP.US,D,20221209,000000,3.24,3.24,3.159,3.1695,523337,0
DAPP.US,D,20221212,000000,3.1,3.2,3.1,3.17,97885,0
DAPP.US,D,20221213,000000,3.35,3.425,3.14,3.14,56681,0
DAPP.US,D,20221214,000000,3.16,3.226,3.13,3.19,129717,0
DAPP.US,D,20221215,000000,3.12,3.14,3.025,3.07,87773,0
DAPP.US,D,20221216,000000,3.01,3.03,2.84,2.94,99536,0
DAPP.US,D,20221219,000000,2.91,2.91,2.74,2.75,156813,0
DAPP.US,D,20221220,000000,2.73,2.8701,2.73,2.77,37385,0
DAPP.US,D,20221221,000000,2.82,2.84,2.785,2.8,54626,0
DAPP.US,D,20221222,000000,2.81,2.81,2.6858,2.78,48153,0
DAPP.US,D,20221223,000000,2.78,2.79,2.701,2.73,106848,0
DAPP.US,D,20221227,000000,2.73,2.73,2.6,2.6,70945,0
DAPP.US,D,20221228,000000,2.6,2.65,2.52,2.53,134558,0
DAPP.US,D,20221229,000000,2.54,2.65,2.54,2.63,57355,0
DAPP.US,D,20221230,000000,2.62,2.68,2.5901,2.67,45396,0
DAPP.US,D,20230103,000000,2.77,2.8322,2.65,2.71,69581,0
DAPP.US,D,20230104,000000,2.74,3.03,2.74,3.03,278105,0
DAPP.US,D,20230105,000000,2.94,2.97,2.76,2.8618,58524,0
DAPP.US,D,20230106,000000,2.83,2.92,2.73,2.895,229013,0
DAPP.US,D,20230109,000000,3.04,3.2999,3.02,3.18,61011,0
DAPP.US,D,20230110,000000,3.19,3.45,3.18,3.4463,45224,0
DAPP.US,D,20230111,000000,3.47,3.52,3.34,3.41,58114,0
DAPP.US,D,20230112,000000,3.6,4.01,3.4,3.98,122684,0
DAPP.US,D,20230113,000000,3.96,4.225,3.9,4.07,120012,0
DAPP.US,D,20230117,000000,4.46,4.56,4.28,4.44,286222,0
DAPP.US,D,20230118,000000,4.48,4.5,4.04,4.07,225232,0
DAPP.US,D,20230119,000000,3.92,4.1148,3.88,4.09,37162,0
DAPP.US,D,20230120,000000,4.14,4.36,4.05,4.36,67921,0
DAPP.US,D,20230123,000000,4.43,4.66,4.38,4.61,379002,0
DAPP.US,D,20230124,000000,4.55,4.639,4.48,4.48,73998,0
DAPP.US,D,20230125,000000,4.38,4.47,4.18,4.45,189877,0
DAPP.US,D,20230126,000000,4.61,4.62,4.399,4.4373,75491,0
DAPP.US,D,20230127,000000,4.43,4.62,4.39,4.6,91875,0
DAPP.US,D,20230130,000000,4.55,4.69,4.32,4.3367,219944,0
DAPP.US,D,20230131,000000,4.38,4.49,4.34,4.46,36389,0
DAPP.US,D,20230201,000000,4.46,4.779,4.35,4.74,84309,0
DAPP.US,D,20230202,000000,4.94,5.32,4.9299,5.17,255755,0
DAPP.US,D,20230203,000000,4.95,5.24,4.82,4.87,115660,0
DAPP.US,D,20230206,000000,4.79,4.87,4.652,4.83,61543,0
DAPP.US,D,20230207,000000,4.83,4.83,4.571,4.783,99851,0
DAPP.US,D,20230208,000000,4.73,4.91,4.65,4.66,79100,0
DAPP.US,D,20230209,000000,4.76,4.76,4.21,4.24,73266,0
DAPP.US,D,20230210,000000,4.19,4.199,4.05,4.07,79967,0
DAPP.US,D,20230213,000000,4.09,4.12,4,4.09,46115,0
DAPP.US,D,20230214,000000,4.05,4.409,4.05,4.36,41296,0
DAPP.US,D,20230215,000000,4.39,4.97,4.39,4.97,99700,0
DAPP.US,D,20230216,000000,4.9,5.25,4.75,4.78,108515,0
DAPP.US,D,20230217,000000,4.7,4.829,4.6,4.79,91960,0
DAPP.US,D,20230221,000000,4.75,4.77,4.47,4.47,95560,0
DAPP.US,D,20230222,000000,4.45,4.55,4.32,4.42,100478,0
DAPP.US,D,20230223,000000,4.48,4.5,4.32,4.41,30771,0
DAPP.US,D,20230224,000000,4.3,4.3,4.1,4.13,29114,0
DAPP.US,D,20230227,000000,4.23,4.319,4.151,4.16,26842,0
DAPP.US,D,20230228,000000,4.18,4.37,4.141,4.22,18721,0
DAPP.US,D,20230301,000000,4.31,4.31,4.1501,4.2,46003,0
DAPP.US,D,20230302,000000,4.1,4.1,3.9565,4.065,42099,0
DAPP.US,D,20230303,000000,3.95,4.1,3.95,4.09,97398,0
DAPP.US,D,20230306,000000,4.1,4.2399,4.015,4.04,57382,0
DAPP.US,D,20230307,000000,4.02,4.07,3.91,3.9154,71639,0
DAPP.US,D,20230308,000000,3.9001,3.965,3.83,3.91,29643,0
DAPP.US,D,20230309,000000,3.87,3.87,3.55,3.55,53594,0
DAPP.US,D,20230310,000000,3.53,3.55,3.35,3.42,81721,0
DAPP.US,D,20230313,000000,3.49,3.87,3.4,3.7599,129766,0
DAPP.US,D,20230314,000000,4.04,4.1399,3.861,3.97,99106,0
DAPP.US,D,20230315,000000,3.91,3.95,3.75,3.87,115459,0
DAPP.US,D,20230316,000000,3.89,4.065,3.83,4.047,44872,0
DAPP.US,D,20230317,000000,4.25,4.41,4.1418,4.34,76212,0
DAPP.US,D,20230320,000000,4.5,4.5,4.27,4.35,238371,0
DAPP.US,D,20230321,000000,4.35,4.7,4.35,4.69,75957,0
DAPP.US,D,20230322,000000,4.7,4.775,4.28,4.28,527013,0
DAPP.US,D,20230323,000000,4.2,4.5806,4.2,4.46,142326,0
DAPP.US,D,20230324,000000,4.34,4.36,4.215,4.25,80922,0
DAPP.US,D,20230327,000000,4.21,4.21,4,4.0759,27449,0
DAPP.US,D,20230328,000000,4.05,4.075,3.97,4.06,34691,0
DAPP.US,D,20230329,000000,4.2,4.4173,4.2,4.4036,94851,0
DAPP.US,D,20230330,000000,4.45,4.49,4.385,4.4043,27291,0
DAPP.US,D,20230331,000000,4.42,4.6606,4.42,4.64,65761,0
DAPP.US,D,20230403,000000,4.59,4.64,4.47,4.61,231147,0
DAPP.US,D,20230404,000000,4.64,4.67,4.455,4.55,67320,0
DAPP.US,D,20230405,000000,4.6,4.6,4.341,4.38,28966,0
DAPP.US,D,20230406,000000,4.3,4.5006,4.26,4.49,49454,0
DAPP.US,D,20230410,000000,4.46,4.87,4.37,4.84,101287,0
DAPP.US,D,20230411,000000,5,5.41,5,5.33,195055,0
DAPP.US,D,20230412,000000,5.39,5.44,5.14,5.19,83932,0
DAPP.US,D,20230413,000000,5.32,5.84,5.32,5.77,161934,0
DAPP.US,D,20230414,000000,5.98,6.04,5.63,5.88,100647,0
DAPP.US,D,20230417,000000,5.6,5.69,5.44,5.67,100094,0
DAPP.US,D,20230418,000000,5.97,6.09,5.8,5.86,105200,0
DAPP.US,D,20230419,000000,5.69,5.69,5.47,5.5,69980,0
DAPP.US,D,20230420,000000,5.42,5.42,5.08,5.11,78131,0
DAPP.US,D,20230421,000000,5.12,5.15,5.001,5.07,96079,0
DAPP.US,D,20230424,000000,5.04,5.09,4.8334,4.92,62373,0
DAPP.US,D,20230425,000000,4.94,5,4.78,4.9,167381,0
DAPP.US,D,20230426,000000,5.28,5.4241,5.05,5.07,79257,0
DAPP.US,D,20230427,000000,5.21,5.33,5.03,5.33,227232,0
DAPP.US,D,20230428,000000,5.26,5.37,5.15,5.36,155722,0
DAPP.US,D,20230501,000000,5.26,5.26,4.97,4.97,47862,0
DAPP.US,D,20230502,000000,5.01,5.24,4.9,5.22,72953,0
DAPP.US,D,20230503,000000,5.15,5.23,5.05,5.08,58694,0
DAPP.US,D,20230504,000000,5.13,5.3197,5.12,5.2,47325,0
DAPP.US,D,20230505,000000,5.28,5.44,5.19,5.44,114674,0
DAPP.US,D,20230508,000000,5.2,5.21,5.05,5.07,409846,0
DAPP.US,D,20230509,000000,5.08,5.229,5.045,5.16,46544,0
DAPP.US,D,20230510,000000,5.3,5.59,5.3,5.39,57387,0
DAPP.US,D,20230511,000000,5.31,5.31,4.94,4.97,73265,0
DAPP.US,D,20230512,000000,4.98,4.98,4.8,4.86,95878,0
DAPP.US,D,20230515,000000,4.98,5.19,4.95,5.17,67991,0
DAPP.US,D,20230516,000000,5.19,5.3,5.15,5.2901,16955,0
DAPP.US,D,20230517,000000,5.23,5.63,5.23,5.6,55432,0
DAPP.US,D,20230518,000000,5.56,5.76,5.47,5.5277,57245,0
DAPP.US,D,20230519,000000,5.56,5.61,5.41,5.56,58164,0
DAPP.US,D,20230522,000000,5.57,5.75,5.49,5.75,59247,0
DAPP.US,D,20230523,000000,5.79,5.901,5.54,5.59,69871,0
DAPP.US,D,20230524,000000,5.46,5.649,5.38,5.61,73468,0
DAPP.US,D,20230525,000000,5.74,5.74,5.4,5.55,50048,0
DAPP.US,D,20230526,000000,5.55,5.71,5.45,5.47,113720,0
DAPP.US,D,20230530,000000,5.75,5.93,5.73,5.87,56273,0
DAPP.US,D,20230531,000000,5.68,5.83,5.59,5.83,57013,0
DAPP.US,D,20230601,000000,5.8,6,5.74,5.9,71825,0
DAPP.US,D,20230602,000000,6,6.01,5.79,5.86,68590,0
DAPP.US,D,20230605,000000,5.76,5.825,5.54,5.58,58057,0
DAPP.US,D,20230606,000000,5.4,5.73,5.26,5.73,95106,0
DAPP.US,D,20230607,000000,5.75,5.85,5.5,5.54,209429,0
DAPP.US,D,20230608,000000,5.6,5.68,5.48,5.61,71995,0
DAPP.US,D,20230609,000000,5.68,5.68,5.39,5.39,24972,0
DAPP.US,D,20230612,000000,5.38,5.5127,5.33,5.4897,60188,0
DAPP.US,D,20230613,000000,5.64,5.64,5.5,5.62,24532,0
DAPP.US,D,20230614,000000,5.67,5.725,5.55,5.6183,23298,0
DAPP.US,D,20230615,000000,5.49,5.59,5.341,5.543,62621,0
DAPP.US,D,20230616,000000,5.57,5.77,5.4883,5.73,116588,0
DAPP.US,D,20230620,000000,5.79,6.18,5.73,6.12,102529,0
DAPP.US,D,20230621,000000,6.38,6.5203,6.2802,6.33,165077,0
DAPP.US,D,20230622,000000,6.4,6.41,6.12,6.32,49571,0
DAPP.US,D,20230623,000000,6.29,6.6599,6.21,6.49,95705,0
DAPP.US,D,20230626,000000,6.57,6.61,6.15,6.205,62300,0
DAPP.US,D,20230627,000000,6.34,6.61,6.27,6.57,594074,0
DAPP.US,D,20230628,000000,6.48,6.67,6.39,6.58,75391,0
DAPP.US,D,20230629,000000,6.68,6.87,6.6,6.74,107465,0
DAPP.US,D,20230630,000000,6.94,7.025,6.62,6.81,100669,0
DAPP.US,D,20230703,000000,6.87,7.44,6.82,7.42,168609,0
DAPP.US,D,20230705,000000,7.24,7.61,7.16,7.53,150628,0
DAPP.US,D,20230706,000000,7.56,7.6,7.12,7.42,133221,0
DAPP.US,D,20230707,000000,7.44,8.06,7.42,7.81,301825,0
DAPP.US,D,20230710,000000,7.91,8.35,7.6301,8.35,204795,0
DAPP.US,D,20230711,000000,8.44,8.529,8.27,8.47,291510,0
DAPP.US,D,20230712,000000,8.71,8.79,8.3,8.46,373483,0
DAPP.US,D,20230713,000000,8.54,9.65,8.54,9.59,345334,0
DAPP.US,D,20230714,000000,9.59,9.76,8.87,9.06,505985,0
DAPP.US,D,20230717,000000,9.08,9.399,8.83,8.89,255236,0
DAPP.US,D,20230718,000000,8.81,8.88,8.5849,8.75,441701,0
DAPP.US,D,20230719,000000,8.75,9.13,8.75,9.01,331773,0
DAPP.US,D,20230720,000000,9.04,9.14,8.5003,8.53,299933,0
DAPP.US,D,20230721,000000,8.57,8.73,8.21,8.5,130400,0
DAPP.US,D,20230724,000000,8.3,8.349,8.09,8.25,196472,0
DAPP.US,D,20230725,000000,8.25,8.64,8.25,8.3,160981,0
DAPP.US,D,20230726,000000,8.31,8.57,8.2742,8.51,80783,0
DAPP.US,D,20230727,000000,8.56,8.662,8.02,8.09,376035,0
DAPP.US,D,20230728,000000,8.17,8.41,8.16,8.33,385181,0
DAPP.US,D,20230731,000000,8.39,8.57,8.36,8.42,227084,0
DAPP.US,D,20230801,000000,8.31,8.31,7.91,8.175,377609,0
DAPP.US,D,20230802,000000,8.12,8.299,7.85,7.96,87634,0
DAPP.US,D,20230803,000000,7.8,7.94,7.71,7.77,60038,0
DAPP.US,D,20230804,000000,7.8,7.8,7.4,7.4,262215,0
DAPP.US,D,20230807,000000,7.4,7.4082,6.95,7.23,209745,0
DAPP.US,D,20230808,000000,7.32,7.56,7.19,7.53,141397,0
DAPP.US,D,20230809,000000,7.63,7.66,7.25,7.25,87954,0
DAPP.US,D,20230810,000000,7.3,7.6199,7.18,7.18,133282,0
DAPP.US,D,20230811,000000,7.09,7.47,7.08,7.37,47192,0
DAPP.US,D,20230814,000000,7.35,7.35,7.07,7.23,74249,0
DAPP.US,D,20230815,000000,7.17,7.288,6.97,6.97,55971,0
DAPP.US,D,20230816,000000,6.91,6.9799,6.77,6.89,100242,0
DAPP.US,D,20230817,000000,6.77,6.77,6.421,6.44,205067,0
DAPP.US,D,20230818,000000,6.12,6.32,6.02,6.24,88567,0
DAPP.US,D,20230821,000000,6.27,6.33,6.07,6.21,143556,0
DAPP.US,D,20230822,000000,6.24,6.27,6.02,6.05,55794,0
DAPP.US,D,20230823,000000,6.05,6.43,6.05,6.37,148234,0
DAPP.US,D,20230824,000000,6.43,6.43,6,6.03,205516,0
DAPP.US,D,20230825,000000,6.03,6.12,5.9,6.03,255287,0
DAPP.US,D,20230828,000000,6.16,6.18,6.03,6.04,72265,0
DAPP.US,D,20230829,000000,6.1,6.9299,6.03,6.88,283859,0
DAPP.US,D,20230830,000000,6.81,6.8248,6.65,6.75,129187,0
DAPP.US,D,20230831,000000,6.82,6.85,6.45,6.45,253139,0
DAPP.US,D,20230901,000000,6.5,6.5,6.15,6.2,112028,0
DAPP.US,D,20230905,000000,6.2,6.239,6.1326,6.14,71625,0
DAPP.US,D,20230906,000000,6.18,6.3,6.08,6.16,78512,0
DAPP.US,D,20230907,000000,6.09,6.1827,5.8815,6.12,88123,0
DAPP.US,D,20230908,000000,6.16,6.16,5.93,6,36807,0
DAPP.US,D,20230911,000000,6,6.0605,5.75,5.75,107141,0
DAPP.US,D,20230912,000000,5.91,6.199,5.82,5.82,55200,0
DAPP.US,D,20230913,000000,5.9,5.9,5.725,5.75,35970,0
DAPP.US,D,20230914,000000,5.9,6.097,5.831,5.94,134794,0
DAPP.US,D,20230915,000000,5.98,5.99,5.89,5.95,138804,0
DAPP.US,D,20230918,000000,6.19,6.239,5.9505,5.99,48794,0
DAPP.US,D,20230919,000000,6.05,6.0903,5.85,5.93,63770,0
DAPP.US,D,20230920,000000,5.94,5.9649,5.71,5.71,20791,0
DAPP.US,D,20230921,000000,5.58,5.6397,5.52,5.56,43778,0
DAPP.US,D,20230922,000000,5.61,5.6192,5.4,5.4,62695,0
DAPP.US,D,20230925,000000,5.3,5.46,5.29,5.38,160976,0
DAPP.US,D,20230926,000000,5.38,5.47,5.25,5.25,393016,0
DAPP.US,D,20230927,000000,5.4,5.49,5.27,5.36,177985,0
DAPP.US,D,20230928,000000,5.36,5.69,5.32,5.55,69289,0
DAPP.US,D,20230929,000000,5.6,5.67,5.46,5.48,47876,0
DAPP.US,D,20231002,000000,5.71,5.9221,5.48,5.52,110598,0
DAPP.US,D,20231003,000000,5.42,5.43,5.11,5.13,46258,0
DAPP.US,D,20231004,000000,5.1,5.23,4.99,5.22,213429,0
DAPP.US,D,20231005,000000,5.22,5.3,5.09,5.18,33805,0
DAPP.US,D,20231006,000000,5.1,5.48,5.0967,5.48,80771,0
DAPP.US,D,20231009,000000,5.37,5.43,5.29,5.36,60281,0
DAPP.US,D,20231010,000000,5.37,5.62,5.37,5.48,34359,0
DAPP.US,D,20231011,000000,5.47,5.47,5.2,5.26,49830,0
DAPP.US,D,20231012,000000,5.2003,5.26,5.07,5.1,31428,0
DAPP.US,D,20231013,000000,5.13,5.13,4.975,5,29175,0
DAPP.US,D,20231016,000000,5.28,5.47,5.153,5.26,52915,0
DAPP.US,D,20231017,000000,5.24,5.48,5.173,5.44,44411,0
DAPP.US,D,20231018,000000,5.37,5.37,5.04,5.09,83330,0
DAPP.US,D,20231019,000000,5.1,5.17,5.03,5.08,34516,0
DAPP.US,D,20231020,000000,5.17,5.3,5.08,5.085,28117,0
DAPP.US,D,20231023,000000,5.21,5.5,5.11,5.4,66665,0
DAPP.US,D,20231024,000000,5.91,6.08,5.73,5.89,201437,0
DAPP.US,D,20231025,000000,5.88,6.0499,5.785,5.82,200915,0
DAPP.US,D,20231026,000000,5.77,5.85,5.5,5.6,76069,0
DAPP.US,D,20231027,000000,5.65,5.726,5.5,5.53,88174,0
DAPP.US,D,20231030,000000,5.66,5.837,5.49,5.6,228588,0
DAPP.US,D,20231031,000000,5.58,5.63,5.47,5.62,66117,0
DAPP.US,D,20231101,000000,5.66,5.7,5.55,5.7,83704,0
DAPP.US,D,20231102,000000,5.82,6.14,5.82,6.13,263303,0
DAPP.US,D,20231103,000000,6.1,6.32,6.09,6.21,104084,0
DAPP.US,D,20231106,000000,6.32,6.34,6.0001,6.06,131846,0
DAPP.US,D,20231107,000000,6.04,6.14,5.9,6.14,58305,0
DAPP.US,D,20231108,000000,6.06,6.06,5.83,5.88,108639,0
DAPP.US,D,20231109,000000,6.16,6.47,5.81,5.89,145103,0
DAPP.US,D,20231110,000000,5.89,5.9599,5.67,5.87,126607,0
DAPP.US,D,20231113,000000,5.82,5.82,5.57,5.68,126316,0
DAPP.US,D,20231114,000000,5.7,5.8,5.535,5.72,123354,0
DAPP.US,D,20231115,000000,5.78,6.17,5.73,6.1,99806,0
DAPP.US,D,20231116,000000,5.96,5.99,5.76,5.85,59354,0
DAPP.US,D,20231117,000000,5.86,5.95,5.76,5.925,150401,0
DAPP.US,D,20231120,000000,6.04,6.275,6.024,6.24,98356,0
DAPP.US,D,20231121,000000,6.1,6.16,5.91,6.03,302352,0
DAPP.US,D,20231122,000000,6.14,6.23,5.93,6.2141,44270,0
DAPP.US,D,20231124,000000,6.21,6.59,6.17,6.5238,105859,0
DAPP.US,D,20231127,000000,6.42,6.61,6.29,6.46,343996,0
DAPP.US,D,20231128,000000,6.59,7,6.59,6.99,190605,0
DAPP.US,D,20231129,000000,7.11,7.14,6.91,7.05,281797,0
DAPP.US,D,20231130,000000,7,7.05,6.84,6.86,114019,0
DAPP.US,D,20231201,000000,6.9,7.54,6.85,7.51,407626,0
DAPP.US,D,20231204,000000,8.25,8.28,7.75,8.07,282270,0
DAPP.US,D,20231205,000000,8.06,8.4899,7.995,8.13,242583,0
DAPP.US,D,20231206,000000,8.33,8.33,8.01,8.01,619481,0
DAPP.US,D,20231207,000000,7.95,8.22,7.75,8.12,189664,0
DAPP.US,D,20231208,000000,8.12,8.7,8.12,8.69,238133,0
DAPP.US,D,20231211,000000,8.3,8.3,7.62,7.75,365865,0
DAPP.US,D,20231212,000000,7.85,7.95,7.68,7.79,351358,0
DAPP.US,D,20231213,000000,7.88,8.5,7.68,8.5,185819,0
DAPP.US,D,20231214,000000,8.59,8.9397,8.52,8.79,180405,0
DAPP.US,D,20231215,000000,8.69,8.83,8.51,8.83,117802,0
DAPP.US,D,20231218,000000,8.68,9.25,8.5982,9.11,303293,0
DAPP.US,D,20231219,000000,9.5,9.75,9.11,9.41,477815,0
DAPP.US,D,20231220,000000,9.85,10.248,9.52,9.52,473920,0
DAPP.US,D,20231221,000000,10.06,10.2499,9.73,10.23,455114,0
DAPP.US,D,20231222,000000,10.33,11.215,10.1,10.92,542456,0
DAPP.US,D,20231226,000000,10.88,11.23,10.71,11.15,404918,0
DAPP.US,D,20231227,000000,11.62,12.45,11.61,12.39,901838,0
DAPP.US,D,20231228,000000,12.07,12.1481,11.5,11.79,737464,0
DAPP.US,D,20231229,000000,11.93,12.1,10.07,10.28,829002,0
DAPP.US,D,20240102,000000,11.16,11.24,9.9,9.97,834220,0
DAPP.US,D,20240103,000000,9.14,9.87,9,9.58,769028,0
DAPP.US,D,20240104,000000,9.82,10.2,9.55,9.88,228295,0
DAPP.US,D,20240105,000000,9.88,9.88,9.3,9.54,252489,0
DAPP.US,D,20240108,000000,9.65,10.14,9.0909,9.97,490704,0
DAPP.US,D,20240109,000000,9.97,10.07,9.7086,9.75,355530,0
DAPP.US,D,20240110,000000,9.59,10.21,9.3036,9.84,661300,0
DAPP.US,D,20240111,000000,10.64,10.81,8.9,9.16,484538,0
DAPP.US,D,20240112,000000,8.91,8.998,8.33,8.34,388925,0
DAPP.US,D,20240116,000000,8.15,8.25,7.72,7.99,487262,0
DAPP.US,D,20240117,000000,7.74,7.8,7.66,7.78,131301,0
DAPP.US,D,20240118,000000,7.84,7.9975,7.29,7.3,195099,0
DAPP.US,D,20240119,000000,7.33,7.36,6.9149,7.35,276999,0
DAPP.US,D,20240122,000000,7.21,7.59,7.09,7.39,98712,0
DAPP.US,D,20240123,000000,7.2,7.2316,7.02,7.07,174379,0
DAPP.US,D,20240124,000000,7.38,7.44,6.96,7.01,332277,0
DAPP.US,D,20240125,000000,7.04,7.1999,6.92,7.14,73309,0
DAPP.US,D,20240126,000000,7.42,7.83,7.4148,7.78,223387,0
DAPP.US,D,20240129,000000,7.93,8.4299,7.71,8.25,302756,0
DAPP.US,D,20240130,000000,8.31,8.3299,7.98,8.1,182238,0
DAPP.US,D,20240131,000000,7.9,8.2,7.71,7.71,111847,0
DAPP.US,D,20240201,000000,7.78,7.9,7.5001,7.79,190492,0
DAPP.US,D,20240202,000000,7.7,7.81,7.5,7.64,121385,0
DAPP.US,D,20240205,000000,7.57,7.57,7.12,7.12,257848,0
DAPP.US,D,20240206,000000,7.11,7.4499,7.1,7.41,156820,0
DAPP.US,D,20240207,000000,7.41,7.6,7.17,7.59,229652,0
DAPP.US,D,20240208,000000,7.8,8.41,7.79,8.4,291672,0
DAPP.US,D,20240209,000000,9,9.226,8.77,9.15,304998,0
DAPP.US,D,20240212,000000,9.17,10.12,9.17,9.97,310095,0
DAPP.US,D,20240213,000000,9.42,9.65,9.07,9.45,403754,0
DAPP.US,D,20240214,000000,10.37,10.72,10.28,10.66,293879,0
DAPP.US,D,20240215,000000,11,11.1277,10.2,10.4,864286,0
DAPP.US,D,20240216,000000,10.63,10.7452,10.1,10.3,215338,0
DAPP.US,D,20240220,000000,10.34,10.4388,9.42,9.86,597322,0
DAPP.US,D,20240221,000000,9.37,9.5799,9.27,9.28,250157,0
DAPP.US,D,20240222,000000,9.62,9.8,9.42,9.57,179343,0
DAPP.US,D,20240223,000000,9.58,9.58,9.145,9.37,342138,0
DAPP.US,D,20240226,000000,9.37,10.7475,9.37,10.61,295642,0
DAPP.US,D,20240227,000000,11.43,11.52,10.61,10.8,418640,0
DAPP.US,D,20240228,000000,11.41,11.41,10.4,10.54,348882,0
DAPP.US,D,20240229,000000,10.65,10.86,9.71,9.9,411600,0
DAPP.US,D,20240301,000000,9.9,10.24,9.57,10.18,311941,0
DAPP.US,D,20240304,000000,10.62,10.84,10.12,10.26,477370,0
DAPP.US,D,20240305,000000,10.17,10.45,9.46,9.46,604957,0
DAPP.US,D,20240306,000000,9.8,10.29,9.52,9.99,335551,0
DAPP.US,D,20240307,000000,10.12,10.185,9.75,10.12,407931,0
DAPP.US,D,20240308,000000,10.13,11.0972,10.13,10.6,461605,0
DAPP.US,D,20240311,000000,11.07,11.09,10.1,10.1,271880,0
DAPP.US,D,20240312,000000,10.21,10.26,9.75,10.12,129929,0
DAPP.US,D,20240313,000000,10.2,10.7484,10.18,10.54,95115,0
DAPP.US,D,20240314,000000,10.39,10.5,9.62,9.85,277377,0
DAPP.US,D,20240315,000000,9.57,10.56,9.57,10.47,125561,0
DAPP.US,D,20240318,000000,10.4,10.5,10,10.15,73854,0
DAPP.US,D,20240319,000000,9.79,10.05,9.375,9.96,236445,0
DAPP.US,D,20240320,000000,10.03,11.3,9.91,11.27,577949,0
DAPP.US,D,20240321,000000,11.53,11.7,11.1115,11.26,1624524,0
DAPP.US,D,20240322,000000,11.13,11.13,10.68,10.8,721450,0
DAPP.US,D,20240325,000000,11.08,11.7899,11.08,11.64,199820,0
DAPP.US,D,20240326,000000,11.78,11.79,11.3021,11.44,469182,0
DAPP.US,D,20240327,000000,11.74,11.8,11.15,11.55,200958,0
DAPP.US,D,20240328,000000,11.68,12.2599,11.59,11.65,443279,0
DAPP.US,D,20240401,000000,11.57,11.6486,11.0059,11.26,579638,0
DAPP.US,D,20240402,000000,10.82,10.82,10.24,10.41,257622,0
DAPP.US,D,20240403,000000,10.39,10.66,10.3,10.4,96925,0
DAPP.US,D,20240404,000000,10.76,10.98,10.36,10.39,485459,0
DAPP.US,D,20240405,000000,10.17,10.43,10.061,10.13,256283,0
DAPP.US,D,20240408,000000,10.64,10.8,10.06,10.21,127152,0
DAPP.US,D,20240409,000000,10.21,10.23,9.8,9.94,261459,0
DAPP.US,D,20240410,000000,9.75,10.0599,9.63,9.98,521058,0
DAPP.US,D,20240411,000000,10,10.05,9.6785,10.05,190481,0
DAPP.US,D,20240412,000000,9.88,10.03,9.285,9.4,231410,0
DAPP.US,D,20240415,000000,9.4,9.41,8.77,8.83,356800,0
DAPP.US,D,20240416,000000,8.65,8.69,8.37,8.58,137498,0
DAPP.US,D,20240417,000000,8.6,8.81,8.3569,8.58,58330,0
DAPP.US,D,20240418,000000,8.58,9.0788,8.49,8.82,94162,0
DAPP.US,D,20240419,000000,9.09,9.15,8.82,8.99,112956,0
DAPP.US,D,20240422,000000,9.26,9.9,9.11,9.9,279633,0
DAPP.US,D,20240423,000000,9.8,10.42,9.78,10.32,336308,0
DAPP.US,D,20240424,000000,10.28,10.46,9.96,10.03,173625,0
DAPP.US,D,20240425,000000,9.55,9.979,9.44,9.86,292763,0
DAPP.US,D,20240426,000000,9.98,10.16,9.85,10.1,219178,0
DAPP.US,D,20240429,000000,9.86,9.99,9.5836,9.68,165640,0
DAPP.US,D,20240430,000000,9.33,9.4277,8.88,8.9,175198,0
DAPP.US,D,20240501,000000,8.73,9.2058,8.5201,8.74,201471,0
DAPP.US,D,20240502,000000,9,9.2,8.8,9.17,111376,0
DAPP.US,D,20240503,000000,9.53,9.63,9.25,9.35,483557,0
DAPP.US,D,20240506,000000,9.58,9.97,9.55,9.83,135956,0
DAPP.US,D,20240507,000000,9.8,9.8,9.32,9.37,267362,0
DAPP.US,D,20240508,000000,9.25,9.43,9.05,9.43,52934,0
DAPP.US,D,20240509,000000,9.31,9.6799,9.28,9.57,68343,0
DAPP.US,D,20240510,000000,9.64,9.66,9.12,9.12,137682,0
DAPP.US,D,20240513,000000,9.25,9.48,9.0401,9.11,52183,0
DAPP.US,D,20240514,000000,9.02,9.31,9.01,9.21,59342,0
DAPP.US,D,20240515,000000,9.52,9.9526,9.32,9.94,80922,0
DAPP.US,D,20240516,000000,9.92,10.0579,9.69,9.69,522832,0
DAPP.US,D,20240517,000000,9.91,10.14,9.69,9.83,90677,0
DAPP.US,D,20240520,000000,9.85,10.72,9.745,10.72,346976,0
DAPP.US,D,20240521,000000,10.74,10.79,10.4,10.47,1110728,0
DAPP.US,D,20240522,000000,10.53,11.0899,10.48,10.62,73774,0
DAPP.US,D,20240523,000000,10.67,10.67,9.9553,10.05,121313,0
DAPP.US,D,20240524,000000,10.14,10.6612,10.04,10.55,313306,0
DAPP.US,D,20240528,000000,10.55,10.7999,10.3555,10.54,240275,0
DAPP.US,D,20240529,000000,10.34,10.5491,10.272,10.33,67717,0
DAPP.US,D,20240530,000000,10.49,10.7,10.27,10.35,72375,0
DAPP.US,D,20240531,000000,10.48,10.6,9.9101,10.14,145955,0
DAPP.US,D,20240603,000000,10.41,10.67,10.18,10.22,101918,0
DAPP.US,D,20240604,000000,10.32,10.99,10.32,10.84,288983,0
DAPP.US,D,20240605,000000,11.05,11.26,10.71,11.25,136307,0
DAPP.US,D,20240606,000000,11.17,11.8,11.15,11.65,170315,0
DAPP.US,D,20240607,000000,11.57,11.95,11.16,11.16,331451,0
DAPP.US,D,20240610,000000,11,11.41,10.96,11.22,200706,0
DAPP.US,D,20240611,000000,10.95,11.44,10.4751,11.44,201273,0
DAPP.US,D,20240612,000000,11.9,12.38,11.9,12.06,196239,0
DAPP.US,D,20240613,000000,12.03,12.535,11.82,12.2,488476,0
DAPP.US,D,20240614,000000,12.25,12.39,11.78,12.06,389725,0
DAPP.US,D,20240617,000000,11.93,12.87,11.75,12.73,262425,0
DAPP.US,D,20240618,000000,12.54,12.671,12.29,12.56,147532,0
DAPP.US,D,20240620,000000,12.79,13.23,12.595,12.86,377568,0
DAPP.US,D,20240621,000000,12.45,12.6,11.8301,12.11,406622,0
DAPP.US,D,20240624,000000,11.75,12,11.41,11.68,485676,0
DAPP.US,D,20240625,000000,11.84,12.42,11.77,12.24,72773,0
DAPP.US,D,20240626,000000,12.2,12.73,12.15,12.18,57199,0
DAPP.US,D,20240627,000000,12.37,12.6,12.05,12.13,58629,0
DAPP.US,D,20240628,000000,12.32,12.32,11.85,11.99,71396,0
DAPP.US,D,20240701,000000,12.28,12.83,12.25,12.73,135051,0
DAPP.US,D,20240702,000000,12.64,13.03,12.6,12.8,108653,0
DAPP.US,D,20240703,000000,12.57,12.8,12.5,12.67,34931,0
DAPP.US,D,20240705,000000,11.84,12.5834,11.72,12.54,421859,0
DAPP.US,D,20240708,000000,12.66,12.81,12.38,12.6,51830,0
DAPP.US,D,20240709,000000,12.67,12.81,11.93,11.95,94763,0
DAPP.US,D,20240710,000000,12.16,12.27,11.91,11.92,317451,0
DAPP.US,D,20240711,000000,12.29,12.555,11.87,12,218053,0
DAPP.US,D,20240712,000000,12.05,12.8,11.98,12.69,185676,0
DAPP.US,D,20240715,000000,13.25,14.21,13.1568,14.16,281861,0
DAPP.US,D,20240716,000000,14.21,14.85,14.01,14.79,229781,0
DAPP.US,D,20240717,000000,14.38,15.14,13.95,14.21,560362,0
DAPP.US,D,20240718,000000,14.46,14.5,13.08,13.22,499274,0
DAPP.US,D,20240719,000000,13.31,14.0552,13.07,13.9,191959,0
DAPP.US,D,20240722,000000,14.2,14.37,13.6,14.17,156080,0
DAPP.US,D,20240723,000000,13.97,14.2772,13.6655,13.69,224656,0
DAPP.US,D,20240724,000000,13.7,13.8496,12.89,12.96,251172,0
DAPP.US,D,20240725,000000,12.57,12.7,12.0601,12.16,152426,0
DAPP.US,D,20240726,000000,12.77,13.13,12.5891,12.72,266296,0
DAPP.US,D,20240729,000000,13.03,13.25,12.28,12.31,166964,0
DAPP.US,D,20240730,000000,12.25,12.36,11.82,11.89,220123,0
DAPP.US,D,20240731,000000,12.3,12.72,12.22,12.29,135601,0
DAPP.US,D,20240801,000000,12.22,12.4,11.4,11.57,236390,0
DAPP.US,D,20240802,000000,11.34,11.5,10.71,10.79,149759,0
DAPP.US,D,20240805,000000,9.15,10.1,8.69,9.91,600898,0
DAPP.US,D,20240806,000000,10.14,10.45,9.8101,10.25,114296,0
DAPP.US,D,20240807,000000,10.74,10.74,9.72,9.76,257594,0
DAPP.US,D,20240808,000000,10.09,10.76,9.98,10.65,147244,0
DAPP.US,D,20240809,000000,10.71,10.71,10.4,10.57,64853,0
DAPP.US,D,20240812,000000,10.39,10.47,10.07,10.19,122024,0
DAPP.US,D,20240813,000000,10.26,10.46,10.09,10.24,391911,0
DAPP.US,D,20240814,000000,10.39,10.46,10.05,10.16,164619,0
DAPP.US,D,20240815,000000,10.34,10.75,10.34,10.46,221931,0
DAPP.US,D,20240816,000000,10.46,10.89,10.46,10.86,83927,0
DAPP.US,D,20240819,000000,10.86,11.12,10.71,11.12,137228,0
DAPP.US,D,20240820,000000,11.22,11.5,10.96,11.16,353681,0
DAPP.US,D,20240821,000000,11.19,11.59,11.09,11.59,185576,0
DAPP.US,D,20240822,000000,11.64,11.64,11.09,11.17,188432,0
DAPP.US,D,20240823,000000,11.38,11.89,11.22,11.89,188382,0
DAPP.US,D,20240826,000000,11.81,11.91,11.6,11.72,390349,0
DAPP.US,D,20240827,000000,11.6,11.6,11.14,11.3009,98590,0
DAPP.US,D,20240828,000000,11.18,11.27,10.68,10.78,210176,0
DAPP.US,D,20240829,000000,10.99,11.37,10.78,10.87,216657,0
DAPP.US,D,20240830,000000,10.9,10.9,10.53,10.69,66693,0
DAPP.US,D,20240903,000000,10.53,10.53,9.77,9.77,158433,0
DAPP.US,D,20240904,000000,9.71,10.01,9.53,9.75,72668,0
DAPP.US,D,20240905,000000,10.01,10.22,9.9,10.06,41327,0
DAPP.US,D,20240906,000000,10.1,10.29,9.41,9.47,156840,0
DAPP.US,D,20240909,000000,9.68,10.29,9.68,10.28,285631,0
DAPP.US,D,20240910,000000,10.19,10.56,9.97,10.55,216198,0
DAPP.US,D,20240911,000000,10.4,10.57,10.025,10.49,47855,0
DAPP.US,D,20240912,000000,10.49,10.74,10.33,10.66,121040,0
DAPP.US,D,20240913,000000,10.68,11.02,10.64,10.91,93990,0
DAPP.US,D,20240916,000000,10.68,10.69,10.35,10.59,55647,0
DAPP.US,D,20240917,000000,10.67,11.11,10.67,10.81,197563,0
DAPP.US,D,20240918,000000,10.71,11.348,10.69,10.7,116016,0
DAPP.US,D,20240919,000000,11.26,11.34,10.95,10.95,96507,0
DAPP.US,D,20240920,000000,10.98,11.08,10.8,11.02,677089,0
DAPP.US,D,20240923,000000,11.13,11.39,11.07,11.3,319945,0
DAPP.US,D,20240924,000000,11.25,11.78,11.17,11.78,115366,0
DAPP.US,D,20240925,000000,11.78,11.9762,11.54,11.54,449572,0
DAPP.US,D,20240926,000000,11.93,12.35,11.72,12.18,862533,0
DAPP.US,D,20240927,000000,12.41,12.48,12.17,12.33,470406,0
DAPP.US,D,20240930,000000,11.9,12.035,11.73,11.76,433316,0
DAPP.US,D,20241001,000000,11.85,11.85,11.02,11.22,138608,0
DAPP.US,D,20241002,000000,11.05,11.43,10.95,11.28,283450,0
DAPP.US,D,20241003,000000,11.27,11.43,11.09,11.31,58370,0
DAPP.US,D,20241004,000000,11.6,11.725,11.32,11.66,27634,0
DAPP.US,D,20241007,000000,11.85,11.97,11.37,11.54,134649,0
DAPP.US,D,20241008,000000,11.44,11.63,11.32,11.49,70507,0
DAPP.US,D,20241009,000000,11.45,11.555,11.2,11.26,489153,0
DAPP.US,D,20241010,000000,11.29,11.34,11,11.14,621591,0
DAPP.US,D,20241011,000000,11.25,11.98,11.24,11.9638,515040,0
DAPP.US,D,20241014,000000,12.33,12.6399,12.08,12.45,159808,0
DAPP.US,D,20241015,000000,12.39,12.8,11.99,12.25,747443,0
DAPP.US,D,20241016,000000,12.55,13.06,12.3899,13.05,133451,0
DAPP.US,D,20241017,000000,13,13,12.645,12.79,153874,0
DAPP.US,D,20241018,000000,13.14,13.69,13,13.62,178663,0
DAPP.US,D,20241021,000000,13.49,13.8532,13.05,13.82,376034,0
DAPP.US,D,20241022,000000,13.79,14.05,13.53,13.93,129282,0
DAPP.US,D,20241023,000000,13.68,13.83,13.02,13.34,414350,0
DAPP.US,D,20241024,000000,13.69,13.99,13.37,13.8,110996,0
DAPP.US,D,20241025,000000,13.89,14.035,13.4,13.55,330781,0
DAPP.US,D,20241028,000000,13.92,14.72,13.92,14.59,589170,0
DAPP.US,D,20241029,000000,14.92,15.14,14.54,14.7,555178,0
DAPP.US,D,20241030,000000,14.39,14.7,14.15,14.45,134898,0
DAPP.US,D,20241031,000000,14.17,14.17,13.22,13.24,819581,0
DAPP.US,D,20241101,000000,13.38,13.8666,12.95,12.99,226600,0
DAPP.US,D,20241104,000000,12.85,12.9,12.5642,12.67,203997,0
