<TICKER>,<PER>,<DATE>,<TIME>,<OPEN>,<HIGH>,<LOW>,<CLOSE>,<VOL>,<OPENINT>
DEMZ.US,D,20201104,000000,20.893,21.033,20.725,20.821,16512,0
DEMZ.US,D,20201105,000000,24.871,24.871,21.122,21.252,12484,0
DEMZ.US,D,20201106,000000,21.41,21.41,21.082,21.186,9045,0
DEMZ.US,D,20201109,000000,21.917,21.997,21.788,21.798,7126,0
DEMZ.US,D,20201110,000000,21.579,21.579,21.43,21.497,5746,0
DEMZ.US,D,20201111,000000,21.49,21.554,21.41,21.517,5320,0
DEMZ.US,D,20201112,000000,21.41,21.519,21.191,21.3,5090,0
DEMZ.US,D,20201113,000000,21.539,21.641,21.521,21.641,5082,0
DEMZ.US,D,20201116,000000,21.868,21.907,21.848,21.907,2375,0
DEMZ.US,D,20201117,000000,22.355,22.355,21.798,21.867,3602,0
DEMZ.US,D,20201118,000000,21.927,21.927,21.798,21.798,1154,0
DEMZ.US,D,20201119,000000,21.589,21.719,21.589,21.719,1053,0
DEMZ.US,D,20201120,000000,21.699,21.699,21.572,21.572,312,0
DEMZ.US,D,20201123,000000,21.579,21.621,21.579,21.621,150,0
DEMZ.US,D,20201130,000000,21.737,21.809,21.737,21.809,351,0
DEMZ.US,D,20201201,000000,22.096,22.127,22.075,22.127,211,0
DEMZ.US,D,20201202,000000,22.126,22.182,22.126,22.182,1720,0
DEMZ.US,D,20201203,000000,22.236,22.236,22.126,22.126,785,0
DEMZ.US,D,20201204,000000,22.226,22.381,22.226,22.381,127,0
DEMZ.US,D,20201207,000000,22.424,22.424,22.397,22.397,300,0
DEMZ.US,D,20201208,000000,22.464,22.464,22.436,22.436,459,0
DEMZ.US,D,20201211,000000,22.405,22.405,22.405,22.405,317,0
DEMZ.US,D,20201214,000000,22.614,22.614,22.334,22.334,2071,0
DEMZ.US,D,20201215,000000,22.432,22.606,22.432,22.606,772,0
DEMZ.US,D,20201216,000000,22.614,22.674,22.614,22.674,648,0
DEMZ.US,D,20201217,000000,22.762,22.782,22.762,22.771,474,0
DEMZ.US,D,20201221,000000,22.584,22.612,22.574,22.612,1922,0
DEMZ.US,D,20201222,000000,22.653,22.653,22.574,22.576,3620,0
DEMZ.US,D,20201224,000000,22.624,22.63,22.624,22.63,204,0
DEMZ.US,D,20201228,000000,22.842,22.842,22.842,22.842,466,0
DEMZ.US,D,20201229,000000,22.643,22.725,22.643,22.725,1058,0
DEMZ.US,D,20201230,000000,22.782,22.782,22.713,22.77,816,0
DEMZ.US,D,20201231,000000,22.892,22.892,22.892,22.892,106,0
DEMZ.US,D,20210104,000000,22.603,22.623,22.603,22.622,1524,0
DEMZ.US,D,20210105,000000,22.752,22.752,22.703,22.743,400,0
DEMZ.US,D,20210106,000000,22.792,23.091,22.792,23.008,3968,0
DEMZ.US,D,20210107,000000,23.161,23.301,23.161,23.299,589,0
DEMZ.US,D,20210111,000000,23.241,23.251,23.241,23.251,295,0
DEMZ.US,D,20210112,000000,23.271,23.377,23.251,23.377,1243,0
DEMZ.US,D,20210113,000000,23.181,23.242,23.171,23.242,581,0
DEMZ.US,D,20210115,000000,23.131,23.131,22.842,22.903,3411,0
DEMZ.US,D,20210121,000000,23.361,23.421,23.361,23.401,1879,0
DEMZ.US,D,20210122,000000,23.221,23.25,23.197,23.197,2251,0
DEMZ.US,D,20210125,000000,22.912,22.912,22.912,22.912,607,0
DEMZ.US,D,20210126,000000,23.111,23.111,23.111,23.111,196,0
DEMZ.US,D,20210127,000000,22.631,22.631,22.624,22.624,454,0
DEMZ.US,D,20210128,000000,22.937,22.937,22.847,22.847,416,0
DEMZ.US,D,20210129,000000,22.314,22.314,22.314,22.314,1254,0
DEMZ.US,D,20210201,000000,22.443,22.797,22.443,22.759,787,0
DEMZ.US,D,20210202,000000,23.231,23.231,23.141,23.141,716,0
DEMZ.US,D,20210203,000000,23.161,23.241,23.161,23.221,676,0
DEMZ.US,D,20210204,000000,23.361,23.52,23.361,23.515,2742,0
DEMZ.US,D,20210208,000000,23.809,23.879,23.787,23.879,1233,0
DEMZ.US,D,20210209,000000,24.027,24.039,23.974,23.974,3191,0
DEMZ.US,D,20210210,000000,24.138,24.138,24.138,24.138,522,0
DEMZ.US,D,20210211,000000,24.049,24.218,24.049,24.15,1017,0
DEMZ.US,D,20210212,000000,24.298,24.298,24.158,24.245,580,0
DEMZ.US,D,20210216,000000,24.198,24.198,24.198,24.198,483,0
DEMZ.US,D,20210217,000000,23.949,24.128,23.949,24.128,1891,0
DEMZ.US,D,20210218,000000,23.929,24.071,23.929,24.071,406,0
DEMZ.US,D,20210222,000000,23.869,23.971,23.869,23.939,1710,0
DEMZ.US,D,20210223,000000,23.794,23.994,23.68,23.991,1098,0
DEMZ.US,D,20210224,000000,24.098,24.198,24.098,24.198,1172,0
DEMZ.US,D,20210226,000000,23.59,23.947,23.581,23.581,2486,0
DEMZ.US,D,20210302,000000,23.929,23.929,23.929,23.929,544,0
DEMZ.US,D,20210303,000000,23.809,23.849,23.639,23.639,2363,0
DEMZ.US,D,20210304,000000,22.982,23.336,22.982,23.174,2402,0
DEMZ.US,D,20210305,000000,23.62,23.62,23.586,23.586,149,0
DEMZ.US,D,20210308,000000,23.69,23.72,23.62,23.62,905,0
DEMZ.US,D,20210310,000000,23.96,23.96,23.876,23.876,530,0
DEMZ.US,D,20210312,000000,24.079,24.079,24.079,24.079,222,0
DEMZ.US,D,20210315,000000,24.248,24.248,24.148,24.148,225,0
DEMZ.US,D,20210317,000000,25.873,25.873,24.128,24.268,23157,0
DEMZ.US,D,20210318,000000,24.128,24.228,24.089,24.089,763,0
DEMZ.US,D,20210319,000000,24.089,24.089,24.049,24.049,484,0
DEMZ.US,D,20210322,000000,24.079,24.138,24.079,24.128,966,0
DEMZ.US,D,20210325,000000,24.069,24.069,24.069,24.069,376,0
DEMZ.US,D,20210329,000000,24.368,24.368,24.368,24.368,453,0
DEMZ.US,D,20210331,000000,24.617,24.617,24.539,24.539,550,0
DEMZ.US,D,20210401,000000,24.727,24.757,24.727,24.757,787,0
DEMZ.US,D,20210405,000000,24.906,24.926,24.906,24.926,448,0
DEMZ.US,D,20210408,000000,25.275,25.285,25.255,25.284,3337,0
DEMZ.US,D,20210414,000000,25.544,25.544,25.522,25.522,456,0
DEMZ.US,D,20210415,000000,25.813,25.813,25.813,25.813,476,0
DEMZ.US,D,20210416,000000,25.942,25.943,25.913,25.923,826,0
DEMZ.US,D,20210419,000000,25.943,25.943,25.943,25.943,322,0
DEMZ.US,D,20210422,000000,25.923,25.923,25.755,25.788,1134,0
DEMZ.US,D,20210423,000000,26.122,26.132,26.093,26.093,512,0
DEMZ.US,D,20210426,000000,26.093,26.093,26.093,26.093,363,0
DEMZ.US,D,20210429,000000,26.311,26.354,26.292,26.354,754,0
DEMZ.US,D,20210430,000000,26.152,26.172,26.097,26.097,7276,0
DEMZ.US,D,20210504,000000,25.963,26.107,25.943,26.107,3862,0
DEMZ.US,D,20210505,000000,26.207,26.252,26.129,26.129,1013,0
DEMZ.US,D,20210507,000000,26.491,26.491,26.332,26.49,698,0
DEMZ.US,D,20210510,000000,26.471,26.471,26.307,26.307,1444,0
DEMZ.US,D,20210511,000000,25.843,26.063,25.793,25.933,3119,0
DEMZ.US,D,20210512,000000,25.604,25.604,25.454,25.454,306,0
DEMZ.US,D,20210513,000000,25.774,25.828,25.774,25.828,4192,0
DEMZ.US,D,20210514,000000,26.083,26.197,26.083,26.197,431,0
DEMZ.US,D,20210517,000000,26.013,26.053,26.013,26.053,294,0
DEMZ.US,D,20210519,000000,26.059,26.059,25.464,25.752,4842,0
DEMZ.US,D,20210521,000000,26.122,26.122,26.043,26.043,550,0
DEMZ.US,D,20210525,000000,26.362,26.362,26.25,26.25,418,0
DEMZ.US,D,20210526,000000,26.312,26.322,26.312,26.322,222,0
DEMZ.US,D,20210527,000000,26.471,26.471,26.392,26.405,2134,0
DEMZ.US,D,20210528,000000,26.551,26.571,26.551,26.571,563,0
DEMZ.US,D,20210601,000000,26.452,26.461,26.452,26.461,347,0
DEMZ.US,D,20210602,000000,26.561,26.561,26.561,26.561,477,0
DEMZ.US,D,20210603,000000,26.476,26.476,26.429,26.429,101,0
DEMZ.US,D,20210604,000000,26.611,26.655,26.611,26.655,479,0
DEMZ.US,D,20210607,000000,26.631,26.631,26.583,26.583,1906,0
DEMZ.US,D,20210608,000000,26.551,26.87,26.551,26.624,2343,0
DEMZ.US,D,20210609,000000,26.661,26.671,26.62,26.62,1427,0
DEMZ.US,D,20210610,000000,26.647,26.742,26.647,26.742,215,0
DEMZ.US,D,20210611,000000,26.81,26.899,26.81,26.899,223,0
DEMZ.US,D,20210614,000000,26.895,26.926,26.834,26.926,515,0
DEMZ.US,D,20210615,000000,26.9,26.9,26.851,26.851,3907,0
DEMZ.US,D,20210617,000000,26.701,26.81,26.701,26.766,1337,0
DEMZ.US,D,20210618,000000,26.56,26.56,26.501,26.501,2375,0
DEMZ.US,D,20210621,000000,26.671,26.671,26.671,26.671,234,0
DEMZ.US,D,20210622,000000,26.681,26.986,26.681,26.986,399,0
DEMZ.US,D,20210623,000000,27.02,27.02,26.943,26.943,104,0
DEMZ.US,D,20210624,000000,27.1,27.1,27.095,27.095,101,0
DEMZ.US,D,20210625,000000,27.229,27.229,27.229,27.229,115,0
DEMZ.US,D,20210628,000000,28.226,29.162,27.299,27.419,2883,0
DEMZ.US,D,20210629,000000,27.498,27.498,27.457,27.457,357,0
DEMZ.US,D,20210630,000000,27.349,27.379,27.349,27.364,657,0
DEMZ.US,D,20210701,000000,27.459,27.518,27.459,27.518,708,0
DEMZ.US,D,20210706,000000,27.493,27.563,27.493,27.563,1031,0
DEMZ.US,D,20210707,000000,27.677,27.677,27.668,27.668,315,0
DEMZ.US,D,20210709,000000,27.607,27.693,27.607,27.693,277,0
DEMZ.US,D,20210712,000000,27.748,27.748,27.718,27.718,327,0
DEMZ.US,D,20210713,000000,27.658,27.658,27.635,27.635,225,0
DEMZ.US,D,20210714,000000,27.658,27.728,27.658,27.687,1703,0
DEMZ.US,D,20210715,000000,27.598,27.625,27.528,27.528,1253,0
DEMZ.US,D,20210716,000000,27.289,27.303,27.289,27.303,149,0
DEMZ.US,D,20210719,000000,27.01,27.12,26.743,26.944,10499,0
DEMZ.US,D,20210721,000000,27.454,27.488,27.449,27.488,1116,0
DEMZ.US,D,20210723,000000,27.738,27.738,27.738,27.738,151,0
DEMZ.US,D,20210803,000000,28.067,28.131,28.067,28.131,1037,0
DEMZ.US,D,20210804,000000,28.156,28.156,28.156,28.156,187,0
DEMZ.US,D,20210806,000000,28.356,28.356,28.349,28.349,118,0
DEMZ.US,D,20210809,000000,28.476,28.476,28.476,28.476,281,0
DEMZ.US,D,20210812,000000,28.266,28.321,28.266,28.321,343,0
DEMZ.US,D,20210813,000000,28.416,28.436,28.416,28.436,528,0
DEMZ.US,D,20210816,000000,28.406,28.406,28.406,28.406,439,0
DEMZ.US,D,20210818,000000,28.386,28.386,28.336,28.336,309,0
DEMZ.US,D,20210824,000000,28.61,28.61,28.585,28.585,211,0
DEMZ.US,D,20210827,000000,28.864,28.934,28.844,28.866,12202,0
DEMZ.US,D,20210830,000000,29.053,29.053,28.999,28.999,108,0
DEMZ.US,D,20210831,000000,29.014,29.014,29.014,29.014,305,0
DEMZ.US,D,20210908,000000,29.871,29.871,29.114,29.173,1357,0
DEMZ.US,D,20210909,000000,29.104,29.124,29.104,29.114,585,0
DEMZ.US,D,20210910,000000,28.934,28.934,28.934,28.934,231,0
DEMZ.US,D,20210913,000000,28.755,28.834,28.755,28.834,423,0
DEMZ.US,D,20210914,000000,28.655,28.722,28.655,28.722,246,0
DEMZ.US,D,20210915,000000,28.655,28.814,28.655,28.814,827,0
DEMZ.US,D,20210917,000000,28.565,28.565,28.558,28.558,121,0
DEMZ.US,D,20210920,000000,28.276,28.276,27.947,28.047,2113,0
DEMZ.US,D,20210921,000000,28.122,28.246,28.077,28.077,756,0
DEMZ.US,D,20210922,000000,27.967,28.146,27.937,28.146,2500,0
DEMZ.US,D,20210923,000000,28.515,28.52,28.485,28.485,1157,0
DEMZ.US,D,20210924,000000,28.535,28.553,28.515,28.553,1791,0
DEMZ.US,D,20210927,000000,28.535,28.535,28.505,28.505,616,0
DEMZ.US,D,20210928,000000,27.938,27.938,27.837,27.857,3907,0
DEMZ.US,D,20210929,000000,28.156,28.156,27.962,27.977,2609,0
DEMZ.US,D,20210930,000000,28.186,28.216,27.718,27.718,6267,0
DEMZ.US,D,20211001,000000,28.416,28.416,27.773,28.078,10387,0
DEMZ.US,D,20211004,000000,28.914,28.914,27.498,27.587,16479,0
DEMZ.US,D,20211005,000000,28.047,28.047,27.608,27.907,4068,0
DEMZ.US,D,20211006,000000,27.817,27.873,27.578,27.873,9004,0
DEMZ.US,D,20211007,000000,28.216,28.346,28.067,28.276,9445,0
DEMZ.US,D,20211008,000000,28.246,28.246,27.917,27.917,1297,0
DEMZ.US,D,20211011,000000,28.416,28.416,27.747,27.747,2054,0
DEMZ.US,D,20211012,000000,28.087,28.087,27.678,27.738,11422,0
DEMZ.US,D,20211013,000000,27.887,27.887,27.658,27.785,8948,0
DEMZ.US,D,20211014,000000,27.927,28.426,27.927,28.381,2834,0
DEMZ.US,D,20211015,000000,28.984,28.984,28.386,28.386,13886,0
DEMZ.US,D,20211018,000000,28.585,28.585,28.386,28.482,5166,0
DEMZ.US,D,20211019,000000,28.705,28.725,28.555,28.725,9349,0
DEMZ.US,D,20211020,000000,28.834,28.924,28.789,28.924,2802,0
DEMZ.US,D,20211021,000000,29.024,29.024,28.776,28.887,10183,0
DEMZ.US,D,20211022,000000,29.054,29.054,28.839,28.909,6030,0
DEMZ.US,D,20211025,000000,29.004,29.034,28.864,29.004,18100,0
DEMZ.US,D,20211026,000000,29.153,29.153,28.914,28.949,4521,0
DEMZ.US,D,20211027,000000,28.974,28.974,28.635,28.635,2843,0
DEMZ.US,D,20211028,000000,28.984,28.984,28.675,28.824,4792,0
DEMZ.US,D,20211029,000000,29.014,29.014,28.715,28.824,12335,0
DEMZ.US,D,20211101,000000,28.874,28.974,28.862,28.974,4486,0
DEMZ.US,D,20211102,000000,28.914,29.213,28.914,29.213,2822,0
DEMZ.US,D,20211103,000000,29.084,29.263,29.024,29.243,3623,0
DEMZ.US,D,20211104,000000,29.333,29.453,29.323,29.393,11283,0
DEMZ.US,D,20211105,000000,29.891,29.891,29.602,29.652,3492,0
DEMZ.US,D,20211108,000000,30.071,30.071,29.692,29.782,10907,0
DEMZ.US,D,20211109,000000,29.901,29.901,29.682,29.782,10737,0
DEMZ.US,D,20211110,000000,29.961,29.961,29.532,29.582,7427,0
DEMZ.US,D,20211111,000000,30.021,30.021,29.542,29.592,6439,0
DEMZ.US,D,20211112,000000,29.742,29.831,29.622,29.792,6541,0
DEMZ.US,D,20211115,000000,29.971,30.131,29.722,29.722,7532,0
DEMZ.US,D,20211116,000000,30.021,30.021,29.742,29.911,17081,0
DEMZ.US,D,20211117,000000,30.081,30.081,29.772,29.792,3482,0
DEMZ.US,D,20211118,000000,30.609,30.609,29.672,29.802,7348,0
DEMZ.US,D,20211119,000000,29.911,30.001,29.812,29.996,5297,0
DEMZ.US,D,20211122,000000,30.091,30.091,29.961,29.981,3338,0
DEMZ.US,D,20211123,000000,30.011,30.011,29.632,29.762,3891,0
DEMZ.US,D,20211124,000000,29.822,29.841,29.662,29.831,6244,0
DEMZ.US,D,20211126,000000,29.831,30.021,29.313,29.316,12488,0
DEMZ.US,D,20211129,000000,29.762,29.921,29.552,29.921,6789,0
DEMZ.US,D,20211130,000000,30.43,30.43,29.253,29.253,6752,0
DEMZ.US,D,20211201,000000,29.512,29.524,28.735,28.735,11721,0
DEMZ.US,D,20211202,000000,28.585,29.203,28.585,29.043,5970,0
DEMZ.US,D,20211203,000000,29.303,29.303,28.615,28.904,18057,0
DEMZ.US,D,20211206,000000,29.253,29.383,28.964,29.308,10603,0
DEMZ.US,D,20211207,000000,29.682,29.916,29.639,29.881,7981,0
DEMZ.US,D,20211208,000000,29.981,30.011,29.836,30.011,3592,0
DEMZ.US,D,20211209,000000,30.121,30.121,29.632,29.672,10851,0
DEMZ.US,D,20211210,000000,29.881,30.161,29.722,30.161,12060,0
DEMZ.US,D,20211213,000000,29.931,29.931,29.662,29.722,6895,0
DEMZ.US,D,20211214,000000,29.702,29.702,29.134,29.363,8851,0
DEMZ.US,D,20211215,000000,29.473,29.871,29.223,29.871,10178,0
DEMZ.US,D,20211216,000000,29.911,29.911,29.512,29.512,6426,0
DEMZ.US,D,20211217,000000,29.762,29.762,29.074,29.074,9558,0
DEMZ.US,D,20211220,000000,29.363,29.363,28.642,28.924,13407,0
DEMZ.US,D,20211221,000000,29.223,29.473,29.094,29.473,10345,0
DEMZ.US,D,20211222,000000,29.492,29.682,29.378,29.664,10635,0
DEMZ.US,D,20211223,000000,29.861,29.971,29.861,29.901,3591,0
DEMZ.US,D,20211227,000000,30.031,30.329,29.911,30.329,4903,0
DEMZ.US,D,20211228,000000,30.48,30.48,30.33,30.33,2599,0
DEMZ.US,D,20211229,000000,30.16,30.16,29.77,29.89,6069,0
DEMZ.US,D,20211230,000000,30.12,30.12,29.74,29.74,5621,0
DEMZ.US,D,20211231,000000,29.79,29.815,29.69,29.725,4534,0
DEMZ.US,D,20220103,000000,30.4,30.4,29.55,29.655,8315,0
DEMZ.US,D,20220104,000000,29.88,29.88,29.58,29.72,16214,0
DEMZ.US,D,20220105,000000,29.53,29.5599,29,29,6787,0
DEMZ.US,D,20220106,000000,29.01,29.12,28.8793,29.09,6096,0
DEMZ.US,D,20220107,000000,29.38,29.38,28.74,28.74,14256,0
DEMZ.US,D,20220110,000000,28.82,28.84,28.21,28.84,15292,0
DEMZ.US,D,20220111,000000,28.68,28.6812,28.42,28.6812,6093,0
DEMZ.US,D,20220112,000000,28.79,28.98,28.79,28.94,1311,0
DEMZ.US,D,20220113,000000,29.12,29.12,28.58,28.58,6047,0
DEMZ.US,D,20220114,000000,28.47,28.47,28.2201,28.3,9277,0
DEMZ.US,D,20220118,000000,28.71,28.71,27.91,27.97,11611,0
DEMZ.US,D,20220119,000000,28.13,28.13,27.55,27.55,9134,0
DEMZ.US,D,20220120,000000,27.6,28.03,27.2,27.2,13841,0
DEMZ.US,D,20220121,000000,27.01,27.26,26.73,26.73,7537,0
DEMZ.US,D,20220124,000000,27.46,27.46,25.96,26.67,22642,0
DEMZ.US,D,20220125,000000,26.64,26.7,26.22,26.64,17073,0
DEMZ.US,D,20220126,000000,27.06,27.06,26.5,26.5,4194,0
DEMZ.US,D,20220127,000000,26.77,26.786,26.095,26.165,6507,0
DEMZ.US,D,20220128,000000,26.05,26.758,25.91,26.758,3316,0
DEMZ.US,D,20220131,000000,26.98,27.41,26.84,27.41,8595,0
DEMZ.US,D,20220201,000000,27.53,27.53,27.2388,27.51,9316,0
DEMZ.US,D,20220202,000000,28.63,28.63,27.51,27.78,5630,0
DEMZ.US,D,20220203,000000,27.96,27.96,27.15,27.21,4264,0
DEMZ.US,D,20220204,000000,27.19,27.245,26.9299,27.23,7103,0
DEMZ.US,D,20220207,000000,27.4,27.4,26.99,26.99,4550,0
DEMZ.US,D,20220208,000000,27.05,27.23,27.05,27.1,1479,0
DEMZ.US,D,20220209,000000,28.19,28.19,27.61,27.76,2412,0
DEMZ.US,D,20220210,000000,27.57,27.765,27.3207,27.3207,2732,0
DEMZ.US,D,20220211,000000,27.4,27.4,26.73,26.85,2769,0
DEMZ.US,D,20220214,000000,26.52,26.72,26.46,26.49,9690,0
DEMZ.US,D,20220215,000000,27.11,27.11,26.86,26.98,3299,0
DEMZ.US,D,20220216,000000,27.19,27.19,26.69,26.7245,3251,0
DEMZ.US,D,20220217,000000,26.86,26.86,26.52,26.52,2220,0
DEMZ.US,D,20220218,000000,26.78,26.78,26.23,26.42,9543,0
DEMZ.US,D,20220222,000000,26.29,26.29,26,26.06,6074,0
DEMZ.US,D,20220223,000000,26.36,26.36,25.6299,25.63,15722,0
DEMZ.US,D,20220224,000000,25,26.12,25,26.12,11718,0
DEMZ.US,D,20220225,000000,26.24,26.65,26.2072,26.57,4130,0
DEMZ.US,D,20220228,000000,26.44,26.44,26.28,26.28,4260,0
DEMZ.US,D,20220301,000000,26.55,26.55,25.87,25.9102,4812,0
DEMZ.US,D,20220302,000000,26.43,26.54,26.43,26.49,1275,0
DEMZ.US,D,20220303,000000,26.72,26.72,26.3293,26.33,2100,0
DEMZ.US,D,20220304,000000,26.14,26.14,25.8019,25.81,2629,0
DEMZ.US,D,20220307,000000,25.93,25.93,25.09,25.09,5911,0
DEMZ.US,D,20220308,000000,25.94,25.94,24.85,25.07,5469,0
DEMZ.US,D,20220309,000000,25.56,25.64,25.56,25.64,1761,0
DEMZ.US,D,20220310,000000,25.36,25.42,25.12,25.42,2459,0
DEMZ.US,D,20220311,000000,25.46,25.46,25.165,25.165,1779,0
DEMZ.US,D,20220314,000000,25.11,25.11,24.75,24.84,3283,0
DEMZ.US,D,20220315,000000,25.11,25.49,25.11,25.49,4907,0
DEMZ.US,D,20220316,000000,25.83,26.05,25.7625,26.05,2351,0
DEMZ.US,D,20220317,000000,26.09,26.29,26.04,26.29,3216,0
DEMZ.US,D,20220318,000000,26.11,26.86,26.11,26.85,7743,0
DEMZ.US,D,20220321,000000,26.84,26.8899,26.5,26.63,4500,0
DEMZ.US,D,20220322,000000,26.78,26.94,26.78,26.87,1622,0
DEMZ.US,D,20220323,000000,26.79,26.79,26.43,26.43,7459,0
DEMZ.US,D,20220324,000000,26.74,26.82,26.5109,26.82,3793,0
DEMZ.US,D,20220325,000000,27.07,27.07,26.73,26.7665,1530,0
DEMZ.US,D,20220328,000000,26.95,26.95,26.8191,26.9,2515,0
DEMZ.US,D,20220329,000000,27.75,27.75,27.4742,27.685,2988,0
DEMZ.US,D,20220330,000000,27.64,27.64,27.405,27.405,1956,0
DEMZ.US,D,20220331,000000,27.4,27.4,27.2,27.2,2867,0
DEMZ.US,D,20220401,000000,27.16,27.16,26.76,26.97,5258,0
DEMZ.US,D,20220404,000000,26.95,27.1199,26.95,27.06,4080,0
DEMZ.US,D,20220405,000000,27.09,27.09,26.72,26.72,8888,0
DEMZ.US,D,20220406,000000,26.51,26.64,26.49,26.63,1658,0
DEMZ.US,D,20220407,000000,26.65,26.93,26.54,26.93,1106,0
DEMZ.US,D,20220408,000000,26.83,26.83,26.64,26.74,710,0
DEMZ.US,D,20220411,000000,26.36,26.4,26.26,26.26,3439,0
DEMZ.US,D,20220412,000000,26.33,26.33,26,26.06,2701,0
DEMZ.US,D,20220413,000000,26.12,26.24,26.06,26.23,1342,0
DEMZ.US,D,20220414,000000,26.43,26.43,25.98,25.98,7792,0
DEMZ.US,D,20220418,000000,26.13,26.13,25.7,25.73,3112,0
DEMZ.US,D,20220419,000000,26,26.32,26,26.2944,3561,0
DEMZ.US,D,20220420,000000,26.56,26.7,26.4711,26.62,1529,0
DEMZ.US,D,20220421,000000,26.9,26.9,26.295,26.35,7229,0
DEMZ.US,D,20220422,000000,26.035,26.035,25.73,25.73,11635,0
DEMZ.US,D,20220425,000000,25.4,25.94,25.36,25.93,2723,0
DEMZ.US,D,20220426,000000,25.79,25.79,25.2276,25.2276,7012,0
DEMZ.US,D,20220427,000000,25.14,25.49,25.14,25.25,3369,0
DEMZ.US,D,20220428,000000,25.26,25.8628,25.26,25.78,1668,0
DEMZ.US,D,20220429,000000,25.49,25.59,24.89,24.89,5664,0
DEMZ.US,D,20220502,000000,24.8,24.93,24.44,24.93,2005,0
DEMZ.US,D,20220503,000000,25.14,25.14,25.14,25.14,174,0
DEMZ.US,D,20220504,000000,25.32,25.96,25.13,25.96,1428,0
DEMZ.US,D,20220505,000000,25.28,25.28,24.9144,25.28,4039,0
DEMZ.US,D,20220506,000000,24.93,24.93,24.67,24.72,2066,0
DEMZ.US,D,20220509,000000,24.31,24.31,24.04,24.04,856,0
DEMZ.US,D,20220510,000000,24.36,24.42,23.7891,23.97,3658,0
DEMZ.US,D,20220511,000000,24.23,24.23,23.75,23.75,909,0
DEMZ.US,D,20220512,000000,23.6,23.87,23.5,23.87,2926,0
DEMZ.US,D,20220513,000000,24.05,24.51,24.05,24.41,1359,0
DEMZ.US,D,20220516,000000,24.45,24.45,24.23,24.28,2352,0
DEMZ.US,D,20220517,000000,24.66,24.78,24.66,24.78,749,0
DEMZ.US,D,20220518,000000,24.49,24.49,23.69,23.69,1956,0
DEMZ.US,D,20220519,000000,23.62,23.6919,23.55,23.69,2499,0
DEMZ.US,D,20220520,000000,23.64,23.66,23.07,23.48,6796,0
DEMZ.US,D,20220523,000000,23.9135,23.96,23.87,23.96,2185,0
DEMZ.US,D,20220524,000000,23.83,23.84,23.46,23.84,666,0
DEMZ.US,D,20220525,000000,23.8,24.07,23.8,24.07,811,0
DEMZ.US,D,20220526,000000,24.42,24.58,24.42,24.58,466,0
DEMZ.US,D,20220527,000000,24.63,25.16,24.63,25.16,3539,0
DEMZ.US,D,20220531,000000,25.19,25.19,24.825,25.03,2855,0
DEMZ.US,D,20220601,000000,25.03,25.03,24.52,24.67,2284,0
DEMZ.US,D,20220602,000000,24.78,25.43,24.77,25.43,1235,0
DEMZ.US,D,20220603,000000,25.0699,25.13,25.04,25.13,9305,0
DEMZ.US,D,20220606,000000,25.37,25.37,25.0411,25.0411,3157,0
DEMZ.US,D,20220607,000000,24.74,25.27,24.74,25.15,518,0
DEMZ.US,D,20220608,000000,25,25,24.97,24.98,1756,0
DEMZ.US,D,20220609,000000,24.8401,24.8401,24.36,24.36,1111,0
DEMZ.US,D,20220610,000000,24,24,23.7545,23.83,995,0
DEMZ.US,D,20220613,000000,23.61,23.61,22.88,22.9,1506,0
DEMZ.US,D,20220614,000000,22.81,22.81,22.6814,22.77,1073,0
DEMZ.US,D,20220615,000000,23.0958,23.0958,22.81,23.05,719,0
DEMZ.US,D,20220616,000000,22.66,22.66,22.22,22.32,2402,0
DEMZ.US,D,20220617,000000,22.43,22.43,22,22,453,0
DEMZ.US,D,20220621,000000,22.48,22.7599,22.48,22.74,11540,0
DEMZ.US,D,20220622,000000,22.63,22.83,22.63,22.83,815,0
DEMZ.US,D,20220623,000000,22.85,23.09,22.85,23.09,785,0
DEMZ.US,D,20220624,000000,23.36,23.96,23.36,23.96,1476,0
DEMZ.US,D,20220627,000000,24.01,24.01,23.66,23.7221,3399,0
DEMZ.US,D,20220628,000000,23.52,23.52,23.3,23.3,489,0
DEMZ.US,D,20220629,000000,23.37,23.37,23.08,23.17,1902,0
DEMZ.US,D,20220630,000000,23.01,23.2,22.93,23.1,6826,0
DEMZ.US,D,20220701,000000,23.0551,23.3,23.0551,23.3,1754,0
DEMZ.US,D,20220705,000000,23.33,23.33,23.33,23.33,349,0
DEMZ.US,D,20220706,000000,23.44,23.44,23.27,23.41,1776,0
DEMZ.US,D,20220707,000000,23.61,23.71,23.6,23.71,930,0
DEMZ.US,D,20220708,000000,23.7,23.77,23.65,23.65,1974,0
DEMZ.US,D,20220711,000000,23.67,23.67,23.3711,23.45,1887,0
DEMZ.US,D,20220712,000000,23.51,23.51,23.14,23.32,835,0
DEMZ.US,D,20220713,000000,23.06,23.15,22.95,23.1,1639,0
DEMZ.US,D,20220714,000000,22.99,23.04,22.855,23.04,4076,0
DEMZ.US,D,20220715,000000,23.39,23.54,23.39,23.54,768,0
DEMZ.US,D,20220718,000000,23.77,23.77,23.27,23.34,548,0
DEMZ.US,D,20220719,000000,23.57,24.06,23.57,24.06,2279,0
DEMZ.US,D,20220720,000000,24.01,24.24,24.01,24.18,1394,0
DEMZ.US,D,20220721,000000,24.31,24.58,24.31,24.58,3170,0
DEMZ.US,D,20220722,000000,24.6,24.6,24.33,24.46,7599,0
DEMZ.US,D,20220725,000000,24.31,24.34,24.24,24.34,2108,0
DEMZ.US,D,20220726,000000,24.13,24.16,24.08,24.08,2594,0
DEMZ.US,D,20220727,000000,24.29,24.74,24.29,24.72,2229,0
DEMZ.US,D,20220728,000000,24.53,25.2,24.52,25.06,1808,0
DEMZ.US,D,20220729,000000,25.21,25.38,25.11,25.36,5477,0
DEMZ.US,D,20220801,000000,25.53,25.53,25.35,25.41,5452,0
DEMZ.US,D,20220802,000000,25.32,25.34,25.25,25.25,6316,0
DEMZ.US,D,20220803,000000,25.4101,25.73,25.4101,25.69,1200,0
DEMZ.US,D,20220804,000000,25.72,25.76,25.59,25.76,9295,0
DEMZ.US,D,20220805,000000,25.73,25.73,25.45,25.7,1709,0
DEMZ.US,D,20220808,000000,25.93,25.93,25.57,25.65,4549,0
DEMZ.US,D,20220809,000000,25.5,25.5,25.35,25.4,2267,0
DEMZ.US,D,20220810,000000,25.81,25.95,25.795,25.95,3658,0
DEMZ.US,D,20220811,000000,26.25,26.25,25.93,25.99,1402,0
DEMZ.US,D,20220812,000000,26.18,26.45,26.14,26.45,3570,0
DEMZ.US,D,20220815,000000,26.39,26.63,26.39,26.61,2980,0
DEMZ.US,D,20220816,000000,26.6,26.83,26.56,26.78,4511,0
DEMZ.US,D,20220817,000000,26.54,26.615,26.46,26.54,3598,0
DEMZ.US,D,20220818,000000,26.68,26.71,26.68,26.71,2290,0
DEMZ.US,D,20220819,000000,26.61,26.61,26.31,26.34,3528,0
DEMZ.US,D,20220822,000000,26.1,26.1,25.6701,25.73,9658,0
DEMZ.US,D,20220823,000000,25.71,25.71,25.58,25.58,2198,0
DEMZ.US,D,20220824,000000,25.6,25.68,25.6,25.68,4638,0
DEMZ.US,D,20220825,000000,25.635,25.98,25.635,25.98,775,0
DEMZ.US,D,20220826,000000,26.11,26.11,25.08,25.08,1636,0
DEMZ.US,D,20220829,000000,24.98,24.98,24.8497,24.85,2344,0
DEMZ.US,D,20220830,000000,25.05,25.05,24.58,24.65,1800,0
DEMZ.US,D,20220831,000000,24.78,24.78,24.45,24.45,2936,0
DEMZ.US,D,20220901,000000,24.35,24.47,24.1486,24.47,10426,0
DEMZ.US,D,20220902,000000,24.74,24.74,24.06,24.19,4658,0
DEMZ.US,D,20220906,000000,24.32,24.32,24.01,24.14,5558,0
DEMZ.US,D,20220907,000000,24.27,24.66,24.27,24.66,1463,0
DEMZ.US,D,20220908,000000,24.7,24.94,24.4607,24.94,3006,0
DEMZ.US,D,20220909,000000,25.1373,25.23,25.1373,25.23,1452,0
DEMZ.US,D,20220912,000000,25.42,25.48,25.33,25.48,3409,0
DEMZ.US,D,20220913,000000,25,25,24.44,24.46,1348,0
DEMZ.US,D,20220914,000000,24.58,24.58,24.32,24.44,3491,0
DEMZ.US,D,20220915,000000,24.28,24.28,24.1397,24.17,1826,0
DEMZ.US,D,20220916,000000,23.99,23.99,23.77,23.9,1826,0
DEMZ.US,D,20220919,000000,23.66,24.03,23.66,24.03,1397,0
DEMZ.US,D,20220920,000000,23.96,23.96,23.71,23.74,1070,0
DEMZ.US,D,20220921,000000,23.91,23.91,23.35,23.35,2188,0
DEMZ.US,D,20220922,000000,23.1713,23.1713,23,23.03,2694,0
DEMZ.US,D,20220923,000000,22.82,22.82,22.5,22.71,4256,0
DEMZ.US,D,20220926,000000,22.7263,22.7263,22.4099,22.44,2527,0
DEMZ.US,D,20220927,000000,22.78,22.83,22.4,22.44,9545,0
DEMZ.US,D,20220928,000000,22.4,22.76,22.4,22.76,701,0
DEMZ.US,D,20220929,000000,22.3614,22.37,22.23,22.2509,1970,0
DEMZ.US,D,20220930,000000,22.295,22.295,21.95,21.95,2830,0
DEMZ.US,D,20221003,000000,22.24,22.57,22.24,22.57,1047,0
DEMZ.US,D,20221004,000000,23.2091,23.29,23.0901,23.29,1482,0
DEMZ.US,D,20221005,000000,23.08,23.28,22.89,23.21,3929,0
DEMZ.US,D,20221006,000000,23.03,23.07,22.92,22.92,1980,0
DEMZ.US,D,20221007,000000,22.74,22.74,22.28,22.28,637,0
DEMZ.US,D,20221010,000000,22.41,22.41,22.08,22.08,742,0
DEMZ.US,D,20221011,000000,21.79,22.14,21.79,21.9,485,0
DEMZ.US,D,20221012,000000,21.83,21.83,21.77,21.77,424,0
DEMZ.US,D,20221013,000000,21.34,22.3,21.3399,22.3,3174,0
DEMZ.US,D,20221014,000000,21.99,21.99,21.8,21.8,1069,0
DEMZ.US,D,20221017,000000,22.33,22.33,22.3195,22.32,1263,0
DEMZ.US,D,20221018,000000,22.59,22.59,22.59,22.59,526,0
DEMZ.US,D,20221019,000000,22.43,22.43,22.1668,22.18,944,0
DEMZ.US,D,20221020,000000,22.3,22.3,22.1,22.1,532,0
DEMZ.US,D,20221021,000000,22.36,22.59,22.195,22.59,6210,0
DEMZ.US,D,20221024,000000,22.6,22.75,22.59,22.75,435,0
DEMZ.US,D,20221025,000000,22.85,23.2228,22.85,23.2228,4486,0
DEMZ.US,D,20221026,000000,23.28,23.54,23.27,23.27,8399,0
DEMZ.US,D,20221027,000000,23.45,23.45,23.36,23.36,1281,0
DEMZ.US,D,20221028,000000,23.98,23.98,23.98,23.98,138,0
DEMZ.US,D,20221031,000000,23.94,23.94,23.83,23.86,1467,0
DEMZ.US,D,20221101,000000,24.11,24.11,23.85,23.93,1502,0
DEMZ.US,D,20221102,000000,23.79,23.91,23.21,23.21,541,0
DEMZ.US,D,20221103,000000,23.18,23.18,23.02,23.02,367,0
DEMZ.US,D,20221104,000000,23.18,23.44,23.14,23.44,1334,0
DEMZ.US,D,20221107,000000,23.62,23.67,22.88,22.88,9011,0
DEMZ.US,D,20221108,000000,23.63,23.965,23.53,23.82,7551,0
DEMZ.US,D,20221109,000000,23.64,23.64,23.25,23.25,1244,0
DEMZ.US,D,20221110,000000,23.97,24.74,23.97,24.74,2104,0
DEMZ.US,D,20221111,000000,24.85,24.99,24.85,24.99,708,0
DEMZ.US,D,20221114,000000,24.99,24.99,24.7,24.7,3722,0
DEMZ.US,D,20221115,000000,25.16,25.16,24.83,25.01,4556,0
DEMZ.US,D,20221116,000000,24.88,24.9,24.63,24.63,1503,0
DEMZ.US,D,20221117,000000,24.33,24.65,24.33,24.65,2679,0
DEMZ.US,D,20221118,000000,24.75,24.88,24.72,24.88,1165,0
DEMZ.US,D,20221121,000000,24.88,24.89,24.82,24.89,1662,0
DEMZ.US,D,20221122,000000,25.19,25.19,25.19,25.19,363,0
DEMZ.US,D,20221123,000000,25.25,25.37,25.25,25.37,859,0
DEMZ.US,D,20221125,000000,25.37,25.39,25.36,25.39,2155,0
DEMZ.US,D,20221128,000000,25.22,25.22,24.87,24.92,2704,0
DEMZ.US,D,20221129,000000,24.95,24.95,24.91,24.91,341,0
DEMZ.US,D,20221130,000000,24.91,25.52,24.795,25.52,3118,0
DEMZ.US,D,20221201,000000,25.49,25.5552,25.465,25.5552,1495,0
DEMZ.US,D,20221202,000000,25.32,25.56,25.32,25.53,2412,0
DEMZ.US,D,20221205,000000,25.37,25.37,25.03,25.09,2405,0
DEMZ.US,D,20221206,000000,25.09,25.09,24.75,24.79,1144,0
DEMZ.US,D,20221207,000000,24.68,24.69,24.68,24.69,613,0
DEMZ.US,D,20221208,000000,24.9,24.9,24.9,24.9,336,0
DEMZ.US,D,20221209,000000,24.9699,24.9699,24.77,24.77,1658,0
DEMZ.US,D,20221212,000000,24.86,25.075,24.86,25.075,6698,0
DEMZ.US,D,20221213,000000,25.64,25.7299,25.31,25.31,1345,0
DEMZ.US,D,20221214,000000,25.44,25.44,25.09,25.09,269,0
DEMZ.US,D,20221215,000000,24.7,24.7,24.34,24.34,2654,0
DEMZ.US,D,20221216,000000,24.0201,24.11,24.0201,24.11,602,0
DEMZ.US,D,20221219,000000,24.06,24.06,23.81,23.81,866,0
DEMZ.US,D,20221220,000000,23.91,23.91,23.91,23.91,373,0
DEMZ.US,D,20221221,000000,24.1801,24.25,24.1801,24.25,309,0
DEMZ.US,D,20221222,000000,23.782,23.97,23.63,23.97,800,0
DEMZ.US,D,20221223,000000,24.0587,24.0587,24.0587,24.0587,174,0
DEMZ.US,D,20221227,000000,24.01,24.01,24.01,24.01,286,0
DEMZ.US,D,20221228,000000,23.86,23.86,23.46,23.46,2162,0
DEMZ.US,D,20221229,000000,23.83,23.99,23.83,23.96,1798,0
DEMZ.US,D,20221230,000000,23.98,23.98,23.84,23.84,423,0
DEMZ.US,D,20230103,000000,24.07,24.07,23.87,23.87,727,0
DEMZ.US,D,20230104,000000,24.335,24.335,24.12,24.25,754,0
DEMZ.US,D,20230105,000000,24.18,24.18,23.98,23.98,1321,0
DEMZ.US,D,20230106,000000,24.11,24.55,24.11,24.55,1887,0
DEMZ.US,D,20230109,000000,24.81,24.82,24.73,24.73,2997,0
DEMZ.US,D,20230110,000000,24.76,24.94,24.74,24.94,3389,0
DEMZ.US,D,20230111,000000,25.0746,25.18,25.05,25.18,1054,0
DEMZ.US,D,20230112,000000,25.02,25.28,25.02,25.28,315,0
DEMZ.US,D,20230113,000000,25.4,25.4,25.4,25.4,385,0
DEMZ.US,D,20230117,000000,25.44,25.44,25.31,25.35,2485,0
DEMZ.US,D,20230118,000000,25.31,25.31,24.93,24.93,4492,0
DEMZ.US,D,20230119,000000,24.73,24.75,24.72,24.75,472,0
DEMZ.US,D,20230120,000000,24.8748,25.12,24.8748,25.12,3770,0
DEMZ.US,D,20230123,000000,25.09,25.53,25.09,25.44,1375,0
DEMZ.US,D,20230124,000000,25.27,25.4899,25.27,25.43,3655,0
DEMZ.US,D,20230125,000000,25.25,25.4453,25.1198,25.4453,598,0
DEMZ.US,D,20230126,000000,25.49,25.56,25.49,25.56,594,0
DEMZ.US,D,20230127,000000,25.58,25.58,25.5532,25.5532,254,0
DEMZ.US,D,20230130,000000,25.365,25.435,25.29,25.29,1124,0
DEMZ.US,D,20230131,000000,25.44,25.66,25.44,25.66,337,0
DEMZ.US,D,20230201,000000,25.688,26.1,25.688,26.1,657,0
DEMZ.US,D,20230202,000000,26.3005,26.51,26.3005,26.51,1243,0
DEMZ.US,D,20230203,000000,26.22,26.38,26.22,26.25,430,0
DEMZ.US,D,20230206,000000,26.25,26.25,25.93,26,2608,0
DEMZ.US,D,20230207,000000,25.92,26.14,25.78,26.14,700,0
DEMZ.US,D,20230208,000000,26.04,26.04,26.03,26.03,656,0
DEMZ.US,D,20230209,000000,26.15,26.15,25.68,25.68,2460,0
DEMZ.US,D,20230210,000000,25.64,25.64,25.64,25.64,249,0
DEMZ.US,D,20230213,000000,25.78,26,25.78,26,798,0
DEMZ.US,D,20230214,000000,26,26.06,25.85,25.94,2840,0
DEMZ.US,D,20230215,000000,25.86,26.08,25.8502,26.08,2939,0
DEMZ.US,D,20230216,000000,25.68,25.7,25.68,25.7,556,0
DEMZ.US,D,20230217,000000,26.46,26.46,25.56,25.74,2952,0
DEMZ.US,D,20230221,000000,25.47,25.47,25.16,25.16,963,0
DEMZ.US,D,20230222,000000,25.2,25.2,25.0697,25.0697,30027,0
DEMZ.US,D,20230223,000000,25.24,25.27,25.22,25.22,467,0
DEMZ.US,D,20230224,000000,25,25.01,24.8299,25.01,3265,0
DEMZ.US,D,20230227,000000,25.22,25.22,24.9972,24.9972,420,0
DEMZ.US,D,20230228,000000,25.0499,25.05,25.03,25.03,1058,0
DEMZ.US,D,20230301,000000,24.97,24.97,24.83,24.879,17111,0
DEMZ.US,D,20230302,000000,25.0927,25.12,25.0716,25.12,730,0
DEMZ.US,D,20230303,000000,25.34,25.48,25.3399,25.48,702,0
DEMZ.US,D,20230306,000000,25.93,25.93,25.3403,25.42,692,0
DEMZ.US,D,20230307,000000,25.13,25.13,25.01,25.01,466,0
DEMZ.US,D,20230308,000000,25.09,25.1,25.09,25.1,955,0
DEMZ.US,D,20230309,000000,25.1597,25.1597,24.6069,24.6069,318,0
DEMZ.US,D,20230310,000000,24.15,24.15,24.15,24.15,177,0
DEMZ.US,D,20230313,000000,24,24.2,23.95,24.12,7435,0
DEMZ.US,D,20230314,000000,24.61,24.61,24.49,24.49,188,0
DEMZ.US,D,20230315,000000,23.8102,24.2,23.8102,24.2,2646,0
DEMZ.US,D,20230316,000000,24.2,24.66,24.14,24.66,4371,0
DEMZ.US,D,20230317,000000,24.24,24.2403,24.2,24.2,1763,0
DEMZ.US,D,20230320,000000,24.22,24.6,24.22,24.52,5889,0
DEMZ.US,D,20230321,000000,24.7,24.8401,24.7,24.81,2065,0
DEMZ.US,D,20230322,000000,24.87,24.9,24.4,24.4,2875,0
DEMZ.US,D,20230323,000000,24.44,24.77,24.36,24.36,7968,0
DEMZ.US,D,20230324,000000,24.39,24.54,24.2013,24.54,786,0
DEMZ.US,D,20230327,000000,24.61,24.75,24.545,24.6,4225,0
DEMZ.US,D,20230328,000000,24.63,24.63,24.63,24.63,345,0
DEMZ.US,D,20230329,000000,24.82,24.97,24.8187,24.97,1463,0
DEMZ.US,D,20230330,000000,25.18,25.22,25.16,25.18,723,0
DEMZ.US,D,20230331,000000,25.2,25.48,25.2,25.48,529,0
DEMZ.US,D,20230403,000000,25.47,25.5,25.41,25.5,12612,0
DEMZ.US,D,20230404,000000,25.4,25.4901,25.24,25.255,1901,0
DEMZ.US,D,20230405,000000,25.09,25.17,25.08,25.17,13592,0
DEMZ.US,D,20230406,000000,25.1,25.11,25,25.07,1178,0
DEMZ.US,D,20230410,000000,25.3,25.3,24.8986,25.27,1743,0
DEMZ.US,D,20230411,000000,25.42,25.42,25.26,25.34,986,0
DEMZ.US,D,20230412,000000,25.36,25.44,25.14,25.14,1664,0
DEMZ.US,D,20230413,000000,25.17,25.43,25.17,25.43,1543,0
DEMZ.US,D,20230414,000000,25.32,25.32,25.1192,25.27,2188,0
DEMZ.US,D,20230417,000000,25.52,25.52,25.52,25.52,166,0
DEMZ.US,D,20230418,000000,25.7,25.7,25.51,25.58,1004,0
DEMZ.US,D,20230419,000000,25.38,25.47,25.34,25.47,1697,0
DEMZ.US,D,20230420,000000,25.34,25.34,25.34,25.34,143,0
DEMZ.US,D,20230421,000000,25.42,25.42,25.42,25.42,242,0
DEMZ.US,D,20230424,000000,25.34,25.39,25.315,25.35,2983,0
DEMZ.US,D,20230425,000000,25.18,25.24,24.87,24.87,1852,0
DEMZ.US,D,20230426,000000,24.52,24.8594,24.52,24.71,2639,0
DEMZ.US,D,20230427,000000,24.98,25.2,24.75,25.2,4108,0
DEMZ.US,D,20230428,000000,25.2912,25.42,25.28,25.42,3801,0
DEMZ.US,D,20230501,000000,25.51,25.54,25.49,25.5,1339,0
DEMZ.US,D,20230502,000000,25.145,25.145,25.145,25.145,111,0
DEMZ.US,D,20230503,000000,24.83,24.83,24.83,24.83,433,0
DEMZ.US,D,20230504,000000,24.83,24.83,24.655,24.79,18068,0
DEMZ.US,D,20230505,000000,24.79,25.29,24.71,25.23,9487,0
DEMZ.US,D,20230508,000000,25.33,25.35,25.33,25.35,466,0
DEMZ.US,D,20230509,000000,25.29,25.29,25.13,25.16,2148,0
DEMZ.US,D,20230510,000000,25.31,25.31,25.15,25.2166,3276,0
DEMZ.US,D,20230511,000000,25.04,25.05,24.99,25.05,536,0
DEMZ.US,D,20230512,000000,25.03,25.03,24.84,24.99,4675,0
DEMZ.US,D,20230515,000000,25.0539,25.17,25.0539,25.17,2576,0
DEMZ.US,D,20230516,000000,25.04,25.0799,25.01,25.01,348,0
DEMZ.US,D,20230517,000000,25.25,25.28,25.25,25.28,982,0
DEMZ.US,D,20230518,000000,25.34,25.64,25.34,25.64,1031,0
DEMZ.US,D,20230519,000000,25.6,25.6001,25.49,25.49,407,0
DEMZ.US,D,20230522,000000,25.58,25.58,25.58,25.58,224,0
DEMZ.US,D,20230523,000000,25.34,25.44,25.2,25.2,781,0
DEMZ.US,D,20230524,000000,24.99,24.99,24.89,24.9,1765,0
DEMZ.US,D,20230525,000000,25.24,25.3401,25.24,25.34,3321,0
DEMZ.US,D,20230526,000000,25.65,25.71,25.65,25.71,387,0
DEMZ.US,D,20230530,000000,25.85,25.85,25.67,25.75,3327,0
DEMZ.US,D,20230531,000000,25.38,25.38,25.38,25.38,229,0
DEMZ.US,D,20230601,000000,25.53,25.72,25.53,25.72,723,0
DEMZ.US,D,20230602,000000,25.9062,26.1,25.9062,26.1,535,0
DEMZ.US,D,20230605,000000,26.13,26.13,25.9966,25.9966,2415,0
DEMZ.US,D,20230606,000000,26.15,26.15,26.02,26.15,1138,0
DEMZ.US,D,20230607,000000,26.2,26.2001,26.2,26.2,569,0
DEMZ.US,D,20230608,000000,26.25,26.25,26.25,26.25,286,0
DEMZ.US,D,20230609,000000,26.45,26.45,26.2203,26.28,6506,0
DEMZ.US,D,20230612,000000,26.33,26.46,26.33,26.46,3314,0
DEMZ.US,D,20230613,000000,26.52,26.69,26.52,26.68,1366,0
DEMZ.US,D,20230614,000000,26.65,26.75,26.65,26.7,4713,0
DEMZ.US,D,20230615,000000,26.61,26.96,26.61,26.96,1120,0
DEMZ.US,D,20230616,000000,27.15,27.15,26.96,26.96,734,0
DEMZ.US,D,20230620,000000,26.79,26.83,26.6979,26.77,1913,0
DEMZ.US,D,20230621,000000,26.77,26.77,26.63,26.66,1276,0
DEMZ.US,D,20230622,000000,26.55,26.6375,26.55,26.6375,502,0
DEMZ.US,D,20230623,000000,26.5,26.5,26.5,26.5,184,0
DEMZ.US,D,20230626,000000,26.46,26.47,26.38,26.38,900,0
DEMZ.US,D,20230627,000000,26.68,26.68,26.68,26.68,297,0
DEMZ.US,D,20230628,000000,26.6835,26.72,26.6,26.72,775,0
DEMZ.US,D,20230629,000000,26.75,26.82,26.75,26.82,200,0
DEMZ.US,D,20230630,000000,27.04,27.1139,27.0355,27.1139,1211,0
DEMZ.US,D,20230703,000000,27.12,27.12,27.1,27.1,262,0
DEMZ.US,D,20230705,000000,26.89,27.055,26.89,26.99,2547,0
DEMZ.US,D,20230706,000000,26.73,26.81,26.6899,26.81,748,0
DEMZ.US,D,20230707,000000,26.84,26.9306,26.8,26.8,1608,0
DEMZ.US,D,20230710,000000,26.82,26.97,26.82,26.97,1339,0
DEMZ.US,D,20230711,000000,27.25,27.25,27.25,27.25,107,0
DEMZ.US,D,20230712,000000,27.37,27.475,27.37,27.39,1778,0
DEMZ.US,D,20230713,000000,27.57,27.64,27.57,27.64,659,0
DEMZ.US,D,20230714,000000,27.6,27.6899,27.53,27.53,2875,0
DEMZ.US,D,20230717,000000,27.6,27.73,27.6,27.69,1048,0
DEMZ.US,D,20230718,000000,27.75,27.81,27.67,27.81,1404,0
DEMZ.US,D,20230719,000000,27.74,27.88,27.74,27.75,2685,0
DEMZ.US,D,20230720,000000,27.62,27.81,27.59,27.59,2176,0
DEMZ.US,D,20230721,000000,27.82,27.82,27.67,27.69,4834,0
DEMZ.US,D,20230724,000000,27.64,27.7,27.64,27.7,1199,0
DEMZ.US,D,20230725,000000,27.82,27.86,27.81,27.85,1331,0
DEMZ.US,D,20230726,000000,27.93,27.99,27.8903,27.99,620,0
DEMZ.US,D,20230727,000000,28,28.0601,27.79,27.79,10169,0
DEMZ.US,D,20230728,000000,28,28.05,27.98,28.05,1213,0
DEMZ.US,D,20230731,000000,27.98,28.1499,27.98,28.04,3971,0
DEMZ.US,D,20230801,000000,28.0588,28.0588,28.01,28.01,264,0
DEMZ.US,D,20230802,000000,27.76,27.77,27.7,27.7,1211,0
DEMZ.US,D,20230803,000000,27.58,27.6288,27.55,27.6288,739,0
DEMZ.US,D,20230804,000000,27.72,27.735,27.41,27.41,840,0
DEMZ.US,D,20230807,000000,27.49,27.69,27.49,27.69,2464,0
DEMZ.US,D,20230808,000000,27.3,27.46,27.3,27.46,387,0
DEMZ.US,D,20230809,000000,27.26,27.2901,27.2214,27.2214,1013,0
DEMZ.US,D,20230810,000000,27.51,27.545,27.29,27.33,1492,0
DEMZ.US,D,20230811,000000,27.15,27.18,27.15,27.17,7603,0
DEMZ.US,D,20230814,000000,27.2903,27.34,27.27,27.32,2040,0
DEMZ.US,D,20230815,000000,27.16,27.16,27.06,27.06,332,0
DEMZ.US,D,20230816,000000,27.03,27.03,26.94,26.94,1455,0
DEMZ.US,D,20230817,000000,27.06,27.06,26.67,26.67,903,0
DEMZ.US,D,20230818,000000,26.41,26.695,26.41,26.695,1461,0
DEMZ.US,D,20230821,000000,26.79,26.91,26.79,26.91,1650,0
DEMZ.US,D,20230822,000000,26.915,26.915,26.83,26.83,1537,0
DEMZ.US,D,20230823,000000,27.21,27.21,27.21,27.21,183,0
DEMZ.US,D,20230824,000000,27.3,27.3,26.82,26.82,989,0
DEMZ.US,D,20230825,000000,27.04,27.04,27.04,27.04,172,0
DEMZ.US,D,20230828,000000,27.21,27.21,27.21,27.21,109,0
DEMZ.US,D,20230829,000000,27.1,27.59,27.1,27.58,566,0
DEMZ.US,D,20230830,000000,27.6,27.77,27.6,27.7252,1973,0
DEMZ.US,D,20230831,000000,27.83,27.83,27.75,27.78,7656,0
DEMZ.US,D,20230901,000000,27.74,27.775,27.74,27.76,795,0
DEMZ.US,D,20230905,000000,27.64,27.69,27.64,27.69,544,0
DEMZ.US,D,20230906,000000,27.46,27.5191,27.46,27.5191,763,0
DEMZ.US,D,20230907,000000,27.46,27.46,27.46,27.46,110,0
DEMZ.US,D,20230908,000000,27.35,27.35,27.35,27.35,152,0
DEMZ.US,D,20230911,000000,27.42,27.55,27.42,27.55,892,0
DEMZ.US,D,20230912,000000,27.35,27.42,27.29,27.29,1528,0
DEMZ.US,D,20230913,000000,27.33,27.33,27.31,27.31,376,0
DEMZ.US,D,20230914,000000,27.53,27.55,27.42,27.55,1807,0
DEMZ.US,D,20230915,000000,27.18,27.1801,27.13,27.13,599,0
DEMZ.US,D,20230918,000000,27.04,27.2701,27.04,27.19,2245,0
DEMZ.US,D,20230919,000000,27.07,27.206,27.07,27.206,304,0
DEMZ.US,D,20230920,000000,27.22,27.2434,27,27,1875,0
DEMZ.US,D,20230921,000000,26.76,26.76,26.48,26.48,2778,0
DEMZ.US,D,20230922,000000,26.62,26.66,26.488,26.488,13107,0
DEMZ.US,D,20230925,000000,26.49,26.61,26.47,26.61,7100,0
DEMZ.US,D,20230926,000000,26.54,26.54,26.25,26.25,537,0
DEMZ.US,D,20230927,000000,26.25,26.31,26.1399,26.22,2351,0
DEMZ.US,D,20230928,000000,26.12,26.41,26.12,26.41,1142,0
DEMZ.US,D,20230929,000000,26.54,26.54,26.4,26.4,311,0
DEMZ.US,D,20231002,000000,26.3301,26.4555,26.3301,26.4,628,0
DEMZ.US,D,20231003,000000,26.0571,26.14,26.0571,26.14,343,0
DEMZ.US,D,20231004,000000,26.45,26.45,26.45,26.45,240,0
DEMZ.US,D,20231005,000000,26.4113,26.42,26.4,26.42,1196,0
DEMZ.US,D,20231006,000000,26.11,26.7159,26.11,26.63,6612,0
DEMZ.US,D,20231009,000000,26.54,26.82,26.54,26.82,524,0
DEMZ.US,D,20231010,000000,26.74,27.0434,26.74,26.84,5702,0
DEMZ.US,D,20231011,000000,26.96,27.1,26.96,27.1,267,0
DEMZ.US,D,20231012,000000,26.83,26.86,26.81,26.86,3195,0
DEMZ.US,D,20231013,000000,26.675,26.675,26.675,26.675,228,0
DEMZ.US,D,20231016,000000,26.98,26.9999,26.95,26.95,2543,0
DEMZ.US,D,20231017,000000,26.98,26.98,26.97,26.97,195,0
DEMZ.US,D,20231018,000000,26.8,26.8,26.62,26.7,579,0
DEMZ.US,D,20231019,000000,26.47,26.47,26.47,26.47,173,0
DEMZ.US,D,20231020,000000,26.17,26.17,26.17,26.17,304,0
DEMZ.US,D,20231023,000000,26.32,26.32,26.12,26.12,7068,0
DEMZ.US,D,20231024,000000,26.2803,26.32,26.2802,26.32,685,0
DEMZ.US,D,20231025,000000,25.9999,25.9999,25.69,25.69,651,0
DEMZ.US,D,20231026,000000,25.6,25.6,25.6,25.6,178,0
DEMZ.US,D,20231027,000000,25.4701,25.505,25.34,25.34,3209,0
DEMZ.US,D,20231030,000000,25.45,25.66,25.45,25.66,611,0
DEMZ.US,D,20231031,000000,25.96,25.96,25.96,25.96,186,0
DEMZ.US,D,20231101,000000,26.1402,26.1402,26.12,26.13,1188,0
DEMZ.US,D,20231102,000000,26.38,26.417,26.38,26.417,514,0
DEMZ.US,D,20231103,000000,26.45,26.8,26.45,26.73,2560,0
DEMZ.US,D,20231106,000000,26.92,26.92,26.82,26.9,8370,0
DEMZ.US,D,20231107,000000,26.94,27,26.94,27,504,0
DEMZ.US,D,20231108,000000,27.07,27.07,27,27,961,0
DEMZ.US,D,20231109,000000,27.1875,27.1875,27.03,27.03,1926,0
DEMZ.US,D,20231110,000000,26.96,27.3701,26.96,27.37,4314,0
DEMZ.US,D,20231113,000000,27.422,27.49,27.41,27.44,5306,0
DEMZ.US,D,20231114,000000,27.88,27.93,27.88,27.91,1138,0
DEMZ.US,D,20231115,000000,28,28.16,28,28.06,2201,0
DEMZ.US,D,20231116,000000,28.02,28.19,28.02,28.19,7180,0
DEMZ.US,D,20231117,000000,28.09,28.0901,28.06,28.06,2715,0
DEMZ.US,D,20231120,000000,28.17,28.36,28.17,28.325,2297,0
DEMZ.US,D,20231121,000000,28.43,28.43,28.43,28.43,56,0
DEMZ.US,D,20231122,000000,28.5699,28.5699,28.535,28.535,239,0
DEMZ.US,D,20231124,000000,28.48,28.48,28.48,28.48,187,0
DEMZ.US,D,20231127,000000,28.35,28.535,28.35,28.48,1572,0
DEMZ.US,D,20231128,000000,28.62,28.62,28.4,28.45,1046,0
DEMZ.US,D,20231129,000000,28.63,28.63,28.51,28.51,290,0
DEMZ.US,D,20231130,000000,28.435,28.53,28.41,28.53,1796,0
DEMZ.US,D,20231201,000000,28.57,28.75,28.57,28.75,820,0
DEMZ.US,D,20231204,000000,28.65,28.65,28.41,28.59,1577,0
DEMZ.US,D,20231205,000000,28.5,28.54,28.49,28.54,521,0
DEMZ.US,D,20231206,000000,28.61,28.61,28.4,28.47,986,0
DEMZ.US,D,20231207,000000,28.64,28.64,28.64,28.64,202,0
DEMZ.US,D,20231208,000000,28.59,28.75,28.59,28.7015,77492,0
DEMZ.US,D,20231211,000000,28.77,28.9,28.76,28.9,588,0
DEMZ.US,D,20231212,000000,28.954,29.05,28.954,29.05,4474,0
DEMZ.US,D,20231213,000000,29.13,29.53,29.12,29.39,89568,0
DEMZ.US,D,20231214,000000,29.75,29.75,29.2309,29.2309,4501,0
DEMZ.US,D,20231215,000000,29.25,29.2617,29.25,29.2617,1604,0
DEMZ.US,D,20231218,000000,29.23,29.4095,29.23,29.39,5023,0
DEMZ.US,D,20231219,000000,29.42,29.57,29.42,29.555,1100,0
DEMZ.US,D,20231220,000000,29.6,29.6001,29.23,29.23,4093,0
DEMZ.US,D,20231221,000000,29.41,29.45,29.305,29.45,641,0
DEMZ.US,D,20231222,000000,29.55,29.55,29.55,29.55,274,0
DEMZ.US,D,20231226,000000,29.65,29.7,29.65,29.68,3482,0
DEMZ.US,D,20231227,000000,29.7,29.71,29.7,29.71,348,0
DEMZ.US,D,20231228,000000,29.58,29.58,29.38,29.47,4509,0
DEMZ.US,D,20231229,000000,29.4397,29.4397,29.3201,29.4,2072,0
DEMZ.US,D,20240102,000000,29.25,29.25,28.97,29.1,8253,0
DEMZ.US,D,20240103,000000,28.91,28.91,28.655,28.655,4447,0
DEMZ.US,D,20240104,000000,28.66,28.8,28.66,28.7,1661,0
DEMZ.US,D,20240105,000000,28.55,28.84,28.55,28.71,1866,0
DEMZ.US,D,20240108,000000,28.83,29.22,28.83,29.22,6451,0
DEMZ.US,D,20240109,000000,29.15,29.16,29.12,29.15,1016,0
DEMZ.US,D,20240110,000000,29.18,29.3,29.1799,29.3,5294,0
DEMZ.US,D,20240111,000000,29.2203,29.3299,29.01,29.3213,6174,0
DEMZ.US,D,20240112,000000,29.3706,29.3706,29.3706,29.3706,269,0
DEMZ.US,D,20240116,000000,29.37,29.44,29.3601,29.44,9085,0
DEMZ.US,D,20240117,000000,29.2,29.2197,29.125,29.21,2241,0
DEMZ.US,D,20240118,000000,29.39,29.5645,29.39,29.5645,216,0
DEMZ.US,D,20240119,000000,29.6996,29.9673,29.6996,29.9673,2116,0
DEMZ.US,D,20240122,000000,30.24,30.24,30.15,30.1548,7496,0
DEMZ.US,D,20240123,000000,30.15,30.15,30.1,30.13,1969,0
DEMZ.US,D,20240124,000000,30.405,30.425,30.23,30.23,5054,0
DEMZ.US,D,20240125,000000,30.4999,30.53,30.43,30.53,6307,0
DEMZ.US,D,20240126,000000,30.45,30.6199,30.41,30.41,2352,0
DEMZ.US,D,20240129,000000,30.53,30.77,30.53,30.77,1260,0
DEMZ.US,D,20240130,000000,30.7701,30.84,30.7701,30.84,726,0
DEMZ.US,D,20240131,000000,30.79,30.79,30.38,30.38,5720,0
DEMZ.US,D,20240201,000000,30.41,30.75,30.4,30.75,2007,0
DEMZ.US,D,20240202,000000,30.9556,31.08,30.9556,31.08,1093,0
DEMZ.US,D,20240205,000000,31.18,31.18,30.8887,31.01,1676,0
DEMZ.US,D,20240206,000000,30.94,31.04,30.915,31.04,661,0
DEMZ.US,D,20240207,000000,31.26,31.31,31.26,31.31,492,0
DEMZ.US,D,20240208,000000,31.43,31.47,31.35,31.47,1193,0
DEMZ.US,D,20240209,000000,31.49,31.63,31.49,31.6,3214,0
DEMZ.US,D,20240212,000000,32.03,32.03,31.62,31.67,4030,0
DEMZ.US,D,20240213,000000,31.25,31.28,31.13,31.23,3162,0
DEMZ.US,D,20240214,000000,31.31,31.63,31.31,31.63,8109,0
DEMZ.US,D,20240215,000000,31.75,31.75,31.715,31.73,1990,0
DEMZ.US,D,20240216,000000,31.83,31.83,31.57,31.57,405,0
DEMZ.US,D,20240220,000000,31.38,31.38,31.285,31.37,1313,0
DEMZ.US,D,20240221,000000,31.36,31.36,31.12,31.32,1377,0
DEMZ.US,D,20240222,000000,32.05,32.14,32.05,32.14,3869,0
DEMZ.US,D,20240223,000000,32.29,32.29,32.15,32.17,662,0
DEMZ.US,D,20240226,000000,32.24,32.24,32.06,32.06,545,0
DEMZ.US,D,20240227,000000,32.18,32.18,31.995,32.1,1064,0
DEMZ.US,D,20240228,000000,32.1,32.1,32.005,32.1,1673,0
DEMZ.US,D,20240229,000000,32.39,32.39,32.2,32.32,4716,0
DEMZ.US,D,20240301,000000,32.43,32.65,32.316,32.65,3163,0
DEMZ.US,D,20240304,000000,32.6,32.72,32.6,32.7,1354,0
DEMZ.US,D,20240305,000000,32.37,32.4,32.37,32.4,1869,0
DEMZ.US,D,20240306,000000,32.53,32.6803,32.5,32.5,4828,0
DEMZ.US,D,20240307,000000,32.94,32.94,32.91,32.93,899,0
DEMZ.US,D,20240308,000000,32.75,32.76,32.569,32.569,1903,0
DEMZ.US,D,20240311,000000,32.56,32.56,32.52,32.52,1336,0
DEMZ.US,D,20240312,000000,32.59,33,32.565,33,986,0
DEMZ.US,D,20240313,000000,32.86,32.9,32.84,32.9,919,0
DEMZ.US,D,20240314,000000,32.72,32.733,32.63,32.63,8145,0
DEMZ.US,D,20240315,000000,32.42,32.54,32.4,32.4,3621,0
DEMZ.US,D,20240318,000000,32.79,32.79,32.66,32.66,2958,0
DEMZ.US,D,20240319,000000,32.51,32.8097,32.51,32.72,3060,0
DEMZ.US,D,20240320,000000,32.66,33.03,32.66,33.03,5865,0
DEMZ.US,D,20240321,000000,33.19,33.26,33.19,33.22,1226,0
DEMZ.US,D,20240322,000000,33.21,33.21,33.14,33.14,1155,0
DEMZ.US,D,20240325,000000,33.05,33.0695,32.9627,32.9627,1818,0
DEMZ.US,D,20240326,000000,33.0558,33.12,32.84,32.84,3410,0
DEMZ.US,D,20240327,000000,32.98,33.19,32.9799,33.19,938,0
DEMZ.US,D,20240328,000000,33.22,33.22,33.15,33.15,6267,0
DEMZ.US,D,20240401,000000,33.3,33.3,33.0503,33.1274,2143,0
DEMZ.US,D,20240402,000000,32.91,32.91,32.5,32.836,2021,0
DEMZ.US,D,20240403,000000,32.755,32.89,32.755,32.7817,2480,0
DEMZ.US,D,20240404,000000,33.21,33.21,32.39,32.39,10693,0
DEMZ.US,D,20240405,000000,32.59,32.72,32.4968,32.6319,1907,0
DEMZ.US,D,20240408,000000,32.81,32.81,32.81,32.81,477,0
DEMZ.US,D,20240409,000000,32.71,32.72,32.42,32.72,1627,0
DEMZ.US,D,20240410,000000,32.4,32.43,32.37,32.42,4708,0
DEMZ.US,D,20240411,000000,32.5,32.6544,32.23,32.53,1735,0
DEMZ.US,D,20240412,000000,32.34,32.34,32.0827,32.0827,778,0
DEMZ.US,D,20240415,000000,32.44,32.44,31.71,31.72,12577,0
DEMZ.US,D,20240416,000000,31.81,31.81,31.69,31.71,1421,0
DEMZ.US,D,20240417,000000,31.79,31.79,31.34,31.34,2699,0
DEMZ.US,D,20240418,000000,31.51,31.6,31.3799,31.41,669,0
DEMZ.US,D,20240419,000000,31.25,31.275,31,31,2268,0
DEMZ.US,D,20240422,000000,31.22,31.42,31.09,31.27,5401,0
DEMZ.US,D,20240423,000000,31.62,31.73,31.475,31.73,847,0
DEMZ.US,D,20240424,000000,31.94,31.94,31.6937,31.76,1113,0
DEMZ.US,D,20240425,000000,31.34,31.48,31.29,31.48,4239,0
DEMZ.US,D,20240426,000000,31.9001,31.91,31.9001,31.91,507,0
DEMZ.US,D,20240429,000000,31.84,31.95,31.84,31.95,1007,0
DEMZ.US,D,20240430,000000,31.39,31.39,31.39,31.39,560,0
DEMZ.US,D,20240501,000000,31.39,31.45,31.315,31.45,1308,0
DEMZ.US,D,20240502,000000,31.6299,31.6299,31.57,31.57,581,0
DEMZ.US,D,20240503,000000,32.13,32.13,32.13,32.13,160,0
DEMZ.US,D,20240506,000000,32.3,32.4775,32.3,32.4775,4690,0
DEMZ.US,D,20240507,000000,32.48,32.53,32.48,32.48,640,0
DEMZ.US,D,20240508,000000,32.37,32.5133,32.37,32.5133,8805,0
DEMZ.US,D,20240509,000000,32.66,32.76,32.66,32.76,1498,0
DEMZ.US,D,20240510,000000,32.9,32.9,32.73,32.81,2468,0
DEMZ.US,D,20240513,000000,32.94,32.94,32.83,32.83,2287,0
DEMZ.US,D,20240514,000000,32.81,32.96,32.81,32.96,760,0
DEMZ.US,D,20240515,000000,33.35,33.39,33.35,33.39,775,0
DEMZ.US,D,20240516,000000,33.49,33.4901,33.41,33.41,517,0
DEMZ.US,D,20240517,000000,33.4,33.4,33.27,33.3733,7951,0
DEMZ.US,D,20240520,000000,33.5101,33.5413,33.5101,33.52,753,0
DEMZ.US,D,20240521,000000,33.5384,33.58,33.49,33.58,1740,0
DEMZ.US,D,20240522,000000,33.57,33.57,33.4354,33.53,540,0
DEMZ.US,D,20240523,000000,33.81,33.81,33.269,33.28,2533,0
DEMZ.US,D,20240524,000000,33.54,33.56,33.54,33.56,443,0
DEMZ.US,D,20240528,000000,33.99,33.99,33.43,33.53,2983,0
DEMZ.US,D,20240529,000000,33.27,33.389,33.24,33.257,3031,0
DEMZ.US,D,20240530,000000,33.01,33.1,32.9,32.96,3113,0
DEMZ.US,D,20240531,000000,32.66,33.2,32.64,33.2,2778,0
DEMZ.US,D,20240603,000000,33.3047,33.3047,33.13,33.26,1213,0
DEMZ.US,D,20240604,000000,33.31,33.31,33.31,33.31,459,0
DEMZ.US,D,20240605,000000,33.67,33.75,33.67,33.75,1741,0
DEMZ.US,D,20240606,000000,33.75,33.75,33.63,33.63,519,0
DEMZ.US,D,20240607,000000,33.63,33.7652,33.6,33.65,3053,0
DEMZ.US,D,20240610,000000,33.56,33.76,33.56,33.76,1871,0
DEMZ.US,D,20240611,000000,33.67,33.79,33.67,33.79,774,0
DEMZ.US,D,20240612,000000,34.15,34.15,34.15,34.15,388,0
DEMZ.US,D,20240613,000000,34.22,34.22,34.22,34.22,354,0
DEMZ.US,D,20240614,000000,34.15,34.1924,34.13,34.1924,1813,0
DEMZ.US,D,20240617,000000,34.2,34.61,34.2,34.61,2444,0
DEMZ.US,D,20240618,000000,34.59,34.77,34.59,34.72,1315,0
DEMZ.US,D,20240620,000000,34.8286,34.8286,34.54,34.56,1647,0
DEMZ.US,D,20240621,000000,34.55,34.55,34.455,34.5001,2003,0
DEMZ.US,D,20240624,000000,34.51,34.6,34.41,34.41,3380,0
DEMZ.US,D,20240625,000000,34.356,34.53,34.356,34.53,653,0
DEMZ.US,D,20240626,000000,34.34,34.37,34.34,34.34,422,0
DEMZ.US,D,20240627,000000,34.482,34.482,34.4,34.44,977,0
DEMZ.US,D,20240628,000000,34.45,34.45,34.31,34.31,4236,0
DEMZ.US,D,20240701,000000,34.4,34.4,34.1682,34.22,1491,0
DEMZ.US,D,20240702,000000,34.1,34.38,34.1,34.38,1008,0
DEMZ.US,D,20240703,000000,34.4799,34.48,34.4799,34.48,820,0
DEMZ.US,D,20240705,000000,34.49,34.724,34.465,34.6734,1394,0
DEMZ.US,D,20240708,000000,34.73,34.83,34.73,34.83,1559,0
DEMZ.US,D,20240709,000000,34.9055,34.9055,34.78,34.85,4456,0
DEMZ.US,D,20240710,000000,34.897,35.1716,34.897,35.1716,1706,0
DEMZ.US,D,20240711,000000,35.014,35.014,34.93,34.96,1826,0
DEMZ.US,D,20240712,000000,35.2,35.235,35.13,35.1538,1350,0
DEMZ.US,D,20240715,000000,35.3,35.3,35.16,35.21,2823,0
DEMZ.US,D,20240716,000000,35.329,35.46,35.329,35.46,730,0
DEMZ.US,D,20240717,000000,34.9576,34.9576,34.7,34.7,1105,0
DEMZ.US,D,20240718,000000,34.84,34.84,34.5099,34.57,1377,0
DEMZ.US,D,20240719,000000,34.332,34.332,34.15,34.15,354,0
DEMZ.US,D,20240722,000000,34.48,34.69,34.48,34.69,1537,0
DEMZ.US,D,20240723,000000,34.78,34.78,34.65,34.65,6322,0
DEMZ.US,D,20240724,000000,34.1,34.1,33.72,33.72,915,0
DEMZ.US,D,20240725,000000,33.7,33.7,33.64,33.64,511,0
DEMZ.US,D,20240726,000000,33.98,34.17,33.98,34.13,2437,0
DEMZ.US,D,20240729,000000,34.42,34.42,34.14,34.14,2047,0
DEMZ.US,D,20240730,000000,33.7501,33.98,33.7501,33.98,1398,0
DEMZ.US,D,20240731,000000,34.56,34.62,34.56,34.61,1319,0
DEMZ.US,D,20240801,000000,34.18,34.18,33.87,34.03,1437,0
DEMZ.US,D,20240802,000000,33.56,33.56,33.38,33.5,605,0
DEMZ.US,D,20240805,000000,32.15,32.88,32.15,32.515,6408,0
DEMZ.US,D,20240806,000000,32.75,33.27,32.75,32.92,1947,0
DEMZ.US,D,20240807,000000,33.25,33.25,32.59,32.59,1911,0
DEMZ.US,D,20240808,000000,32.96,33.44,32.96,33.44,491,0
DEMZ.US,D,20240809,000000,33.44,33.57,33.365,33.57,6835,0
DEMZ.US,D,20240812,000000,33.47,33.47,33.47,33.47,344,0
DEMZ.US,D,20240813,000000,33.7208,34.06,33.7208,34.06,1243,0
DEMZ.US,D,20240814,000000,34.07,34.13,34.07,34.13,371,0
DEMZ.US,D,20240815,000000,34.54,34.74,34.54,34.74,1842,0
DEMZ.US,D,20240816,000000,34.76,34.76,34.73,34.73,363,0
DEMZ.US,D,20240819,000000,34.82,35.07,34.82,35.07,773,0
DEMZ.US,D,20240820,000000,34.95,35.04,34.89,35.04,1602,0
DEMZ.US,D,20240821,000000,35.29,35.29,35.29,35.29,146,0
DEMZ.US,D,20240822,000000,35.09,35.09,35.03,35.03,590,0
DEMZ.US,D,20240823,000000,35.2983,35.3822,35.2983,35.3822,7866,0
DEMZ.US,D,20240826,000000,35.49,35.49,35.26,35.26,2603,0
DEMZ.US,D,20240827,000000,35.305,35.3677,35.305,35.3677,652,0
DEMZ.US,D,20240828,000000,35.33,35.33,35.1189,35.14,1072,0
DEMZ.US,D,20240829,000000,35.12,35.12,35.12,35.12,229,0
DEMZ.US,D,20240830,000000,35.2782,35.34,35.09,35.34,21891,0
DEMZ.US,D,20240903,000000,35.29,35.29,34.59,34.59,2618,0
DEMZ.US,D,20240904,000000,34.54,34.57,34.49,34.52,707,0
DEMZ.US,D,20240905,000000,34.37,34.462,34.311,34.435,3719,0
DEMZ.US,D,20240906,000000,34.58,34.58,33.961,34.05,16485,0
DEMZ.US,D,20240909,000000,34.295,34.295,34.29,34.29,430,0
DEMZ.US,D,20240910,000000,34.4,34.4,34.4,34.4,228,0
DEMZ.US,D,20240911,000000,34.3383,34.6897,34.3383,34.6897,1750,0
DEMZ.US,D,20240912,000000,34.65,34.95,34.65,34.92,838,0
DEMZ.US,D,20240913,000000,35.01,35.23,35.01,35.19,1013,0
DEMZ.US,D,20240916,000000,35.18,35.23,35.18,35.2293,998,0
DEMZ.US,D,20240917,000000,35.39,35.45,35.18,35.22,618,0
DEMZ.US,D,20240918,000000,35.06,35.1801,35.05,35.05,469,0
DEMZ.US,D,20240919,000000,35.61,35.68,35.5711,35.6,1714,0
DEMZ.US,D,20240920,000000,35.49,35.511,35.49,35.51,2261,0
DEMZ.US,D,20240923,000000,35.51,35.571,35.51,35.57,491,0
DEMZ.US,D,20240924,000000,35.69,35.69,35.681,35.69,499,0
DEMZ.US,D,20240925,000000,35.63,35.7,35.63,35.7,300,0
DEMZ.US,D,20240926,000000,35.91,35.98,35.82,35.97,4186,0
DEMZ.US,D,20240927,000000,36.12,36.12,35.87,35.92,2057,0
DEMZ.US,D,20240930,000000,35.75,35.971,35.74,35.96,1342,0
DEMZ.US,D,20241001,000000,35.65,35.65,35.51,35.6,1524,0
DEMZ.US,D,20241002,000000,35.42,35.6399,35.42,35.56,1048,0
DEMZ.US,D,20241003,000000,35.44,35.5787,35.44,35.49,1422,0
DEMZ.US,D,20241004,000000,35.622,35.78,35.622,35.78,383,0
DEMZ.US,D,20241007,000000,35.59,35.5984,35.42,35.42,1283,0
DEMZ.US,D,20241008,000000,35.61,35.78,35.61,35.78,901,0
DEMZ.US,D,20241009,000000,35.83,36.16,35.83,36.12,10724,0
DEMZ.US,D,20241010,000000,36.0296,36.0296,35.91,35.92,1799,0
DEMZ.US,D,20241011,000000,36.16,36.21,36.125,36.21,3047,0
DEMZ.US,D,20241014,000000,36.5516,36.5516,36.53,36.53,772,0
DEMZ.US,D,20241015,000000,36.53,36.7074,36.15,36.15,2283,0
DEMZ.US,D,20241016,000000,36.2,36.2,36.08,36.18,9316,0
DEMZ.US,D,20241017,000000,36.47,36.47,36.17,36.17,657,0
DEMZ.US,D,20241018,000000,36.31,36.34,36.25,36.33,4280,0
DEMZ.US,D,20241021,000000,36.3,36.3,36.17,36.23,486,0
DEMZ.US,D,20241022,000000,35.92,36.02,35.92,36.02,666,0
DEMZ.US,D,20241023,000000,35.9724,35.9724,35.62,35.82,1896,0
DEMZ.US,D,20241024,000000,35.74,35.74,35.7,35.7,1108,0
DEMZ.US,D,20241025,000000,35.71,35.895,35.64,35.64,2888,0
DEMZ.US,D,20241028,000000,35.85,35.87,35.77,35.78,2453,0
DEMZ.US,D,20241029,000000,35.71,35.93,35.71,35.93,773,0
DEMZ.US,D,20241030,000000,35.95,35.9601,35.7884,35.79,5203,0
DEMZ.US,D,20241031,000000,35.55,35.55,35.08,35.08,1101,0
DEMZ.US,D,20241101,000000,35.21,35.29,35.19,35.29,6379,0
DEMZ.US,D,20241104,000000,35.22,35.34,35.11,35.22,1046,0
