<TICKER>,<PER>,<DATE>,<TIME>,<OPEN>,<HIGH>,<LOW>,<CLOSE>,<VOL>,<OPENINT>
DMXF.US,D,20200619,000000,49.2064,49.2919,49.1494,49.2919,430.3462218804,0
DMXF.US,D,20200625,000000,49.3794,49.6989,49.3794,49.6989,592.1075676936,0
DMXF.US,D,20200626,000000,49.5052,49.5052,49.0767,49.0767,167.865547542,0
DMXF.US,D,20200702,000000,50.3506,50.3506,50.0557,50.0557,288.9322151632,0
DMXF.US,D,20200708,000000,50.5717,50.6877,50.5619,50.6877,4814.1804301136,0
DMXF.US,D,20200713,000000,51.244,51.244,51.244,51.244,1631.8565954992,0
DMXF.US,D,20200714,000000,50.6101,51.0062,50.6101,51.0062,1477.2168183696,0
DMXF.US,D,20200715,000000,51.6009,51.6107,51.5792,51.5792,909.5260575912,0
DMXF.US,D,20200717,000000,51.4849,51.4849,51.422,51.422,183.126051864,0
DMXF.US,D,20200721,000000,52.1385,52.1867,52.053,52.1867,1196.4235388448,0
DMXF.US,D,20200722,000000,51.8888,52.1208,51.8888,52.1208,706.0526666312,0
DMXF.US,D,20200723,000000,51.6382,51.706,51.6382,51.706,116.997199802,0
DMXF.US,D,20200724,000000,51.4465,51.4465,51.3748,51.3748,123.1014015308,0
DMXF.US,D,20200727,000000,51.937,52.2447,51.937,52.167,996.0022487492,0
DMXF.US,D,20200728,000000,51.9557,52.1277,51.8544,51.8544,4366.5389700016,0
DMXF.US,D,20200730,000000,51.129,51.129,51.129,51.129,416.1030845132,0
DMXF.US,D,20200803,000000,51.419,51.5419,51.419,51.5055,875.9529480828,0
DMXF.US,D,20200804,000000,51.4858,51.7355,51.4858,51.7355,391.686277598,0
DMXF.US,D,20200807,000000,51.8024,52.0225,51.8024,52.0225,696.896364038,0
DMXF.US,D,20200811,000000,52.8688,52.8885,52.285,52.285,1253.3960883136,0
DMXF.US,D,20200812,000000,53.1667,53.5687,53.1667,53.4841,1735.6280248888,0
DMXF.US,D,20200813,000000,53.2915,53.3013,53.2404,53.2404,293.0016829824,0
DMXF.US,D,20200817,000000,53.206,53.206,53.206,53.206,202.4560240052,0
DMXF.US,D,20200819,000000,53.5991,53.5991,53.2089,53.2089,450.6935609764,0
DMXF.US,D,20200820,000000,52.9062,53.0664,52.9032,53.0664,212.6296935532,0
DMXF.US,D,20200821,000000,52.5523,52.6673,52.5523,52.6673,1150.6420258788,0
DMXF.US,D,20200824,000000,53.5608,53.5608,53.5608,53.5608,251.2896378356,0
DMXF.US,D,20200825,000000,53.5323,53.5323,53.5087,53.5136,930.890763642,0
DMXF.US,D,20200826,000000,53.7623,54.1083,53.7623,54.0533,397.7904793268,0
DMXF.US,D,20200827,000000,53.6277,53.6277,53.6277,53.6277,572.7775955524,0
DMXF.US,D,20200828,000000,53.666,53.7535,53.666,53.7535,665.3579884392,0
DMXF.US,D,20200831,000000,53.8596,53.8596,53.5628,53.5628,1546.397771296,0
DMXF.US,D,20200902,000000,54.1948,54.3629,54.1948,54.3629,137.344538898,0
DMXF.US,D,20200903,000000,53.1863,53.1863,52.8836,52.9976,1026.5232573932,0
DMXF.US,D,20200904,000000,53.2158,53.2158,53.2158,53.2158,567.6907607784,0
DMXF.US,D,20200908,000000,52.3027,52.6762,52.3027,52.514,2699.0745310844,0
DMXF.US,D,20200910,000000,52.9937,52.9937,52.9937,52.9937,242.1333352424,0
DMXF.US,D,20200911,000000,53.3682,53.6473,53.3682,53.3986,2261.6067405204,0
DMXF.US,D,20200914,000000,53.8675,53.8675,53.7623,53.7623,473.075633982,0
DMXF.US,D,20200917,000000,54.0995,54.1643,54.0995,54.1643,431.3635888352,0
DMXF.US,D,20200921,000000,52.283,52.283,52.283,52.283,263.4980412932,0
DMXF.US,D,20200922,000000,52.4363,52.6772,52.4363,52.6772,222.8033631012,0
DMXF.US,D,20200923,000000,52.9553,52.9553,52.4108,52.4108,723.3479048628,0
DMXF.US,D,20200925,000000,51.707,52.4157,51.707,52.4157,425.2593871064,0
DMXF.US,D,20200928,000000,53.1667,53.2915,53.1667,53.2915,673.4969240776,0
DMXF.US,D,20200929,000000,53.5421,53.5421,53.2915,53.2915,2715.3524023612,0
DMXF.US,D,20200930,000000,53.1568,53.1568,53.0703,53.0703,640.941181524,0
DMXF.US,D,20201001,000000,53.4841,53.4841,53.4841,53.4841,627.7154111116,0
DMXF.US,D,20201002,000000,53.2335,53.2335,53.2335,53.2335,474.0930009368,0
DMXF.US,D,20201005,000000,53.8498,53.8498,53.7554,53.7662,2001.1608000916,0
DMXF.US,D,20201006,000000,54.243,54.243,53.5323,53.5323,541.2392199536,0
DMXF.US,D,20201007,000000,53.8871,54.0316,53.7997,53.9235,532995.49551886,0
DMXF.US,D,20201008,000000,54.2331,54.3196,54.185,54.3,23437.082537728,0
DMXF.US,D,20201009,000000,54.3108,54.6637,54.3108,54.5605,22605.893735656,0
DMXF.US,D,20201012,000000,54.9173,55.0696,54.9173,54.9487,13094.530075231,0
DMXF.US,D,20201013,000000,54.6764,54.6764,54.3196,54.4956,17033.774924216,0
DMXF.US,D,20201014,000000,54.6794,54.8386,54.4671,54.4818,25470.799080373,0
DMXF.US,D,20201015,000000,53.551,53.8675,53.436,53.7603,12842.22307044,0
DMXF.US,D,20201016,000000,54.013,54.1663,53.9068,53.9766,7745.2146268924,0
DMXF.US,D,20201019,000000,54.359,54.3786,53.7358,53.7358,13276.63876014,0
DMXF.US,D,20201020,000000,53.8871,54.354,53.8871,54.0493,7790.9961398584,0
DMXF.US,D,20201021,000000,54.2911,54.2911,53.84,53.84,16870.996211448,0
DMXF.US,D,20201022,000000,53.4448,53.9068,53.4448,53.8075,5520.2330967448,0
DMXF.US,D,20201023,000000,54.0513,54.0611,53.8016,54.0169,12230.785530606,0
DMXF.US,D,20201026,000000,53.147,53.147,52.7528,52.916,3542.4717366136,0
DMXF.US,D,20201027,000000,53.0605,53.0998,52.6772,52.6772,6388.0471091892,0
DMXF.US,D,20201028,000000,51.707,51.707,51.3699,51.6775,7019.83198812,0
DMXF.US,D,20201029,000000,51.6559,51.707,51.3964,51.6225,4200.7081563692,0
DMXF.US,D,20201030,000000,51.36,51.36,50.9639,51.2077,6008.5692350488,0
DMXF.US,D,20201102,000000,51.7444,51.7925,51.4465,51.7237,7352.5109823396,0
DMXF.US,D,20201103,000000,52.7047,53.263,52.7047,53.263,3753.0666962572,0
DMXF.US,D,20201104,000000,53.494,54.013,53.494,53.5844,5653.5081678236,0
DMXF.US,D,20201105,000000,54.9546,55.2623,54.8583,55.1512,10240.815767017,0
DMXF.US,D,20201106,000000,55.2151,55.4834,55.1984,55.3871,11076.074036908,0
DMXF.US,D,20201109,000000,57.2419,57.2851,56.6089,56.6089,7127.6728853288,0
DMXF.US,D,20201110,000000,56.7514,56.7514,56.545,56.545,7552.9322724352,0
DMXF.US,D,20201111,000000,57.0119,57.0119,56.8291,56.832,5908.8672734784,0
DMXF.US,D,20201112,000000,56.7612,56.8271,56.2442,56.2442,6555.9126567312,0
DMXF.US,D,20201113,000000,56.658,57.2035,56.658,57.2035,4690.061661628,0
DMXF.US,D,20201116,000000,57.6557,57.6626,57.4532,57.5594,6064.5244175628,0
DMXF.US,D,20201117,000000,57.5977,57.7904,57.5594,57.5594,6063.507050608,0
DMXF.US,D,20201118,000000,57.7117,57.8651,57.4336,57.4532,9848.112122464,0
DMXF.US,D,20201119,000000,57.3815,57.6459,57.3579,57.5545,4708.3742668144,0
DMXF.US,D,20201120,000000,57.6586,57.9732,57.6586,57.9142,8442.1109909304,0
DMXF.US,D,20201123,000000,58.0292,58.0292,57.6075,57.6704,5220.1098450788,0
DMXF.US,D,20201124,000000,58.044,58.386,58.044,58.3565,13152.519991654,0
DMXF.US,D,20201125,000000,58.0096,58.3369,57.9634,58.2907,7242.6353512212,0
DMXF.US,D,20201127,000000,58.8087,58.8765,58.79,58.79,3971.8005915392,0
DMXF.US,D,20201130,000000,58.6642,58.6809,57.7786,57.7786,10768.829216558,0
DMXF.US,D,20201201,000000,58.5787,59.136,58.5787,58.962,6428.7417873812,0
DMXF.US,D,20201202,000000,58.848,58.8853,58.7438,58.7556,6026.8818402352,0
DMXF.US,D,20201203,000000,59.1163,59.136,58.9237,58.9237,20463.318928847,0
DMXF.US,D,20201204,000000,59.193,59.193,59.0397,59.0642,6046.2118123764,0
DMXF.US,D,20201207,000000,58.8382,58.9433,58.7222,58.7507,13440.434839863,0
DMXF.US,D,20201208,000000,58.7998,59.0878,58.7733,58.9138,13372.271253891,0
DMXF.US,D,20201209,000000,59.1743,59.1743,58.7418,58.9532,8820.571498116,0
DMXF.US,D,20201210,000000,58.674,59.3041,58.674,59.1075,7931.3927796208,0
DMXF.US,D,20201211,000000,58.7123,59.0397,58.7123,59.0298,5564.997242756,0
DMXF.US,D,20201214,000000,59.368,59.4633,59.1163,59.1311,8922.308193596,0
DMXF.US,D,20201215,000000,59.3483,59.7523,59.3483,59.7523,5913.9541082524,0
DMXF.US,D,20201216,000000,59.8486,60.0295,59.7719,60.0295,4463.1888307076,0
DMXF.US,D,20201217,000000,60.6202,60.6202,60.4777,60.4777,4664.627487758,0
DMXF.US,D,20201218,000000,60.3696,60.3892,60.1189,60.3312,8296.627516394,0
DMXF.US,D,20201221,000000,58.9915,59.7818,58.8087,59.6245,9508.3115595608,0
DMXF.US,D,20201222,000000,59.4535,59.8014,59.2038,59.8014,6253.7546711556,0
DMXF.US,D,20201223,000000,60.0511,60.1769,59.9155,60.1671,7476.6297508252,0
DMXF.US,D,20201224,000000,60.1671,60.1867,60.0187,60.1346,6057.4028488792,0
DMXF.US,D,20201228,000000,60.7844,61.0055,60.4462,60.9485,4154.9266434032,0
DMXF.US,D,20201229,000000,61.4301,61.4301,61.0743,61.2375,16881.169880996,0
DMXF.US,D,20201230,000000,61.5461,61.6719,61.2955,61.2955,8249.8286364732,0
DMXF.US,D,20201231,000000,61.2768,61.2768,60.7559,60.9485,18105.062327621,0
DMXF.US,D,20210104,000000,61.8066,61.8351,61.0271,61.1707,6648.493049618,0
DMXF.US,D,20210105,000000,61.3535,61.7781,61.2768,61.5776,7076.8045375888,0
DMXF.US,D,20210106,000000,61.613,62.3472,61.613,62.1064,9921.3625432096,0
DMXF.US,D,20210107,000000,61.9511,62.2991,61.8675,62.2991,8232.5333982416,0
DMXF.US,D,20210108,000000,62.6745,62.7512,62.2597,62.7119,7227.3748468992,0
DMXF.US,D,20210111,000000,61.8843,62.2312,61.8843,62.2312,13189.145202027,0
DMXF.US,D,20210112,000000,61.9806,62.3177,61.8843,62.3177,9647.6908323684,0
DMXF.US,D,20210113,000000,62.2696,62.4042,62.2116,62.2892,8275.2628103432,0
DMXF.US,D,20210114,000000,62.53,63.1169,62.53,63.1169,30863.861307768,0
DMXF.US,D,20210115,000000,62.0189,62.0573,61.5953,62.0573,10370.021370276,0
DMXF.US,D,20210119,000000,62.3856,62.9792,62.1152,62.3541,8599.8028689244,0
DMXF.US,D,20210120,000000,62.4337,62.823,62.4062,62.8082,11798.404574816,0
DMXF.US,D,20210121,000000,62.8082,63.0598,62.4494,62.9163,16401.990045286,0
DMXF.US,D,20210122,000000,62.2794,62.6165,62.2794,62.5772,19436.795671454,0
DMXF.US,D,20210125,000000,62.1634,62.4435,61.8941,62.4435,12839.170969576,0
DMXF.US,D,20210126,000000,62.6165,62.6647,62.4082,62.5969,10956.024736241,0
DMXF.US,D,20210127,000000,61.4695,61.7103,61.035,61.1598,11748.55359403,0
DMXF.US,D,20210128,000000,61.2473,61.8253,61.2473,61.7388,11795.352473951,0
DMXF.US,D,20210129,000000,60.8709,60.977,60.0413,60.4462,20140.813604176,0
DMXF.US,D,20210201,000000,61.1608,61.1992,60.9092,61.1412,13351.923914795,0
DMXF.US,D,20210202,000000,61.44,61.7584,61.44,61.7584,14975.641574656,0
DMXF.US,D,20210203,000000,61.8744,61.9511,61.7555,61.8803,9505.2594586964,0
DMXF.US,D,20210204,000000,61.6719,61.8843,61.6719,61.8272,12466.814664119,0
DMXF.US,D,20210205,000000,62.0523,62.4386,62.0523,62.3207,54400.645807066,0
DMXF.US,D,20210208,000000,62.9144,62.9714,62.6942,62.7777,11993.739030137,0
DMXF.US,D,20210209,000000,63.1463,63.3105,63.0402,63.3105,9242.778784358,0
DMXF.US,D,20210210,000000,63.3203,63.3488,62.8672,62.9262,9240.7440504484,0
DMXF.US,D,20210211,000000,63.4943,63.5031,63.2643,63.455,15205.566506441,0
DMXF.US,D,20210212,000000,63.682,63.9936,63.682,63.9936,11352.797848613,0
DMXF.US,D,20210216,000000,64.5156,64.6414,64.3082,64.3996,17079.556437182,0
DMXF.US,D,20210217,000000,63.8413,63.9179,63.5415,63.9179,17920.918908802,0
DMXF.US,D,20210218,000000,63.339,63.7155,63.1876,63.5434,10845.131738168,0
DMXF.US,D,20210219,000000,63.7931,64.0438,63.7204,63.8206,20352.425930774,0
DMXF.US,D,20210222,000000,63.5415,63.8413,63.4373,63.4373,21506.120057517,0
DMXF.US,D,20210223,000000,63.223,63.6191,63.107,63.6191,15029.56202326,0
DMXF.US,D,20210224,000000,62.8574,63.397,62.8082,63.3803,12574.655561328,0
DMXF.US,D,20210225,000000,63.4746,63.4746,62.2411,62.4141,22769.689815379,0
DMXF.US,D,20210226,000000,61.8744,61.9029,61.44,61.5265,17690.993977017,0
DMXF.US,D,20210301,000000,62.2312,62.7325,62.2312,62.6657,16180.204049139,0
DMXF.US,D,20210302,000000,62.5684,62.7846,62.2892,62.4721,31115.150945603,0
DMXF.US,D,20210303,000000,62.2017,62.3659,61.8744,61.9128,16207.672956919,0
DMXF.US,D,20210304,000000,61.7879,61.9501,60.9289,60.9289,18146.774372768,0
DMXF.US,D,20210305,000000,60.8709,61.324,60.5435,61.324,13041.626993581,0
DMXF.US,D,20210308,000000,60.9682,62.7129,60.6369,61.035,9204.1188400756,0
DMXF.US,D,20210309,000000,61.7103,62.0189,61.7103,62.0189,12058.850515244,0
DMXF.US,D,20210310,000000,62.2892,62.2892,61.9904,62.2312,10719.995602728,0
DMXF.US,D,20210311,000000,62.3659,62.6559,62.3315,62.5979,14625.667342205,0
DMXF.US,D,20210312,000000,62.2892,62.9439,62.2892,62.6853,20933.342461965,0
DMXF.US,D,20210315,000000,62.6745,62.8279,62.4721,62.7512,17481.416384328,0
DMXF.US,D,20210316,000000,63.0697,63.0893,62.8751,62.9488,16510.848309449,0
DMXF.US,D,20210317,000000,62.9832,63.2427,62.6411,63.166,11331.433142562,0
DMXF.US,D,20210318,000000,62.9635,63.3685,62.7443,62.7866,11177.810732388,0
DMXF.US,D,20210319,000000,62.7424,63.0107,62.4337,62.8367,15413.10936522,0
DMXF.US,D,20210322,000000,62.7797,63.0697,62.7797,62.822,13193.214669846,0
DMXF.US,D,20210323,000000,62.5782,62.6559,62.0671,62.1536,43851.567852744,0
DMXF.US,D,20210324,000000,61.9511,62.1349,61.7771,61.7771,15267.625890684,0
DMXF.US,D,20210325,000000,61.8646,62.3079,61.6719,62.2568,18403.150845377,0
DMXF.US,D,20210326,000000,62.588,63.1198,62.588,63.1198,10934.66003019,0
DMXF.US,D,20210329,000000,62.8672,62.9733,62.6087,62.8623,17750.001260396,0
DMXF.US,D,20210330,000000,62.588,62.8574,62.588,62.6942,33266.882055005,0
DMXF.US,D,20210331,000000,62.6411,62.9045,62.5851,62.5851,17648.264564916,0
DMXF.US,D,20210401,000000,63.0304,63.5326,62.9242,63.5326,15326.633174062,0
DMXF.US,D,20210405,000000,64.1303,64.5303,64.0143,64.492,21105.277477326,0
DMXF.US,D,20210406,000000,63.7253,63.8796,63.6673,63.687,15477.203483372,0
DMXF.US,D,20210407,000000,63.7636,63.9278,63.6673,63.8314,21594.630982585,0
DMXF.US,D,20210408,000000,64.1676,64.3622,64.1106,64.3131,26117.844463626,0
DMXF.US,D,20210409,000000,64.3622,64.5647,64.3622,64.5352,20453.145259299,0
DMXF.US,D,20210412,000000,64.1597,64.2168,64.0339,64.1253,11098.456109913,0
DMXF.US,D,20210413,000000,64.3809,64.5893,64.3809,64.5893,15436.50880518,0
DMXF.US,D,20210414,000000,64.6512,64.777,64.545,64.5745,29532.127963934,0
DMXF.US,D,20210415,000000,64.9795,65.0857,64.9225,65.0758,27118.933547149,0
DMXF.US,D,20210416,000000,65.3452,65.4808,65.2636,65.471,23439.117271637,0
DMXF.US,D,20210419,000000,65.5191,65.5191,65.1918,65.2243,24089.214755754,0
DMXF.US,D,20210420,000000,64.5844,64.5844,64.0044,64.2364,20075.702119068,0
DMXF.US,D,20210421,000000,64.3809,64.8832,64.3809,64.8832,24525.665179364,0
DMXF.US,D,20210422,000000,65.123,65.123,64.6168,64.722,16444.719457387,0
DMXF.US,D,20210423,000000,64.9982,65.5565,64.9608,65.4228,20316.818087356,0
DMXF.US,D,20210426,000000,65.4533,65.4808,65.3746,65.413,12123.962000352,0
DMXF.US,D,20210427,000000,65.0857,65.1722,64.9893,65.1722,13078.252203954,0
DMXF.US,D,20210428,000000,65.2783,65.3746,65.0365,65.238,27121.985648013,0
DMXF.US,D,20210429,000000,65.3835,65.3835,64.8045,65.2469,15517.898161564,0
DMXF.US,D,20210430,000000,64.9205,64.9205,64.2197,64.3052,14934.946896464,0
DMXF.US,D,20210503,000000,64.8537,65.1525,64.7967,65.1043,16408.094247014,0
DMXF.US,D,20210504,000000,64.3622,65.1781,63.6535,64.0339,16670.574921353,0
DMXF.US,D,20210505,000000,64.6571,65.006,64.6315,64.8812,18516.07857736,0
DMXF.US,D,20210506,000000,64.9205,65.1623,64.6935,65.0562,81953.995043914,0
DMXF.US,D,20210507,000000,65.4995,66.1069,65.4995,66.0961,11011.979918755,0
DMXF.US,D,20210510,000000,66.2897,66.2897,65.6204,65.6204,6921.1473935044,0
DMXF.US,D,20210511,000000,64.3907,64.8144,64.3553,64.6689,20643.392879847,0
DMXF.US,D,20210512,000000,64.1597,64.3032,63.3537,63.4147,50557.033451831,0
DMXF.US,D,20210513,000000,63.5031,64.0339,63.5031,63.9229,16159.856710043,0
DMXF.US,D,20210514,000000,64.6512,65.3353,64.6512,65.3353,10393.420810237,0
DMXF.US,D,20210517,000000,64.7672,64.9402,64.6581,64.9019,21663.811935511,0
DMXF.US,D,20210518,000000,65.4415,65.529,65.182,65.182,23927.453409941,0
DMXF.US,D,20210519,000000,64.3996,64.8242,64.1882,64.6119,23849.116154422,0
DMXF.US,D,20210520,000000,65.3452,65.6833,65.3452,65.6056,12883.935115587,0
DMXF.US,D,20210521,000000,65.7069,65.8661,65.4562,65.7118,20387.016407237,0
DMXF.US,D,20210524,000000,66.0882,66.1915,65.987,66.1168,15935.018613032,0
DMXF.US,D,20210525,000000,66.3871,66.4097,66.0696,66.1453,11709.893649748,0
DMXF.US,D,20210526,000000,66.2023,66.2023,66.045,66.1118,19983.121726182,0
DMXF.US,D,20210527,000000,66.2219,66.3183,66.1148,66.3183,12098.527826482,0
DMXF.US,D,20210528,000000,66.4922,66.7134,66.4922,66.5306,12661.131752486,0
DMXF.US,D,20210601,000000,66.9454,66.9454,66.4627,66.4627,24581.620361878,0
DMXF.US,D,20210602,000000,66.5886,66.7901,66.5797,66.6662,16176.13458132,0
DMXF.US,D,20210603,000000,66.3871,66.3871,66.2141,66.3035,13587.953048309,0
DMXF.US,D,20210604,000000,66.8087,67.021,66.7871,66.9237,8387.1731753712,0
DMXF.US,D,20210607,000000,67.1773,67.2638,67.0712,67.1842,10510.418010039,0
DMXF.US,D,20210608,000000,67.2353,67.3218,67.1243,67.1675,216529.26109095,0
DMXF.US,D,20210609,000000,66.9552,67.0515,66.8667,66.8667,16796.728423748,0
DMXF.US,D,20210610,000000,67.0633,67.2481,66.9896,67.2284,18895.5564515,0
DMXF.US,D,20210611,000000,67.1213,67.3356,67.1016,67.2766,11142.20288897,0
DMXF.US,D,20210614,000000,67.3159,67.4231,67.2874,67.3916,9532.728366476,0
DMXF.US,D,20210615,000000,67.4624,67.6177,67.3847,67.4879,69159.588220349,0
DMXF.US,D,20210616,000000,67.6079,67.6462,66.8785,67.1606,16798.763157658,0
DMXF.US,D,20210617,000000,66.6053,66.7124,66.3428,66.6839,10728.134538366,0
DMXF.US,D,20210618,000000,65.6528,65.6626,65.2341,65.2341,17184.345233527,0
DMXF.US,D,20210621,000000,65.8179,66.333,65.7403,66.2799,30276.840574848,0
DMXF.US,D,20210622,000000,66.0617,66.508,66.0352,66.4745,11294.80793219,0
DMXF.US,D,20210623,000000,66.2553,66.2937,65.7983,65.9153,17985.013026954,0
DMXF.US,D,20210624,000000,66.5168,66.5954,66.391,66.5866,13407.879097309,0
DMXF.US,D,20210625,000000,66.7321,66.7999,66.5777,66.7999,22484.827068035,0
DMXF.US,D,20210628,000000,66.5669,66.5669,66.2897,66.3753,16547.473519822,0
DMXF.US,D,20210629,000000,66.5954,66.5954,66.3625,66.508,20286.297078712,0
DMXF.US,D,20210630,000000,65.7983,66.0538,65.6656,65.8818,17136.528986651,0
DMXF.US,D,20210701,000000,65.8474,66.0421,65.6725,65.989,26270.449506846,0
DMXF.US,D,20210702,000000,66.0745,66.3133,65.9929,66.2593,9627.3434932724,0
DMXF.US,D,20210706,000000,66.3625,66.3625,65.7599,65.9919,9752.4796287128,0
DMXF.US,D,20210707,000000,66.3232,66.4981,66.2357,66.4696,15713.232616886,0
DMXF.US,D,20210708,000000,65.3609,65.5653,65.1948,65.4228,17806.973809864,0
DMXF.US,D,20210709,000000,66.1344,66.6446,66.1344,66.6446,15775.292001129,0
DMXF.US,D,20210712,000000,66.7026,66.966,66.7026,66.9267,9888.806800656,0
DMXF.US,D,20210713,000000,66.7419,66.9169,66.5276,66.5748,25190.005800848,0
DMXF.US,D,20210714,000000,66.9267,66.9758,66.8048,66.8097,15090.604040548,0
DMXF.US,D,20210715,000000,66.2357,66.3232,65.9546,66.1679,16106.953628394,0
DMXF.US,D,20210716,000000,65.9742,65.9742,65.5064,65.5899,14816.932329707,0
DMXF.US,D,20210719,000000,64.7082,64.7082,64.2512,64.4703,18597.467933744,0
DMXF.US,D,20210720,000000,64.5234,65.2144,64.4477,65.1269,33843.729118377,0
DMXF.US,D,20210721,000000,65.5162,66.1089,65.4877,66.0303,11622.400091635,0
DMXF.US,D,20210722,000000,66.3428,66.3625,66.101,66.2416,15001.075748526,0
DMXF.US,D,20210723,000000,66.6642,66.8392,66.5473,66.7321,150485.86785315,0
DMXF.US,D,20210726,000000,66.4696,66.6544,66.4696,66.6446,35234.469745588,0
DMXF.US,D,20210727,000000,66.333,66.333,65.985,66.2671,14565.642691872,0
DMXF.US,D,20210728,000000,66.2455,66.6839,66.2062,66.5866,21723.836585844,0
DMXF.US,D,20210729,000000,67.1311,67.2796,67.0093,67.0437,12894.108785135,0
DMXF.US,D,20210730,000000,66.8589,66.9267,66.6259,66.7173,14076.289186613,0
DMXF.US,D,20210802,000000,67.3454,67.4319,67.0338,67.0604,19126.49875024,0
DMXF.US,D,20210803,000000,67.3847,67.5695,67.1891,67.4653,14778.272385425,0
DMXF.US,D,20210804,000000,67.7347,67.7347,67.4732,67.5017,27225.757077403,0
DMXF.US,D,20210805,000000,67.9627,68.0168,67.8418,67.886,14517.826444996,0
DMXF.US,D,20210806,000000,67.7641,67.7641,67.482,67.5322,14040.681343195,0
DMXF.US,D,20210809,000000,67.5695,67.6462,67.5302,67.5587,10275.40624348,0
DMXF.US,D,20210810,000000,67.6167,67.6865,67.5351,67.6521,18809.080260342,0
DMXF.US,D,20210811,000000,68.0364,68.1337,67.9106,68.1062,11943.888049352,0
DMXF.US,D,20210812,000000,68.0364,68.1337,67.9135,68.0708,12201.281888916,0
DMXF.US,D,20210813,000000,68.3775,68.6104,68.3775,68.5259,12257.23707143,0
DMXF.US,D,20210816,000000,68.0659,68.2949,67.9194,68.2389,13069.095901361,0
DMXF.US,D,20210817,000000,67.6953,67.7641,67.3661,67.6541,17853.772689785,0
DMXF.US,D,20210818,000000,67.8615,67.9971,67.6079,67.6079,18805.010792523,0
DMXF.US,D,20210819,000000,66.849,67.3346,66.849,67.1341,19133.620318924,0
DMXF.US,D,20210820,000000,67.1714,67.5597,67.1714,67.4978,11594.931183856,0
DMXF.US,D,20210823,000000,67.8713,68.2507,67.8713,68.1563,11341.60681211,0
DMXF.US,D,20210824,000000,68.2704,68.4011,68.1888,68.3382,12187.038751549,0
DMXF.US,D,20210825,000000,68.1436,68.3765,68.1357,68.3077,14474.07966594,0
DMXF.US,D,20210826,000000,68.0944,68.1632,67.887,67.8939,12588.898698695,0
DMXF.US,D,20210827,000000,68.1436,68.6203,68.0364,68.5328,12665.201220305,0
DMXF.US,D,20210830,000000,68.5623,68.7078,68.4551,68.5878,13368.201786072,0
DMXF.US,D,20210831,000000,68.7372,68.7372,68.465,68.5171,26015.090401191,0
DMXF.US,D,20210901,000000,69.039,69.4381,69.0164,69.1825,13182.023633344,0
DMXF.US,D,20210902,000000,69.5639,69.6887,69.4459,69.5049,13022.29702144,0
DMXF.US,D,20210903,000000,69.7192,70.0406,69.7192,69.9659,26168.712811366,0
DMXF.US,D,20210907,000000,70.1183,70.2549,70.0504,70.1468,44919.803155284,0
DMXF.US,D,20210908,000000,69.8165,69.8165,69.4656,69.5383,20694.261227587,0
DMXF.US,D,20210909,000000,69.6121,69.8942,69.5206,69.5698,16530.17828159,0
DMXF.US,D,20210910,000000,70.0603,70.0603,69.4106,69.4106,35112.385711012,0
DMXF.US,D,20210913,000000,70.0504,70.0504,69.7241,69.9138,52339.460356641,0
DMXF.US,D,20210914,000000,70.0111,70.0878,69.7241,69.731,19062.404632088,0
DMXF.US,D,20210915,000000,69.8362,70.2549,69.6091,69.9816,16233.107130789,0
DMXF.US,D,20210916,000000,69.7487,70.1851,69.5737,69.9669,12289.792813984,0
DMXF.US,D,20210917,000000,69.5639,69.6514,68.8925,69.0528,30816.045060892,0
DMXF.US,D,20210920,000000,67.4722,67.774,67.1803,67.6069,16998.167080798,0
DMXF.US,D,20210921,000000,68.4453,68.6104,68.3077,68.3755,24806.458458888,0
DMXF.US,D,20210922,000000,68.5721,69.0705,68.5721,68.577,20946.568232377,0
DMXF.US,D,20210923,000000,69.3703,69.5049,69.2592,69.3408,13676.463973376,0
DMXF.US,D,20210924,000000,68.5623,68.6694,68.4935,68.6203,13186.093101163,0
DMXF.US,D,20210927,000000,68.1917,68.3863,68.1141,68.2438,13169.815229886,0
DMXF.US,D,20210928,000000,66.9562,66.9562,66.3428,66.8972,24188.916717325,0
DMXF.US,D,20210929,000000,66.6544,66.6544,66.1728,66.1728,16906.604054866,0
DMXF.US,D,20210930,000000,66.2357,66.333,65.8769,65.9398,32741.920706328,0
DMXF.US,D,20211001,000000,66.0126,66.1777,65.526,66.0519,37336.349874205,0
DMXF.US,D,20211004,000000,65.7206,65.7206,64.8596,65.1761,62528.390408963,0
DMXF.US,D,20211005,000000,65.2636,65.8081,65.2636,65.5899,30982.893241479,0
DMXF.US,D,20211006,000000,64.6797,65.2636,64.4458,65.2636,15967.574355586,0
DMXF.US,D,20211007,000000,65.468,65.9644,65.468,65.698,17430.548036588,0
DMXF.US,D,20211008,000000,65.5938,65.6823,65.3432,65.526,15514.8460607,0
DMXF.US,D,20211011,000000,65.6676,65.7206,65.2272,65.2636,15215.740175989,0
DMXF.US,D,20211012,000000,65.2341,65.409,65.01,65.0296,80036.258334116,0
DMXF.US,D,20211013,000000,65.6607,65.9546,65.5683,65.9025,20189.647218006,0
DMXF.US,D,20211014,000000,66.45,66.6928,66.45,66.6475,26975.484806522,0
DMXF.US,D,20211015,000000,67.0731,67.2678,66.9591,67.2579,21469.494847144,0
DMXF.US,D,20211018,000000,66.7419,66.9857,66.7419,66.966,19233.322280494,0
DMXF.US,D,20211019,000000,67.2481,67.5794,67.2481,67.54,16867.944110584,0
DMXF.US,D,20211020,000000,67.4526,67.6855,67.4526,67.657,14980.72840943,0
DMXF.US,D,20211021,000000,67.2088,67.7445,67.1115,67.3936,31213.835540219,0
DMXF.US,D,20211022,000000,67.8369,67.9293,67.6403,67.8615,19459.17774446,0
DMXF.US,D,20211025,000000,67.6373,67.8044,67.5449,67.715,14936.981630374,0
DMXF.US,D,20211026,000000,68.1033,68.1141,67.598,67.8811,22902.964886458,0
DMXF.US,D,20211027,000000,67.8713,67.9686,67.5882,67.5882,24116.683663534,0
DMXF.US,D,20211028,000000,67.9538,68.3087,67.9538,68.2183,14668.396754306,0
DMXF.US,D,20211029,000000,67.715,68.0118,67.715,68.0069,19429.67410277,0
DMXF.US,D,20211101,000000,68.4158,68.6694,68.289,68.6694,14943.085832102,0
DMXF.US,D,20211102,000000,68.5525,68.8346,68.5131,68.5721,17567.892575486,0
DMXF.US,D,20211103,000000,68.638,69.3211,68.5023,69.1923,16485.414135579,0
DMXF.US,D,20211104,000000,69.1167,69.3791,69.0341,69.3211,108697.52018474,0
DMXF.US,D,20211105,000000,69.3309,69.3506,69.0685,69.3506,16102.884160574,0
DMXF.US,D,20211108,000000,69.3211,69.5059,69.2041,69.2847,21376.914454258,0
DMXF.US,D,20211109,000000,69.3211,69.3211,68.9869,69.1373,25191.023167803,0
DMXF.US,D,20211110,000000,68.6498,68.7854,67.9312,68.1042,31699.119577658,0
DMXF.US,D,20211111,000000,68.6006,68.6203,68.4158,68.4935,35199.879269125,0
DMXF.US,D,20211112,000000,68.7471,69.0488,68.6773,69.0292,20909.943022004,0
DMXF.US,D,20211115,000000,69.2041,69.2238,68.7667,68.7667,15448.717208638,0
DMXF.US,D,20211116,000000,68.9122,68.9712,68.6399,68.7569,21222.274677128,0
DMXF.US,D,20211117,000000,68.6596,68.7854,68.5525,68.7471,19713.51948316,0
DMXF.US,D,20211118,000000,68.9417,69.039,68.6979,68.9899,16582.063996285,0
DMXF.US,D,20211119,000000,68.6979,68.7559,68.4355,68.5328,16868.961477539,0
DMXF.US,D,20211122,000000,68.4846,68.6104,67.9312,67.9312,25604.074151452,0
DMXF.US,D,20211123,000000,67.6865,67.8998,67.3562,67.6069,15594.200683174,0
DMXF.US,D,20211124,000000,66.6642,67.1803,66.6642,67.1705,15842.438220146,0
DMXF.US,D,20211126,000000,65.9929,65.9929,65.3117,65.5201,17800.869608136,0
DMXF.US,D,20211129,000000,65.9349,66.1197,65.5653,65.9546,14944.103199057,0
DMXF.US,D,20211130,000000,65.8956,65.9929,64.8055,65.3353,12333.53959304,0
DMXF.US,D,20211201,000000,66.1295,66.4106,65.1397,65.1397,19284.190628234,0
DMXF.US,D,20211202,000000,65.4778,65.8376,65.2557,65.6921,17871.067928017,0
DMXF.US,D,20211203,000000,65.9153,65.9153,64.837,65.2587,18144.739638858,0
DMXF.US,D,20211206,000000,65.526,65.815,65.4405,65.641,70188.146211652,0
DMXF.US,D,20211207,000000,66.6446,67.3159,66.6446,67.1881,18571.016392919,0
DMXF.US,D,20211208,000000,67.4231,67.5204,67.1026,67.426,117267.81941198,0
DMXF.US,D,20211209,000000,67.1115,67.1115,66.8205,66.8343,21080.860670411,0
DMXF.US,D,20211210,000000,66.8097,66.9365,66.6544,66.8382,11729.223621889,0
DMXF.US,D,20211213,000000,66.6819,66.6819,66.2416,66.2426,30311.431051311,0
DMXF.US,D,20211214,000000,65.985,66.0244,65.4926,65.6951,27583.870245492,0
DMXF.US,D,20211215,000000,65.9752,66.6524,65.8101,66.6524,25634.595160096,0
DMXF.US,D,20211216,000000,67.1243,67.1243,66.449,66.6456,24385.268539601,0
DMXF.US,D,20211217,000000,66.044,66.1708,65.5929,65.5929,33507.998023293,0
DMXF.US,D,20211220,000000,65.2085,65.5034,65.0365,65.4238,32957.602500746,0
DMXF.US,D,20211221,000000,65.8769,66.2003,65.6725,66.2003,34346.308394048,0
DMXF.US,D,20211222,000000,66.1079,66.8294,66.1079,66.8019,30448.775590209,0
DMXF.US,D,20211223,000000,66.9375,67.2914,66.9159,67.255,19918.010241074,0
DMXF.US,D,20211227,000000,67.4585,67.773,67.3602,67.773,35332.136973249,0
DMXF.US,D,20211228,000000,67.8025,67.9401,67.655,67.713,33837.624916648,0
DMXF.US,D,20211229,000000,67.6403,67.8516,67.542,67.8516,21986.317260183,0
DMXF.US,D,20211230,000000,67.8237,67.8418,67.6157,67.6157,12003.912699685,0
DMXF.US,D,20211231,000000,67.6157,67.9196,67.4993,67.5961,17066.33066677,0
DMXF.US,D,20220103,000000,67.8418,67.8516,67.4994,67.7042,15414.126732175,0
DMXF.US,D,20220104,000000,68.1858,68.2546,67.8178,68.0074,19601.609118132,0
DMXF.US,D,20220105,000000,68.2153,68.2153,67.3405,67.3405,16659.38388485,0
DMXF.US,D,20220106,000000,66.849,66.9965,66.5542,66.6592,13252.221953225,0
DMXF.US,D,20220107,000000,66.5169,66.9572,66.3576,66.8176,13725.297587207,0
DMXF.US,D,20220110,000000,65.8759,66.0135,65.4202,65.9112,15498.568189423,0
DMXF.US,D,20220111,000000,65.9841,66.6819,65.9349,66.6426,18933.199028828,0
DMXF.US,D,20220112,000000,67.1537,67.4972,67.1095,67.4259,21924.25787594,0
DMXF.US,D,20220113,000000,67.5764,67.6256,66.7507,66.7546,18729.725637868,0
DMXF.US,D,20220114,000000,66.564,66.564,66.0882,66.5247,18013.499301689,0
DMXF.US,D,20220118,000000,65.6302,65.7285,65.1928,65.2674,18523.200146044,0
DMXF.US,D,20220119,000000,65.5909,65.6864,65.1682,65.1977,14331.648292268,0
DMXF.US,D,20220120,000000,65.4729,65.9054,64.8856,64.8856,13425.174335541,0
DMXF.US,D,20220121,000000,64.7357,64.7945,64.1746,64.1746,34466.357694714,0
DMXF.US,D,20220124,000000,62.8977,63.4579,61.9744,63.3812,22408.524546425,0
DMXF.US,D,20220125,000000,62.3298,63.3203,62.1899,62.9566,20265.949739616,0
DMXF.US,D,20220126,000000,63.5661,63.6736,62.2194,62.7502,24902.09095264,0
DMXF.US,D,20220127,000000,62.6519,62.6519,61.8263,62.0622,79649.658891292,0
DMXF.US,D,20220128,000000,61.5216,62.2283,61.2406,62.2194,115069.28942265,0
DMXF.US,D,20220131,000000,62.4652,63.4972,62.4652,63.461,39105.551008602,0
DMXF.US,D,20220201,000000,63.9101,64.0379,63.3596,63.9232,38742.351005739,0
DMXF.US,D,20220202,000000,64.6964,64.7554,64.4359,64.5884,34343.256293184,0
DMXF.US,D,20220203,000000,63.8806,64.0575,63.2813,63.4094,39712.919080618,0
DMXF.US,D,20220204,000000,63.2466,63.9494,63.1139,63.4187,23397.40522649,0
DMXF.US,D,20220207,000000,63.7233,63.8216,63.4301,63.5176,22502.122306266,0
DMXF.US,D,20220208,000000,63.4481,63.8511,63.2859,63.8137,33351.323512254,0
DMXF.US,D,20220209,000000,64.7357,64.9815,64.7357,64.834,27566.575007261,0
DMXF.US,D,20220210,000000,63.9101,64.8539,63.8904,63.9534,18701.239363134,0
DMXF.US,D,20220211,000000,63.8806,63.9597,62.6716,62.8114,22190.808018098,0
DMXF.US,D,20220214,000000,62.4652,62.6519,61.9934,62.4041,23873.532961337,0
DMXF.US,D,20220215,000000,63.2515,63.6742,63.2515,63.5758,16382.660073144,0
DMXF.US,D,20220216,000000,63.3498,63.8785,63.279,63.7994,26421.019816156,0
DMXF.US,D,20220217,000000,63.3596,63.3596,62.7317,62.7317,14918.669025187,0
DMXF.US,D,20220218,000000,62.6912,62.6912,62.0966,62.3276,11174.758631523,0
DMXF.US,D,20220222,000000,61.6887,62.0327,61.153,61.4432,58987.953406259,0
DMXF.US,D,20220223,000000,62.0229,62.0229,60.8198,60.8335,22889.739116045,0
DMXF.US,D,20220224,000000,58.7104,60.2437,58.5807,60.1228,30707.186796728,0
DMXF.US,D,20220225,000000,60.745,61.9737,60.6959,61.9737,30159.843375046,0
DMXF.US,D,20220228,000000,60.3814,61.0875,60.2241,60.5288,65999.64645874,0
DMXF.US,D,20220301,000000,60.1356,60.2634,58.9338,59.3001,44428.414916116,0
DMXF.US,D,20220302,000000,59.4574,59.8789,59.2706,59.8113,14695.865662086,0
DMXF.US,D,20220303,000000,59.5557,59.5557,58.4946,58.7314,27585.904979402,0
DMXF.US,D,20220304,000000,57.118,57.1451,56.6055,57.0099,39590.835046042,0
DMXF.US,D,20220307,000000,56.6069,56.6069,54.7211,55.1325,54473.896227811,0
DMXF.US,D,20220308,000000,55.4765,56.7249,54.877,55.4274,49201.900668038,0
DMXF.US,D,20220309,000000,57.1279,58.1894,57.0408,57.7793,41536.04066362,0
DMXF.US,D,20220310,000000,57.0492,57.4129,56.8538,57.0099,30429.445618068,0
DMXF.US,D,20220311,000000,57.7766,57.7766,56.4806,56.5676,202568.95173718,0
DMXF.US,D,20220314,000000,57.5505,58.042,57.1279,57.2248,50309.813281815,0
DMXF.US,D,20220315,000000,57.6144,57.9339,57.3137,57.8071,24551.099353234,0
DMXF.US,D,20220316,000000,59.2412,60.2437,58.6817,60.2339,29271.682023506,0
DMXF.US,D,20220317,000000,59.7719,60.7205,59.7719,60.6664,19921.062341939,0
DMXF.US,D,20220318,000000,60.0177,61.4036,60.0177,61.4036,38149.22607109,0
DMXF.US,D,20220321,000000,60.9318,61.1661,60.5135,60.8131,23970.182822043,0
DMXF.US,D,20220322,000000,61.1683,61.4528,61.1087,61.4134,23142.046120836,0
DMXF.US,D,20220323,000000,60.5288,60.7709,60.3027,60.3027,22742.220907599,0
DMXF.US,D,20220324,000000,60.4403,60.8532,60.3519,60.7948,19909.871305436,0
DMXF.US,D,20220325,000000,60.6959,60.8188,60.2732,60.6173,28675.504987993,0
DMXF.US,D,20220328,000000,60.2634,60.5673,60.1012,60.519,21859.146390833,0
DMXF.US,D,20220329,000000,62.1211,62.2981,61.5756,61.954,32625.940873481,0
DMXF.US,D,20220330,000000,61.6985,62.0022,61.3562,61.5216,23512.367692383,0
DMXF.US,D,20220331,000000,61.2562,61.2562,59.9587,59.9587,79600.825277462,0
DMXF.US,D,20220401,000000,60.8925,61.0399,60.5288,61.0399,22474.653398487,0
DMXF.US,D,20220404,000000,60.8827,61.3741,60.8827,61.266,10980.441543156,0
DMXF.US,D,20220405,000000,60.8827,60.9318,60.0571,60.3027,22501.104939312,0
DMXF.US,D,20220406,000000,59.4574,59.5975,59.0544,59.4672,33437.799703412,0
DMXF.US,D,20220407,000000,59.4771,59.6737,59.0859,59.5453,16149.683040495,0
DMXF.US,D,20220408,000000,59.2903,59.6922,59.1822,59.4181,29182.153731483,0
DMXF.US,D,20220411,000000,59.1232,59.1822,58.5335,58.6209,34902.808118324,0
DMXF.US,D,20220412,000000,58.7792,58.8873,58.042,58.1517,37304.811498606,0
DMXF.US,D,20220413,000000,58.0616,58.8361,58.0616,58.8361,44196.455250422,0
DMXF.US,D,20220414,000000,58.8873,58.907,58.4646,58.5924,54856.426202816,0
DMXF.US,D,20220418,000000,58.2386,58.4794,57.9928,57.9928,22115.522863442,0
DMXF.US,D,20220419,000000,57.8356,58.2484,57.58,58.2091,47126.472080246,0
DMXF.US,D,20220420,000000,58.8382,59.0721,58.603,59.0053,30434.532452842,0
DMXF.US,D,20220421,000000,59.5459,59.5459,58.1501,58.1796,19193.644969257,0
DMXF.US,D,20220422,000000,58.327,58.327,57.3638,57.4326,36936.524660969,0
DMXF.US,D,20220425,000000,56.8723,57.4522,56.5186,57.4522,24558.220921917,0
DMXF.US,D,20220426,000000,56.6954,56.6954,55.4284,55.4471,25228.66574513,0
DMXF.US,D,20220427,000000,55.7911,56.1695,55.4765,55.5257,15880.080797473,0
DMXF.US,D,20220428,000000,56.1548,56.8428,55.5258,56.8428,183528.9291781,0
DMXF.US,D,20220429,000000,56.7937,56.9804,55.3193,55.3193,103492.67084398,0
DMXF.US,D,20220502,000000,55.5453,55.7616,55.0744,55.7419,29308.307233878,0
DMXF.US,D,20220503,000000,56.0073,56.2233,55.838,56.0466,32950.480932062,0
DMXF.US,D,20220504,000000,56.0466,57.0492,55.6436,56.9528,34775.637248974,0
DMXF.US,D,20220505,000000,56.1351,56.1351,54.8769,55.0735,22021.925103601,0
DMXF.US,D,20220506,000000,54.5722,54.7275,54.1136,54.4346,33099.016507463,0
DMXF.US,D,20220509,000000,53.3731,53.3731,52.6555,52.7302,28383.520671965,0
DMXF.US,D,20220510,000000,53.668,53.668,52.8325,53.1378,25569.483674988,0
DMXF.US,D,20220511,000000,53.3239,54.0308,52.7848,53.0094,14508.670142403,0
DMXF.US,D,20220512,000000,52.9693,53.1976,52.4619,52.7833,12859.518308672,0
DMXF.US,D,20220513,000000,54.0562,54.6214,54.0165,54.6214,34212.015956014,0
DMXF.US,D,20220516,000000,54.1496,54.6312,53.9432,54.3069,33100.033874418,0
DMXF.US,D,20220517,000000,55.1817,55.4372,54.9851,55.3601,26348.786762365,0
DMXF.US,D,20220518,000000,54.7983,54.8644,53.9235,53.953,154199.25723817,0
DMXF.US,D,20220519,000000,54.234,54.8867,53.9674,54.5133,19351.336847251,0
DMXF.US,D,20220520,000000,55.221,55.221,54.3821,54.9163,29493.468019652,0
DMXF.US,D,20220523,000000,55.5748,56.0368,55.4569,55.8402,53079.08613278,0
DMXF.US,D,20220524,000000,55.7714,55.855,55.3742,55.8009,38192.972850147,0
DMXF.US,D,20220525,000000,55.2768,55.7714,55.2406,55.2406,23815.543044913,0
DMXF.US,D,20220526,000000,55.8501,56.3907,55.8501,56.3808,16833.353634121,0
DMXF.US,D,20220527,000000,56.7052,56.9853,56.7052,56.9509,11527.784964839,0
DMXF.US,D,20220531,000000,56.8625,57.0001,56.489,56.8428,96410.779471622,0
DMXF.US,D,20220601,000000,56.9804,56.9804,55.8599,55.8697,22610.98057043,0
DMXF.US,D,20220602,000000,56.4398,57.236,56.3022,57.236,19691.137410154,0
DMXF.US,D,20220603,000000,56.4791,56.5479,56.1589,56.311,23945.766015128,0
DMXF.US,D,20220606,000000,57.0394,57.1279,56.5234,56.6154,26965.311136974,0
DMXF.US,D,20220607,000000,56.1548,56.7347,56.1203,56.7347,12954.133435468,0
DMXF.US,D,20220608,000000,56.086,56.2285,55.8317,55.8532,14886.113282634,0
DMXF.US,D,20220609,000000,55.55,55.68,54.7394,54.7394,16188,0
DMXF.US,D,20220610,000000,53.93,53.93,53.344,53.81,45560,0
DMXF.US,D,20220613,000000,52.246,52.27,51.61,51.7459,41240,0
DMXF.US,D,20220614,000000,51.8183,51.8183,50.7822,51.1587,28114,0
DMXF.US,D,20220615,000000,51.86,52.4899,51.37,52.39,38183,0
DMXF.US,D,20220616,000000,50.94,51.3395,50.7613,51.03,32331,0
DMXF.US,D,20220617,000000,51.21,51.24,50.73,50.9313,177573,0
DMXF.US,D,20220621,000000,51.74,52.125,51.64,51.64,95571,0
DMXF.US,D,20220622,000000,51.24,51.909,51.24,51.32,44788,0
DMXF.US,D,20220623,000000,51.34,51.49,50.95,51.48,72393,0
DMXF.US,D,20220624,000000,52.24,53.16,52.24,53.16,20975,0
DMXF.US,D,20220627,000000,52.9515,53.12,52.72,52.72,18784,0
DMXF.US,D,20220628,000000,53.16,53.2831,52.38,52.38,18072,0
DMXF.US,D,20220629,000000,52.29,52.3673,52,52.05,130925,0
DMXF.US,D,20220630,000000,51.3,52.15,51.08,52.15,72751,0
DMXF.US,D,20220701,000000,51.5825,52.05,51.2676,51.93,21198,0
DMXF.US,D,20220705,000000,50.49,51.12,50.31,51.0577,26815,0
DMXF.US,D,20220706,000000,51.16,51.35,50.8872,51.2092,48669,0
DMXF.US,D,20220707,000000,51.58,52.05,51.58,52.01,17627,0
DMXF.US,D,20220708,000000,51.82,52.2233,51.7999,52.0709,23415,0
DMXF.US,D,20220711,000000,51.34,51.5559,51.2061,51.29,14016,0
DMXF.US,D,20220712,000000,51.27,51.6694,51.1641,51.35,23956,0
DMXF.US,D,20220713,000000,50.8,51.3792,50.68,51.2425,35226,0
DMXF.US,D,20220714,000000,50.37,50.7079,49.87,50.32,17650,0
DMXF.US,D,20220715,000000,50.78,51.41,50.78,51.41,43873,0
DMXF.US,D,20220718,000000,52.13,52.2092,51.5,51.57,27678,0
DMXF.US,D,20220719,000000,52.43,52.93,52.43,52.91,15455,0
DMXF.US,D,20220720,000000,52.92,53.05,52.5201,52.98,35027,0
DMXF.US,D,20220721,000000,52.92,53.52,52.92,53.52,82881,0
DMXF.US,D,20220722,000000,53.74,53.9198,53.1064,53.3009,14666,0
DMXF.US,D,20220725,000000,53.7,53.74,53.39,53.68,14583,0
DMXF.US,D,20220726,000000,53.1,53.1167,52.52,52.52,8858,0
DMXF.US,D,20220727,000000,53.275,54.09,53.1015,54.013,31414,0
DMXF.US,D,20220728,000000,53.99,54.54,53.8307,54.4875,30290,0
DMXF.US,D,20220729,000000,54.57,55.22,54.565,55.14,110331,0
DMXF.US,D,20220801,000000,55.33,55.6488,55.1225,55.3231,26746,0
DMXF.US,D,20220802,000000,54.9,54.92,54.4312,54.4312,130693,0
DMXF.US,D,20220803,000000,54.7,54.84,54.38,54.7815,14886,0
DMXF.US,D,20220804,000000,54.9506,55.265,54.9253,55.2092,18049,0
DMXF.US,D,20220805,000000,54.45,54.76,54.39,54.7,39607,0
DMXF.US,D,20220808,000000,55.08,55.24,54.6755,54.7071,12146,0
DMXF.US,D,20220809,000000,54.5019,54.565,54.24,54.3,23959,0
DMXF.US,D,20220810,000000,55.58,55.8834,55.4787,55.7308,48327,0
DMXF.US,D,20220811,000000,56.06,56.24,55.655,55.7,21810,0
DMXF.US,D,20220812,000000,55.76,56.09,55.621,56.0359,14086,0
DMXF.US,D,20220815,000000,55.8,55.9092,55.65,55.8377,61308,0
DMXF.US,D,20220816,000000,55.4163,56.06,55.38,55.72,85312,0
DMXF.US,D,20220817,000000,55.11,55.45,54.935,55.196,21238,0
DMXF.US,D,20220818,000000,54.92,55.08,54.76,54.8858,31508,0
DMXF.US,D,20220819,000000,54.41,54.49,53.9716,54.0572,20279,0
DMXF.US,D,20220822,000000,53.47,53.47,52.93,53.04,42142,0
DMXF.US,D,20220823,000000,52.88,53.33,52.81,52.9295,25623,0
DMXF.US,D,20220824,000000,52.79,53.18,52.77,53.02,10782,0
DMXF.US,D,20220825,000000,53.27,53.581,53.204,53.581,31009,0
DMXF.US,D,20220826,000000,53.25,53.25,52.1,52.1,13567,0
DMXF.US,D,20220829,000000,51.87,52.06,51.7116,51.9,14424,0
DMXF.US,D,20220830,000000,52.37,52.37,51.52,51.6037,14539,0
DMXF.US,D,20220831,000000,51.79,51.82,51.39,51.7,100486,0
DMXF.US,D,20220901,000000,50.62,50.7199,50.2,50.6,36061,0
DMXF.US,D,20220902,000000,51.2,51.3804,50.18,50.2923,133015,0
DMXF.US,D,20220906,000000,50.5,50.5,49.93,50.1218,27628,0
DMXF.US,D,20220907,000000,49.8,50.85,49.8,50.85,28211,0
DMXF.US,D,20220908,000000,50.08,50.77,50.05,50.701,19920,0
DMXF.US,D,20220909,000000,51.76,52.07,51.7094,52.04,20986,0
DMXF.US,D,20220912,000000,52.69,53.01,52.6,52.6992,15278,0
DMXF.US,D,20220913,000000,51.73,51.87,50.75,50.86,21418,0
DMXF.US,D,20220914,000000,51.01,51.13,50.7189,50.9463,15713,0
DMXF.US,D,20220915,000000,50.62,50.97,50.47,50.5382,14032,0
DMXF.US,D,20220916,000000,50,50.3124,49.7,50.24,47501,0
DMXF.US,D,20220919,000000,49.68,50.56,49.68,50.56,26975,0
DMXF.US,D,20220920,000000,49.59,49.6317,49.14,49.43,43628,0
DMXF.US,D,20220921,000000,49.22,49.69,48.79,48.83,16685,0
DMXF.US,D,20220922,000000,48.8,48.8,48.205,48.46,18701,0
DMXF.US,D,20220923,000000,47.225,47.225,46.6979,47.0087,41329,0
DMXF.US,D,20220926,000000,46.64,47.0099,46.16,46.42,128008,0
DMXF.US,D,20220927,000000,46.61,46.83,45.835,46.24,28633,0
DMXF.US,D,20220928,000000,45.98,47.26,45.85,47.16,36769,0
DMXF.US,D,20220929,000000,46.3,46.41,45.87,46.33,30399,0
DMXF.US,D,20220930,000000,46.26,46.76,46.26,46.58,198223,0
DMXF.US,D,20221003,000000,46.81,47.43,46.6,47.28,175117,0
DMXF.US,D,20221004,000000,48.57,49.24,48.57,49.24,32441,0
DMXF.US,D,20221005,000000,48.39,48.94,48.12,48.71,35381,0
DMXF.US,D,20221006,000000,48.24,48.41,47.92,47.96,50408,0
DMXF.US,D,20221007,000000,47.48,47.48,46.77,46.94,20535,0
DMXF.US,D,20221010,000000,47.07,47.08,46.47,46.73,40080,0
DMXF.US,D,20221011,000000,46.41,46.805,46,46.17,39108,0
DMXF.US,D,20221012,000000,46.03,46.09,45.84,45.93,29452,0
DMXF.US,D,20221013,000000,44.95,46.93,44.82,46.77,51944,0
DMXF.US,D,20221014,000000,47.07,47.16,46.03,46.0572,33467,0
DMXF.US,D,20221017,000000,47.03,47.41,47.03,47.28,46707,0
DMXF.US,D,20221018,000000,48.05,48.05,47.39,47.6511,70957,0
DMXF.US,D,20221019,000000,47.21,47.38,46.79,47.12,23582,0
DMXF.US,D,20221020,000000,47.14,47.6678,46.91,47.05,117404,0
DMXF.US,D,20221021,000000,46.5,47.81,46.4158,47.73,32213,0
DMXF.US,D,20221024,000000,47.62,47.865,47.41,47.78,38238,0
DMXF.US,D,20221025,000000,48.12,48.98,48.12,48.91,25428,0
DMXF.US,D,20221026,000000,49.1,49.74,49.09,49.3742,54669,0
DMXF.US,D,20221027,000000,49.4924,49.4924,48.83,48.88,16278,0
DMXF.US,D,20221028,000000,48.76,49.27,48.5823,49.18,24921,0
DMXF.US,D,20221031,000000,48.78,48.85,48.65,48.7,57502,0
DMXF.US,D,20221101,000000,49.64,49.6567,48.87,49.08,61603,0
DMXF.US,D,20221102,000000,49,49.9945,48.28,48.28,24140,0
DMXF.US,D,20221103,000000,47.63,48.0993,47.61,47.8806,33119,0
DMXF.US,D,20221104,000000,49.27,49.74,49.015,49.6872,41155,0
DMXF.US,D,20221107,000000,50.03,50.23,49.78,50.06,30542,0
DMXF.US,D,20221108,000000,50.45,51.12,50.45,50.85,37039,0
DMXF.US,D,20221109,000000,50.44,50.75,50.12,50.1225,45213,0
DMXF.US,D,20221110,000000,52.3,53.25,52.25,53.17,20989,0
DMXF.US,D,20221111,000000,53.8648,54.64,53.817,54.57,49392,0
DMXF.US,D,20221114,000000,54.24,54.39,53.91,54.06,84511,0
DMXF.US,D,20221115,000000,54.605,54.7,53.83,54.25,22421,0
DMXF.US,D,20221116,000000,53.99,54.29,53.8122,54.29,9232,0
DMXF.US,D,20221117,000000,53.41,54.0025,53.37,53.91,16410,0
DMXF.US,D,20221118,000000,54.15,54.15,53.88,53.9879,12241,0
DMXF.US,D,20221121,000000,53.59,53.66,53.4561,53.66,13154,0
DMXF.US,D,20221122,000000,53.8,54.21,53.8,54.19,31124,0
DMXF.US,D,20221123,000000,54.44,54.96,54.44,54.96,17668,0
DMXF.US,D,20221125,000000,55.02,55.2341,55.02,55.17,12581,0
DMXF.US,D,20221128,000000,54.96,55.023,54.4,54.44,25022,0
DMXF.US,D,20221129,000000,54.46,54.819,54.43,54.43,83618,0
DMXF.US,D,20221130,000000,54.88,55.57,54.4,55.32,89673,0
DMXF.US,D,20221201,000000,56.15,56.23,55.77,56.16,64562,0
DMXF.US,D,20221202,000000,55.54,56.2654,55.54,56.1505,16576,0
DMXF.US,D,20221205,000000,55.86,56.13,55.21,55.27,19391,0
DMXF.US,D,20221206,000000,55.35,55.35,54.72,54.9557,23539,0
DMXF.US,D,20221207,000000,55.08,55.17,54.89,55.04,91867,0
DMXF.US,D,20221208,000000,54.9192,55.35,54.9192,55.3083,39566,0
DMXF.US,D,20221209,000000,55.5,56.495,55.42,55.52,37935,0
DMXF.US,D,20221212,000000,55.4,55.58,55.26,55.5794,19929,0
DMXF.US,D,20221213,000000,56.96,57.05,56.0314,56.24,29163,0
DMXF.US,D,20221214,000000,56.19,57.6267,55.79,55.91,60932,0
DMXF.US,D,20221215,000000,55.35,55.35,54.46,54.68,45310,0
DMXF.US,D,20221216,000000,54.18,54.241,53.975,54.1618,12687,0
DMXF.US,D,20221219,000000,54.25,54.2661,53.75,53.86,105035,0
DMXF.US,D,20221220,000000,54.09,54.36,53.93,54.15,22634,0
DMXF.US,D,20221221,000000,54.41,54.8,54.38,54.56,23433,0
DMXF.US,D,20221222,000000,54.42,54.42,53.7001,54.1674,20818,0
DMXF.US,D,20221223,000000,54.07,54.42,54,54.29,26078,0
DMXF.US,D,20221227,000000,54.46,54.62,54.34,54.43,14701,0
DMXF.US,D,20221228,000000,54.53,54.56,53.8,53.8,15888,0
DMXF.US,D,20221229,000000,54.41,54.885,54.41,54.51,19611,0
DMXF.US,D,20221230,000000,54.46,54.46,54.13,54.27,46310,0
DMXF.US,D,20230103,000000,54.94,55.2,54.4642,54.76,20325,0
DMXF.US,D,20230104,000000,55.63,55.68,55.27,55.4568,29891,0
DMXF.US,D,20230105,000000,54.945,55.1,54.7802,54.9019,17078,0
DMXF.US,D,20230106,000000,55.24,56.31,55.23,56.2473,28237,0
DMXF.US,D,20230109,000000,56.79,57.2192,56.603,56.7,28595,0
DMXF.US,D,20230110,000000,56.54,56.68,56.36,56.63,35990,0
DMXF.US,D,20230111,000000,56.93,57.1629,56.8389,57.11,157293,0
DMXF.US,D,20230112,000000,57.69,58.07,57.28,58.04,16886,0
DMXF.US,D,20230113,000000,57.67,58.3,57.67,58.287,15425,0
DMXF.US,D,20230117,000000,58.54,58.6299,58.3871,58.504,19842,0
DMXF.US,D,20230118,000000,59.3,59.39,58.37,58.4022,13550,0
DMXF.US,D,20230119,000000,58.32,58.32,57.945,58.21,18700,0
DMXF.US,D,20230120,000000,58.17,58.8,58.1,58.7934,18755,0
DMXF.US,D,20230123,000000,58.63,59.1426,58.63,59.0688,10763,0
DMXF.US,D,20230124,000000,58.9,59.2806,58.88,59.18,23966,0
DMXF.US,D,20230125,000000,58.93,59.59,58.9215,59.5503,14760,0
DMXF.US,D,20230126,000000,59.4881,59.76,59.22,59.76,16969,0
DMXF.US,D,20230127,000000,59.29,59.73,59.29,59.61,15328,0
DMXF.US,D,20230130,000000,59.39,59.61,59.211,59.25,27663,0
DMXF.US,D,20230131,000000,58.99,59.415,58.9252,59.38,94693,0
DMXF.US,D,20230201,000000,59.32,60.201,59.03,60.01,76066,0
DMXF.US,D,20230202,000000,60.39,60.449,60.0451,60.35,15188,0
DMXF.US,D,20230203,000000,59.55,60.139,59.55,59.64,18562,0
DMXF.US,D,20230206,000000,58.99,59.03,58.62,58.98,16855,0
DMXF.US,D,20230207,000000,58.7,59.4555,58.54,59.45,21459,0
DMXF.US,D,20230208,000000,59.2,59.265,58.92,58.93,25102,0
DMXF.US,D,20230209,000000,59.78,59.842,58.9502,59.03,32034,0
DMXF.US,D,20230210,000000,58.65,58.705,58.4,58.58,13638,0
DMXF.US,D,20230213,000000,58.6,59.167,58.6,59.12,20289,0
DMXF.US,D,20230214,000000,58.87,59.4856,58.71,59.21,22394,0
DMXF.US,D,20230215,000000,58.52,59.08,58.52,59.08,18240,0
DMXF.US,D,20230216,000000,58.62,59.0701,58.48,58.78,29265,0
DMXF.US,D,20230217,000000,58.39,58.85,58.3565,58.81,12149,0
DMXF.US,D,20230221,000000,58.33,58.35,57.95,57.95,12957,0
DMXF.US,D,20230222,000000,57.88,57.98,57.62,57.71,12394,0
DMXF.US,D,20230223,000000,58.04,58.08,57.53,58.06,12387,0
DMXF.US,D,20230224,000000,57.06,57.29,56.89,57.0944,21247,0
DMXF.US,D,20230227,000000,57.7966,57.97,57.69,57.86,16927,0
DMXF.US,D,20230228,000000,57.69,57.76,57.4101,57.49,38508,0
DMXF.US,D,20230301,000000,57.96,57.96,57.514,57.7024,14386,0
DMXF.US,D,20230302,000000,57.48,57.78,57.39,57.7454,16581,0
DMXF.US,D,20230303,000000,58.17,58.66,58.0596,58.66,27190,0
DMXF.US,D,20230306,000000,58.54,58.77,58.5,58.59,19509,0
DMXF.US,D,20230307,000000,58.41,58.5,57.5286,57.5556,9984,0
DMXF.US,D,20230308,000000,57.76,58.0103,57.7,57.8719,14548,0
DMXF.US,D,20230309,000000,58.04,58.17,57.435,57.4743,12348,0
DMXF.US,D,20230310,000000,57.43,57.53,56.77,56.77,15782,0
DMXF.US,D,20230313,000000,56.4,56.84,56.23,56.5084,16235,0
DMXF.US,D,20230314,000000,56.99,57.21,56.695,57.21,14168,0
DMXF.US,D,20230315,000000,55.17,55.5309,54.8983,55.4851,21134,0
DMXF.US,D,20230316,000000,55.36,56.5607,55.36,56.5607,17072,0
DMXF.US,D,20230317,000000,56.07,56.1996,55.7692,55.97,24866,0
DMXF.US,D,20230320,000000,56.6,56.9235,56.6,56.82,11413,0
DMXF.US,D,20230321,000000,57.59,57.645,57.3,57.59,25569,0
DMXF.US,D,20230322,000000,57.65,58.34,57.4628,57.4628,20482,0
DMXF.US,D,20230323,000000,57.92,58.3,57.27,57.48,25870,0
DMXF.US,D,20230324,000000,57,57.31,56.83,57.31,24281,0
DMXF.US,D,20230327,000000,57.71,57.869,57.58,57.7663,16496,0
DMXF.US,D,20230328,000000,57.76,57.8203,57.61,57.79,16709,0
DMXF.US,D,20230329,000000,58.24,58.46,58.24,58.43,16856,0
DMXF.US,D,20230330,000000,59.12,59.32,59.1,59.2339,21396,0
DMXF.US,D,20230331,000000,59.56,59.63,59.43,59.59,46291,0
DMXF.US,D,20230403,000000,59.58,59.81,59.43,59.77,15914,0
DMXF.US,D,20230404,000000,59.81,60.0458,59.7297,59.88,13669,0
DMXF.US,D,20230405,000000,59.19,59.325,59.04,59.18,18563,0
DMXF.US,D,20230406,000000,59.11,59.5639,59.07,59.438,17839,0
DMXF.US,D,20230410,000000,59.0168,59.3894,58.96,59.3894,18762,0
DMXF.US,D,20230411,000000,59.6075,59.69,59.45,59.5869,17065,0
DMXF.US,D,20230412,000000,60.14,60.22,59.8964,59.9371,17810,0
DMXF.US,D,20230413,000000,60.53,60.86,60.5097,60.68,28028,0
DMXF.US,D,20230414,000000,60.72,60.85,60.35,60.5317,14454,0
DMXF.US,D,20230417,000000,60.4,60.431,60.16,60.431,20135,0
DMXF.US,D,20230418,000000,60.7361,60.87,60.64,60.8404,18025,0
DMXF.US,D,20230419,000000,60.41,60.5585,60.41,60.5,25076,0
DMXF.US,D,20230420,000000,60.38,60.67,60.37,60.49,13042,0
DMXF.US,D,20230421,000000,60.63,60.91,60.522,60.88,6154,0
DMXF.US,D,20230424,000000,60.935,61,60.771,60.9882,10581,0
DMXF.US,D,20230425,000000,60.77,60.77,60.2086,60.2086,13321,0
DMXF.US,D,20230426,000000,60.48,60.52,60.13,60.15,36234,0
DMXF.US,D,20230427,000000,60.4664,61.02,60.4171,60.9649,10902,0
DMXF.US,D,20230428,000000,60.63,61.04,60.63,61.04,37955,0
DMXF.US,D,20230501,000000,60.99,61.16,60.92,61,11530,0
DMXF.US,D,20230502,000000,60.3895,60.46,60.05,60.4483,23793,0
DMXF.US,D,20230503,000000,60.72,61.05,60.69,60.706,61452,0
DMXF.US,D,20230504,000000,60.58,60.71,60.3545,60.54,20752,0
DMXF.US,D,20230505,000000,60.76,61.4062,60.7525,61.3221,15072,0
DMXF.US,D,20230508,000000,61.47,61.47,61.2301,61.38,12881,0
DMXF.US,D,20230509,000000,60.81,61.16,60.81,61.075,31941,0
DMXF.US,D,20230510,000000,61.19,61.19,60.64,60.97,28230,0
DMXF.US,D,20230511,000000,60.83,60.94,60.58,60.87,14654,0
DMXF.US,D,20230512,000000,61.04,61.04,60.61,60.79,15685,0
DMXF.US,D,20230515,000000,61.04,61.34,60.975,61.34,11909,0
DMXF.US,D,20230516,000000,61.07,61.1193,60.8,60.8,8205,0
DMXF.US,D,20230517,000000,61,61.15,60.7397,61.11,14844,0
DMXF.US,D,20230518,000000,61.1,61.18,60.8791,61.18,11181,0
DMXF.US,D,20230519,000000,61.45,61.585,61.4073,61.46,23733,0
DMXF.US,D,20230522,000000,61.55,61.75,61.55,61.6,15731,0
DMXF.US,D,20230523,000000,61.06,61.1084,60.61,60.61,10523,0
DMXF.US,D,20230524,000000,59.99,59.99,59.6801,59.7,13968,0
DMXF.US,D,20230525,000000,59.96,59.96,59.72,59.83,9295,0
DMXF.US,D,20230526,000000,60.13,60.48,60.13,60.48,9614,0
DMXF.US,D,20230530,000000,60.41,60.41,59.81,59.91,16847,0
DMXF.US,D,20230531,000000,59.56,59.58,59.095,59.58,32806,0
DMXF.US,D,20230601,000000,59.96,60.53,59.8852,60.41,15261,0
DMXF.US,D,20230602,000000,61.14,61.2799,61.0601,61.19,29000,0
DMXF.US,D,20230605,000000,61.16,61.16,60.83,60.9375,10678,0
DMXF.US,D,20230606,000000,61.12,61.52,61.0615,61.4996,12718,0
DMXF.US,D,20230607,000000,60.26,60.31,59.8001,59.81,22845,0
DMXF.US,D,20230608,000000,60.12,60.4736,60.12,60.44,7329,0
DMXF.US,D,20230609,000000,60.43,60.51,60.25,60.3513,27355,0
DMXF.US,D,20230612,000000,60.67,60.8,60.5,60.8,26845,0
DMXF.US,D,20230613,000000,61.4,61.4799,61.2101,61.37,18042,0
DMXF.US,D,20230614,000000,61.59,61.77,61.2911,61.47,20541,0
DMXF.US,D,20230615,000000,61.32,62.0108,61.32,61.93,15713,0
DMXF.US,D,20230616,000000,62.13,62.13,61.65,61.65,45791,0
DMXF.US,D,20230620,000000,60.82,60.8899,60.62,60.75,21930,0
DMXF.US,D,20230621,000000,60.76,60.975,60.63,60.82,23782,0
DMXF.US,D,20230622,000000,60.35,60.52,60.31,60.46,13957,0
DMXF.US,D,20230623,000000,59.51,59.58,59.31,59.46,19487,0
DMXF.US,D,20230626,000000,59.62,59.62,59.4201,59.495,12602,0
DMXF.US,D,20230627,000000,59.635,60.09,59.54,60.07,18501,0
DMXF.US,D,20230628,000000,60.233,60.28,60.09,60.1513,10916,0
DMXF.US,D,20230629,000000,59.9,60.0493,59.89,59.985,8336,0
DMXF.US,D,20230630,000000,60.695,60.91,60.656,60.91,68079,0
DMXF.US,D,20230703,000000,60.71,60.78,60.65,60.74,5807,0
DMXF.US,D,20230705,000000,60.22,60.22,59.952,59.97,25381,0
DMXF.US,D,20230706,000000,58.9,59.04,58.6801,59.0175,32341,0
DMXF.US,D,20230707,000000,59.17,59.74,59.0861,59.3611,245343,0
DMXF.US,D,20230710,000000,59.24,59.64,59.24,59.64,36808,0
DMXF.US,D,20230711,000000,59.7335,60.0431,59.7335,60.01,13705,0
DMXF.US,D,20230712,000000,60.85,61.25,60.85,61.24,8584,0
DMXF.US,D,20230713,000000,62,62.33,62,62.1,14746,0
DMXF.US,D,20230714,000000,62.15,62.18,61.86,61.86,12867,0
DMXF.US,D,20230717,000000,61.73,62.0499,61.615,61.985,15989,0
DMXF.US,D,20230718,000000,62.2956,62.4549,62.2764,62.45,21391,0
DMXF.US,D,20230719,000000,62.43,62.54,62.0901,62.19,19676,0
DMXF.US,D,20230720,000000,61.92,62.02,61.61,61.77,33363,0
DMXF.US,D,20230721,000000,61.83,61.93,61.6691,61.74,13921,0
DMXF.US,D,20230724,000000,61.52,61.75,61.4841,61.62,24393,0
DMXF.US,D,20230725,000000,61.5,61.8182,61.5,61.71,9359,0
DMXF.US,D,20230726,000000,61.58,61.99,61.5371,61.8123,12760,0
DMXF.US,D,20230727,000000,62.46,62.5,61.95,61.95,17448,0
DMXF.US,D,20230728,000000,62.6,62.66,62.386,62.52,20736,0
DMXF.US,D,20230731,000000,62.43,62.57,62.3,62.38,36126,0
DMXF.US,D,20230801,000000,61.74,61.76,61.3625,61.51,54854,0
DMXF.US,D,20230802,000000,60.78,60.85,60.25,60.39,16318,0
DMXF.US,D,20230803,000000,59.77,60.25,59.77,60.1,11901,0
DMXF.US,D,20230804,000000,60.579,60.8248,60.23,60.23,20279,0
DMXF.US,D,20230807,000000,60.74,60.86,60.6425,60.8,14192,0
DMXF.US,D,20230808,000000,60.36,60.62,60.19,60.5651,12741,0
DMXF.US,D,20230809,000000,60.611,60.6439,60.3664,60.39,13737,0
DMXF.US,D,20230810,000000,61.15,61.28,60.54,60.56,15942,0
DMXF.US,D,20230811,000000,60.17,60.3113,60.0201,60.06,9145,0
DMXF.US,D,20230814,000000,59.56,59.98,59.42,59.86,23647,0
DMXF.US,D,20230815,000000,59.52,59.59,59.08,59.18,41267,0
DMXF.US,D,20230816,000000,59.11,59.26,58.71,58.71,24308,0
DMXF.US,D,20230817,000000,58.87,58.87,58.23,58.23,29967,0
DMXF.US,D,20230818,000000,57.89,58.3241,57.85,58.28,13861,0
DMXF.US,D,20230821,000000,58.29,58.49,58.069,58.4,27278,0
DMXF.US,D,20230822,000000,58.87,58.87,58.2801,58.42,13395,0
DMXF.US,D,20230823,000000,58.67,59.1699,58.67,59.0488,19934,0
DMXF.US,D,20230824,000000,58.78,58.8,58.1401,58.1906,32516,0
DMXF.US,D,20230825,000000,58.42,58.63,58.0982,58.44,8903,0
DMXF.US,D,20230828,000000,58.94,59.24,58.89,59.11,26518,0
DMXF.US,D,20230829,000000,59.03,59.95,59.03,59.95,31699,0
DMXF.US,D,20230830,000000,59.98,60.01,59.78,59.84,17944,0
DMXF.US,D,20230831,000000,59.8532,59.9599,59.5464,59.8,35438,0
DMXF.US,D,20230901,000000,60.16,60.16,59.49,59.63,13997,0
DMXF.US,D,20230905,000000,59.61,59.61,59.2471,59.31,13383,0
DMXF.US,D,20230906,000000,59.35,59.48,58.985,59.25,11926,0
DMXF.US,D,20230907,000000,59.01,59.03,58.7887,58.99,18734,0
DMXF.US,D,20230908,000000,58.8699,58.87,58.59,58.67,24693,0
DMXF.US,D,20230911,000000,59.22,59.41,59.17,59.38,58107,0
DMXF.US,D,20230912,000000,59.0848,59.1572,58.985,59.02,10921,0
DMXF.US,D,20230913,000000,58.95,58.9809,58.688,58.83,16549,0
DMXF.US,D,20230914,000000,59.32,59.54,59.0417,59.36,31101,0
DMXF.US,D,20230915,000000,59.45,59.56,59.08,59.26,27393,0
DMXF.US,D,20230918,000000,58.89,59.0199,58.65,58.84,23902,0
DMXF.US,D,20230919,000000,58.89,59.02,58.65,58.79,15284,0
DMXF.US,D,20230920,000000,59.14,59.4289,58.735,58.77,15307,0
DMXF.US,D,20230921,000000,58.15,58.22,57.6562,57.6923,17716,0
DMXF.US,D,20230922,000000,58.2299,58.2299,57.74,57.81,12038,0
DMXF.US,D,20230925,000000,57.39,57.59,57.1449,57.57,14134,0
DMXF.US,D,20230926,000000,57.1397,57.1397,56.6201,56.7349,25405,0
DMXF.US,D,20230927,000000,57.08,57.08,56.2551,56.75,19384,0
DMXF.US,D,20230928,000000,56.777,57.31,56.7065,57.05,24228,0
DMXF.US,D,20230929,000000,57.43,57.5218,56.8265,57.09,69865,0
DMXF.US,D,20231002,000000,56.72,56.72,56.0001,56.2204,17146,0
DMXF.US,D,20231003,000000,55.68,55.915,55.25,55.5083,61126,0
DMXF.US,D,20231004,000000,55.675,55.8459,55.23,55.83,17338,0
DMXF.US,D,20231005,000000,56.19,56.4,55.955,56.2855,18928,0
DMXF.US,D,20231006,000000,56.28,57.17,56,57.08,22610,0
DMXF.US,D,20231009,000000,56.39,56.88,56.2901,56.83,35824,0
DMXF.US,D,20231010,000000,57.47,57.79,57.47,57.5625,15505,0
DMXF.US,D,20231011,000000,57.85,57.94,57.5857,57.94,11008,0
DMXF.US,D,20231012,000000,57.92,57.93,57.2901,57.38,24530,0
DMXF.US,D,20231013,000000,57.1643,57.34,56.69,56.89,13890,0
DMXF.US,D,20231016,000000,56.92,57.23,56.87,57.23,10929,0
DMXF.US,D,20231017,000000,56.57,57.28,56.57,57.05,10768,0
DMXF.US,D,20231018,000000,56.48,56.48,55.9949,56.09,14443,0
DMXF.US,D,20231019,000000,55.98,56.1746,55.36,55.68,108307,0
DMXF.US,D,20231020,000000,55.47,55.47,54.94,54.94,52989,0
DMXF.US,D,20231023,000000,54.545,55.41,54.545,55.16,16694,0
DMXF.US,D,20231024,000000,55.0045,55.45,55.0045,55.32,17423,0
DMXF.US,D,20231025,000000,55.01,55.32,54.6718,54.87,23846,0
DMXF.US,D,20231026,000000,54.67,54.716,54.2271,54.48,26178,0
DMXF.US,D,20231027,000000,54.87,55.15,54.3001,54.3977,13585,0
DMXF.US,D,20231030,000000,54.94,55.1799,54.834,55.105,316955,0
DMXF.US,D,20231031,000000,55.44,55.6,55.0858,55.35,47938,0
DMXF.US,D,20231101,000000,55.63,56.11,54.99,56.04,22423,0
DMXF.US,D,20231102,000000,57.09,57.37,56.85,57.2182,43196,0
DMXF.US,D,20231103,000000,57.99,58.27,57.82,58.16,206048,0
DMXF.US,D,20231106,000000,57.85,57.9199,57.57,57.63,310459,0
DMXF.US,D,20231107,000000,57.17,57.5,57.09,57.41,16059,0
DMXF.US,D,20231108,000000,57.41,57.56,57.1343,57.49,46594,0
DMXF.US,D,20231109,000000,57.92,58.08,57.34,57.43,21218,0
DMXF.US,D,20231110,000000,57.58,57.88,57.125,57.69,42040,0
DMXF.US,D,20231113,000000,57.53,58.01,57.53,57.9197,16013,0
DMXF.US,D,20231114,000000,59.01,59.59,58.99,59.54,13080,0
DMXF.US,D,20231115,000000,59.56,59.78,59.41,59.435,15210,0
DMXF.US,D,20231116,000000,59.6701,59.715,59.3739,59.59,15866,0
DMXF.US,D,20231117,000000,60.07,60.4,60.07,60.4,13274,0
DMXF.US,D,20231120,000000,60.4,60.77,60.4,60.7,23623,0
DMXF.US,D,20231121,000000,60.78,60.78,60.29,60.46,33648,0
DMXF.US,D,20231122,000000,60.75,60.75,60.5001,60.6446,11414,0
DMXF.US,D,20231124,000000,60.74,61.05,60.74,61.01,5675,0
DMXF.US,D,20231127,000000,60.94,61.02,60.8,60.9225,126206,0
DMXF.US,D,20231128,000000,60.67,61.03,60.65,60.85,18040,0
DMXF.US,D,20231129,000000,61.21,61.3799,61.06,61.1,15242,0
DMXF.US,D,20231130,000000,60.93,61.16,60.86,60.92,90756,0
DMXF.US,D,20231201,000000,60.89,61.65,60.89,61.5,17339,0
DMXF.US,D,20231204,000000,60.93,61.16,60.7601,61.02,22740,0
DMXF.US,D,20231205,000000,60.69,60.93,60.69,60.78,24438,0
DMXF.US,D,20231206,000000,61.57,61.57,61,61.02,20655,0
DMXF.US,D,20231207,000000,61.16,61.5454,61.055,61.38,13799,0
DMXF.US,D,20231208,000000,61.17,61.6699,61.17,61.48,13683,0
DMXF.US,D,20231211,000000,61.44,61.89,61.44,61.73,26007,0
DMXF.US,D,20231212,000000,61.68,62.0325,61.63,61.9,14255,0
DMXF.US,D,20231213,000000,62.02,62.9,61.7601,62.88,21435,0
DMXF.US,D,20231214,000000,63.26,63.61,63.1321,63.4204,17543,0
DMXF.US,D,20231215,000000,63.24,63.41,62.93,63,14846,0
DMXF.US,D,20231218,000000,63.1,63.1,62.8,62.91,20118,0
DMXF.US,D,20231219,000000,63.43,63.59,63.3904,63.59,24858,0
DMXF.US,D,20231220,000000,62.99,63.14,62.21,62.21,13195,0
DMXF.US,D,20231221,000000,63,63.45,62.9101,63.45,37381,0
DMXF.US,D,20231222,000000,63.59,63.7,63.19,63.55,44292,0
DMXF.US,D,20231226,000000,63.59,63.86,63.42,63.83,14606,0
DMXF.US,D,20231227,000000,63.88,64.25,63.88,64.25,55204,0
DMXF.US,D,20231228,000000,64.31,64.37,63.96,64.1,28880,0
DMXF.US,D,20231229,000000,64.19,64.33,63.7,63.88,58223,0
DMXF.US,D,20240102,000000,63.2,63.47,63.02,63.04,14828,0
DMXF.US,D,20240103,000000,62.52,62.7499,62.257,62.48,14310,0
DMXF.US,D,20240104,000000,62.4,62.92,62.4,62.6,27234,0
DMXF.US,D,20240105,000000,62.54,63.13,62.54,62.59,10152,0
DMXF.US,D,20240108,000000,62.89,63.46,62.77,63.4,20451,0
DMXF.US,D,20240109,000000,62.84,63.05,62.77,62.83,24420,0
DMXF.US,D,20240110,000000,63.25,63.5265,63.2,63.4,13436,0
DMXF.US,D,20240111,000000,63.18,63.57,62.9538,63.45,13262,0
DMXF.US,D,20240112,000000,63.91,64.0323,63.75,63.75,10484,0
DMXF.US,D,20240116,000000,63.1401,63.2487,62.715,62.78,25843,0
DMXF.US,D,20240117,000000,62.11,62.1764,61.9119,62.17,13710,0
DMXF.US,D,20240118,000000,62.49,62.93,62.39,62.93,27168,0
DMXF.US,D,20240119,000000,62.78,63.14,62.5192,63.04,20417,0
DMXF.US,D,20240122,000000,63.43,63.65,63.2945,63.5,24761,0
DMXF.US,D,20240123,000000,63.3,63.3,62.8844,63.26,14246,0
DMXF.US,D,20240124,000000,64.13,64.2234,63.86,63.91,7642,0
DMXF.US,D,20240125,000000,64.1,64.1457,63.761,64.09,117517,0
DMXF.US,D,20240126,000000,64.22,64.39,64.04,64.24,16051,0
DMXF.US,D,20240129,000000,64.03,64.59,63.91,64.55,20843,0
DMXF.US,D,20240130,000000,64.4,64.47,64.18,64.42,17391,0
DMXF.US,D,20240131,000000,64.85,64.86,63.93,63.97,50149,0
DMXF.US,D,20240201,000000,64.46,64.9,64.2631,64.84,56390,0
DMXF.US,D,20240202,000000,64.37,64.42,64.1173,64.37,21982,0
DMXF.US,D,20240205,000000,63.96,64.24,63.63,64.1,20985,0
DMXF.US,D,20240206,000000,64.07,64.2699,64.01,64.24,24601,0
DMXF.US,D,20240207,000000,64.36,64.539,64.14,64.47,39445,0
DMXF.US,D,20240208,000000,64.4,64.45,64.21,64.31,19709,0
DMXF.US,D,20240209,000000,64.54,64.86,64.3807,64.85,21085,0
DMXF.US,D,20240212,000000,64.69,65.12,64.57,64.74,25234,0
DMXF.US,D,20240213,000000,63.88,64.0799,63.3901,63.81,29433,0
DMXF.US,D,20240214,000000,64.33,64.72,64.21,64.72,18524,0
DMXF.US,D,20240215,000000,65.1224,65.46,64.95,65.42,28601,0
DMXF.US,D,20240216,000000,65.32,65.8799,65.14,65.53,16249,0
DMXF.US,D,20240220,000000,65.72,65.86,65.37,65.78,58536,0
DMXF.US,D,20240221,000000,65.51,65.845,65.46,65.84,17441,0
DMXF.US,D,20240222,000000,66.56,66.73,66.3501,66.73,24004,0
DMXF.US,D,20240223,000000,66.9,66.92,66.59,66.8,27027,0
DMXF.US,D,20240226,000000,66.95,66.95,66.5884,66.83,21893,0
DMXF.US,D,20240227,000000,66.74,67,66.6101,66.79,23578,0
DMXF.US,D,20240228,000000,66.46,66.6194,66.39,66.57,22827,0
DMXF.US,D,20240229,000000,66.81,67.0999,66.36,66.72,58365,0
DMXF.US,D,20240301,000000,67.06,67.7599,66.855,67.45,16366,0
DMXF.US,D,20240304,000000,67.41,67.8215,67.41,67.61,17885,0
DMXF.US,D,20240305,000000,67.475,67.58,66.9201,67.06,20921,0
DMXF.US,D,20240306,000000,67.77,68.16,67.7633,67.86,20523,0
DMXF.US,D,20240307,000000,68.52,69.12,68.4811,69.12,107054,0
DMXF.US,D,20240308,000000,69.24,69.26,68.3,68.49,109442,0
DMXF.US,D,20240311,000000,68.15,68.23,67.83,68.09,16114,0
DMXF.US,D,20240312,000000,68.15,68.9,68.0864,68.89,19555,0
DMXF.US,D,20240313,000000,68.69,68.8199,68.4256,68.55,22404,0
DMXF.US,D,20240314,000000,68.62,68.62,67.71,68.07,65966,0
DMXF.US,D,20240315,000000,68.1,68.1,67.5672,67.96,16212,0
DMXF.US,D,20240318,000000,68.12,68.12,67.6999,67.72,16461,0
DMXF.US,D,20240319,000000,67.82,68.04,67.54,67.84,13948,0
DMXF.US,D,20240320,000000,67.99,68.772,67.815,68.54,45341,0
DMXF.US,D,20240321,000000,68.61,68.9,68.53,68.63,42163,0
DMXF.US,D,20240322,000000,68.56,68.6284,68.3401,68.53,36280,0
DMXF.US,D,20240325,000000,68.18,68.47,68.1629,68.24,24594,0
DMXF.US,D,20240326,000000,68.49,68.54,68.17,68.33,22777,0
DMXF.US,D,20240327,000000,68.39,68.64,68.2522,68.64,14984,0
DMXF.US,D,20240328,000000,68.28,68.43,68.13,68.13,37219,0
DMXF.US,D,20240401,000000,68.25,68.65,67.9301,68.15,56218,0
DMXF.US,D,20240402,000000,67.4,67.58,67.19,67.5,27244,0
DMXF.US,D,20240403,000000,67.25,68.275,67.25,67.93,48794,0
DMXF.US,D,20240404,000000,68.155,68.24,67.1301,67.19,12160,0
DMXF.US,D,20240405,000000,67.18,67.649,67.14,67.43,17972,0
DMXF.US,D,20240408,000000,67.78,67.89,67.58,67.58,12310,0
DMXF.US,D,20240409,000000,68,68,67.3424,67.68,21311,0
DMXF.US,D,20240410,000000,66.62,66.91,66.46,66.78,18135,0
DMXF.US,D,20240411,000000,66.95,67.1299,66.1779,66.915,13869,0
DMXF.US,D,20240412,000000,66.38,66.4,65.6122,65.81,18486,0
DMXF.US,D,20240415,000000,66.69,66.69,65.4333,65.59,21065,0
DMXF.US,D,20240416,000000,65.17,65.259,64.9088,65.11,25952,0
DMXF.US,D,20240417,000000,65.38,65.38,64.6149,64.78,18054,0
DMXF.US,D,20240418,000000,64.91,65.025,64.5,64.63,23294,0
DMXF.US,D,20240419,000000,64.67,64.69,64.18,64.36,13194,0
DMXF.US,D,20240422,000000,64.855,65.295,64.749,65.01,13514,0
DMXF.US,D,20240423,000000,65.41,66.08,65.41,66.05,9662,0
DMXF.US,D,20240424,000000,66.16,66.16,65.5359,65.86,12314,0
DMXF.US,D,20240425,000000,64.79,65.53,64.79,65.31,22226,0
DMXF.US,D,20240426,000000,65.83,66.1699,65.6301,65.84,11159,0
DMXF.US,D,20240429,000000,66.16,66.4099,66.0301,66.33,7518,0
DMXF.US,D,20240430,000000,66.1,66.175,65.45,65.46,44010,0
DMXF.US,D,20240501,000000,65.31,66.01,65.05,65.1,59572,0
DMXF.US,D,20240502,000000,65.95,66.35,65.66,66.28,10656,0
DMXF.US,D,20240503,000000,66.87,67.04,66.48,66.85,14703,0
DMXF.US,D,20240506,000000,67.265,67.58,67.265,67.4372,19130,0
DMXF.US,D,20240507,000000,67.77,67.82,67.51,67.51,15919,0
DMXF.US,D,20240508,000000,67.47,67.69,67.3162,67.6,8609,0
DMXF.US,D,20240509,000000,67.57,68.21,67.57,67.94,16750,0
DMXF.US,D,20240510,000000,68.38,68.615,68.08,68.2845,17044,0
DMXF.US,D,20240513,000000,68.28,68.5,68.15,68.29,26427,0
DMXF.US,D,20240514,000000,68.64,68.86,68.3986,68.83,27688,0
DMXF.US,D,20240515,000000,69.24,69.67,69.0194,69.51,26517,0
DMXF.US,D,20240516,000000,69.47,69.51,69.07,69.07,10259,0
DMXF.US,D,20240517,000000,69.16,69.39,69.06,69.2484,14391,0
DMXF.US,D,20240520,000000,69.47,69.6599,69.3657,69.49,9462,0
DMXF.US,D,20240521,000000,69.21,69.31,69.05,69.05,32454,0
DMXF.US,D,20240522,000000,68.93,68.96,68.4001,68.5728,9952,0
DMXF.US,D,20240523,000000,69.47,69.47,68.33,68.55,16393,0
DMXF.US,D,20240524,000000,68.9,69.28,68.77,69.17,14189,0
DMXF.US,D,20240528,000000,69.34,69.34,68.9167,69.11,17746,0
DMXF.US,D,20240529,000000,68.21,68.2799,67.9208,68.015,17934,0
DMXF.US,D,20240530,000000,68.48,68.6899,68.2348,68.4631,26996,0
DMXF.US,D,20240531,000000,68.89,68.97,68.3501,68.87,45771,0
DMXF.US,D,20240603,000000,69.41,69.41,68.891,69.2005,28397,0
DMXF.US,D,20240604,000000,69.17,69.42,69.0489,69.29,16295,0
DMXF.US,D,20240605,000000,69.79,70.07,69.59,70.0081,8481,0
DMXF.US,D,20240606,000000,70.29,71.115,70.0279,70.16,38827,0
DMXF.US,D,20240607,000000,69.79,69.909,69.34,69.34,20164,0
DMXF.US,D,20240610,000000,69.01,69.6,69.01,69.43,27782,0
DMXF.US,D,20240611,000000,67.6,68.45,67.5741,67.79,13241,0
DMXF.US,D,20240612,000000,69.05,69.42,68.56,68.69,34077,0
DMXF.US,D,20240613,000000,68.4,68.4,67.5693,67.8,24357,0
DMXF.US,D,20240614,000000,67.02,67.685,66.63,67.19,56483,0
DMXF.US,D,20240617,000000,66.96,67.44,66.72,67.22,37605,0
DMXF.US,D,20240618,000000,67.25,67.71,67.25,67.42,23962,0
DMXF.US,D,20240620,000000,67.54,67.76,67.44,67.68,31721,0
DMXF.US,D,20240621,000000,67.19,67.3,66.965,67.28,10528,0
DMXF.US,D,20240624,000000,67.71,68.105,67.24,67.32,14496,0
DMXF.US,D,20240625,000000,67.53,67.919,67.3914,67.8052,18651,0
DMXF.US,D,20240626,000000,67.4,67.6,67.13,67.4394,29214,0
DMXF.US,D,20240627,000000,67.57,67.7303,67.24,67.3767,36095,0
DMXF.US,D,20240628,000000,67.42,67.8499,67.3212,67.4278,19314,0
DMXF.US,D,20240701,000000,67.98,67.98,67.1668,67.33,23652,0
DMXF.US,D,20240702,000000,67.39,67.74,67.178,67.39,10453,0
DMXF.US,D,20240703,000000,68.25,68.56,68.0501,68.3089,14330,0
DMXF.US,D,20240705,000000,69,69,68.3325,68.69,20871,0
DMXF.US,D,20240708,000000,68.97,68.99,68.31,68.31,17494,0
DMXF.US,D,20240709,000000,68.6,68.62,68.15,68.15,20742,0
DMXF.US,D,20240710,000000,68.92,69.479,68.7701,69.4101,12988,0
DMXF.US,D,20240711,000000,70.12,70.2,69.45,69.45,22282,0
DMXF.US,D,20240712,000000,70.09,71.19,70.09,70.45,20115,0
DMXF.US,D,20240715,000000,70.2,71.2899,69.5401,69.59,22585,0
DMXF.US,D,20240716,000000,69.725,70.24,69.67,70.23,12150,0
DMXF.US,D,20240717,000000,69.51,69.65,69.0801,69.17,17612,0
DMXF.US,D,20240718,000000,69.3,69.34,68.1589,68.26,8423,0
DMXF.US,D,20240719,000000,68.29,68.32,67.878,68.12,5872,0
DMXF.US,D,20240722,000000,68.86,69.67,68.44,69.01,14829,0
DMXF.US,D,20240723,000000,68.74,68.91,68.55,68.55,12750,0
DMXF.US,D,20240724,000000,68.54,68.79,67.57,67.57,12878,0
DMXF.US,D,20240725,000000,67.02,67.64,66.71,67.19,18355,0
DMXF.US,D,20240726,000000,67.77,68.18,67.52,67.85,13943,0
DMXF.US,D,20240729,000000,67.7929,68.2575,67.5501,67.8153,22944,0
DMXF.US,D,20240730,000000,68.28,68.2999,67.5572,67.99,15077,0
DMXF.US,D,20240731,000000,68.01,69.65,68.01,69.07,17035,0
DMXF.US,D,20240801,000000,68.4,68.57,67.0749,67.17,20705,0
DMXF.US,D,20240802,000000,66.34,66.555,65.6404,66.14,11793,0
DMXF.US,D,20240805,000000,63.55,65.17,63.38,64.8281,16739,0
DMXF.US,D,20240806,000000,64.42,65.65,64.42,65.1753,30291,0
DMXF.US,D,20240807,000000,66.67,66.68,65.312,65.56,45238,0
DMXF.US,D,20240808,000000,65.89,69.99,65.75,66.2,225499,0
DMXF.US,D,20240809,000000,65.98,66.6999,65.98,66.6219,21380,0
DMXF.US,D,20240812,000000,66.4,66.8099,66.34,66.39,20856,0
DMXF.US,D,20240813,000000,66.87,67.775,66.87,67.699,15961,0
DMXF.US,D,20240814,000000,67.8,68.02,67.65,67.79,24105,0
DMXF.US,D,20240815,000000,68.49,69.07,68.4454,68.94,29537,0
DMXF.US,D,20240816,000000,68.79,69.28,68.79,69.04,15558,0
DMXF.US,D,20240819,000000,69.5,70.1,69.46,70.04,26792,0
DMXF.US,D,20240820,000000,69.98,70.14,69.58,69.99,19879,0
DMXF.US,D,20240821,000000,70.24,71.07,70.01,70.32,14815,0
DMXF.US,D,20240822,000000,70.79,70.8099,70.09,70.2,10670,0
DMXF.US,D,20240823,000000,70.73,71.3,70.73,71.1,18404,0
DMXF.US,D,20240826,000000,71.11,71.2,70.53,70.66,20637,0
DMXF.US,D,20240827,000000,71.06,71.4799,70.92,71.32,6665,0
DMXF.US,D,20240828,000000,71.14,71.3,70.698,70.76,21915,0
DMXF.US,D,20240829,000000,71.33,71.81,71.0523,71.24,10192,0
DMXF.US,D,20240830,000000,71.5,71.7999,71.13,71.17,51500,0
DMXF.US,D,20240903,000000,71.12,71.15,70.01,70.28,17169,0
DMXF.US,D,20240904,000000,69.59,70.37,69.59,69.68,17053,0
DMXF.US,D,20240905,000000,69.74,70.14,68.945,69.85,731082,0
DMXF.US,D,20240906,000000,69.75,69.75,68.31,68.57,23306,0
DMXF.US,D,20240909,000000,69.214,69.6481,69.11,69.3,24890,0
DMXF.US,D,20240910,000000,69.22,69.31,68.59,69.15,39873,0
DMXF.US,D,20240911,000000,69.37,69.88,68.603,69.88,30601,0
DMXF.US,D,20240912,000000,69.68,70.54,69.68,70.53,22913,0
DMXF.US,D,20240913,000000,70.63,70.85,70.4,70.57,20019,0
DMXF.US,D,20240916,000000,70.88,71.25,70.58,71.1101,19579,0
DMXF.US,D,20240917,000000,70.87,71.08,70.4421,70.68,24213,0
DMXF.US,D,20240918,000000,70.75,71.488,70.1713,70.28,19216,0
DMXF.US,D,20240919,000000,71.74,72.09,71.3401,71.92,32422,0
DMXF.US,D,20240920,000000,71.39,71.39,70.8,71.02,18063,0
DMXF.US,D,20240923,000000,71.23,71.5,70.88,71.43,23841,0
DMXF.US,D,20240924,000000,71.39,71.73,71.14,71.53,15860,0
DMXF.US,D,20240925,000000,71.83,71.83,71.1,71.2114,18409,0
DMXF.US,D,20240926,000000,72.74,72.96,72.44,72.8164,13136,0
DMXF.US,D,20240927,000000,72.91,73.2,72.01,72.24,19122,0
DMXF.US,D,20240930,000000,72.29,72.4,71.645,72.04,26264,0
DMXF.US,D,20241001,000000,72.15,72.15,70.96,71.41,18267,0
DMXF.US,D,20241002,000000,71.07,71.38,70.82,71.08,20116,0
DMXF.US,D,20241003,000000,70.7,71,70.29,70.64,18093,0
DMXF.US,D,20241004,000000,70.885,71.06,70.62,71.06,14416,0
DMXF.US,D,20241007,000000,70.8,70.89,70.2248,70.27,47997,0
DMXF.US,D,20241008,000000,70.53,70.65,70.2967,70.5646,19665,0
DMXF.US,D,20241009,000000,70.36,70.89,70.36,70.75,13512,0
DMXF.US,D,20241010,000000,70.4043,70.6599,70.1268,70.28,18294,0
DMXF.US,D,20241011,000000,70.42,71.1543,70.42,70.9767,15529,0
DMXF.US,D,20241014,000000,70.84,71.51,70.84,71.205,12466,0
DMXF.US,D,20241015,000000,71.15,71.29,69.77,69.9819,15412,0
DMXF.US,D,20241016,000000,70.73,70.73,69.71,69.82,17363,0
DMXF.US,D,20241017,000000,70.18,70.28,69.67,69.97,17483,0
DMXF.US,D,20241018,000000,70.27,70.6094,69.97,70.54,14101,0
DMXF.US,D,20241021,000000,69.94,70.21,69.4519,69.51,15185,0
DMXF.US,D,20241022,000000,69.04,69.3556,68.77,69.18,32200,0
DMXF.US,D,20241023,000000,68.37,68.8799,67.8301,68.2,23422,0
DMXF.US,D,20241024,000000,68.67,69.19,68.16,68.65,48838,0
DMXF.US,D,20241025,000000,68.66,68.8535,68.22,68.51,14248,0
DMXF.US,D,20241028,000000,68.75,69.235,68.67,69.15,24896,0
DMXF.US,D,20241029,000000,68.8,69.015,68.58,68.855,21216,0
DMXF.US,D,20241030,000000,68.98,68.98,68.1339,68.365,28848,0
DMXF.US,D,20241031,000000,68.04,68.04,67.3544,67.72,49887,0
DMXF.US,D,20241101,000000,68.2,68.49,67.907,67.96,22304,0
DMXF.US,D,20241104,000000,68.35,68.62,67.92,68.02,53254,0
