<TICKER>,<PER>,<DATE>,<TIME>,<OPEN>,<HIGH>,<LOW>,<CLOSE>,<VOL>,<OPENINT>
DWAW.US,D,20191230,000000,24.601,24.601,24.524,24.524,101,0
DWAW.US,D,20191231,000000,24.51,24.619,24.51,24.609,50533,0
DWAW.US,D,20200102,000000,24.726,24.953,24.726,24.953,164,0
DWAW.US,D,20200103,000000,24.756,24.76,24.753,24.753,969,0
DWAW.US,D,20200106,000000,24.737,24.737,24.737,24.737,235,0
DWAW.US,D,20200107,000000,24.875,24.883,24.875,24.883,101,0
DWAW.US,D,20200108,000000,25.1,25.13,25.04,25.04,1363,0
DWAW.US,D,20200109,000000,25.199,25.248,25.197,25.248,1080,0
DWAW.US,D,20200110,000000,25.298,25.298,25.176,25.176,2375,0
DWAW.US,D,20200113,000000,25.288,25.494,25.278,25.452,14158,0
DWAW.US,D,20200114,000000,25.435,25.444,25.337,25.375,4232,0
DWAW.US,D,20200115,000000,25.425,25.455,25.355,25.355,3188,0
DWAW.US,D,20200117,000000,25.651,25.691,25.64,25.651,7370,0
DWAW.US,D,20200121,000000,25.641,25.641,25.641,25.641,686,0
DWAW.US,D,20200122,000000,25.789,25.809,25.75,25.75,3801,0
DWAW.US,D,20200123,000000,25.586,25.789,25.586,25.789,550,0
DWAW.US,D,20200127,000000,25.022,25.14,25.022,25.027,9878,0
DWAW.US,D,20200129,000000,25.248,25.337,25.14,25.262,3734,0
DWAW.US,D,20200130,000000,25.091,25.401,25.091,25.401,3565,0
DWAW.US,D,20200131,000000,25.022,25.041,24.963,24.963,4160,0
DWAW.US,D,20200206,000000,26.222,26.222,26.168,26.182,7585,0
DWAW.US,D,20200207,000000,26.215,26.215,26.084,26.086,322,0
DWAW.US,D,20200210,000000,26.301,26.408,26.301,26.408,1782,0
DWAW.US,D,20200211,000000,26.557,26.557,26.396,26.396,753,0
DWAW.US,D,20200212,000000,26.597,26.674,26.576,26.641,8757,0
DWAW.US,D,20200213,000000,26.763,26.773,26.641,26.641,13342,0
DWAW.US,D,20200214,000000,26.743,26.753,26.743,26.753,752,0
DWAW.US,D,20200218,000000,26.822,26.861,26.773,26.843,6347,0
DWAW.US,D,20200220,000000,26.95,26.95,26.921,26.921,11388,0
DWAW.US,D,20200221,000000,26.488,26.488,26.32,26.32,423,0
DWAW.US,D,20200224,000000,25.396,25.73,25.396,25.433,41050,0
DWAW.US,D,20200225,000000,25.14,25.14,24.7,24.7,7725,0
DWAW.US,D,20200227,000000,24.028,24.313,23.644,23.644,4437,0
DWAW.US,D,20200228,000000,23.014,23.614,22.955,23.501,14056,0
DWAW.US,D,20200302,000000,23.776,24.699,23.776,24.699,13600,0
DWAW.US,D,20200303,000000,24.402,24.402,23.992,23.992,3497,0
DWAW.US,D,20200304,000000,24.239,25.012,24.239,24.987,7244,0
DWAW.US,D,20200305,000000,24.51,24.697,24.127,24.231,20068,0
DWAW.US,D,20200306,000000,23.389,23.841,23.223,23.841,16407,0
DWAW.US,D,20200309,000000,22.631,22.955,22.257,22.257,19622,0
DWAW.US,D,20200310,000000,22.895,23.284,22.503,23.284,36850,0
DWAW.US,D,20200311,000000,22.345,22.345,22.306,22.344,822,0
DWAW.US,D,20200312,000000,20.339,21.026,20.339,20.387,6141,0
DWAW.US,D,20200313,000000,20.939,22.021,20.751,21.954,30945,0
DWAW.US,D,20200316,000000,20.033,20.909,19.444,19.444,4678,0
DWAW.US,D,20200317,000000,19.846,20.801,19.497,20.673,6643,0
DWAW.US,D,20200318,000000,18.912,19.479,18.872,19.479,6711,0
DWAW.US,D,20200319,000000,20.25,20.25,20.013,20.013,101,0
DWAW.US,D,20200320,000000,20.122,20.564,19.254,19.254,30452,0
DWAW.US,D,20200323,000000,18.724,19.418,18.655,19.109,42827,0
DWAW.US,D,20200324,000000,19.944,20.426,19.944,20.407,11541,0
DWAW.US,D,20200325,000000,20.88,20.88,20.88,20.88,304,0
DWAW.US,D,20200326,000000,21.559,21.829,21.559,21.829,6451,0
DWAW.US,D,20200327,000000,21.361,21.549,21.031,21.549,2180,0
DWAW.US,D,20200330,000000,21.665,21.815,21.618,21.815,775,0
DWAW.US,D,20200401,000000,20.623,20.623,20.605,20.605,2113,0
DWAW.US,D,20200402,000000,20.466,20.995,20.466,20.995,6598,0
DWAW.US,D,20200406,000000,21.45,22.272,21.422,22.272,2130,0
DWAW.US,D,20200407,000000,22.808,22.808,22.218,22.218,178,0
DWAW.US,D,20200409,000000,23.073,23.073,22.857,22.917,2704,0
DWAW.US,D,20200413,000000,22.67,23.019,22.618,23.019,2016,0
DWAW.US,D,20200414,000000,23.418,23.946,23.418,23.946,1665,0
DWAW.US,D,20200415,000000,23.458,23.458,23.458,23.458,117,0
DWAW.US,D,20200417,000000,24.214,24.397,24.214,24.397,16481,0
DWAW.US,D,20200420,000000,24.402,24.461,24.137,24.155,15482,0
DWAW.US,D,20200421,000000,23.23,23.307,23.211,23.288,8628,0
DWAW.US,D,20200422,000000,23.85,23.934,23.85,23.934,3268,0
DWAW.US,D,20200424,000000,23.919,24.216,23.884,24.216,6279,0
DWAW.US,D,20200427,000000,24.54,24.54,24.421,24.497,2845,0
DWAW.US,D,20200428,000000,24.599,24.599,24.065,24.065,101,0
DWAW.US,D,20200429,000000,24.659,24.849,24.659,24.821,2297,0
DWAW.US,D,20200430,000000,24.884,24.884,24.815,24.878,797,0
DWAW.US,D,20200501,000000,24.184,24.205,24.12,24.12,13879,0
DWAW.US,D,20200504,000000,24.283,24.43,24.255,24.43,2692,0
DWAW.US,D,20200505,000000,24.913,25.002,24.74,24.74,2666,0
DWAW.US,D,20200506,000000,24.943,25.001,24.828,24.828,4599,0
DWAW.US,D,20200507,000000,25.209,25.209,25.118,25.118,261,0
DWAW.US,D,20200508,000000,25.474,25.474,25.367,25.367,904,0
DWAW.US,D,20200511,000000,25.543,25.789,25.538,25.696,7779,0
DWAW.US,D,20200512,000000,25.622,25.779,25.188,25.188,13248,0
DWAW.US,D,20200513,000000,25.337,25.337,24.539,24.8,75616,0
DWAW.US,D,20200514,000000,24.668,24.958,24.451,24.958,2658,0
DWAW.US,D,20200518,000000,25.779,25.789,25.733,25.733,4264,0
DWAW.US,D,20200519,000000,25.76,25.947,25.683,25.683,13411,0
DWAW.US,D,20200520,000000,26.074,26.133,26.074,26.133,1178,0
DWAW.US,D,20200521,000000,25.996,25.996,25.889,25.889,3036,0
DWAW.US,D,20200522,000000,25.947,26.035,25.947,25.97,6420,0
DWAW.US,D,20200526,000000,26.173,26.173,25.939,25.939,1220,0
DWAW.US,D,20200527,000000,25.69,26.182,25.682,26.158,9104,0
DWAW.US,D,20200528,000000,26.271,26.567,26.094,26.094,106898,0
DWAW.US,D,20200529,000000,26.26,26.515,26.153,26.515,11689,0
DWAW.US,D,20200601,000000,26.596,26.684,26.596,26.656,18126,0
DWAW.US,D,20200602,000000,26.616,26.771,26.546,26.771,48870,0
DWAW.US,D,20200603,000000,26.852,26.97,26.839,26.874,637431,0
DWAW.US,D,20200604,000000,26.763,26.773,26.562,26.596,38089,0
DWAW.US,D,20200605,000000,27.137,27.246,27.137,27.151,258813,0
DWAW.US,D,20200608,000000,27.137,27.343,27.078,27.327,42039,0
DWAW.US,D,20200609,000000,27.309,27.511,27.309,27.452,16528,0
DWAW.US,D,20200610,000000,27.669,27.743,27.59,27.743,7694,0
DWAW.US,D,20200611,000000,27.214,27.216,26.292,26.292,6207,0
DWAW.US,D,20200612,000000,26.547,26.547,26.313,26.518,1926,0
DWAW.US,D,20200615,000000,26.37,26.871,26.34,26.77,4921,0
DWAW.US,D,20200616,000000,27.363,27.481,26.985,27.192,165829,0
DWAW.US,D,20200617,000000,27.412,27.442,27.246,27.347,29058,0
DWAW.US,D,20200618,000000,27.282,27.392,27.282,27.392,588,0
DWAW.US,D,20200619,000000,27.393,27.412,27.319,27.4,5411,0
DWAW.US,D,20200622,000000,27.373,27.675,27.344,27.675,1687,0
DWAW.US,D,20200623,000000,27.983,28.032,27.787,27.837,27504,0
DWAW.US,D,20200624,000000,27.147,27.186,27.137,27.186,1001,0
DWAW.US,D,20200625,000000,27.098,27.452,26.93,27.452,10450,0
DWAW.US,D,20200626,000000,27.059,27.078,26.806,26.806,7672,0
DWAW.US,D,20200629,000000,26.778,27.021,26.778,26.98,6177,0
DWAW.US,D,20200630,000000,27.275,27.462,27.275,27.462,3283,0
DWAW.US,D,20200701,000000,27.885,28.022,27.885,27.983,17523,0
DWAW.US,D,20200702,000000,28.308,28.338,28.151,28.151,6057,0
DWAW.US,D,20200706,000000,28.83,28.841,28.714,28.787,3261,0
DWAW.US,D,20200707,000000,29.076,29.076,28.658,28.658,544,0
DWAW.US,D,20200709,000000,29.128,29.223,28.81,29.151,2533,0
DWAW.US,D,20200710,000000,29.046,29.348,29.014,29.348,3539,0
DWAW.US,D,20200713,000000,29.823,29.823,28.65,28.65,5157,0
DWAW.US,D,20200714,000000,28.318,28.93,28.318,28.93,225,0
DWAW.US,D,20200715,000000,29.173,29.173,28.682,29.015,4748,0
DWAW.US,D,20200716,000000,28.672,28.77,28.495,28.77,7727,0
DWAW.US,D,20200717,000000,28.869,28.922,28.81,28.922,2916,0
DWAW.US,D,20200720,000000,29.297,29.761,29.297,29.761,4539,0
DWAW.US,D,20200721,000000,29.764,29.764,29.371,29.371,10263,0
DWAW.US,D,20200722,000000,29.469,29.617,29.469,29.558,6702,0
DWAW.US,D,20200723,000000,29.499,29.499,28.79,28.853,5470,0
DWAW.US,D,20200724,000000,28.495,28.79,28.495,28.675,4941,0
DWAW.US,D,20200727,000000,29.036,29.182,28.977,29.182,2885,0
DWAW.US,D,20200729,000000,29.155,29.266,29.155,29.23,5171,0
DWAW.US,D,20200730,000000,29.125,29.312,28.977,29.301,1291,0
DWAW.US,D,20200731,000000,29.518,29.573,29.242,29.573,8143,0
DWAW.US,D,20200803,000000,29.981,30.05,29.971,30.009,2258,0
DWAW.US,D,20200804,000000,29.981,30.109,29.981,30.102,37153,0
DWAW.US,D,20200805,000000,30.138,30.355,30.138,30.355,2444,0
DWAW.US,D,20200806,000000,30.128,30.366,30.128,30.366,1850,0
DWAW.US,D,20200807,000000,29.902,30.045,29.879,30.045,3453,0
DWAW.US,D,20200810,000000,29.72,29.784,29.676,29.771,9045,0
DWAW.US,D,20200811,000000,29.548,29.548,29.538,29.548,721,0
DWAW.US,D,20200812,000000,30.02,30.02,29.931,29.941,463,0
DWAW.US,D,20200814,000000,30.028,30.099,30.028,30.035,4777,0
DWAW.US,D,20200817,000000,30.403,30.403,30.381,30.381,181,0
DWAW.US,D,20200818,000000,30.507,30.58,30.507,30.571,732,0
DWAW.US,D,20200819,000000,30.463,30.492,30.342,30.342,507,0
DWAW.US,D,20200820,000000,30.461,30.624,30.456,30.624,1083,0
DWAW.US,D,20200821,000000,30.63,30.662,30.561,30.662,1979,0
DWAW.US,D,20200824,000000,31.082,31.082,30.689,30.707,3297,0
DWAW.US,D,20200825,000000,30.679,30.957,30.679,30.957,3134,0
DWAW.US,D,20200826,000000,31.127,31.465,31.112,31.465,15482,0
DWAW.US,D,20200827,000000,31.408,31.516,31.339,31.394,16232,0
DWAW.US,D,20200828,000000,31.605,31.605,31.605,31.605,213,0
DWAW.US,D,20200831,000000,31.605,31.889,31.605,31.814,14821,0
DWAW.US,D,20200901,000000,32.225,32.381,32.156,32.255,6008,0
DWAW.US,D,20200902,000000,32.312,32.671,32.244,32.671,19301,0
DWAW.US,D,20200903,000000,31.978,31.978,30.886,31.03,26509,0
DWAW.US,D,20200904,000000,29.833,30.498,29.833,30.498,14671,0
DWAW.US,D,20200908,000000,29.981,29.981,29.509,29.518,3671,0
DWAW.US,D,20200909,000000,29.812,30.227,29.775,30.049,40355,0
DWAW.US,D,20200910,000000,30.217,30.247,29.528,29.528,2947,0
DWAW.US,D,20200911,000000,29.39,29.39,29.373,29.373,1587,0
DWAW.US,D,20200914,000000,29.892,30.04,29.857,29.917,1980,0
DWAW.US,D,20200915,000000,30.266,30.278,30.266,30.278,101,0
DWAW.US,D,20200916,000000,30.397,30.397,29.967,29.967,215,0
DWAW.US,D,20200917,000000,29.397,29.572,29.397,29.572,160,0
DWAW.US,D,20200918,000000,29.135,29.322,29.096,29.322,2219,0
DWAW.US,D,20200921,000000,29.223,29.444,29.027,29.444,2900,0
DWAW.US,D,20200922,000000,29.818,29.992,29.818,29.992,770,0
DWAW.US,D,20200923,000000,29.921,29.94,29.223,29.223,11397,0
DWAW.US,D,20200924,000000,29.38,29.587,29.115,29.25,9728,0
DWAW.US,D,20200925,000000,29.351,30.089,29.242,29.99,315741,0
DWAW.US,D,20200928,000000,30.423,30.492,30.257,30.439,18027,0
DWAW.US,D,20200929,000000,30.522,30.522,30.425,30.425,11112,0
DWAW.US,D,20200930,000000,30.856,30.874,30.443,30.638,17504,0
DWAW.US,D,20201001,000000,31.024,31.092,30.98,31.019,1217,0
DWAW.US,D,20201002,000000,30.699,30.699,30.478,30.478,2032,0
DWAW.US,D,20201005,000000,30.985,31.069,30.961,31.069,4915,0
DWAW.US,D,20201006,000000,31.063,31.299,30.65,30.739,9000,0
DWAW.US,D,20201007,000000,31.151,31.358,31.082,31.298,17925,0
DWAW.US,D,20201008,000000,31.417,31.444,31.417,31.444,1747,0
DWAW.US,D,20201009,000000,31.929,32.018,31.84,31.897,22525,0
DWAW.US,D,20201012,000000,32.657,32.657,32.565,32.565,3471,0
DWAW.US,D,20201013,000000,32.618,32.775,32.598,32.69,7211,0
DWAW.US,D,20201014,000000,32.332,32.499,32.332,32.43,682,0
DWAW.US,D,20201015,000000,32.086,32.324,32.086,32.324,1091,0
DWAW.US,D,20201016,000000,32.549,32.677,32.296,32.296,41434,0
DWAW.US,D,20201019,000000,32.284,32.284,31.837,31.837,1161,0
DWAW.US,D,20201020,000000,32.047,32.198,31.8,31.873,14020,0
DWAW.US,D,20201021,000000,31.712,31.83,31.712,31.726,3815,0
DWAW.US,D,20201022,000000,31.894,31.894,31.664,31.813,9261,0
DWAW.US,D,20201023,000000,31.791,31.995,31.771,31.995,3663,0
DWAW.US,D,20201026,000000,31.712,31.724,31.24,31.455,20379,0
DWAW.US,D,20201027,000000,31.615,31.76,31.585,31.585,9101,0
DWAW.US,D,20201028,000000,30.729,30.768,30.561,30.561,4210,0
DWAW.US,D,20201029,000000,30.798,31.068,30.798,30.961,6208,0
DWAW.US,D,20201030,000000,30.561,30.561,29.981,30.071,5674,0
DWAW.US,D,20201102,000000,30.561,30.561,30.345,30.345,3048,0
DWAW.US,D,20201103,000000,31.004,31.014,30.743,30.831,5487,0
DWAW.US,D,20201104,000000,31.84,32.362,31.84,32.153,13547,0
DWAW.US,D,20201105,000000,32.805,32.962,32.726,32.86,49843,0
DWAW.US,D,20201106,000000,32.962,33.07,32.889,32.936,31168,0
DWAW.US,D,20201109,000000,33.621,33.621,32.429,32.429,46510,0
DWAW.US,D,20201110,000000,32.254,32.254,31.961,31.966,5031,0
DWAW.US,D,20201111,000000,32.362,32.578,32.362,32.574,14883,0
DWAW.US,D,20201112,000000,32.716,32.775,32.232,32.325,42560,0
DWAW.US,D,20201113,000000,32.766,33.601,32.264,32.697,26193,0
DWAW.US,D,20201116,000000,33.001,33.1,32.8,32.8,3793,0
DWAW.US,D,20201117,000000,32.716,33.021,32.716,33.002,5811,0
DWAW.US,D,20201118,000000,33.07,33.121,32.696,32.696,40010,0
DWAW.US,D,20201119,000000,32.805,33.13,32.805,33.1,6707,0
DWAW.US,D,20201120,000000,34.714,34.714,32.996,33.395,43662,0
DWAW.US,D,20201123,000000,33.395,33.533,33.395,33.474,3381,0
DWAW.US,D,20201124,000000,33.505,33.641,33.445,33.482,5919,0
DWAW.US,D,20201125,000000,33.494,33.72,33.486,33.66,14163,0
DWAW.US,D,20201127,000000,33.966,34.192,33.966,34.114,12579,0
DWAW.US,D,20201130,000000,34.238,34.251,33.926,34.14,23927,0
DWAW.US,D,20201201,000000,34.251,34.339,34.153,34.214,6374,0
DWAW.US,D,20201202,000000,33.995,34.045,33.877,33.995,18155,0
DWAW.US,D,20201203,000000,34.289,34.487,34.261,34.27,25394,0
DWAW.US,D,20201204,000000,33.936,34.753,33.936,34.753,8297,0
DWAW.US,D,20201207,000000,34.92,35.009,34.753,34.806,8228,0
DWAW.US,D,20201208,000000,34.964,35.245,34.94,35.222,12934,0
DWAW.US,D,20201209,000000,35.225,35.255,34.449,34.623,11007,0
DWAW.US,D,20201210,000000,34.645,35.187,34.27,35.187,11171,0
DWAW.US,D,20201211,000000,35.324,35.363,34.887,35.261,12881,0
DWAW.US,D,20201214,000000,35.786,35.875,35.425,35.425,4304,0
DWAW.US,D,20201215,000000,35.658,35.939,35.658,35.939,9221,0
DWAW.US,D,20201216,000000,36.129,36.129,35.973,36.106,11240,0
DWAW.US,D,20201217,000000,36.465,36.612,36.406,36.588,24818,0
DWAW.US,D,20201218,000000,36.74,36.986,36.73,36.898,14171,0
DWAW.US,D,20201221,000000,36.73,37.075,36.376,36.957,12180,0
DWAW.US,D,20201222,000000,37.429,37.69,37.33,37.69,8868,0
DWAW.US,D,20201223,000000,37.858,37.858,37.478,37.63,16927,0
DWAW.US,D,20201224,000000,37.62,37.777,37.394,37.556,9834,0
DWAW.US,D,20201228,000000,38.336,38.336,37.035,37.039,13342,0
DWAW.US,D,20201229,000000,36.867,36.877,36.355,36.533,19323,0
DWAW.US,D,20201230,000000,36.749,36.926,36.749,36.83,10176,0
DWAW.US,D,20201231,000000,36.374,36.69,36.374,36.635,27438,0
DWAW.US,D,20210104,000000,36.542,36.581,35.927,36.066,9992,0
DWAW.US,D,20210105,000000,36.114,36.424,36.114,36.419,3671,0
DWAW.US,D,20210106,000000,36.384,37.054,36.384,36.601,1821,0
DWAW.US,D,20210107,000000,37.439,38.059,37.439,38.059,20941,0
DWAW.US,D,20210108,000000,38.454,38.483,38.148,38.332,15042,0
DWAW.US,D,20210111,000000,38.158,38.562,38.158,38.301,13569,0
DWAW.US,D,20210112,000000,38.543,38.68,38.493,38.68,16350,0
DWAW.US,D,20210113,000000,38.779,38.828,38.493,38.538,8764,0
DWAW.US,D,20210114,000000,39.075,39.075,38.769,38.838,23286,0
DWAW.US,D,20210115,000000,38.273,38.543,38.207,38.267,48722,0
DWAW.US,D,20210119,000000,39.045,39.045,38.644,38.852,9869,0
DWAW.US,D,20210120,000000,38.848,39.282,38.848,39.213,6356,0
DWAW.US,D,20210121,000000,40.228,40.228,39.052,39.104,14758,0
DWAW.US,D,20210122,000000,38.937,39.315,38.937,39.315,6735,0
DWAW.US,D,20210125,000000,39.676,39.696,38.749,39.156,10917,0
DWAW.US,D,20210126,000000,39.607,39.607,38.773,38.779,24492,0
DWAW.US,D,20210127,000000,38.355,38.543,37.567,37.706,16409,0
DWAW.US,D,20210128,000000,38.119,38.385,38.089,38.089,20894,0
DWAW.US,D,20210129,000000,37.739,37.961,37.35,37.35,10590,0
DWAW.US,D,20210201,000000,37.537,38.207,37.537,38.192,10375,0
DWAW.US,D,20210202,000000,38.759,39.035,38.603,38.996,32751,0
DWAW.US,D,20210203,000000,39.045,39.045,38.636,38.796,55523,0
DWAW.US,D,20210204,000000,39.058,39.498,39.058,39.434,52893,0
DWAW.US,D,20210205,000000,39.952,39.962,39.671,39.962,28509,0
DWAW.US,D,20210208,000000,40.277,40.474,40.247,40.372,22931,0
DWAW.US,D,20210209,000000,40.444,40.78,40.444,40.614,12210,0
DWAW.US,D,20210210,000000,40.987,41.026,40.267,40.494,22568,0
DWAW.US,D,20210211,000000,40.734,40.853,40.494,40.678,17853,0
DWAW.US,D,20210212,000000,40.612,40.951,40.612,40.922,26143,0
DWAW.US,D,20210216,000000,41.272,41.272,40.392,40.392,12434,0
DWAW.US,D,20210217,000000,40.356,40.356,39.558,39.995,38581,0
DWAW.US,D,20210218,000000,39.755,39.755,39.39,39.571,9180,0
DWAW.US,D,20210219,000000,39.946,40.361,39.946,40.127,17258,0
DWAW.US,D,20210222,000000,39.558,39.697,38.944,38.947,8650,0
DWAW.US,D,20210223,000000,37.675,38.502,37.153,38.502,25793,0
DWAW.US,D,20210224,000000,38.533,38.996,38.285,38.946,15078,0
DWAW.US,D,20210225,000000,38.818,38.818,37.33,37.419,8171,0
DWAW.US,D,20210226,000000,37.784,38.089,37.173,37.769,12110,0
DWAW.US,D,20210301,000000,38.533,38.848,38.436,38.832,2746,0
DWAW.US,D,20210302,000000,38.474,38.646,37.961,38.015,20087,0
DWAW.US,D,20210303,000000,38.05,38.05,36.542,36.601,27787,0
DWAW.US,D,20210304,000000,36.335,36.424,34.916,35.251,17290,0
DWAW.US,D,20210305,000000,35.448,35.547,33.792,35.507,13584,0
DWAW.US,D,20210308,000000,35.655,35.915,34.748,34.794,9708,0
DWAW.US,D,20210309,000000,35.704,36.227,35.704,36.023,11761,0
DWAW.US,D,20210310,000000,36.522,36.808,36.03,36.122,14828,0
DWAW.US,D,20210311,000000,37.153,37.311,37.035,37.242,146895,0
DWAW.US,D,20210312,000000,36.877,37.133,36.666,37.131,228175,0
DWAW.US,D,20210315,000000,37.202,37.553,37.143,37.553,10018,0
DWAW.US,D,20210316,000000,37.567,37.754,36.867,37.17,18009,0
DWAW.US,D,20210317,000000,36.916,37.232,36.522,37.143,10709,0
DWAW.US,D,20210318,000000,36.769,36.769,35.901,35.901,26075,0
DWAW.US,D,20210319,000000,36.148,36.497,35.813,36.399,6761,0
DWAW.US,D,20210322,000000,36.503,36.719,36.35,36.493,35499,0
DWAW.US,D,20210323,000000,36.483,36.483,35.704,35.704,14104,0
DWAW.US,D,20210324,000000,36.03,36.03,35.005,35.069,20892,0
DWAW.US,D,20210325,000000,34.729,35.407,34.65,35.407,19786,0
DWAW.US,D,20210326,000000,35.635,35.97,35.271,35.97,4653,0
DWAW.US,D,20210329,000000,36.02,36.02,35.261,35.369,5355,0
DWAW.US,D,20210330,000000,35.231,35.694,35.231,35.584,10534,0
DWAW.US,D,20210331,000000,35.995,36.384,35.995,36.198,12258,0
DWAW.US,D,20210401,000000,36.532,36.729,36.532,36.721,22002,0
DWAW.US,D,20210405,000000,37.173,37.173,36.828,36.966,31290,0
DWAW.US,D,20210406,000000,37.123,37.34,37.114,37.114,28786,0
DWAW.US,D,20210407,000000,37.025,37.025,36.601,36.601,17661,0
DWAW.US,D,20210408,000000,36.887,37.034,36.776,36.994,41490,0
DWAW.US,D,20210409,000000,36.966,37.146,36.926,37.146,12907,0
DWAW.US,D,20210412,000000,37.449,37.449,36.86,37.136,8555,0
DWAW.US,D,20210413,000000,37.025,37.301,37.025,37.252,22079,0
DWAW.US,D,20210414,000000,37.468,37.656,37.242,37.242,41907,0
DWAW.US,D,20210415,000000,37.636,37.715,37.473,37.695,54909,0
DWAW.US,D,20210416,000000,37.577,37.784,37.577,37.725,21845,0
DWAW.US,D,20210419,000000,37.646,37.646,37.153,37.231,5220,0
DWAW.US,D,20210420,000000,37.261,37.36,36.631,36.833,21774,0
DWAW.US,D,20210421,000000,36.808,37.468,36.808,37.467,29130,0
DWAW.US,D,20210422,000000,37.592,37.941,37.419,37.472,18004,0
DWAW.US,D,20210423,000000,37.725,38.065,37.725,38.052,7292,0
DWAW.US,D,20210426,000000,38.306,38.543,38.306,38.442,33650,0
DWAW.US,D,20210427,000000,38.513,38.562,38.345,38.436,11823,0
DWAW.US,D,20210428,000000,38.355,38.38,38.267,38.303,9369,0
DWAW.US,D,20210429,000000,38.449,38.449,38.029,38.207,19075,0
DWAW.US,D,20210430,000000,37.941,37.961,37.694,37.764,8066,0
DWAW.US,D,20210503,000000,38.089,38.089,37.518,37.522,26824,0
DWAW.US,D,20210504,000000,36.882,37.007,36.692,37.007,10157,0
DWAW.US,D,20210505,000000,37.104,37.133,36.769,36.769,45701,0
DWAW.US,D,20210506,000000,36.522,36.611,36.172,36.611,24953,0
DWAW.US,D,20210507,000000,36.769,37.173,36.769,37.058,23313,0
DWAW.US,D,20210510,000000,37.232,37.37,36.921,36.921,4221,0
DWAW.US,D,20210511,000000,36.552,36.552,36.187,36.366,12053,0
DWAW.US,D,20210512,000000,36.335,36.335,35.616,35.689,15671,0
DWAW.US,D,20210513,000000,36.172,36.325,36.02,36.238,11920,0
DWAW.US,D,20210514,000000,36.69,36.862,36.552,36.862,3584,0
DWAW.US,D,20210517,000000,36.739,36.936,36.709,36.861,15129,0
DWAW.US,D,20210518,000000,36.828,36.926,36.61,36.69,23748,0
DWAW.US,D,20210519,000000,35.734,36.128,35.714,36.079,15457,0
DWAW.US,D,20210520,000000,36.108,36.384,36.108,36.339,26566,0
DWAW.US,D,20210521,000000,36.611,36.734,36.473,36.529,9978,0
DWAW.US,D,20210524,000000,36.562,36.778,36.562,36.682,30353,0
DWAW.US,D,20210525,000000,37.084,37.084,36.285,36.285,6709,0
DWAW.US,D,20210526,000000,36.276,36.542,36.276,36.463,42191,0
DWAW.US,D,20210527,000000,36.818,36.877,36.818,36.876,3772,0
DWAW.US,D,20210528,000000,36.846,36.877,36.769,36.816,8317,0
DWAW.US,D,20210601,000000,37.084,37.114,37.005,37.049,13506,0
DWAW.US,D,20210602,000000,37.33,37.33,37.015,37.132,9311,0
DWAW.US,D,20210603,000000,37.015,37.311,37.015,37.197,14610,0
DWAW.US,D,20210604,000000,37.32,37.32,37.035,37.286,8257,0
DWAW.US,D,20210607,000000,37.133,37.208,37.133,37.208,690,0
DWAW.US,D,20210608,000000,36.995,37.281,36.995,37.242,41521,0
DWAW.US,D,20210609,000000,37.074,37.094,37.005,37.005,5232,0
DWAW.US,D,20210610,000000,36.892,36.926,36.822,36.822,2377,0
DWAW.US,D,20210611,000000,37.015,37.015,36.798,36.922,13819,0
DWAW.US,D,20210614,000000,36.705,36.705,36.532,36.624,8528,0
DWAW.US,D,20210615,000000,36.572,36.803,36.572,36.744,12163,0
DWAW.US,D,20210616,000000,36.522,36.631,36.522,36.537,7853,0
DWAW.US,D,20210617,000000,35.842,35.882,35.714,35.765,2304,0
DWAW.US,D,20210618,000000,35.152,35.231,35.083,35.182,8525,0
DWAW.US,D,20210621,000000,35.685,35.791,35.675,35.791,1721,0
DWAW.US,D,20210622,000000,35.596,35.872,35.596,35.817,3300,0
DWAW.US,D,20210623,000000,35.862,35.931,35.802,35.802,28632,0
DWAW.US,D,20210624,000000,35.931,36.108,35.931,36.059,9257,0
DWAW.US,D,20210625,000000,36.163,36.463,36.163,36.412,5443,0
DWAW.US,D,20210628,000000,36.207,36.207,36,36.069,93866,0
DWAW.US,D,20210629,000000,36.167,36.244,35.951,35.972,3957,0
DWAW.US,D,20210630,000000,35.99,36.143,35.99,36.143,13123,0
DWAW.US,D,20210701,000000,36.207,36.466,36.207,36.381,17058,0
DWAW.US,D,20210702,000000,36.315,36.409,36.296,36.384,10196,0
DWAW.US,D,20210706,000000,35.744,35.827,35.744,35.816,2744,0
DWAW.US,D,20210707,000000,35.734,35.872,35.734,35.872,3769,0
DWAW.US,D,20210708,000000,35.399,35.399,35.281,35.346,10444,0
DWAW.US,D,20210709,000000,35.97,36.128,35.911,36.098,2605,0
DWAW.US,D,20210712,000000,36.158,36.28,36.158,36.202,12431,0
DWAW.US,D,20210713,000000,35.931,36.01,35.793,35.887,6907,0
DWAW.US,D,20210714,000000,35.911,35.911,35.675,35.695,4990,0
DWAW.US,D,20210715,000000,35.469,35.591,35.469,35.591,6056,0
DWAW.US,D,20210716,000000,35.468,35.468,35.183,35.183,7338,0
DWAW.US,D,20210719,000000,34.364,34.482,34.226,34.368,8564,0
DWAW.US,D,20210720,000000,35.104,35.311,35.083,35.18,32422,0
DWAW.US,D,20210721,000000,35.3,35.714,35.3,35.672,13488,0
DWAW.US,D,20210722,000000,35.41,35.468,35.261,35.364,16835,0
DWAW.US,D,20210723,000000,35.645,35.645,35.369,35.566,14611,0
DWAW.US,D,20210726,000000,35.827,35.827,35.704,35.803,3654,0
DWAW.US,D,20210727,000000,35.473,35.763,35.468,35.729,6138,0
DWAW.US,D,20210728,000000,35.685,35.882,35.655,35.754,33211,0
DWAW.US,D,20210729,000000,35.961,36.199,35.961,36.069,1933,0
DWAW.US,D,20210730,000000,36.02,36.034,35.872,35.872,11409,0
DWAW.US,D,20210802,000000,36.266,36.266,35.847,35.847,11344,0
DWAW.US,D,20210803,000000,35.634,36.232,35.576,36.223,3808,0
DWAW.US,D,20210804,000000,35.872,35.954,35.702,35.702,28134,0
DWAW.US,D,20210805,000000,35.823,35.921,35.793,35.854,31971,0
DWAW.US,D,20210806,000000,35.979,35.98,35.877,35.942,5928,0
DWAW.US,D,20210809,000000,35.931,36.039,35.911,35.911,56587,0
DWAW.US,D,20210810,000000,36.01,36.039,35.803,35.836,8259,0
DWAW.US,D,20210811,000000,35.901,35.911,35.842,35.904,6317,0
DWAW.US,D,20210812,000000,35.901,36,35.882,36,1848,0
DWAW.US,D,20210813,000000,36.03,36.069,35.99,36.031,6771,0
DWAW.US,D,20210816,000000,35.783,36.03,35.754,36.03,10400,0
DWAW.US,D,20210817,000000,35.749,35.842,35.536,35.699,208428,0
DWAW.US,D,20210818,000000,35.763,35.793,35.31,35.371,12975,0
DWAW.US,D,20210819,000000,35.024,35.478,35.024,35.44,4740,0
DWAW.US,D,20210820,000000,35.675,35.793,35.616,35.793,8260,0
DWAW.US,D,20210823,000000,36.079,36.315,36.039,36.168,24521,0
DWAW.US,D,20210824,000000,36.227,36.345,36.217,36.296,7239,0
DWAW.US,D,20210825,000000,36.374,36.542,36.374,36.453,22879,0
DWAW.US,D,20210826,000000,36.414,36.483,36.271,36.271,15400,0
DWAW.US,D,20210827,000000,36.621,36.671,36.621,36.637,3467,0
DWAW.US,D,20210830,000000,36.867,36.916,36.83,36.83,3535,0
DWAW.US,D,20210831,000000,36.7,36.778,36.67,36.778,11065,0
DWAW.US,D,20210901,000000,36.759,36.926,36.759,36.926,1411,0
DWAW.US,D,20210902,000000,36.971,37.054,36.898,36.999,4422,0
DWAW.US,D,20210903,000000,37.064,37.123,36.966,37.029,6230,0
DWAW.US,D,20210907,000000,37.035,37.035,36.691,36.774,7038,0
DWAW.US,D,20210908,000000,36.769,36.769,36.69,36.695,3268,0
DWAW.US,D,20210909,000000,36.798,36.838,36.572,36.586,6580,0
DWAW.US,D,20210910,000000,36.69,36.709,36.398,36.398,3222,0
DWAW.US,D,20210913,000000,36.355,36.355,36.108,36.246,3844,0
DWAW.US,D,20210914,000000,36.307,36.307,36.124,36.124,5534,0
DWAW.US,D,20210915,000000,36.172,36.453,36.172,36.429,6957,0
DWAW.US,D,20210916,000000,36.374,36.494,36.315,36.494,2257,0
DWAW.US,D,20210917,000000,36.197,36.207,36.049,36.156,3446,0
DWAW.US,D,20210920,000000,35.507,35.52,35.083,35.52,13123,0
DWAW.US,D,20210921,000000,35.614,35.773,35.449,35.684,4732,0
DWAW.US,D,20210922,000000,35.872,36.081,35.862,35.957,3445,0
DWAW.US,D,20210923,000000,36.189,36.739,36.138,36.562,4158,0
DWAW.US,D,20210924,000000,36.276,36.507,36.276,36.507,1541,0
DWAW.US,D,20210927,000000,36.351,36.424,36.351,36.355,2283,0
DWAW.US,D,20210928,000000,36.227,36.227,35.527,35.553,2223,0
DWAW.US,D,20210929,000000,35.576,35.576,35.428,35.472,2527,0
DWAW.US,D,20210930,000000,35.251,35.458,35.075,35.075,6031,0
DWAW.US,D,20211001,000000,35.074,35.458,35.074,35.375,1147,0
DWAW.US,D,20211004,000000,34.719,34.811,34.689,34.811,1782,0
DWAW.US,D,20211005,000000,35.034,35.379,34.995,35.271,3949,0
DWAW.US,D,20211006,000000,34.975,35.34,34.96,35.34,18089,0
DWAW.US,D,20211007,000000,35.979,35.979,35.631,35.631,3606,0
DWAW.US,D,20211008,000000,35.655,35.655,35.488,35.542,3276,0
DWAW.US,D,20211011,000000,35.655,35.655,35.261,35.261,4437,0
DWAW.US,D,20211012,000000,35.379,35.474,35.162,35.241,6600,0
DWAW.US,D,20211013,000000,35.438,35.438,35.375,35.381,1249,0
DWAW.US,D,20211014,000000,35.931,36.034,35.931,36.012,1905,0
DWAW.US,D,20211015,000000,36.34,36.365,36.177,36.182,12424,0
DWAW.US,D,20211018,000000,36.296,36.462,36.296,36.404,6840,0
DWAW.US,D,20211019,000000,36.553,36.828,36.553,36.65,6501,0
DWAW.US,D,20211020,000000,36.759,36.932,36.759,36.823,7124,0
DWAW.US,D,20211021,000000,36.919,37.065,36.897,37.065,5266,0
DWAW.US,D,20211022,000000,37.271,37.271,37.156,37.176,1903,0
DWAW.US,D,20211025,000000,37.314,37.556,37.314,37.449,5053,0
DWAW.US,D,20211026,000000,37.559,37.559,37.331,37.331,3368,0
DWAW.US,D,20211027,000000,37.468,37.527,37.089,37.089,9060,0
DWAW.US,D,20211028,000000,37.242,37.55,37.242,37.55,2966,0
DWAW.US,D,20211029,000000,37.192,37.843,37.192,37.675,20804,0
DWAW.US,D,20211101,000000,37.882,37.998,37.813,37.998,5368,0
DWAW.US,D,20211102,000000,38.03,38.089,37.991,38.089,3403,0
DWAW.US,D,20211103,000000,37.961,38.247,37.864,38.219,20228,0
DWAW.US,D,20211104,000000,38.444,38.474,38.355,38.467,8310,0
DWAW.US,D,20211105,000000,38.552,38.657,38.326,38.456,47931,0
DWAW.US,D,20211108,000000,38.558,38.71,38.558,38.621,4073,0
DWAW.US,D,20211109,000000,38.582,38.582,38.217,38.301,3130,0
DWAW.US,D,20211110,000000,37.831,37.831,37.636,37.725,1325,0
DWAW.US,D,20211111,000000,37.912,37.931,37.912,37.931,1716,0
DWAW.US,D,20211112,000000,38.069,38.424,38.069,38.424,15244,0
DWAW.US,D,20211115,000000,38.454,38.454,38.276,38.342,3199,0
DWAW.US,D,20211116,000000,38.695,38.72,38.695,38.71,1271,0
DWAW.US,D,20211117,000000,38.671,38.671,38.611,38.611,2490,0
DWAW.US,D,20211118,000000,38.671,38.976,38.671,38.759,6053,0
DWAW.US,D,20211119,000000,39.075,39.183,39.075,39.135,4571,0
DWAW.US,D,20211122,000000,39.41,39.469,38.587,38.587,25960,0
DWAW.US,D,20211123,000000,37.951,38.258,37.833,38.258,786,0
DWAW.US,D,20211124,000000,38.168,38.414,38.168,38.414,4058,0
DWAW.US,D,20211126,000000,37.872,37.872,37.665,37.665,2224,0
DWAW.US,D,20211129,000000,38.213,38.621,38.03,38.523,3217,0
DWAW.US,D,20211130,000000,38.493,38.493,37.8,37.8,12257,0
DWAW.US,D,20211201,000000,38.188,38.188,37.082,37.082,15651,0
DWAW.US,D,20211202,000000,37.143,37.508,37.084,37.378,3814,0
DWAW.US,D,20211203,000000,36.907,36.907,36.301,36.681,11342,0
DWAW.US,D,20211206,000000,36.631,36.857,36.463,36.798,2631,0
DWAW.US,D,20211207,000000,37.62,38.022,37.62,37.997,11261,0
DWAW.US,D,20211208,000000,38.178,38.286,37.882,38.265,10784,0
DWAW.US,D,20211209,000000,38.296,38.296,37.589,37.589,2868,0
DWAW.US,D,20211210,000000,37.803,37.803,37.636,37.744,3334,0
DWAW.US,D,20211213,000000,37.577,37.577,37.332,37.332,2842,0
DWAW.US,D,20211214,000000,36.916,36.916,36.424,36.835,1127,0
DWAW.US,D,20211215,000000,36.69,37.626,36.493,37.626,3685,0
DWAW.US,D,20211216,000000,37.449,37.449,36.66,36.739,2774,0
DWAW.US,D,20211217,000000,36.788,36.851,36.663,36.663,4354,0
DWAW.US,D,20211220,000000,36.108,36.108,35.803,36.049,4072,0
DWAW.US,D,20211221,000000,36.299,36.947,36.299,36.947,5897,0
DWAW.US,D,20211222,000000,37.192,37.354,37.074,37.354,3260,0
DWAW.US,D,20211223,000000,37.57,37.714,37.57,37.62,1686,0
DWAW.US,D,20211227,000000,37.7,38.305,37.7,38.2826,11816,0
DWAW.US,D,20211228,000000,38.03,38.1,38.022,38.05,6399,0
DWAW.US,D,20211229,000000,38.27,38.32,37.97,38.1377,36933,0
DWAW.US,D,20211230,000000,38.28,38.28,37.89,37.9167,4040,0
DWAW.US,D,20220103,000000,37.89,37.89,37.69,37.8061,14989,0
DWAW.US,D,20220104,000000,37.64,37.64,37.23,37.4842,4774,0
DWAW.US,D,20220105,000000,37.21,37.25,36.294,36.3,4062,0
DWAW.US,D,20220106,000000,36.26,36.47,36.15,36.2319,5135,0
DWAW.US,D,20220107,000000,36.12,36.12,35.801,35.8766,3946,0
DWAW.US,D,20220110,000000,34.98,35.8338,34.95,35.8338,2913,0
DWAW.US,D,20220111,000000,35.78,36.3,35.765,36.2818,7558,0
DWAW.US,D,20220112,000000,36.4601,36.4601,36.43,36.448,3850,0
DWAW.US,D,20220113,000000,36.221,36.221,35.44,35.475,10908,0
DWAW.US,D,20220114,000000,35.36,35.6464,35.2547,35.6464,1222,0
DWAW.US,D,20220118,000000,34.83,35.1377,34.6723,34.6723,4405,0
DWAW.US,D,20220119,000000,34.95,34.951,34.1584,34.1584,2998,0
DWAW.US,D,20220120,000000,34.45,34.752,33.58,33.6246,9150,0
DWAW.US,D,20220121,000000,33.0317,33.481,32.56,32.704,421218,0
DWAW.US,D,20220124,000000,32.04,32.8842,30.9,32.8842,162477,0
DWAW.US,D,20220125,000000,32.21,32.33,31.9189,32.1208,7524,0
DWAW.US,D,20220126,000000,32.09,32.09,32.025,32.0494,1720,0
DWAW.US,D,20220127,000000,32.411,32.51,31.54,31.5919,11380,0
DWAW.US,D,20220128,000000,31.62,32.54,31.62,32.54,7549,0
DWAW.US,D,20220131,000000,33.242,33.6293,33.241,33.6293,20774,0
DWAW.US,D,20220201,000000,33.71,33.8519,33.4727,33.8519,21301,0
DWAW.US,D,20220202,000000,34.0905,34.2353,33.91,34.2353,7168,0
DWAW.US,D,20220203,000000,33.44,33.44,33.0054,33.0054,129601,0
DWAW.US,D,20220204,000000,33.1501,33.63,32.85,33.3833,17139,0
DWAW.US,D,20220207,000000,33.4067,33.61,33.35,33.4183,3841,0
DWAW.US,D,20220208,000000,33.7,33.85,33.65,33.8214,85437,0
DWAW.US,D,20220209,000000,34.27,34.28,34.1412,34.2156,1228,0
DWAW.US,D,20220210,000000,34.3001,34.3001,33.7,33.78,10491,0
DWAW.US,D,20220211,000000,33.9,33.9113,33.5097,33.54,1970,0
DWAW.US,D,20220214,000000,32.98,33.1614,32.92,33.1614,22091,0
DWAW.US,D,20220215,000000,33.46,33.6209,33.46,33.6209,1985,0
DWAW.US,D,20220216,000000,33.6,33.78,33.43,33.7161,3085,0
DWAW.US,D,20220217,000000,33.27,33.285,33.13,33.1413,2036,0
DWAW.US,D,20220218,000000,33.01,33.18,33.01,33.05,14946,0
DWAW.US,D,20220222,000000,33.08,33.08,32.56,32.73,17247,0
DWAW.US,D,20220223,000000,32.5188,32.53,32.26,32.26,1480,0
DWAW.US,D,20220224,000000,31.7,31.7,31.53,31.53,1271,0
DWAW.US,D,20220225,000000,32.42,33.33,32.42,33.24,4168,0
DWAW.US,D,20220228,000000,33,33.12,32.74,32.92,9201,0
DWAW.US,D,20220301,000000,33,33,32.2,32.34,9332,0
DWAW.US,D,20220302,000000,32.72,33.261,32.7,33.22,17113,0
DWAW.US,D,20220303,000000,33.281,33.281,33.09,33.14,10480,0
DWAW.US,D,20220304,000000,32.61,33.03,32.61,32.982,14856,0
DWAW.US,D,20220307,000000,32.3,32.3,32.15,32.15,3087,0
DWAW.US,D,20220308,000000,32.38,32.3801,31.95,31.95,13186,0
DWAW.US,D,20220309,000000,32.655,32.69,32.52,32.57,21595,0
DWAW.US,D,20220310,000000,32.28,32.5775,32.215,32.5775,7305,0
DWAW.US,D,20220311,000000,32.77,32.77,32.26,32.26,5082,0
DWAW.US,D,20220314,000000,32.29,32.34,32.21,32.2585,1028,0
DWAW.US,D,20220315,000000,32.33,32.59,32.33,32.59,588,0
DWAW.US,D,20220316,000000,33.0722,33.1412,32.7,33.1412,111598,0
DWAW.US,D,20220317,000000,33.41,33.5685,33.41,33.5685,28383,0
DWAW.US,D,20220318,000000,33.58,33.81,33.56,33.7613,1862,0
DWAW.US,D,20220321,000000,33.74,33.97,33.68,33.7,3942,0
DWAW.US,D,20220322,000000,34.01,34.11,33.94,33.99,9531,0
DWAW.US,D,20220323,000000,33.9092,33.9092,33.67,33.67,7728,0
DWAW.US,D,20220324,000000,33.86,34.0066,33.8,33.98,10582,0
DWAW.US,D,20220325,000000,34.3,34.31,34.14,34.27,11338,0
DWAW.US,D,20220328,000000,34.03,34.2,34.03,34.2,2319,0
DWAW.US,D,20220329,000000,34.64,34.77,34.47,34.753,64812,0
DWAW.US,D,20220330,000000,34.72,34.72,34.48,34.5252,3225,0
DWAW.US,D,20220331,000000,34.35,34.35,34.1007,34.1007,7306,0
DWAW.US,D,20220401,000000,33.93,34.1492,33.89,34.1393,3152,0
DWAW.US,D,20220404,000000,33.9701,34.1,33.9201,34.1,9810,0
DWAW.US,D,20220405,000000,34.06,34.06,33.78,33.78,8178,0
DWAW.US,D,20220406,000000,33.6508,33.7204,33.56,33.67,9286,0
DWAW.US,D,20220407,000000,33.47,33.88,33.39,33.86,17035,0
DWAW.US,D,20220408,000000,33.84,34.08,33.84,34.0508,1596,0
DWAW.US,D,20220411,000000,33.83,33.88,33.71,33.83,10243,0
DWAW.US,D,20220412,000000,34.0808,34.11,33.65,33.74,9384,0
DWAW.US,D,20220413,000000,33.8809,33.8809,33.84,33.84,6877,0
DWAW.US,D,20220414,000000,34.13,34.1313,34,34,7791,0
DWAW.US,D,20220418,000000,33.91,34.05,33.801,33.801,9746,0
DWAW.US,D,20220419,000000,34.05,34.45,34,34.45,14878,0
DWAW.US,D,20220420,000000,34.78,34.806,34.6,34.65,2492,0
DWAW.US,D,20220421,000000,34.91,34.9311,34.17,34.17,3873,0
DWAW.US,D,20220422,000000,33.84,33.87,33.2445,33.2445,4493,0
DWAW.US,D,20220425,000000,32.5001,33.1937,32.5,33.1937,5553,0
DWAW.US,D,20220426,000000,32.71,32.74,32.6,32.6,8136,0
DWAW.US,D,20220427,000000,32.73,32.9,32.54,32.54,3691,0
DWAW.US,D,20220428,000000,32.54,33.15,32.54,33.0567,9511,0
DWAW.US,D,20220429,000000,32.88,32.88,32.04,32.18,17399,0
DWAW.US,D,20220502,000000,32.3586,32.3586,31.66,32.2014,2658,0
DWAW.US,D,20220503,000000,32.66,32.67,32.66,32.67,4598,0
DWAW.US,D,20220504,000000,32.78,33.5544,32.74,33.5544,6517,0
DWAW.US,D,20220505,000000,32.78,32.7812,32.44,32.76,5141,0
DWAW.US,D,20220506,000000,32.5917,32.6114,32.37,32.6114,4379,0
DWAW.US,D,20220509,000000,32.32,32.37,32.13,32.13,9915,0
DWAW.US,D,20220510,000000,31.92,31.92,31.74,31.86,6822,0
DWAW.US,D,20220511,000000,31.88,32.34,31.76,31.83,2693,0
DWAW.US,D,20220512,000000,31.7,31.77,31.311,31.77,47673,0
DWAW.US,D,20220513,000000,32.1493,32.1805,32.03,32.16,4450,0
DWAW.US,D,20220516,000000,32.32,32.32,32.18,32.2257,4619,0
DWAW.US,D,20220517,000000,32.66,32.69,32.47,32.69,5122,0
DWAW.US,D,20220518,000000,31.59,31.59,31.35,31.59,819,0
DWAW.US,D,20220519,000000,31.1,31.4601,31.1,31.4237,3216,0
DWAW.US,D,20220520,000000,31.11,31.34,31.075,31.34,1694,0
DWAW.US,D,20220523,000000,31.6,31.91,31.6,31.91,1928,0
DWAW.US,D,20220524,000000,31.74,32.15,31.48,32.15,4906,0
DWAW.US,D,20220525,000000,32.0409,32.25,32.0409,32.25,5162,0
DWAW.US,D,20220526,000000,32.62,32.64,32.59,32.64,56493,0
DWAW.US,D,20220527,000000,32.9,33.08,32.9,33.08,1287,0
DWAW.US,D,20220531,000000,32.99,33.02,32.85,32.85,9387,0
DWAW.US,D,20220601,000000,32.69,32.7,32.36,32.6215,19676,0
DWAW.US,D,20220602,000000,32.18,32.7884,32.18,32.7884,4605,0
DWAW.US,D,20220603,000000,32.52,32.5624,32.51,32.53,2454,0
DWAW.US,D,20220606,000000,32.65,32.65,32.5,32.57,3766,0
DWAW.US,D,20220607,000000,32.43,32.96,32.43,32.96,3880,0
DWAW.US,D,20220608,000000,32.6794,32.74,32.4549,32.4549,15082,0
DWAW.US,D,20220609,000000,31.7657,31.7657,31.7657,31.7657,303,0
DWAW.US,D,20220610,000000,31.33,31.35,31.25,31.25,61591,0
DWAW.US,D,20220613,000000,30.63,30.65,30.04,30.14,10446,0
DWAW.US,D,20220614,000000,30.28,30.28,29.68,29.88,20313,0
DWAW.US,D,20220615,000000,30.26,30.26,29.95,30.0109,7869,0
DWAW.US,D,20220616,000000,29.31,29.314,29.12,29.26,85173,0
DWAW.US,D,20220617,000000,29.08,29.35,29.08,29.2,8484,0
DWAW.US,D,20220621,000000,29.53,29.84,29.53,29.73,9843,0
DWAW.US,D,20220622,000000,29.54,29.97,29.54,29.79,13184,0
DWAW.US,D,20220623,000000,29.7301,29.86,29.72,29.8582,4071,0
DWAW.US,D,20220624,000000,30.63,30.69,30.5607,30.6759,1792,0
DWAW.US,D,20220627,000000,30.78,30.86,30.77,30.86,5409,0
DWAW.US,D,20220628,000000,31.1201,31.16,30.51,30.51,2217,0
DWAW.US,D,20220629,000000,30.4708,30.4892,30.355,30.47,3844,0
DWAW.US,D,20220630,000000,30.3,30.36,30.24,30.2687,17519,0
DWAW.US,D,20220701,000000,30.37,30.87,30.34,30.87,1838,0
DWAW.US,D,20220705,000000,30.06,30.25,29.91,30.25,8657,0
DWAW.US,D,20220706,000000,30.38,30.53,30.07,30.3934,29566,0
DWAW.US,D,20220707,000000,30.65,30.66,30.5947,30.5947,678,0
DWAW.US,D,20220708,000000,30.62,30.67,30.45,30.54,3022,0
DWAW.US,D,20220711,000000,30.38,30.38,30.38,30.38,160,0
DWAW.US,D,20220712,000000,30.5207,30.56,30.29,30.29,728,0
DWAW.US,D,20220713,000000,30.2,30.29,30.04,30.14,4842,0
DWAW.US,D,20220714,000000,29.5392,29.73,29.5392,29.7,4139,0
DWAW.US,D,20220715,000000,29.9793,30.23,29.9793,30.23,9798,0
DWAW.US,D,20220718,000000,30.27,30.27,29.91,29.91,5503,0
DWAW.US,D,20220719,000000,30.18,30.53,30.18,30.53,426,0
DWAW.US,D,20220720,000000,30.5904,30.5904,30.45,30.4747,6666,0
DWAW.US,D,20220721,000000,30.29,30.45,30.29,30.45,1374,0
DWAW.US,D,20220722,000000,30.57,30.57,30.46,30.4992,1798,0
DWAW.US,D,20220725,000000,30.9,30.91,30.75,30.7959,4423,0
DWAW.US,D,20220726,000000,30.74,30.745,30.74,30.745,635,0
DWAW.US,D,20220727,000000,30.69,31.073,30.63,30.95,2751,0
DWAW.US,D,20220728,000000,30.9,31.41,30.88,31.41,7372,0
DWAW.US,D,20220729,000000,31.52,31.63,31.485,31.57,4377,0
DWAW.US,D,20220801,000000,31.499,31.5944,31.445,31.5944,26978,0
DWAW.US,D,20220802,000000,31.42,31.67,31.3,31.3,242330,0
DWAW.US,D,20220803,000000,31.41,31.52,31.36,31.4858,16663,0
DWAW.US,D,20220804,000000,31.35,31.415,31.21,31.21,7042,0
DWAW.US,D,20220805,000000,31.17,31.35,31.17,31.35,4029,0
DWAW.US,D,20220808,000000,31.62,31.6561,31.44,31.44,4126,0
DWAW.US,D,20220809,000000,31.52,31.52,31.4,31.49,3678,0
DWAW.US,D,20220810,000000,31.98,31.98,31.98,31.98,110,0
DWAW.US,D,20220811,000000,32.4921,32.5,32.23,32.2753,4957,0
DWAW.US,D,20220812,000000,32.55,32.84,32.55,32.84,12025,0
DWAW.US,D,20220815,000000,32.76,32.76,32.73,32.73,155,0
DWAW.US,D,20220816,000000,32.77,33.01,32.77,32.9278,3780,0
DWAW.US,D,20220817,000000,32.7,32.83,32.545,32.6973,1408,0
DWAW.US,D,20220818,000000,32.65,32.9,32.6,32.89,36532,0
DWAW.US,D,20220819,000000,32.61,32.61,32.35,32.37,3460,0
DWAW.US,D,20220822,000000,31.99,31.99,31.77,31.83,5051,0
DWAW.US,D,20220823,000000,31.88,32.02,31.8543,31.8543,3236,0
DWAW.US,D,20220824,000000,31.85,32.01,31.84,31.9777,6688,0
DWAW.US,D,20220825,000000,32.14,32.4172,32.14,32.4172,1994,0
DWAW.US,D,20220826,000000,31.55,31.55,31.55,31.55,101,0
DWAW.US,D,20220829,000000,31.43,31.5129,31.32,31.32,1696,0
DWAW.US,D,20220830,000000,31.015,31.09,30.85,31.04,3934,0
DWAW.US,D,20220831,000000,30.88,30.96,30.73,30.73,5151,0
DWAW.US,D,20220901,000000,30.48,30.74,30.48,30.74,2350,0
DWAW.US,D,20220902,000000,30.66,30.66,30.66,30.66,61,0
DWAW.US,D,20220906,000000,30.33,30.5,30.33,30.5,3456,0
DWAW.US,D,20220907,000000,30.7209,31.09,30.7209,31.01,4419,0
DWAW.US,D,20220908,000000,31.22,31.2751,31.15,31.2751,2601,0
DWAW.US,D,20220909,000000,31.7891,31.83,31.7143,31.83,1557,0
DWAW.US,D,20220912,000000,31.85,31.99,31.85,31.94,23722,0
DWAW.US,D,20220913,000000,31.42,31.42,30.76,30.88,2659,0
DWAW.US,D,20220914,000000,30.78,30.81,30.61,30.7,1193,0
DWAW.US,D,20220915,000000,30.72,30.78,30.56,30.5906,40603,0
DWAW.US,D,20220916,000000,30.22,30.31,30.02,30.2743,4015,0
DWAW.US,D,20220919,000000,30.01,30.49,30.01,30.49,625,0
DWAW.US,D,20220920,000000,30.08,30.1075,29.96,30.0663,4180,0
DWAW.US,D,20220921,000000,30.3,30.3,29.6073,29.6073,1225,0
DWAW.US,D,20220922,000000,29.31,29.31,29.2492,29.2492,1451,0
DWAW.US,D,20220923,000000,28.91,28.91,28.33,28.54,3236,0
DWAW.US,D,20220926,000000,28.5635,28.5635,28.09,28.09,1035,0
DWAW.US,D,20220927,000000,28.39,28.4207,27.88,28.09,2420,0
DWAW.US,D,20220928,000000,28.65,28.8,28.6,28.75,4841,0
DWAW.US,D,20220929,000000,28.1,28.22,28.0865,28.217,4931,0
DWAW.US,D,20220930,000000,28.1935,28.1935,28.01,28.01,3232,0
DWAW.US,D,20221003,000000,28.59,28.79,28.55,28.741,52578,0
DWAW.US,D,20221004,000000,29.32,29.81,29.32,29.81,1988,0
DWAW.US,D,20221005,000000,29.35,29.63,29.2508,29.6,6157,0
DWAW.US,D,20221006,000000,29.47,29.47,29.28,29.32,5463,0
DWAW.US,D,20221007,000000,28.67,28.67,28.62,28.62,418,0
DWAW.US,D,20221010,000000,28.85,28.85,28.425,28.59,1584,0
DWAW.US,D,20221011,000000,28.422,28.7308,28.422,28.44,3303,0
DWAW.US,D,20221012,000000,28.41,28.45,28.3526,28.3526,1846,0
DWAW.US,D,20221013,000000,27.81,29.1235,27.81,29.1,2057,0
DWAW.US,D,20221014,000000,29.37,29.37,28.5,28.5,296,0
DWAW.US,D,20221017,000000,29.12,29.13,29.019,29.019,368,0
DWAW.US,D,20221018,000000,29.46,29.46,29.4445,29.4445,433,0
DWAW.US,D,20221019,000000,29.2262,29.2262,29.2262,29.2262,53,0
DWAW.US,D,20221020,000000,28.82,28.92,28.82,28.92,2842,0
DWAW.US,D,20221021,000000,29.16,29.5679,29.12,29.5679,1268,0
DWAW.US,D,20221024,000000,29.8635,29.92,29.8635,29.9075,4025,0
DWAW.US,D,20221025,000000,30.094,30.34,30.0609,30.3324,6330,0
DWAW.US,D,20221026,000000,30.51,30.51,30.51,30.51,2280,0
DWAW.US,D,20221027,000000,30.735,30.735,30.49,30.5287,8052,0
DWAW.US,D,20221028,000000,30.9065,31.1601,30.87,31.1601,1306,0
DWAW.US,D,20221031,000000,31,31.0705,31,31.0705,1458,0
DWAW.US,D,20221101,000000,31.35,31.35,31.1,31.2128,2679,0
DWAW.US,D,20221102,000000,31.09,31.09,30.5643,30.5643,1253,0
DWAW.US,D,20221103,000000,30.2901,30.52,30.2901,30.3278,98846,0
DWAW.US,D,20221104,000000,30.91,30.91,30.525,30.7446,17025,0
DWAW.US,D,20221107,000000,30.7409,31.045,30.7409,31.045,1436,0
DWAW.US,D,20221108,000000,31.33,31.3423,31.08,31.1494,5957,0
DWAW.US,D,20221109,000000,30.741,30.7992,30.5835,30.5835,27533,0
DWAW.US,D,20221110,000000,31.75,31.9434,31.75,31.9434,2839,0
DWAW.US,D,20221111,000000,31.9,32.1785,31.9,32.1785,857,0
DWAW.US,D,20221114,000000,32.3,32.3001,31.8696,31.8696,638,0
DWAW.US,D,20221115,000000,32.22,32.22,31.9,32.0804,509,0
DWAW.US,D,20221116,000000,31.7936,31.7936,31.7936,31.7936,19,0
DWAW.US,D,20221117,000000,31.46,31.6634,31.46,31.6634,1401,0
DWAW.US,D,20221118,000000,31.86,31.9184,31.75,31.9184,3532,0
DWAW.US,D,20221121,000000,31.92,31.96,31.9,31.9407,5718,0
DWAW.US,D,20221122,000000,32.2501,32.4313,32.2501,32.4313,269,0
DWAW.US,D,20221123,000000,32.4519,32.5092,32.44,32.44,3671,0
DWAW.US,D,20221125,000000,32.6774,32.6774,32.6258,32.6258,843,0
DWAW.US,D,20221128,000000,32.37,32.37,32.0776,32.0776,1348,0
DWAW.US,D,20221129,000000,32.31,32.31,32.15,32.2628,3248,0
DWAW.US,D,20221130,000000,31.99,32.86,31.99,32.8352,6651,0
DWAW.US,D,20221201,000000,32.85,32.85,32.78,32.8203,826,0
DWAW.US,D,20221202,000000,32.7754,32.7754,32.7754,32.7754,139,0
DWAW.US,D,20221205,000000,32.35,32.35,32.125,32.125,982,0
DWAW.US,D,20221206,000000,32.06,32.06,31.8302,31.8302,135,0
DWAW.US,D,20221207,000000,31.95,32.01,31.815,31.815,3203,0
DWAW.US,D,20221208,000000,31.84,31.8871,31.84,31.8871,2007,0
DWAW.US,D,20221209,000000,31.92,31.94,31.6531,31.6531,43715,0
DWAW.US,D,20221212,000000,31.861,32.1409,31.86,32.1409,1163,0
DWAW.US,D,20221213,000000,32.18,32.2658,32.18,32.2658,498,0
DWAW.US,D,20221214,000000,32.35,32.55,31.9935,32.0947,22659,0
DWAW.US,D,20221215,000000,31.5,31.66,31.42,31.4789,80725,0
DWAW.US,D,20221216,000000,31.26,31.26,30.95,31.2058,35119,0
DWAW.US,D,20221219,000000,30.8,30.8106,30.8,30.8106,4771,0
DWAW.US,D,20221220,000000,30.7749,30.88,30.7749,30.8517,430,0
DWAW.US,D,20221221,000000,31.27,31.29,31.18,31.1988,24887,0
DWAW.US,D,20221222,000000,30.52,30.8925,30.52,30.8925,1236,0
DWAW.US,D,20221223,000000,30.7328,30.9998,30.7328,30.9998,6117,0
DWAW.US,D,20221227,000000,31.03,31.0999,30.93,31.025,1885,0
DWAW.US,D,20221228,000000,31.1,31.1025,30.535,30.535,17948,0
DWAW.US,D,20221229,000000,31.14,31.18,31.1,31.1496,3030,0
DWAW.US,D,20221230,000000,30.99,31,30.8,31,4261,0
DWAW.US,D,20230103,000000,30.9599,31.11,30.8401,31.11,4971,0
DWAW.US,D,20230104,000000,31.65,31.7314,31.65,31.7314,181,0
DWAW.US,D,20230105,000000,31.39,31.6128,31.36,31.6128,2488,0
DWAW.US,D,20230106,000000,32,32.36,31.9949,32.36,7640,0
DWAW.US,D,20230109,000000,32.3489,32.3489,32.3489,32.3489,2,0
DWAW.US,D,20230110,000000,32.376,32.65,32.376,32.65,348,0
DWAW.US,D,20230111,000000,32.89,32.9536,32.89,32.9536,403,0
DWAW.US,D,20230112,000000,32.96,33.21,32.95,33.1609,2659,0
DWAW.US,D,20230113,000000,33.05,33.1647,33.05,33.1647,273,0
DWAW.US,D,20230117,000000,33.16,33.16,32.971,33.02,3486,0
DWAW.US,D,20230118,000000,32.49,32.5142,32.49,32.5142,812,0
DWAW.US,D,20230119,000000,32.1,32.2,32.1,32.16,210,0
DWAW.US,D,20230120,000000,32.6202,32.7773,32.6202,32.7773,127,0
DWAW.US,D,20230123,000000,32.75,33.27,32.75,33.235,15574,0
DWAW.US,D,20230124,000000,33.22,33.22,33.051,33.0998,775,0
DWAW.US,D,20230125,000000,32.86,33.3005,32.83,33.3005,2283,0
DWAW.US,D,20230126,000000,33.37,33.57,33.32,33.54,9580,0
DWAW.US,D,20230127,000000,33.61,33.92,33.505,33.77,28061,0
DWAW.US,D,20230130,000000,33.51,33.56,33.34,33.34,20754,0
DWAW.US,D,20230131,000000,33.52,33.99,33.482,33.9472,2206,0
DWAW.US,D,20230201,000000,33.8301,34.39,33.65,34.27,15880,0
DWAW.US,D,20230202,000000,34.6,34.7712,34.6,34.7712,102,0
DWAW.US,D,20230203,000000,34.6,34.67,34.3,34.3222,4441,0
DWAW.US,D,20230206,000000,33.8601,33.96,33.8601,33.9126,2872,0
DWAW.US,D,20230207,000000,33.7682,34.177,33.7682,34.177,2040,0
DWAW.US,D,20230208,000000,33.6601,33.6953,33.66,33.6953,1017,0
DWAW.US,D,20230209,000000,33.3702,33.3702,33.3702,33.3702,1,0
DWAW.US,D,20230210,000000,33.2534,33.53,33.2534,33.4899,3704,0
DWAW.US,D,20230213,000000,33.74,33.9045,33.74,33.9045,550,0
DWAW.US,D,20230214,000000,33.7,33.97,33.7,33.9191,3105,0
DWAW.US,D,20230215,000000,33.7,34.0793,33.7,34.0793,4806,0
DWAW.US,D,20230216,000000,33.82,33.9699,33.46,33.6593,9608,0
DWAW.US,D,20230217,000000,33.3762,33.5908,33.31,33.5908,8077,0
DWAW.US,D,20230221,000000,32.69,32.7149,32.66,32.66,1615,0
DWAW.US,D,20230222,000000,32.7501,32.7501,32.63,32.67,3031,0
DWAW.US,D,20230223,000000,32.92,32.925,32.48,32.87,2273,0
DWAW.US,D,20230224,000000,32.36,32.5169,32.36,32.5169,433,0
DWAW.US,D,20230227,000000,32.58,32.58,32.4747,32.4747,125,0
DWAW.US,D,20230228,000000,32.48,32.48,32.3677,32.3677,3430,0
DWAW.US,D,20230301,000000,32.3099,32.39,32.3099,32.35,1751,0
DWAW.US,D,20230302,000000,32.21,32.48,32.21,32.4142,2626,0
DWAW.US,D,20230303,000000,32.66,32.84,32.66,32.8319,2754,0
DWAW.US,D,20230306,000000,32.62,32.62,32.62,32.62,32,0
DWAW.US,D,20230307,000000,32.35,32.35,32.05,32.05,2937,0
DWAW.US,D,20230308,000000,32.02,32.14,32.02,32.14,263,0
DWAW.US,D,20230309,000000,32.1019,32.15,31.2575,31.2575,5255,0
DWAW.US,D,20230310,000000,30.7116,30.83,30.315,30.4277,6436,0
DWAW.US,D,20230313,000000,30.14,30.14,29.78,29.78,2734,0
DWAW.US,D,20230314,000000,30.3913,30.3913,29.9507,30.1046,1470,0
DWAW.US,D,20230315,000000,29.404,29.5405,29.375,29.5405,11781,0
DWAW.US,D,20230316,000000,29.78,29.97,29.69,29.9328,7983,0
DWAW.US,D,20230317,000000,29.4144,29.4766,29.39,29.4269,401,0
DWAW.US,D,20230320,000000,29.741,29.82,29.72,29.7801,3552,0
DWAW.US,D,20230321,000000,30.28,30.42,30.17,30.3211,22977,0
DWAW.US,D,20230322,000000,30.2799,30.2799,29.6254,29.6254,4361,0
DWAW.US,D,20230323,000000,29.59,29.98,29.27,29.4,49289,0
DWAW.US,D,20230324,000000,29.2167,29.56,29.18,29.56,18624,0
DWAW.US,D,20230327,000000,29.92,30.12,29.84,29.9,2044,0
DWAW.US,D,20230328,000000,29.98,30.09,29.8435,30.01,2631,0
DWAW.US,D,20230329,000000,30.26,30.56,30.26,30.47,903,0
DWAW.US,D,20230330,000000,30.7,30.73,30.61,30.61,601,0
DWAW.US,D,20230331,000000,30.82,31.12,30.803,31.12,2667,0
DWAW.US,D,20230403,000000,31.18,31.19,31.0402,31.13,10754,0
DWAW.US,D,20230404,000000,31.04,31.04,30.62,30.72,5151,0
DWAW.US,D,20230405,000000,30.65,30.7635,30.595,30.7635,5172,0
DWAW.US,D,20230406,000000,30.67,30.92,30.67,30.76,1907,0
DWAW.US,D,20230410,000000,30.55,31,30.55,30.9625,3833,0
DWAW.US,D,20230411,000000,31.21,31.4035,31.21,31.29,1425,0
DWAW.US,D,20230412,000000,31.374,31.374,30.99,30.99,15634,0
DWAW.US,D,20230413,000000,31.02,31.24,30.99,31.19,1101,0
DWAW.US,D,20230414,000000,31.03,31.12,31.02,31.05,1474,0
DWAW.US,D,20230417,000000,31.1101,31.39,31.1101,31.33,3571,0
DWAW.US,D,20230418,000000,31.32,31.45,31.28,31.36,11559,0
DWAW.US,D,20230419,000000,31.17,31.34,31.17,31.28,379,0
DWAW.US,D,20230420,000000,31.176,31.176,31.02,31.02,788,0
DWAW.US,D,20230421,000000,31.03,31.03,30.87,30.98,1186,0
DWAW.US,D,20230424,000000,30.8902,31.045,30.8902,31.045,1798,0
DWAW.US,D,20230425,000000,30.6808,30.6808,30.494,30.494,1804,0
DWAW.US,D,20230426,000000,30.39,30.43,30.18,30.2017,8848,0
DWAW.US,D,20230427,000000,30.32,30.7257,30.32,30.7257,2370,0
DWAW.US,D,20230428,000000,30.84,31.202,30.84,31.202,5919,0
DWAW.US,D,20230501,000000,31.04,31.0741,31.04,31.0741,2023,0
DWAW.US,D,20230502,000000,30.4,30.63,30.4,30.6035,3676,0
DWAW.US,D,20230503,000000,30.77,30.82,30.395,30.395,4887,0
DWAW.US,D,20230504,000000,29.975,29.975,29.8,29.8391,1946,0
DWAW.US,D,20230505,000000,29.96,30.23,29.96,30.2065,12003,0
DWAW.US,D,20230508,000000,30.15,30.2699,30.15,30.253,7360,0
DWAW.US,D,20230509,000000,30.01,30.1041,30,30.1041,6260,0
DWAW.US,D,20230510,000000,30.19,30.19,30.0507,30.175,5293,0
DWAW.US,D,20230511,000000,29.96,30.1,29.96,30.07,2856,0
DWAW.US,D,20230512,000000,30.14,30.14,29.97,29.995,968,0
DWAW.US,D,20230515,000000,30.1,30.285,30.1,30.285,1023,0
DWAW.US,D,20230516,000000,30.135,30.135,30.03,30.03,1177,0
DWAW.US,D,20230517,000000,30.04,30.255,30.04,30.255,1476,0
DWAW.US,D,20230518,000000,30.34,30.4763,30.34,30.4763,678,0
DWAW.US,D,20230519,000000,30.5,30.55,30.5,30.5,725,0
DWAW.US,D,20230522,000000,30.5649,30.605,30.5649,30.605,1403,0
DWAW.US,D,20230523,000000,30.44,30.44,30.185,30.185,372,0
DWAW.US,D,20230524,000000,29.8,29.82,29.8,29.82,1604,0
DWAW.US,D,20230525,000000,29.78,29.89,29.78,29.89,619,0
DWAW.US,D,20230526,000000,30.404,30.41,30.3503,30.41,1552,0
DWAW.US,D,20230530,000000,30.2,30.2859,30.19,30.2859,1265,0
DWAW.US,D,20230531,000000,29.91,30.0606,29.88,30.0606,1408,0
DWAW.US,D,20230601,000000,30.158,30.395,30.158,30.395,573,0
DWAW.US,D,20230602,000000,30.76,30.76,30.755,30.755,32391,0
DWAW.US,D,20230605,000000,30.71,30.71,30.685,30.685,7119,0
DWAW.US,D,20230606,000000,30.77,30.88,30.745,30.841,10702,0
DWAW.US,D,20230607,000000,30.86,30.87,30.5,30.51,9490,0
DWAW.US,D,20230608,000000,30.74,30.8313,30.73,30.8313,3253,0
DWAW.US,D,20230609,000000,30.8768,30.98,30.74,30.7712,3565,0
DWAW.US,D,20230612,000000,31.09,31.1169,31.09,31.1169,103,0
DWAW.US,D,20230613,000000,31.44,31.48,31.3407,31.395,11970,0
DWAW.US,D,20230614,000000,31.5467,31.581,31.265,31.45,4262,0
DWAW.US,D,20230615,000000,31.64,31.8897,31.64,31.8306,2315,0
DWAW.US,D,20230616,000000,31.85,31.888,31.71,31.7481,42870,0
DWAW.US,D,20230620,000000,31.5,31.53,31.32,31.3798,11758,0
DWAW.US,D,20230621,000000,31.24,31.33,31.2368,31.2368,2311,0
DWAW.US,D,20230622,000000,31.0854,31.22,31.0854,31.2111,3810,0
DWAW.US,D,20230623,000000,30.81,30.84,30.81,30.8143,2289,0
DWAW.US,D,20230626,000000,30.82,30.929,30.76,30.7774,2727,0
DWAW.US,D,20230627,000000,30.98,31.22,30.98,31.1904,1484,0
DWAW.US,D,20230628,000000,31.14,31.21,31.14,31.1785,514,0
DWAW.US,D,20230629,000000,31.11,31.18,31.094,31.1575,2462,0
DWAW.US,D,20230630,000000,31.55,31.68,31.55,31.62,2424,0
DWAW.US,D,20230703,000000,31.5202,31.62,31.5202,31.58,611,0
DWAW.US,D,20230705,000000,31.37,31.37,31.32,31.365,5550,0
DWAW.US,D,20230706,000000,30.7207,30.9195,30.7001,30.9195,1003,0
DWAW.US,D,20230707,000000,31.02,31.03,30.98,31.0118,2516,0
DWAW.US,D,20230710,000000,31.15,31.38,31.15,31.365,5219,0
DWAW.US,D,20230711,000000,31.403,31.6434,31.4,31.6434,914,0
DWAW.US,D,20230712,000000,31.86,31.9603,31.86,31.935,3634,0
DWAW.US,D,20230713,000000,32.324,32.385,32.324,32.385,491,0
DWAW.US,D,20230714,000000,32.3,32.3,32.2357,32.2357,640,0
DWAW.US,D,20230717,000000,32.41,32.465,32.3101,32.465,5432,0
DWAW.US,D,20230718,000000,32.47,32.585,32.47,32.585,58285,0
DWAW.US,D,20230719,000000,32.7034,32.7034,32.52,32.59,41179,0
DWAW.US,D,20230720,000000,32.38,32.43,32.3101,32.35,1185,0
DWAW.US,D,20230721,000000,32.384,32.579,32.384,32.4638,21496,0
DWAW.US,D,20230724,000000,32.35,32.35,32.3045,32.3045,444,0
DWAW.US,D,20230725,000000,32.33,32.58,32.33,32.45,17085,0
DWAW.US,D,20230726,000000,32.3108,32.42,32.3108,32.35,3471,0
DWAW.US,D,20230727,000000,32.93,32.94,32.3,32.36,4634,0
DWAW.US,D,20230728,000000,32.69,32.86,32.604,32.675,33487,0
DWAW.US,D,20230731,000000,32.8,32.8,32.76,32.7697,3587,0
DWAW.US,D,20230801,000000,32.4,32.55,32.4,32.53,4659,0
DWAW.US,D,20230802,000000,32.0535,32.0535,31.7899,31.9093,15901,0
DWAW.US,D,20230803,000000,31.73,31.8387,31.61,31.8089,14866,0
DWAW.US,D,20230804,000000,31.7473,31.979,31.55,31.5717,2230,0
DWAW.US,D,20230807,000000,31.72,31.81,31.685,31.81,1192,0
DWAW.US,D,20230808,000000,31.23,31.5244,31.23,31.5244,2002,0
DWAW.US,D,20230809,000000,31.268,31.5,31.1601,31.2415,9219,0
DWAW.US,D,20230810,000000,31.32,31.32,31.26,31.315,9972,0
DWAW.US,D,20230811,000000,31.01,31.135,31.01,31.0924,3061,0
DWAW.US,D,20230814,000000,31.35,31.3679,31.25,31.3679,5213,0
DWAW.US,D,20230815,000000,31.16,31.2109,31.0578,31.0578,5758,0
DWAW.US,D,20230816,000000,30.7328,30.7328,30.7328,30.7328,207,0
DWAW.US,D,20230817,000000,30.43,30.44,30.3757,30.3757,1091,0
DWAW.US,D,20230818,000000,30.24,30.3838,30.24,30.3838,990,0
DWAW.US,D,20230821,000000,30.56,30.785,30.55,30.785,4351,0
DWAW.US,D,20230822,000000,30.77,30.89,30.68,30.68,6405,0
DWAW.US,D,20230823,000000,31.07,31.16,31.07,31.12,1269,0
DWAW.US,D,20230824,000000,30.65,30.68,30.465,30.465,1631,0
DWAW.US,D,20230825,000000,30.69,30.69,30.69,30.69,39,0
DWAW.US,D,20230828,000000,30.9535,30.9535,30.79,30.93,4838,0
DWAW.US,D,20230829,000000,31.385,31.5799,31.385,31.56,2795,0
DWAW.US,D,20230830,000000,31.72,31.72,31.72,31.72,1,0
DWAW.US,D,20230831,000000,31.83,31.905,31.8,31.8,3844,0
DWAW.US,D,20230901,000000,31.8021,31.85,31.78,31.78,1016,0
DWAW.US,D,20230905,000000,31.8104,31.87,31.8104,31.83,579,0
DWAW.US,D,20230906,000000,31.49,31.5988,31.49,31.5988,9385,0
DWAW.US,D,20230907,000000,31.2,31.45,31.2,31.4072,3036,0
DWAW.US,D,20230908,000000,31.404,31.404,31.32,31.3874,726,0
DWAW.US,D,20230911,000000,31.52,31.72,31.52,31.68,6625,0
DWAW.US,D,20230912,000000,31.5509,31.5509,31.38,31.38,1514,0
DWAW.US,D,20230913,000000,31.49,31.49,31.4,31.44,4253,0
DWAW.US,D,20230914,000000,31.73,31.73,31.71,31.71,142,0
DWAW.US,D,20230915,000000,31.43,31.4542,31.17,31.17,1699,0
DWAW.US,D,20230918,000000,31.2599,31.2599,31.12,31.18,8159,0
DWAW.US,D,20230919,000000,30.9153,31.16,30.9153,31.115,7952,0
DWAW.US,D,20230920,000000,31.27,31.28,30.73,30.73,4518,0
DWAW.US,D,20230921,000000,30.38,30.3801,30.17,30.17,3052,0
DWAW.US,D,20230922,000000,30.44,30.47,30.2162,30.2162,716,0
DWAW.US,D,20230925,000000,30.3172,30.3172,30.3172,30.3172,10,0
DWAW.US,D,20230926,000000,29.97,29.984,29.87,29.88,3308,0
DWAW.US,D,20230927,000000,30,30.0134,29.9,30.0134,1700,0
DWAW.US,D,20230928,000000,29.9,30.26,29.9,30.26,936,0
DWAW.US,D,20230929,000000,30.3,30.3,30.27,30.27,10653,0
DWAW.US,D,20231002,000000,30.18,30.37,30.18,30.37,1551,0
DWAW.US,D,20231003,000000,29.85,29.85,29.74,29.83,4907,0
DWAW.US,D,20231004,000000,29.98,30.21,29.97,30.21,2618,0
DWAW.US,D,20231005,000000,29.8405,30.09,29.84,30.06,4318,0
DWAW.US,D,20231006,000000,30.61,30.64,30.58,30.58,197026,0
DWAW.US,D,20231009,000000,30.74,30.74,30.7,30.73,2055,0
DWAW.US,D,20231010,000000,30.9602,31.05,30.9602,31.05,916,0
DWAW.US,D,20231011,000000,31.11,31.17,30.82,31.17,35955,0
DWAW.US,D,20231012,000000,31.08,31.08,30.772,30.947,880,0
DWAW.US,D,20231013,000000,30.96,30.96,30.58,30.6,616,0
DWAW.US,D,20231016,000000,30.97,31.08,30.94,30.96,547784,0
DWAW.US,D,20231017,000000,31.06,31.09,30.85,30.96,6084,0
DWAW.US,D,20231018,000000,30.75,30.75,30.42,30.45,5075,0
DWAW.US,D,20231019,000000,30.57,30.57,30.12,30.16,3949,0
DWAW.US,D,20231020,000000,30.02,30.02,29.67,29.67,1783,0
DWAW.US,D,20231023,000000,29.6669,29.92,29.6669,29.7104,4160,0
DWAW.US,D,20231024,000000,29.92,30.0125,29.9099,29.97,2115,0
DWAW.US,D,20231025,000000,29.71,29.71,29.23,29.26,2759,0
DWAW.US,D,20231026,000000,28.75,28.97,28.75,28.8,3878,0
DWAW.US,D,20231027,000000,29.08,29.08,28.78,28.87,30085,0
DWAW.US,D,20231030,000000,29.03,29.03,29.03,29.03,37,0
DWAW.US,D,20231031,000000,29.048,29.22,29.048,29.22,195,0
DWAW.US,D,20231101,000000,29.37,29.7,29.37,29.6586,4267,0
DWAW.US,D,20231102,000000,30.0954,30.25,30.0954,30.22,8093,0
DWAW.US,D,20231103,000000,30.59,30.7488,30.59,30.65,44334,0
DWAW.US,D,20231106,000000,30.67,30.67,30.54,30.65,2984,0
DWAW.US,D,20231107,000000,30.8975,30.9867,30.8975,30.96,5308,0
DWAW.US,D,20231108,000000,30.94,30.94,30.82,30.8544,861,0
DWAW.US,D,20231109,000000,30.9,30.9098,30.63,30.63,4655,0
DWAW.US,D,20231110,000000,30.8,31.2,30.8,31.2,3678,0
DWAW.US,D,20231113,000000,31.08,31.16,31.04,31.16,3682,0
DWAW.US,D,20231114,000000,31.94,31.94,31.93,31.93,907,0
DWAW.US,D,20231115,000000,32.015,32.015,31.99,31.99,2778,0
DWAW.US,D,20231116,000000,31.83,31.9275,31.83,31.91,3423,0
DWAW.US,D,20231117,000000,31.87,31.99,31.87,31.98,2569,0
DWAW.US,D,20231120,000000,32.36,32.36,32.3438,32.3438,7318,0
DWAW.US,D,20231121,000000,32.17,32.19,32.14,32.16,2191,0
DWAW.US,D,20231122,000000,32.26,32.39,32.26,32.29,12590,0
DWAW.US,D,20231124,000000,32.27,32.3099,32.27,32.28,706,0
DWAW.US,D,20231127,000000,32.3799,32.3799,32.2512,32.2512,214,0
DWAW.US,D,20231128,000000,32.16,32.3406,32.16,32.3,1598,0
DWAW.US,D,20231129,000000,32.47,32.62,32.35,32.37,5899,0
DWAW.US,D,20231130,000000,32.14,32.39,32.13,32.39,9923,0
DWAW.US,D,20231201,000000,32.2802,32.55,32.2802,32.55,367,0
DWAW.US,D,20231204,000000,32.23,32.3,32.2071,32.3,16554,0
DWAW.US,D,20231205,000000,32.07,32.2401,32.07,32.24,8474,0
DWAW.US,D,20231206,000000,32.38,32.39,32.12,32.17,4034,0
DWAW.US,D,20231207,000000,32.31,32.56,32.31,32.56,4689,0
DWAW.US,D,20231208,000000,32.51,32.61,32.51,32.61,406,0
DWAW.US,D,20231211,000000,33.04,33.11,33.03,33.11,2478,0
DWAW.US,D,20231212,000000,33.27,33.2873,33.27,33.2873,8602,0
DWAW.US,D,20231213,000000,33.77,33.86,33.77,33.86,1471,0
DWAW.US,D,20231214,000000,33.99,34.0515,33.75,33.96,3350,0
DWAW.US,D,20231215,000000,34.0525,34.0525,33.89,34.02,50932,0
DWAW.US,D,20231218,000000,34.15,34.18,34.12,34.12,7429,0
DWAW.US,D,20231219,000000,34.15,34.3402,34.15,34.3402,1141,0
DWAW.US,D,20231220,000000,34.29,34.38,33.78,33.78,588,0
DWAW.US,D,20231221,000000,34.17,34.27,34.0573,34.27,8471,0
DWAW.US,D,20231222,000000,34.32,34.3259,34.3105,34.3259,1982,0
DWAW.US,D,20231226,000000,33.91,34.0499,33.91,34.02,18662,0
DWAW.US,D,20231227,000000,34.03,34.08,33.97,34.08,4330,0
DWAW.US,D,20231228,000000,34.1,34.16,34.07,34.07,39064,0
DWAW.US,D,20231229,000000,33.85,33.8968,33.775,33.8865,16416,0
DWAW.US,D,20240102,000000,33.49,33.5,33.32,33.37,5750,0
DWAW.US,D,20240103,000000,33.13,33.16,32.9983,32.9983,54711,0
DWAW.US,D,20240104,000000,32.83,32.83,32.83,32.83,149,0
DWAW.US,D,20240105,000000,32.99,33.1,32.82,32.876,4955,0
DWAW.US,D,20240108,000000,33.246,33.5267,33.246,33.5267,824,0
DWAW.US,D,20240109,000000,33.38,33.61,33.38,33.5488,4563,0
DWAW.US,D,20240110,000000,33.6047,33.76,33.58,33.7172,12504,0
DWAW.US,D,20240111,000000,33.7299,33.78,33.4499,33.7647,3109,0
DWAW.US,D,20240112,000000,33.92,33.92,33.6803,33.7528,1208,0
DWAW.US,D,20240116,000000,33.57,33.68,33.57,33.68,780,0
DWAW.US,D,20240117,000000,33.3957,33.5028,33.255,33.5028,2657,0
DWAW.US,D,20240118,000000,33.7201,33.95,33.63,33.9284,833,0
DWAW.US,D,20240119,000000,34.36,34.52,34.36,34.5116,520,0
DWAW.US,D,20240122,000000,34.67,34.67,34.592,34.65,1821,0
DWAW.US,D,20240123,000000,34.65,34.8,34.5999,34.74,13417,0
DWAW.US,D,20240124,000000,34.99,35.1674,34.88,34.88,2908,0
DWAW.US,D,20240125,000000,34.88,34.96,34.88,34.96,1179,0
DWAW.US,D,20240126,000000,34.85,34.85,34.69,34.69,537,0
DWAW.US,D,20240129,000000,34.69,35.12,34.69,35.12,5051,0
DWAW.US,D,20240130,000000,34.96,34.96,34.83,34.83,742,0
DWAW.US,D,20240131,000000,34.4201,34.5401,34.31,34.31,2144,0
DWAW.US,D,20240201,000000,34.64,34.64,34.64,34.64,13,0
DWAW.US,D,20240202,000000,34.94,35.07,34.94,35.07,5548,0
DWAW.US,D,20240205,000000,34.8603,34.94,34.8602,34.88,2398,0
DWAW.US,D,20240206,000000,34.88,34.9187,34.81,34.9187,1387,0
DWAW.US,D,20240207,000000,35.35,35.42,35.29,35.42,1167,0
DWAW.US,D,20240208,000000,35.555,35.555,35.47,35.4783,487,0
DWAW.US,D,20240209,000000,35.57,35.94,35.57,35.94,5424,0
DWAW.US,D,20240212,000000,36.01,36.01,35.69,35.69,5031,0
DWAW.US,D,20240213,000000,34.97,35.36,34.97,35.2,3577,0
DWAW.US,D,20240214,000000,35.53,35.82,35.53,35.82,4537,0
DWAW.US,D,20240215,000000,35.76,35.8899,35.76,35.83,3046,0
DWAW.US,D,20240216,000000,35.77,35.77,35.54,35.54,2028,0
DWAW.US,D,20240220,000000,35.36,35.36,35.0599,35.13,1098,0
DWAW.US,D,20240221,000000,34.87,34.9199,34.6999,34.91,4168,0
DWAW.US,D,20240222,000000,36.17,36.17,36.1336,36.1336,1743,0
DWAW.US,D,20240223,000000,36.35,36.35,36.05,36.0532,2910,0
DWAW.US,D,20240226,000000,36.07,36.2399,36.06,36.0882,7170,0
DWAW.US,D,20240227,000000,36.07,36.155,36.07,36.1097,1456,0
DWAW.US,D,20240228,000000,36.02,36.02,35.9,35.9,1391,0
DWAW.US,D,20240229,000000,36.3,36.37,36.2,36.37,2117,0
DWAW.US,D,20240301,000000,36.51,37.0202,36.51,37.0202,2116,0
DWAW.US,D,20240304,000000,37.13,37.13,37.13,37.13,316,0
DWAW.US,D,20240305,000000,36.51,36.51,36.39,36.39,486,0
DWAW.US,D,20240306,000000,36.81,36.81,36.76,36.76,226,0
DWAW.US,D,20240307,000000,37.12,37.34,37.12,37.34,369,0
DWAW.US,D,20240308,000000,37.5,37.5,36.6937,36.6937,1286,0
DWAW.US,D,20240311,000000,36.35,36.35,36.33,36.33,348,0
DWAW.US,D,20240312,000000,36.53,37,36.53,37,2637,0
DWAW.US,D,20240313,000000,36.78,36.8,36.73,36.73,3120,0
DWAW.US,D,20240314,000000,36.63,36.63,36.63,36.63,216,0
DWAW.US,D,20240315,000000,36.2114,36.2148,36.12,36.12,3341,0
DWAW.US,D,20240318,000000,36.406,36.4278,36.406,36.4278,479,0
DWAW.US,D,20240319,000000,36.16,36.54,36.16,36.54,205,0
DWAW.US,D,20240320,000000,36.9594,36.9594,36.9594,36.9594,59,0
DWAW.US,D,20240321,000000,37.4506,37.4506,37.32,37.32,3165,0
DWAW.US,D,20240322,000000,37.16,37.31,37.16,37.25,1595,0
DWAW.US,D,20240325,000000,37.31,37.31,37.1959,37.1959,378,0
DWAW.US,D,20240326,000000,37.0604,37.0604,37.0604,37.0604,18,0
DWAW.US,D,20240327,000000,36.91,37.1163,36.91,37.1163,1799,0
DWAW.US,D,20240328,000000,37.13,37.13,37.03,37.03,656,0
DWAW.US,D,20240401,000000,37.07,37.0863,36.89,37.0863,891,0
DWAW.US,D,20240402,000000,36.5555,36.8484,36.5555,36.8484,317,0
DWAW.US,D,20240403,000000,36.98,36.98,36.98,36.98,77,0
DWAW.US,D,20240404,000000,37.36,37.36,36.4032,36.4032,478,0
DWAW.US,D,20240405,000000,36.9647,36.9647,36.9647,36.9647,115,0
DWAW.US,D,20240408,000000,36.9024,36.9024,36.8778,36.8778,194,0
DWAW.US,D,20240409,000000,36.8147,36.8147,36.8147,36.8147,111,0
DWAW.US,D,20240410,000000,36.57,36.6447,36.57,36.6447,818,0
DWAW.US,D,20240411,000000,37.16,37.17,37.12,37.1311,4943,0
DWAW.US,D,20240412,000000,36.7,36.73,36.4576,36.4576,2203,0
DWAW.US,D,20240415,000000,36.4677,36.4677,35.81,35.8664,1413,0
DWAW.US,D,20240416,000000,35.9508,36.07,35.9508,35.9609,1301,0
DWAW.US,D,20240417,000000,35.9999,35.9999,35.5128,35.5128,618,0
DWAW.US,D,20240418,000000,35.3437,35.3437,35.2813,35.2813,169,0
DWAW.US,D,20240419,000000,34.8,34.8,34.69,34.73,1179,0
DWAW.US,D,20240422,000000,34.7679,34.7679,34.7679,34.7679,15,0
DWAW.US,D,20240423,000000,34.92,35.44,34.92,35.4259,3684,0
DWAW.US,D,20240424,000000,35.24,35.4242,35.24,35.4242,330,0
DWAW.US,D,20240425,000000,35.2409,35.2409,35.2409,35.2409,58,0
DWAW.US,D,20240426,000000,35.3,35.72,35.3,35.71,1007,0
DWAW.US,D,20240429,000000,35.82,35.83,35.66,35.765,1034,0
DWAW.US,D,20240430,000000,35.2502,35.2502,35.2502,35.2502,10,0
DWAW.US,D,20240501,000000,35.03,35.03,34.9426,34.9426,2089,0
DWAW.US,D,20240502,000000,35.27,35.2854,35.27,35.2854,4245,0
DWAW.US,D,20240503,000000,35.98,35.99,35.93,35.9478,2170,0
DWAW.US,D,20240506,000000,36.36,36.55,36.285,36.55,2392,0
DWAW.US,D,20240507,000000,36.48,36.67,36.47,36.48,901,0
DWAW.US,D,20240508,000000,36.47,36.53,36.39,36.45,1691,0
DWAW.US,D,20240509,000000,36.5891,36.5891,36.5891,36.5891,82,0
DWAW.US,D,20240510,000000,36.6504,36.6504,36.6504,36.6504,11,0
DWAW.US,D,20240513,000000,36.5364,36.5364,36.5364,36.5364,1,0
DWAW.US,D,20240514,000000,36.8,36.8,36.7985,36.7985,419,0
DWAW.US,D,20240515,000000,37.411,37.483,37.37,37.483,1187,0
DWAW.US,D,20240516,000000,37.39,37.39,37.2729,37.2729,431,0
DWAW.US,D,20240517,000000,37.2111,37.2111,37.2111,37.2111,56,0
DWAW.US,D,20240520,000000,37.43,37.535,37.43,37.4578,1655,0
DWAW.US,D,20240521,000000,37.2,37.54,37.2,37.54,2826,0
DWAW.US,D,20240522,000000,37.4413,37.4413,37.4413,37.4413,12,0
DWAW.US,D,20240523,000000,37.687,37.82,37.4178,37.4178,1103,0
DWAW.US,D,20240524,000000,37.7681,37.7681,37.7681,37.7681,1,0
DWAW.US,D,20240528,000000,37.9004,37.9004,37.9004,37.9004,6,0
DWAW.US,D,20240529,000000,37.76,37.78,37.7045,37.7045,3555,0
DWAW.US,D,20240530,000000,37.08,37.08,37.08,37.08,32,0
DWAW.US,D,20240531,000000,36.99,37.0789,36.83,37.0789,1517,0
DWAW.US,D,20240603,000000,37.09,37.16,37.09,37.16,468,0
DWAW.US,D,20240604,000000,37.2074,37.2074,37.2074,37.2074,197,0
DWAW.US,D,20240605,000000,37.935,37.935,37.935,37.935,152,0
DWAW.US,D,20240606,000000,37.9505,37.9505,37.7701,37.8447,7944,0
DWAW.US,D,20240607,000000,37.83,37.83,37.83,37.83,50,0
DWAW.US,D,20240610,000000,38.02,38.1242,38.02,38.1242,241,0
DWAW.US,D,20240611,000000,37.9501,38.2338,37.9501,38.2338,424,0
DWAW.US,D,20240612,000000,38.88,38.88,38.7784,38.7784,298,0
DWAW.US,D,20240613,000000,38.91,39,38.91,38.95,1125,0
DWAW.US,D,20240614,000000,38.818,38.98,38.818,38.98,130,0
DWAW.US,D,20240617,000000,39.22,39.58,39.22,39.5,7653,0
DWAW.US,D,20240618,000000,39.47,39.69,39.47,39.68,2050,0
DWAW.US,D,20240620,000000,39.7499,39.75,39.3619,39.3619,1004,0
DWAW.US,D,20240621,000000,39.11,39.31,39.11,39.12,1768,0
DWAW.US,D,20240624,000000,39.08,39.08,38.7216,38.7216,603,0
DWAW.US,D,20240625,000000,38.92,39.0891,38.92,39.0891,811,0
DWAW.US,D,20240626,000000,39.1635,39.1635,39.1635,39.1635,175,0
DWAW.US,D,20240627,000000,39.13,39.34,39.13,39.2155,560,0
DWAW.US,D,20240628,000000,39.17,39.17,39.04,39.04,443,0
DWAW.US,D,20240701,000000,39.31,39.31,39.2853,39.2853,284,0
DWAW.US,D,20240702,000000,39.07,39.56,39.07,39.5173,5912,0
DWAW.US,D,20240703,000000,39.9,39.9,39.8692,39.8692,117,0
DWAW.US,D,20240705,000000,39.95,40.14,39.91,40.14,5337,0
DWAW.US,D,20240708,000000,40.2081,40.24,40.2081,40.2081,121,0
DWAW.US,D,20240709,000000,40.27,40.3,40.21,40.22,669,0
DWAW.US,D,20240710,000000,40.3242,40.69,40.3242,40.6454,1566,0
DWAW.US,D,20240711,000000,40.55,40.55,40.02,40.02,2163,0
DWAW.US,D,20240712,000000,40.43,40.49,40.1438,40.1438,2707,0
DWAW.US,D,20240715,000000,40.19,40.38,40.18,40.33,1379,0
DWAW.US,D,20240716,000000,40.44,40.45,40.44,40.45,201,0
DWAW.US,D,20240717,000000,39.4,39.4,39.06,39.06,490,0
DWAW.US,D,20240718,000000,39.44,39.44,38.74,38.86,2525,0
DWAW.US,D,20240719,000000,38.84,38.84,38.5,38.5,815,0
DWAW.US,D,20240722,000000,39.134,39.25,39.13,39.13,2367,0
DWAW.US,D,20240723,000000,39.26,39.27,39.26,39.27,316,0
DWAW.US,D,20240724,000000,38.2311,38.2311,37.79,37.81,1124,0
DWAW.US,D,20240725,000000,37.5,37.57,37.41,37.4168,1892,0
DWAW.US,D,20240726,000000,37.85,37.85,37.85,37.85,66,0
DWAW.US,D,20240729,000000,37.81,37.81,37.81,37.81,303,0
DWAW.US,D,20240730,000000,37.2674,37.2674,37.2674,37.2674,46,0
DWAW.US,D,20240731,000000,38.19,38.325,38.19,38.32,1038,0
DWAW.US,D,20240801,000000,38.55,38.55,37.15,37.51,1280,0
DWAW.US,D,20240802,000000,36.67,36.73,36.16,36.35,9029,0
DWAW.US,D,20240805,000000,35.13,35.4,35.13,35.4,8395,0
DWAW.US,D,20240806,000000,35.46,36.03,35.46,35.59,25270,0
DWAW.US,D,20240807,000000,35.58,35.58,35.32,35.33,872,0
DWAW.US,D,20240808,000000,36.1268,36.14,36.1268,36.14,257,0
DWAW.US,D,20240809,000000,36.3115,36.4,36.3115,36.4,316,0
DWAW.US,D,20240812,000000,36.3101,36.32,36.24,36.32,2448,0
DWAW.US,D,20240813,000000,36.66,36.94,36.66,36.92,5540,0
DWAW.US,D,20240814,000000,37.0599,37.1096,37.0599,37.1096,287,0
DWAW.US,D,20240815,000000,37.71,37.75,37.67,37.67,2602,0
DWAW.US,D,20240816,000000,37.7499,37.7801,37.7499,37.7743,954,0
DWAW.US,D,20240819,000000,37.92,38.19,37.92,38.12,1563,0
DWAW.US,D,20240820,000000,38.04,38.12,38.04,38.12,366,0
DWAW.US,D,20240821,000000,38.14,38.19,38.14,38.19,154,0
DWAW.US,D,20240822,000000,38.02,38.02,37.8484,37.8484,359,0
DWAW.US,D,20240823,000000,38.26,38.29,38.26,38.29,688,0
DWAW.US,D,20240826,000000,38.26,38.26,38.26,38.26,139,0
DWAW.US,D,20240827,000000,38.33,38.33,38.33,38.33,32,0
DWAW.US,D,20240828,000000,38.025,38.0712,37.875,38.0629,546,0
DWAW.US,D,20240829,000000,38.33,38.35,38.0289,38.0289,5386,0
DWAW.US,D,20240830,000000,38.38,38.38,38.38,38.38,22,0
DWAW.US,D,20240903,000000,38.07,38.07,37.54,37.59,2288,0
DWAW.US,D,20240904,000000,37.6,37.6,37.49,37.56,1182,0
DWAW.US,D,20240905,000000,37.385,37.47,37.385,37.47,897,0
DWAW.US,D,20240906,000000,36.76,36.87,36.76,36.799,739,0
DWAW.US,D,20240909,000000,37,37.2136,37,37.2136,910,0
DWAW.US,D,20240910,000000,37.3831,37.3831,37.3831,37.3831,1,0
DWAW.US,D,20240911,000000,37.07,37.74,36.8499,37.73,9445,0
DWAW.US,D,20240912,000000,37.97,38.13,37.97,38.0609,7771,0
DWAW.US,D,20240913,000000,38.23,38.31,38.22,38.2902,1471,0
DWAW.US,D,20240916,000000,38.2499,38.39,38.2499,38.3527,518,0
DWAW.US,D,20240917,000000,38.422,38.422,38.34,38.34,801,0
DWAW.US,D,20240918,000000,38.2694,38.2694,38.2694,38.2694,360,0
DWAW.US,D,20240919,000000,38.91,38.97,38.88,38.88,17170,0
DWAW.US,D,20240920,000000,38.81,38.81,38.8,38.8,495,0
DWAW.US,D,20240923,000000,38.94,38.98,38.94,38.98,1441,0
DWAW.US,D,20240924,000000,39.01,39.01,39.01,39.01,71,0
DWAW.US,D,20240925,000000,39,39,39,39,46,0
DWAW.US,D,20240926,000000,39,39.08,39,39.08,1067,0
DWAW.US,D,20240927,000000,39.17,39.17,39.1,39.1,342,0
DWAW.US,D,20240930,000000,38.99,39.18,38.99,39.18,118,0
DWAW.US,D,20241001,000000,38.75,38.91,38.75,38.91,439,0
DWAW.US,D,20241002,000000,38.86,38.86,38.84,38.84,439,0
DWAW.US,D,20241003,000000,38.86,38.86,38.85,38.85,1568,0
DWAW.US,D,20241004,000000,38.88,39.12,38.85,39.12,7875,0
DWAW.US,D,20241007,000000,38.84,38.84,38.812,38.84,471,0
DWAW.US,D,20241008,000000,39.12,39.12,39.12,39.12,40,0
DWAW.US,D,20241009,000000,39.325,39.47,39.325,39.47,16511,0
DWAW.US,D,20241010,000000,39.3906,39.3906,39.3906,39.3906,90,0
DWAW.US,D,20241011,000000,39.6304,39.6304,39.6304,39.6304,64,0
DWAW.US,D,20241014,000000,39.88,39.88,39.88,39.88,64,0
DWAW.US,D,20241015,000000,39.6097,39.6097,39.6097,39.6097,46,0
DWAW.US,D,20241016,000000,39.64,39.791,39.59,39.791,2546,0
DWAW.US,D,20241017,000000,39.9699,39.9699,39.75,39.75,177,0
DWAW.US,D,20241018,000000,39.9192,39.99,39.91,39.91,5275,0
DWAW.US,D,20241021,000000,39.91,39.91,39.91,39.91,119,0
DWAW.US,D,20241022,000000,39.74,39.8698,39.74,39.8698,907,0
DWAW.US,D,20241023,000000,39.4,39.4769,39.4,39.4769,143,0
DWAW.US,D,20241024,000000,39.53,39.53,39.53,39.53,118,0
DWAW.US,D,20241025,000000,39.5369,39.5369,39.5369,39.5369,1,0
DWAW.US,D,20241028,000000,39.74,39.74,39.6642,39.6642,1635,0
DWAW.US,D,20241029,000000,39.7,39.7,39.7,39.7,62,0
DWAW.US,D,20241030,000000,39.65,39.65,39.65,39.65,17,0
DWAW.US,D,20241031,000000,39.0201,39.04,38.9,38.9152,1212,0
DWAW.US,D,20241104,000000,39,39,39,39,659,0
