<TICKER>,<PER>,<DATE>,<TIME>,<OPEN>,<HIGH>,<LOW>,<CLOSE>,<VOL>,<OPENINT>
DWUS.US,D,20191230,000000,24.911,24.911,24.911,24.911,502,0
DWUS.US,D,20191231,000000,24.941,25.038,24.931,25.038,42662,0
DWUS.US,D,20200102,000000,25.083,25.132,25.083,25.132,163,0
DWUS.US,D,20200103,000000,25.073,25.073,25.045,25.067,958,0
DWUS.US,D,20200106,000000,25.08,25.08,25.08,25.08,282,0
DWUS.US,D,20200107,000000,25.058,25.07,25.058,25.07,100,0
DWUS.US,D,20200109,000000,25.359,25.409,25.359,25.387,3029,0
DWUS.US,D,20200110,000000,25.429,25.429,25.354,25.354,2183,0
DWUS.US,D,20200113,000000,25.439,25.598,25.439,25.588,22936,0
DWUS.US,D,20200114,000000,25.887,25.887,25.498,25.508,9817,0
DWUS.US,D,20200115,000000,25.687,25.817,25.617,25.617,4721,0
DWUS.US,D,20200116,000000,25.737,25.767,25.727,25.727,724,0
DWUS.US,D,20200117,000000,25.906,25.976,25.89,25.976,7573,0
DWUS.US,D,20200121,000000,26.036,26.036,25.996,25.996,884,0
DWUS.US,D,20200123,000000,26.046,26.17,26.035,26.17,565,0
DWUS.US,D,20200124,000000,26.215,26.215,25.976,25.996,3148,0
DWUS.US,D,20200127,000000,25.707,25.777,25.696,25.696,9399,0
DWUS.US,D,20200128,000000,25.991,25.991,25.956,25.956,134,0
DWUS.US,D,20200130,000000,25.896,25.956,25.896,25.956,1279,0
DWUS.US,D,20200131,000000,25.857,25.857,25.796,25.796,3056,0
DWUS.US,D,20200203,000000,26.006,26.066,25.867,26.025,9362,0
DWUS.US,D,20200204,000000,26.405,26.405,26.32,26.32,1085,0
DWUS.US,D,20200205,000000,26.455,26.474,26.455,26.463,693,0
DWUS.US,D,20200206,000000,26.633,26.663,26.633,26.644,5354,0
DWUS.US,D,20200207,000000,26.643,26.643,26.623,26.623,201,0
DWUS.US,D,20200210,000000,26.74,26.789,26.74,26.789,311,0
DWUS.US,D,20200212,000000,26.982,27.022,26.932,27.003,13254,0
DWUS.US,D,20200213,000000,27.181,27.181,27.044,27.044,10925,0
DWUS.US,D,20200214,000000,27.211,27.211,27.176,27.176,100,0
DWUS.US,D,20200218,000000,27.191,27.191,27.151,27.18,5751,0
DWUS.US,D,20200219,000000,27.44,27.45,27.358,27.358,505,0
DWUS.US,D,20200220,000000,27.231,27.231,27.174,27.174,8845,0
DWUS.US,D,20200224,000000,26.215,26.285,25.946,25.946,31430,0
DWUS.US,D,20200225,000000,25.386,25.386,25.254,25.254,307,0
DWUS.US,D,20200227,000000,24.642,24.722,24.126,24.126,4330,0
DWUS.US,D,20200228,000000,23.337,24.015,23.278,23.848,14275,0
DWUS.US,D,20200302,000000,24.184,25.144,24.184,25.144,16497,0
DWUS.US,D,20200303,000000,24.552,24.692,24.552,24.692,3124,0
DWUS.US,D,20200304,000000,24.851,25.575,24.822,25.575,7591,0
DWUS.US,D,20200306,000000,24.343,24.475,23.832,24.475,9739,0
DWUS.US,D,20200309,000000,23.766,23.766,22.941,22.941,14227,0
DWUS.US,D,20200310,000000,23.676,23.932,23.079,23.932,3164,0
DWUS.US,D,20200312,000000,20.869,21.884,20.869,21.884,5712,0
DWUS.US,D,20200313,000000,21.605,22.428,21.257,22.428,29985,0
DWUS.US,D,20200316,000000,21.107,21.107,19.84,19.84,1544,0
DWUS.US,D,20200317,000000,20.271,20.271,20.271,20.271,100,0
DWUS.US,D,20200318,000000,19.415,19.495,19.246,19.495,7218,0
DWUS.US,D,20200319,000000,19.813,19.972,19.813,19.972,502,0
DWUS.US,D,20200320,000000,20.201,20.296,19.307,19.307,32258,0
DWUS.US,D,20200323,000000,18.747,19.352,18.659,19.022,37615,0
DWUS.US,D,20200324,000000,19.674,20.46,19.664,20.46,24413,0
DWUS.US,D,20200325,000000,20.431,20.431,20.431,20.431,296,0
DWUS.US,D,20200326,000000,21.715,22.027,21.715,22.027,6136,0
DWUS.US,D,20200327,000000,21.297,21.875,21.297,21.365,3813,0
DWUS.US,D,20200330,000000,21.878,22.109,21.878,22.109,120825,0
DWUS.US,D,20200331,000000,21.665,21.688,21.665,21.688,201,0
DWUS.US,D,20200401,000000,20.739,20.739,20.68,20.68,3087,0
DWUS.US,D,20200402,000000,20.55,21.093,20.55,21.093,7767,0
DWUS.US,D,20200406,000000,21.436,22.285,21.356,22.285,1954,0
DWUS.US,D,20200409,000000,23.01,23.01,22.721,22.761,2574,0
DWUS.US,D,20200413,000000,22.601,22.979,22.601,22.979,470,0
DWUS.US,D,20200414,000000,23.636,23.87,23.597,23.87,2002,0
DWUS.US,D,20200415,000000,23.497,23.577,23.497,23.571,301,0
DWUS.US,D,20200417,000000,24.145,24.253,24.105,24.253,4392,0
DWUS.US,D,20200420,000000,24.304,24.373,24.055,24.058,17399,0
DWUS.US,D,20200421,000000,23.756,23.756,23.109,23.179,13318,0
DWUS.US,D,20200424,000000,23.856,24.113,23.856,24.113,708,0
DWUS.US,D,20200427,000000,24.343,24.383,24.284,24.368,2511,0
DWUS.US,D,20200429,000000,24.562,24.657,24.552,24.657,1416,0
DWUS.US,D,20200430,000000,24.732,24.732,24.462,24.586,9096,0
DWUS.US,D,20200501,000000,24.105,24.214,23.871,23.871,19061,0
DWUS.US,D,20200504,000000,23.955,24.188,23.945,24.188,4197,0
DWUS.US,D,20200505,000000,24.592,24.592,24.531,24.531,1837,0
DWUS.US,D,20200506,000000,24.791,24.821,24.627,24.627,5257,0
DWUS.US,D,20200507,000000,24.761,24.956,24.761,24.835,1326,0
DWUS.US,D,20200508,000000,25.08,25.138,25.08,25.138,191,0
DWUS.US,D,20200511,000000,25.31,25.558,25.31,25.475,3526,0
DWUS.US,D,20200512,000000,25.448,25.558,25.004,25.004,12147,0
DWUS.US,D,20200513,000000,25.2,25.2,24.423,24.698,78074,0
DWUS.US,D,20200514,000000,24.542,24.901,24.393,24.868,3046,0
DWUS.US,D,20200518,000000,25.572,25.588,25.527,25.527,4314,0
DWUS.US,D,20200519,000000,25.687,25.707,25.438,25.438,13169,0
DWUS.US,D,20200520,000000,25.717,25.799,25.717,25.799,1451,0
DWUS.US,D,20200521,000000,25.568,25.568,25.524,25.524,776,0
DWUS.US,D,20200522,000000,25.598,25.667,25.598,25.614,5726,0
DWUS.US,D,20200526,000000,25.916,25.916,25.496,25.496,1406,0
DWUS.US,D,20200527,000000,25.578,25.697,25.529,25.676,8184,0
DWUS.US,D,20200528,000000,25.857,26.026,25.598,25.598,106686,0
DWUS.US,D,20200529,000000,25.637,26.106,25.578,26.095,10782,0
DWUS.US,D,20200601,000000,26.235,26.235,26.203,26.203,9692,0
DWUS.US,D,20200602,000000,26.166,26.26,26.046,26.26,67476,0
DWUS.US,D,20200603,000000,26.305,26.395,26.215,26.308,26171,0
DWUS.US,D,20200604,000000,26.305,26.365,25.95,26.035,54665,0
DWUS.US,D,20200605,000000,26.455,26.554,26.425,26.468,21975,0
DWUS.US,D,20200608,000000,26.494,26.673,26.435,26.653,48556,0
DWUS.US,D,20200609,000000,26.633,26.902,26.633,26.902,15798,0
DWUS.US,D,20200610,000000,27.131,27.227,27.032,27.227,5968,0
DWUS.US,D,20200611,000000,26.683,26.831,25.827,25.899,5326,0
DWUS.US,D,20200612,000000,26.131,26.131,25.911,26.066,1837,0
DWUS.US,D,20200615,000000,26.425,26.489,26.349,26.349,1591,0
DWUS.US,D,20200616,000000,26.902,26.982,26.484,26.782,13081,0
DWUS.US,D,20200617,000000,26.975,27.002,26.644,26.934,31562,0
DWUS.US,D,20200618,000000,26.882,26.902,26.802,26.852,901,0
DWUS.US,D,20200619,000000,27.171,27.171,26.673,27.083,4099,0
DWUS.US,D,20200622,000000,27.012,27.341,27.012,27.341,201,0
DWUS.US,D,20200623,000000,27.57,27.748,27.36,27.36,33766,0
DWUS.US,D,20200625,000000,27.086,27.202,27.086,27.202,1053,0
DWUS.US,D,20200626,000000,27.101,27.111,26.623,26.639,3310,0
DWUS.US,D,20200629,000000,26.752,26.786,26.752,26.786,960,0
DWUS.US,D,20200630,000000,27.166,27.381,27.166,27.381,201,0
DWUS.US,D,20200701,000000,27.728,27.758,27.728,27.758,13066,0
DWUS.US,D,20200702,000000,28.077,28.087,28.077,28.087,6026,0
DWUS.US,D,20200706,000000,28.595,28.6,28.567,28.567,640,0
DWUS.US,D,20200707,000000,28.605,28.873,28.437,28.437,964,0
DWUS.US,D,20200708,000000,28.834,28.893,28.834,28.893,483,0
DWUS.US,D,20200709,000000,28.893,28.995,28.858,28.995,1006,0
DWUS.US,D,20200710,000000,28.993,29.203,28.993,29.203,2743,0
DWUS.US,D,20200713,000000,29.72,29.72,28.566,28.566,2230,0
DWUS.US,D,20200715,000000,29.072,29.072,28.636,28.814,1412,0
DWUS.US,D,20200716,000000,28.555,28.706,28.416,28.706,3379,0
DWUS.US,D,20200717,000000,28.774,28.845,28.774,28.845,2618,0
DWUS.US,D,20200720,000000,29.222,29.636,29.222,29.636,3876,0
DWUS.US,D,20200721,000000,29.411,29.451,29.29,29.29,14096,0
DWUS.US,D,20200722,000000,29.361,29.481,29.361,29.391,6573,0
DWUS.US,D,20200723,000000,29.351,29.361,28.705,28.716,3955,0
DWUS.US,D,20200724,000000,28.366,28.5,28.364,28.364,2528,0
DWUS.US,D,20200729,000000,28.834,28.913,28.834,28.862,1300,0
DWUS.US,D,20200730,000000,28.923,28.923,28.923,28.923,101,0
DWUS.US,D,20200731,000000,29.162,29.212,29.162,29.212,622,0
DWUS.US,D,20200803,000000,29.74,29.74,29.704,29.704,5236,0
DWUS.US,D,20200805,000000,29.919,29.949,29.901,29.901,1004,0
DWUS.US,D,20200810,000000,29.81,29.81,29.481,29.567,7308,0
DWUS.US,D,20200811,000000,29.232,29.232,29.014,29.014,281,0
DWUS.US,D,20200814,000000,29.89,29.89,29.876,29.876,335,0
DWUS.US,D,20200817,000000,30.327,30.327,30.327,30.327,166,0
DWUS.US,D,20200818,000000,30.551,30.555,30.551,30.555,101,0
DWUS.US,D,20200819,000000,30.536,30.559,30.356,30.356,367,0
DWUS.US,D,20200820,000000,30.755,30.781,30.755,30.781,100,0
DWUS.US,D,20200821,000000,30.905,30.95,30.905,30.95,398,0
DWUS.US,D,20200824,000000,30.895,30.971,30.895,30.971,237,0
DWUS.US,D,20200825,000000,30.935,31.262,30.935,31.262,2227,0
DWUS.US,D,20200826,000000,31.393,31.871,31.393,31.871,231,0
DWUS.US,D,20200827,000000,31.881,31.881,31.767,31.767,1396,0
DWUS.US,D,20200828,000000,31.891,31.93,31.891,31.93,102,0
DWUS.US,D,20200831,000000,32.268,32.389,32.219,32.389,5622,0
DWUS.US,D,20200901,000000,32.687,32.816,32.646,32.75,5278,0
DWUS.US,D,20200902,000000,32.747,33.513,32.747,33.513,16016,0
DWUS.US,D,20200903,000000,32.15,32.16,31.537,31.552,14713,0
DWUS.US,D,20200904,000000,31.631,31.631,30.197,30.935,17665,0
DWUS.US,D,20200908,000000,30.317,30.317,29.501,29.525,7851,0
DWUS.US,D,20200909,000000,30.128,30.596,30.128,30.576,26368,0
DWUS.US,D,20200910,000000,30.337,30.337,29.87,29.87,2012,0
DWUS.US,D,20200914,000000,30.267,30.466,30.247,30.247,4085,0
DWUS.US,D,20200915,000000,30.755,30.759,30.755,30.759,103,0
DWUS.US,D,20200916,000000,30.746,30.785,30.311,30.311,2621,0
DWUS.US,D,20200917,000000,29.73,30.078,29.73,29.82,2324,0
DWUS.US,D,20200918,000000,29.9,29.938,29.421,29.622,1584,0
DWUS.US,D,20200921,000000,29.242,29.693,29.242,29.693,2842,0
DWUS.US,D,20200922,000000,29.988,30.129,29.988,30.129,258,0
DWUS.US,D,20200923,000000,29.968,30.008,29.262,29.262,17957,0
DWUS.US,D,20200924,000000,29.68,29.68,29.38,29.38,1220,0
DWUS.US,D,20200925,000000,29.65,30.108,29.597,30.108,808,0
DWUS.US,D,20200928,000000,30.476,30.496,30.437,30.476,5599,0
DWUS.US,D,20200929,000000,30.606,30.815,30.516,30.815,21341,0
DWUS.US,D,20200930,000000,31.015,31.074,30.755,30.921,14332,0
DWUS.US,D,20201001,000000,31.223,31.313,31.147,31.179,1817,0
DWUS.US,D,20201002,000000,30.427,30.895,30.409,30.409,1289,0
DWUS.US,D,20201005,000000,30.925,31.044,30.88,31.044,1861,0
DWUS.US,D,20201006,000000,31.015,31.158,30.56,30.56,7708,0
DWUS.US,D,20201007,000000,31.005,31.213,31.005,31.116,14390,0
DWUS.US,D,20201009,000000,31.432,31.96,31.413,31.653,23214,0
DWUS.US,D,20201012,000000,32.13,32.537,32.097,32.435,962,0
DWUS.US,D,20201013,000000,32.438,32.467,32.438,32.467,317,0
DWUS.US,D,20201014,000000,32.567,32.567,32.231,32.231,1031,0
DWUS.US,D,20201015,000000,31.861,31.979,31.861,31.979,564,0
DWUS.US,D,20201016,000000,32.308,32.497,31.926,31.926,39872,0
DWUS.US,D,20201019,000000,31.352,31.36,31.352,31.36,293,0
DWUS.US,D,20201020,000000,31.512,31.821,31.277,31.428,12637,0
DWUS.US,D,20201021,000000,31.412,31.452,31.253,31.307,3709,0
DWUS.US,D,20201022,000000,31.342,31.342,31.233,31.266,1211,0
DWUS.US,D,20201023,000000,31.198,31.329,31.198,31.329,3508,0
DWUS.US,D,20201026,000000,31.198,31.198,30.621,30.903,10894,0
DWUS.US,D,20201027,000000,31.123,31.223,31.044,31.084,6063,0
DWUS.US,D,20201028,000000,30.187,30.197,29.956,29.956,1571,0
DWUS.US,D,20201029,000000,30.128,30.397,30.128,30.397,6474,0
DWUS.US,D,20201030,000000,29.571,29.84,29.471,29.592,6678,0
DWUS.US,D,20201102,000000,30.068,30.247,29.753,29.753,2514,0
DWUS.US,D,20201103,000000,30.417,30.417,30.212,30.353,1296,0
DWUS.US,D,20201105,000000,32.348,32.657,32.15,32.431,46554,0
DWUS.US,D,20201106,000000,32.378,32.597,32.368,32.427,11017,0
DWUS.US,D,20201109,000000,32.597,32.647,31.861,31.861,13415,0
DWUS.US,D,20201110,000000,31.273,31.362,30.795,31.044,4751,0
DWUS.US,D,20201111,000000,31.731,31.798,31.611,31.798,15196,0
DWUS.US,D,20201112,000000,31.905,31.913,31.546,31.644,3430,0
DWUS.US,D,20201113,000000,31.9,31.92,31.562,31.891,14997,0
DWUS.US,D,20201116,000000,31.861,31.937,31.861,31.937,212,0
DWUS.US,D,20201117,000000,32.09,32.11,31.91,31.955,4114,0
DWUS.US,D,20201118,000000,31.95,32.16,31.751,31.846,7655,0
DWUS.US,D,20201119,000000,32.05,32.12,32.05,32.06,544,0
DWUS.US,D,20201120,000000,32.03,32.11,31.891,31.891,7599,0
DWUS.US,D,20201123,000000,31.861,31.861,31.801,31.83,367,0
DWUS.US,D,20201124,000000,31.98,32.18,31.91,32.03,6209,0
DWUS.US,D,20201125,000000,32.288,32.414,32.209,32.414,23187,0
DWUS.US,D,20201127,000000,32.836,32.916,32.712,32.728,8094,0
DWUS.US,D,20201130,000000,32.766,33.111,32.592,32.843,12131,0
DWUS.US,D,20201201,000000,33.135,33.213,33.086,33.086,3288,0
DWUS.US,D,20201202,000000,32.747,33.026,32.607,33.026,7217,0
DWUS.US,D,20201203,000000,33.175,33.265,33.051,33.051,18326,0
DWUS.US,D,20201204,000000,33.205,33.295,33.205,33.244,2218,0
DWUS.US,D,20201207,000000,33.443,33.583,33.413,33.471,6921,0
DWUS.US,D,20201208,000000,33.418,33.672,33.373,33.619,8062,0
DWUS.US,D,20201209,000000,33.493,33.503,32.756,32.872,5015,0
DWUS.US,D,20201210,000000,32.607,33.115,32.607,33.069,4454,0
DWUS.US,D,20201211,000000,32.886,32.981,32.607,32.981,3930,0
DWUS.US,D,20201214,000000,33.315,33.344,33.231,33.231,1188,0
DWUS.US,D,20201215,000000,33.27,33.507,33.265,33.507,2441,0
DWUS.US,D,20201216,000000,33.617,33.671,33.584,33.632,4670,0
DWUS.US,D,20201217,000000,33.941,34.051,33.931,34.01,15239,0
DWUS.US,D,20201218,000000,33.911,34.36,33.772,33.971,11765,0
DWUS.US,D,20201221,000000,33.622,34.141,33.552,33.926,8688,0
DWUS.US,D,20201222,000000,34.658,34.658,33.951,34.097,1194,0
DWUS.US,D,20201223,000000,34.111,34.28,33.926,33.926,13335,0
DWUS.US,D,20201224,000000,33.951,34.071,33.911,33.959,8515,0
DWUS.US,D,20201229,000000,34.26,34.29,33.921,34.071,17810,0
DWUS.US,D,20201230,000000,34.071,34.163,34.071,34.072,4427,0
DWUS.US,D,20201231,000000,34.101,34.121,34.051,34.051,2368,0
DWUS.US,D,20210104,000000,34.34,34.34,33.383,33.744,3523,0
DWUS.US,D,20210105,000000,33.732,34.056,33.732,34.056,2138,0
DWUS.US,D,20210106,000000,34.081,34.091,33.862,33.862,1709,0
DWUS.US,D,20210107,000000,34.878,34.928,34.4,34.642,11747,0
DWUS.US,D,20210108,000000,34.998,35.157,34.918,35.119,12274,0
DWUS.US,D,20210111,000000,34.848,34.978,34.643,34.643,5523,0
DWUS.US,D,20210112,000000,34.758,34.808,34.649,34.763,18134,0
DWUS.US,D,20210113,000000,34.749,34.988,34.749,34.893,6888,0
DWUS.US,D,20210114,000000,35.008,35.067,34.665,34.665,7129,0
DWUS.US,D,20210115,000000,34.479,34.609,34.359,34.359,7907,0
DWUS.US,D,20210119,000000,34.569,34.806,34.569,34.806,1227,0
DWUS.US,D,20210120,000000,35.436,35.615,35.436,35.578,1360,0
DWUS.US,D,20210121,000000,35.755,35.815,35.715,35.768,4476,0
DWUS.US,D,20210122,000000,35.655,35.795,35.655,35.77,3286,0
DWUS.US,D,20210125,000000,36.208,36.208,35.678,35.937,3643,0
DWUS.US,D,20210126,000000,35.885,35.903,35.744,35.744,4614,0
DWUS.US,D,20210127,000000,34.898,34.898,34.639,34.639,1095,0
DWUS.US,D,20210128,000000,34.978,35.516,34.958,35.129,4181,0
DWUS.US,D,20210129,000000,34.898,34.898,34.477,34.477,2461,0
DWUS.US,D,20210201,000000,34.749,35.356,34.749,35.312,6200,0
DWUS.US,D,20210202,000000,35.785,36.004,35.735,35.931,16215,0
DWUS.US,D,20210203,000000,35.845,36.084,35.789,35.817,10433,0
DWUS.US,D,20210204,000000,35.837,36.154,35.837,36.154,8088,0
DWUS.US,D,20210205,000000,36.263,36.595,36.263,36.404,21037,0
DWUS.US,D,20210208,000000,36.712,36.712,36.582,36.666,4289,0
DWUS.US,D,20210209,000000,36.662,36.671,36.632,36.663,916,0
DWUS.US,D,20210210,000000,36.403,36.592,36.403,36.565,3105,0
DWUS.US,D,20210211,000000,36.831,36.911,36.672,36.827,5752,0
DWUS.US,D,20210212,000000,36.791,37.094,36.791,37.094,10726,0
DWUS.US,D,20210216,000000,37.3,37.3,36.941,36.99,5099,0
DWUS.US,D,20210217,000000,36.702,36.781,36.463,36.753,9938,0
DWUS.US,D,20210218,000000,36.453,36.472,36.263,36.263,4584,0
DWUS.US,D,20210219,000000,36.682,36.771,36.343,36.416,13213,0
DWUS.US,D,20210222,000000,35.675,35.785,35.277,35.277,3544,0
DWUS.US,D,20210223,000000,34.728,35.147,34.325,35.127,2354,0
DWUS.US,D,20210224,000000,34.659,35.371,34.659,35.371,7589,0
DWUS.US,D,20210225,000000,34.33,34.33,34.1,34.1,483,0
DWUS.US,D,20210226,000000,34.689,34.689,34.384,34.384,485,0
DWUS.US,D,20210301,000000,34.878,35.301,34.878,35.301,1700,0
DWUS.US,D,20210302,000000,35.117,35.277,34.726,34.726,8072,0
DWUS.US,D,20210303,000000,34.639,34.639,34.011,34.071,1925,0
DWUS.US,D,20210304,000000,33.194,33.543,32.666,32.666,2284,0
DWUS.US,D,20210305,000000,32.845,33.189,32.845,33.189,2932,0
DWUS.US,D,20210308,000000,33.064,33.294,32.313,32.313,12964,0
DWUS.US,D,20210310,000000,33.573,33.603,33.477,33.477,1615,0
DWUS.US,D,20210311,000000,34.42,34.448,34.42,34.438,581,0
DWUS.US,D,20210312,000000,34.101,34.101,34.101,34.101,795,0
DWUS.US,D,20210315,000000,34.19,34.529,34.151,34.505,14652,0
DWUS.US,D,20210316,000000,34.878,34.898,34.609,34.624,5000,0
DWUS.US,D,20210317,000000,34.121,34.679,34.121,34.621,3880,0
DWUS.US,D,20210318,000000,33.981,34.041,33.546,33.546,2081,0
DWUS.US,D,20210319,000000,33.772,33.842,33.762,33.782,1488,0
DWUS.US,D,20210322,000000,34.19,34.539,34.19,34.499,4851,0
DWUS.US,D,20210324,000000,33.916,34.121,33.446,33.446,2135,0
DWUS.US,D,20210325,000000,33.295,33.403,33.074,33.363,6999,0
DWUS.US,D,20210330,000000,33.617,33.662,33.583,33.621,832,0
DWUS.US,D,20210331,000000,34.021,34.469,34.021,34.347,523,0
DWUS.US,D,20210401,000000,34.699,34.908,34.699,34.895,8452,0
DWUS.US,D,20210405,000000,35.257,35.538,35.257,35.506,25266,0
DWUS.US,D,20210406,000000,35.765,35.785,35.535,35.535,19857,0
DWUS.US,D,20210407,000000,35.64,35.715,35.594,35.594,1733,0
DWUS.US,D,20210408,000000,35.994,36.074,35.984,36.034,5931,0
DWUS.US,D,20210409,000000,36.164,36.296,36.164,36.296,395,0
DWUS.US,D,20210412,000000,36.094,36.423,36.094,36.34,2547,0
DWUS.US,D,20210413,000000,36.662,36.92,36.662,36.92,1822,0
DWUS.US,D,20210414,000000,36.752,36.771,36.382,36.382,1290,0
DWUS.US,D,20210415,000000,36.991,37.1,36.971,37.044,15203,0
DWUS.US,D,20210416,000000,37.009,37.039,36.976,37.039,1080,0
DWUS.US,D,20210420,000000,36.403,36.403,36.134,36.334,1001,0
DWUS.US,D,20210421,000000,36.174,36.632,36.174,36.618,4348,0
DWUS.US,D,20210422,000000,36.393,36.393,36.267,36.267,786,0
DWUS.US,D,20210423,000000,36.507,36.809,36.507,36.809,1139,0
DWUS.US,D,20210426,000000,36.921,37.062,36.901,37.062,3477,0
DWUS.US,D,20210427,000000,37.001,37.05,36.964,36.964,1012,0
DWUS.US,D,20210428,000000,36.931,36.936,36.777,36.777,1424,0
DWUS.US,D,20210429,000000,37.09,37.09,36.692,36.771,13064,0
DWUS.US,D,20210430,000000,36.692,36.692,36.502,36.502,1672,0
DWUS.US,D,20210503,000000,36.512,36.512,36.263,36.286,6309,0
DWUS.US,D,20210504,000000,35.546,35.606,35.327,35.588,2534,0
DWUS.US,D,20210505,000000,35.635,35.825,35.471,35.471,34167,0
DWUS.US,D,20210506,000000,35.237,35.685,35.237,35.61,738,0
DWUS.US,D,20210507,000000,35.954,35.983,35.94,35.983,375,0
DWUS.US,D,20210510,000000,35.736,35.736,35.736,35.736,630,0
DWUS.US,D,20210511,000000,34.908,35.197,34.908,35.197,3475,0
DWUS.US,D,20210512,000000,34.988,34.988,34.479,34.539,3804,0
DWUS.US,D,20210513,000000,34.828,34.849,34.823,34.823,1093,0
DWUS.US,D,20210514,000000,35.366,35.376,35.366,35.376,360,0
DWUS.US,D,20210517,000000,35.077,35.253,35.067,35.253,5337,0
DWUS.US,D,20210518,000000,34.878,35.277,34.878,35.008,8244,0
DWUS.US,D,20210519,000000,34.739,34.891,34.729,34.891,451,0
DWUS.US,D,20210520,000000,35.376,35.426,35.356,35.365,1228,0
DWUS.US,D,20210521,000000,35.311,35.366,35.278,35.278,1376,0
DWUS.US,D,20210524,000000,35.426,35.775,35.426,35.672,36287,0
DWUS.US,D,20210525,000000,35.629,35.66,35.606,35.606,561,0
DWUS.US,D,20210526,000000,35.672,35.755,35.645,35.713,21863,0
DWUS.US,D,20210527,000000,35.825,35.84,35.756,35.806,2945,0
DWUS.US,D,20210528,000000,35.924,35.924,35.849,35.849,359,0
DWUS.US,D,20210601,000000,36.014,36.014,35.847,35.847,15229,0
DWUS.US,D,20210602,000000,35.865,35.899,35.845,35.899,2650,0
DWUS.US,D,20210603,000000,35.625,35.685,35.536,35.675,866,0
DWUS.US,D,20210604,000000,35.944,36.114,35.944,36.09,4253,0
DWUS.US,D,20210607,000000,36.053,36.094,36.053,36.094,224,0
DWUS.US,D,20210608,000000,36.154,36.154,36.135,36.135,1020,0
DWUS.US,D,20210609,000000,36.164,36.164,36.064,36.064,727,0
DWUS.US,D,20210611,000000,36.283,36.351,36.253,36.351,32632,0
DWUS.US,D,20210614,000000,36.363,36.434,36.313,36.434,27204,0
DWUS.US,D,20210617,000000,36.293,38.687,36.253,37.446,2101,0
DWUS.US,D,20210618,000000,36.791,37.349,35.845,35.845,8837,0
DWUS.US,D,20210621,000000,35.735,36.193,35.735,36.193,562,0
DWUS.US,D,20210622,000000,36.253,36.429,36.253,36.429,1050,0
DWUS.US,D,20210623,000000,36.443,36.512,36.405,36.405,2872,0
DWUS.US,D,20210624,000000,36.592,36.702,36.592,36.633,2722,0
DWUS.US,D,20210625,000000,36.682,36.771,36.682,36.737,1242,0
DWUS.US,D,20210628,000000,36.801,36.897,36.801,36.897,83117,0
DWUS.US,D,20210630,000000,36.961,36.986,36.951,36.985,4383,0
DWUS.US,D,20210701,000000,37.12,37.16,37.076,37.076,5435,0
DWUS.US,D,20210702,000000,37.29,37.3,37.176,37.176,2225,0
DWUS.US,D,20210706,000000,37.11,37.285,37.1,37.285,910,0
DWUS.US,D,20210707,000000,37.379,37.399,37.25,37.343,4257,0
DWUS.US,D,20210708,000000,37.11,37.11,37.042,37.042,608,0
DWUS.US,D,20210709,000000,37.19,37.509,37.19,37.448,3425,0
DWUS.US,D,20210712,000000,37.524,37.57,37.499,37.57,12467,0
DWUS.US,D,20210713,000000,37.618,37.688,37.408,37.408,4884,0
DWUS.US,D,20210714,000000,37.529,37.529,37.403,37.434,16546,0
DWUS.US,D,20210716,000000,37.13,37.24,37.11,37.24,10998,0
DWUS.US,D,20210719,000000,36.403,36.502,36.316,36.316,2978,0
DWUS.US,D,20210720,000000,37.021,37.194,37.021,37.032,5142,0
DWUS.US,D,20210721,000000,37.31,37.371,37.25,37.371,1282,0
DWUS.US,D,20210722,000000,37.33,37.424,37.3,37.424,13649,0
DWUS.US,D,20210723,000000,37.609,37.808,37.469,37.788,16926,0
DWUS.US,D,20210726,000000,37.798,37.894,37.778,37.894,1204,0
DWUS.US,D,20210727,000000,37.388,37.609,37.388,37.604,1483,0
DWUS.US,D,20210728,000000,37.738,37.738,37.628,37.707,18813,0
DWUS.US,D,20210729,000000,37.873,37.873,37.868,37.868,276,0
DWUS.US,D,20210730,000000,37.668,37.788,37.648,37.694,20822,0
DWUS.US,D,20210802,000000,39.492,39.492,37.788,37.803,10785,0
DWUS.US,D,20210803,000000,37.798,37.927,37.788,37.927,364,0
DWUS.US,D,20210805,000000,37.977,38.055,37.977,38.055,17176,0
DWUS.US,D,20210806,000000,38.077,38.117,38.077,38.077,3187,0
DWUS.US,D,20210809,000000,38.097,38.097,38.047,38.047,457,0
DWUS.US,D,20210810,000000,38.087,38.266,38.017,38.017,13877,0
DWUS.US,D,20210811,000000,38.017,38.123,38.017,38.123,996,0
DWUS.US,D,20210812,000000,37.987,38.19,37.947,38.19,445,0
DWUS.US,D,20210813,000000,38.256,38.276,38.177,38.219,5331,0
DWUS.US,D,20210816,000000,38.027,38.256,38.027,38.226,13371,0
DWUS.US,D,20210817,000000,37.863,37.929,37.863,37.929,254,0
DWUS.US,D,20210818,000000,37.848,37.917,37.509,37.509,4881,0
DWUS.US,D,20210819,000000,37.359,37.589,37.041,37.5,17931,0
DWUS.US,D,20210820,000000,37.813,37.889,37.813,37.889,822,0
DWUS.US,D,20210823,000000,38.414,38.456,38.36,38.36,2829,0
DWUS.US,D,20210824,000000,38.623,38.623,38.446,38.472,6701,0
DWUS.US,D,20210825,000000,38.585,38.629,38.585,38.629,1057,0
DWUS.US,D,20210826,000000,38.525,38.55,38.377,38.377,16033,0
DWUS.US,D,20210827,000000,38.705,38.705,38.605,38.686,2884,0
DWUS.US,D,20210830,000000,39.014,39.014,38.949,38.949,797,0
DWUS.US,D,20210831,000000,38.864,38.884,38.824,38.884,1600,0
DWUS.US,D,20210901,000000,38.944,39.053,38.939,38.939,825,0
DWUS.US,D,20210902,000000,39.103,39.103,38.954,38.954,2340,0
DWUS.US,D,20210903,000000,39.083,39.103,39.073,39.083,3697,0
DWUS.US,D,20210907,000000,38.874,38.919,38.824,38.919,4275,0
DWUS.US,D,20210908,000000,38.829,38.874,38.829,38.851,1699,0
DWUS.US,D,20210909,000000,38.914,38.924,38.665,38.682,2364,0
DWUS.US,D,20210910,000000,38.814,38.814,38.444,38.444,763,0
DWUS.US,D,20210913,000000,38.505,38.555,38.46,38.46,1128,0
DWUS.US,D,20210914,000000,38.515,38.515,38.281,38.281,3775,0
DWUS.US,D,20210915,000000,38.326,38.595,38.294,38.547,4743,0
DWUS.US,D,20210916,000000,38.445,38.572,38.445,38.572,1352,0
DWUS.US,D,20210917,000000,38.187,38.202,38.187,38.202,279,0
DWUS.US,D,20210921,000000,37.489,37.534,37.349,37.447,1630,0
DWUS.US,D,20210923,000000,37.987,38.326,37.987,38.253,3172,0
DWUS.US,D,20210927,000000,38.182,38.258,38.182,38.233,573,0
DWUS.US,D,20210928,000000,37.668,37.668,37.618,37.628,1365,0
DWUS.US,D,20210930,000000,37.27,37.27,37.075,37.075,537,0
DWUS.US,D,20211001,000000,37.006,37.373,36.811,37.373,3550,0
DWUS.US,D,20211004,000000,36.781,36.886,36.781,36.859,560,0
DWUS.US,D,20211006,000000,37.08,37.384,36.941,37.384,16043,0
DWUS.US,D,20211007,000000,37.888,37.888,37.703,37.703,922,0
DWUS.US,D,20211008,000000,37.718,37.733,37.605,37.605,1722,0
DWUS.US,D,20211011,000000,37.738,37.778,37.359,37.359,3059,0
DWUS.US,D,20211012,000000,37.369,37.383,37.28,37.315,2820,0
DWUS.US,D,20211013,000000,37.409,37.409,34.903,37.409,16292,0
DWUS.US,D,20211015,000000,38.246,38.33,38.246,38.33,134,0
DWUS.US,D,20211018,000000,38.341,38.517,38.341,38.517,4323,0
DWUS.US,D,20211019,000000,38.675,38.755,38.675,38.755,2653,0
DWUS.US,D,20211021,000000,38.924,39.046,38.914,39.046,4304,0
DWUS.US,D,20211022,000000,38.844,38.944,38.834,38.944,980,0
DWUS.US,D,20211025,000000,39.052,39.223,39.052,39.223,2961,0
DWUS.US,D,20211026,000000,39.432,39.432,39.198,39.198,639,0
DWUS.US,D,20211027,000000,39.273,39.283,38.982,38.982,1843,0
DWUS.US,D,20211028,000000,39.342,39.392,39.342,39.392,1256,0
DWUS.US,D,20211029,000000,39.223,39.522,39.223,39.332,12949,0
DWUS.US,D,20211102,000000,39.811,39.831,39.809,39.809,488,0
DWUS.US,D,20211103,000000,39.831,40.156,39.801,40.156,4500,0
DWUS.US,D,20211104,000000,40.269,40.399,40.11,40.326,1886,0
DWUS.US,D,20211105,000000,40.728,40.728,40.459,40.525,5903,0
DWUS.US,D,20211108,000000,40.588,40.598,40.528,40.583,11714,0
DWUS.US,D,20211109,000000,40.48,40.513,40.339,40.339,730,0
DWUS.US,D,20211110,000000,40.11,40.11,39.977,39.977,956,0
DWUS.US,D,20211111,000000,40.06,40.062,40.06,40.062,1264,0
DWUS.US,D,20211112,000000,40.12,40.379,40.12,40.379,895,0
DWUS.US,D,20211115,000000,40.349,40.37,40.349,40.37,160,0
DWUS.US,D,20211116,000000,40.429,40.658,40.429,40.561,1454,0
DWUS.US,D,20211117,000000,40.419,40.455,40.409,40.455,1778,0
DWUS.US,D,20211118,000000,40.478,40.594,40.478,40.594,307,0
DWUS.US,D,20211119,000000,40.698,40.698,40.679,40.688,607,0
DWUS.US,D,20211122,000000,40.797,40.797,40.397,40.397,15643,0
DWUS.US,D,20211123,000000,40.063,40.363,40.063,40.363,547,0
DWUS.US,D,20211124,000000,40.309,40.445,40.309,40.445,794,0
DWUS.US,D,20211126,000000,39.522,39.58,39.522,39.58,1248,0
DWUS.US,D,20211129,000000,39.93,40.146,39.93,40.146,2424,0
DWUS.US,D,20211130,000000,39.362,39.472,39.322,39.322,10355,0
DWUS.US,D,20211201,000000,39.382,39.382,38.756,38.756,1459,0
DWUS.US,D,20211202,000000,38.919,39.342,38.919,39.259,682,0
DWUS.US,D,20211203,000000,38.824,38.854,38.615,38.828,6252,0
DWUS.US,D,20211207,000000,40.229,40.229,40.16,40.201,3934,0
DWUS.US,D,20211208,000000,40.239,40.375,40.199,40.375,2271,0
DWUS.US,D,20211213,000000,39.94,39.94,39.819,39.819,801,0
DWUS.US,D,20211215,000000,40.14,40.168,40.14,40.168,199,0
DWUS.US,D,20211216,000000,40.105,40.105,39.624,39.624,357,0
DWUS.US,D,20211217,000000,39.572,39.572,39.332,39.332,4259,0
DWUS.US,D,20211221,000000,39.572,39.669,39.572,39.669,440,0
DWUS.US,D,20211222,000000,39.831,40.047,39.831,40.047,879,0
DWUS.US,D,20211223,000000,40.2863,40.4093,40.27,40.3643,1468,0
DWUS.US,D,20211227,000000,40.39,40.9066,40.39,40.9066,253,0
DWUS.US,D,20211228,000000,40.88,40.88,40.8275,40.8275,407,0
DWUS.US,D,20211229,000000,40.93,40.96,40.76,40.9285,7703,0
DWUS.US,D,20220104,000000,40.71,40.8232,40.61,40.8232,1216,0
DWUS.US,D,20220106,000000,39.84,39.8938,39.84,39.8938,484,0
DWUS.US,D,20220107,000000,39.7,39.74,39.6662,39.6662,2725,0
DWUS.US,D,20220110,000000,38.92,39.5587,38.9,39.5587,834,0
DWUS.US,D,20220111,000000,39.47,40.04,39.24,40.0221,12473,0
DWUS.US,D,20220112,000000,40.04,40.149,40.04,40.1252,1721,0
DWUS.US,D,20220113,000000,40.3299,40.3299,39.506,39.506,817,0
DWUS.US,D,20220114,000000,39.2899,39.6424,39.2899,39.6424,204,0
DWUS.US,D,20220118,000000,38.9932,39.08,38.8018,38.8018,1951,0
DWUS.US,D,20220120,000000,38.93,38.93,37.9158,37.9158,277,0
DWUS.US,D,20220121,000000,37.69,37.69,37.2193,37.2193,273,0
DWUS.US,D,20220124,000000,36.61,37.259,34.57,37.2294,35114,0
DWUS.US,D,20220125,000000,36.62,36.717,36.62,36.717,606,0
DWUS.US,D,20220128,000000,36.3,36.3,36.3,36.3,232,0
DWUS.US,D,20220131,000000,37.46,38.0293,37.46,38.0293,114,0
DWUS.US,D,20220201,000000,37.85,37.85,37.85,37.85,209,0
DWUS.US,D,20220202,000000,38.37,38.5712,38.37,38.5712,12186,0
DWUS.US,D,20220203,000000,37.8,37.8,37.5368,37.5368,713,0
DWUS.US,D,20220204,000000,37.86,37.86,37.86,37.86,242,0
DWUS.US,D,20220211,000000,37.8,37.825,37.1765,37.1765,1237,0
DWUS.US,D,20220222,000000,36.68,36.68,36.2229,36.2229,5585,0
DWUS.US,D,20220223,000000,35.525,35.525,35.5004,35.5004,329,0
DWUS.US,D,20220224,000000,35.17,36.2288,35.17,36.2288,425,0
DWUS.US,D,20220225,000000,36.97,37.0013,36.89,37.0013,1184,0
DWUS.US,D,20220228,000000,36.65,36.65,36.65,36.65,147,0
DWUS.US,D,20220301,000000,36.71,36.71,36.28,36.3471,1230,0
DWUS.US,D,20220302,000000,36.7225,37.0592,36.43,37.0592,4590,0
DWUS.US,D,20220304,000000,36.4,36.4,36.3896,36.3896,375,0
DWUS.US,D,20220308,000000,35.72,35.72,34.9,35.0097,6196,0
DWUS.US,D,20220309,000000,35.91,36.04,35.88,36,1095,0
DWUS.US,D,20220310,000000,35.74,35.7872,35.74,35.7872,100,0
DWUS.US,D,20220311,000000,35.62,35.62,35.2071,35.2071,782,0
DWUS.US,D,20220314,000000,34.76,34.7962,34.76,34.7962,104,0
DWUS.US,D,20220315,000000,35.56,35.6006,35.56,35.6006,109,0
DWUS.US,D,20220316,000000,36.52,36.53,36.52,36.53,507,0
DWUS.US,D,20220317,000000,36.97,36.9813,36.97,36.9813,245,0
DWUS.US,D,20220318,000000,36.93,37.54,36.93,37.54,1154,0
DWUS.US,D,20220321,000000,37.45,37.45,37.23,37.34,953,0
DWUS.US,D,20220322,000000,37.88,37.97,37.88,37.97,1025,0
DWUS.US,D,20220324,000000,37.82,38.032,37.78,38.032,7260,0
DWUS.US,D,20220328,000000,38.2803,38.4929,38.2803,38.4929,147,0
DWUS.US,D,20220329,000000,38.87,39.09,38.7,38.95,24375,0
DWUS.US,D,20220330,000000,38.76,38.76,38.76,38.76,165,0
DWUS.US,D,20220401,000000,38.09,38.3132,38.05,38.3132,1535,0
DWUS.US,D,20220404,000000,38.6,38.7199,38.6,38.7199,839,0
DWUS.US,D,20220405,000000,38.25,38.25,38.079,38.079,308,0
DWUS.US,D,20220406,000000,37.73,37.73,37.56,37.65,2313,0
DWUS.US,D,20220407,000000,37.88,37.88,37.7034,37.7034,8436,0
DWUS.US,D,20220420,000000,37.28,37.2925,37.28,37.2925,204,0
DWUS.US,D,20220421,000000,37.53,37.56,36.6542,36.6542,1315,0
DWUS.US,D,20220422,000000,35.89,35.95,35.6675,35.6675,3139,0
DWUS.US,D,20220425,000000,35.9367,35.9367,35.9367,35.9367,86,0
DWUS.US,D,20220426,000000,34.8705,34.8705,34.8705,34.8705,1,0
DWUS.US,D,20220427,000000,35.18,35.18,34.8,34.8,607,0
DWUS.US,D,20220428,000000,35.81,35.81,35.81,35.81,91,0
DWUS.US,D,20220429,000000,35.02,35.02,34.41,34.41,503,0
DWUS.US,D,20220502,000000,34.76,34.76,34.57,34.7,1069,0
DWUS.US,D,20220503,000000,34.96,34.96,34.9155,34.9155,201,0
DWUS.US,D,20220504,000000,35.9739,35.9739,35.9739,35.9739,2,0
DWUS.US,D,20220505,000000,34.47,34.47,34.47,34.47,2,0
DWUS.US,D,20220506,000000,34.505,34.505,34.3872,34.3872,410,0
DWUS.US,D,20220509,000000,33.88,33.88,33.77,33.77,103,0
DWUS.US,D,20220510,000000,33.6756,33.6756,33.45,33.45,5379,0
DWUS.US,D,20220511,000000,33.46,33.94,33.35,33.35,302,0
DWUS.US,D,20220512,000000,33.39,33.44,32.985,33.44,21581,0
DWUS.US,D,20220513,000000,33.83,33.92,33.83,33.92,714,0
DWUS.US,D,20220516,000000,33.71,33.97,33.7,33.97,381,0
DWUS.US,D,20220517,000000,34.26,34.26,34.26,34.26,2,0
DWUS.US,D,20220518,000000,33.22,33.22,33.22,33.22,3,0
DWUS.US,D,20220519,000000,32.95,32.95,32.95,32.95,3,0
DWUS.US,D,20220520,000000,32.62,32.77,31.14,31.14,575,0
DWUS.US,D,20220523,000000,33.52,33.52,33.52,33.52,41,0
DWUS.US,D,20220524,000000,33.02,33.53,33.02,33.53,214,0
DWUS.US,D,20220525,000000,33.5999,33.95,33.5999,33.95,5007,0
DWUS.US,D,20220526,000000,34.18,34.18,34.18,34.18,2,0
DWUS.US,D,20220527,000000,34.79,34.8223,34.79,34.8223,795,0
DWUS.US,D,20220531,000000,34.54,34.54,34.54,34.54,6,0
DWUS.US,D,20220601,000000,34.05,34.246,34.05,34.246,8214,0
DWUS.US,D,20220602,000000,33.91,34.6288,33.91,34.6288,1125,0
DWUS.US,D,20220603,000000,34.42,34.42,34.25,34.25,594,0
DWUS.US,D,20220606,000000,34.348,34.348,34.3,34.3,2159,0
DWUS.US,D,20220607,000000,34.63,34.71,34.63,34.71,2004,0
DWUS.US,D,20220608,000000,34.41,34.41,33.92,33.92,6123,0
DWUS.US,D,20220609,000000,34.04,34.04,33.41,33.41,1209,0
DWUS.US,D,20220610,000000,32.84,32.9,32.8137,32.8137,28948,0
DWUS.US,D,20220613,000000,31.64,31.65,31.64,31.6406,1559,0
DWUS.US,D,20220614,000000,31.7,31.7001,31.31,31.31,4052,0
DWUS.US,D,20220615,000000,31.73,31.73,31.445,31.61,3697,0
DWUS.US,D,20220616,000000,30.7426,30.7426,30.7426,30.7426,4,0
DWUS.US,D,20220617,000000,30.98,30.98,30.7819,30.7819,1819,0
DWUS.US,D,20220621,000000,31.445,31.445,31.31,31.31,574,0
DWUS.US,D,20220622,000000,31.48,31.48,31.48,31.48,111,0
DWUS.US,D,20220623,000000,31.76,31.76,31.76,31.76,3,0
DWUS.US,D,20220624,000000,32.54,32.6379,32.54,32.6379,294,0
DWUS.US,D,20220627,000000,32.7399,32.84,32.7399,32.84,269,0
DWUS.US,D,20220628,000000,32.925,32.925,32.23,32.23,295,0
DWUS.US,D,20220629,000000,32.16,32.2571,32.16,32.2571,4673,0
DWUS.US,D,20220630,000000,32.12,32.22,31.9977,31.9977,18229,0
DWUS.US,D,20220701,000000,32.6,32.6,32.6,32.6,65,0
DWUS.US,D,20220705,000000,32.32,32.32,32.32,32.32,40,0
DWUS.US,D,20220706,000000,32.3469,32.3469,32.3469,32.3469,2,0
DWUS.US,D,20220707,000000,32.64,32.64,32.5892,32.5892,342,0
DWUS.US,D,20220708,000000,32.46,32.46,32.4,32.4249,854,0
DWUS.US,D,20220711,000000,32.3259,32.3259,32.3259,32.3259,2,0
DWUS.US,D,20220712,000000,32.06,32.0977,32.06,32.0977,300,0
DWUS.US,D,20220713,000000,32.09,32.17,31.99,32.03,335,0
DWUS.US,D,20220714,000000,31.72,31.74,31.72,31.74,231,0
DWUS.US,D,20220715,000000,32.17,32.23,32.1,32.2163,9594,0
DWUS.US,D,20220718,000000,31.9504,31.9504,31.9504,31.9504,3,0
DWUS.US,D,20220719,000000,32.6433,32.6433,32.6433,32.6433,30,0
DWUS.US,D,20220720,000000,32.65,32.65,32.65,32.65,3,0
DWUS.US,D,20220721,000000,32.67,32.82,32.67,32.82,588,0
DWUS.US,D,20220722,000000,32.72,32.87,32.72,32.87,239,0
DWUS.US,D,20220725,000000,33.02,33.06,32.85,33.06,1083,0
DWUS.US,D,20220726,000000,32.9237,32.9237,32.9237,32.9237,2,0
DWUS.US,D,20220727,000000,32.88,33.31,32.83,33.18,1579,0
DWUS.US,D,20220728,000000,33.69,33.98,33.69,33.98,1361,0
DWUS.US,D,20220729,000000,33.91,34.12,33.91,34,3207,0
DWUS.US,D,20220801,000000,34.14,34.14,34.14,34.14,9,0
DWUS.US,D,20220802,000000,34.14,34.24,33.78,33.7948,27393,0
DWUS.US,D,20220803,000000,34.13,34.19,34.08,34.1305,2600,0
DWUS.US,D,20220804,000000,34.11,34.21,34.03,34.08,5445,0
DWUS.US,D,20220805,000000,33.955,34.15,33.89,34.15,2485,0
DWUS.US,D,20220808,000000,34.2,34.2,34.1596,34.1596,217,0
DWUS.US,D,20220809,000000,34.1,34.19,34.1,34.1506,276,0
DWUS.US,D,20220810,000000,34.72,34.72,34.6839,34.6839,102,0
DWUS.US,D,20220811,000000,34.97,35.11,34.7665,34.7665,4374,0
DWUS.US,D,20220812,000000,35.14,35.33,35.13,35.2677,11236,0
DWUS.US,D,20220815,000000,35.4429,35.4429,35.4429,35.4429,54,0
DWUS.US,D,20220816,000000,35.49,35.68,35.49,35.5797,31084,0
DWUS.US,D,20220817,000000,35.36,35.36,35.34,35.36,449,0
DWUS.US,D,20220818,000000,35.48,35.49,35.4064,35.4064,1239,0
DWUS.US,D,20220819,000000,35.11,35.11,35.11,35.11,11,0
DWUS.US,D,20220822,000000,34.76,34.76,34.49,34.49,54918,0
DWUS.US,D,20220823,000000,34.45,34.485,34.36,34.3682,1382,0
DWUS.US,D,20220824,000000,34.4905,34.4905,34.4905,34.4905,1,0
DWUS.US,D,20220825,000000,34.635,34.8278,34.59,34.8278,1518,0
DWUS.US,D,20220826,000000,33.9334,33.9334,33.9334,33.9334,1,0
DWUS.US,D,20220829,000000,33.92,33.94,33.8357,33.8357,562,0
DWUS.US,D,20220830,000000,33.44,33.44,33.44,33.44,3,0
DWUS.US,D,20220831,000000,33.305,33.32,33.2263,33.2263,807,0
DWUS.US,D,20220901,000000,33.19,33.3253,33.19,33.3253,2438,0
DWUS.US,D,20220902,000000,33.0255,33.0255,33.0255,33.0255,1,0
DWUS.US,D,20220906,000000,32.96,32.96,32.96,32.96,14,0
DWUS.US,D,20220907,000000,33.4701,33.6813,33.4701,33.6813,1175,0
DWUS.US,D,20220908,000000,33.8596,33.9,33.77,33.8618,2568,0
DWUS.US,D,20220909,000000,34.23,34.23,34.2233,34.2233,309,0
DWUS.US,D,20220912,000000,34.55,34.59,34.46,34.59,3154,0
DWUS.US,D,20220913,000000,34,34,33.3677,33.3677,308,0
DWUS.US,D,20220914,000000,33.39,33.39,33.2,33.2781,3912,0
DWUS.US,D,20220915,000000,33.4,33.4,33.0019,33.0019,208,0
DWUS.US,D,20220916,000000,32.8095,32.8095,32.8095,32.8095,78,0
DWUS.US,D,20220919,000000,33.08,33.08,33.08,33.08,68,0
DWUS.US,D,20220920,000000,32.5452,32.5452,32.5452,32.5452,21,0
DWUS.US,D,20220921,000000,32.845,32.845,32.1441,32.1441,1003,0
DWUS.US,D,20220922,000000,31.82,31.865,31.7968,31.8326,4347,0
DWUS.US,D,20220923,000000,31.4181,31.4181,31.4181,31.4181,2,0
DWUS.US,D,20220926,000000,31.0109,31.0109,31.0109,31.0109,2,0
DWUS.US,D,20220927,000000,30.7388,30.7388,30.7388,30.7388,1,0
DWUS.US,D,20220928,000000,31.18,31.32,31.16,31.2686,3300,0
DWUS.US,D,20220929,000000,30.7051,30.7051,30.7051,30.7051,1,0
DWUS.US,D,20220930,000000,30.32,30.32,30.2,30.2034,602,0
DWUS.US,D,20221003,000000,30.95,31.07,30.95,31.01,2759,0
DWUS.US,D,20221004,000000,31.84,31.84,31.77,31.7908,311,0
DWUS.US,D,20221005,000000,31.63,31.63,31.52,31.5574,400,0
DWUS.US,D,20221006,000000,31.14,31.14,31.02,31.07,503,0
DWUS.US,D,20221007,000000,30.37,30.48,30.33,30.48,1105,0
DWUS.US,D,20221010,000000,30.39,30.39,30.29,30.35,442,0
DWUS.US,D,20221011,000000,30.37,30.37,30.31,30.3459,300,0
DWUS.US,D,20221012,000000,30.23,30.23,30.07,30.1028,300,0
DWUS.US,D,20221013,000000,30.86,30.86,30.76,30.76,305,0
DWUS.US,D,20221014,000000,30.31,30.31,30.13,30.13,402,0
DWUS.US,D,20221017,000000,30.92,30.92,30.76,30.84,502,0
DWUS.US,D,20221018,000000,31.1901,31.26,31.19,31.2274,300,0
DWUS.US,D,20221019,000000,30.95,30.95,30.91,30.92,401,0
DWUS.US,D,20221020,000000,30.59,30.59,30.52,30.57,305,0
DWUS.US,D,20221021,000000,31.17,31.1934,31.17,31.1934,148,0
DWUS.US,D,20221024,000000,31.49,31.523,31.49,31.523,100,0
DWUS.US,D,20221025,000000,32,32.0392,32,32.0392,100,0
DWUS.US,D,20221026,000000,32.07,32.13,32.07,32.13,102,0
DWUS.US,D,20221027,000000,32.15,32.1838,32.15,32.1838,101,0
DWUS.US,D,20221028,000000,32.82,32.893,32.75,32.8553,1774,0
DWUS.US,D,20221031,000000,32.77,32.7807,32.73,32.7807,3485,0
DWUS.US,D,20221101,000000,32.77,32.81,32.77,32.7865,733,0
DWUS.US,D,20221102,000000,32.28,32.28,32.125,32.125,300,0
DWUS.US,D,20221103,000000,32.16,32.16,31.9911,31.9911,300,0
DWUS.US,D,20221104,000000,32.4,32.4,32.3219,32.3219,526,0
DWUS.US,D,20221107,000000,32.6,32.62,32.6,32.62,205,0
DWUS.US,D,20221108,000000,32.88,32.88,32.7362,32.7362,303,0
DWUS.US,D,20221109,000000,32.635,32.635,32.3047,32.3047,353,0
DWUS.US,D,20221110,000000,33.65,33.6599,33.65,33.6599,300,0
DWUS.US,D,20221111,000000,33.69,33.69,33.6105,33.6105,300,0
DWUS.US,D,20221114,000000,33.7,33.7,33.41,33.41,971,0
DWUS.US,D,20221115,000000,33.77,33.8,33.53,33.53,242,0
DWUS.US,D,20221116,000000,33.53,33.53,33.49,33.49,302,0
DWUS.US,D,20221117,000000,33.22,33.2785,33.22,33.2785,243,0
DWUS.US,D,20221118,000000,33.78,33.78,33.78,33.78,2,0
DWUS.US,D,20221121,000000,33.81,33.81,33.7823,33.7823,201,0
DWUS.US,D,20221122,000000,34.03,34.06,34.03,34.06,239,0
DWUS.US,D,20221123,000000,34.2974,34.2974,34.2974,34.2974,1,0
DWUS.US,D,20221125,000000,34.47,34.47,34.4406,34.4406,412,0
DWUS.US,D,20221128,000000,34.0114,34.0114,34.0114,34.0114,1401,0
DWUS.US,D,20221129,000000,34.0536,34.0536,34.0536,34.0536,1,0
DWUS.US,D,20221130,000000,34.7,34.74,34.6696,34.6696,863,0
DWUS.US,D,20221201,000000,34.8305,34.8305,34.8305,34.8305,34,0
DWUS.US,D,20221202,000000,34.8646,34.8646,34.8646,34.8646,33,0
DWUS.US,D,20221205,000000,34.36,34.36,34.268,34.268,763,0
DWUS.US,D,20221206,000000,34.0877,34.0877,34.0877,34.0877,13,0
DWUS.US,D,20221207,000000,34.0838,34.0838,34.0838,34.0838,1,0
DWUS.US,D,20221208,000000,34.2868,34.2868,34.2868,34.2868,112,0
DWUS.US,D,20221209,000000,34.24,34.3,34.09,34.09,21502,0
DWUS.US,D,20221212,000000,34.54,34.54,34.5048,34.5048,100,0
DWUS.US,D,20221213,000000,34.59,34.59,34.59,34.59,3,0
DWUS.US,D,20221214,000000,34.5283,34.5283,34.5283,34.5283,55,0
DWUS.US,D,20221215,000000,33.82,33.82,33.82,33.82,32,0
DWUS.US,D,20221216,000000,33.32,33.5278,33.32,33.5278,2418,0
DWUS.US,D,20221219,000000,33.2683,33.2683,33.2683,33.2683,1,0
DWUS.US,D,20221220,000000,33.33,33.33,33.33,33.33,75,0
DWUS.US,D,20221221,000000,33.72,33.72,33.6938,33.6938,130,0
DWUS.US,D,20221222,000000,33.58,33.58,33.58,33.58,2,0
DWUS.US,D,20221223,000000,33.25,33.49,33.25,33.49,201,0
DWUS.US,D,20221227,000000,33.44,33.5301,33.44,33.5301,2973,0
DWUS.US,D,20221228,000000,33.71,33.73,33.0909,33.0909,18510,0
DWUS.US,D,20221229,000000,33.56,33.58,33.51,33.55,13388,0
DWUS.US,D,20221230,000000,33.32,33.32,33.2,33.31,4963,0
DWUS.US,D,20230103,000000,33.59,33.59,33.13,33.3563,3402,0
DWUS.US,D,20230104,000000,33.84,33.84,33.57,33.795,1080,0
DWUS.US,D,20230105,000000,33.3,33.3,33.3,33.3,5,0
DWUS.US,D,20230106,000000,33.88,34.1941,33.88,34.1941,1676,0
DWUS.US,D,20230109,000000,34.43,34.43,34.17,34.17,2705,0
DWUS.US,D,20230110,000000,34.12,34.16,34.08,34.08,657,0
DWUS.US,D,20230111,000000,34.4,34.4,34.4,34.4,10,0
DWUS.US,D,20230112,000000,34.62,34.62,34.545,34.545,1090,0
DWUS.US,D,20230113,000000,34.25,34.42,34.25,34.42,826,0
DWUS.US,D,20230117,000000,34.53,34.72,34.34,34.5419,39165,0
DWUS.US,D,20230118,000000,33.71,33.71,33.6,33.6,944,0
DWUS.US,D,20230119,000000,33.48,33.48,33.3469,33.3469,246,0
DWUS.US,D,20230120,000000,33.53,33.7584,33.4101,33.7584,3293,0
DWUS.US,D,20230123,000000,34.0051,34.0051,34.0051,34.0051,10,0
DWUS.US,D,20230124,000000,34,34.06,33.9,34.06,660,0
DWUS.US,D,20230125,000000,33.7901,34.0609,33.7901,34.0609,2869,0
DWUS.US,D,20230126,000000,34.27,34.27,34.22,34.2263,974,0
DWUS.US,D,20230127,000000,34.32,34.46,34.2185,34.2185,1495,0
DWUS.US,D,20230130,000000,34.1,34.1,34.1,34.1,8,0
DWUS.US,D,20230131,000000,34.1,34.4658,34.1,34.4658,2621,0
DWUS.US,D,20230201,000000,34.47,34.86,34.47,34.72,662,0
DWUS.US,D,20230202,000000,34.94,34.94,34.94,34.94,157,0
DWUS.US,D,20230203,000000,34.52,34.5201,34.43,34.43,3486,0
DWUS.US,D,20230206,000000,34.31,34.31,34.24,34.24,25127,0
DWUS.US,D,20230207,000000,34.305,34.6194,34.23,34.6194,791,0
DWUS.US,D,20230208,000000,34.3332,34.3332,34.3332,34.3332,55,0
DWUS.US,D,20230209,000000,34.35,34.39,34.0197,34.0197,327,0
DWUS.US,D,20230210,000000,34.0116,34.0116,34.0116,34.0116,236,0
DWUS.US,D,20230213,000000,34.425,34.4769,34.38,34.4769,208,0
DWUS.US,D,20230214,000000,34.425,34.4691,34.425,34.4691,17,0
DWUS.US,D,20230215,000000,34.31,34.5798,34.31,34.5798,1371,0
DWUS.US,D,20230216,000000,34.2498,34.3499,34.13,34.13,1266,0
DWUS.US,D,20230217,000000,33.88,34.0412,33.88,34.0412,1081,0
DWUS.US,D,20230221,000000,33.3656,33.3656,33.3656,33.3656,45,0
DWUS.US,D,20230222,000000,33.2794,33.2794,33.2794,33.2794,106,0
DWUS.US,D,20230223,000000,33.525,33.535,33.4859,33.4859,703,0
DWUS.US,D,20230224,000000,33.1475,33.1475,33.1475,33.1475,44,0
DWUS.US,D,20230227,000000,33.25,33.25,33.2216,33.2216,840,0
DWUS.US,D,20230228,000000,33.1771,33.1771,33.1771,33.1771,2,0
DWUS.US,D,20230301,000000,32.98,32.98,32.98,32.98,5,0
DWUS.US,D,20230302,000000,33.2641,33.2641,33.2641,33.2641,64,0
DWUS.US,D,20230303,000000,33.49,33.7666,33.48,33.7666,2002,0
DWUS.US,D,20230307,000000,33.38,33.38,33.1914,33.1914,606,0
DWUS.US,D,20230308,000000,33.24,33.24,33.24,33.24,72,0
DWUS.US,D,20230309,000000,33.45,33.45,32.52,32.5706,1177,0
DWUS.US,D,20230310,000000,32.28,32.28,31.9797,31.9797,1575,0
DWUS.US,D,20230313,000000,31.73,31.73,31.73,31.73,77,0
DWUS.US,D,20230314,000000,32.29,32.29,32.29,32.29,2,0
DWUS.US,D,20230315,000000,31.8596,31.8596,31.8596,31.8596,4,0
DWUS.US,D,20230316,000000,31.76,32.4088,31.76,32.4088,250,0
DWUS.US,D,20230317,000000,32.23,32.23,31.97,31.97,382,0
DWUS.US,D,20230320,000000,32.29,32.29,32.29,32.29,2,0
DWUS.US,D,20230321,000000,32.6,32.8,32.54,32.744,23041,0
DWUS.US,D,20230322,000000,32.81,32.81,32.144,32.144,4735,0
DWUS.US,D,20230323,000000,32.51,32.51,32.1,32.1585,307,0
DWUS.US,D,20230324,000000,31.97,32.2876,31.9167,32.2876,940,0
DWUS.US,D,20230327,000000,32.52,32.53,32.4267,32.4267,312,0
DWUS.US,D,20230328,000000,32.49,32.49,32.4331,32.4331,409,0
DWUS.US,D,20230329,000000,32.9047,32.9047,32.9047,32.9047,3,0
DWUS.US,D,20230330,000000,33.13,33.13,33.13,33.13,4,0
DWUS.US,D,20230331,000000,33.37,33.5706,33.37,33.5706,1502,0
DWUS.US,D,20230403,000000,33.6495,33.6495,33.6495,33.6495,15,0
DWUS.US,D,20230404,000000,33.3767,33.3767,33.3767,33.3767,1,0
DWUS.US,D,20230405,000000,33.26,33.306,33.26,33.306,161,0
DWUS.US,D,20230406,000000,33.37,33.37,33.37,33.37,3,0
DWUS.US,D,20230410,000000,33.15,33.45,33.15,33.45,217,0
DWUS.US,D,20230411,000000,33.5816,33.5816,33.5816,33.5816,1,0
DWUS.US,D,20230412,000000,33.5703,33.5703,33.4322,33.4322,9334,0
DWUS.US,D,20230413,000000,33.585,33.83,33.585,33.7993,257,0
DWUS.US,D,20230414,000000,33.72,33.72,33.6969,33.6969,105,0
DWUS.US,D,20230417,000000,33.88,33.88,33.8464,33.8464,100,0
DWUS.US,D,20230418,000000,33.84,33.94,33.83,33.8908,8809,0
DWUS.US,D,20230419,000000,33.8606,33.8606,33.8606,33.8606,58,0
DWUS.US,D,20230420,000000,33.6661,33.6661,33.6661,33.6661,1,0
DWUS.US,D,20230421,000000,33.82,33.82,33.6,33.65,19735,0
DWUS.US,D,20230424,000000,33.64,33.76,33.64,33.7423,765,0
DWUS.US,D,20230425,000000,33.21,33.29,33.2033,33.2033,471,0
DWUS.US,D,20230426,000000,33.11,33.11,32.814,32.9781,12795,0
DWUS.US,D,20230427,000000,33.15,33.5318,33.15,33.5318,339,0
DWUS.US,D,20230428,000000,33.59,33.83,33.59,33.83,5705,0
DWUS.US,D,20230501,000000,33.91,33.91,33.89,33.89,430,0
DWUS.US,D,20230502,000000,33.43,33.435,33.43,33.435,1832,0
DWUS.US,D,20230503,000000,33.56,33.6,33.1803,33.1803,1590,0
DWUS.US,D,20230504,000000,32.9216,32.9216,32.9216,32.9216,1,0
DWUS.US,D,20230505,000000,33.5192,33.5192,33.5192,33.5192,7,0
DWUS.US,D,20230508,000000,33.4502,33.54,33.4502,33.53,733,0
DWUS.US,D,20230509,000000,33.3583,33.3583,33.3583,33.3583,4,0
DWUS.US,D,20230510,000000,33.532,33.532,33.532,33.532,2,0
DWUS.US,D,20230511,000000,33.52,33.52,33.4501,33.5061,468,0
DWUS.US,D,20230512,000000,33.4406,33.4406,33.4406,33.4406,4,0
DWUS.US,D,20230515,000000,33.6156,33.6156,33.6156,33.6156,37,0
DWUS.US,D,20230516,000000,33.44,33.44,33.4283,33.4283,900,0
DWUS.US,D,20230517,000000,33.8296,33.8296,33.8296,33.8296,10,0
DWUS.US,D,20230518,000000,34.2763,34.2763,34.2763,34.2763,35,0
DWUS.US,D,20230519,000000,34.17,34.2032,34.17,34.2032,354,0
DWUS.US,D,20230522,000000,34.18,34.2665,34.18,34.2665,1221,0
DWUS.US,D,20230523,000000,34.07,34.07,33.8775,33.8775,203,0
DWUS.US,D,20230524,000000,33.48,33.5884,33.48,33.5884,342,0
DWUS.US,D,20230525,000000,33.91,34.0115,33.8,34.0115,986,0
DWUS.US,D,20230526,000000,34.46,34.5984,34.46,34.5984,185,0
DWUS.US,D,20230530,000000,34.61,34.6303,34.61,34.6303,155,0
DWUS.US,D,20230531,000000,34.41,34.44,34.3907,34.3907,3633,0
DWUS.US,D,20230601,000000,34.7167,34.7167,34.7167,34.7167,7,0
DWUS.US,D,20230602,000000,35.2372,35.2372,35.2372,35.2372,2,0
DWUS.US,D,20230605,000000,35.24,35.24,35.1893,35.1893,1514,0
DWUS.US,D,20230606,000000,35.2732,35.33,35.17,35.3072,5158,0
DWUS.US,D,20230607,000000,35.375,35.375,35.1003,35.1003,2857,0
DWUS.US,D,20230608,000000,35.19,35.35,35.19,35.29,3302,0
DWUS.US,D,20230609,000000,35.5852,35.5852,35.3771,35.3771,1007,0
DWUS.US,D,20230612,000000,35.8,35.8,35.7758,35.7758,103,0
DWUS.US,D,20230613,000000,35.97,36.12,35.97,36.0986,2101,0
DWUS.US,D,20230614,000000,36.26,36.26,36.1,36.17,1055,0
DWUS.US,D,20230615,000000,36.71,36.72,36.62,36.68,993,0
DWUS.US,D,20230616,000000,36.64,36.7,36.485,36.485,46732,0
DWUS.US,D,20230620,000000,36.38,36.41,36.321,36.321,1640,0
DWUS.US,D,20230621,000000,36.0108,36.23,36.0108,36.059,10346,0
DWUS.US,D,20230622,000000,35.96,36.2,35.96,36.1694,5746,0
DWUS.US,D,20230623,000000,35.87,35.89,35.85,35.864,448,0
DWUS.US,D,20230626,000000,35.6937,35.6937,35.6937,35.6937,36,0
DWUS.US,D,20230627,000000,36.17,36.2117,36.17,36.2117,101,0
DWUS.US,D,20230628,000000,36.11,36.1703,36.06,36.1703,597,0
DWUS.US,D,20230629,000000,36.27,36.2978,36.27,36.2978,102,0
DWUS.US,D,20230630,000000,36.86,36.86,36.74,36.8,704,0
DWUS.US,D,20230703,000000,36.81,36.8513,36.81,36.8513,170,0
DWUS.US,D,20230705,000000,36.74,36.7785,36.74,36.7785,100,0
DWUS.US,D,20230706,000000,36.45,36.4881,36.45,36.4881,103,0
DWUS.US,D,20230707,000000,36.41,36.4489,36.41,36.4489,101,0
DWUS.US,D,20230710,000000,36.56,36.5879,36.56,36.5879,101,0
DWUS.US,D,20230711,000000,36.86,36.8976,36.86,36.8976,103,0
DWUS.US,D,20230712,000000,37.15,37.18,37.15,37.18,2314,0
DWUS.US,D,20230713,000000,37.6,37.68,37.6,37.68,136,0
DWUS.US,D,20230714,000000,37.44,37.4843,37.44,37.4843,170,0
DWUS.US,D,20230717,000000,37.72,37.7256,37.64,37.7256,3336,0
DWUS.US,D,20230718,000000,37.81,37.97,37.81,37.97,570,0
DWUS.US,D,20230719,000000,38.1427,38.17,37.79,37.9454,43208,0
DWUS.US,D,20230720,000000,37.5867,37.5867,37.5867,37.5867,2,0
DWUS.US,D,20230721,000000,37.54,37.54,37.54,37.54,5,0
DWUS.US,D,20230724,000000,37.61,37.6418,37.61,37.6418,4002,0
DWUS.US,D,20230725,000000,37.84,37.89,37.76,37.76,10643,0
DWUS.US,D,20230726,000000,37.68,37.744,37.68,37.744,1118,0
DWUS.US,D,20230727,000000,38.25,38.3,37.62,37.62,2639,0
DWUS.US,D,20230728,000000,38.1,38.14,38,38.045,5612,0
DWUS.US,D,20230731,000000,38.11,38.11,38.01,38.04,1087,0
DWUS.US,D,20230801,000000,37.99,38.03,37.95,37.985,3218,0
DWUS.US,D,20230802,000000,37.42,37.5098,37.385,37.4456,6368,0
DWUS.US,D,20230803,000000,37.38,37.38,37.26,37.26,1490,0
DWUS.US,D,20230804,000000,37.079,37.079,37.079,37.079,24,0
DWUS.US,D,20230807,000000,37.41,37.41,37.41,37.41,63,0
DWUS.US,D,20230808,000000,36.8401,37.16,36.8401,37.16,310,0
DWUS.US,D,20230809,000000,36.76,36.9103,36.7,36.83,6592,0
DWUS.US,D,20230810,000000,36.88,36.88,36.88,36.88,85,0
DWUS.US,D,20230811,000000,36.6873,36.6873,36.6873,36.6873,100,0
DWUS.US,D,20230814,000000,36.84,36.9671,36.8,36.9671,3633,0
DWUS.US,D,20230815,000000,36.78,36.85,36.69,36.69,4652,0
DWUS.US,D,20230816,000000,36.22,36.22,36.22,36.22,178,0
DWUS.US,D,20230817,000000,35.98,35.98,35.98,35.98,2,0
DWUS.US,D,20230818,000000,35.85,35.85,35.85,35.85,756,0
DWUS.US,D,20230821,000000,36.18,36.38,36.18,36.38,777,0
DWUS.US,D,20230822,000000,36.24,36.24,36.2262,36.2262,800,0
DWUS.US,D,20230823,000000,36.77,36.77,36.77,36.77,3,0
DWUS.US,D,20230824,000000,36.11,36.11,36.11,36.11,4,0
DWUS.US,D,20230825,000000,36.29,36.29,36.29,36.29,2,0
DWUS.US,D,20230828,000000,36.51,36.64,36.51,36.64,429,0
DWUS.US,D,20230829,000000,36.7,37.13,36.66,37.09,10975,0
DWUS.US,D,20230830,000000,37.34,37.37,37.29,37.37,2481,0
DWUS.US,D,20230831,000000,37.57,37.57,37.465,37.465,540,0
DWUS.US,D,20230901,000000,37.41,37.5,37.41,37.5,368,0
DWUS.US,D,20230905,000000,37.37,37.37,37.37,37.37,16,0
DWUS.US,D,20230906,000000,36.99,37.038,36.99,37.0374,7344,0
DWUS.US,D,20230907,000000,36.9487,36.9487,36.9487,36.9487,4,0
DWUS.US,D,20230908,000000,36.97,36.97,36.8583,36.8583,125,0
DWUS.US,D,20230911,000000,37.37,37.37,37.37,37.37,3,0
DWUS.US,D,20230912,000000,36.98,36.98,36.98,36.98,55,0
DWUS.US,D,20230913,000000,37.1342,37.1342,37.1342,37.1342,1,0
DWUS.US,D,20230914,000000,37.424,37.424,37.424,37.424,1,0
DWUS.US,D,20230915,000000,37.15,37.15,36.8476,36.8476,1475,0
DWUS.US,D,20230918,000000,36.92,36.92,36.91,36.92,5786,0
DWUS.US,D,20230919,000000,36.76,36.76,36.73,36.76,2853,0
DWUS.US,D,20230920,000000,36.81,36.81,36.4,36.4,1708,0
DWUS.US,D,20230921,000000,36.05,36.05,35.71,35.71,5002,0
DWUS.US,D,20230922,000000,36.0027,36.0027,35.77,35.77,731,0
DWUS.US,D,20230925,000000,35.83,35.83,35.83,35.83,5,0
DWUS.US,D,20230926,000000,35.28,35.3464,35.28,35.3464,184,0
DWUS.US,D,20230927,000000,35.3703,35.3703,35.3703,35.3703,2,0
DWUS.US,D,20230928,000000,35.59,35.59,35.58,35.58,755,0
DWUS.US,D,20230929,000000,35.765,35.765,35.51,35.66,12491,0
DWUS.US,D,20231002,000000,35.53,35.69,35.53,35.69,344,0
DWUS.US,D,20231003,000000,35.09,35.1529,35.09,35.1529,102,0
DWUS.US,D,20231004,000000,35.53,35.6,35.53,35.6,103,0
DWUS.US,D,20231005,000000,35.44,35.4766,35.44,35.4766,100,0
DWUS.US,D,20231006,000000,35.15,35.9979,35.15,35.9979,4539,0
DWUS.US,D,20231009,000000,36.15,36.23,36.15,36.23,102,0
DWUS.US,D,20231010,000000,36.15,36.5601,36.15,36.36,2059,0
DWUS.US,D,20231011,000000,36.56,36.64,36.56,36.64,104,0
DWUS.US,D,20231012,000000,36.68,36.69,36.16,36.3968,10224,0
DWUS.US,D,20231013,000000,36.0713,36.0713,36.0713,36.0713,2,0
DWUS.US,D,20231016,000000,36.5112,36.5112,36.5112,36.5112,81,0
DWUS.US,D,20231017,000000,36.26,36.6,36.08,36.43,2415,0
DWUS.US,D,20231018,000000,35.9229,35.9229,35.9229,35.9229,3,0
DWUS.US,D,20231019,000000,35.64,35.72,35.63,35.67,725,0
DWUS.US,D,20231020,000000,35.08,35.08,35.08,35.08,28,0
DWUS.US,D,20231023,000000,35.04,35.22,35.04,35.22,434,0
DWUS.US,D,20231024,000000,35.3301,35.47,35.33,35.4588,5620,0
DWUS.US,D,20231025,000000,34.73,34.73,34.73,34.73,62,0
DWUS.US,D,20231026,000000,34.26,34.26,34.26,34.26,56,0
DWUS.US,D,20231027,000000,34.4244,34.4244,34.14,34.27,7820,0
DWUS.US,D,20231030,000000,34.58,34.58,34.58,34.58,5,0
DWUS.US,D,20231031,000000,34.69,34.87,34.5227,34.87,1583,0
DWUS.US,D,20231101,000000,35.03,35.35,35.03,35.3107,2249,0
DWUS.US,D,20231102,000000,35.9799,36,35.935,36,4250,0
DWUS.US,D,20231103,000000,36.31,36.31,36.31,36.31,2,0
DWUS.US,D,20231106,000000,36.31,36.55,36.31,36.55,5143,0
DWUS.US,D,20231107,000000,36.55,36.75,36.55,36.6925,4485,0
DWUS.US,D,20231108,000000,36.73,36.79,36.73,36.7553,1401,0
DWUS.US,D,20231109,000000,36.66,36.705,36.35,36.35,5112,0
DWUS.US,D,20231110,000000,36.99,37.2,36.97,37.2,5294,0
DWUS.US,D,20231113,000000,36.97,37.12,36.95,37.02,4192,0
DWUS.US,D,20231114,000000,37.8,37.91,37.8,37.85,628,0
DWUS.US,D,20231115,000000,38.06,38.06,37.87,37.88,3193,0
DWUS.US,D,20231116,000000,37.82,37.82,37.82,37.82,4,0
DWUS.US,D,20231117,000000,37.87,37.91,37.85,37.85,2671,0
DWUS.US,D,20231120,000000,38.12,38.34,38.08,38.34,5859,0
DWUS.US,D,20231121,000000,38.18,38.18,38.09,38.09,103,0
DWUS.US,D,20231122,000000,38.33,38.33,38.285,38.285,102,0
DWUS.US,D,20231124,000000,38.3,38.3,38.21,38.21,104,0
DWUS.US,D,20231127,000000,38.23,38.25,38.1965,38.1965,422,0
DWUS.US,D,20231128,000000,38.125,38.3,38.125,38.254,701,0
DWUS.US,D,20231129,000000,38.61,38.61,38.235,38.235,1107,0
DWUS.US,D,20231130,000000,38.1629,38.1629,38.0825,38.095,2365,0
DWUS.US,D,20231201,000000,38.1,38.48,38.1,38.48,2014,0
DWUS.US,D,20231204,000000,38.1518,38.1518,38.1518,38.1518,95,0
DWUS.US,D,20231205,000000,38.14,38.2074,38.14,38.2074,1604,0
DWUS.US,D,20231206,000000,38.15,38.1699,37.9855,37.9855,1109,0
DWUS.US,D,20231207,000000,38.25,38.47,38.16,38.47,302,0
DWUS.US,D,20231208,000000,38.56,38.56,38.56,38.56,1,0
DWUS.US,D,20231211,000000,38.17,38.7401,38.17,38.65,2106,0
DWUS.US,D,20231212,000000,38.71,39.0925,38.7099,39.0925,430,0
DWUS.US,D,20231213,000000,39.19,39.62,39.18,39.62,415,0
DWUS.US,D,20231214,000000,39.67,39.68,39.27,39.46,12777,0
DWUS.US,D,20231215,000000,39.6,39.7479,39.6,39.7479,239,0
DWUS.US,D,20231218,000000,39.88,39.8801,39.75,39.75,3416,0
DWUS.US,D,20231219,000000,40.07,40.07,39.955,39.955,707,0
DWUS.US,D,20231220,000000,40.09,40.09,39.47,39.47,1998,0
DWUS.US,D,20231221,000000,39.9096,39.9223,39.5801,39.8504,1842,0
DWUS.US,D,20231222,000000,40.13,40.13,39.815,39.815,752,0
DWUS.US,D,20231226,000000,40.12,40.2799,39.985,39.985,16407,0
DWUS.US,D,20231227,000000,40.1599,40.1644,40.1599,40.1644,918,0
DWUS.US,D,20231228,000000,40.26,40.37,40.2203,40.2203,9589,0
DWUS.US,D,20231229,000000,40.0609,40.0609,40.0609,40.0609,1,0
DWUS.US,D,20240102,000000,39.5938,39.63,39.4899,39.55,1426,0
DWUS.US,D,20240103,000000,39.21,39.2499,39.19,39.245,3789,0
DWUS.US,D,20240104,000000,39.04,39.04,39.04,39.04,9,0
DWUS.US,D,20240105,000000,39.1009,39.1009,39.1009,39.1009,2,0
DWUS.US,D,20240108,000000,39.7991,39.7991,39.7991,39.7991,41,0
DWUS.US,D,20240109,000000,39.74,39.77,39.74,39.7628,3477,0
DWUS.US,D,20240110,000000,39.89,40.0755,39.8899,40.0755,4871,0
DWUS.US,D,20240111,000000,40.05,40.1288,39.83,40.1288,942,0
DWUS.US,D,20240112,000000,40.19,40.19,40.09,40.09,102,0
DWUS.US,D,20240116,000000,40.04,40.0536,40.04,40.0536,917,0
DWUS.US,D,20240117,000000,39.9,39.9,39.46,39.6882,7609,0
DWUS.US,D,20240118,000000,40.2847,40.2847,40.2847,40.2847,1,0
DWUS.US,D,20240119,000000,40.03,40.77,40.03,40.756,1709,0
DWUS.US,D,20240122,000000,40.94,40.94,40.94,40.94,30,0
DWUS.US,D,20240123,000000,40.8999,40.985,40.86,40.985,1713,0
DWUS.US,D,20240124,000000,41.37,41.4997,41.16,41.16,2634,0
DWUS.US,D,20240125,000000,41.43,41.43,41.43,41.43,12,0
DWUS.US,D,20240126,000000,41.3844,41.3844,41.2,41.2,420,0
DWUS.US,D,20240129,000000,41.3222,41.66,41.3099,41.66,3067,0
DWUS.US,D,20240130,000000,41.44,41.4922,41.41,41.41,878,0
DWUS.US,D,20240131,000000,41,41.0101,40.61,40.61,4762,0
DWUS.US,D,20240201,000000,40.93,41.02,40.7,41.02,3486,0
DWUS.US,D,20240202,000000,41.57,41.8059,41.57,41.8059,1797,0
DWUS.US,D,20240205,000000,41.65,41.67,41.42,41.42,9264,0
DWUS.US,D,20240206,000000,41.6344,41.6344,41.49,41.5454,4556,0
DWUS.US,D,20240207,000000,42.12,42.2,42.0408,42.0408,2775,0
DWUS.US,D,20240208,000000,42.26,42.41,42.11,42.1616,1405,0
DWUS.US,D,20240209,000000,42.29,42.76,42.29,42.71,2937,0
DWUS.US,D,20240212,000000,42.8401,42.96,42.42,42.46,2443,0
DWUS.US,D,20240213,000000,42.04,42.33,41.57,41.87,5760,0
DWUS.US,D,20240214,000000,42.39,42.66,42.3425,42.5197,4710,0
DWUS.US,D,20240215,000000,42.57,42.83,42.5603,42.612,2235,0
DWUS.US,D,20240216,000000,42.38,42.38,42.21,42.2318,667,0
DWUS.US,D,20240220,000000,40.15,41.87,40.15,41.78,2815,0
DWUS.US,D,20240221,000000,41.39,41.6199,41.27,41.5198,9003,0
DWUS.US,D,20240222,000000,42.84,43.09,42.84,42.9666,1300,0
DWUS.US,D,20240223,000000,43.13,43.13,42.9163,42.9163,2227,0
DWUS.US,D,20240226,000000,42.64,43.25,42.64,43.047,5375,0
DWUS.US,D,20240227,000000,43.081,43.18,43,43.18,1381,0
DWUS.US,D,20240228,000000,42.87,42.88,42.84,42.88,1120,0
DWUS.US,D,20240229,000000,43.35,43.36,43.18,43.3,3606,0
DWUS.US,D,20240301,000000,44.17,44.25,44.17,44.25,152,0
DWUS.US,D,20240304,000000,44.33,44.33,44.33,44.33,52,0
DWUS.US,D,20240305,000000,43.41,43.41,43.41,43.41,43,0
DWUS.US,D,20240306,000000,43.9799,43.9799,43.89,43.89,508,0
DWUS.US,D,20240307,000000,44.59,44.67,44.5757,44.5757,2544,0
DWUS.US,D,20240308,000000,44.68,44.68,43.82,43.82,728,0
DWUS.US,D,20240311,000000,43.39,43.41,43.39,43.39,908,0
DWUS.US,D,20240312,000000,43.5,44.11,43.46,44.11,2368,0
DWUS.US,D,20240313,000000,43.91,43.92,43.8,43.8,7248,0
DWUS.US,D,20240314,000000,43.72,43.75,43.72,43.75,555,0
DWUS.US,D,20240315,000000,43.23,43.23,43.08,43.08,3666,0
DWUS.US,D,20240318,000000,43.6,43.6,43.4927,43.4927,172,0
DWUS.US,D,20240319,000000,43.6684,43.6684,43.6684,43.6684,211,0
DWUS.US,D,20240320,000000,44.1547,44.1547,44.1547,44.1547,4,0
DWUS.US,D,20240321,000000,44.66,44.66,44.5247,44.5247,302,0
DWUS.US,D,20240322,000000,44.36,44.595,44.36,44.5212,3601,0
DWUS.US,D,20240325,000000,44.24,44.4152,44.24,44.4152,275,0
DWUS.US,D,20240326,000000,44.5,44.5001,44.26,44.26,446,0
DWUS.US,D,20240327,000000,44.59,44.59,44.07,44.3282,3709,0
DWUS.US,D,20240328,000000,44.3302,44.3302,44.3302,44.3302,3,0
DWUS.US,D,20240401,000000,44.29,44.3124,44.24,44.3124,1654,0
DWUS.US,D,20240402,000000,43.7582,43.9861,43.7582,43.9861,748,0
DWUS.US,D,20240403,000000,44.3,44.31,44.2106,44.2106,1468,0
DWUS.US,D,20240404,000000,43.4635,43.4635,43.4635,43.4635,2,0
DWUS.US,D,20240405,000000,43.9209,44.137,43.9209,44.137,271,0
DWUS.US,D,20240408,000000,43.98,43.9801,43.98,43.9801,258,0
DWUS.US,D,20240409,000000,44.02,44.02,43.69,43.9361,5563,0
DWUS.US,D,20240410,000000,43.6628,43.6628,43.64,43.64,572,0
DWUS.US,D,20240411,000000,43.8075,44.3999,43.8,44.3626,6571,0
DWUS.US,D,20240412,000000,43.76,43.87,43.512,43.512,1574,0
DWUS.US,D,20240415,000000,43.11,43.11,42.76,42.8275,462,0
DWUS.US,D,20240416,000000,43.03,43.03,42.9293,42.9293,1751,0
DWUS.US,D,20240417,000000,42.42,42.42,42.3864,42.3864,645,0
DWUS.US,D,20240418,000000,42.1151,42.1151,42.1151,42.1151,3,0
DWUS.US,D,20240419,000000,41.9175,41.9175,41.55,41.565,1068,0
DWUS.US,D,20240422,000000,41.5152,41.5152,41.5152,41.5152,7,0
DWUS.US,D,20240423,000000,42.03,42.2831,41.9,42.2831,6772,0
DWUS.US,D,20240424,000000,42.6368,42.6368,42.15,42.2656,7945,0
DWUS.US,D,20240425,000000,42.0616,42.0616,42.0616,42.0616,3,0
DWUS.US,D,20240426,000000,42.6916,42.6916,42.6916,42.6916,27,0
DWUS.US,D,20240429,000000,42.73,42.7301,42.64,42.7301,813,0
DWUS.US,D,20240430,000000,42.0871,42.0871,42.0871,42.0871,4,0
DWUS.US,D,20240501,000000,41.7275,41.7275,41.7275,41.7275,12,0
DWUS.US,D,20240502,000000,42.005,42.25,41.675,42.1722,7681,0
DWUS.US,D,20240503,000000,42.83,42.92,42.83,42.92,199,0
DWUS.US,D,20240506,000000,43.4,43.5754,43.24,43.5754,2752,0
DWUS.US,D,20240507,000000,43.7,43.7,43.599,43.599,774,0
DWUS.US,D,20240508,000000,43.58,43.6439,43.58,43.6439,442,0
DWUS.US,D,20240509,000000,43.6933,43.6933,43.6933,43.6933,5,0
DWUS.US,D,20240510,000000,43.8134,43.8134,43.8134,43.8134,6,0
DWUS.US,D,20240513,000000,43.76,43.76,43.7216,43.7216,652,0
DWUS.US,D,20240514,000000,44.0599,44.0599,43.95,44.0479,345,0
DWUS.US,D,20240515,000000,44.44,44.8496,44.44,44.8496,308,0
DWUS.US,D,20240516,000000,44.95,45,44.7252,44.7252,2969,0
DWUS.US,D,20240517,000000,44.5,44.5955,44.5,44.5955,277,0
DWUS.US,D,20240520,000000,44.84,44.9164,44.84,44.9164,321,0
DWUS.US,D,20240521,000000,44.61,44.91,44.61,44.91,1575,0
DWUS.US,D,20240522,000000,44.8891,44.8891,44.8891,44.8891,1,0
DWUS.US,D,20240523,000000,45.41,45.41,44.8591,44.8591,1108,0
DWUS.US,D,20240524,000000,45.27,45.27,45.23,45.2545,1418,0
DWUS.US,D,20240528,000000,45.41,45.41,45.37,45.37,1290,0
DWUS.US,D,20240529,000000,45.32,45.32,45.0707,45.0707,2880,0
DWUS.US,D,20240530,000000,44.4753,44.4753,44.4753,44.4753,1,0
DWUS.US,D,20240531,000000,44.405,44.405,44.405,44.405,72,0
DWUS.US,D,20240603,000000,44.3833,44.3833,44.3833,44.3833,13,0
DWUS.US,D,20240604,000000,44.38,44.56,44.306,44.5243,948,0
DWUS.US,D,20240605,000000,44.72,45.4191,44.72,45.4191,971,0
DWUS.US,D,20240606,000000,45.3131,45.3131,45.3131,45.3131,2,0
DWUS.US,D,20240607,000000,45.41,45.45,45.3391,45.3391,650,0
DWUS.US,D,20240610,000000,45.41,45.6517,45.41,45.6517,856,0
DWUS.US,D,20240611,000000,45.7387,45.7387,45.7387,45.7387,44,0
DWUS.US,D,20240612,000000,46.3736,46.3736,46.3736,46.3736,40,0
DWUS.US,D,20240613,000000,46.7253,46.7253,46.7253,46.7253,2,0
DWUS.US,D,20240614,000000,46.6258,46.6258,46.6,46.615,661,0
DWUS.US,D,20240617,000000,46.7,47.6,46.7,47.4304,7533,0
DWUS.US,D,20240618,000000,47.6,47.66,47.6,47.6186,585,0
DWUS.US,D,20240620,000000,47.5977,47.6057,47.1884,47.1884,623,0
DWUS.US,D,20240621,000000,46.935,46.935,46.935,46.935,4,0
DWUS.US,D,20240624,000000,46.83,46.83,46.4408,46.4408,706,0
DWUS.US,D,20240625,000000,46.65,46.8938,46.65,46.8938,497,0
DWUS.US,D,20240626,000000,46.9,46.9146,46.9,46.9146,167,0
DWUS.US,D,20240627,000000,46.8352,46.97,46.8352,46.9391,1089,0
DWUS.US,D,20240628,000000,47.2,47.2,46.8618,46.8618,104,0
DWUS.US,D,20240701,000000,46.96,47.07,46.96,47.05,674,0
DWUS.US,D,20240702,000000,47.35,47.35,47.35,47.35,125,0
DWUS.US,D,20240703,000000,47.85,47.85,47.85,47.85,42,0
DWUS.US,D,20240705,000000,47.8755,48.06,47.8755,48.06,4736,0
DWUS.US,D,20240708,000000,48.32,48.32,48.32,48.32,150,0
DWUS.US,D,20240709,000000,48.5297,48.5297,48.3504,48.3537,1984,0
DWUS.US,D,20240710,000000,48.755,48.88,48.755,48.88,695,0
DWUS.US,D,20240711,000000,48.73,48.73,47.92,47.971,3278,0
DWUS.US,D,20240712,000000,48.36,48.5499,48.1096,48.1096,1687,0
DWUS.US,D,20240715,000000,48.59,48.59,48.37,48.37,335,0
DWUS.US,D,20240716,000000,48.38,48.38,48.38,48.38,102,0
DWUS.US,D,20240717,000000,46.78,46.78,46.78,46.78,17,0
DWUS.US,D,20240718,000000,47.21,47.21,46.52,46.57,653,0
DWUS.US,D,20240719,000000,46.15,46.15,46.15,46.15,8,0
DWUS.US,D,20240722,000000,46.8402,46.98,46.8402,46.86,1393,0
DWUS.US,D,20240723,000000,46.94,46.94,46.94,46.94,120,0
DWUS.US,D,20240724,000000,46.33,46.33,45.23,45.23,110,0
DWUS.US,D,20240725,000000,44.545,44.7258,44.545,44.7258,1748,0
DWUS.US,D,20240726,000000,45.37,45.37,45.1515,45.1515,205,0
DWUS.US,D,20240729,000000,45.28,45.4015,45.1,45.1,1322,0
DWUS.US,D,20240730,000000,45.4,45.465,44.5625,44.5625,1935,0
DWUS.US,D,20240731,000000,45.78,45.9378,45.78,45.9378,766,0
DWUS.US,D,20240801,000000,45.15,45.1761,44.38,44.7787,6188,0
DWUS.US,D,20240802,000000,43.83,43.9239,43.38,43.4,7206,0
DWUS.US,D,20240805,000000,41.235,42.5568,40.88,42.25,14761,0
DWUS.US,D,20240806,000000,43.22,43.26,42.748,42.748,519,0
DWUS.US,D,20240807,000000,43.09,43.0908,42.26,42.26,1234,0
DWUS.US,D,20240808,000000,43.38,43.38,43.38,43.38,184,0
DWUS.US,D,20240809,000000,43.73,43.73,43.73,43.73,58,0
DWUS.US,D,20240812,000000,43.68,43.87,43.61,43.65,1158,0
DWUS.US,D,20240813,000000,44.27,44.5972,44.16,44.5972,4514,0
DWUS.US,D,20240814,000000,44.56,44.7406,44.56,44.7406,1163,0
DWUS.US,D,20240815,000000,45.39,45.67,45.39,45.57,4048,0
DWUS.US,D,20240816,000000,45.64,45.6992,45.6224,45.6992,629,0
DWUS.US,D,20240819,000000,45.7104,46.1855,45.64,46.1855,4187,0
DWUS.US,D,20240820,000000,46.2899,46.2899,46.04,46.18,1778,0
DWUS.US,D,20240821,000000,46.345,46.345,46.345,46.345,133,0
DWUS.US,D,20240822,000000,46.305,46.305,45.71,45.71,431,0
DWUS.US,D,20240823,000000,46.22,46.2554,46.16,46.2554,796,0
DWUS.US,D,20240826,000000,46.02,46.02,46.02,46.02,49,0
DWUS.US,D,20240827,000000,46.0787,46.0787,46.0787,46.0787,53,0
DWUS.US,D,20240828,000000,45.5,45.6952,45.49,45.6952,1649,0
DWUS.US,D,20240829,000000,46.1619,46.1619,45.58,45.6,1528,0
DWUS.US,D,20240830,000000,46.09,46.09,46.09,46.09,214,0
DWUS.US,D,20240903,000000,45.96,45.96,44.75,44.99,7530,0
DWUS.US,D,20240904,000000,45,45,44.8,44.8955,932,0
DWUS.US,D,20240905,000000,44.78,44.79,44.65,44.7334,4244,0
DWUS.US,D,20240906,000000,43.91,43.91,43.91,43.91,15,0
DWUS.US,D,20240909,000000,44.32,44.32,44.32,44.32,12,0
DWUS.US,D,20240910,000000,44.74,44.74,44.74,44.74,6,0
DWUS.US,D,20240911,000000,45.3477,45.3477,45.32,45.32,5606,0
DWUS.US,D,20240912,000000,45.56,45.8392,45.56,45.755,5427,0
DWUS.US,D,20240913,000000,46.09,46.09,45.96,46.0184,2845,0
DWUS.US,D,20240916,000000,45.9541,45.9541,45.9541,45.9541,15,0
DWUS.US,D,20240917,000000,46.125,46.125,45.94,45.94,489,0
DWUS.US,D,20240918,000000,45.73,45.73,45.73,45.73,65,0
DWUS.US,D,20240919,000000,46.7589,46.7589,46.7589,46.7589,5,0
DWUS.US,D,20240920,000000,46.65,46.653,46.55,46.653,832,0
DWUS.US,D,20240923,000000,46.78,46.87,46.78,46.8269,1084,0
DWUS.US,D,20240924,000000,46.98,46.98,46.925,46.9611,2982,0
DWUS.US,D,20240925,000000,46.84,46.935,46.84,46.935,340,0
DWUS.US,D,20240926,000000,47.37,47.37,47.14,47.14,109,0
DWUS.US,D,20240927,000000,47.0644,47.0644,47.0644,47.0644,1,0
DWUS.US,D,20240930,000000,47.0001,47.1841,46.84,47.1841,4390,0
DWUS.US,D,20241001,000000,46.56,46.6459,46.56,46.6459,372,0
DWUS.US,D,20241002,000000,46.7057,46.7057,46.7057,46.7057,81,0
DWUS.US,D,20241003,000000,46.7,46.7,46.6217,46.6217,625,0
DWUS.US,D,20241004,000000,46.87,47.07,46.87,47.07,3223,0
DWUS.US,D,20241007,000000,46.71,46.71,46.71,46.71,3,0
DWUS.US,D,20241008,000000,47.15,47.15,47.15,47.15,20,0
DWUS.US,D,20241009,000000,47.46,47.6219,47.4588,47.6219,13953,0
DWUS.US,D,20241010,000000,47.43,47.43,47.43,47.43,180,0
DWUS.US,D,20241011,000000,47.79,47.79,47.6879,47.6879,363,0
DWUS.US,D,20241014,000000,48.03,48.0737,47.99,48.0737,389,0
DWUS.US,D,20241015,000000,47.5216,47.5216,47.5216,47.5216,2,0
DWUS.US,D,20241016,000000,47.6,47.6,47.6,47.6,13,0
DWUS.US,D,20241017,000000,47.9092,47.9092,47.62,47.62,566,0
DWUS.US,D,20241018,000000,47.8832,47.9619,47.8832,47.9619,1347,0
DWUS.US,D,20241021,000000,47.92,47.98,47.92,47.98,1725,0
DWUS.US,D,20241022,000000,47.8177,47.89,47.815,47.89,700,0
DWUS.US,D,20241023,000000,47.4,47.4,47.4,47.4,5,0
DWUS.US,D,20241024,000000,47.56,47.56,47.52,47.52,145,0
DWUS.US,D,20241025,000000,47.79,47.79,47.79,47.79,4,0
DWUS.US,D,20241028,000000,47.93,47.93,47.73,47.73,2182,0
DWUS.US,D,20241029,000000,48.0315,48.0315,48.0315,48.0315,4,0
DWUS.US,D,20241030,000000,47.7655,47.7655,47.7655,47.7655,3,0
DWUS.US,D,20241031,000000,46.9051,46.9051,46.8315,46.8315,211,0
