<TICKER>,<PER>,<DATE>,<TIME>,<OPEN>,<HIGH>,<LOW>,<CLOSE>,<VOL>,<OPENINT>
EBIZ.US,D,20181130,000000,15.404,15.481,15.404,15.481,889,0
EBIZ.US,D,20181203,000000,15.999,15.999,15.75,15.75,3049,0
EBIZ.US,D,20181204,000000,15.77,15.77,15.404,15.404,2066,0
EBIZ.US,D,20181206,000000,14.976,15.304,14.976,15.304,2083,0
EBIZ.US,D,20181207,000000,15.464,15.464,15.254,15.254,1349,0
EBIZ.US,D,20181210,000000,15.057,15.106,14.818,15.086,1811,0
EBIZ.US,D,20181211,000000,15.234,15.234,15.234,15.234,1052,0
EBIZ.US,D,20181212,000000,15.245,15.434,15.245,15.403,543,0
EBIZ.US,D,20181213,000000,15.314,15.314,15.314,15.314,100,0
EBIZ.US,D,20181217,000000,14.59,14.59,14.303,14.303,1303,0
EBIZ.US,D,20181218,000000,14.244,14.244,14.114,14.114,576,0
EBIZ.US,D,20181219,000000,13.778,13.778,13.778,13.778,137,0
EBIZ.US,D,20190107,000000,14.589,14.61,14.57,14.61,806,0
EBIZ.US,D,20190108,000000,14.739,14.739,14.68,14.68,637,0
EBIZ.US,D,20190109,000000,14.928,14.994,14.928,14.994,387,0
EBIZ.US,D,20190110,000000,14.703,14.808,14.703,14.808,3133,0
EBIZ.US,D,20190111,000000,14.868,14.868,14.868,14.868,325,0
EBIZ.US,D,20190114,000000,14.798,14.848,14.793,14.828,7064,0
EBIZ.US,D,20190115,000000,14.953,15.037,14.953,15.008,1504,0
EBIZ.US,D,20190116,000000,15.076,15.175,15.076,15.175,2756,0
EBIZ.US,D,20190117,000000,15.235,15.354,15.195,15.354,695,0
EBIZ.US,D,20190118,000000,15.464,15.563,15.464,15.553,4374,0
EBIZ.US,D,20190122,000000,15.324,15.324,15.324,15.324,395,0
EBIZ.US,D,20190123,000000,15.245,15.245,15.245,15.245,1945,0
EBIZ.US,D,20190124,000000,15.454,15.454,15.374,15.444,632,0
EBIZ.US,D,20190125,000000,15.623,15.623,15.623,15.623,377,0
EBIZ.US,D,20190128,000000,15.555,15.764,15.543,15.764,1262,0
EBIZ.US,D,20190129,000000,15.691,15.691,15.663,15.672,3848,0
EBIZ.US,D,20190130,000000,15.959,15.959,15.951,15.951,1104,0
EBIZ.US,D,20190131,000000,16.019,16.019,16.019,16.019,481,0
EBIZ.US,D,20190201,000000,16.073,16.103,16.071,16.098,1532,0
EBIZ.US,D,20190204,000000,16.148,16.148,16.148,16.148,684,0
EBIZ.US,D,20190205,000000,16.395,16.633,16.395,16.544,2206,0
EBIZ.US,D,20190206,000000,16.372,16.372,16.372,16.372,729,0
EBIZ.US,D,20190207,000000,16.118,16.118,15.93,16.02,2793,0
EBIZ.US,D,20190208,000000,16.029,16.138,16.029,16.118,1255,0
EBIZ.US,D,20190211,000000,16.216,16.227,16.167,16.217,32142,0
EBIZ.US,D,20190212,000000,16.365,16.465,16.365,16.465,3590,0
EBIZ.US,D,20190213,000000,16.386,16.386,16.088,16.267,34556,0
EBIZ.US,D,20190214,000000,16.267,16.277,16.227,16.227,12515,0
EBIZ.US,D,20190215,000000,16.247,16.286,16.227,16.227,1592,0
EBIZ.US,D,20190219,000000,16.427,16.427,16.326,16.326,1026,0
EBIZ.US,D,20190221,000000,16.069,16.069,16.069,16.069,164,0
EBIZ.US,D,20190222,000000,16.287,16.287,16.257,16.257,2070,0
EBIZ.US,D,20190225,000000,16.595,16.663,16.554,16.554,1675,0
EBIZ.US,D,20190226,000000,16.733,16.91,16.733,16.833,2571,0
EBIZ.US,D,20190227,000000,16.961,17.193,16.961,17.119,5130,0
EBIZ.US,D,20190228,000000,17.119,17.119,16.961,16.961,9737,0
EBIZ.US,D,20190301,000000,17.109,17.109,17.007,17.007,3237,0
EBIZ.US,D,20190304,000000,17.129,17.129,16.931,16.931,1285,0
EBIZ.US,D,20190305,000000,17.348,17.348,17.318,17.318,6542,0
EBIZ.US,D,20190306,000000,17.418,17.418,17.117,17.117,1723,0
EBIZ.US,D,20190307,000000,16.953,16.953,16.703,16.732,1011,0
EBIZ.US,D,20190308,000000,16.445,16.614,16.445,16.594,1226,0
EBIZ.US,D,20190311,000000,16.733,17.042,16.733,17.042,2621,0
EBIZ.US,D,20190312,000000,17.077,17.128,17.077,17.128,1000,0
EBIZ.US,D,20190313,000000,17.229,17.279,17.229,17.279,8165,0
EBIZ.US,D,20190314,000000,17.249,17.249,17.148,17.148,981,0
EBIZ.US,D,20190315,000000,17.206,17.269,17.2,17.245,1256,0
EBIZ.US,D,20190318,000000,17.239,17.348,17.239,17.348,2044,0
EBIZ.US,D,20190319,000000,17.497,17.497,17.309,17.309,4433,0
EBIZ.US,D,20190320,000000,17.289,17.289,17.227,17.227,1344,0
EBIZ.US,D,20190321,000000,17.338,17.48,17.338,17.48,2453,0
EBIZ.US,D,20190322,000000,17.299,17.299,17.037,17.037,2064,0
EBIZ.US,D,20190325,000000,17.03,17.09,16.971,17.09,1964,0
EBIZ.US,D,20190326,000000,17.233,17.233,17.233,17.233,135,0
EBIZ.US,D,20190327,000000,17.111,17.111,17.111,17.111,200,0
EBIZ.US,D,20190328,000000,17.259,17.259,17.259,17.259,198,0
EBIZ.US,D,20190329,000000,17.455,17.455,17.455,17.455,652,0
EBIZ.US,D,20190401,000000,17.695,17.774,17.645,17.765,1078,0
EBIZ.US,D,20190402,000000,17.705,17.705,17.622,17.622,3035,0
EBIZ.US,D,20190403,000000,17.854,17.923,17.834,17.908,2545,0
EBIZ.US,D,20190404,000000,17.814,17.814,17.669,17.814,2234,0
EBIZ.US,D,20190405,000000,18.002,18.062,18.002,18.011,3262,0
EBIZ.US,D,20190408,000000,17.963,17.993,17.963,17.993,3384,0
EBIZ.US,D,20190409,000000,17.923,17.942,17.907,17.907,716,0
EBIZ.US,D,20190410,000000,17.931,17.931,17.931,17.931,330,0
EBIZ.US,D,20190411,000000,17.923,17.923,17.888,17.888,950,0
EBIZ.US,D,20190412,000000,18.141,18.141,17.973,17.973,920,0
EBIZ.US,D,20190415,000000,18.012,18.012,17.854,17.858,6206,0
EBIZ.US,D,20190416,000000,17.962,17.973,17.962,17.973,1219,0
EBIZ.US,D,20190417,000000,17.856,17.933,17.856,17.932,1023,0
EBIZ.US,D,20190418,000000,17.854,17.916,17.755,17.901,2151,0
EBIZ.US,D,20190422,000000,17.922,17.922,17.922,17.922,250,0
EBIZ.US,D,20190423,000000,18.141,18.151,18.141,18.151,815,0
EBIZ.US,D,20190424,000000,18.31,18.31,18.151,18.151,4674,0
EBIZ.US,D,20190425,000000,18.211,18.25,18.201,18.201,11117,0
EBIZ.US,D,20190426,000000,18.32,18.379,18.217,18.331,4001,0
EBIZ.US,D,20190429,000000,18.379,18.558,18.374,18.539,3655,0
EBIZ.US,D,20190430,000000,18.59,18.618,18.553,18.618,1595,0
EBIZ.US,D,20190501,000000,18.727,18.747,18.588,18.588,5509,0
EBIZ.US,D,20190502,000000,18.389,18.582,18.379,18.46,6810,0
EBIZ.US,D,20190503,000000,18.875,18.974,18.839,18.974,4289,0
EBIZ.US,D,20190506,000000,18.429,18.631,18.349,18.619,5238,0
EBIZ.US,D,20190507,000000,18.608,18.608,18.042,18.043,7908,0
EBIZ.US,D,20190508,000000,18.205,18.205,18.205,18.205,611,0
EBIZ.US,D,20190509,000000,17.923,17.923,17.545,17.869,19737,0
EBIZ.US,D,20190510,000000,17.834,17.834,17.437,17.735,2029,0
EBIZ.US,D,20190513,000000,17.099,17.109,17.02,17.09,24726,0
EBIZ.US,D,20190514,000000,17.296,17.437,17.296,17.415,1508,0
EBIZ.US,D,20190515,000000,17.507,17.645,17.507,17.635,4033,0
EBIZ.US,D,20190516,000000,17.725,17.993,17.725,17.819,1985,0
EBIZ.US,D,20190517,000000,17.536,17.635,17.507,17.507,3377,0
EBIZ.US,D,20190520,000000,17.149,17.229,17.099,17.229,1342,0
EBIZ.US,D,20190521,000000,17.463,17.497,17.463,17.472,2256,0
EBIZ.US,D,20190522,000000,17.308,17.308,17.288,17.288,655,0
EBIZ.US,D,20190523,000000,17,17,16.862,16.943,937,0
EBIZ.US,D,20190524,000000,17.189,17.189,17.03,17.03,1211,0
EBIZ.US,D,20190528,000000,17.199,17.199,17.132,17.159,2186,0
EBIZ.US,D,20190529,000000,16.87,16.887,16.862,16.862,1702,0
EBIZ.US,D,20190530,000000,16.865,16.882,16.865,16.875,3857,0
EBIZ.US,D,20190531,000000,16.902,16.902,16.872,16.872,2739,0
EBIZ.US,D,20190603,000000,16.793,16.823,16.683,16.683,2725,0
EBIZ.US,D,20190604,000000,16.808,17.02,16.808,17.02,2761,0
EBIZ.US,D,20190605,000000,16.985,16.985,16.985,16.985,294,0
EBIZ.US,D,20190606,000000,17.01,17.01,17.01,17.01,969,0
EBIZ.US,D,20190607,000000,17.229,17.456,17.229,17.408,3734,0
EBIZ.US,D,20190610,000000,17.695,17.927,17.615,17.714,12042,0
EBIZ.US,D,20190611,000000,17.903,17.942,17.827,17.827,2520,0
EBIZ.US,D,20190612,000000,17.834,17.857,17.834,17.857,653,0
EBIZ.US,D,20190613,000000,17.993,17.993,17.943,17.972,20738,0
EBIZ.US,D,20190614,000000,17.864,17.864,17.736,17.748,1192,0
EBIZ.US,D,20190617,000000,17.878,17.878,17.878,17.878,371,0
EBIZ.US,D,20190618,000000,18.149,18.149,18.141,18.141,1290,0
EBIZ.US,D,20190619,000000,18.052,18.304,18.052,18.304,729,0
EBIZ.US,D,20190620,000000,18.668,18.668,18.32,18.361,2491,0
EBIZ.US,D,20190624,000000,18.359,18.359,18.161,18.172,3205,0
EBIZ.US,D,20190625,000000,17.844,17.844,17.794,17.794,7297,0
EBIZ.US,D,20190626,000000,17.933,17.933,17.824,17.903,2154,0
EBIZ.US,D,20190627,000000,18.106,18.122,18.106,18.122,1099,0
EBIZ.US,D,20190628,000000,18.12,18.12,18.09,18.09,735,0
EBIZ.US,D,20190701,000000,18.538,18.538,18.349,18.399,2208,0
EBIZ.US,D,20190703,000000,18.454,18.498,18.419,18.477,4358,0
EBIZ.US,D,20190705,000000,18.349,18.478,18.3,18.429,5056,0
EBIZ.US,D,20190708,000000,18.263,18.271,18.25,18.25,1454,0
EBIZ.US,D,20190709,000000,18.102,18.151,18.092,18.092,3665,0
EBIZ.US,D,20190710,000000,18.454,18.454,18.33,18.348,1392,0
EBIZ.US,D,20190711,000000,18.355,18.355,18.223,18.26,3858,0
EBIZ.US,D,20190712,000000,18.27,18.33,18.27,18.33,2989,0
EBIZ.US,D,20190715,000000,18.449,18.502,18.423,18.502,2330,0
EBIZ.US,D,20190716,000000,18.538,18.538,18.498,18.498,2510,0
EBIZ.US,D,20190717,000000,18.399,18.514,18.399,18.477,2137,0
EBIZ.US,D,20190718,000000,18.258,18.29,18.122,18.256,4107,0
EBIZ.US,D,20190722,000000,18.399,18.458,18.379,18.407,5998,0
EBIZ.US,D,20190723,000000,18.442,18.509,18.349,18.509,4351,0
EBIZ.US,D,20190724,000000,18.578,18.668,18.577,18.668,2148,0
EBIZ.US,D,20190725,000000,18.687,18.687,18.648,18.654,2362,0
EBIZ.US,D,20190726,000000,18.678,18.731,18.678,18.731,2529,0
EBIZ.US,D,20190729,000000,18.648,18.648,18.407,18.578,2868,0
EBIZ.US,D,20190730,000000,18.449,18.449,18.281,18.281,7444,0
EBIZ.US,D,20190731,000000,18.161,18.3,18.072,18.114,7361,0
EBIZ.US,D,20190801,000000,18.349,18.478,17.963,17.963,3569,0
EBIZ.US,D,20190802,000000,17.765,17.774,17.495,17.564,8925,0
EBIZ.US,D,20190805,000000,17.149,17.149,16.674,16.763,20497,0
EBIZ.US,D,20190806,000000,17.07,17.07,16.961,17.07,1307,0
EBIZ.US,D,20190807,000000,16.961,16.961,16.961,16.961,621,0
EBIZ.US,D,20190808,000000,17.481,17.705,17.481,17.705,485,0
EBIZ.US,D,20190809,000000,17.744,17.744,17.554,17.665,4262,0
EBIZ.US,D,20190812,000000,17.239,17.289,17.239,17.289,3143,0
EBIZ.US,D,20190813,000000,17.405,17.651,17.405,17.651,994,0
EBIZ.US,D,20190814,000000,17.189,17.189,16.98,17.051,3974,0
EBIZ.US,D,20190815,000000,16.932,17.129,16.932,16.962,3331,0
EBIZ.US,D,20190816,000000,17.186,17.338,17.169,17.338,1676,0
EBIZ.US,D,20190819,000000,17.487,17.636,17.487,17.585,2731,0
EBIZ.US,D,20190821,000000,17.716,17.745,17.716,17.745,575,0
EBIZ.US,D,20190822,000000,17.477,17.477,17.374,17.374,9237,0
EBIZ.US,D,20190823,000000,17.11,17.136,17.091,17.099,896,0
EBIZ.US,D,20190826,000000,17.173,17.173,17.139,17.16,1074,0
EBIZ.US,D,20190827,000000,17.279,17.279,17.142,17.142,606,0
EBIZ.US,D,20190828,000000,17.051,17.22,17.051,17.22,678,0
EBIZ.US,D,20190829,000000,17.497,17.497,17.456,17.456,359,0
EBIZ.US,D,20190830,000000,17.545,17.545,17.385,17.385,1264,0
EBIZ.US,D,20190903,000000,17.239,17.289,17.143,17.16,1535,0
EBIZ.US,D,20190905,000000,17.655,17.775,17.608,17.775,1878,0
EBIZ.US,D,20190906,000000,17.784,17.805,17.784,17.805,1703,0
EBIZ.US,D,20190909,000000,17.721,17.721,17.717,17.717,665,0
EBIZ.US,D,20190910,000000,17.508,17.508,17.508,17.508,711,0
EBIZ.US,D,20190911,000000,17.854,17.93,17.844,17.93,1317,0
EBIZ.US,D,20190912,000000,17.977,18.002,17.937,17.985,2044,0
EBIZ.US,D,20190913,000000,18.107,18.117,18.082,18.102,1688,0
EBIZ.US,D,20190916,000000,17.923,17.975,17.923,17.975,1504,0
EBIZ.US,D,20190917,000000,18.022,18.022,18.022,18.022,3035,0
EBIZ.US,D,20190918,000000,18.001,18.002,17.894,17.894,714,0
EBIZ.US,D,20190919,000000,17.901,17.901,17.901,17.901,249,0
EBIZ.US,D,20190920,000000,17.892,17.892,17.868,17.868,394,0
EBIZ.US,D,20190923,000000,17.715,17.715,17.555,17.555,3961,0
EBIZ.US,D,20190924,000000,17.565,17.565,17.565,17.565,328,0
EBIZ.US,D,20190926,000000,17.178,17.222,17.178,17.222,1040,0
EBIZ.US,D,20190927,000000,17.209,17.254,17.209,17.254,419,0
EBIZ.US,D,20190930,000000,16.892,17.05,16.892,17.05,608,0
EBIZ.US,D,20191002,000000,16.564,16.574,16.564,16.574,830,0
EBIZ.US,D,20191003,000000,16.544,16.772,16.544,16.772,2503,0
EBIZ.US,D,20191004,000000,16.858,16.892,16.843,16.892,1178,0
EBIZ.US,D,20191007,000000,16.862,16.863,16.862,16.863,1071,0
EBIZ.US,D,20191008,000000,16.683,16.683,16.564,16.585,732,0
EBIZ.US,D,20191010,000000,16.564,16.801,16.564,16.757,2321,0
EBIZ.US,D,20191014,000000,17.138,17.143,17.138,17.143,331,0
EBIZ.US,D,20191015,000000,17.418,17.473,17.418,17.469,758,0
EBIZ.US,D,20191017,000000,17.655,17.655,17.625,17.626,1171,0
EBIZ.US,D,20191021,000000,17.502,17.502,17.502,17.502,208,0
EBIZ.US,D,20191022,000000,17.634,17.634,17.504,17.536,935,0
EBIZ.US,D,20191023,000000,17.428,17.446,17.428,17.446,1838,0
EBIZ.US,D,20191024,000000,17.543,17.543,17.543,17.543,101,0
EBIZ.US,D,20191025,000000,17.536,17.864,17.536,17.854,25918,0
EBIZ.US,D,20191028,000000,17.854,17.957,17.854,17.949,2280,0
EBIZ.US,D,20191030,000000,17.804,17.804,17.688,17.688,1031,0
EBIZ.US,D,20191031,000000,17.555,17.555,17.392,17.392,210,0
EBIZ.US,D,20191101,000000,17.58,17.58,17.511,17.511,530,0
EBIZ.US,D,20191104,000000,17.736,17.736,17.656,17.656,545,0
EBIZ.US,D,20191106,000000,17.695,17.695,17.467,17.486,3759,0
EBIZ.US,D,20191107,000000,17.575,17.575,17.269,17.269,3412,0
EBIZ.US,D,20191108,000000,17.129,17.129,17.089,17.113,3158,0
EBIZ.US,D,20191111,000000,17.046,17.129,17.016,17.109,2144,0
EBIZ.US,D,20191112,000000,17.044,17.06,16.971,17.06,597,0
EBIZ.US,D,20191113,000000,16.968,16.968,16.968,16.968,476,0
EBIZ.US,D,20191114,000000,16.961,16.961,16.951,16.951,1763,0
EBIZ.US,D,20191115,000000,17.109,17.109,17.089,17.089,395,0
EBIZ.US,D,20191119,000000,17.113,17.129,17.112,17.129,1450,0
EBIZ.US,D,20191120,000000,17.099,17.099,17.099,17.099,234,0
EBIZ.US,D,20191125,000000,17.159,17.432,17.159,17.432,127746,0
EBIZ.US,D,20191126,000000,17.447,17.6,17.428,17.6,4846,0
EBIZ.US,D,20191127,000000,17.665,17.733,17.649,17.733,1066,0
EBIZ.US,D,20191129,000000,17.705,17.77,17.705,17.765,1239,0
EBIZ.US,D,20191202,000000,17.605,17.605,17.338,17.43,6534,0
EBIZ.US,D,20191203,000000,17.27,17.421,17.27,17.421,2494,0
EBIZ.US,D,20191204,000000,17.536,17.635,17.507,17.507,1164,0
EBIZ.US,D,20191205,000000,17.565,17.565,17.526,17.526,6575,0
EBIZ.US,D,20191206,000000,17.697,17.697,17.66,17.66,253,0
EBIZ.US,D,20191209,000000,17.526,17.71,17.526,17.655,2728,0
EBIZ.US,D,20191210,000000,17.655,17.665,17.608,17.608,9339,0
EBIZ.US,D,20191211,000000,17.575,17.64,17.566,17.64,2609,0
EBIZ.US,D,20191212,000000,17.675,17.735,17.635,17.735,10286,0
EBIZ.US,D,20191213,000000,17.827,17.827,17.824,17.824,584,0
EBIZ.US,D,20191216,000000,18.002,18.002,17.966,17.978,412,0
EBIZ.US,D,20191217,000000,17.983,17.983,17.895,17.978,4247,0
EBIZ.US,D,20191218,000000,17.988,18.039,17.983,17.983,2584,0
EBIZ.US,D,20191219,000000,18.052,18.052,18.002,18.041,11375,0
EBIZ.US,D,20191220,000000,18.151,18.151,18.112,18.151,153,0
EBIZ.US,D,20191223,000000,18.28,18.28,18.201,18.231,1038,0
EBIZ.US,D,20191224,000000,18.302,18.302,18.25,18.28,1532,0
EBIZ.US,D,20191226,000000,18.386,18.478,18.386,18.431,816,0
EBIZ.US,D,20191227,000000,18.508,18.508,18.409,18.441,1615,0
EBIZ.US,D,20191230,000000,18.468,18.468,18.211,18.29,3365,0
EBIZ.US,D,20191231,000000,18.28,18.305,18.25,18.286,3208,0
EBIZ.US,D,20200102,000000,18.449,18.757,18.449,18.757,1967,0
EBIZ.US,D,20200103,000000,18.568,18.672,18.528,18.672,1714,0
EBIZ.US,D,20200106,000000,18.588,18.658,18.588,18.658,5862,0
EBIZ.US,D,20200107,000000,18.687,18.846,18.687,18.846,701,0
EBIZ.US,D,20200108,000000,18.866,19.025,18.866,18.916,1602,0
EBIZ.US,D,20200109,000000,18.995,19.037,18.935,19.037,2600,0
EBIZ.US,D,20200110,000000,19.145,19.145,18.981,19.065,2145,0
EBIZ.US,D,20200113,000000,19.194,19.406,19.194,19.385,3245,0
EBIZ.US,D,20200114,000000,19.382,19.382,19.3,19.348,6287,0
EBIZ.US,D,20200115,000000,19.432,19.432,19.333,19.333,2426,0
EBIZ.US,D,20200116,000000,19.472,19.481,19.472,19.481,450,0
EBIZ.US,D,20200117,000000,19.497,19.532,19.497,19.532,1216,0
EBIZ.US,D,20200121,000000,19.313,19.373,19.209,19.373,2712,0
EBIZ.US,D,20200122,000000,19.514,19.514,19.348,19.348,780,0
EBIZ.US,D,20200123,000000,19.045,19.229,19.045,19.229,665,0
EBIZ.US,D,20200124,000000,19.135,19.135,18.925,18.965,1553,0
EBIZ.US,D,20200127,000000,18.399,18.608,18.111,18.513,7953,0
EBIZ.US,D,20200128,000000,18.822,18.822,18.816,18.816,313,0
EBIZ.US,D,20200129,000000,18.777,18.786,18.777,18.786,919,0
EBIZ.US,D,20200130,000000,18.538,18.63,18.443,18.63,887,0
EBIZ.US,D,20200203,000000,18.444,18.444,18.439,18.439,335,0
EBIZ.US,D,20200204,000000,18.707,19.005,18.707,18.975,825,0
EBIZ.US,D,20200205,000000,18.877,19.01,18.877,19.005,1959,0
EBIZ.US,D,20200206,000000,19.035,19.095,19.035,19.095,828,0
EBIZ.US,D,20200207,000000,18.916,18.916,18.717,18.783,3597,0
EBIZ.US,D,20200210,000000,18.717,18.851,18.697,18.851,1997,0
EBIZ.US,D,20200211,000000,19.115,19.214,19.075,19.075,2190,0
EBIZ.US,D,20200212,000000,19.363,19.582,19.363,19.562,2174,0
EBIZ.US,D,20200213,000000,19.422,19.482,19.372,19.372,2178,0
EBIZ.US,D,20200214,000000,19.572,19.572,19.411,19.502,2550,0
EBIZ.US,D,20200218,000000,19.472,19.482,19.432,19.452,19005,0
EBIZ.US,D,20200219,000000,19.542,19.552,19.482,19.482,3457,0
EBIZ.US,D,20200220,000000,19.435,19.537,19.435,19.537,2422,0
EBIZ.US,D,20200221,000000,19.482,19.532,19.273,19.283,2651,0
EBIZ.US,D,20200224,000000,18.449,18.598,18.33,18.493,7604,0
EBIZ.US,D,20200225,000000,18.618,18.618,17.992,17.992,1941,0
EBIZ.US,D,20200226,000000,18.27,18.28,17.843,17.912,29157,0
EBIZ.US,D,20200227,000000,17.505,17.912,17.187,17.284,6173,0
EBIZ.US,D,20200228,000000,16.79,17.386,16.591,17.107,20552,0
EBIZ.US,D,20200302,000000,17.535,17.714,17.142,17.682,21268,0
EBIZ.US,D,20200303,000000,17.732,17.892,17.257,17.358,5663,0
EBIZ.US,D,20200304,000000,17.882,18.081,17.724,18.028,3313,0
EBIZ.US,D,20200305,000000,17.773,18.021,17.724,17.83,6822,0
EBIZ.US,D,20200306,000000,17.237,17.495,17.127,17.366,2941,0
EBIZ.US,D,20200309,000000,15.906,16.75,15.896,16.437,4704,0
EBIZ.US,D,20200310,000000,16.878,16.878,16.183,16.806,2134,0
EBIZ.US,D,20200311,000000,16.442,16.442,15.896,15.899,1695,0
EBIZ.US,D,20200312,000000,14.892,14.892,14.445,14.471,7235,0
EBIZ.US,D,20200313,000000,15.091,15.128,14.455,15.128,2932,0
EBIZ.US,D,20200316,000000,14.326,14.326,13.512,13.512,28642,0
EBIZ.US,D,20200317,000000,13.79,14.177,13.203,14.008,10940,0
EBIZ.US,D,20200318,000000,13.144,13.471,12.851,13.162,4471,0
EBIZ.US,D,20200319,000000,13.478,13.65,13.441,13.582,4704,0
EBIZ.US,D,20200320,000000,13.918,14.068,13.32,13.32,7872,0
EBIZ.US,D,20200323,000000,13.421,13.56,13.164,13.458,23648,0
EBIZ.US,D,20200324,000000,14.038,14.66,14.038,14.66,10642,0
EBIZ.US,D,20200325,000000,14.852,15.4,14.617,15.071,5836,0
EBIZ.US,D,20200326,000000,15.309,15.424,15.137,15.383,23778,0
EBIZ.US,D,20200327,000000,15.002,15.002,14.654,14.776,16007,0
EBIZ.US,D,20200330,000000,14.972,14.972,14.773,14.892,26235,0
EBIZ.US,D,20200331,000000,15.002,15.264,14.982,15.021,16260,0
EBIZ.US,D,20200401,000000,14.723,14.733,14.388,14.388,16457,0
EBIZ.US,D,20200402,000000,14.207,14.545,14.207,14.405,21405,0
EBIZ.US,D,20200403,000000,14.505,14.505,14.079,14.187,5020,0
EBIZ.US,D,20200406,000000,14.942,15.519,14.912,15.519,7822,0
EBIZ.US,D,20200407,000000,16.134,16.253,15.657,15.678,14377,0
EBIZ.US,D,20200408,000000,15.768,16.134,15.768,16.048,15675,0
EBIZ.US,D,20200409,000000,16.383,16.616,16.33,16.397,16492,0
EBIZ.US,D,20200413,000000,16.531,16.601,16.174,16.552,9467,0
EBIZ.US,D,20200414,000000,16.959,17.297,16.959,17.199,8047,0
EBIZ.US,D,20200415,000000,16.988,17.241,16.76,17.142,22698,0
EBIZ.US,D,20200416,000000,17.299,17.625,17.299,17.625,8201,0
EBIZ.US,D,20200417,000000,17.992,17.992,17.634,17.871,18774,0
EBIZ.US,D,20200420,000000,17.843,18.24,17.843,17.982,25293,0
EBIZ.US,D,20200421,000000,17.773,17.813,17.217,17.406,13325,0
EBIZ.US,D,20200422,000000,17.873,17.873,17.691,17.803,34204,0
EBIZ.US,D,20200423,000000,17.942,18.001,17.734,17.789,12036,0
EBIZ.US,D,20200424,000000,17.971,18.171,17.892,18.146,9312,0
EBIZ.US,D,20200427,000000,18.508,18.737,18.498,18.628,31749,0
EBIZ.US,D,20200428,000000,18.886,18.886,18.3,18.488,46966,0
EBIZ.US,D,20200429,000000,18.786,19.042,18.754,18.996,7667,0
EBIZ.US,D,20200430,000000,18.856,18.876,18.538,18.622,21319,0
EBIZ.US,D,20200501,000000,18.27,18.3,17.863,18.036,25170,0
EBIZ.US,D,20200504,000000,18.111,18.397,17.94,18.397,12775,0
EBIZ.US,D,20200505,000000,19.075,19.174,18.995,19.105,14206,0
EBIZ.US,D,20200506,000000,19.382,19.601,19.123,19.562,25533,0
EBIZ.US,D,20200507,000000,19.879,20.029,19.72,19.886,23842,0
EBIZ.US,D,20200508,000000,20.019,20.466,20.019,20.466,30511,0
EBIZ.US,D,20200511,000000,20.446,20.744,20.366,20.689,43463,0
EBIZ.US,D,20200512,000000,20.853,20.973,20.439,20.439,26483,0
EBIZ.US,D,20200513,000000,20.585,20.694,19.909,20.305,31330,0
EBIZ.US,D,20200514,000000,20.019,20.184,19.626,20.184,38098,0
EBIZ.US,D,20200515,000000,19.969,20.486,19.969,20.456,23468,0
EBIZ.US,D,20200518,000000,20.933,20.963,20.664,20.689,85009,0
EBIZ.US,D,20200519,000000,20.734,21.012,20.714,20.793,40610,0
EBIZ.US,D,20200520,000000,21.121,21.24,20.624,20.813,67197,0
EBIZ.US,D,20200521,000000,20.943,20.943,20.585,20.744,35447,0
EBIZ.US,D,20200522,000000,20.634,20.763,20.466,20.763,36015,0
EBIZ.US,D,20200526,000000,21.36,21.405,20.873,20.883,92624,0
EBIZ.US,D,20200527,000000,21.061,21.061,20.267,20.853,26037,0
EBIZ.US,D,20200528,000000,20.873,21.181,20.753,20.853,21242,0
EBIZ.US,D,20200529,000000,21.022,21.479,20.963,21.469,16233,0
EBIZ.US,D,20200601,000000,21.568,21.687,21.483,21.677,23255,0
EBIZ.US,D,20200602,000000,21.747,22.169,21.747,22.13,37105,0
EBIZ.US,D,20200603,000000,22.254,22.383,22.154,22.238,48775,0
EBIZ.US,D,20200604,000000,24.609,24.609,21.926,22.015,28954,0
EBIZ.US,D,20200605,000000,22.254,22.452,22.194,22.334,43844,0
EBIZ.US,D,20200608,000000,22.363,22.388,22.1,22.259,27132,0
EBIZ.US,D,20200609,000000,22.204,22.459,22.187,22.363,48910,0
EBIZ.US,D,20200610,000000,22.641,22.66,22.354,22.527,32188,0
EBIZ.US,D,20200611,000000,21.787,22.125,21.27,21.396,67888,0
EBIZ.US,D,20200612,000000,21.965,22.038,21.3,21.759,26074,0
EBIZ.US,D,20200615,000000,21.528,22.344,21.518,22.313,31112,0
EBIZ.US,D,20200616,000000,22.85,22.85,22.125,22.559,51134,0
EBIZ.US,D,20200617,000000,22.84,22.969,22.732,22.834,51197,0
EBIZ.US,D,20200618,000000,22.721,22.969,22.721,22.881,29610,0
EBIZ.US,D,20200619,000000,23.168,23.297,22.969,23.188,42902,0
EBIZ.US,D,20200622,000000,23.406,23.456,23.282,23.456,53470,0
EBIZ.US,D,20200623,000000,23.705,23.913,23.585,23.734,131586,0
EBIZ.US,D,20200624,000000,23.685,23.744,22.914,23.158,33426,0
EBIZ.US,D,20200625,000000,23.068,23.385,22.869,23.366,61708,0
EBIZ.US,D,20200626,000000,23.346,23.49,23.048,23.133,69680,0
EBIZ.US,D,20200629,000000,23.138,23.183,22.726,23.178,25768,0
EBIZ.US,D,20200630,000000,23.248,23.486,23.178,23.486,51196,0
EBIZ.US,D,20200701,000000,23.545,24.152,23.545,24.047,47140,0
EBIZ.US,D,20200702,000000,24.419,24.487,24.23,24.271,90250,0
EBIZ.US,D,20200706,000000,24.817,25.076,24.589,24.707,84305,0
EBIZ.US,D,20200707,000000,24.639,25.036,24.599,24.717,37937,0
EBIZ.US,D,20200708,000000,24.966,25.174,24.777,25.174,124514,0
EBIZ.US,D,20200709,000000,25.413,25.511,25.006,25.493,171838,0
EBIZ.US,D,20200710,000000,25.493,25.493,25.134,25.395,93996,0
EBIZ.US,D,20200713,000000,25.601,25.721,24.524,24.539,110245,0
EBIZ.US,D,20200714,000000,24.34,24.584,23.716,24.529,78451,0
EBIZ.US,D,20200715,000000,24.837,24.886,24.489,24.867,71375,0
EBIZ.US,D,20200716,000000,24.529,24.604,24.23,24.489,16534,0
EBIZ.US,D,20200717,000000,24.668,24.757,24.413,24.519,23257,0
EBIZ.US,D,20200720,000000,24.619,25.284,24.619,25.284,36868,0
EBIZ.US,D,20200721,000000,25.631,25.631,24.966,25.096,244232,0
EBIZ.US,D,20200722,000000,25.086,25.154,24.877,25.054,32919,0
EBIZ.US,D,20200723,000000,25.016,25.149,24.418,24.599,44924,0
EBIZ.US,D,20200724,000000,24.182,24.459,23.813,24.32,39734,0
EBIZ.US,D,20200727,000000,24.549,25.124,24.529,25.046,44219,0
EBIZ.US,D,20200728,000000,25.194,25.194,24.837,24.847,55040,0
EBIZ.US,D,20200729,000000,25.194,25.661,25.194,25.631,86796,0
EBIZ.US,D,20200730,000000,25.453,26,25.368,25.975,50893,0
EBIZ.US,D,20200731,000000,26.277,26.307,25.83,26.257,79819,0
EBIZ.US,D,20200803,000000,26.515,27.001,26.515,26.977,165398,0
EBIZ.US,D,20200804,000000,26.992,27.102,26.824,27.017,165345,0
EBIZ.US,D,20200805,000000,27.301,27.876,27.221,27.838,170373,0
EBIZ.US,D,20200806,000000,27.966,28.016,27.527,27.838,92943,0
EBIZ.US,D,20200807,000000,27.857,28.224,27.519,27.818,121660,0
EBIZ.US,D,20200810,000000,27.996,28.026,27.266,27.489,111436,0
EBIZ.US,D,20200811,000000,27.559,27.828,27.181,27.201,72792,0
EBIZ.US,D,20200812,000000,27.301,27.549,27.211,27.419,42466,0
EBIZ.US,D,20200813,000000,27.479,27.857,27.436,27.614,37105,0
EBIZ.US,D,20200814,000000,27.658,27.658,27.356,27.439,37832,0
EBIZ.US,D,20200817,000000,27.758,28.076,27.668,28.076,66611,0
EBIZ.US,D,20200818,000000,28.105,28.453,28.1,28.353,68054,0
EBIZ.US,D,20200819,000000,28.155,28.373,28.051,28.165,67125,0
EBIZ.US,D,20200820,000000,27.996,28.225,27.916,28.205,30287,0
EBIZ.US,D,20200821,000000,27.966,28.135,27.847,28.066,57724,0
EBIZ.US,D,20200824,000000,28.443,28.473,28.056,28.343,71529,0
EBIZ.US,D,20200825,000000,28.373,28.562,28.215,28.562,325926,0
EBIZ.US,D,20200826,000000,28.602,28.81,28.582,28.746,71985,0
EBIZ.US,D,20200827,000000,28.761,28.79,28.181,28.328,393635,0
EBIZ.US,D,20200828,000000,28.453,28.567,28.225,28.265,81756,0
EBIZ.US,D,20200831,000000,28.175,28.255,27.876,27.916,307922,0
EBIZ.US,D,20200901,000000,28.046,28.542,28.036,28.448,100117,0
EBIZ.US,D,20200902,000000,28.751,28.8,28.026,28.443,94819,0
EBIZ.US,D,20200903,000000,28.016,28.066,26.952,27.162,146933,0
EBIZ.US,D,20200904,000000,27.002,27.221,25.691,26.814,134850,0
EBIZ.US,D,20200908,000000,26.148,26.774,25.905,26.168,78311,0
EBIZ.US,D,20200909,000000,26.565,26.695,26.267,26.615,59935,0
EBIZ.US,D,20200910,000000,26.864,27.301,26.257,26.327,63930,0
EBIZ.US,D,20200911,000000,26.615,26.615,25.915,26.168,41991,0
EBIZ.US,D,20200914,000000,26.515,26.744,26.437,26.695,53777,0
EBIZ.US,D,20200915,000000,27.032,27.032,26.734,26.828,45591,0
EBIZ.US,D,20200916,000000,27.022,27.102,26.706,26.794,28783,0
EBIZ.US,D,20200917,000000,26.198,26.535,26.178,26.535,34881,0
EBIZ.US,D,20200918,000000,26.734,26.794,26.264,26.565,19108,0
EBIZ.US,D,20200921,000000,26.068,26.59,25.964,26.59,36714,0
EBIZ.US,D,20200922,000000,26.714,27.102,26.505,27.082,38168,0
EBIZ.US,D,20200923,000000,27.132,27.23,26.495,26.495,281503,0
EBIZ.US,D,20200924,000000,26.257,26.665,25.988,26.377,240094,0
EBIZ.US,D,20200925,000000,26.367,26.894,26.317,26.854,23755,0
EBIZ.US,D,20200928,000000,27.171,27.275,26.993,27.251,21465,0
EBIZ.US,D,20200929,000000,27.211,27.256,26.962,27.022,25043,0
EBIZ.US,D,20200930,000000,27.171,27.463,27.022,27.092,31840,0
EBIZ.US,D,20201001,000000,27.321,27.832,27.321,27.808,44282,0
EBIZ.US,D,20201002,000000,27.221,27.619,27.162,27.401,25664,0
EBIZ.US,D,20201005,000000,27.599,27.818,27.569,27.788,34710,0
EBIZ.US,D,20201006,000000,27.748,27.941,27.381,27.381,27292,0
EBIZ.US,D,20201007,000000,27.738,28.016,27.738,28.005,48380,0
EBIZ.US,D,20201008,000000,28.155,28.165,27.99,28.055,61170,0
EBIZ.US,D,20201009,000000,28.215,28.552,28.195,28.473,38114,0
EBIZ.US,D,20201012,000000,28.83,29.139,28.76,28.98,59014,0
EBIZ.US,D,20201013,000000,28.9,29.243,28.825,29.129,86255,0
EBIZ.US,D,20201014,000000,29.129,29.169,28.443,28.493,81139,0
EBIZ.US,D,20201015,000000,27.986,28.403,27.668,28.359,48265,0
EBIZ.US,D,20201016,000000,28.602,28.82,28.413,28.413,57641,0
EBIZ.US,D,20201019,000000,28.652,28.85,28.185,28.3,64256,0
EBIZ.US,D,20201020,000000,28.443,28.82,28.443,28.473,58798,0
EBIZ.US,D,20201021,000000,28.572,28.66,28.001,28.036,31839,0
EBIZ.US,D,20201022,000000,28.026,28.105,27.614,28.056,53225,0
EBIZ.US,D,20201023,000000,28.105,28.195,27.838,28.195,32979,0
EBIZ.US,D,20201026,000000,27.896,28.213,27.363,27.812,54268,0
EBIZ.US,D,20201027,000000,28.006,28.235,27.956,28.175,47189,0
EBIZ.US,D,20201028,000000,27.758,27.798,27.449,27.589,48119,0
EBIZ.US,D,20201029,000000,27.688,27.768,27.464,27.549,47836,0
EBIZ.US,D,20201030,000000,27.321,27.321,26.495,26.665,55602,0
EBIZ.US,D,20201102,000000,27.052,27.146,26.635,26.968,34216,0
EBIZ.US,D,20201103,000000,27.012,27.648,26.834,27.549,49131,0
EBIZ.US,D,20201104,000000,28.135,28.742,28.135,28.602,67576,0
EBIZ.US,D,20201105,000000,29.267,29.556,29.109,29.387,120809,0
EBIZ.US,D,20201106,000000,29.427,29.691,29.119,29.675,46664,0
EBIZ.US,D,20201109,000000,29.665,29.665,28.433,28.433,152560,0
EBIZ.US,D,20201110,000000,28.086,28.086,27.181,27.663,71328,0
EBIZ.US,D,20201111,000000,27.936,28.562,27.936,28.523,62851,0
EBIZ.US,D,20201112,000000,29.039,29.089,28.483,28.582,63508,0
EBIZ.US,D,20201113,000000,28.96,29.247,28.801,29.189,44648,0
EBIZ.US,D,20201116,000000,29.237,29.237,28.78,28.947,58231,0
EBIZ.US,D,20201117,000000,28.9,29.109,28.711,29.049,50226,0
EBIZ.US,D,20201118,000000,29.059,29.119,28.81,28.83,37361,0
EBIZ.US,D,20201119,000000,28.86,29.486,28.86,29.437,42536,0
EBIZ.US,D,20201120,000000,29.734,30.102,29.734,29.973,126440,0
EBIZ.US,D,20201123,000000,30.261,30.43,29.998,30.331,86173,0
EBIZ.US,D,20201124,000000,30.599,30.599,30.276,30.41,99373,0
EBIZ.US,D,20201125,000000,30.301,30.628,30.301,30.569,64349,0
EBIZ.US,D,20201127,000000,30.947,31.295,30.927,31.255,70747,0
EBIZ.US,D,20201130,000000,31.215,31.215,30.281,30.788,91305,0
EBIZ.US,D,20201201,000000,30.997,31.007,30.562,30.638,60882,0
EBIZ.US,D,20201202,000000,30.47,30.698,30.142,30.678,56496,0
EBIZ.US,D,20201203,000000,30.758,31.016,30.758,30.838,53228,0
EBIZ.US,D,20201204,000000,30.887,30.887,30.668,30.838,68309,0
EBIZ.US,D,20201207,000000,30.798,30.887,30.55,30.589,52564,0
EBIZ.US,D,20201208,000000,30.688,31.135,30.618,31.135,49392,0
EBIZ.US,D,20201209,000000,31.255,31.255,30.381,30.559,75490,0
EBIZ.US,D,20201210,000000,30.55,30.821,30.151,30.758,174016,0
EBIZ.US,D,20201211,000000,30.589,30.798,30.274,30.569,36596,0
EBIZ.US,D,20201214,000000,30.658,30.869,30.55,30.579,41899,0
EBIZ.US,D,20201215,000000,30.688,31.021,30.628,31.021,38121,0
EBIZ.US,D,20201216,000000,31.205,31.568,31.085,31.523,50236,0
EBIZ.US,D,20201217,000000,31.702,31.901,31.682,31.901,44910,0
EBIZ.US,D,20201218,000000,32.009,32.039,31.682,31.851,57687,0
EBIZ.US,D,20201221,000000,31.324,31.781,31.27,31.722,71669,0
EBIZ.US,D,20201222,000000,31.771,31.851,31.493,31.851,52876,0
EBIZ.US,D,20201223,000000,31.95,31.95,31.562,31.622,53597,0
EBIZ.US,D,20201224,000000,31.632,31.781,31.334,31.642,36819,0
EBIZ.US,D,20201228,000000,31.791,31.817,30.997,31.085,63799,0
EBIZ.US,D,20201229,000000,31.404,31.642,31.165,31.642,69681,0
EBIZ.US,D,20201230,000000,31.74,32.104,31.72,32.029,44024,0
EBIZ.US,D,20201231,000000,32.029,32.149,31.6,31.76,44553,0
EBIZ.US,D,20210104,000000,31.939,31.939,30.942,31.311,58646,0
EBIZ.US,D,20210105,000000,31.381,32.329,31.381,32.329,91411,0
EBIZ.US,D,20210106,000000,32.029,32.473,31.84,31.88,71399,0
EBIZ.US,D,20210107,000000,32.209,32.423,32.069,32.359,51627,0
EBIZ.US,D,20210108,000000,32.648,33.077,32.588,33.067,52273,0
EBIZ.US,D,20210111,000000,32.608,33.036,32.319,32.798,89585,0
EBIZ.US,D,20210112,000000,32.867,33.489,32.867,33.346,44762,0
EBIZ.US,D,20210113,000000,33.466,33.768,33.237,33.546,153560,0
EBIZ.US,D,20210114,000000,33.755,34.334,33.755,33.965,113164,0
EBIZ.US,D,20210115,000000,33.885,33.885,33,33.257,44819,0
EBIZ.US,D,20210119,000000,33.676,34.035,33.614,34.035,58294,0
EBIZ.US,D,20210120,000000,34.414,34.604,34.184,34.444,57402,0
EBIZ.US,D,20210121,000000,34.663,34.673,34.288,34.494,53655,0
EBIZ.US,D,20210122,000000,34.244,34.653,34.244,34.643,34087,0
EBIZ.US,D,20210125,000000,34.923,35.512,34.414,34.923,334534,0
EBIZ.US,D,20210126,000000,35.172,35.202,34.653,34.823,61255,0
EBIZ.US,D,20210127,000000,34.204,34.853,33.825,34.025,330237,0
EBIZ.US,D,20210128,000000,34.214,34.604,34.115,34.184,77676,0
EBIZ.US,D,20210129,000000,33.875,34.02,33.127,33.394,101857,0
EBIZ.US,D,20210201,000000,33.775,34.289,33.616,34.184,147053,0
EBIZ.US,D,20210202,000000,34.783,34.923,34.394,34.923,106489,0
EBIZ.US,D,20210203,000000,35.212,35.759,35.212,35.412,159890,0
EBIZ.US,D,20210204,000000,35.791,36.148,35.715,36.03,115533,0
EBIZ.US,D,20210205,000000,36.31,36.524,36.12,36.469,125850,0
EBIZ.US,D,20210208,000000,36.769,36.842,36.38,36.679,90699,0
EBIZ.US,D,20210209,000000,36.799,37.246,36.799,37.048,62951,0
EBIZ.US,D,20210210,000000,37.437,37.687,36.599,37.238,100990,0
EBIZ.US,D,20210211,000000,37.557,37.892,37.248,37.537,121687,0
EBIZ.US,D,20210212,000000,37.437,37.607,37.178,37.507,95816,0
EBIZ.US,D,20210216,000000,37.806,37.856,37.208,37.447,232124,0
EBIZ.US,D,20210217,000000,37.397,37.397,36.739,37.338,71252,0
EBIZ.US,D,20210218,000000,36.489,37.008,36.24,36.819,74040,0
EBIZ.US,D,20210219,000000,37.188,37.73,37.188,37.487,56564,0
EBIZ.US,D,20210222,000000,36.958,37.048,36.39,36.449,88023,0
EBIZ.US,D,20210223,000000,35.561,36.12,34.015,36,400257,0
EBIZ.US,D,20210224,000000,36.01,36.01,35.142,35.751,104929,0
EBIZ.US,D,20210225,000000,35.831,36.14,34.424,34.514,102040,0
EBIZ.US,D,20210226,000000,34.843,35.362,34.175,35.033,360881,0
EBIZ.US,D,20210301,000000,35.701,36.23,35.482,36.2,118603,0
EBIZ.US,D,20210302,000000,36.26,36.298,35.581,35.591,317841,0
EBIZ.US,D,20210303,000000,35.581,35.694,34.474,34.554,336811,0
EBIZ.US,D,20210304,000000,34.254,34.554,32.683,33.376,192122,0
EBIZ.US,D,20210305,000000,33.875,33.945,31.999,33.894,150910,0
EBIZ.US,D,20210308,000000,33.506,34.1,32.977,32.977,92706,0
EBIZ.US,D,20210309,000000,33.835,34.544,33.825,34.354,66298,0
EBIZ.US,D,20210310,000000,34.863,34.963,34.005,34.175,75264,0
EBIZ.US,D,20210311,000000,34.913,35.432,34.819,35.392,47324,0
EBIZ.US,D,20210312,000000,34.933,35.422,34.873,35.422,37610,0
EBIZ.US,D,20210315,000000,35.801,36.238,35.655,36.21,67008,0
EBIZ.US,D,20210316,000000,36.37,36.509,35.731,36.03,51236,0
EBIZ.US,D,20210317,000000,35.512,36.365,35.152,36.19,45842,0
EBIZ.US,D,20210318,000000,36.09,36.35,35.512,35.532,31700,0
EBIZ.US,D,20210319,000000,35.611,36.095,35.394,35.99,19448,0
EBIZ.US,D,20210322,000000,36.06,36.12,35.791,35.99,46288,0
EBIZ.US,D,20210323,000000,35.721,35.891,35.242,35.332,58395,0
EBIZ.US,D,20210324,000000,35.342,35.342,33.366,33.376,57582,0
EBIZ.US,D,20210325,000000,32.947,33.805,32.728,33.496,49113,0
EBIZ.US,D,20210326,000000,33.596,34.145,32.997,34.075,29517,0
EBIZ.US,D,20210329,000000,34.065,34.224,33.506,33.666,22579,0
EBIZ.US,D,20210330,000000,33.566,34.065,33.436,33.885,40094,0
EBIZ.US,D,20210331,000000,34.155,34.494,34.135,34.145,27268,0
EBIZ.US,D,20210401,000000,34.823,35.182,34.773,35.102,20533,0
EBIZ.US,D,20210405,000000,35.442,35.442,34.803,34.923,39768,0
EBIZ.US,D,20210406,000000,34.843,35.512,34.833,35.252,39262,0
EBIZ.US,D,20210407,000000,35.142,35.142,34.554,34.629,25327,0
EBIZ.US,D,20210408,000000,34.933,35.157,34.779,35.063,35423,0
EBIZ.US,D,20210409,000000,34.943,35.003,34.763,34.963,26594,0
EBIZ.US,D,20210412,000000,34.903,34.903,34.405,34.609,31980,0
EBIZ.US,D,20210413,000000,34.713,35.023,34.713,34.933,28036,0
EBIZ.US,D,20210414,000000,35.212,35.482,34.843,34.883,37588,0
EBIZ.US,D,20210415,000000,35.122,35.671,34.693,34.983,18283,0
EBIZ.US,D,20210416,000000,35.082,35.182,34.773,35.082,35781,0
EBIZ.US,D,20210419,000000,35.102,35.195,34.575,34.753,55317,0
EBIZ.US,D,20210420,000000,34.504,34.514,33.426,33.795,89424,0
EBIZ.US,D,20210421,000000,33.586,34.284,33.516,34.274,228074,0
EBIZ.US,D,20210422,000000,34.534,34.848,34.304,34.354,22756,0
EBIZ.US,D,20210423,000000,34.554,35.028,34.554,34.953,29135,0
EBIZ.US,D,20210426,000000,34.963,35.322,34.963,35.322,22141,0
EBIZ.US,D,20210427,000000,35.342,35.67,35.342,35.452,21558,0
EBIZ.US,D,20210428,000000,35.631,35.92,35.382,35.811,106910,0
EBIZ.US,D,20210429,000000,35.961,35.971,35.063,35.322,33864,0
EBIZ.US,D,20210430,000000,34.923,35.063,34.564,34.564,20558,0
EBIZ.US,D,20210503,000000,34.763,34.923,34.354,34.368,15185,0
EBIZ.US,D,20210504,000000,34.065,34.065,33.177,33.646,43722,0
EBIZ.US,D,20210505,000000,33.735,33.925,33.306,33.416,29209,0
EBIZ.US,D,20210506,000000,33.237,33.276,32.673,33.057,34453,0
EBIZ.US,D,20210507,000000,33.346,33.997,33.346,33.656,150718,0
EBIZ.US,D,20210510,000000,33.556,33.556,32.847,32.865,68263,0
EBIZ.US,D,20210511,000000,31.9,32.957,31.77,32.867,55245,0
EBIZ.US,D,20210512,000000,32.688,32.798,31.65,31.67,46113,0
EBIZ.US,D,20210513,000000,31.78,32.069,30.912,31.231,84618,0
EBIZ.US,D,20210514,000000,31.77,32.372,31.7,32.279,59632,0
EBIZ.US,D,20210517,000000,32.229,32.348,31.994,32.309,26720,0
EBIZ.US,D,20210518,000000,32.448,32.947,32.368,32.678,51956,0
EBIZ.US,D,20210519,000000,32.019,32.488,31.69,32.488,21054,0
EBIZ.US,D,20210520,000000,32.728,33.247,32.728,33.187,17739,0
EBIZ.US,D,20210521,000000,33.356,33.356,32.897,32.897,24143,0
EBIZ.US,D,20210524,000000,33.047,33.257,32.967,33.117,16135,0
EBIZ.US,D,20210525,000000,33.406,33.608,33.137,33.137,121299,0
EBIZ.US,D,20210526,000000,33.316,33.506,33.316,33.456,35774,0
EBIZ.US,D,20210527,000000,33.546,33.546,33.147,33.486,19453,0
EBIZ.US,D,20210528,000000,33.546,33.716,33.491,33.491,13990,0
EBIZ.US,D,20210601,000000,33.935,34.125,33.628,33.975,52008,0
EBIZ.US,D,20210602,000000,34.135,34.155,33.676,34.155,25631,0
EBIZ.US,D,20210603,000000,33.755,33.825,33.366,33.446,38867,0
EBIZ.US,D,20210604,000000,33.616,33.696,33.501,33.566,13817,0
EBIZ.US,D,20210607,000000,33.626,33.71,33.376,33.706,25390,0
EBIZ.US,D,20210608,000000,33.895,34.085,33.613,33.865,19823,0
EBIZ.US,D,20210609,000000,33.925,34.045,33.626,33.626,6163,0
EBIZ.US,D,20210610,000000,33.696,33.775,33.571,33.686,11613,0
EBIZ.US,D,20210611,000000,33.785,33.965,33.785,33.945,10459,0
EBIZ.US,D,20210614,000000,33.975,34.071,33.918,33.995,17491,0
EBIZ.US,D,20210615,000000,34.025,34.025,33.486,33.546,24446,0
EBIZ.US,D,20210616,000000,33.536,33.657,33.185,33.536,18450,0
EBIZ.US,D,20210617,000000,33.466,33.885,33.466,33.759,16918,0
EBIZ.US,D,20210618,000000,33.436,33.586,33.147,33.233,26145,0
EBIZ.US,D,20210621,000000,33.267,33.455,32.977,33.336,12295,0
EBIZ.US,D,20210622,000000,33.247,33.496,33.187,33.446,19678,0
EBIZ.US,D,20210623,000000,33.586,33.855,33.586,33.706,23528,0
EBIZ.US,D,20210624,000000,33.935,34.294,33.935,34.145,19527,0
EBIZ.US,D,20210625,000000,34.304,34.414,34.175,34.314,12035,0
EBIZ.US,D,20210628,000000,34.474,34.534,34.224,34.354,47230,0
EBIZ.US,D,20210629,000000,34.364,34.563,34.145,34.504,37252,0
EBIZ.US,D,20210630,000000,34.384,34.504,34.293,34.304,23984,0
EBIZ.US,D,20210701,000000,34.344,34.345,33.975,34.045,18469,0
EBIZ.US,D,20210702,000000,34.02,34.115,33.826,33.906,13822,0
EBIZ.US,D,20210706,000000,33.755,33.755,33.337,33.626,24636,0
EBIZ.US,D,20210707,000000,33.835,33.915,33.337,33.373,27496,0
EBIZ.US,D,20210708,000000,32.678,33.097,32.468,32.902,59572,0
EBIZ.US,D,20210709,000000,33.556,33.975,33.267,33.975,34025,0
EBIZ.US,D,20210712,000000,33.985,34.045,33.626,33.82,13015,0
EBIZ.US,D,20210713,000000,33.815,34.125,33.666,33.687,30499,0
EBIZ.US,D,20210714,000000,33.905,33.935,33.246,33.246,9584,0
EBIZ.US,D,20210715,000000,33.067,33.376,32.808,33.077,24926,0
EBIZ.US,D,20210716,000000,33.117,33.117,32.558,32.578,71265,0
EBIZ.US,D,20210719,000000,32.089,32.378,31.87,32.299,34184,0
EBIZ.US,D,20210720,000000,32.309,32.956,32.11,32.788,18668,0
EBIZ.US,D,20210721,000000,32.857,33.296,32.857,33.296,10402,0
EBIZ.US,D,20210722,000000,33.237,33.365,33.107,33.298,13276,0
EBIZ.US,D,20210723,000000,33.207,33.207,32.877,33.102,17131,0
EBIZ.US,D,20210726,000000,32.688,32.977,32.428,32.473,16161,0
EBIZ.US,D,20210727,000000,32.079,32.079,31.281,31.8,17796,0
EBIZ.US,D,20210728,000000,32.159,32.608,32.159,32.578,42742,0
EBIZ.US,D,20210729,000000,32.768,32.887,32.453,32.558,76110,0
EBIZ.US,D,20210730,000000,31.999,32.099,31.59,31.66,26151,0
EBIZ.US,D,20210802,000000,31.89,32.189,31.795,31.919,37213,0
EBIZ.US,D,20210803,000000,31.81,31.81,31.281,31.55,29431,0
EBIZ.US,D,20210804,000000,31.62,31.82,31.522,31.59,29773,0
EBIZ.US,D,20210805,000000,31.47,32.008,31.421,31.91,20980,0
EBIZ.US,D,20210806,000000,31.79,31.79,31.221,31.241,24275,0
EBIZ.US,D,20210809,000000,31.261,31.66,31.142,31.54,22052,0
EBIZ.US,D,20210810,000000,31.66,31.81,31.47,31.66,12625,0
EBIZ.US,D,20210811,000000,31.78,31.78,31.521,31.76,14534,0
EBIZ.US,D,20210812,000000,31.46,31.52,31.311,31.5,16413,0
EBIZ.US,D,20210813,000000,31.47,31.52,31.192,31.351,50546,0
EBIZ.US,D,20210816,000000,31.071,31.071,30.592,30.762,31140,0
EBIZ.US,D,20210817,000000,30.333,30.562,30.103,30.293,114548,0
EBIZ.US,D,20210818,000000,30.223,30.49,30.107,30.178,18112,0
EBIZ.US,D,20210819,000000,29.704,29.904,29.55,29.625,37949,0
EBIZ.US,D,20210820,000000,29.704,30.056,29.704,29.894,19539,0
EBIZ.US,D,20210823,000000,30.123,30.553,30.054,30.513,59669,0
EBIZ.US,D,20210824,000000,31.091,31.82,31.091,31.73,23867,0
EBIZ.US,D,20210825,000000,31.83,31.969,31.595,31.929,42934,0
EBIZ.US,D,20210826,000000,32.069,32.258,31.841,31.969,11824,0
EBIZ.US,D,20210827,000000,31.88,32.049,31.84,31.999,13178,0
EBIZ.US,D,20210830,000000,31.939,32.169,31.77,32.099,11696,0
EBIZ.US,D,20210831,000000,32.309,32.448,32.139,32.388,15897,0
EBIZ.US,D,20210901,000000,32.518,32.996,32.518,32.798,18597,0
EBIZ.US,D,20210902,000000,32.788,32.875,32.558,32.578,9480,0
EBIZ.US,D,20210903,000000,32.289,32.538,32.139,32.458,19242,0
EBIZ.US,D,20210907,000000,32.548,32.718,32.458,32.528,28149,0
EBIZ.US,D,20210908,000000,32.458,32.458,31.9,32.049,23143,0
EBIZ.US,D,20210909,000000,31.81,32.189,31.81,31.929,10116,0
EBIZ.US,D,20210910,000000,32.239,32.349,31.74,31.78,17678,0
EBIZ.US,D,20210913,000000,31.76,31.78,31.211,31.69,18279,0
EBIZ.US,D,20210914,000000,31.73,31.73,31.2,31.281,18527,0
EBIZ.US,D,20210915,000000,31.181,31.565,30.993,31.5,8415,0
EBIZ.US,D,20210916,000000,31.251,31.6,31.251,31.54,28726,0
EBIZ.US,D,20210917,000000,31.59,31.66,31.351,31.63,12052,0
EBIZ.US,D,20210920,000000,30.912,31.002,30.284,30.652,15099,0
EBIZ.US,D,20210921,000000,30.922,31.041,30.652,30.792,18651,0
EBIZ.US,D,20210922,000000,31.002,31.451,30.952,31.311,20569,0
EBIZ.US,D,20210923,000000,31.381,31.66,31.281,31.65,42176,0
EBIZ.US,D,20210924,000000,31.341,31.491,31.211,31.431,9147,0
EBIZ.US,D,20210927,000000,31.361,31.64,31.351,31.58,14328,0
EBIZ.US,D,20210928,000000,31.201,31.201,30.544,30.712,10294,0
EBIZ.US,D,20210929,000000,30.772,30.902,30.173,30.223,44703,0
EBIZ.US,D,20210930,000000,30.273,30.333,30.064,30.094,33972,0
EBIZ.US,D,20211001,000000,30.213,30.293,29.854,30.213,19641,0
EBIZ.US,D,20211004,000000,30.014,30.014,29.375,29.56,21691,0
EBIZ.US,D,20211005,000000,29.694,30.041,29.694,29.784,17279,0
EBIZ.US,D,20211006,000000,29.365,30.034,29.345,29.904,21850,0
EBIZ.US,D,20211007,000000,30.383,30.882,30.383,30.672,12114,0
EBIZ.US,D,20211008,000000,30.742,30.947,30.632,30.662,13634,0
EBIZ.US,D,20211011,000000,30.732,30.732,30.323,30.333,7987,0
EBIZ.US,D,20211012,000000,30.423,30.473,30.274,30.283,7601,0
EBIZ.US,D,20211013,000000,30.533,30.842,30.533,30.822,24526,0
EBIZ.US,D,20211014,000000,30.922,31.131,30.92,31.061,5476,0
EBIZ.US,D,20211015,000000,31.281,31.5,31.281,31.381,11262,0
EBIZ.US,D,20211018,000000,31.281,31.719,31.281,31.63,9357,0
EBIZ.US,D,20211019,000000,31.88,32.048,31.88,31.969,36799,0
EBIZ.US,D,20211020,000000,32.159,32.259,31.9,32.049,41117,0
EBIZ.US,D,20211021,000000,31.91,32.099,31.91,31.979,7150,0
EBIZ.US,D,20211022,000000,32.089,32.132,31.68,31.78,17905,0
EBIZ.US,D,20211025,000000,31.84,31.974,31.66,31.919,26487,0
EBIZ.US,D,20211026,000000,31.959,31.969,31.342,31.421,10001,0
EBIZ.US,D,20211027,000000,31.341,31.47,30.952,30.952,22681,0
EBIZ.US,D,20211028,000000,30.832,31.231,30.662,31.181,8412,0
EBIZ.US,D,20211029,000000,30.912,31.101,30.912,31.091,23311,0
EBIZ.US,D,20211101,000000,31.041,31.51,31.041,31.5,16182,0
EBIZ.US,D,20211102,000000,31.401,31.401,31.051,31.181,60520,0
EBIZ.US,D,20211103,000000,31.211,31.58,31.211,31.51,17885,0
EBIZ.US,D,20211104,000000,31.74,32.089,31.54,31.54,16689,0
EBIZ.US,D,20211105,000000,32.079,32.149,31.739,31.86,26277,0
EBIZ.US,D,20211108,000000,31.959,32.069,31.87,31.88,10595,0
EBIZ.US,D,20211109,000000,31.89,32.098,31.84,31.905,20988,0
EBIZ.US,D,20211110,000000,31.929,32.169,31.351,31.446,11207,0
EBIZ.US,D,20211111,000000,31.81,32.034,31.78,31.78,12254,0
EBIZ.US,D,20211112,000000,31.969,32.488,31.889,32.478,17098,0
EBIZ.US,D,20211115,000000,32.648,32.708,32.468,32.638,22248,0
EBIZ.US,D,20211116,000000,32.378,32.668,32.378,32.548,18934,0
EBIZ.US,D,20211117,000000,32.568,32.568,31.979,31.999,6538,0
EBIZ.US,D,20211118,000000,31.89,31.89,31.57,31.81,12680,0
EBIZ.US,D,20211119,000000,31.86,32.249,31.76,31.805,16605,0
EBIZ.US,D,20211122,000000,31.919,31.919,30.754,30.932,24636,0
EBIZ.US,D,20211123,000000,30.872,30.992,30.343,30.632,20569,0
EBIZ.US,D,20211124,000000,30.443,31.011,30.423,30.942,18207,0
EBIZ.US,D,20211126,000000,30.383,30.383,29.794,30.064,25217,0
EBIZ.US,D,20211129,000000,30.373,30.373,29.595,29.924,38002,0
EBIZ.US,D,20211130,000000,29.724,29.933,28.886,29.066,17771,0
EBIZ.US,D,20211201,000000,29.555,29.565,28.317,28.453,20456,0
EBIZ.US,D,20211202,000000,28.278,28.537,27.968,28.297,26540,0
EBIZ.US,D,20211203,000000,28.168,28.168,26.95,27.21,37605,0
EBIZ.US,D,20211206,000000,27.12,27.617,26.741,27.549,29878,0
EBIZ.US,D,20211207,000000,28.357,28.776,28.357,28.517,14626,0
EBIZ.US,D,20211208,000000,28.547,28.915,28.517,28.786,12891,0
EBIZ.US,D,20211209,000000,28.627,28.756,28.118,28.128,8508,0
EBIZ.US,D,20211210,000000,28.218,28.288,27.6,27.789,15027,0
EBIZ.US,D,20211213,000000,27.559,27.568,26.901,27.26,21892,0
EBIZ.US,D,20211214,000000,26.891,27.34,26.871,27.09,17384,0
EBIZ.US,D,20211215,000000,26.95,27.12,26.157,27.08,17717,0
EBIZ.US,D,20211216,000000,27.23,27.23,26.262,26.392,30296,0
EBIZ.US,D,20211217,000000,26.052,26.845,25.853,26.701,36423,0
EBIZ.US,D,20211220,000000,26.092,26.232,25.937,26.102,42362,0
EBIZ.US,D,20211221,000000,26.342,27.23,26.342,27.17,19318,0
EBIZ.US,D,20211222,000000,27.03,27.37,27,27.32,21516,0
EBIZ.US,D,20211223,000000,27.18,27.549,27.17,27.459,25497,0
EBIZ.US,D,20211227,000000,27.459,27.679,27.419,27.489,25170,0
EBIZ.US,D,20211228,000000,27.439,27.489,27.171,27.19,23883,0
EBIZ.US,D,20211229,000000,27.15,27.23,26.94,27.16,33603,0
EBIZ.US,D,20211230,000000,26.99,27.92,26.9,27.65,32997,0
EBIZ.US,D,20211231,000000,27.52,27.65,27.43,27.45,15994,0
EBIZ.US,D,20220103,000000,27.53,27.57,27.17,27.525,9912,0
EBIZ.US,D,20220104,000000,27.46,27.46,26.51,26.68,24919,0
EBIZ.US,D,20220105,000000,26.56,26.75,25.802,25.86,17798,0
EBIZ.US,D,20220106,000000,25.89,26.31,25.67,26.07,9491,0
EBIZ.US,D,20220107,000000,26.17,26.3832,25.925,25.98,9924,0
EBIZ.US,D,20220110,000000,25.8,25.84,25.2,25.81,20904,0
EBIZ.US,D,20220111,000000,25.84,26.68,25.75,26.64,13060,0
EBIZ.US,D,20220112,000000,27.02,27.06,26.5,26.6,28976,0
EBIZ.US,D,20220113,000000,26.66,26.66,25.87,25.87,25531,0
EBIZ.US,D,20220114,000000,25.63,26.03,25.405,25.81,16274,0
EBIZ.US,D,20220118,000000,25.3,25.64,25.22,25.25,28210,0
EBIZ.US,D,20220119,000000,25.34,25.65,25.1,25.1,25879,0
EBIZ.US,D,20220120,000000,25.7,26.05,25.18,25.21,24364,0
EBIZ.US,D,20220121,000000,25.1,25.1,24.2401,24.28,26998,0
EBIZ.US,D,20220124,000000,23.65,24.38,22.91,24.37,58889,0
EBIZ.US,D,20220125,000000,23.94,24.41,23.575,24.1451,24625,0
EBIZ.US,D,20220126,000000,24.59,24.61,23.611,23.72,18428,0
EBIZ.US,D,20220127,000000,23.95,24.055,23.229,23.3,14025,0
EBIZ.US,D,20220128,000000,23.17,23.76,22.78,23.76,66356,0
EBIZ.US,D,20220131,000000,23.94,25.24,23.94,25.24,12938,0
EBIZ.US,D,20220201,000000,25.28,25.42,24.92,25.3539,15610,0
EBIZ.US,D,20220202,000000,25.57,25.57,24.6561,24.77,40832,0
EBIZ.US,D,20220203,000000,24.24,24.24,23.82,23.82,21423,0
EBIZ.US,D,20220204,000000,23.97,24.69,23.77,24.45,44529,0
EBIZ.US,D,20220207,000000,24.37,24.7419,24.27,24.3,12314,0
EBIZ.US,D,20220208,000000,24.38,24.91,24.37,24.88,24622,0
EBIZ.US,D,20220209,000000,25.2,25.66,25.2,25.63,11559,0
EBIZ.US,D,20220210,000000,25.09,25.89,25.04,25.2,71718,0
EBIZ.US,D,20220211,000000,25.29,25.56,24.53,24.62,19309,0
EBIZ.US,D,20220214,000000,24.55,24.93,24.52,24.67,4169,0
EBIZ.US,D,20220215,000000,25.09,25.59,25.061,25.59,9368,0
EBIZ.US,D,20220216,000000,25.26,25.26,24.761,24.96,27282,0
EBIZ.US,D,20220217,000000,24.67,24.89,24.23,24.23,8941,0
EBIZ.US,D,20220218,000000,24.08,24.08,23.53,23.65,7950,0
EBIZ.US,D,20220222,000000,23.23,23.4799,22.6,22.81,28827,0
EBIZ.US,D,20220223,000000,23.03,23.03,22.29,22.32,19888,0
EBIZ.US,D,20220224,000000,21.04,22.98,20.93,22.98,23912,0
EBIZ.US,D,20220225,000000,23.03,23.38,22.53,23.38,7254,0
EBIZ.US,D,20220228,000000,23.03,23.559,22.93,23.29,16323,0
EBIZ.US,D,20220301,000000,23.16,23.4698,22.82,22.9,12604,0
EBIZ.US,D,20220302,000000,22.68,23.15,22.6,23.07,6944,0
EBIZ.US,D,20220303,000000,23.15,23.17,22.18,22.3,213225,0
EBIZ.US,D,20220304,000000,21.9,21.93,21.36,21.5,222512,0
EBIZ.US,D,20220307,000000,21.39,21.48,20.35,20.37,228534,0
EBIZ.US,D,20220308,000000,20.32,21.21,20.061,20.58,247123,0
EBIZ.US,D,20220309,000000,21.24,21.59,21.24,21.44,212607,0
EBIZ.US,D,20220310,000000,20.91,20.91,20.391,20.63,16457,0
EBIZ.US,D,20220311,000000,20.7,20.7,19.69,19.69,16295,0
EBIZ.US,D,20220314,000000,19.33,19.72,18.98,18.99,43074,0
EBIZ.US,D,20220315,000000,19.03,19.77,19.03,19.67,36025,0
EBIZ.US,D,20220316,000000,20.79,21.92,20.765,21.88,32069,0
EBIZ.US,D,20220317,000000,21.52,21.86,21.22,21.86,10921,0
EBIZ.US,D,20220318,000000,21.77,22.7701,21.77,22.69,8920,0
EBIZ.US,D,20220321,000000,22.41,22.57,21.83,22.11,22933,0
EBIZ.US,D,20220322,000000,22.579,23.22,22.42,23.08,11110,0
EBIZ.US,D,20220323,000000,22.83,23.39,22.6,22.821,270835,0
EBIZ.US,D,20220324,000000,22.82,22.82,22.27,22.79,261550,0
EBIZ.US,D,20220325,000000,22.58,22.59,22.16,22.31,281890,0
EBIZ.US,D,20220328,000000,22.33,22.64,22.13,22.62,10052,0
EBIZ.US,D,20220329,000000,23.16,23.6,23.15,23.43,276011,0
EBIZ.US,D,20220330,000000,23.19,23.32,22.73,22.78,7643,0
EBIZ.US,D,20220331,000000,22.44,22.55,22.151,22.16,59396,0
EBIZ.US,D,20220401,000000,22.63,22.76,22.4487,22.47,4739,0
EBIZ.US,D,20220404,000000,22.9,23.39,22.855,23.34,263818,0
EBIZ.US,D,20220405,000000,23.33,23.33,22.65,22.72,261813,0
EBIZ.US,D,20220406,000000,22.23,22.23,21.63,21.88,12286,0
EBIZ.US,D,20220407,000000,21.67,21.677,21.27,21.58,207909,0
EBIZ.US,D,20220408,000000,21.44,21.689,21.33,21.36,11256,0
EBIZ.US,D,20220411,000000,21.1,21.53,20.96,21.22,22988,0
EBIZ.US,D,20220412,000000,21.54,21.5727,20.97,20.99,26593,0
EBIZ.US,D,20220413,000000,21.3999,21.58,21.29,21.52,11718,0
EBIZ.US,D,20220414,000000,21.48,21.49,21.05,21.05,6148,0
EBIZ.US,D,20220418,000000,20.82,20.87,20.43,20.7,31270,0
EBIZ.US,D,20220419,000000,20.51,21.2042,20.51,21.14,7644,0
EBIZ.US,D,20220420,000000,20.89,21.09,20.42,20.43,16120,0
EBIZ.US,D,20220421,000000,20.6,20.6,19.7315,19.85,259175,0
EBIZ.US,D,20220422,000000,19.76,20.04,19.3901,19.41,262093,0
EBIZ.US,D,20220425,000000,19.18,19.86,19.09,19.82,217658,0
EBIZ.US,D,20220426,000000,19.66,19.66,19.08,19.08,9676,0
EBIZ.US,D,20220427,000000,19.18,19.78,19.18,19.36,18011,0
EBIZ.US,D,20220428,000000,19.59,19.84,19.26,19.8,39987,0
EBIZ.US,D,20220429,000000,20.07,20.33,19.43,19.49,52154,0
EBIZ.US,D,20220502,000000,19.37,19.93,19.29,19.86,34126,0
EBIZ.US,D,20220503,000000,19.85,19.86,19.55,19.68,29175,0
EBIZ.US,D,20220504,000000,19.51,19.99,19.04,19.99,19793,0
EBIZ.US,D,20220505,000000,19.37,19.37,18.42,18.6,26876,0
EBIZ.US,D,20220506,000000,18.27,18.285,17.69,17.85,23087,0
EBIZ.US,D,20220509,000000,17.41,17.5,16.3832,16.84,52538,0
EBIZ.US,D,20220510,000000,17.24,17.36,16.68,16.98,21698,0
EBIZ.US,D,20220511,000000,16.96,17.27,16.38,16.38,12992,0
EBIZ.US,D,20220512,000000,16.11,17.03,15.88,16.58,26193,0
EBIZ.US,D,20220513,000000,17.15,17.6153,17.14,17.59,5689,0
EBIZ.US,D,20220516,000000,17.35,17.65,17.13,17.14,7587,0
EBIZ.US,D,20220517,000000,17.98,17.98,17.32,17.74,69475,0
EBIZ.US,D,20220518,000000,17.41,17.41,16.71,16.79,11902,0
EBIZ.US,D,20220519,000000,16.79,17.4339,16.79,17.16,22124,0
EBIZ.US,D,20220520,000000,17.38,17.45,16.61,17.06,10254,0
EBIZ.US,D,20220523,000000,17.14,17.14,16.71,16.96,5746,0
EBIZ.US,D,20220524,000000,16.64,16.64,16.03,16.11,9158,0
EBIZ.US,D,20220525,000000,16.36,16.755,16.35,16.71,4179,0
EBIZ.US,D,20220526,000000,16.96,17.87,16.96,17.77,12735,0
EBIZ.US,D,20220527,000000,18.05,18.32,17.98,18.29,9483,0
EBIZ.US,D,20220531,000000,18.51,18.63,18.14,18.31,13362,0
EBIZ.US,D,20220601,000000,18.4234,18.4234,17.918,17.98,3191,0
EBIZ.US,D,20220602,000000,18.03,18.85,18.03,18.82,3777,0
EBIZ.US,D,20220603,000000,18.46,18.46,18.2172,18.24,7093,0
EBIZ.US,D,20220606,000000,18.77,18.9653,18.63,18.68,4293,0
EBIZ.US,D,20220607,000000,18.38,18.77,18.38,18.77,5846,0
EBIZ.US,D,20220608,000000,18.9,19.415,18.9,19.3463,6546,0
EBIZ.US,D,20220609,000000,18.92,18.92,18.38,18.38,2337,0
EBIZ.US,D,20220610,000000,18.24,18.24,17.75,17.81,2470,0
EBIZ.US,D,20220613,000000,17.15,17.15,16.56,16.7019,10181,0
EBIZ.US,D,20220614,000000,16.761,17,16.73,16.9,14896,0
EBIZ.US,D,20220615,000000,17.08,17.38,16.93,17.29,7397,0
EBIZ.US,D,20220616,000000,16.5,16.5,16.1401,16.25,4998,0
EBIZ.US,D,20220617,000000,16.67,16.79,16.421,16.68,12736,0
EBIZ.US,D,20220621,000000,16.97,17.24,16.94,16.96,22444,0
EBIZ.US,D,20220622,000000,16.64,17.07,16.64,16.92,25456,0
EBIZ.US,D,20220623,000000,17.27,17.35,17.05,17.35,200830,0
EBIZ.US,D,20220624,000000,17.9001,18.06,17.77,18.06,258412,0
EBIZ.US,D,20220627,000000,18.35,18.35,17.79,17.81,3618,0
EBIZ.US,D,20220628,000000,17.955,17.955,17.34,17.34,15137,0
EBIZ.US,D,20220629,000000,17.12,17.32,17.09,17.17,8187,0
EBIZ.US,D,20220630,000000,16.85,16.8698,16.37,16.77,4881,0
EBIZ.US,D,20220701,000000,17,17.19,16.83,17.19,1882,0
EBIZ.US,D,20220705,000000,16.86,17.61,16.86,17.61,6361,0
EBIZ.US,D,20220706,000000,17.55,17.55,17.12,17.21,3469,0
EBIZ.US,D,20220707,000000,17.34,17.73,17.34,17.73,1728,0
EBIZ.US,D,20220708,000000,17.4601,17.73,17.3589,17.54,11485,0
EBIZ.US,D,20220711,000000,17.13,17.13,16.69,16.74,5226,0
EBIZ.US,D,20220712,000000,16.74,16.8752,16.74,16.74,5433,0
EBIZ.US,D,20220713,000000,16.39,16.925,16.39,16.84,1644,0
EBIZ.US,D,20220714,000000,16.439,16.439,16.331,16.4,2808,0
EBIZ.US,D,20220715,000000,16.47,16.6,16.2,16.6,4012,0
EBIZ.US,D,20220718,000000,16.95,17.15,16.79,16.8,6742,0
EBIZ.US,D,20220719,000000,17.04,17.36,16.95,17.33,5867,0
EBIZ.US,D,20220720,000000,17.69,17.76,17.55,17.7,4143,0
EBIZ.US,D,20220721,000000,17.96,17.99,17.7,17.99,5215,0
EBIZ.US,D,20220722,000000,17.9783,17.9783,17.4594,17.57,1859,0
EBIZ.US,D,20220725,000000,17.3901,17.54,17.3901,17.54,1775,0
EBIZ.US,D,20220726,000000,17.29,17.29,16.97,16.97,2528,0
EBIZ.US,D,20220727,000000,17.19,17.71,17.13,17.71,3424,0
EBIZ.US,D,20220728,000000,17.71,17.76,17.22,17.76,8274,0
EBIZ.US,D,20220729,000000,17.64,17.78,17.5,17.72,22207,0
EBIZ.US,D,20220801,000000,17.52,17.86,17.52,17.77,4945,0
EBIZ.US,D,20220802,000000,17.7399,18.092,17.62,17.96,9930,0
EBIZ.US,D,20220803,000000,18.182,18.69,18.182,18.69,5445,0
EBIZ.US,D,20220804,000000,18.88,18.95,18.79,18.84,2761,0
EBIZ.US,D,20220805,000000,18.52,18.895,18.52,18.88,1477,0
EBIZ.US,D,20220808,000000,18.99,19.475,18.99,19.12,18420,0
EBIZ.US,D,20220809,000000,18.99,18.99,18.4604,18.51,4798,0
EBIZ.US,D,20220810,000000,19.11,19.24,18.9,19.24,3099,0
EBIZ.US,D,20220811,000000,19.59,20.04,19.21,19.29,9143,0
EBIZ.US,D,20220812,000000,19.35,19.69,19.31,19.69,24979,0
EBIZ.US,D,20220815,000000,19.63,19.74,19.52,19.72,4658,0
EBIZ.US,D,20220816,000000,19.66,19.99,19.55,19.89,8810,0
EBIZ.US,D,20220817,000000,19.55,19.55,19.18,19.22,2502,0
EBIZ.US,D,20220818,000000,19.16,19.16,18.84,19.05,7280,0
EBIZ.US,D,20220819,000000,18.72,18.72,18.18,18.23,3695,0
EBIZ.US,D,20220822,000000,17.995,18,17.8,17.88,6049,0
EBIZ.US,D,20220823,000000,17.84,17.97,17.84,17.85,15121,0
EBIZ.US,D,20220824,000000,18.085,18.28,18.025,18.025,157415,0
EBIZ.US,D,20220825,000000,18.33,18.61,18.33,18.58,7114,0
EBIZ.US,D,20220826,000000,18.85,18.85,17.9001,17.93,164216,0
EBIZ.US,D,20220829,000000,17.77,18.2,17.77,17.81,11172,0
EBIZ.US,D,20220830,000000,18.0518,18.0518,17.43,17.64,17132,0
EBIZ.US,D,20220831,000000,17.7299,17.7738,17.672,17.69,1738,0
EBIZ.US,D,20220901,000000,17.37,17.47,17.05,17.47,6215,0
EBIZ.US,D,20220902,000000,17.3099,17.63,17.271,17.3,1733,0
EBIZ.US,D,20220906,000000,17.29,17.29,16.94,17.02,3091,0
EBIZ.US,D,20220907,000000,17.0301,17.48,17.0301,17.48,1921,0
EBIZ.US,D,20220908,000000,17.175,17.5712,17.175,17.57,1920,0
EBIZ.US,D,20220909,000000,17.82,18.2,17.82,18.11,5313,0
EBIZ.US,D,20220912,000000,18.24,18.57,18.24,18.55,16484,0
EBIZ.US,D,20220913,000000,17.78,17.8699,17.52,17.52,11207,0
EBIZ.US,D,20220914,000000,17.47,17.7,17.34,17.7,5374,0
EBIZ.US,D,20220915,000000,17.45,17.89,17.45,17.5,13204,0
EBIZ.US,D,20220916,000000,17.15,17.15,16.72,16.83,8420,0
EBIZ.US,D,20220919,000000,16.64,17.0769,16.6,17.05,6419,0
EBIZ.US,D,20220920,000000,16.86,16.935,16.62,16.69,34739,0
EBIZ.US,D,20220921,000000,16.62,16.685,16.13,16.13,10622,0
EBIZ.US,D,20220922,000000,16.1,16.165,15.7379,15.77,26812,0
EBIZ.US,D,20220923,000000,15.51,15.53,15.252,15.45,6072,0
EBIZ.US,D,20220926,000000,15.46,15.83,15.42,15.42,27603,0
EBIZ.US,D,20220927,000000,15.585,15.585,15.1901,15.31,2444,0
EBIZ.US,D,20220928,000000,15.21,15.9029,15.21,15.855,6311,0
EBIZ.US,D,20220929,000000,15.45,15.45,15.22,15.32,4050,0
EBIZ.US,D,20220930,000000,15.39,15.4408,15.17,15.17,794,0
EBIZ.US,D,20221003,000000,15.3518,15.6299,15.3518,15.53,3928,0
EBIZ.US,D,20221004,000000,15.86,16.41,15.86,16.41,51835,0
EBIZ.US,D,20221005,000000,16.19,16.41,16.0305,16.34,76991,0
EBIZ.US,D,20221006,000000,16.3,16.53,16.23,16.24,70372,0
EBIZ.US,D,20221007,000000,15.93,15.94,15.57,15.57,12588,0
EBIZ.US,D,20221010,000000,15.53,15.53,15.1084,15.25,2838,0
EBIZ.US,D,20221011,000000,15.0901,15.19,14.85,14.895,4599,0
EBIZ.US,D,20221012,000000,14.88,15,14.75,14.9,4336,0
EBIZ.US,D,20221013,000000,14.32,14.94,14.2587,14.84,5718,0
EBIZ.US,D,20221014,000000,14.741,15.12,14.36,14.37,22648,0
EBIZ.US,D,20221017,000000,14.73,15.177,14.73,15.06,7265,0
EBIZ.US,D,20221018,000000,15.53,15.53,15.11,15.27,2817,0
EBIZ.US,D,20221019,000000,14.93,15.01,14.6,14.68,6117,0
EBIZ.US,D,20221020,000000,14.67,15.155,14.67,14.75,1618,0
EBIZ.US,D,20221021,000000,14.63,15,14.5719,15,3746,0
EBIZ.US,D,20221024,000000,14.56,14.56,13.94,14.42,7728,0
EBIZ.US,D,20221025,000000,14.64,14.9979,14.64,14.99,4515,0
EBIZ.US,D,20221026,000000,14.92,15.5509,14.92,15.17,11732,0
EBIZ.US,D,20221027,000000,15.18,15.41,15.1,15.14,35887,0
EBIZ.US,D,20221028,000000,14.79,15.14,14.7,15.14,11355,0
EBIZ.US,D,20221031,000000,15.03,15.34,15.03,15.13,5050,0
EBIZ.US,D,20221101,000000,15.74,15.839,15.41,15.42,18434,0
EBIZ.US,D,20221102,000000,15.47,15.47,14.82,14.82,10519,0
EBIZ.US,D,20221103,000000,14.66,15.1988,14.66,14.96,4706,0
EBIZ.US,D,20221104,000000,15.51,15.51,14.97,15.16,8703,0
EBIZ.US,D,20221107,000000,15.37,15.37,15.13,15.24,4955,0
EBIZ.US,D,20221108,000000,15.09,15.22,14.9399,15.19,26462,0
EBIZ.US,D,20221109,000000,14.98,14.98,14.6092,14.62,2865,0
EBIZ.US,D,20221110,000000,15.41,15.96,15.41,15.95,11575,0
EBIZ.US,D,20221111,000000,16.21,16.9,16.21,16.71,5853,0
EBIZ.US,D,20221114,000000,16.645,16.902,16.645,16.65,12974,0
EBIZ.US,D,20221115,000000,17.3893,17.5581,17.15,17.24,3923,0
EBIZ.US,D,20221116,000000,17,17,16.645,16.66,2326,0
EBIZ.US,D,20221117,000000,16.24,16.56,16.21,16.47,3281,0
EBIZ.US,D,20221118,000000,16.3118,16.3118,16.17,16.25,4574,0
EBIZ.US,D,20221121,000000,15.99,16.06,15.84,15.88,2643,0
EBIZ.US,D,20221122,000000,15.8,15.96,15.68,15.96,6756,0
EBIZ.US,D,20221123,000000,16.1,16.25,16.05,16.23,8864,0
EBIZ.US,D,20221125,000000,16.09,16.11,16.04,16.11,3118,0
EBIZ.US,D,20221128,000000,16.18,16.39,16.1,16.11,5572,0
EBIZ.US,D,20221129,000000,16.29,16.36,16.23,16.24,2830,0
EBIZ.US,D,20221130,000000,16.46,17.16,16.46,17.16,5369,0
EBIZ.US,D,20221201,000000,17.12,17.49,17.12,17.49,2404,0
EBIZ.US,D,20221202,000000,17.17,17.74,17.17,17.66,6972,0
EBIZ.US,D,20221205,000000,17.65,17.65,17.22,17.23,5562,0
EBIZ.US,D,20221206,000000,17.31,17.31,16.91,16.95,2460,0
EBIZ.US,D,20221207,000000,16.64,16.73,16.57,16.66,4120,0
EBIZ.US,D,20221208,000000,16.86,17.19,16.85,17.13,20996,0
EBIZ.US,D,20221209,000000,17.02,17.21,16.94,16.94,8402,0
EBIZ.US,D,20221212,000000,16.85,16.965,16.715,16.96,8357,0
EBIZ.US,D,20221213,000000,17.78,17.87,17.14,17.21,4393,0
EBIZ.US,D,20221214,000000,17.1,17.33,17.1,17.14,6958,0
EBIZ.US,D,20221215,000000,16.95,16.99,16.54,16.57,27141,0
EBIZ.US,D,20221216,000000,16.53,16.67,16.3171,16.4,16922,0
EBIZ.US,D,20221219,000000,16.38,16.51,16.2404,16.41,24532,0
EBIZ.US,D,20221220,000000,16.13,16.36,16.06,16.36,21633,0
EBIZ.US,D,20221221,000000,16.31,16.65,16.3,16.55,67448,0
EBIZ.US,D,20221222,000000,16.45,16.45,15.945,16.24,8040,0
EBIZ.US,D,20221223,000000,16.12,16.21,16.03,16.17,24571,0
EBIZ.US,D,20221227,000000,16.15,16.3121,16.11,16.21,37406,0
EBIZ.US,D,20221228,000000,16.06,16.06,15.82,15.83,22647,0
EBIZ.US,D,20221229,000000,15.98,16.35,15.97,16.31,12276,0
EBIZ.US,D,20221230,000000,16.06,16.19,16.0501,16.19,9293,0
EBIZ.US,D,20230103,000000,16.5,16.7219,16.2,16.39,19769,0
EBIZ.US,D,20230104,000000,16.7,17.33,16.7,17.2222,102165,0
EBIZ.US,D,20230105,000000,17.01,17.37,17,17.29,20612,0
EBIZ.US,D,20230106,000000,17.33,17.6419,17.1299,17.56,10382,0
EBIZ.US,D,20230109,000000,17.84,17.86,17.6,17.62,5904,0
EBIZ.US,D,20230110,000000,17.59,17.87,17.59,17.87,9081,0
EBIZ.US,D,20230111,000000,18.07,18.24,18.07,18.24,4856,0
EBIZ.US,D,20230112,000000,18.27,18.5,18.17,18.45,10027,0
EBIZ.US,D,20230113,000000,18.61,18.9,18.61,18.9,4359,0
EBIZ.US,D,20230117,000000,18.8,18.8,18.62,18.71,30789,0
EBIZ.US,D,20230118,000000,18.97,18.99,18.52,18.52,8280,0
EBIZ.US,D,20230119,000000,18.5,18.5199,18.34,18.43,6603,0
EBIZ.US,D,20230120,000000,18.59,19.03,18.59,19.03,3865,0
EBIZ.US,D,20230123,000000,19.18,19.55,19.18,19.54,4291,0
EBIZ.US,D,20230124,000000,19.26,19.53,19.235,19.34,8424,0
EBIZ.US,D,20230125,000000,19.31,19.67,19.31,19.67,3151,0
EBIZ.US,D,20230126,000000,19.9601,20.06,19.8,20.06,3317,0
EBIZ.US,D,20230127,000000,20.06,20.42,20.06,20.42,8830,0
EBIZ.US,D,20230130,000000,19.854,20.0616,19.75,19.75,9644,0
EBIZ.US,D,20230131,000000,19.8,20.09,19.78,19.96,6452,0
EBIZ.US,D,20230201,000000,20.17,20.78,20.06,20.71,11069,0
EBIZ.US,D,20230202,000000,21.09,21.37,20.99,21.26,19698,0
EBIZ.US,D,20230203,000000,20.66,20.97,20.54,20.54,10292,0
EBIZ.US,D,20230206,000000,20.2,20.259,20.07,20.143,9114,0
EBIZ.US,D,20230207,000000,20.15,20.235,19.8805,20.235,2536,0
EBIZ.US,D,20230208,000000,20.2,20.2,19.9,19.92,3254,0
EBIZ.US,D,20230209,000000,20.24,20.27,19.72,19.77,6245,0
EBIZ.US,D,20230210,000000,19.45,19.45,19.0259,19.06,4523,0
EBIZ.US,D,20230213,000000,19.25,19.43,19.22,19.43,5766,0
EBIZ.US,D,20230214,000000,19.32,19.5,19.19,19.38,6443,0
EBIZ.US,D,20230215,000000,19.34,19.89,19.34,19.89,7022,0
EBIZ.US,D,20230216,000000,19.46,19.46,19.24,19.24,5903,0
EBIZ.US,D,20230217,000000,18.99,18.99,18.7201,18.83,2394,0
EBIZ.US,D,20230221,000000,18.35,18.54,18.26,18.26,4229,0
EBIZ.US,D,20230222,000000,18.33,18.44,18.25,18.402,14358,0
EBIZ.US,D,20230223,000000,18.68,18.68,18.01,18.24,201285,0
EBIZ.US,D,20230224,000000,17.7,17.72,17.58,17.68,7901,0
EBIZ.US,D,20230227,000000,17.795,17.88,17.795,17.88,670,0
EBIZ.US,D,20230228,000000,17.9299,17.99,17.889,17.889,201997,0
EBIZ.US,D,20230301,000000,18.01,18.1,17.8,17.84,3916,0
EBIZ.US,D,20230302,000000,17.85,18,17.75,18,1963,0
EBIZ.US,D,20230303,000000,18.338,18.338,18.2774,18.2774,3923,0
EBIZ.US,D,20230306,000000,18.25,18.25,18.12,18.12,9110,0
EBIZ.US,D,20230307,000000,18.15,18.164,18.036,18.07,9174,0
EBIZ.US,D,20230308,000000,17.99,18.04,17.86,18.02,16696,0
EBIZ.US,D,20230309,000000,17.889,17.889,17.4,17.42,2178,0
EBIZ.US,D,20230310,000000,17.28,17.28,16.81,16.91,5511,0
EBIZ.US,D,20230313,000000,16.7599,17.1,16.755,16.89,4129,0
EBIZ.US,D,20230314,000000,17.26,17.26,17.19,17.19,455,0
EBIZ.US,D,20230315,000000,16.64,16.96,16.64,16.96,4902,0
EBIZ.US,D,20230316,000000,16.71,17.16,16.71,17.15,2181,0
EBIZ.US,D,20230317,000000,17.08,17.08,16.9648,16.9648,650,0
EBIZ.US,D,20230320,000000,16.77,16.88,16.77,16.84,2367,0
EBIZ.US,D,20230321,000000,17.01,17.32,17.01,17.28,3891,0
EBIZ.US,D,20230322,000000,17.34,17.34,17.0495,17.0495,2153,0
EBIZ.US,D,20230323,000000,17.4,17.4,17.11,17.2777,1837,0
EBIZ.US,D,20230324,000000,16.97,17.08,16.93,17.08,151790,0
EBIZ.US,D,20230327,000000,17.13,17.13,17.0247,17.06,151035,0
EBIZ.US,D,20230328,000000,17.16,17.19,17.08,17.19,2675,0
EBIZ.US,D,20230329,000000,17.31,17.48,17.31,17.465,1560,0
EBIZ.US,D,20230330,000000,17.79,17.79,17.6331,17.73,11713,0
EBIZ.US,D,20230331,000000,17.75,18.13,17.75,18.025,2923,0
EBIZ.US,D,20230403,000000,17.9237,17.99,17.7884,17.99,5285,0
EBIZ.US,D,20230404,000000,17.8822,17.8822,17.8,17.88,4266,0
EBIZ.US,D,20230405,000000,17.8,17.8,17.35,17.4448,3310,0
EBIZ.US,D,20230406,000000,17.245,17.52,17.245,17.51,6391,0
EBIZ.US,D,20230410,000000,17.24,17.509,17.24,17.47,2081,0
EBIZ.US,D,20230411,000000,17.5201,17.536,17.41,17.4922,3661,0
EBIZ.US,D,20230412,000000,17.435,17.435,17.065,17.065,1425,0
EBIZ.US,D,20230413,000000,17.42,17.5,17.4193,17.48,2851,0
EBIZ.US,D,20230414,000000,17.59,17.59,17.26,17.41,2927,0
EBIZ.US,D,20230417,000000,17.61,17.71,17.545,17.71,6871,0
EBIZ.US,D,20230418,000000,17.8,17.87,17.7401,17.765,9266,0
EBIZ.US,D,20230419,000000,17.57,17.72,17.57,17.62,3052,0
EBIZ.US,D,20230420,000000,17.48,17.69,17.44,17.48,3894,0
EBIZ.US,D,20230421,000000,17.38,17.41,17.331,17.41,3721,0
EBIZ.US,D,20230424,000000,17.39,17.39,17.11,17.26,5547,0
EBIZ.US,D,20230425,000000,17.03,17.05,16.7916,16.7916,3451,0
EBIZ.US,D,20230426,000000,16.95,17.01,16.8,16.8035,10860,0
EBIZ.US,D,20230427,000000,16.98,17.25,16.98,17.25,4986,0
EBIZ.US,D,20230428,000000,17.1,17.37,17.1,17.31,21884,0
EBIZ.US,D,20230501,000000,17.15,17.22,17.11,17.11,1327,0
EBIZ.US,D,20230502,000000,16.93,16.93,16.67,16.85,2212,0
EBIZ.US,D,20230503,000000,16.78,16.91,16.63,16.63,3451,0
EBIZ.US,D,20230504,000000,16.79,16.93,16.6235,16.83,5214,0
EBIZ.US,D,20230505,000000,16.83,17.26,16.83,17.21,13948,0
EBIZ.US,D,20230508,000000,17.3,17.52,17.27,17.45,4844,0
EBIZ.US,D,20230509,000000,17.23,17.26,17.22,17.22,3249,0
EBIZ.US,D,20230510,000000,17.29,17.4475,17.21,17.31,5049,0
EBIZ.US,D,20230511,000000,17.33,17.53,17.33,17.53,1926,0
EBIZ.US,D,20230512,000000,17.53,17.53,17.1047,17.16,2222,0
EBIZ.US,D,20230515,000000,17.23,17.465,17.2282,17.465,1868,0
EBIZ.US,D,20230516,000000,17.23,17.23,17,17.02,3541,0
EBIZ.US,D,20230517,000000,16.94,17.33,16.94,17.29,11896,0
EBIZ.US,D,20230518,000000,17.25,17.26,17.1,17.26,2449,0
EBIZ.US,D,20230519,000000,17.15,17.15,17.02,17.02,2355,0
EBIZ.US,D,20230522,000000,17.07,17.24,17.07,17.1703,2873,0
EBIZ.US,D,20230523,000000,17.1,17.1,16.7206,16.7206,4328,0
EBIZ.US,D,20230524,000000,16.55,16.7,16.53,16.69,11586,0
EBIZ.US,D,20230525,000000,16.63,16.63,16.36,16.4,4852,0
EBIZ.US,D,20230526,000000,16.46,16.75,16.46,16.75,2097,0
EBIZ.US,D,20230530,000000,16.77,16.8632,16.5,16.55,5420,0
EBIZ.US,D,20230531,000000,16.3838,16.53,16.29,16.53,1469,0
EBIZ.US,D,20230601,000000,16.53,16.9,16.3801,16.81,4075,0
EBIZ.US,D,20230602,000000,17.07,17.3,17.07,17.25,4608,0
EBIZ.US,D,20230605,000000,17.12,17.34,17.12,17.29,3982,0
EBIZ.US,D,20230606,000000,17.4,17.86,17.4,17.86,2203,0
EBIZ.US,D,20230607,000000,17.94,18,17.56,17.56,7530,0
EBIZ.US,D,20230608,000000,17.78,17.84,17.78,17.84,1580,0
EBIZ.US,D,20230609,000000,18.01,18.01,17.861,17.87,1812,0
EBIZ.US,D,20230612,000000,17.96,18.0599,17.93,18.025,3050,0
EBIZ.US,D,20230613,000000,18.26,18.26,18.0242,18.12,1668,0
EBIZ.US,D,20230614,000000,18.11,18.33,18.09,18.245,10877,0
EBIZ.US,D,20230615,000000,18.2201,18.44,18.2201,18.41,1992,0
EBIZ.US,D,20230616,000000,18.3685,18.3685,18.2594,18.32,1486,0
EBIZ.US,D,20230620,000000,18.22,18.22,17.9603,18.05,3054,0
EBIZ.US,D,20230621,000000,17.93,17.93,17.73,17.86,1856,0
EBIZ.US,D,20230622,000000,17.92,18.22,17.92,18.22,4275,0
EBIZ.US,D,20230623,000000,17.89,17.96,17.8,17.86,1915,0
EBIZ.US,D,20230626,000000,17.9001,17.9001,17.7891,17.79,1560,0
EBIZ.US,D,20230627,000000,18.211,18.28,18.211,18.25,3348,0
EBIZ.US,D,20230628,000000,18.09,18.3,18.09,18.21,13211,0
EBIZ.US,D,20230629,000000,18.25,18.25,18.17,18.22,1697,0
EBIZ.US,D,20230630,000000,18.39,18.5264,18.39,18.49,305459,0
EBIZ.US,D,20230703,000000,18.71,18.71,18.6824,18.7,1966,0
EBIZ.US,D,20230705,000000,18.58,18.6224,18.5,18.585,4156,0
EBIZ.US,D,20230706,000000,18.0191,18.03,17.961,17.98,4525,0
EBIZ.US,D,20230707,000000,18.29,18.31,18.29,18.31,506,0
EBIZ.US,D,20230710,000000,18.18,18.6,18.18,18.55,2100,0
EBIZ.US,D,20230711,000000,18.85,19,18.8,19,2045,0
EBIZ.US,D,20230712,000000,19.34,19.48,19.22,19.36,9072,0
EBIZ.US,D,20230713,000000,19.6901,19.93,19.6901,19.91,2578,0
EBIZ.US,D,20230714,000000,19.75,19.75,19.5198,19.53,4555,0
EBIZ.US,D,20230717,000000,19.41,19.79,19.41,19.71,4840,0
EBIZ.US,D,20230718,000000,19.731,19.76,19.69,19.735,6940,0
EBIZ.US,D,20230719,000000,19.9001,19.9787,19.76,19.83,4744,0
EBIZ.US,D,20230720,000000,19.611,19.76,19.431,19.51,3136,0
EBIZ.US,D,20230721,000000,19.69,19.69,19.48,19.5328,7332,0
EBIZ.US,D,20230724,000000,19.59,19.8,19.59,19.7,7549,0
EBIZ.US,D,20230725,000000,19.76,19.8,19.7274,19.7274,3619,0
EBIZ.US,D,20230726,000000,19.68,20.05,19.68,20.05,21017,0
EBIZ.US,D,20230727,000000,20.16,20.19,19.68,19.68,7854,0
EBIZ.US,D,20230728,000000,20.2,20.47,20.2,20.47,12331,0
EBIZ.US,D,20230731,000000,20.57,20.84,20.57,20.84,303423,0
EBIZ.US,D,20230801,000000,20.6,20.6,20.5,20.51,5270,0
EBIZ.US,D,20230802,000000,20.22,20.22,19.695,19.8,5093,0
EBIZ.US,D,20230803,000000,19.8,19.9,19.8,19.82,3672,0
EBIZ.US,D,20230804,000000,20.14,20.14,19.78,19.78,9716,0
EBIZ.US,D,20230807,000000,19.96,19.9999,19.7315,19.96,54893,0
EBIZ.US,D,20230808,000000,19.56,19.71,19.4499,19.69,3561,0
EBIZ.US,D,20230809,000000,19.81,19.81,19.53,19.53,4440,0
EBIZ.US,D,20230810,000000,19.81,19.85,19.575,19.575,849,0
EBIZ.US,D,20230811,000000,19.31,19.38,19.231,19.33,7472,0
EBIZ.US,D,20230814,000000,19.22,19.38,19.22,19.38,2142,0
EBIZ.US,D,20230815,000000,18.921,18.921,18.77,18.77,2830,0
EBIZ.US,D,20230816,000000,18.61,18.63,18.51,18.51,1595,0
EBIZ.US,D,20230817,000000,18.62,18.62,18.28,18.28,6938,0
EBIZ.US,D,20230818,000000,18,18.1151,18,18.08,2654,0
EBIZ.US,D,20230821,000000,18.02,18.14,18.02,18.14,1160,0
EBIZ.US,D,20230822,000000,18.24,18.24,18.06,18.075,1519,0
EBIZ.US,D,20230823,000000,18.35,18.52,18.35,18.48,2325,0
EBIZ.US,D,20230824,000000,18.292,18.292,18.09,18.09,673,0
EBIZ.US,D,20230825,000000,18.19,18.2555,18.0502,18.23,4680,0
EBIZ.US,D,20230828,000000,18.4697,18.4697,18.32,18.46,1761,0
EBIZ.US,D,20230829,000000,18.57,18.97,18.57,18.91,3429,0
EBIZ.US,D,20230830,000000,19,19.059,18.989,19.015,2001,0
EBIZ.US,D,20230831,000000,19.01,19.1529,19.01,19.0664,4377,0
EBIZ.US,D,20230901,000000,19.41,19.5,19.36,19.42,2707,0
EBIZ.US,D,20230905,000000,19.2299,19.32,19.19,19.24,1754,0
EBIZ.US,D,20230906,000000,19.08,19.1,19.08,19.1,752,0
EBIZ.US,D,20230907,000000,18.74,18.8482,18.74,18.815,1117,0
EBIZ.US,D,20230908,000000,18.8,18.8,18.71,18.72,4873,0
EBIZ.US,D,20230911,000000,18.84,18.84,18.79,18.82,1955,0
EBIZ.US,D,20230912,000000,18.7,18.82,18.68,18.71,2550,0
EBIZ.US,D,20230913,000000,18.67,18.67,18.55,18.62,3129,0
EBIZ.US,D,20230914,000000,18.7296,18.7296,18.71,18.71,1541,0
EBIZ.US,D,20230915,000000,18.63,18.67,18.59,18.65,1849,0
EBIZ.US,D,20230918,000000,18.5999,18.5999,18.418,18.425,1661,0
EBIZ.US,D,20230919,000000,18.31,18.31,18.1967,18.27,2004,0
EBIZ.US,D,20230920,000000,18.2,18.31,18.1,18.1,2909,0
EBIZ.US,D,20230921,000000,17.76,17.785,17.7,17.7,2406,0
EBIZ.US,D,20230922,000000,17.93,18,17.756,17.82,17165,0
EBIZ.US,D,20230925,000000,17.75,18,17.75,17.9805,3123,0
EBIZ.US,D,20230926,000000,17.8,17.8,17.581,17.65,5444,0
EBIZ.US,D,20230927,000000,17.78,17.81,17.685,17.79,3183,0
EBIZ.US,D,20230928,000000,17.62,18.02,17.62,17.97,162046,0
EBIZ.US,D,20230929,000000,18.081,18.17,18.081,18.09,102064,0
EBIZ.US,D,20231002,000000,18.0685,18.18,17.97,18.02,4255,0
EBIZ.US,D,20231003,000000,17.5873,17.5873,17.4364,17.48,638,0
EBIZ.US,D,20231004,000000,17.515,17.61,17.4601,17.61,851,0
EBIZ.US,D,20231005,000000,17.57,17.57,17.34,17.53,6566,0
EBIZ.US,D,20231006,000000,17.55,17.9499,17.49,17.93,14095,0
EBIZ.US,D,20231009,000000,17.67,17.88,17.67,17.88,2814,0
EBIZ.US,D,20231010,000000,18,18.21,18,18.115,9232,0
EBIZ.US,D,20231011,000000,18.45,18.45,17.99,18.17,3081,0
EBIZ.US,D,20231012,000000,17.9777,18.0795,17.7661,17.82,10173,0
EBIZ.US,D,20231013,000000,17.78,17.79,17.46,17.49,1108,0
EBIZ.US,D,20231016,000000,17.77,17.86,17.77,17.78,560,0
EBIZ.US,D,20231017,000000,17.7703,17.895,17.76,17.85,3726,0
EBIZ.US,D,20231018,000000,17.61,17.61,17.4916,17.5057,997,0
EBIZ.US,D,20231019,000000,17.3605,17.43,17.2,17.2,391,0
EBIZ.US,D,20231020,000000,17.06,17.074,16.8997,16.96,5096,0
EBIZ.US,D,20231023,000000,16.85,17.0601,16.85,16.99,1074,0
EBIZ.US,D,20231024,000000,17.03,17.38,17.03,17.28,2161,0
EBIZ.US,D,20231025,000000,16.851,16.92,16.78,16.78,4099,0
EBIZ.US,D,20231026,000000,16.8146,16.8146,16.53,16.59,3430,0
EBIZ.US,D,20231027,000000,16.72,16.72,16.5907,16.62,1534,0
EBIZ.US,D,20231030,000000,16.78,16.9895,16.78,16.85,9929,0
EBIZ.US,D,20231031,000000,16.96,17.03,16.75,16.97,36090,0
EBIZ.US,D,20231101,000000,16.81,16.91,16.81,16.91,3972,0
EBIZ.US,D,20231102,000000,17.3193,17.39,17.3193,17.39,3857,0
EBIZ.US,D,20231103,000000,17.68,18.2683,17.68,18.26,3666,0
EBIZ.US,D,20231106,000000,18.22,18.22,18.08,18.12,1194,0
EBIZ.US,D,20231107,000000,18.345,18.38,18.3137,18.33,1849,0
EBIZ.US,D,20231108,000000,18.17,18.21,18.14,18.18,3160,0
EBIZ.US,D,20231109,000000,18.21,18.21,17.83,17.88,4075,0
EBIZ.US,D,20231110,000000,17.83,18.02,17.77,18.0197,3051,0
EBIZ.US,D,20231113,000000,17.99,18.15,17.94,18.11,3166,0
EBIZ.US,D,20231114,000000,18.36,18.7,18.36,18.65,48182,0
EBIZ.US,D,20231115,000000,18.745,19.1999,18.745,18.9231,9972,0
EBIZ.US,D,20231116,000000,18.64,18.69,18.64,18.69,1015,0
EBIZ.US,D,20231117,000000,18.82,19.0214,18.82,18.94,2026,0
EBIZ.US,D,20231120,000000,18.96,19.35,18.96,19.27,8708,0
EBIZ.US,D,20231121,000000,19.11,19.11,18.97,19.04,3078,0
EBIZ.US,D,20231122,000000,19.17,19.28,19.17,19.23,4597,0
EBIZ.US,D,20231124,000000,19.14,19.3127,19.14,19.3,1790,0
EBIZ.US,D,20231127,000000,19.22,19.4738,19.22,19.47,8742,0
EBIZ.US,D,20231128,000000,19.55,19.8195,19.55,19.8151,4785,0
EBIZ.US,D,20231129,000000,19.9895,20.0604,19.8103,19.89,3277,0
EBIZ.US,D,20231130,000000,19.9,19.9,19.74,19.88,3358,0
EBIZ.US,D,20231201,000000,19.74,20.15,19.74,20.14,5476,0
EBIZ.US,D,20231204,000000,20.1,20.16,19.88,20.11,25898,0
EBIZ.US,D,20231205,000000,19.9999,19.9999,19.7701,19.95,4493,0
EBIZ.US,D,20231206,000000,20.03,20.03,19.71,19.74,5463,0
EBIZ.US,D,20231207,000000,19.79,19.94,19.79,19.88,1967,0
EBIZ.US,D,20231208,000000,19.7101,19.9704,19.7101,19.9,39872,0
EBIZ.US,D,20231211,000000,19.8,20.17,19.8,20.09,7503,0
EBIZ.US,D,20231212,000000,20.03,20.07,19.9,20.07,7302,0
EBIZ.US,D,20231213,000000,19.9,20.4,19.7553,20.37,2046,0
EBIZ.US,D,20231214,000000,20.54,20.7349,20.521,20.69,4436,0
EBIZ.US,D,20231215,000000,20.85,20.85,20.635,20.69,2547,0
EBIZ.US,D,20231218,000000,20.72,20.81,20.6601,20.77,3159,0
EBIZ.US,D,20231219,000000,20.99,21.16,20.99,21.1537,4951,0
EBIZ.US,D,20231220,000000,20.95,21.17,20.65,20.65,11649,0
EBIZ.US,D,20231221,000000,20.85,21.2271,20.85,21.2271,7131,0
EBIZ.US,D,20231222,000000,21,21.08,20.95,21,6526,0
EBIZ.US,D,20231226,000000,21.04,21.06,20.78,20.97,9292,0
EBIZ.US,D,20231227,000000,20.98,21.1,20.94,21.02,20054,0
EBIZ.US,D,20231228,000000,21.11,21.21,21.11,21.2,7166,0
EBIZ.US,D,20231229,000000,21.17,21.32,21.1,21.19,6694,0
EBIZ.US,D,20240102,000000,20.9,20.9,20.69,20.69,2579,0
EBIZ.US,D,20240103,000000,20.49,20.52,20.4002,20.49,3294,0
EBIZ.US,D,20240104,000000,20.42,20.54,20.38,20.42,2840,0
EBIZ.US,D,20240105,000000,20.495,20.53,20.08,20.32,36549,0
EBIZ.US,D,20240108,000000,20.42,20.645,20.39,20.64,19421,0
EBIZ.US,D,20240109,000000,20.41,20.71,20.41,20.64,4058,0
EBIZ.US,D,20240110,000000,20.767,20.795,20.6801,20.7093,1552,0
EBIZ.US,D,20240111,000000,20.75,20.75,20.6435,20.6732,1558,0
EBIZ.US,D,20240112,000000,20.605,20.605,20.55,20.55,678,0
EBIZ.US,D,20240116,000000,20.19,20.23,20.19,20.23,3217,0
EBIZ.US,D,20240117,000000,19.84,20.06,19.775,20.06,6230,0
EBIZ.US,D,20240118,000000,20.22,20.22,20.1156,20.16,6990,0
EBIZ.US,D,20240119,000000,20.16,20.41,20.07,20.41,6990,0
EBIZ.US,D,20240122,000000,20.28,20.4705,20.28,20.445,5023,0
EBIZ.US,D,20240123,000000,20.62,20.8,20.62,20.63,5440,0
EBIZ.US,D,20240124,000000,20.88,20.9199,20.75,20.75,1739,0
EBIZ.US,D,20240125,000000,20.83,20.84,20.7,20.84,3544,0
EBIZ.US,D,20240126,000000,20.79,21.056,20.79,20.9,4731,0
EBIZ.US,D,20240129,000000,20.61,20.8623,20.61,20.84,1582,0
EBIZ.US,D,20240130,000000,20.59,20.64,20.46,20.47,2732,0
EBIZ.US,D,20240131,000000,20.37,20.445,20.1,20.1,1193,0
EBIZ.US,D,20240201,000000,20.45,20.45,20.3601,20.44,2520,0
EBIZ.US,D,20240202,000000,20.41,20.7,20.25,20.683,8820,0
EBIZ.US,D,20240205,000000,20.5,20.7,20.46,20.6395,15582,0
EBIZ.US,D,20240206,000000,20.82,21.15,20.82,21.15,9126,0
EBIZ.US,D,20240207,000000,20.9818,21.13,20.91,21.12,3669,0
EBIZ.US,D,20240208,000000,21,21.27,21,21.24,3859,0
EBIZ.US,D,20240209,000000,21.11,21.4,21.11,21.37,3102,0
EBIZ.US,D,20240212,000000,21.43,21.89,21.37,21.63,16522,0
EBIZ.US,D,20240213,000000,21.11,21.1528,21.01,21.01,6827,0
EBIZ.US,D,20240214,000000,21.26,21.45,21.26,21.45,2371,0
EBIZ.US,D,20240215,000000,21.72,22,21.72,22,8585,0
EBIZ.US,D,20240216,000000,22.02,22.02,21.84,21.84,3633,0
EBIZ.US,D,20240220,000000,21.4665,21.57,21.4665,21.57,1909,0
EBIZ.US,D,20240221,000000,21.38,21.43,21.25,21.36,5076,0
EBIZ.US,D,20240222,000000,21.75,21.9,21.65,21.85,9905,0
EBIZ.US,D,20240223,000000,22.04,22.3,22.04,22.24,5292,0
EBIZ.US,D,20240226,000000,22.31,22.5,22.29,22.29,8311,0
EBIZ.US,D,20240227,000000,22.51,22.82,22.51,22.75,3762,0
EBIZ.US,D,20240228,000000,22.94,22.94,22.73,22.7456,1549,0
EBIZ.US,D,20240229,000000,22.89,23.06,22.81,22.875,3900,0
EBIZ.US,D,20240301,000000,22.93,23.25,22.93,23.22,2025,0
EBIZ.US,D,20240304,000000,23.34,23.34,22.9501,22.99,7085,0
EBIZ.US,D,20240305,000000,22.78,22.82,22.59,22.77,1863,0
EBIZ.US,D,20240306,000000,23.09,23.1057,22.885,22.9,2994,0
EBIZ.US,D,20240307,000000,23.02,23.12,22.93,23.12,3844,0
EBIZ.US,D,20240308,000000,23.17,23.5399,23.1,23.16,5090,0
EBIZ.US,D,20240311,000000,23.16,23.22,23.05,23.05,8595,0
EBIZ.US,D,20240312,000000,23.28,23.39,23.24,23.32,1946,0
EBIZ.US,D,20240313,000000,23.42,23.9582,23.42,23.85,17291,0
EBIZ.US,D,20240314,000000,23.538,23.55,23.5,23.5,2806,0
EBIZ.US,D,20240315,000000,23.52,23.52,23.4,23.43,1811,0
EBIZ.US,D,20240318,000000,23.63,23.66,23.51,23.57,2259,0
EBIZ.US,D,20240319,000000,23.315,23.6099,23.315,23.58,2621,0
EBIZ.US,D,20240320,000000,23.66,24.12,23.66,24.12,23259,0
EBIZ.US,D,20240321,000000,24.2,24.32,24.16,24.16,18861,0
EBIZ.US,D,20240322,000000,24.1,24.1,23.86,23.86,4897,0
EBIZ.US,D,20240325,000000,24,24.09,23.84,23.88,4622,0
EBIZ.US,D,20240326,000000,23.98,24,23.84,23.88,2790,0
EBIZ.US,D,20240327,000000,23.9,23.96,23.8705,23.96,1986,0
EBIZ.US,D,20240328,000000,23.99,24.05,23.88,23.88,14015,0
EBIZ.US,D,20240401,000000,24.03,24.03,23.76,23.9,9939,0
EBIZ.US,D,20240402,000000,23.6,23.6351,23.4,23.6,10798,0
EBIZ.US,D,20240403,000000,23.59,23.7037,23.48,23.59,8518,0
EBIZ.US,D,20240404,000000,23.82,23.82,23.27,23.28,9610,0
EBIZ.US,D,20240405,000000,23.54,23.54,23.53,23.53,200965,0
EBIZ.US,D,20240408,000000,23.55,23.6499,23.5419,23.56,1931,0
EBIZ.US,D,20240409,000000,23.68,23.85,23.59,23.79,8884,0
EBIZ.US,D,20240410,000000,23.36,23.48,23.22,23.34,9489,0
EBIZ.US,D,20240411,000000,23.305,23.45,23.2806,23.44,1079,0
EBIZ.US,D,20240412,000000,22.98,22.98,22.6401,22.74,2576,0
EBIZ.US,D,20240415,000000,22.86,22.86,22.21,22.21,11251,0
EBIZ.US,D,20240416,000000,22.01,22.34,22.01,22.21,2950,0
EBIZ.US,D,20240417,000000,22.28,22.35,22.01,22.01,3807,0
EBIZ.US,D,20240418,000000,22.09,22.3593,21.99,21.99,2295,0
EBIZ.US,D,20240419,000000,21.84,22.0588,21.77,22.0085,20286,0
EBIZ.US,D,20240422,000000,22.16,22.411,22.07,22.39,2346,0
EBIZ.US,D,20240423,000000,22.48,23.0238,22.48,22.93,2919,0
EBIZ.US,D,20240424,000000,23.1083,23.11,22.83,22.83,1048,0
EBIZ.US,D,20240425,000000,22.495,22.7,22.46,22.7,1248,0
EBIZ.US,D,20240426,000000,22.99,23.2395,22.99,23.12,4072,0
EBIZ.US,D,20240429,000000,23.2,23.2209,23.1412,23.17,3378,0
EBIZ.US,D,20240430,000000,23.13,23.13,22.83,22.83,5199,0
EBIZ.US,D,20240501,000000,22.88,22.88,21.33,22.84,5639,0
EBIZ.US,D,20240502,000000,23.77,24,23.6,24,4248,0
EBIZ.US,D,20240503,000000,24.31,24.59,24.31,24.56,10698,0
EBIZ.US,D,20240506,000000,24.76,24.89,24.71,24.88,59737,0
EBIZ.US,D,20240507,000000,24.67,24.76,24.5189,24.52,27581,0
EBIZ.US,D,20240508,000000,23.96,24.06,23.812,24.06,4663,0
EBIZ.US,D,20240509,000000,24.14,24.45,24.11,24.45,5354,0
EBIZ.US,D,20240510,000000,24.43,24.8,24.21,24.24,6000,0
EBIZ.US,D,20240513,000000,24.59,24.85,24.52,24.64,7600,0
EBIZ.US,D,20240514,000000,24.67,24.75,24.6,24.74,4821,0
EBIZ.US,D,20240515,000000,24.88,24.88,24.76,24.83,4387,0
EBIZ.US,D,20240516,000000,24.9,24.94,24.85,24.89,3857,0
EBIZ.US,D,20240517,000000,24.945,25.0939,24.9,24.92,2740,0
EBIZ.US,D,20240520,000000,24.95,25.05,24.925,25.05,4804,0
EBIZ.US,D,20240521,000000,24.8,24.8,24.64,24.64,2457,0
EBIZ.US,D,20240522,000000,24.74,24.74,24.42,24.49,11768,0
EBIZ.US,D,20240523,000000,24.38,24.4,23.85,23.91,10674,0
EBIZ.US,D,20240524,000000,24,24.14,23.9717,24.05,2735,0
EBIZ.US,D,20240528,000000,23.92,23.92,23.68,23.68,3445,0
EBIZ.US,D,20240529,000000,23.34,23.62,23.33,23.51,5186,0
EBIZ.US,D,20240530,000000,23.54,23.6505,23.52,23.63,4275,0
EBIZ.US,D,20240531,000000,23.44,23.63,23.35,23.63,155863,0
EBIZ.US,D,20240603,000000,23.7,23.8899,23.4301,23.61,43842,0
EBIZ.US,D,20240604,000000,23.475,23.52,23.3,23.51,12539,0
EBIZ.US,D,20240605,000000,23.51,23.715,23.51,23.7,9575,0
EBIZ.US,D,20240606,000000,23.81,23.91,23.75,23.83,3383,0
EBIZ.US,D,20240607,000000,23.72,24.09,23.72,23.72,1968,0
EBIZ.US,D,20240610,000000,23.79,24.1702,23.79,24.14,4754,0
EBIZ.US,D,20240611,000000,23.875,24,23.76,24,2657,0
EBIZ.US,D,20240612,000000,24.35,24.49,24.26,24.26,12044,0
EBIZ.US,D,20240613,000000,24.28,24.32,23.93,23.93,7029,0
EBIZ.US,D,20240614,000000,23.73,23.73,23.5,23.6,3631,0
EBIZ.US,D,20240617,000000,23.54,23.9199,23.54,23.78,2552,0
EBIZ.US,D,20240618,000000,23.79,23.85,23.77,23.78,4719,0
EBIZ.US,D,20240620,000000,23.82,23.82,23.5,23.65,49913,0
EBIZ.US,D,20240621,000000,23.64,23.709,23.48,23.7,4238,0
EBIZ.US,D,20240624,000000,23.65,23.88,23.65,23.8,10401,0
EBIZ.US,D,20240625,000000,23.8,23.99,23.7486,23.99,7065,0
EBIZ.US,D,20240626,000000,23.99,24.08,23.82,24.04,7821,0
EBIZ.US,D,20240627,000000,23.88,24.25,23.88,23.97,2535,0
EBIZ.US,D,20240628,000000,23.86,23.86,23.6901,23.74,2750,0
EBIZ.US,D,20240701,000000,23.73,23.73,23.39,23.45,12086,0
EBIZ.US,D,20240702,000000,23.42,23.76,23.42,23.76,8340,0
EBIZ.US,D,20240703,000000,23.9599,23.9599,23.83,23.83,582,0
EBIZ.US,D,20240705,000000,23.7743,23.87,23.7743,23.87,1841,0
EBIZ.US,D,20240708,000000,23.87,23.87,23.8,23.8,937,0
EBIZ.US,D,20240709,000000,23.9,24.18,23.64,24.05,6274,0
EBIZ.US,D,20240710,000000,24.21,24.25,23.9801,24.22,6049,0
EBIZ.US,D,20240711,000000,24.57,24.575,24.49,24.49,1805,0
EBIZ.US,D,20240712,000000,24.98,25.043,24.96,25,5280,0
EBIZ.US,D,20240715,000000,24.84,24.8999,24.78,24.86,1988,0
EBIZ.US,D,20240716,000000,24.84,25.3281,24.84,25.27,2948,0
EBIZ.US,D,20240717,000000,24.9,24.9001,24.48,24.57,2658,0
EBIZ.US,D,20240718,000000,24.59,24.61,24,24.04,1620,0
EBIZ.US,D,20240719,000000,24.01,24.1899,24.01,24.06,3056,0
EBIZ.US,D,20240722,000000,24.34,24.46,24.19,24.42,93812,0
EBIZ.US,D,20240723,000000,24.23,24.39,24.2206,24.3,7530,0
EBIZ.US,D,20240724,000000,24.21,24.21,23.69,23.72,1205,0
EBIZ.US,D,20240725,000000,23.46,23.97,23.46,23.59,5621,0
EBIZ.US,D,20240726,000000,23.93,24.0104,23.76,24,5467,0
EBIZ.US,D,20240729,000000,24,24.0799,23.93,24,6587,0
EBIZ.US,D,20240730,000000,23.98,24.07,23.571,23.76,2854,0
EBIZ.US,D,20240731,000000,23.78,24.39,23.78,24.07,3513,0
EBIZ.US,D,20240801,000000,23.9,24.16,23.31,23.48,4758,0
EBIZ.US,D,20240802,000000,22.9,22.9,22.43,22.78,3664,0
EBIZ.US,D,20240805,000000,21.35,22.51,21.35,22.24,27157,0
EBIZ.US,D,20240806,000000,22.42,22.795,22.42,22.53,6577,0
EBIZ.US,D,20240807,000000,23,23.1,22.48,22.48,94448,0
EBIZ.US,D,20240808,000000,22.69,23.21,22.64,23.17,10685,0
EBIZ.US,D,20240809,000000,23.15,23.31,23.15,23.23,4386,0
EBIZ.US,D,20240812,000000,23.23,23.2699,23.14,23.16,1765,0
EBIZ.US,D,20240813,000000,23.43,23.86,23.43,23.86,4424,0
EBIZ.US,D,20240814,000000,23.85,23.85,23.535,23.5559,2872,0
EBIZ.US,D,20240815,000000,24.06,24.26,24.06,24.26,2061,0
EBIZ.US,D,20240816,000000,24.25,24.5,24.25,24.4,3121,0
EBIZ.US,D,20240819,000000,24.5,24.81,24.45,24.74,23515,0
EBIZ.US,D,20240820,000000,24.28,24.315,24.25,24.3,3908,0
EBIZ.US,D,20240821,000000,24.42,24.72,24.38,24.72,8036,0
EBIZ.US,D,20240822,000000,24.6,24.6,24.23,24.23,103629,0
EBIZ.US,D,20240823,000000,24.46,24.77,24.36,24.68,11160,0
EBIZ.US,D,20240826,000000,24.26,24.41,24.17,24.23,3247,0
EBIZ.US,D,20240827,000000,24.32,24.3708,24.28,24.37,2119,0
EBIZ.US,D,20240828,000000,24.03,24.07,24.0126,24.06,1144,0
EBIZ.US,D,20240829,000000,24.15,24.3,23.91,24.12,175332,0
EBIZ.US,D,20240830,000000,24.43,24.49,24.27,24.49,84162,0
EBIZ.US,D,20240903,000000,24.25,24.25,23.86,23.86,5135,0
EBIZ.US,D,20240904,000000,23.8,23.979,23.78,23.88,3874,0
EBIZ.US,D,20240905,000000,23.88,23.88,23.8,23.8,342,0
EBIZ.US,D,20240906,000000,23.89,23.89,23.36,23.45,4604,0
EBIZ.US,D,20240909,000000,23.55,23.76,23.55,23.71,9320,0
EBIZ.US,D,20240910,000000,23.5418,23.76,23.445,23.76,1654,0
EBIZ.US,D,20240911,000000,23.6864,24.03,23.6864,24.03,1598,0
EBIZ.US,D,20240912,000000,24.0593,24.2665,24.02,24.21,4698,0
EBIZ.US,D,20240913,000000,24.49,24.5572,24.49,24.49,3553,0
EBIZ.US,D,20240916,000000,24.5075,24.5201,24.4784,24.48,2160,0
EBIZ.US,D,20240917,000000,24.69,24.7991,24.56,24.71,4920,0
EBIZ.US,D,20240918,000000,24.75,25.11,24.6302,24.77,7181,0
EBIZ.US,D,20240919,000000,25.48,25.6,25.35,25.6,8098,0
EBIZ.US,D,20240920,000000,25.4201,25.55,25.3165,25.55,2172,0
EBIZ.US,D,20240923,000000,25.6,25.83,25.6,25.74,6457,0
EBIZ.US,D,20240924,000000,26.15,26.45,26.02,26.45,5809,0
EBIZ.US,D,20240925,000000,26.28,26.3,26.07,26.15,1280,0
EBIZ.US,D,20240926,000000,27,27.06,26.7001,27.06,109121,0
EBIZ.US,D,20240927,000000,27.47,27.5,27.27,27.37,6571,0
EBIZ.US,D,20240930,000000,27.55,27.57,27.3883,27.46,3007,0
EBIZ.US,D,20241001,000000,27.34,27.64,27.32,27.6,10400,0
EBIZ.US,D,20241002,000000,27.75,27.99,27.75,27.99,7348,0
EBIZ.US,D,20241003,000000,27.52,27.66,27.35,27.66,6694,0
EBIZ.US,D,20241004,000000,28.09,28.3,27.9401,28.3,5141,0
EBIZ.US,D,20241007,000000,28.31,28.31,27.8501,28.15,4501,0
EBIZ.US,D,20241008,000000,27.37,27.69,27.3,27.69,6244,0
EBIZ.US,D,20241009,000000,27.24,27.5,26.88,27.48,3760,0
EBIZ.US,D,20241010,000000,27.48,27.58,27.3899,27.4,6780,0
EBIZ.US,D,20241011,000000,27.32,27.86,27.32,27.83,7781,0
EBIZ.US,D,20241014,000000,27.62,27.62,27.545,27.61,3764,0
EBIZ.US,D,20241015,000000,27.27,27.27,26.9,26.98,5641,0
EBIZ.US,D,20241016,000000,27.08,27.1682,27.03,27.03,8092,0
EBIZ.US,D,20241017,000000,27.12,27.12,26.64,26.75,5688,0
EBIZ.US,D,20241018,000000,27.13,27.13,26.9,26.92,2117,0
EBIZ.US,D,20241021,000000,26.82,26.915,26.69,26.78,7452,0
EBIZ.US,D,20241022,000000,26.68,26.8499,26.54,26.81,8400,0
EBIZ.US,D,20241023,000000,26.62,26.62,26.15,26.28,3223,0
EBIZ.US,D,20241024,000000,26.31,26.31,26.0901,26.3,3370,0
EBIZ.US,D,20241025,000000,26.48,26.515,26.2022,26.25,2257,0
EBIZ.US,D,20241028,000000,26.2,26.6605,26.2,26.52,4010,0
EBIZ.US,D,20241029,000000,26.67,26.67,26.505,26.55,2775,0
EBIZ.US,D,20241030,000000,26.35,26.5799,26.35,26.47,3272,0
EBIZ.US,D,20241031,000000,26.58,26.6,26.5,26.6,2042,0
EBIZ.US,D,20241101,000000,26.6899,26.69,26.3901,26.3901,5462,0
EBIZ.US,D,20241104,000000,26.6,26.749,26.6,26.74,2524,0
