<TICKER>,<PER>,<DATE>,<TIME>,<OPEN>,<HIGH>,<LOW>,<CLOSE>,<VOL>,<OPENINT>
ECOW.US,D,20190506,000000,19.8982,19.8982,19.8982,19.8982,250.76418749287,0
ECOW.US,D,20190507,000000,19.6827,19.6827,19.6827,19.6827,176.06847206946,0
ECOW.US,D,20190509,000000,19.4174,19.4174,19.4174,19.4174,124.84855292198,0
ECOW.US,D,20190517,000000,18.8748,18.8748,18.8682,18.8682,899.54983002761,0
ECOW.US,D,20190604,000000,19.4109,19.4174,19.4109,19.4109,3862.8355690391,0
ECOW.US,D,20190626,000000,20.2543,20.2543,20.2543,20.2543,123.78147127307,0
ECOW.US,D,20190708,000000,20.3405,20.349,20.3405,20.349,1234.613467784,0
ECOW.US,D,20190722,000000,20.4315,20.4315,20.3977,20.3977,880.34236034731,0
ECOW.US,D,20190723,000000,20.4211,20.4211,20.4211,20.4211,297.71578004472,0
ECOW.US,D,20190725,000000,20.3649,20.3809,20.3246,20.3321,12610.770926769,0
ECOW.US,D,20190726,000000,20.3012,20.3012,20.2553,20.2627,6568.9546306643,0
ECOW.US,D,20190729,000000,20.2046,20.2543,20.1738,20.2533,8214.3945332771,0
ECOW.US,D,20190730,000000,20.139,20.139,20.1269,20.139,935.8306060904,0
ECOW.US,D,20190731,000000,20.155,20.1718,20.0088,20.0088,1730.8064345253,0
ECOW.US,D,20190801,000000,20.0013,20.0191,19.6264,19.6293,1734.007679472,0
ECOW.US,D,20190802,000000,19.5412,19.5412,19.3864,19.3864,866.47029891153,0
ECOW.US,D,20190805,000000,18.9986,18.9986,18.8139,18.8139,2063.7359089838,0
ECOW.US,D,20190806,000000,19.1353,19.1353,19.0801,19.0801,389.48480185063,0
ECOW.US,D,20190807,000000,18.8861,19.0548,18.8861,19.0548,1166.320242254,0
ECOW.US,D,20190808,000000,19.1588,19.1588,19.1588,19.1588,310.52075983159,0
ECOW.US,D,20190809,000000,18.9788,18.9827,18.9788,18.9827,492.99172179449,0
ECOW.US,D,20190812,000000,18.8308,18.8308,18.8308,18.8308,123.78147127307,0
ECOW.US,D,20190813,000000,18.7661,19.0632,18.7568,19.0239,2329.4392395614,0
ECOW.US,D,20190814,000000,18.6171,18.6171,18.5131,18.5131,868.60446220934,0
ECOW.US,D,20190815,000000,18.4887,18.4887,18.4887,18.4887,123.78147127307,0
ECOW.US,D,20190816,000000,18.6265,18.6424,18.6265,18.6424,492.99172179449,0
ECOW.US,D,20190819,000000,18.7661,18.7661,18.6434,18.6462,7915.6116715834,0
ECOW.US,D,20190820,000000,18.7661,18.7802,18.7568,18.7568,1742.5443326633,0
ECOW.US,D,20190822,000000,18.8139,18.8139,18.6761,18.6761,246.49586089725,0
ECOW.US,D,20190823,000000,18.6911,18.6911,18.4729,18.4729,364.94192392579,0
ECOW.US,D,20190826,000000,18.4981,18.4981,18.4316,18.4316,2577.0021821075,0
ECOW.US,D,20190827,000000,18.4175,18.4175,18.3922,18.3922,866.47029891153,0
ECOW.US,D,20190830,000000,18.8289,18.8289,18.7568,18.7568,36333.063063595,0
ECOW.US,D,20190903,000000,18.8449,18.8449,18.7615,18.797,55642.972582193,0
ECOW.US,D,20190905,000000,19.4362,19.4587,19.4362,19.4587,560.21786567556,0
ECOW.US,D,20190906,000000,19.5168,19.5168,19.5168,19.5168,123.78147127307,0
ECOW.US,D,20190909,000000,19.5571,19.5571,19.5571,19.5571,2102.1508483445,0
ECOW.US,D,20190910,000000,19.574,19.574,19.574,19.574,186.73928855852,0
ECOW.US,D,20190911,000000,19.7436,19.752,19.7267,19.752,2516.1785281199,0
ECOW.US,D,20190917,000000,19.9864,19.9864,19.9778,19.9778,3289.8127235767,0
ECOW.US,D,20190918,000000,19.827,19.827,19.8111,19.8111,716.01178641581,0
ECOW.US,D,20190919,000000,19.8073,19.8073,19.8073,19.8073,123.78147127307,0
ECOW.US,D,20190924,000000,19.7492,19.7492,19.5215,19.5215,544.21164094197,0
ECOW.US,D,20190926,000000,19.6452,19.6452,19.6452,19.6452,266.77041222645,0
ECOW.US,D,20190927,000000,19.5636,19.5636,19.439,19.439,1475.7739204367,0
ECOW.US,D,20190930,000000,19.5383,19.5383,19.5383,19.5383,122.71438962417,0
ECOW.US,D,20191001,000000,19.4315,19.4315,19.4015,19.4146,3532.0402578783,0
ECOW.US,D,20191002,000000,19.215,19.2609,19.1943,19.2609,2952.6149225224,0
ECOW.US,D,20191004,000000,19.4728,19.4728,19.4728,19.4728,611.43778482304,0
ECOW.US,D,20191007,000000,19.439,19.439,19.439,19.439,611.43778482304,0
ECOW.US,D,20191008,000000,19.3172,19.3172,19.3172,19.3172,465.24759892294,0
ECOW.US,D,20191009,000000,19.3087,19.3087,19.3087,19.3087,122.71438962417,0
ECOW.US,D,20191010,000000,19.4962,19.4962,19.4962,19.4962,122.71438962417,0
ECOW.US,D,20191011,000000,19.8326,19.8326,19.8326,19.8326,122.71438962417,0
ECOW.US,D,20191014,000000,19.6527,19.6527,19.6527,19.6527,122.71438962417,0
ECOW.US,D,20191017,000000,19.7755,19.7914,19.7755,19.7914,6851.7312676243,0
ECOW.US,D,20191028,000000,20.3883,20.3883,20.3883,20.3883,616.77319306756,0
ECOW.US,D,20191104,000000,20.7022,20.7022,20.7022,20.7022,122.71438962417,0
ECOW.US,D,20191106,000000,20.8626,20.8626,20.781,20.781,472.71717046528,0
ECOW.US,D,20191114,000000,20.4118,20.4118,20.4118,20.4118,1222.8755696461,0
ECOW.US,D,20191119,000000,20.5046,20.5101,20.4614,20.4614,35106.986249002,0
ECOW.US,D,20191120,000000,20.4688,20.4688,20.4577,20.4577,2323.036749668,0
ECOW.US,D,20191121,000000,20.4249,20.5007,20.4249,20.5007,122.71438962417,0
ECOW.US,D,20191125,000000,20.6807,20.6807,20.6545,20.6545,129.11687951761,0
ECOW.US,D,20191126,000000,20.5186,20.5186,20.4427,20.4952,587.96198854711,0
ECOW.US,D,20191127,000000,20.452,20.4688,20.452,20.4688,122.71438962417,0
ECOW.US,D,20191129,000000,20.2834,20.2834,20.2834,20.2834,140.85477765557,0
ECOW.US,D,20191204,000000,20.438,20.438,20.4296,20.4296,409.75935317984,0
ECOW.US,D,20191205,000000,20.4727,20.5186,20.4727,20.5186,664.79186726833,0
ECOW.US,D,20191209,000000,20.69,20.69,20.6395,20.6395,2485.2331603017,0
ECOW.US,D,20191210,000000,20.6291,20.6985,20.616,20.6572,673.32852045958,0
ECOW.US,D,20191213,000000,21.4107,21.4107,21.2533,21.2533,911.28772816558,0
ECOW.US,D,20191218,000000,21.5691,21.5738,21.5691,21.5738,696.8043167355,0
ECOW.US,D,20191219,000000,21.6413,21.6413,21.6226,21.6347,2528.9835079068,0
ECOW.US,D,20191220,000000,21.6309,21.6309,21.6309,21.6309,244.36169759943,0
ECOW.US,D,20191224,000000,21.794,21.794,21.7443,21.7528,1144.978609276,0
ECOW.US,D,20191226,000000,21.8989,21.9168,21.8727,21.8962,2494.8368951418,0
ECOW.US,D,20191230,000000,21.9599,21.9599,21.9599,21.9599,488.72339519886,0
ECOW.US,D,20200102,000000,22.3647,22.4763,22.3647,22.4763,3151.0921092189,0
ECOW.US,D,20200106,000000,22.0892,22.0892,22.0892,22.0892,234.75796275928,0
ECOW.US,D,20200107,000000,22.0283,22.0283,21.9964,21.9964,223.02006462132,0
ECOW.US,D,20200110,000000,22.2879,22.2879,22.2879,22.2879,137.65353270886,0
ECOW.US,D,20200116,000000,22.3564,22.3564,22.344,22.3535,1086.2891185861,0
ECOW.US,D,20200121,000000,22.3319,22.3319,22.3319,22.3319,161.12932898478,0
ECOW.US,D,20200122,000000,22.1473,22.1473,22.123,22.123,730.95092950049,0
ECOW.US,D,20200123,000000,21.8634,21.8634,21.8634,21.8634,503.66253828354,0
ECOW.US,D,20200124,000000,21.7265,21.7293,21.6309,21.6515,3736.9199344682,0
ECOW.US,D,20200127,000000,20.8859,20.9394,20.8859,20.9177,516.46751807042,0
ECOW.US,D,20200128,000000,21.138,21.138,21.1165,21.1165,177.13555371836,0
ECOW.US,D,20200129,000000,21.1802,21.1802,21.1211,21.1211,118.44606302855,0
ECOW.US,D,20200130,000000,20.7482,20.7482,20.7482,20.7482,2148.0353592474,0
ECOW.US,D,20200131,000000,20.5402,20.5402,20.2834,20.3303,1245.2842842731,0
ECOW.US,D,20200203,000000,20.3677,20.5317,20.3677,20.4548,2000.7780916984,0
ECOW.US,D,20200204,000000,20.9478,20.9731,20.871,20.871,1526.9938395842,0
ECOW.US,D,20200205,000000,21.2317,21.2317,21.0077,21.0246,439.6376393492,0
ECOW.US,D,20200206,000000,20.9254,20.9254,20.9047,20.9047,1784.1605169705,0
ECOW.US,D,20200210,000000,20.5748,20.5748,20.5748,20.5748,230.48963616366,0
ECOW.US,D,20200212,000000,21.1979,21.2317,21.1979,21.2317,1202.6010183169,0
ECOW.US,D,20200213,000000,21.138,21.138,21.138,21.138,579.42533535586,0
ECOW.US,D,20200214,000000,21.0172,21.0228,21.0172,21.0228,1226.0768145928,0
ECOW.US,D,20200220,000000,20.9731,20.9731,20.9731,20.9731,230.48963616366,0
ECOW.US,D,20200224,000000,19.9451,19.9451,19.9188,19.9188,1088.4232818839,0
ECOW.US,D,20200225,000000,19.8851,19.8851,19.6742,19.6742,116.31189973073,0
ECOW.US,D,20200226,000000,19.8758,19.9273,19.6086,19.6086,1149.2469358716,0
ECOW.US,D,20200228,000000,18.2741,18.7642,18.2498,18.7642,1955.9606624444,0
ECOW.US,D,20200302,000000,18.8627,19.2169,18.8627,19.2169,650.91980583256,0
ECOW.US,D,20200304,000000,19.3519,19.424,19.3519,19.424,531.4066611551,0
ECOW.US,D,20200305,000000,19.1926,19.1926,19.1926,19.1926,164.3305739315,0
ECOW.US,D,20200306,000000,18.5516,18.5516,18.5516,18.5516,185.67220690961,0
ECOW.US,D,20200309,000000,16.919,16.919,16.5836,16.5957,5697.1489235081,0
ECOW.US,D,20200310,000000,17.1693,17.5235,17.1693,17.5235,242.22753430162,0
ECOW.US,D,20200312,000000,14.9829,14.9829,14.9145,14.9145,233.69088111038,0
ECOW.US,D,20200316,000000,14.3082,14.3082,14.0645,14.0645,250.76418749287,0
ECOW.US,D,20200317,000000,14.3166,14.8274,14.3166,14.8274,2687.9786735938,0
ECOW.US,D,20200318,000000,13.7028,13.7028,13.3317,13.4273,439.6376393492,0
ECOW.US,D,20200319,000000,13.9455,13.9455,13.9099,13.9099,322.25865796956,0
ECOW.US,D,20200324,000000,14.5304,14.5304,14.4919,14.4919,13310.776488452,0
ECOW.US,D,20200325,000000,15.0074,15.1629,15.0074,15.0298,389.48480185063,0
ECOW.US,D,20200326,000000,15.3278,15.5836,15.3194,15.5836,923.02562630354,0
ECOW.US,D,20200401,000000,14.4946,14.713,14.4946,14.533,6185.8723187071,0
ECOW.US,D,20200406,000000,15.7607,15.7607,15.7607,15.7607,2893.9254318326,0
ECOW.US,D,20200407,000000,16.2874,16.2874,15.832,15.832,3957.8058357917,0
ECOW.US,D,20200409,000000,16.0972,16.0972,15.9978,15.9978,239.02628935491,0
ECOW.US,D,20200414,000000,16.3305,16.3305,16.2959,16.2959,255.03251408849,0
ECOW.US,D,20200423,000000,15.8123,15.8123,15.7561,15.7561,8571.8668856605,0
ECOW.US,D,20200424,000000,15.5527,15.5527,15.5527,15.5527,255.03251408849,0
ECOW.US,D,20200428,000000,16.1159,16.1159,16.0653,16.0653,116.31189973073,0
ECOW.US,D,20200429,000000,16.6426,16.6426,16.6108,16.6108,123.78147127307,0
ECOW.US,D,20200504,000000,15.8817,15.9951,15.8817,15.9951,1168.4544055518,0
ECOW.US,D,20200507,000000,16.0794,16.0794,16.0794,16.0794,173.93430877165,0
ECOW.US,D,20200512,000000,16.4608,16.4786,16.2199,16.2199,1152.4481808183,0
ECOW.US,D,20200515,000000,16.0034,16.0034,16.0034,16.0034,122.71438962417,0
ECOW.US,D,20200518,000000,16.5564,16.7176,16.5564,16.7176,1001.9896683226,0
ECOW.US,D,20200519,000000,16.7129,16.7129,16.7129,16.7129,418.29600637108,0
ECOW.US,D,20200527,000000,16.8862,16.8862,16.8862,16.8862,280.64247366223,0
ECOW.US,D,20200529,000000,16.9893,17.025,16.9893,17.025,116.31189973073,0
ECOW.US,D,20200601,000000,17.3183,17.3885,17.3183,17.3885,557.01662072884,0
ECOW.US,D,20200605,000000,18.3659,18.3659,18.3576,18.3576,118.44606302855,0
ECOW.US,D,20200608,000000,18.3322,18.6087,18.3322,18.6087,116.31189973073,0
ECOW.US,D,20200609,000000,18.4007,18.4007,18.3884,18.3884,125.91563457089,0
ECOW.US,D,20200610,000000,18.3659,18.3659,18.3473,18.3473,510.06502817699,0
ECOW.US,D,20200611,000000,17.7868,17.7868,17.7868,17.7868,257.1666773863,0
ECOW.US,D,20200612,000000,17.605,17.7082,17.605,17.7082,118.44606302855,0
ECOW.US,D,20200615,000000,17.2685,17.604,17.2685,17.5244,1504.5851249572,0
ECOW.US,D,20200616,000000,17.8477,17.8477,17.7035,17.7035,141.92185930448,0
ECOW.US,D,20200617,000000,17.7774,17.7774,17.7324,17.7334,1993.3085201561,0
ECOW.US,D,20200618,000000,17.769,17.769,17.7025,17.709,1678.5194337288,0
ECOW.US,D,20200619,000000,17.8544,17.8544,17.7419,17.7502,8149.3025526938,0
ECOW.US,D,20200622,000000,17.8374,17.8825,17.8121,17.8796,1697.7269034091,0
ECOW.US,D,20200623,000000,18.0905,18.0905,17.9855,17.9855,1280.497978687,0
ECOW.US,D,20200625,000000,17.7062,17.8159,17.7062,17.8159,549.5470491865,0
ECOW.US,D,20200629,000000,17.531,17.545,17.531,17.545,247.56294254615,0
ECOW.US,D,20200630,000000,17.4083,17.4083,17.4083,17.4083,247.56294254615,0
ECOW.US,D,20200713,000000,18.3435,18.4129,18.1252,18.1252,603.9682132807,0
ECOW.US,D,20200714,000000,18.0568,18.2648,18.0568,18.2648,132.31812446432,0
ECOW.US,D,20200715,000000,18.3004,18.3004,18.2573,18.2573,140.85477765557,0
ECOW.US,D,20200717,000000,18.2225,18.2225,18.187,18.187,291.31329015129,0
ECOW.US,D,20200722,000000,18.6331,18.6331,18.6237,18.6237,1262.3575906556,0
ECOW.US,D,20200723,000000,18.6415,18.6415,18.4757,18.5047,1454.4322874586,0
ECOW.US,D,20200728,000000,18.5722,18.5889,18.5,18.5,1093.7586901284,0
ECOW.US,D,20200729,000000,18.6405,18.6424,18.6405,18.6424,182.47096196289,0
ECOW.US,D,20200731,000000,18.2225,18.2225,18.2225,18.2225,150.45851249572,0
ECOW.US,D,20200804,000000,18.3706,18.3932,18.3706,18.3932,262.50208563084,0
ECOW.US,D,20200805,000000,18.65,18.6846,18.5889,18.5889,746.95715423408,0
ECOW.US,D,20200810,000000,18.4138,18.4138,18.41,18.41,386.28355690391,0
ECOW.US,D,20200812,000000,18.6583,18.6583,18.6583,18.6583,122.71438962417,0
ECOW.US,D,20200813,000000,18.782,18.782,18.7118,18.7343,2301.6951166899,0
ECOW.US,D,20200817,000000,18.8429,18.8429,18.8215,18.8215,1612.3603714967,0
ECOW.US,D,20200825,000000,18.782,18.858,18.738,18.858,6837.8592061885,0
ECOW.US,D,20200826,000000,18.8861,18.8861,18.8571,18.8571,5766.5092306871,0
ECOW.US,D,20200901,000000,18.9198,18.9404,18.9198,18.9404,279.57539201332,0
ECOW.US,D,20200903,000000,18.7287,18.7287,18.7287,18.7287,144.05602260229,0
ECOW.US,D,20200908,000000,18.5975,18.5984,18.5328,18.5328,1519.5242680419,0
ECOW.US,D,20200910,000000,18.7652,18.7652,18.7652,18.7652,930.49519784588,0
ECOW.US,D,20200914,000000,18.9573,18.9573,18.9573,18.9573,140.85477765557,0
ECOW.US,D,20200915,000000,19.1306,19.1306,19.0894,19.0894,115.24481808183,0
ECOW.US,D,20200916,000000,19.1064,19.1147,19.1064,19.1147,1759.6176390457,0
ECOW.US,D,20200918,000000,18.8852,18.8852,18.8552,18.8552,573.02284546243,0
ECOW.US,D,20200921,000000,18.3847,18.4644,18.3473,18.4541,1715.8672914406,0
ECOW.US,D,20200922,000000,18.2845,18.3116,18.2845,18.2845,3222.5865796956,0
ECOW.US,D,20200923,000000,18.0164,18.0164,18.0164,18.0164,449.24137418936,0
ECOW.US,D,20200924,000000,17.9265,17.9265,17.8646,17.8646,801.37831832827,0
ECOW.US,D,20200928,000000,17.9546,17.9546,17.9003,17.9003,331.86239280971,0
ECOW.US,D,20200929,000000,17.8637,17.8637,17.8637,17.8637,560.21786567556,0
ECOW.US,D,20201002,000000,17.9714,17.9714,17.963,17.963,333.99655610752,0
ECOW.US,D,20201005,000000,18.0529,18.1242,18.0529,18.1242,186.73928855852,0
ECOW.US,D,20201006,000000,18.2582,18.2582,18.1176,18.1176,463.11343562513,0
ECOW.US,D,20201007,000000,18.1785,18.2161,18.1785,18.2161,830.18952284874,0
ECOW.US,D,20201008,000000,18.3913,18.3932,18.3913,18.3932,109.9094098373,0
ECOW.US,D,20201009,000000,18.4832,18.4832,18.4578,18.4578,135.51936941104,0
ECOW.US,D,20201013,000000,18.4119,18.4522,18.3847,18.4522,534.60790610182,0
ECOW.US,D,20201015,000000,18.335,18.3801,18.321,18.3801,411.89351647765,0
ECOW.US,D,20201016,000000,18.4381,18.4381,18.3932,18.3932,271.03873882208,0
ECOW.US,D,20201019,000000,18.4925,18.4925,18.3566,18.3566,1557.9392074025,0
ECOW.US,D,20201020,000000,18.5375,18.5637,18.5375,18.5637,437.50347605139,0
ECOW.US,D,20201021,000000,18.724,18.724,18.6818,18.6818,109.9094098373,0
ECOW.US,D,20201026,000000,18.5909,18.5909,18.4832,18.5375,345.73445424549,0
ECOW.US,D,20201027,000000,18.3397,18.3556,18.3397,18.3556,447.10721089154,0
ECOW.US,D,20201028,000000,17.9359,17.9359,17.7184,17.7184,301.98410664034,0
ECOW.US,D,20201029,000000,17.8187,17.8187,17.7821,17.7821,316.92324972502,0
ECOW.US,D,20201030,000000,17.5769,17.6135,17.5769,17.6135,279.57539201332,0
ECOW.US,D,20201102,000000,17.7278,17.7887,17.711,17.7887,248.63002419506,0
ECOW.US,D,20201103,000000,18.1524,18.1588,18.0717,18.1176,1499.2497167127,0
ECOW.US,D,20201104,000000,18.6087,18.6087,18.5909,18.5909,1435.2248177784,0
ECOW.US,D,20201106,000000,18.9142,18.9142,18.8936,18.8936,294.514535098,0
ECOW.US,D,20201112,000000,19.5524,19.5524,19.3555,19.3715,4751.7145825776,0
ECOW.US,D,20201118,000000,20.0266,20.0266,20.0266,20.0266,223.02006462132,0
ECOW.US,D,20201120,000000,20.0547,20.0547,20.0266,20.0266,233.69088111038,0
ECOW.US,D,20201123,000000,20.3049,20.3143,20.2834,20.2834,5689.6793519659,0
ECOW.US,D,20201124,000000,20.4408,20.4895,20.4408,20.467,670.12727551286,0
ECOW.US,D,20201125,000000,20.3846,20.5101,20.3846,20.5101,344.66737259658,0
ECOW.US,D,20201127,000000,20.646,20.646,20.5972,20.6179,2510.8431198754,0
ECOW.US,D,20201130,000000,20.1802,20.1802,20.0875,20.0875,2519.3797730666,0
ECOW.US,D,20201201,000000,20.4042,20.4042,20.4042,20.4042,223.02006462132,0
ECOW.US,D,20201202,000000,20.5626,20.5701,20.5626,20.5701,133.38520611323,0
ECOW.US,D,20201204,000000,20.8869,20.9244,20.8793,20.9019,4022.897816375,0
ECOW.US,D,20201207,000000,20.9609,20.9609,20.8945,20.8945,506.86378323027,0
ECOW.US,D,20201208,000000,21.0424,21.0555,21.0424,21.049,688.26766354426,0
ECOW.US,D,20201209,000000,21.2036,21.2036,20.8259,20.8793,8346.7126577414,0
ECOW.US,D,20201210,000000,21.0949,21.1634,21.0949,21.1634,1030.800872843,0
ECOW.US,D,20201211,000000,21.0959,21.1071,21.0959,21.1071,491.92464014559,0
ECOW.US,D,20201214,000000,21.1643,21.1643,21.0255,21.1465,758.69505237204,0
ECOW.US,D,20201215,000000,21.2307,21.2307,21.2307,21.2307,289.17912685348,0
ECOW.US,D,20201216,000000,21.4098,21.4454,21.4098,21.4454,771.50003215891,0
ECOW.US,D,20201217,000000,21.5813,21.5813,21.555,21.556,467.38176222075,0
ECOW.US,D,20201218,000000,21.3873,21.3873,21.3873,21.3873,45.88451090295,0
ECOW.US,D,20201221,000000,21.5626,21.5626,21.1325,21.2111,3020.9081480523,0
ECOW.US,D,20201222,000000,20.9965,20.9965,20.8447,20.9244,1432.0235728316,0
ECOW.US,D,20201223,000000,21.0331,21.0331,21.0331,21.0331,1361.5961840039,0
ECOW.US,D,20201224,000000,21.168,21.168,21.168,21.168,210.21508483445,0
ECOW.US,D,20201228,000000,21.4098,21.4266,21.4098,21.4266,897.41566672979,0
ECOW.US,D,20201229,000000,21.5063,21.5063,21.4717,21.4717,4705.8300716747,0
ECOW.US,D,20201230,000000,21.288,21.288,21.288,21.288,153.65975744243,0
ECOW.US,D,20201231,000000,21.3742,21.4051,21.3742,21.4051,500.46129333683,0
ECOW.US,D,20210104,000000,21.5719,21.5719,21.5166,21.5166,280.64247366223,0
ECOW.US,D,20210105,000000,21.6787,21.9224,21.6787,21.8925,7742.7444444607,0
ECOW.US,D,20210106,000000,21.6656,21.6656,21.6656,21.6656,55.488245743102,0
ECOW.US,D,20210107,000000,21.8128,21.8128,21.8128,21.8128,9.6037348401524,0
ECOW.US,D,20210108,000000,22.2813,22.2813,22.2813,22.2813,110.9764914862,0
ECOW.US,D,20210111,000000,22.1464,22.1464,22.1464,22.1464,262.50208563084,0
ECOW.US,D,20210112,000000,22.2635,22.3695,22.2635,22.3695,460.97927232731,0
ECOW.US,D,20210113,000000,22.5325,22.5774,22.5325,22.5653,15193.10851712,0
ECOW.US,D,20210115,000000,22.5025,22.5025,22.3994,22.3994,506.86378323027,0
ECOW.US,D,20210119,000000,22.6309,22.7031,22.6234,22.6234,570.88868216461,0
ECOW.US,D,20210120,000000,22.7124,22.7658,22.7031,22.7556,337.19780105424,0
ECOW.US,D,20210121,000000,22.6139,22.6646,22.5418,22.6646,1258.08926406,0
ECOW.US,D,20210122,000000,22.3263,22.3882,22.2813,22.3713,2605.813386628,0
ECOW.US,D,20210125,000000,22.2448,22.3263,22.1998,22.3226,3377.313418787,0
ECOW.US,D,20210126,000000,22.344,22.3526,22.2448,22.3526,5078.2415671428,0
ECOW.US,D,20210127,000000,22.1277,22.1277,21.9196,21.9196,854.73240077356,0
ECOW.US,D,20210128,000000,22.1726,22.2813,22.1285,22.1285,1592.0858201675,0
ECOW.US,D,20210129,000000,21.5541,21.6066,21.5166,21.5372,1136.4419560847,0
ECOW.US,D,20210202,000000,22.1643,22.1643,22.1192,22.1295,552.74829413322,0
ECOW.US,D,20210203,000000,22.227,22.2363,22.1821,22.2363,14086.544847206,0
ECOW.US,D,20210205,000000,22.466,22.4819,22.466,22.4819,872.87278880497,0
ECOW.US,D,20210208,000000,22.7124,22.7124,22.6309,22.6655,1144.978609276,0
ECOW.US,D,20210210,000000,22.747,22.7658,22.7021,22.7021,1134.3077927869,0
ECOW.US,D,20210212,000000,22.9635,22.9823,22.9542,22.9823,3412.5271132008,0
ECOW.US,D,20210216,000000,23.0807,23.0807,23.0807,23.0807,258.23375903521,0
ECOW.US,D,20210218,000000,22.7378,22.9083,22.7378,22.8707,566.62035556899,0
ECOW.US,D,20210219,000000,23.1698,23.1698,23.1679,23.1679,158.99516568697,0
ECOW.US,D,20210222,000000,22.8558,23.0077,22.8558,23.0077,1150.3140175205,0
ECOW.US,D,20210223,000000,22.6946,22.6946,22.6946,22.6946,109.9094098373,0
ECOW.US,D,20210224,000000,22.9092,22.9092,22.9092,22.9092,521.80292631495,0
ECOW.US,D,20210226,000000,22.345,22.345,22.1614,22.1614,760.82921566985,0
ECOW.US,D,20210301,000000,22.6946,22.6946,22.6946,22.6946,3906.5859166443,0
ECOW.US,D,20210303,000000,22.5531,22.5774,22.524,22.5774,1009.4592398649,0
ECOW.US,D,20210304,000000,22.4781,22.4922,22.3188,22.3188,1586.750411923,0
ECOW.US,D,20210305,000000,22.4519,22.4519,22.4154,22.4154,517.53459971932,0
ECOW.US,D,20210308,000000,22.344,22.344,22.1004,22.1004,746.95715423408,0
ECOW.US,D,20210309,000000,22.3357,22.5681,22.3357,22.5681,1139.6432010315,0
ECOW.US,D,20210310,000000,22.465,22.5635,22.465,22.5635,300.91702499145,0
ECOW.US,D,20210312,000000,23.017,23.0629,23.017,23.0583,5673.6731272323,0
ECOW.US,D,20210315,000000,23.1163,23.1435,23.0995,23.1435,487.65631354997,0
ECOW.US,D,20210316,000000,23.3675,23.3675,23.3403,23.3403,591.16323349383,0
ECOW.US,D,20210318,000000,23.3318,23.3487,23.1529,23.1529,3761.462812393,0
ECOW.US,D,20210319,000000,23.2334,23.3768,23.2334,23.3581,1367.9986738973,0
ECOW.US,D,20210322,000000,22.9532,22.9532,22.8633,22.8989,1548.3354725623,0
ECOW.US,D,20210323,000000,22.6374,22.6927,22.4031,22.4031,2049.863847548,0
ECOW.US,D,20210324,000000,22.3414,22.4312,22.2953,22.3319,2337.9758927527,0
ECOW.US,D,20210325,000000,22.242,22.2953,22.1248,22.286,3001.7006783721,0
ECOW.US,D,20210326,000000,22.3582,22.5212,22.3582,22.5212,4736.7754394929,0
ECOW.US,D,20210330,000000,22.8539,22.8633,22.8455,22.8455,682.93225529972,0
ECOW.US,D,20210331,000000,22.8267,22.9804,22.8267,22.9804,479.11966035872,0
ECOW.US,D,20210405,000000,23.1332,23.1332,23.0995,23.0995,374.54565876595,0
ECOW.US,D,20210406,000000,23.0966,23.0966,23.0966,23.0966,315.85616807613,0
ECOW.US,D,20210407,000000,22.9804,22.9804,22.9626,22.9626,269.97165717318,0
ECOW.US,D,20210409,000000,23.0966,23.0966,23.0966,23.0966,122.71438962417,0
ECOW.US,D,20210412,000000,22.8989,22.9711,22.8989,22.9373,801.37831832827,0
ECOW.US,D,20210414,000000,23.3131,23.3403,23.3009,23.3009,776.83544040344,0
ECOW.US,D,20210416,000000,23.7189,23.7461,23.7189,23.7245,421.4972513178,0
ECOW.US,D,20210419,000000,23.7368,23.7368,23.7096,23.7096,728.81676620268,0
ECOW.US,D,20210420,000000,23.6111,23.6383,23.5633,23.5924,3618.4738714396,0
ECOW.US,D,20210421,000000,23.449,23.6721,23.449,23.6721,2443.6169759943,0
ECOW.US,D,20210422,000000,23.6468,23.6627,23.5839,23.6252,2191.7857068526,0
ECOW.US,D,20210426,000000,23.9897,24.0113,23.9897,24.0113,516.46751807042,0
ECOW.US,D,20210428,000000,23.8276,23.8894,23.8276,23.8894,269.97165717318,0
ECOW.US,D,20210504,000000,23.3768,23.4209,23.3516,23.4209,2343.3113009972,0
ECOW.US,D,20210505,000000,23.6823,23.7442,23.6823,23.7442,374.54565876595,0
ECOW.US,D,20210506,000000,23.9897,24.0338,23.9175,24.0338,2693.3140818383,0
ECOW.US,D,20210510,000000,24.4208,24.4396,24.4208,24.4396,1050.0083425233,0
ECOW.US,D,20210511,000000,23.8361,24.1284,23.8361,24.1284,787.5062568925,0
ECOW.US,D,20210512,000000,23.7724,23.7724,23.4209,23.4209,2430.8119962074,0
ECOW.US,D,20210513,000000,23.5643,23.5643,23.3131,23.494,1135.3748744358,0
ECOW.US,D,20210514,000000,23.6917,23.6917,23.6917,23.6917,171.80014547384,0
ECOW.US,D,20210517,000000,23.5755,23.6017,23.5755,23.6017,530.3395795062,0
ECOW.US,D,20210518,000000,23.9175,23.971,23.881,23.881,1763.8859656413,0
ECOW.US,D,20210520,000000,23.6721,23.7461,23.6721,23.7461,425.76557791343,0
ECOW.US,D,20210521,000000,23.7002,23.7002,23.4931,23.4931,4627.9331113046,0
ECOW.US,D,20210525,000000,23.7096,23.7096,23.6823,23.6823,1554.7379624558,0
ECOW.US,D,20210526,000000,23.7368,23.8361,23.7282,23.8361,2183.2490536613,0
ECOW.US,D,20210527,000000,23.9804,24.0338,23.9804,24.0291,4529.7615996052,0
ECOW.US,D,20210528,000000,24.2006,24.2006,24.0619,24.1959,4632.2014379002,0
ECOW.US,D,20210603,000000,24.5024,24.5295,24.4938,24.5295,208760.65254699,0
ECOW.US,D,20210604,000000,24.5923,24.7282,24.5923,24.701,8382.9934338041,0
ECOW.US,D,20210607,000000,24.6551,24.6645,24.6016,24.6645,1894.0699268079,0
ECOW.US,D,20210609,000000,24.5483,24.5735,24.5024,24.5024,1388.2732252264,0
ECOW.US,D,20210610,000000,24.7385,24.7385,24.7385,24.7385,997.72134172694,0
ECOW.US,D,20210615,000000,24.6289,24.6289,24.4301,24.5024,1756.4163940989,0
ECOW.US,D,20210616,000000,24.4499,24.5212,24.1069,24.136,1997.5768467517,0
ECOW.US,D,20210617,000000,24.1069,24.1069,24.1069,24.1069,278.50831036442,0
ECOW.US,D,20210621,000000,23.7629,23.8885,23.7629,23.8613,4782.6599503959,0
ECOW.US,D,20210622,000000,23.9438,24.0787,23.9438,24.0076,4086.9227153093,0
ECOW.US,D,20210623,000000,24.0609,24.0609,23.9766,23.9766,1075.6183020971,0
ECOW.US,D,20210624,000000,24.1509,24.2512,24.1424,24.2221,2106.4191749401,0
ECOW.US,D,20210625,000000,24.4686,24.4686,24.3234,24.3327,4468.9379456176,0
ECOW.US,D,20210628,000000,24.2193,24.2193,24.2138,24.2138,256.0995957374,0
ECOW.US,D,20210629,000000,24.0703,24.1106,24.0563,24.1106,1997.5768467517,0
ECOW.US,D,20210630,000000,24.0703,24.0862,24.0694,24.0862,546.34580423979,0
ECOW.US,D,20210701,000000,24.1424,24.1424,24.0066,24.0066,724.54843960706,0
ECOW.US,D,20210707,000000,23.7985,23.8894,23.7985,23.8894,1995.4426834539,0
ECOW.US,D,20210708,000000,23.5361,23.5446,23.4724,23.5361,3724.1149546813,0
ECOW.US,D,20210713,000000,23.6543,23.6543,23.5905,23.5905,695.7372350866,0
ECOW.US,D,20210714,000000,23.7442,23.7442,23.6262,23.6309,587.96198854711,0
ECOW.US,D,20210716,000000,23.6721,23.6814,23.5727,23.5727,1989.0401935604,0
ECOW.US,D,20210719,000000,23.1472,23.1828,23.0386,23.1107,3955.6716724939,0
ECOW.US,D,20210720,000000,23.0386,23.0386,23.0386,23.0386,439.6376393492,0
ECOW.US,D,20210723,000000,23.2457,23.2457,23.2457,23.2457,110.9764914862,0
ECOW.US,D,20210726,000000,23.1904,23.224,23.1904,23.224,301.98410664034,0
ECOW.US,D,20210727,000000,22.8848,22.8848,22.7846,22.7846,5637.3923511694,0
ECOW.US,D,20210728,000000,23.1642,23.1642,23.1566,23.1566,3875.640548826,0
ECOW.US,D,20210730,000000,23.4003,23.4003,23.4003,23.4003,110.9764914862,0
ECOW.US,D,20210802,000000,23.6262,23.6262,23.6131,23.6131,1247.4184475709,0
ECOW.US,D,20210804,000000,23.8445,23.8445,23.8445,23.8445,1173.7898137964,0
ECOW.US,D,20210806,000000,23.6543,23.6543,23.6262,23.6262,409.75935317984,0
ECOW.US,D,20210809,000000,23.6627,23.6627,23.5905,23.5905,261.43500398193,0
ECOW.US,D,20210810,000000,23.5539,23.5539,23.5539,23.5539,199.54426834539,0
ECOW.US,D,20210812,000000,23.7985,23.7985,23.7798,23.7798,1657.1778007508,0
ECOW.US,D,20210813,000000,23.7265,23.882,23.7265,23.882,385.216475255,0
ECOW.US,D,20210816,000000,23.8445,23.8445,23.7704,23.7704,407.62518988202,0
ECOW.US,D,20210817,000000,23.6543,23.6543,23.6262,23.6262,452.44261913607,0
ECOW.US,D,20210818,000000,23.7265,23.7265,23.583,23.583,1121.502813,0
ECOW.US,D,20210819,000000,23.1566,23.1642,23.1379,23.1379,2059.4675823882,0
ECOW.US,D,20210820,000000,22.9289,22.9289,22.9289,22.9289,441.77180264701,0
ECOW.US,D,20210824,000000,23.6543,23.6543,23.6449,23.6449,816.31746141295,0
ECOW.US,D,20210825,000000,23.7536,23.7536,23.7536,23.7536,491.92464014559,0
ECOW.US,D,20210826,000000,23.6543,23.6543,23.5765,23.5765,259.30084068411,0
ECOW.US,D,20210827,000000,23.7798,24.0066,23.7798,24.0066,983.84928029117,0
ECOW.US,D,20210831,000000,24.2877,24.2877,24.2605,24.2605,7775.8239755768,0
ECOW.US,D,20210901,000000,24.36,24.36,24.36,24.36,325.45990291627,0
ECOW.US,D,20210902,000000,24.2409,24.2418,24.2409,24.2418,1142.8444459782,0
ECOW.US,D,20210907,000000,24.2877,24.2877,24.2877,24.2877,250.76418749287,0
ECOW.US,D,20210909,000000,23.9344,23.9607,23.9344,23.9607,350.00278084111,0
ECOW.US,D,20210913,000000,24.2062,24.2202,24.1968,24.1968,1104.4295066175,0
ECOW.US,D,20210914,000000,23.9982,23.9982,23.8069,23.8069,663.72478561942,0
ECOW.US,D,20210916,000000,23.5267,23.5267,23.3187,23.4808,6558.2838141752,0
ECOW.US,D,20210917,000000,23.2645,23.2645,23.2438,23.2438,939.03185103713,0
ECOW.US,D,20210920,000000,22.5409,22.6225,22.5409,22.6225,1308.2421015585,0
ECOW.US,D,20210921,000000,22.7761,22.8117,22.7761,22.8117,592.23031514273,0
ECOW.US,D,20210922,000000,23.2916,23.2916,23.2916,23.2916,326.52698456518,0
ECOW.US,D,20210923,000000,23.2447,23.2916,23.2447,23.2916,1731.8735161742,0
ECOW.US,D,20210924,000000,22.9392,22.9392,22.9392,22.9392,489.79047684777,0
ECOW.US,D,20210927,000000,22.8005,22.8652,22.8005,22.8005,2440.4157310476,0
ECOW.US,D,20210928,000000,22.6515,22.6515,22.5681,22.5681,1510.9876148507,0
ECOW.US,D,20210930,000000,22.6702,22.6702,22.6702,22.6702,989.1846885357,0
ECOW.US,D,20211004,000000,22.7171,22.7171,22.7171,22.7171,819.51870635967,0
ECOW.US,D,20211005,000000,22.7723,22.7723,22.7723,22.7723,201.6784316432,0
ECOW.US,D,20211006,000000,22.4201,22.6243,22.4201,22.6243,2855.510492472,0
ECOW.US,D,20211007,000000,22.7818,22.837,22.7171,22.7171,6371.5445256166,0
ECOW.US,D,20211013,000000,22.7349,22.9392,22.7349,22.9392,235.82504440818,0
ECOW.US,D,20211014,000000,23.0414,23.0414,22.9579,22.9579,1035.0691994386,0
ECOW.US,D,20211015,000000,22.9852,23.0132,22.9852,23.0132,138.72061435775,0
ECOW.US,D,20211018,000000,23.0966,23.0966,23.0319,23.0319,140.85477765557,0
ECOW.US,D,20211019,000000,23.06,23.1154,23.06,23.0704,27790.007382454,0
ECOW.US,D,20211020,000000,23.0695,23.0695,23.0414,23.0414,142.98894095338,0
ECOW.US,D,20211021,000000,22.763,22.763,22.6149,22.6149,648.78564253474,0
ECOW.US,D,20211025,000000,22.8652,22.8971,22.8465,22.8971,544.21164094197,0
ECOW.US,D,20211026,000000,22.8652,22.8652,22.7442,22.7818,571.95576381352,0
ECOW.US,D,20211029,000000,22.2813,22.3179,22.2439,22.3179,3270.6052538963,0
ECOW.US,D,20211102,000000,22.0771,22.0771,22.0771,22.0771,457.7780273806,0
ECOW.US,D,20211103,000000,22.0958,22.0958,22.0958,22.0958,313.72200477831,0
ECOW.US,D,20211104,000000,22.2157,22.2157,22.2157,22.2157,215.55049307898,0
ECOW.US,D,20211108,000000,22.7255,22.7387,22.7255,22.7387,292.3803718002,0
ECOW.US,D,20211109,000000,22.6515,22.6805,22.6515,22.6805,1840.7158443625,0
ECOW.US,D,20211110,000000,22.7442,22.7442,22.7442,22.7442,529.27249785729,0
ECOW.US,D,20211116,000000,22.7171,22.7171,22.6421,22.6421,1318.9129180476,0
ECOW.US,D,20211117,000000,22.5409,22.5409,22.5034,22.5034,823.78703295529,0
ECOW.US,D,20211118,000000,22.2813,22.2898,22.2813,22.287,2102.1508483445,0
ECOW.US,D,20211119,000000,22.2813,22.2945,22.2532,22.2532,1467.2372672455,0
ECOW.US,D,20211122,000000,22.3825,22.3825,22.1998,22.1998,664.79186726833,0
ECOW.US,D,20211124,000000,22.2344,22.4388,22.2344,22.3742,45898.382964386,0
ECOW.US,D,20211126,000000,21.808,21.808,21.6038,21.6741,5854.0099258973,0
ECOW.US,D,20211129,000000,21.9655,21.9655,21.929,21.9477,2333.7075661571,0
ECOW.US,D,20211130,000000,21.7612,21.808,21.5767,21.6544,47694.281379495,0
ECOW.US,D,20211201,000000,22.1697,22.2063,21.8211,21.8211,976.37970874883,0
ECOW.US,D,20211202,000000,22.2532,22.2532,22.2532,22.2532,162.19641063368,0
ECOW.US,D,20211203,000000,22.3732,22.3759,22.2532,22.3759,4611.926886571,0
ECOW.US,D,20211207,000000,22.7687,22.7687,22.763,22.763,658.3893773749,0
ECOW.US,D,20211208,000000,22.7723,22.8652,22.7255,22.837,5501.8729817584,0
ECOW.US,D,20211210,000000,22.7171,22.7171,22.6983,22.6983,2718.924041412,0
ECOW.US,D,20211213,000000,22.5774,22.5774,22.5774,22.5774,2661.3016323711,0
ECOW.US,D,20211214,000000,22.5494,22.5494,22.5222,22.5222,2226.9994012664,0
ECOW.US,D,20211216,000000,22.8652,23.0038,22.8652,22.9927,4544.7007426899,0
ECOW.US,D,20211217,000000,22.689,22.689,22.6431,22.6431,117.37898137964,0
ECOW.US,D,20211220,000000,22.2439,22.5438,22.0865,22.5438,6674.5957139059,0
ECOW.US,D,20211221,000000,22.6243,22.6768,22.6243,22.6768,719.21303136252,0
ECOW.US,D,20211222,000000,22.6327,22.763,22.6327,22.763,458.8451090295,0
ECOW.US,D,20211223,000000,22.9504,23.1097,22.9411,23.0992,41076.240992981,0
ECOW.US,D,20211227,000000,23.2503,23.2503,23.0816,23.1183,40922.581235538,0
ECOW.US,D,20211228,000000,23.0536,23.0909,23.0536,23.0684,3259.9344374073,0
ECOW.US,D,20211229,000000,22.9879,22.9973,22.9411,22.9973,6461.1793841247,0
ECOW.US,D,20211230,000000,23.0255,23.062,22.9973,23.062,4161.6184307327,0
ECOW.US,D,20211231,000000,22.9879,23.1097,22.9879,23.007,344.66737259658,0
ECOW.US,D,20220103,000000,23.0067,23.1472,23.0067,23.1263,497.26004839011,0
ECOW.US,D,20220104,000000,23.1753,23.1753,23.1008,23.1008,3387.9842352759,0
ECOW.US,D,20220105,000000,23.1753,23.1753,23.0067,23.0067,1879.1307837232,0
ECOW.US,D,20220107,000000,23.0348,23.0536,23.0348,23.0442,799.24415503047,0
ECOW.US,D,20220110,000000,22.9504,23.1051,22.9504,23.1051,6757.8280825206,0
ECOW.US,D,20220111,000000,23.1941,23.5408,23.1941,23.5322,1032.9350361408,0
ECOW.US,D,20220112,000000,23.7002,23.8914,23.7002,23.8914,10509.687160073,0
ECOW.US,D,20220113,000000,23.8407,23.8407,23.5386,23.5386,11287.589682126,0
ECOW.US,D,20220114,000000,23.494,23.6158,23.4471,23.5971,1656.1107191019,0
ECOW.US,D,20220118,000000,23.0348,23.0348,22.9064,22.9786,2915.2670648107,0
ECOW.US,D,20220119,000000,23.4565,23.5877,23.4565,23.5595,19170.121822593,0
ECOW.US,D,20220120,000000,23.6814,23.7564,23.6813,23.747,1864.1916406385,0
ECOW.US,D,20220121,000000,23.3627,23.3627,23.1753,23.1977,1204.7351816147,0
ECOW.US,D,20220124,000000,22.7442,22.8661,22.4443,22.7723,10433.924363001,0
ECOW.US,D,20220125,000000,22.4538,22.8005,22.4538,22.8005,1174.8568954453,0
ECOW.US,D,20220126,000000,22.8942,22.8942,22.6318,22.6318,919.82438135681,0
ECOW.US,D,20220127,000000,22.8098,22.8099,22.7255,22.7255,848.32991088013,0
ECOW.US,D,20220128,000000,22.51,22.5849,22.4163,22.5825,2491.6356501951,0
ECOW.US,D,20220131,000000,22.9045,23.0442,22.8661,23.0439,13672.51716743,0
ECOW.US,D,20220201,000000,23.2128,23.2767,23.2128,23.2767,735.21925609611,0
ECOW.US,D,20220202,000000,23.1472,23.2597,23.1472,23.2597,1454.4322874586,0
ECOW.US,D,20220204,000000,23.0536,23.2034,23.0536,23.1753,3223.6536613445,0
ECOW.US,D,20220207,000000,23.4659,23.6721,23.4659,23.5833,11340.943764571,0
ECOW.US,D,20220208,000000,23.9812,24.0326,23.9719,24.0326,1055.3437507679,0
ECOW.US,D,20220209,000000,24.1968,24.253,24.1968,24.253,3169.2324972503,0
ECOW.US,D,20220210,000000,24.5248,24.657,24.4118,24.4118,1209.0035082103,0
ECOW.US,D,20220211,000000,24.2811,24.2906,24.203,24.203,2079.7421337174,0
ECOW.US,D,20220214,000000,24.0844,24.0844,23.9859,24.0313,7630.7008713256,0
ECOW.US,D,20220215,000000,24.2269,24.3093,24.2269,24.3061,5156.138527513,0
ECOW.US,D,20220216,000000,24.4311,24.7029,24.4174,24.6059,11735.763974666,0
ECOW.US,D,20220217,000000,24.3749,24.3749,24.1406,24.1875,2038.1259494102,0
ECOW.US,D,20220218,000000,24.1313,24.2718,24.1219,24.1552,16646.473722931,0
ECOW.US,D,20220222,000000,23.7938,24,23.7096,24,15967.809794227,0
ECOW.US,D,20220223,000000,23.6533,23.6594,23.5127,23.5127,5521.0804514387,0
ECOW.US,D,20220224,000000,22.3319,22.7723,22.2382,22.7723,8039.3931428565,0
ECOW.US,D,20220225,000000,23.1285,23.5689,23.1285,23.4344,11316.400886646,0
ECOW.US,D,20220228,000000,22.7161,22.7818,22.5204,22.7818,4985.405463688,0
ECOW.US,D,20220301,000000,22.4539,22.5006,22.1446,22.2382,11929.972834767,0
ECOW.US,D,20220302,000000,22.1726,22.5247,22.1726,22.4751,4635.4026828469,0
ECOW.US,D,20220303,000000,22.5287,22.5428,22.4351,22.4351,4385.7055770029,0
ECOW.US,D,20220304,000000,22.1914,22.3132,22.1914,22.3041,823.78703295529,0
ECOW.US,D,20220307,000000,22.0227,22.0413,21.6667,21.6789,11538.353869619,0
ECOW.US,D,20220308,000000,21.5541,21.6385,21.2449,21.4135,7225.2098447413,0
ECOW.US,D,20220309,000000,21.8165,21.8165,21.8165,21.8165,841.9274209867,0
ECOW.US,D,20220310,000000,21.6478,21.7791,21.526,21.7512,6666.0590607146,0
ECOW.US,D,20220311,000000,21.7415,21.7415,21.3386,21.3386,1314.6445914519,0
ECOW.US,D,20220314,000000,21.2355,21.2355,20.8981,20.9122,2221.6639930219,0
ECOW.US,D,20220315,000000,20.5982,20.7201,20.5982,20.7014,7757.6835875454,0
ECOW.US,D,20220316,000000,21.0574,21.6759,21.0574,21.6759,31309.242660546,0
ECOW.US,D,20220317,000000,21.6666,21.8352,21.5729,21.8092,4760.2512357689,0
ECOW.US,D,20220318,000000,21.6759,21.9196,21.6759,21.8727,10734.841387993,0
ECOW.US,D,20220321,000000,22.004,22.004,21.7978,21.9328,9864.1027624855,0
ECOW.US,D,20220322,000000,22.2102,22.2382,22.1961,22.2265,11118.990781599,0
ECOW.US,D,20220323,000000,22.2382,22.4069,22.2288,22.271,14934.874758086,0
ECOW.US,D,20220324,000000,22.3983,22.5209,22.3983,22.5209,891.06818106803,0
ECOW.US,D,20220325,000000,22.2474,22.3416,22.2286,22.3323,9640.5090827932,0
ECOW.US,D,20220328,000000,22.1438,22.2663,22.1438,22.2568,5169.2562456483,0
ECOW.US,D,20220329,000000,22.502,22.502,22.4895,22.4895,1198.6988626272,0
ECOW.US,D,20220330,000000,22.5397,22.6245,22.5397,22.6245,880.46022653151,0
ECOW.US,D,20220331,000000,22.5209,22.5209,22.4454,22.5114,6897.292039648,0
ECOW.US,D,20220401,000000,22.7753,22.9074,22.7753,22.9074,1358.8789761288,0
ECOW.US,D,20220404,000000,22.9828,23.0298,22.9639,23.0298,6984.2772668475,0
ECOW.US,D,20220405,000000,22.9827,22.9827,22.7,22.7,1581.6460213958,0
ECOW.US,D,20220406,000000,22.3983,22.4265,22.2663,22.4265,5520.3795408072,0
ECOW.US,D,20220407,000000,22.1815,22.2324,22.0401,22.2324,5202.1409047115,0
ECOW.US,D,20220408,000000,22.5114,22.5303,22.5114,22.5303,992.90454461867,0
ECOW.US,D,20220411,000000,22.3147,22.3147,22.3135,22.3135,326.72499972495,0
ECOW.US,D,20220412,000000,22.4171,22.4171,22.2568,22.2568,1650.5977258832,0
ECOW.US,D,20220413,000000,22.5773,22.5773,22.502,22.5039,9670.2113554955,0
ECOW.US,D,20220414,000000,22.3983,22.4078,22.2003,22.37,3853.8698831192,0
ECOW.US,D,20220418,000000,22.3323,22.3324,22.2568,22.3187,2220.2448844945,0
ECOW.US,D,20220419,000000,22.238,22.3097,22.238,22.3097,1853.2096575308,0
ECOW.US,D,20220420,000000,22.2192,22.2192,22.0684,22.1084,8971.1471515385,0
ECOW.US,D,20220421,000000,21.9835,21.9835,21.49,21.5593,7480.7295391569,0
ECOW.US,D,20220422,000000,21.1634,21.1822,21.0973,21.0973,4591.1227234077,0
ECOW.US,D,20220425,000000,20.5789,20.7391,20.5789,20.7391,6121.8505630281,0
ECOW.US,D,20220426,000000,20.1736,20.1736,20.1736,20.1736,51.978977228969,0
ECOW.US,D,20220427,000000,20.56,20.956,20.5318,20.956,1757.7380667021,0
ECOW.US,D,20220428,000000,20.6921,20.8523,20.692,20.8523,4584.7579506858,0
ECOW.US,D,20220429,000000,21.0597,21.096,20.8806,20.9088,3922.8215876067,0
ECOW.US,D,20220502,000000,20.758,20.758,20.4092,20.5224,11543.576126645,0
ECOW.US,D,20220503,000000,20.9654,20.9654,20.9654,20.9654,175.03124985265,0
ECOW.US,D,20220504,000000,20.6921,21.2765,20.6826,21.2482,4168.926132854,0
ECOW.US,D,20220505,000000,20.4469,20.5977,20.4469,20.5977,6238.5380629299,0
ECOW.US,D,20220506,000000,20.2678,20.3715,20.2678,20.3432,3225.878974557,0
ECOW.US,D,20220509,000000,19.8907,19.8907,19.721,19.721,4012.9892011671,0
ECOW.US,D,20220510,000000,19.6834,19.7399,19.5607,19.6834,1748.1909076192,0
ECOW.US,D,20220511,000000,19.721,19.721,19.6175,19.6175,596.16704495266,0
ECOW.US,D,20220512,000000,19.3817,19.3977,19.2874,19.3723,2733.6698840623,0
ECOW.US,D,20220513,000000,19.8907,19.8907,19.8625,19.8907,355.36647697356,0
ECOW.US,D,20220516,000000,19.9944,19.9944,19.9638,19.9638,370.2176133247,0
ECOW.US,D,20220517,000000,20.2584,20.2678,20.2584,20.2594,1157.3278399348,0
ECOW.US,D,20220518,000000,20.0228,20.0604,19.8439,19.8439,13119.918170773,0
ECOW.US,D,20220519,000000,19.9661,20.2019,19.9661,20.1722,1052.3090900232,0
ECOW.US,D,20220520,000000,20.3758,21.0503,20.3149,21.0503,2440.8903388542,0
ECOW.US,D,20220523,000000,20.7203,20.8051,20.7203,20.8051,1233.7051125978,0
ECOW.US,D,20220524,000000,20.6355,20.7015,20.6355,20.7015,1191.2732944517,0
ECOW.US,D,20220525,000000,20.6543,20.7768,20.0039,20.0039,11234.884649633,0
ECOW.US,D,20220526,000000,20.9277,21.0031,20.9277,20.9938,2533.179543322,0
ECOW.US,D,20220527,000000,20.9748,21.1634,20.9748,21.1317,3011.5982929192,0
ECOW.US,D,20220531,000000,21.3331,21.3331,21.2339,21.2765,2269.0414753625,0
ECOW.US,D,20220601,000000,21.2482,21.3425,21.1634,21.25,4844.6528368306,0
ECOW.US,D,20220602,000000,21.4556,21.6347,21.4556,21.6173,2472.7142024638,0
ECOW.US,D,20220603,000000,21.4933,21.4933,21.399,21.4273,1201.8812489882,0
ECOW.US,D,20220606,000000,21.3216,21.3236,21.2723,21.3048,3351.052838088,0
ECOW.US,D,20220607,000000,21.2482,21.3331,21.2482,21.3,13872.022147413,0
ECOW.US,D,20220608,000000,21.2325,21.2325,20.9843,20.9843,5734.660222445,0
ECOW.US,D,20220609,000000,20.7391,20.7768,20.5713,20.5713,1664.3880667807,0
ECOW.US,D,20220610,000000,20.2207,20.3715,20.2207,20.2301,5630.7022679871,0
ECOW.US,D,20220613,000000,19.7021,19.7021,19.658,19.658,3801.8909058903,0
ECOW.US,D,20220614,000000,19.6833,19.6834,19.5985,19.6696,3653.3795423789,0
ECOW.US,D,20220615,000000,19.928,19.928,19.928,19.928,88.046022653151,0
ECOW.US,D,20220616,000000,19.1555,19.3064,19.1555,19.2685,1443.7426124209,0
ECOW.US,D,20220617,000000,19.2968,19.2968,19.0141,19.0424,2709.2715886283,0
ECOW.US,D,20220621,000000,19.1177,19.146,19.0611,19.0611,1366.3045443043,0
ECOW.US,D,20220622,000000,18.8348,18.9105,18.7972,18.7972,1384.3380670164,0
ECOW.US,D,20220623,000000,18.8261,18.8261,18.4796,18.5961,2532.0033051692,0
ECOW.US,D,20220624,000000,18.8838,18.9046,18.8838,18.9046,435.3341751604,0
ECOW.US,D,20220627,000000,19.1437,19.2015,19.0378,19.1013,9222.0194241616,0
ECOW.US,D,20220628,000000,19.1966,19.1966,18.9223,19.0744,5993.8970322204,0
ECOW.US,D,20220629,000000,19.1437,19.1437,18.7491,18.9022,6916.5145681212,0
ECOW.US,D,20220630,000000,18.7202,18.7472,18.5616,18.7311,2276.4133121156,0
ECOW.US,D,20220701,000000,18.4315,18.5005,18.3727,18.47,1183.4024475124,0
ECOW.US,D,20220705,000000,18.0465,18.2411,18.0465,18.2411,1744.4536517764,0
ECOW.US,D,20220706,000000,17.9117,18.0657,17.9117,18.0176,5513.8865574612,0
ECOW.US,D,20220707,000000,18.4315,18.4795,18.4121,18.4121,4386.5892303752,0
ECOW.US,D,20220708,000000,18.5423,18.547,18.5277,18.5451,1203.1431380328,0
ECOW.US,D,20220711,000000,18.1524,18.1909,18.0657,18.0657,2714.8644384108,0
ECOW.US,D,20220712,000000,17.9406,17.9406,17.9021,17.9021,328.3188528656,0
ECOW.US,D,20220713,000000,17.5749,17.8393,17.5749,17.7866,388.5799081384,0
ECOW.US,D,20220714,000000,17.5364,17.586,17.4883,17.586,920.5395684776,0
ECOW.US,D,20220715,000000,17.623,17.6615,17.623,17.6615,1005.7362328288,0
ECOW.US,D,20220718,000000,18.008,18.008,17.8251,17.8251,14670.450007792,0
ECOW.US,D,20220719,000000,18.1042,18.1812,18.1042,18.1526,5669.7341142012,0
ECOW.US,D,20220720,000000,18.0946,18.0946,17.9884,17.9884,31387.697927436,0
ECOW.US,D,20220721,000000,18.0272,18.0657,17.9599,18.0657,1355.873743638,0
ECOW.US,D,20220722,000000,18.0946,18.1716,17.9984,18.085,29722.207037741,0
ECOW.US,D,20220725,000000,18.1042,18.162,18.1042,18.162,2136.1505110496,0
ECOW.US,D,20220726,000000,18.0996,18.1427,18.0996,18.1048,1159.5058221456,0
ECOW.US,D,20220727,000000,18.1812,18.3929,18.162,18.3782,2244.204817056,0
ECOW.US,D,20220728,000000,18.2104,18.6624,18.2104,18.393,7238.5995187172,0
ECOW.US,D,20220729,000000,18.3256,18.4218,18.3256,18.3737,1080.543060064,0
ECOW.US,D,20220801,000000,18.3448,18.3448,18.1716,18.2294,9736.3163614036,0
ECOW.US,D,20220802,000000,18.0658,18.1379,17.9599,17.9599,4271.2620383876,0
ECOW.US,D,20220803,000000,18.0464,18.0465,18.0369,18.0369,798.9784742204,0
ECOW.US,D,20220804,000000,18.1717,18.2005,18.1508,18.1508,1836.9232021088,0
ECOW.US,D,20220805,000000,18.3448,18.3641,18.3112,18.3641,640.0139663456,0
ECOW.US,D,20220808,000000,18.547,18.5758,18.547,18.5659,1110.6735877004,0
ECOW.US,D,20220809,000000,18.6336,18.6373,18.6172,18.6373,839.4988389728,0
ECOW.US,D,20220810,000000,18.8453,18.8935,18.8356,18.863,1773.5451957012,0
ECOW.US,D,20220811,000000,18.9897,19.0571,18.9608,18.9608,2009.3944982344,0
ECOW.US,D,20220812,000000,19.1726,19.1726,19.1533,19.1533,1551.2026814188,0
ECOW.US,D,20220815,000000,18.8838,18.9031,18.855,18.8646,2344.9862370812,0
ECOW.US,D,20220816,000000,18.9992,18.9993,18.9801,18.9801,1379.7703690048,0
ECOW.US,D,20220817,000000,18.9031,18.932,18.9031,18.9189,1691.4654824848,0
ECOW.US,D,20220818,000000,18.7298,18.7876,18.7298,18.769,4980.8879134104,0
ECOW.US,D,20220819,000000,18.6626,18.6817,18.6144,18.6667,3802.680384456,0
ECOW.US,D,20220822,000000,18.5855,18.6117,18.5855,18.6117,114.288208276,0
ECOW.US,D,20220823,000000,18.8261,18.8354,18.7972,18.8354,626.5071780948,0
ECOW.US,D,20220824,000000,18.8934,18.8935,18.7876,18.7945,1735.102798372,0
ECOW.US,D,20220825,000000,18.9753,19.1341,18.9753,19.1218,6532.0905948292,0
ECOW.US,D,20220826,000000,19.2303,19.2303,18.8812,18.8812,1178.2075289544,0
ECOW.US,D,20220829,000000,18.7971,18.8081,18.7971,18.7989,985.9955423084,0
ECOW.US,D,20220830,000000,18.7048,18.7048,18.4315,18.4315,515.3359209536,0
ECOW.US,D,20220831,000000,18.4411,18.4411,18.2967,18.2967,2101.8640485668,0
ECOW.US,D,20220901,000000,18.239,18.239,18.2053,18.2288,3087.8595908752,0
ECOW.US,D,20220902,000000,18.2216,18.2216,18.1139,18.162,1810.9486093188,0
ECOW.US,D,20220906,000000,18.1332,18.2197,18.1236,18.1397,530.9206766276,0
ECOW.US,D,20220907,000000,18.239,18.3352,18.239,18.3352,712.7428261576,0
ECOW.US,D,20220908,000000,18.2092,18.2092,18.2092,18.2092,187.017068088,0
ECOW.US,D,20220909,000000,18.5662,18.5797,18.5566,18.5797,1768.3502771432,0
ECOW.US,D,20220912,000000,18.7202,18.8922,18.7202,18.8838,1137.687164202,0
ECOW.US,D,20220913,000000,18.4988,18.4988,18.2119,18.2119,250.3950744956,0
ECOW.US,D,20220914,000000,18.3256,18.3635,18.2776,18.3635,507.0240512608,0
ECOW.US,D,20220915,000000,18.3063,18.3064,18.2775,18.2775,884.1751385716,0
ECOW.US,D,20220916,000000,17.981,18.1042,17.981,18.0176,2408.3642434888,0
ECOW.US,D,20220919,000000,18.0271,18.0272,17.9984,17.9984,521.5698232232,0
ECOW.US,D,20220920,000000,17.7962,17.8824,17.7962,17.8621,1724.712961256,0
ECOW.US,D,20220921,000000,17.8155,17.878,17.6997,17.6997,2103.94201599,0
ECOW.US,D,20220922,000000,17.82,17.825,17.7101,17.7888,4123,0
ECOW.US,D,20220923,000000,17.31,17.31,17.15,17.27,2829,0
ECOW.US,D,20220926,000000,17.02,17.02,16.7,16.7,2989,0
ECOW.US,D,20220927,000000,16.8053,16.8053,16.695,16.7062,3486,0
ECOW.US,D,20220928,000000,16.57,16.79,16.57,16.69,6141,0
ECOW.US,D,20220929,000000,16.38,16.4177,16.3401,16.4177,1230,0
ECOW.US,D,20220930,000000,16.51,16.51,16.4171,16.4171,2252,0
ECOW.US,D,20221003,000000,16.99,17.1,16.9899,17.0368,5621,0
ECOW.US,D,20221004,000000,17.45,17.4945,17.4011,17.4585,996,0
ECOW.US,D,20221005,000000,17.37,17.37,17.37,17.37,53,0
ECOW.US,D,20221006,000000,17.37,17.38,17.3506,17.3506,123048,0
ECOW.US,D,20221007,000000,17.15,17.15,17.05,17.05,1251,0
ECOW.US,D,20221010,000000,16.9101,16.9105,16.9101,16.9105,446,0
ECOW.US,D,20221011,000000,16.83,16.97,16.806,16.8127,5405,0
ECOW.US,D,20221012,000000,16.735,16.735,16.71,16.71,494,0
ECOW.US,D,20221013,000000,16.39,16.78,16.39,16.78,1838,0
ECOW.US,D,20221014,000000,16.78,16.78,16.5431,16.56,4817,0
ECOW.US,D,20221017,000000,16.9557,17.16,16.9557,17.04,52485,0
ECOW.US,D,20221018,000000,17.118,17.118,16.92,17.01,16847,0
ECOW.US,D,20221019,000000,16.89,16.98,16.7711,16.7959,11472,0
ECOW.US,D,20221020,000000,17.09,17.15,16.965,16.97,3589,0
ECOW.US,D,20221021,000000,16.91,17.34,16.91,17.335,9935,0
ECOW.US,D,20221024,000000,16.81,16.815,16.66,16.73,13369,0
ECOW.US,D,20221025,000000,16.77,16.81,16.71,16.8,7313,0
ECOW.US,D,20221026,000000,16.82,17.11,16.82,16.89,4052,0
ECOW.US,D,20221027,000000,16.91,16.9235,16.8398,16.8398,1439,0
ECOW.US,D,20221028,000000,16.64,16.83,16.54,16.67,14466,0
ECOW.US,D,20221031,000000,16.48,16.55,16.3901,16.53,9655,0
ECOW.US,D,20221101,000000,16.85,16.86,16.75,16.84,623,0
ECOW.US,D,20221102,000000,16.855,17.32,16.71,16.71,17057,0
ECOW.US,D,20221103,000000,16.65,16.84,16.59,16.81,50542,0
ECOW.US,D,20221104,000000,17.42,17.61,17.39,17.59,7774,0
ECOW.US,D,20221107,000000,17.6301,17.68,17.5897,17.62,19935,0
ECOW.US,D,20221108,000000,17.55,17.7899,17.55,17.72,22124,0
ECOW.US,D,20221109,000000,17.77,17.77,17.52,17.548,21312,0
ECOW.US,D,20221110,000000,17.88,18.02,17.87,17.97,19098,0
ECOW.US,D,20221111,000000,18.4181,18.49,18.4181,18.4588,21089,0
ECOW.US,D,20221114,000000,18.5,18.6,18.475,18.5,10265,0
ECOW.US,D,20221115,000000,18.78,18.78,18.62,18.73,15314,0
ECOW.US,D,20221116,000000,18.5,18.5,18.27,18.32,8211,0
ECOW.US,D,20221117,000000,17.96,18.27,17.9,18.27,13377,0
ECOW.US,D,20221118,000000,18.14,18.21,18.1111,18.14,4632,0
ECOW.US,D,20221121,000000,18.08,18.36,18.0051,18.16,160731,0
ECOW.US,D,20221122,000000,18.21,18.279,18.1976,18.1976,9558,0
ECOW.US,D,20221123,000000,18.29,18.4189,18.29,18.4018,5383,0
ECOW.US,D,20221125,000000,18.64,18.645,18.5678,18.5678,6518,0
ECOW.US,D,20221128,000000,18.5499,18.63,18.43,18.5215,37804,0
ECOW.US,D,20221129,000000,18.8352,18.93,18.83,18.875,14373,0
ECOW.US,D,20221130,000000,19.1489,19.3,19.0695,19.2143,18200,0
ECOW.US,D,20221201,000000,19.1,19.38,18.93,19.11,342604,0
ECOW.US,D,20221202,000000,18.94,19.19,18.88,19.06,23296,0
ECOW.US,D,20221205,000000,19.15,19.15,18.8601,18.9153,26694,0
ECOW.US,D,20221206,000000,18.95,19.03,18.88,18.9368,22738,0
ECOW.US,D,20221207,000000,18.8,18.88,18.7501,18.81,16183,0
ECOW.US,D,20221208,000000,18.86,18.98,18.78,18.8,53025,0
ECOW.US,D,20221209,000000,18.95,18.98,18.8301,18.85,29360,0
ECOW.US,D,20221212,000000,18.84,18.84,18.5901,18.81,5656,0
ECOW.US,D,20221213,000000,19.17,19.17,18.85,18.89,27036,0
ECOW.US,D,20221214,000000,18.89,18.89,18.74,18.85,20017,0
ECOW.US,D,20221215,000000,18.69,18.69,18.39,18.5023,32112,0
ECOW.US,D,20221216,000000,18.58,18.63,18.4601,18.51,5659,0
ECOW.US,D,20221219,000000,18.54,18.54,18.4581,18.5,11648,0
ECOW.US,D,20221220,000000,18.67,19.38,18.43,18.51,10714,0
ECOW.US,D,20221221,000000,18.71,18.75,18.635,18.7252,13674,0
ECOW.US,D,20221222,000000,18.58,18.58,18.3141,18.47,14404,0
ECOW.US,D,20221223,000000,18.52,18.5399,18.45,18.5,41050,0
ECOW.US,D,20221227,000000,18.6,18.83,18.6,18.73,40396,0
ECOW.US,D,20221228,000000,18.57,18.57,18.34,18.34,37401,0
ECOW.US,D,20221229,000000,18.58,18.61,18.52,18.56,18816,0
ECOW.US,D,20221230,000000,18.54,18.54,18.375,18.43,14878,0
ECOW.US,D,20230103,000000,18.59,18.65,18.4701,18.54,7079,0
ECOW.US,D,20230104,000000,18.5,18.68,18.4701,18.68,16974,0
ECOW.US,D,20230105,000000,18.52,18.54,18.36,18.5047,20164,0
ECOW.US,D,20230106,000000,18.71,18.9,18.6999,18.88,35147,0
ECOW.US,D,20230109,000000,18.88,19.13,18.8,18.9,23297,0
ECOW.US,D,20230110,000000,19.03,19.06,18.9237,19.06,11694,0
ECOW.US,D,20230111,000000,19.03,19.19,19.01,19.1558,184841,0
ECOW.US,D,20230112,000000,19.1981,19.4,19.175,19.3775,25413,0
ECOW.US,D,20230113,000000,19.31,19.42,19.28,19.35,57322,0
ECOW.US,D,20230117,000000,19.34,19.35,19.26,19.33,13893,0
ECOW.US,D,20230118,000000,19.56,19.56,19.2901,19.31,26853,0
ECOW.US,D,20230119,000000,19.4,19.56,19.3485,19.47,88222,0
ECOW.US,D,20230120,000000,19.61,19.82,19.61,19.77,155548,0
ECOW.US,D,20230123,000000,19.88,19.96,19.79,19.8597,52588,0
ECOW.US,D,20230124,000000,19.81,19.93,19.75,19.86,13110,0
ECOW.US,D,20230125,000000,19.83,19.94,19.76,19.94,8662,0
ECOW.US,D,20230126,000000,20,20,19.81,19.925,73160,0
ECOW.US,D,20230127,000000,19.89,19.89,19.78,19.82,10336,0
ECOW.US,D,20230130,000000,19.68,19.7,19.52,19.52,49415,0
ECOW.US,D,20230131,000000,19.5,19.72,19.46,19.65,19201,0
ECOW.US,D,20230201,000000,19.69,19.905,19.55,19.7654,13490,0
ECOW.US,D,20230202,000000,19.82,19.82,19.64,19.6591,93367,0
ECOW.US,D,20230203,000000,19.61,19.77,19.36,19.3901,30898,0
ECOW.US,D,20230206,000000,19.08,19.12,18.98,19.105,28108,0
ECOW.US,D,20230207,000000,18.9785,19.18,18.9785,19.125,61166,0
ECOW.US,D,20230208,000000,19.13,19.13,18.93,19.0063,33617,0
ECOW.US,D,20230209,000000,19.03,19.08,18.86,18.91,42656,0
ECOW.US,D,20230210,000000,18.91,18.91,18.72,18.765,12921,0
ECOW.US,D,20230213,000000,18.69,18.904,18.69,18.86,15419,0
ECOW.US,D,20230214,000000,18.88,19.05,18.88,18.9456,56600,0
ECOW.US,D,20230215,000000,18.91,18.9398,18.78,18.9398,7103,0
ECOW.US,D,20230216,000000,18.91,19.08,18.78,18.96,138483,0
ECOW.US,D,20230217,000000,18.82,18.9,18.78,18.8351,11577,0
ECOW.US,D,20230221,000000,18.86,19.05,18.86,18.93,9500,0
ECOW.US,D,20230222,000000,18.91,18.97,18.84,18.93,47447,0
ECOW.US,D,20230223,000000,19.09,19.09,18.92,19,20294,0
ECOW.US,D,20230224,000000,18.66,18.7,18.6,18.7,22413,0
ECOW.US,D,20230227,000000,18.76,18.8443,18.75,18.78,19835,0
ECOW.US,D,20230228,000000,18.72,18.77,18.679,18.679,11524,0
ECOW.US,D,20230301,000000,18.94,19.0325,18.91,18.99,28676,0
ECOW.US,D,20230302,000000,19.09,19.17,18.99,19.14,22835,0
ECOW.US,D,20230303,000000,19.18,19.4,19.1101,19.255,12453,0
ECOW.US,D,20230306,000000,19.45,19.45,19.25,19.29,101223,0
ECOW.US,D,20230307,000000,19.37,19.37,18.995,19.0119,21640,0
ECOW.US,D,20230308,000000,19.1,19.22,19.085,19.21,23860,0
ECOW.US,D,20230309,000000,19.22,19.22,18.85,18.8747,34403,0
ECOW.US,D,20230310,000000,18.8301,18.96,18.74,18.77,44711,0
ECOW.US,D,20230313,000000,18.85,19.03,18.74,18.74,10143,0
ECOW.US,D,20230314,000000,18.68,18.74,18.6399,18.7,47021,0
ECOW.US,D,20230315,000000,18.45,18.45,18.18,18.34,47716,0
ECOW.US,D,20230316,000000,18.1799,18.42,18.1101,18.42,29350,0
ECOW.US,D,20230317,000000,18.54,18.54,18.28,18.405,52815,0
ECOW.US,D,20230320,000000,18.34,18.48,18.33,18.41,11100,0
ECOW.US,D,20230321,000000,18.54,18.54,18.42,18.48,12145,0
ECOW.US,D,20230322,000000,18.58,18.815,18.53,18.53,5889,0
ECOW.US,D,20230323,000000,18.755,18.87,18.64,18.64,73880,0
ECOW.US,D,20230324,000000,18.58,18.63,18.57,18.62,5058,0
ECOW.US,D,20230327,000000,18.63,18.6789,18.57,18.653,11221,0
ECOW.US,D,20230328,000000,18.7581,18.82,18.7581,18.82,20945,0
ECOW.US,D,20230329,000000,18.76,18.88,18.76,18.845,14925,0
ECOW.US,D,20230330,000000,19.09,19.11,19.015,19.11,8187,0
ECOW.US,D,20230331,000000,19.1096,19.1096,18.965,19,8539,0
ECOW.US,D,20230403,000000,18.89,19.18,18.89,19.12,16299,0
ECOW.US,D,20230404,000000,19.25,19.25,19.14,19.2007,8673,0
ECOW.US,D,20230405,000000,19.11,19.11,18.9601,19.015,7147,0
ECOW.US,D,20230406,000000,18.96,19.07,18.93,19.02,16471,0
ECOW.US,D,20230410,000000,19.03,19.23,19.03,19.15,19498,0
ECOW.US,D,20230411,000000,19.37,19.48,19.37,19.4305,19582,0
ECOW.US,D,20230412,000000,19.61,19.615,19.4701,19.5,11538,0
ECOW.US,D,20230413,000000,19.675,19.95,19.675,19.7099,15894,0
ECOW.US,D,20230414,000000,19.74,19.74,19.61,19.68,8977,0
ECOW.US,D,20230417,000000,19.83,19.8699,19.7601,19.86,9924,0
ECOW.US,D,20230418,000000,19.8919,19.8919,19.835,19.8802,8563,0
ECOW.US,D,20230419,000000,19.78,19.79,19.7099,19.7303,14289,0
ECOW.US,D,20230420,000000,19.7099,19.73,19.59,19.6303,20426,0
ECOW.US,D,20230421,000000,19.44,19.47,19.29,19.42,40062,0
ECOW.US,D,20230424,000000,19.29,19.47,19.29,19.45,13435,0
ECOW.US,D,20230425,000000,19.25,19.25,18.9901,19.06,58149,0
ECOW.US,D,20230426,000000,19.16,19.2,19.0865,19.1084,16372,0
ECOW.US,D,20230427,000000,19.29,19.37,19.205,19.3406,22545,0
ECOW.US,D,20230428,000000,19.42,19.5028,19.4008,19.475,9575,0
ECOW.US,D,20230501,000000,19.48,19.51,19.37,19.3988,20981,0
ECOW.US,D,20230502,000000,19.33,19.33,19.08,19.1217,18109,0
ECOW.US,D,20230503,000000,19.1,19.1882,19.09,19.1048,6965,0
ECOW.US,D,20230504,000000,19.1499,19.1569,19.09,19.1431,15241,0
ECOW.US,D,20230505,000000,19.23,19.4,19.23,19.36,18002,0
ECOW.US,D,20230508,000000,19.64,19.64,19.45,19.51,32785,0
ECOW.US,D,20230509,000000,19.47,19.65,19.38,19.5,20338,0
ECOW.US,D,20230510,000000,19.57,19.57,19.4259,19.475,10052,0
ECOW.US,D,20230511,000000,19.45,19.45,19.21,19.37,24606,0
ECOW.US,D,20230512,000000,19.27,19.27,19.1349,19.15,87139,0
ECOW.US,D,20230515,000000,19.15,19.23,19.15,19.21,31754,0
ECOW.US,D,20230516,000000,19.1465,19.202,19.02,19.09,109248,0
ECOW.US,D,20230517,000000,19.12,19.12,19,19.0688,8260,0
ECOW.US,D,20230518,000000,19.06,19.06,18.88,18.98,20496,0
ECOW.US,D,20230519,000000,19.06,19.06,18.92,18.9413,18039,0
ECOW.US,D,20230522,000000,19,19.0199,18.96,18.99,13692,0
ECOW.US,D,20230523,000000,18.87,18.93,18.77,18.77,56138,0
ECOW.US,D,20230524,000000,18.7,18.71,18.5701,18.7,26015,0
ECOW.US,D,20230525,000000,18.61,18.631,18.55,18.6,7622,0
ECOW.US,D,20230526,000000,18.85,18.94,18.85,18.8706,16972,0
ECOW.US,D,20230530,000000,18.89,18.89,18.6149,18.67,37392,0
ECOW.US,D,20230531,000000,18.56,18.56,18.3,18.39,18518,0
ECOW.US,D,20230601,000000,18.34,18.7289,18.34,18.705,18859,0
ECOW.US,D,20230602,000000,19.096,19.132,19.06,19.08,10688,0
ECOW.US,D,20230605,000000,19.18,19.18,19.07,19.15,9232,0
ECOW.US,D,20230606,000000,19.15,19.3964,19.15,19.3964,14972,0
ECOW.US,D,20230607,000000,19.35,19.3786,19.27,19.27,6897,0
ECOW.US,D,20230608,000000,19.42,19.47,19.362,19.43,28394,0
ECOW.US,D,20230609,000000,19.59,19.68,19.5665,19.6418,55100,0
ECOW.US,D,20230612,000000,19.53,19.57,19.523,19.53,5412,0
ECOW.US,D,20230613,000000,19.77,19.77,19.62,19.66,14921,0
ECOW.US,D,20230614,000000,19.78,20.01,19.78,19.9843,15229,0
ECOW.US,D,20230615,000000,20.12,20.23,20.11,20.16,12466,0
ECOW.US,D,20230616,000000,20.3,20.3,20.13,20.13,8768,0
ECOW.US,D,20230620,000000,19.87,19.87,19.5901,19.61,45237,0
ECOW.US,D,20230621,000000,19.85,19.85,19.6,19.66,12186,0
ECOW.US,D,20230622,000000,19.4,19.4,19.2275,19.26,17529,0
ECOW.US,D,20230623,000000,19.13,19.13,18.96,19.04,13729,0
ECOW.US,D,20230626,000000,19.175,19.21,19.1,19.1313,22636,0
ECOW.US,D,20230627,000000,19.25,19.25,19.1,19.17,18232,0
ECOW.US,D,20230628,000000,18.9823,19.05,18.92,19.05,12467,0
ECOW.US,D,20230629,000000,19.03,19.03,18.9701,19.03,10572,0
ECOW.US,D,20230630,000000,19.4,19.4,19.21,19.25,12863,0
ECOW.US,D,20230703,000000,19.63,19.65,19.56,19.64,20773,0
ECOW.US,D,20230705,000000,19.63,19.69,19.52,19.65,86556,0
ECOW.US,D,20230706,000000,19.23,19.38,19.1401,19.19,44671,0
ECOW.US,D,20230707,000000,19.28,19.5492,19.28,19.49,12776,0
ECOW.US,D,20230710,000000,19.43,19.45,19.3404,19.44,25531,0
ECOW.US,D,20230711,000000,19.55,19.63,19.5,19.62,22867,0
ECOW.US,D,20230712,000000,19.93,20.03,19.92,20.01,56497,0
ECOW.US,D,20230713,000000,20.14,20.26,20.14,20.24,9620,0
ECOW.US,D,20230714,000000,20.14,20.14,20.09,20.1138,9939,0
ECOW.US,D,20230717,000000,20.11,20.14,19.9606,20.14,26296,0
ECOW.US,D,20230718,000000,20.19,20.25,20,20.075,59906,0
ECOW.US,D,20230719,000000,20.12,20.12,20.015,20.085,18939,0
ECOW.US,D,20230720,000000,20.0865,20.12,20.03,20.12,14818,0
ECOW.US,D,20230721,000000,20.16,20.2692,20.16,20.18,17658,0
ECOW.US,D,20230724,000000,20.41,20.58,20.385,20.55,17135,0
ECOW.US,D,20230725,000000,20.56,20.715,20.56,20.66,321572,0
ECOW.US,D,20230726,000000,20.75,20.949,20.75,20.92,30413,0
ECOW.US,D,20230727,000000,20.89,20.89,20.57,20.57,60589,0
ECOW.US,D,20230728,000000,20.921,21.09,20.85,21.02,25924,0
ECOW.US,D,20230731,000000,20.89,21.02,20.86,20.9,28403,0
ECOW.US,D,20230801,000000,20.67,20.75,20.5601,20.61,76965,0
ECOW.US,D,20230802,000000,20.38,20.38,20.0964,20.15,52187,0
ECOW.US,D,20230803,000000,20.02,20.06,19.97,19.98,22071,0
ECOW.US,D,20230804,000000,20.191,20.2499,20.075,20.075,9181,0
ECOW.US,D,20230807,000000,20.21,20.2201,20.071,20.1863,23291,0
ECOW.US,D,20230808,000000,20.05,20.05,19.87,20.02,32649,0
ECOW.US,D,20230809,000000,20.14,20.14,19.95,20.022,34828,0
ECOW.US,D,20230810,000000,20.1,20.1,19.98,20,6344,0
ECOW.US,D,20230811,000000,19.95,20.05,19.84,19.8621,8747,0
ECOW.US,D,20230814,000000,19.74,19.7899,19.65,19.76,5277,0
ECOW.US,D,20230815,000000,19.64,19.6499,19.58,19.58,15972,0
ECOW.US,D,20230816,000000,19.75,19.78,19.61,19.6375,62699,0
ECOW.US,D,20230817,000000,19.92,19.92,19.66,19.71,17527,0
ECOW.US,D,20230818,000000,19.41,19.53,19.401,19.49,12926,0
ECOW.US,D,20230821,000000,19.55,19.593,19.44,19.593,14925,0
ECOW.US,D,20230822,000000,19.75,19.77,19.58,19.75,34697,0
ECOW.US,D,20230823,000000,19.915,19.9799,19.9,19.93,35100,0
ECOW.US,D,20230824,000000,19.88,19.9799,19.73,19.73,11438,0
ECOW.US,D,20230825,000000,19.73,19.73,19.55,19.66,31280,0
ECOW.US,D,20230828,000000,19.8,19.93,19.8,19.9,2866,0
ECOW.US,D,20230829,000000,19.94,20.14,19.91,20.14,8921,0
ECOW.US,D,20230830,000000,20.12,20.12,19.98,20.03,89208,0
ECOW.US,D,20230831,000000,19.93,19.93,19.66,19.66,24364,0
ECOW.US,D,20230901,000000,19.79,19.91,19.79,19.82,6589,0
ECOW.US,D,20230905,000000,19.87,19.98,19.76,19.81,305311,0
ECOW.US,D,20230906,000000,19.99,19.99,19.8,19.86,32942,0
ECOW.US,D,20230907,000000,19.82,19.82,19.66,19.69,29285,0
ECOW.US,D,20230908,000000,19.7,19.73,19.66,19.66,21251,0
ECOW.US,D,20230911,000000,19.76,19.76,19.67,19.73,38869,0
ECOW.US,D,20230912,000000,19.71,19.71,19.46,19.63,79256,0
ECOW.US,D,20230913,000000,19.66,19.7099,19.62,19.69,7822,0
ECOW.US,D,20230914,000000,19.83,20,19.83,19.97,44229,0
ECOW.US,D,20230915,000000,20.04,20.04,19.85,19.86,5046,0
ECOW.US,D,20230918,000000,19.91,19.91,19.76,19.84,25280,0
ECOW.US,D,20230919,000000,19.9,19.95,19.83,19.87,15495,0
ECOW.US,D,20230920,000000,19.84,20.04,19.84,19.84,9219,0
ECOW.US,D,20230921,000000,19.19,19.19,19.02,19.08,29489,0
ECOW.US,D,20230922,000000,19.28,19.34,19.2,19.2,20898,0
ECOW.US,D,20230925,000000,19.24,19.265,19.17,19.24,29792,0
ECOW.US,D,20230926,000000,19.12,19.12,18.92,18.95,19457,0
ECOW.US,D,20230927,000000,19,19,18.77,18.83,8849,0
ECOW.US,D,20230928,000000,19.01,19.09,18.92,19.08,19833,0
ECOW.US,D,20230929,000000,19.25,19.3,19.06,19.16,65542,0
ECOW.US,D,20231002,000000,19.17,19.17,18.97,19.02,24454,0
ECOW.US,D,20231003,000000,18.88,18.88,18.6005,18.64,22562,0
ECOW.US,D,20231004,000000,18.59,18.61,18.5,18.54,14724,0
ECOW.US,D,20231005,000000,18.59,18.59,18.44,18.52,6696,0
ECOW.US,D,20231006,000000,18.43,18.75,18.43,18.75,13920,0
ECOW.US,D,20231009,000000,18.6425,18.67,18.4699,18.63,90256,0
ECOW.US,D,20231010,000000,18.71,19.01,18.71,18.98,11053,0
ECOW.US,D,20231011,000000,18.8301,18.88,18.7405,18.83,30300,0
ECOW.US,D,20231012,000000,18.83,18.83,18.5,18.59,69855,0
ECOW.US,D,20231013,000000,18.73,18.73,18.48,18.59,51638,0
ECOW.US,D,20231016,000000,18.65,18.7216,18.56,18.71,36662,0
ECOW.US,D,20231017,000000,18.53,18.76,18.47,18.63,149879,0
ECOW.US,D,20231018,000000,18.49,18.49,18.23,18.24,27168,0
ECOW.US,D,20231019,000000,18.22,18.22,18.05,18.09,11131,0
ECOW.US,D,20231020,000000,18.05,18.05,17.8116,17.86,20141,0
ECOW.US,D,20231023,000000,17.88,17.905,17.7636,17.87,25018,0
ECOW.US,D,20231024,000000,18.03,18.19,18.03,18.15,18452,0
ECOW.US,D,20231025,000000,18.01,18.01,17.9401,17.99,6358,0
ECOW.US,D,20231026,000000,17.85,18.06,17.85,18.06,250790,0
ECOW.US,D,20231027,000000,18.14,18.16,17.86,17.97,128156,0
ECOW.US,D,20231030,000000,18.17,18.17,17.82,17.98,51836,0
ECOW.US,D,20231031,000000,17.95,17.95,17.72,17.87,26092,0
ECOW.US,D,20231101,000000,18.04,18.16,17.91,18.16,43949,0
ECOW.US,D,20231102,000000,18.37,18.459,18.29,18.4,71361,0
ECOW.US,D,20231103,000000,18.56,18.79,18.56,18.7,38628,0
ECOW.US,D,20231106,000000,18.82,18.835,18.74,18.74,35671,0
ECOW.US,D,20231107,000000,18.77,18.77,18.61,18.71,31664,0
ECOW.US,D,20231108,000000,18.66,18.72,18.62,18.635,25010,0
ECOW.US,D,20231109,000000,18.72,18.75,18.53,18.54,19839,0
ECOW.US,D,20231110,000000,18.58,18.6787,18.5513,18.66,301973,0
ECOW.US,D,20231113,000000,18.59,18.63,18.45,18.61,105845,0
ECOW.US,D,20231114,000000,19.05,19.219,18.96,19.17,40072,0
ECOW.US,D,20231115,000000,19.3,19.3185,19.14,19.24,30405,0
ECOW.US,D,20231116,000000,19.21,19.23,19.12,19.2,25004,0
ECOW.US,D,20231117,000000,19.3,19.32,19.22,19.28,39181,0
ECOW.US,D,20231120,000000,19.42,19.51,19.39,19.49,53591,0
ECOW.US,D,20231121,000000,19.46,19.46,19.34,19.39,14294,0
ECOW.US,D,20231122,000000,19.39,19.39,19.21,19.26,20186,0
ECOW.US,D,20231124,000000,19.29,19.33,19.2501,19.29,19189,0
ECOW.US,D,20231127,000000,19.31,19.31,19.2,19.26,17286,0
ECOW.US,D,20231128,000000,19.36,19.38,19.23,19.37,19940,0
ECOW.US,D,20231129,000000,19.29,19.32,19.18,19.23,18013,0
ECOW.US,D,20231130,000000,19.2,19.2,19.01,19.15,30840,0
ECOW.US,D,20231201,000000,19.16,19.3699,19.13,19.35,21891,0
ECOW.US,D,20231204,000000,19.27,19.27,19.06,19.13,13601,0
ECOW.US,D,20231205,000000,18.99,19.03,18.9,18.98,15006,0
ECOW.US,D,20231206,000000,19.1,19.12,19.01,19.02,43413,0
ECOW.US,D,20231207,000000,19.07,19.11,19.06,19.1,11327,0
ECOW.US,D,20231208,000000,18.97,19.05,18.93,18.99,9276,0
ECOW.US,D,20231211,000000,18.93,19.02,18.92,19.005,10790,0
ECOW.US,D,20231212,000000,18.84,18.98,18.83,18.98,17801,0
ECOW.US,D,20231213,000000,18.97,19.19,18.76,19.19,42690,0
ECOW.US,D,20231214,000000,19.29,19.65,19.29,19.5787,24856,0
ECOW.US,D,20231215,000000,19.62,19.62,19.4,19.4475,118317,0
ECOW.US,D,20231218,000000,19.41,19.5182,19.4,19.4809,96565,0
ECOW.US,D,20231219,000000,19.51,19.7,19.51,19.66,22265,0
ECOW.US,D,20231220,000000,19.75,19.75,19.43,19.4593,45102,0
ECOW.US,D,20231221,000000,19.83,19.895,19.75,19.89,19408,0
ECOW.US,D,20231222,000000,19.88,19.9399,19.8799,19.92,21984,0
ECOW.US,D,20231226,000000,20.04,20.14,20,20.03,46029,0
ECOW.US,D,20231227,000000,19.96,20.0304,19.96,20.0128,10044,0
ECOW.US,D,20231228,000000,20.085,20.17,20.04,20.04,31286,0
ECOW.US,D,20231229,000000,20.5,20.5,20.11,20.17,44530,0
ECOW.US,D,20240102,000000,20.11,20.11,19.8801,19.98,45062,0
ECOW.US,D,20240103,000000,19.84,19.92,19.8,19.89,64307,0
ECOW.US,D,20240104,000000,19.86,19.89,19.79,19.81,264197,0
ECOW.US,D,20240105,000000,19.81,19.98,19.8,19.88,51485,0
ECOW.US,D,20240108,000000,19.75,19.86,19.6603,19.85,31872,0
ECOW.US,D,20240109,000000,19.51,19.61,19.51,19.54,56559,0
ECOW.US,D,20240110,000000,19.58,19.58,19.4989,19.53,15908,0
ECOW.US,D,20240111,000000,19.71,19.73,19.51,19.65,52833,0
ECOW.US,D,20240112,000000,19.71,19.84,19.7,19.7,18472,0
ECOW.US,D,20240116,000000,19.59,19.59,19.3,19.33,33793,0
ECOW.US,D,20240117,000000,19.02,19.05,18.96,19.04,27686,0
ECOW.US,D,20240118,000000,19.08,19.08,18.95,18.97,21269,0
ECOW.US,D,20240119,000000,19.11,19.23,18.9401,19.1133,39234,0
ECOW.US,D,20240122,000000,18.98,18.98,18.81,18.93,52179,0
ECOW.US,D,20240123,000000,19.09,19.1299,18.99,19.11,254471,0
ECOW.US,D,20240124,000000,19.41,19.5394,19.41,19.47,60617,0
ECOW.US,D,20240125,000000,19.67,19.67,19.5,19.58,30573,0
ECOW.US,D,20240126,000000,19.52,19.6636,19.52,19.66,26338,0
ECOW.US,D,20240129,000000,19.61,19.645,19.44,19.6,79402,0
ECOW.US,D,20240130,000000,19.431,19.51,19.42,19.51,17730,0
ECOW.US,D,20240131,000000,19.52,19.53,19.37,19.39,11168,0
ECOW.US,D,20240201,000000,19.42,19.61,19.42,19.61,8442,0
ECOW.US,D,20240202,000000,19.55,19.55,19.35,19.36,17649,0
ECOW.US,D,20240205,000000,19.29,19.4,19.23,19.359,100902,0
ECOW.US,D,20240206,000000,19.63,19.78,19.6,19.78,43587,0
ECOW.US,D,20240207,000000,19.67,19.7099,19.5804,19.63,34693,0
ECOW.US,D,20240208,000000,19.7,19.7,19.47,19.5,42163,0
ECOW.US,D,20240209,000000,19.49,19.5301,19.43,19.5,14730,0
ECOW.US,D,20240212,000000,19.53,19.8,19.53,19.74,16924,0
ECOW.US,D,20240213,000000,19.51,19.53,19.2353,19.2985,19039,0
ECOW.US,D,20240214,000000,19.3,19.46,19.3,19.43,11030,0
ECOW.US,D,20240215,000000,19.525,19.63,19.4679,19.55,26033,0
ECOW.US,D,20240216,000000,19.71,19.73,19.595,19.73,20590,0
ECOW.US,D,20240220,000000,19.71,19.81,19.71,19.8,17928,0
ECOW.US,D,20240221,000000,19.68,19.8396,19.68,19.76,34881,0
ECOW.US,D,20240222,000000,20.02,20.02,19.8741,19.9368,25299,0
ECOW.US,D,20240223,000000,19.79,19.8932,19.79,19.82,21500,0
ECOW.US,D,20240226,000000,19.82,19.87,19.8,19.82,11953,0
ECOW.US,D,20240227,000000,19.96,19.96,19.87,19.93,15647,0
ECOW.US,D,20240228,000000,19.87,19.87,19.59,19.64,21395,0
ECOW.US,D,20240229,000000,19.61,19.73,19.61,19.62,27400,0
ECOW.US,D,20240301,000000,19.68,19.8599,19.68,19.79,19938,0
ECOW.US,D,20240304,000000,19.87,19.87,19.69,19.6901,11456,0
ECOW.US,D,20240305,000000,19.55,19.67,19.53,19.55,16635,0
ECOW.US,D,20240306,000000,19.85,19.92,19.81,19.81,18602,0
ECOW.US,D,20240307,000000,19.85,19.93,19.79,19.92,12966,0
ECOW.US,D,20240308,000000,19.93,19.94,19.82,19.83,37082,0
ECOW.US,D,20240311,000000,19.99,19.99,19.93,19.9469,9180,0
ECOW.US,D,20240312,000000,20,20.09,19.98,20.05,14850,0
ECOW.US,D,20240313,000000,20.15,20.18,20.12,20.149,10436,0
ECOW.US,D,20240314,000000,20.18,20.18,19.9702,20.0301,6522,0
ECOW.US,D,20240315,000000,19.93,20.1396,19.93,20.05,119619,0
ECOW.US,D,20240318,000000,20.1,20.1,19.97,19.985,13829,0
ECOW.US,D,20240319,000000,20.06,20.15,19.9599,20.0332,22777,0
ECOW.US,D,20240320,000000,20.07,20.27,20,20.27,11452,0
ECOW.US,D,20240321,000000,20.21,20.33,20.19,20.19,19030,0
ECOW.US,D,20240322,000000,20.13,20.13,20.0019,20.0194,12358,0
ECOW.US,D,20240325,000000,20.09,20.09,19.9925,19.9925,7395,0
ECOW.US,D,20240326,000000,19.93,19.93,19.83,19.83,87595,0
ECOW.US,D,20240327,000000,19.79,19.98,19.79,19.93,28383,0
ECOW.US,D,20240328,000000,19.93,20.136,19.93,20.085,15004,0
ECOW.US,D,20240401,000000,20.09,20.2,20.06,20.07,28570,0
ECOW.US,D,20240402,000000,20.18,20.37,20.18,20.33,14058,0
ECOW.US,D,20240403,000000,20.17,20.41,20.17,20.37,28470,0
ECOW.US,D,20240404,000000,20.49,20.7,20.4,20.4209,49849,0
ECOW.US,D,20240405,000000,20.45,20.4683,20.36,20.4347,16190,0
ECOW.US,D,20240408,000000,20.46,20.77,20.46,20.66,79138,0
ECOW.US,D,20240409,000000,20.91,20.94,20.85,20.9,9957,0
ECOW.US,D,20240410,000000,20.7,20.75,20.5943,20.6541,71900,0
ECOW.US,D,20240411,000000,20.84,20.84,20.675,20.76,14751,0
ECOW.US,D,20240412,000000,20.5,20.5,20.3083,20.34,9109,0
ECOW.US,D,20240415,000000,20.38,20.38,20.22,20.26,11273,0
ECOW.US,D,20240416,000000,19.92,19.98,19.85,19.9258,29912,0
ECOW.US,D,20240417,000000,20.02,20.1196,19.98,20.01,11264,0
ECOW.US,D,20240418,000000,20.08,20.1236,20,20.0608,15181,0
ECOW.US,D,20240419,000000,19.97,20.1199,19.97,20.07,19077,0
ECOW.US,D,20240422,000000,19.96,20.04,19.84,20.02,12832,0
ECOW.US,D,20240423,000000,19.92,20.08,19.9,20.03,26485,0
ECOW.US,D,20240424,000000,19.96,20.04,19.93,19.99,42616,0
ECOW.US,D,20240425,000000,19.98,20.11,19.92,20.11,18642,0
ECOW.US,D,20240426,000000,20.36,20.4019,20.3295,20.36,20900,0
ECOW.US,D,20240429,000000,20.36,20.69,20.36,20.65,15197,0
ECOW.US,D,20240430,000000,20.66,20.66,20.4129,20.4129,23223,0
ECOW.US,D,20240501,000000,20.53,20.625,20.41,20.4447,17704,0
ECOW.US,D,20240502,000000,20.63,21,20.63,20.96,59059,0
ECOW.US,D,20240503,000000,21.14,21.23,21.11,21.19,13258,0
ECOW.US,D,20240506,000000,21.21,21.37,21.21,21.3,25067,0
ECOW.US,D,20240507,000000,21.31,21.33,21.21,21.2617,219559,0
ECOW.US,D,20240508,000000,21.26,21.27,21.12,21.23,18761,0
ECOW.US,D,20240509,000000,21.31,21.44,21.295,21.44,69599,0
ECOW.US,D,20240510,000000,21.47,21.64,21.46,21.46,21268,0
ECOW.US,D,20240513,000000,21.7,21.79,21.6101,21.67,86695,0
ECOW.US,D,20240514,000000,21.63,21.77,21.63,21.75,40153,0
ECOW.US,D,20240515,000000,21.85,21.8699,21.65,21.83,103363,0
ECOW.US,D,20240516,000000,21.89,21.9499,21.79,21.9128,20321,0
ECOW.US,D,20240517,000000,21.88,22.18,21.88,22.16,43318,0
ECOW.US,D,20240520,000000,22.06,22.1001,22.0301,22.0781,20649,0
ECOW.US,D,20240521,000000,22.07,22.07,21.9601,22.02,22482,0
ECOW.US,D,20240522,000000,22.02,22.02,21.87,21.89,22433,0
ECOW.US,D,20240523,000000,21.9,21.9,21.53,21.63,12732,0
ECOW.US,D,20240524,000000,21.78,21.78,21.6816,21.7,8175,0
ECOW.US,D,20240528,000000,21.94,21.94,21.83,21.89,6261,0
ECOW.US,D,20240529,000000,21.77,21.77,21.595,21.6348,6949,0
ECOW.US,D,20240530,000000,21.53,21.6024,21.5,21.5486,10823,0
ECOW.US,D,20240531,000000,21.42,21.42,21.24,21.358,19881,0
ECOW.US,D,20240603,000000,21.38,21.4811,21.235,21.34,21493,0
ECOW.US,D,20240604,000000,21.17,21.19,21.04,21.1197,11694,0
ECOW.US,D,20240605,000000,21.24,21.28,21.1399,21.21,15407,0
ECOW.US,D,20240606,000000,21.17,21.3596,21.17,21.32,22473,0
ECOW.US,D,20240607,000000,21.33,21.33,20.96,20.9787,8736,0
ECOW.US,D,20240610,000000,20.93,21.0496,20.9001,21.0159,3704,0
ECOW.US,D,20240611,000000,20.92,20.92,20.77,20.81,14665,0
ECOW.US,D,20240612,000000,21.17,21.17,20.9399,20.97,19777,0
ECOW.US,D,20240613,000000,21.14,21.14,20.88,20.9435,17531,0
ECOW.US,D,20240614,000000,21,21,20.8779,20.95,6907,0
ECOW.US,D,20240617,000000,20.85,20.94,20.79,20.9,62446,0
ECOW.US,D,20240618,000000,21.09,21.15,21.0358,21.12,7218,0
ECOW.US,D,20240620,000000,21.17,21.38,21.17,21.345,5694,0
ECOW.US,D,20240621,000000,21.2344,21.31,21.15,21.21,12120,0
ECOW.US,D,20240624,000000,21.22,21.2721,21.16,21.16,150143,0
ECOW.US,D,20240625,000000,21.16,21.16,20.98,21.08,8290,0
ECOW.US,D,20240626,000000,20.94,21,20.91,20.9676,15433,0
ECOW.US,D,20240627,000000,20.38,20.38,20.16,20.21,10762,0
ECOW.US,D,20240628,000000,20.355,20.355,20.25,20.2829,22969,0
ECOW.US,D,20240701,000000,20.42,20.44,20.3035,20.31,197162,0
ECOW.US,D,20240702,000000,20.3,20.33,20.22,20.3063,32731,0
ECOW.US,D,20240703,000000,20.57,20.72,20.57,20.69,63249,0
ECOW.US,D,20240705,000000,20.56,20.6599,20.5301,20.63,7548,0
ECOW.US,D,20240708,000000,20.67,20.67,20.56,20.645,20492,0
ECOW.US,D,20240709,000000,20.57,20.82,20.57,20.78,10570,0
ECOW.US,D,20240710,000000,20.85,20.9,20.81,20.89,10276,0
ECOW.US,D,20240711,000000,21.14,21.14,21.05,21.08,5424,0
ECOW.US,D,20240712,000000,21,21.17,21,21.09,5134,0
ECOW.US,D,20240715,000000,21,21,20.82,20.8503,25631,0
ECOW.US,D,20240716,000000,20.75,20.95,20.75,20.94,10869,0
ECOW.US,D,20240717,000000,20.79,20.8299,20.675,20.7226,15331,0
ECOW.US,D,20240718,000000,20.65,20.77,20.35,20.38,20282,0
ECOW.US,D,20240719,000000,20.43,20.43,20.29,20.33,191177,0
ECOW.US,D,20240722,000000,20.44,20.52,20.3776,20.48,11074,0
ECOW.US,D,20240723,000000,20.26,20.35,20.26,20.27,13309,0
ECOW.US,D,20240724,000000,20.27,20.27,20.03,20.0749,15179,0
ECOW.US,D,20240725,000000,20.13,20.13,19.8805,19.9557,27695,0
ECOW.US,D,20240726,000000,20.05,20.24,20.05,20.2013,10147,0
ECOW.US,D,20240729,000000,20.05,20.05,19.9001,20.0112,22928,0
ECOW.US,D,20240730,000000,19.92,19.96,19.87,19.89,6201,0
ECOW.US,D,20240731,000000,20.24,20.3081,20.21,20.23,18285,0
ECOW.US,D,20240801,000000,20.15,20.15,19.945,19.9817,5728,0
ECOW.US,D,20240802,000000,19.76,19.76,19.65,19.725,24171,0
ECOW.US,D,20240805,000000,18.99,19.235,18.89,19.18,15868,0
ECOW.US,D,20240806,000000,19.08,19.3896,19.08,19.2251,20629,0
ECOW.US,D,20240807,000000,19.57,19.62,19.4192,19.4192,9799,0
ECOW.US,D,20240808,000000,19.53,19.88,19.53,19.84,13914,0
ECOW.US,D,20240809,000000,20.05,20.05,19.83,19.96,11697,0
ECOW.US,D,20240812,000000,19.94,20.0754,19.94,20,10501,0
ECOW.US,D,20240813,000000,20.2,20.36,20.19,20.36,39786,0
ECOW.US,D,20240814,000000,20.23,20.29,20.16,20.16,4408,0
ECOW.US,D,20240815,000000,20.32,20.4303,20.31,20.3775,40753,0
ECOW.US,D,20240816,000000,20.5,20.6499,20.5,20.62,9132,0
ECOW.US,D,20240819,000000,20.755,20.97,20.755,20.94,6519,0
ECOW.US,D,20240820,000000,20.88,20.88,20.618,20.6396,5401,0
ECOW.US,D,20240821,000000,20.66,20.73,20.6501,20.713,4902,0
ECOW.US,D,20240822,000000,20.59,20.59,20.42,20.4242,10150,0
ECOW.US,D,20240823,000000,20.55,20.83,20.55,20.8139,10681,0
ECOW.US,D,20240826,000000,20.63,20.77,20.62,20.62,10318,0
ECOW.US,D,20240827,000000,20.62,20.71,20.62,20.6708,8222,0
ECOW.US,D,20240828,000000,20.55,20.55,20.36,20.4068,4060,0
ECOW.US,D,20240829,000000,20.4,20.53,20.4,20.45,3292,0
ECOW.US,D,20240830,000000,20.48,20.4896,20.35,20.4387,11455,0
ECOW.US,D,20240903,000000,20.37,20.37,20.2,20.21,6417,0
ECOW.US,D,20240904,000000,20.17,20.248,20.17,20.1887,2483,0
ECOW.US,D,20240905,000000,20.22,20.3,20.2,20.2337,11701,0
ECOW.US,D,20240906,000000,20.28,20.28,19.93,19.9588,7020,0
ECOW.US,D,20240909,000000,19.96,20.0799,19.96,20.0093,29163,0
ECOW.US,D,20240910,000000,19.93,19.93,19.79,19.8747,9083,0
ECOW.US,D,20240911,000000,19.92,20.069,19.8,20.0608,9310,0
ECOW.US,D,20240912,000000,20.03,20.1984,19.99,20.1984,10811,0
ECOW.US,D,20240913,000000,20.2615,20.37,20.2615,20.3219,13360,0
ECOW.US,D,20240916,000000,20.32,20.4399,20.3,20.38,19544,0
ECOW.US,D,20240917,000000,20.48,20.58,20.48,20.53,26958,0
ECOW.US,D,20240918,000000,20.5,20.63,20.4001,20.4312,12359,0
ECOW.US,D,20240919,000000,20.79,20.9,20.77,20.8527,7993,0
ECOW.US,D,20240920,000000,20.78,20.78,20.68,20.68,13158,0
ECOW.US,D,20240923,000000,20.8351,20.94,20.8351,20.92,26487,0
ECOW.US,D,20240924,000000,21.31,21.81,21.31,21.7587,19956,0
ECOW.US,D,20240925,000000,21.43,21.6,21.4,21.46,6157,0
ECOW.US,D,20240926,000000,21.91,21.96,21.79,21.87,18473,0
ECOW.US,D,20240927,000000,22,22.16,22,22.028,11890,0
ECOW.US,D,20240930,000000,22.01,22.094,21.8,21.8629,12780,0
ECOW.US,D,20241001,000000,21.96,22.13,21.82,22.1123,32207,0
ECOW.US,D,20241002,000000,22.54,22.6,22.34,22.4476,12840,0
ECOW.US,D,20241003,000000,21.96,22.0999,21.96,22.04,25895,0
ECOW.US,D,20241004,000000,22.19,22.3468,22.19,22.3468,6231,0
ECOW.US,D,20241007,000000,22.6797,22.695,22.53,22.6789,9971,0
ECOW.US,D,20241008,000000,21.8,21.8199,21.61,21.73,18070,0
ECOW.US,D,20241009,000000,21.43,21.64,21.43,21.55,15497,0
ECOW.US,D,20241010,000000,21.57,21.7299,21.57,21.6859,7253,0
ECOW.US,D,20241011,000000,21.51,21.7999,21.51,21.7643,12579,0
ECOW.US,D,20241014,000000,21.46,21.68,21.46,21.52,11153,0
ECOW.US,D,20241015,000000,21.47,21.47,21.08,21.13,9937,0
ECOW.US,D,20241016,000000,21.13,21.45,21.13,21.31,21619,0
ECOW.US,D,20241017,000000,21.29,21.29,21.18,21.25,6722,0
ECOW.US,D,20241018,000000,21.54,21.54,21.47,21.51,10911,0
ECOW.US,D,20241021,000000,21.33,21.42,21.2,21.325,46115,0
ECOW.US,D,20241022,000000,21.26,21.5,21.26,21.45,22274,0
ECOW.US,D,20241023,000000,21.33,21.33,21.16,21.2,8253,0
ECOW.US,D,20241024,000000,21.16,21.29,21.14,21.2,16828,0
ECOW.US,D,20241025,000000,21.31,21.53,21.31,21.37,19454,0
ECOW.US,D,20241028,000000,21.29,21.53,21.29,21.47,20946,0
ECOW.US,D,20241029,000000,21.37,21.4,21.25,21.25,7551,0
ECOW.US,D,20241030,000000,21.04,21.18,21.04,21.1276,9807,0
ECOW.US,D,20241031,000000,21.05,21.0614,20.9201,20.95,4336,0
ECOW.US,D,20241101,000000,20.99,21.1301,20.93,20.935,23945,0
ECOW.US,D,20241104,000000,21.09,21.27,21.09,21.1696,11023,0
