<TICKER>,<PER>,<DATE>,<TIME>,<OPEN>,<HIGH>,<LOW>,<CLOSE>,<VOL>,<OPENINT>
EDOC.US,D,20200731,000000,15.752,15.752,15.342,15.572,1018275,0
EDOC.US,D,20200803,000000,15.672,15.862,15.592,15.827,1713102,0
EDOC.US,D,20200804,000000,15.912,16.072,15.882,16.042,2304087,0
EDOC.US,D,20200805,000000,16.222,16.222,15.922,16.082,1763796,0
EDOC.US,D,20200806,000000,16.222,16.242,16.012,16.122,440881,0
EDOC.US,D,20200807,000000,16.072,16.192,15.822,15.952,602862,0
EDOC.US,D,20200810,000000,16.042,16.042,15.632,15.692,399928,0
EDOC.US,D,20200811,000000,15.692,15.692,15.392,15.422,353262,0
EDOC.US,D,20200812,000000,15.452,15.582,15.422,15.562,439374,0
EDOC.US,D,20200813,000000,15.602,15.852,15.594,15.752,190591,0
EDOC.US,D,20200814,000000,15.792,15.792,15.522,15.552,262105,0
EDOC.US,D,20200817,000000,15.622,15.832,15.622,15.832,314477,0
EDOC.US,D,20200818,000000,15.952,16.082,15.847,16.022,326534,0
EDOC.US,D,20200819,000000,16.092,16.232,15.992,16.112,310126,0
EDOC.US,D,20200820,000000,16.082,16.232,16.042,16.202,242006,0
EDOC.US,D,20200821,000000,16.172,16.202,16.102,16.202,569840,0
EDOC.US,D,20200824,000000,16.361,16.361,15.922,16.012,433121,0
EDOC.US,D,20200825,000000,15.962,15.992,15.792,15.962,204018,0
EDOC.US,D,20200826,000000,15.992,16.092,15.892,16.058,205724,0
EDOC.US,D,20200827,000000,16.122,16.142,15.862,16.127,250786,0
EDOC.US,D,20200828,000000,16.321,16.321,16.092,16.142,131734,0
EDOC.US,D,20200831,000000,16.192,16.292,16.092,16.292,819773,0
EDOC.US,D,20200901,000000,16.341,16.521,16.341,16.487,232173,0
EDOC.US,D,20200902,000000,16.681,16.876,16.432,16.871,261466,0
EDOC.US,D,20200903,000000,16.711,16.711,15.992,16.132,491211,0
EDOC.US,D,20200904,000000,16.052,16.082,15.242,15.782,235764,0
EDOC.US,D,20200908,000000,15.452,15.702,15.302,15.472,229764,0
EDOC.US,D,20200909,000000,15.692,15.992,15.692,15.968,149668,0
EDOC.US,D,20200910,000000,16.072,16.287,15.872,15.902,205429,0
EDOC.US,D,20200911,000000,15.992,16.027,15.612,15.752,190366,0
EDOC.US,D,20200914,000000,15.922,16.137,15.922,16.122,58202,0
EDOC.US,D,20200915,000000,16.312,16.391,16.292,16.341,89971,0
EDOC.US,D,20200916,000000,16.491,16.641,16.391,16.406,291419,0
EDOC.US,D,20200917,000000,16.182,16.282,16.052,16.267,127160,0
EDOC.US,D,20200918,000000,16.361,16.601,16.162,16.401,48713,0
EDOC.US,D,20200921,000000,16.102,16.132,15.832,16.132,110732,0
EDOC.US,D,20200922,000000,16.132,16.331,15.923,16.321,95773,0
EDOC.US,D,20200923,000000,16.361,16.431,16.009,16.032,118840,0
EDOC.US,D,20200924,000000,15.852,16.032,15.742,15.962,66295,0
EDOC.US,D,20200925,000000,15.992,16.436,15.972,16.406,125740,0
EDOC.US,D,20200928,000000,16.561,16.641,16.442,16.511,83941,0
EDOC.US,D,20200929,000000,16.491,16.831,16.491,16.693,131897,0
EDOC.US,D,20200930,000000,16.741,16.981,16.691,16.791,74472,0
EDOC.US,D,20201001,000000,16.951,16.981,16.751,16.851,130292,0
EDOC.US,D,20201002,000000,16.581,16.791,16.541,16.664,76609,0
EDOC.US,D,20201005,000000,16.741,16.971,16.691,16.941,91952,0
EDOC.US,D,20201006,000000,16.941,17.29,16.941,16.941,116206,0
EDOC.US,D,20201007,000000,17.031,17.361,17.031,17.261,180594,0
EDOC.US,D,20201008,000000,17.331,17.391,17.271,17.331,154078,0
EDOC.US,D,20201009,000000,17.491,17.59,17.481,17.566,83769,0
EDOC.US,D,20201012,000000,17.711,17.87,17.652,17.691,238106,0
EDOC.US,D,20201013,000000,17.711,17.921,17.666,17.861,937678,0
EDOC.US,D,20201014,000000,17.981,18.061,17.761,17.811,219450,0
EDOC.US,D,20201015,000000,17.521,17.691,17.441,17.671,138359,0
EDOC.US,D,20201016,000000,17.761,17.891,17.591,17.591,67274,0
EDOC.US,D,20201019,000000,17.701,17.791,17.411,17.441,182805,0
EDOC.US,D,20201020,000000,17.511,17.641,17.411,17.43,219707,0
EDOC.US,D,20201021,000000,17.431,17.491,17.101,17.151,149343,0
EDOC.US,D,20201022,000000,17.171,17.381,17.121,17.313,183896,0
EDOC.US,D,20201023,000000,17.341,17.396,17.25,17.367,93126,0
EDOC.US,D,20201026,000000,17.261,17.371,16.991,17.181,151295,0
EDOC.US,D,20201027,000000,17.201,17.491,17.201,17.421,108475,0
EDOC.US,D,20201028,000000,17.181,17.181,16.901,16.931,141552,0
EDOC.US,D,20201029,000000,16.891,16.951,16.694,16.911,121257,0
EDOC.US,D,20201030,000000,16.691,16.781,16.222,16.262,183523,0
EDOC.US,D,20201102,000000,16.371,16.551,16.172,16.262,116265,0
EDOC.US,D,20201103,000000,16.421,16.801,16.421,16.77,81851,0
EDOC.US,D,20201104,000000,17.071,17.39,17.071,17.231,96706,0
EDOC.US,D,20201105,000000,17.591,17.886,17.591,17.751,457489,0
EDOC.US,D,20201106,000000,17.611,17.915,17.551,17.761,122885,0
EDOC.US,D,20201109,000000,18.081,18.081,17.441,17.461,285789,0
EDOC.US,D,20201110,000000,17.461,17.461,16.761,17.261,140056,0
EDOC.US,D,20201111,000000,17.361,17.561,17.341,17.531,183392,0
EDOC.US,D,20201112,000000,17.621,17.76,17.399,17.471,167904,0
EDOC.US,D,20201113,000000,17.631,17.761,17.521,17.541,139157,0
EDOC.US,D,20201116,000000,17.641,17.641,17.371,17.381,211809,0
EDOC.US,D,20201117,000000,17.301,17.381,17.141,17.371,93726,0
EDOC.US,D,20201118,000000,17.391,17.511,17.271,17.271,350810,0
EDOC.US,D,20201119,000000,17.351,17.621,17.351,17.581,130716,0
EDOC.US,D,20201120,000000,17.601,17.921,17.601,17.881,182334,0
EDOC.US,D,20201123,000000,17.951,18.041,17.801,17.981,2362094,0
EDOC.US,D,20201124,000000,18.031,18.071,17.791,17.791,170987,0
EDOC.US,D,20201125,000000,17.791,17.791,17.691,17.756,128053,0
EDOC.US,D,20201127,000000,17.991,18.32,17.951,18.29,172125,0
EDOC.US,D,20201130,000000,18.49,18.51,18.176,18.42,115432,0
EDOC.US,D,20201201,000000,18.49,18.61,18.46,18.51,141902,0
EDOC.US,D,20201202,000000,18.24,18.32,17.991,18.27,169787,0
EDOC.US,D,20201203,000000,18.29,18.47,18.29,18.35,743688,0
EDOC.US,D,20201204,000000,18.49,18.51,18.29,18.49,286455,0
EDOC.US,D,20201207,000000,18.5,18.63,18.4,18.41,640521,0
EDOC.US,D,20201208,000000,18.43,18.689,18.43,18.66,125229,0
EDOC.US,D,20201209,000000,18.88,18.88,18.45,18.56,166437,0
EDOC.US,D,20201210,000000,18.44,18.97,18.44,18.96,152550,0
EDOC.US,D,20201211,000000,18.85,19.02,18.67,18.791,129556,0
EDOC.US,D,20201214,000000,18.94,19.07,18.69,18.7,128557,0
EDOC.US,D,20201215,000000,18.85,18.97,18.72,18.96,141423,0
EDOC.US,D,20201216,000000,18.94,18.949,18.74,18.82,118289,0
EDOC.US,D,20201217,000000,18.89,19.12,18.89,19.11,566732,0
EDOC.US,D,20201218,000000,19.19,19.288,19.028,19.11,232901,0
EDOC.US,D,20201221,000000,19.03,19.178,18.81,19.13,444376,0
EDOC.US,D,20201222,000000,19.19,19.61,19.19,19.59,243657,0
EDOC.US,D,20201223,000000,19.76,19.85,19.61,19.71,336694,0
EDOC.US,D,20201224,000000,19.69,19.73,19.41,19.46,1854209,0
EDOC.US,D,20201228,000000,19.56,19.6,19.24,19.24,174188,0
EDOC.US,D,20201229,000000,19.41,19.42,19,19.19,1272639,0
EDOC.US,D,20201230,000000,19.32,19.48,19.3,19.33,79898,0
EDOC.US,D,20201231,000000,19.39,19.39,19.1109,19.28,68125,0
EDOC.US,D,20210104,000000,19.39,19.39,18.8531,19.23,231737,0
EDOC.US,D,20210105,000000,19.21,19.4299,19.2,19.42,155739,0
EDOC.US,D,20210106,000000,19.4,19.89,19.37,19.71,2717028,0
EDOC.US,D,20210107,000000,19.78,20.15,19.78,20.14,492504,0
EDOC.US,D,20210108,000000,20.26,20.52,20.06,20.3,254872,0
EDOC.US,D,20210111,000000,20.09,20.23,19.92,20.12,1399692,0
EDOC.US,D,20210112,000000,20.13,20.4,20.13,20.38,233560,0
EDOC.US,D,20210113,000000,20.41,20.62,20.358,20.48,294597,0
EDOC.US,D,20210114,000000,20.51,20.835,20.51,20.66,316573,0
EDOC.US,D,20210115,000000,20.63,20.8,20.35,20.52,133485,0
EDOC.US,D,20210119,000000,20.85,21.11,20.8,21.09,770681,0
EDOC.US,D,20210120,000000,21.51,21.81,21.4,21.62,1038561,0
EDOC.US,D,20210121,000000,21.71,21.8,21.39,21.48,377829,0
EDOC.US,D,20210122,000000,21.5,21.69,21.415,21.67,209362,0
EDOC.US,D,20210125,000000,21.72,22.06,21.55,21.89,441737,0
EDOC.US,D,20210126,000000,21.84,21.86,21.505,21.52,515872,0
EDOC.US,D,20210127,000000,21.17,21.33,20.73,20.9,401968,0
EDOC.US,D,20210128,000000,20.88,21.1897,20.88,21.05,3430336,0
EDOC.US,D,20210129,000000,20.9,21.02,20.2514,20.48,573837,0
EDOC.US,D,20210201,000000,20.66,21.03,20.66,20.99,204180,0
EDOC.US,D,20210202,000000,21.32,21.58,21.32,21.43,338221,0
EDOC.US,D,20210203,000000,21.54,21.56,21.3,21.43,235027,0
EDOC.US,D,20210204,000000,21.4,21.66,21.394,21.56,278604,0
EDOC.US,D,20210205,000000,21.62,21.74,21.52,21.73,158915,0
EDOC.US,D,20210208,000000,21.91,22,21.85,21.96,477810,0
EDOC.US,D,20210209,000000,22,22.2,21.96,22.16,282199,0
EDOC.US,D,20210210,000000,22.41,22.41,21.81,22.09,233444,0
EDOC.US,D,20210211,000000,22.41,22.49,22.15,22.34,241753,0
EDOC.US,D,20210212,000000,22.23,22.71,22.18,22.63,140247,0
EDOC.US,D,20210216,000000,23.03,23.04,22.46,22.54,633717,0
EDOC.US,D,20210217,000000,22.43,22.51,22.02,22.29,654602,0
EDOC.US,D,20210218,000000,22.01,22.15,21.71,21.93,247164,0
EDOC.US,D,20210219,000000,22.08,22.35,22.06,22.12,154890,0
EDOC.US,D,20210222,000000,21.79,21.87,21.015,21.08,1066619,0
EDOC.US,D,20210223,000000,20.66,20.89,20.04,20.87,388843,0
EDOC.US,D,20210224,000000,20.81,20.98,20.58,20.83,1053689,0
EDOC.US,D,20210225,000000,20.83,20.84,20.07,20.16,502215,0
EDOC.US,D,20210226,000000,20.16,20.42,19.82,20.15,842996,0
EDOC.US,D,20210301,000000,20.54,20.74,20.44,20.67,722537,0
EDOC.US,D,20210302,000000,20.68,20.7,20.25,20.25,672039,0
EDOC.US,D,20210303,000000,20.24,20.25,19.37,19.37,408121,0
EDOC.US,D,20210304,000000,19.22,19.37,18.36,18.48,902081,0
EDOC.US,D,20210305,000000,18.69,18.74,17.65,18.6,392942,0
EDOC.US,D,20210308,000000,18.41,18.71,18.06,18.1,805188,0
EDOC.US,D,20210309,000000,18.57,19.02,18.51,18.89,427147,0
EDOC.US,D,20210310,000000,19.02,19.21,18.7,18.7,301363,0
EDOC.US,D,20210311,000000,19.15,19.6,19.15,19.59,318964,0
EDOC.US,D,20210312,000000,19.34,19.46,19.08,19.42,116891,0
EDOC.US,D,20210315,000000,19.42,19.6612,19.39,19.66,203202,0
EDOC.US,D,20210316,000000,19.85,19.86,19.48,19.54,77132,0
EDOC.US,D,20210317,000000,19.375,19.78,19.161,19.64,119555,0
EDOC.US,D,20210318,000000,19.43,19.4364,19.05,19.12,107425,0
EDOC.US,D,20210319,000000,19.12,19.485,19.02,19.42,943561,0
EDOC.US,D,20210322,000000,19.51,19.71,19.34,19.63,71456,0
EDOC.US,D,20210323,000000,19.55,19.56,19.25,19.31,69004,0
EDOC.US,D,20210324,000000,19.3,19.3417,18.65,18.72,611109,0
EDOC.US,D,20210325,000000,18.44,18.75,18.27,18.71,198051,0
EDOC.US,D,20210326,000000,18.74,18.94,18.56,18.94,79905,0
EDOC.US,D,20210329,000000,18.81,18.845,18.51,18.55,83234,0
EDOC.US,D,20210330,000000,18.53,18.835,18.44,18.72,65609,0
EDOC.US,D,20210331,000000,18.74,19.28,18.74,19.12,66892,0
EDOC.US,D,20210401,000000,19.42,19.715,19.42,19.57,148788,0
EDOC.US,D,20210405,000000,19.89,19.89,19.54,19.64,165907,0
EDOC.US,D,20210406,000000,19.64,19.85,19.58,19.64,1830493,0
EDOC.US,D,20210407,000000,19.47,19.52,19.25,19.25,82995,0
EDOC.US,D,20210408,000000,19.49,19.62,19.42,19.55,295553,0
EDOC.US,D,20210409,000000,19.57,19.66,19.39,19.66,171800,0
EDOC.US,D,20210412,000000,19.57,19.61,19.41,19.59,175010,0
EDOC.US,D,20210413,000000,19.56,19.83,19.56,19.74,120892,0
EDOC.US,D,20210414,000000,19.86,20.07,19.79,19.82,341035,0
EDOC.US,D,20210415,000000,19.98,20.17,19.9,20.07,80336,0
EDOC.US,D,20210416,000000,20.1,20.1,19.85,19.96,125463,0
EDOC.US,D,20210419,000000,19.9,19.9,19.5276,19.64,151471,0
EDOC.US,D,20210420,000000,19.54,19.6299,19.29,19.37,184892,0
EDOC.US,D,20210421,000000,19.4,19.79,19.34,19.78,107127,0
EDOC.US,D,20210422,000000,19.88,20,19.8,19.89,92261,0
EDOC.US,D,20210423,000000,19.9,20.1318,19.89,20.07,45635,0
EDOC.US,D,20210426,000000,20.09,20.3,19.9999,20.22,112699,0
EDOC.US,D,20210427,000000,20.22,20.27,20.155,20.259,49867,0
EDOC.US,D,20210428,000000,20.35,20.35,20.05,20.23,89329,0
EDOC.US,D,20210429,000000,20.26,20.26,19.86,19.93,36701,0
EDOC.US,D,20210430,000000,19.8,19.91,19.72,19.75,47383,0
EDOC.US,D,20210503,000000,19.94,19.94,19.47,19.47,80974,0
EDOC.US,D,20210504,000000,19.26,19.26,18.88,19.01,169553,0
EDOC.US,D,20210505,000000,19.08,19.11,18.835,18.91,72094,0
EDOC.US,D,20210506,000000,18.92,18.92,18.33,18.59,189047,0
EDOC.US,D,20210507,000000,18.62,18.98,18.59,18.68,113943,0
EDOC.US,D,20210510,000000,18.62,18.62,17.95,17.96,161418,0
EDOC.US,D,20210511,000000,17.25,18.2,17.25,18.07,1047828,0
EDOC.US,D,20210512,000000,17.8,17.9,17.52,17.64,840777,0
EDOC.US,D,20210513,000000,17.64,17.84,17.32,17.5,143153,0
EDOC.US,D,20210514,000000,17.56,17.91,17.56,17.87,166971,0
EDOC.US,D,20210517,000000,17.77,17.77,17.6,17.65,139114,0
EDOC.US,D,20210518,000000,17.7,18.1,17.67,17.88,179349,0
EDOC.US,D,20210519,000000,17.63,17.92,17.62,17.89,83616,0
EDOC.US,D,20210520,000000,17.91,18.2,17.89,18.13,243728,0
EDOC.US,D,20210521,000000,18.21,18.45,18.14,18.14,108890,0
EDOC.US,D,20210524,000000,18.16,18.35,18.16,18.2,100042,0
EDOC.US,D,20210525,000000,18.25,18.39,18.25,18.27,150958,0
EDOC.US,D,20210526,000000,18.27,18.4,18.21,18.32,115460,0
EDOC.US,D,20210527,000000,18.31,18.45,18.21,18.4,96102,0
EDOC.US,D,20210528,000000,18.46,18.73,18.4,18.4,133629,0
EDOC.US,D,20210601,000000,18.5,18.55,18.15,18.31,576551,0
EDOC.US,D,20210602,000000,18.25,18.35,18.17,18.26,150848,0
EDOC.US,D,20210603,000000,18.16,18.28,18.05,18.14,142521,0
EDOC.US,D,20210604,000000,18.27,18.42,18.22,18.27,177260,0
EDOC.US,D,20210607,000000,18.27,18.49,18.19,18.42,118886,0
EDOC.US,D,20210608,000000,18.55,18.55,18.285,18.47,113985,0
EDOC.US,D,20210609,000000,18.56,18.65,18.47,18.51,68571,0
EDOC.US,D,20210610,000000,18.51,18.74,18.45,18.74,65215,0
EDOC.US,D,20210611,000000,18.82,18.82,18.62,18.71,111390,0
EDOC.US,D,20210614,000000,18.7,18.9,18.7,18.9,77636,0
EDOC.US,D,20210615,000000,18.8,18.9,18.6,18.67,62263,0
EDOC.US,D,20210616,000000,18.72,18.75,18.37,18.52,202899,0
EDOC.US,D,20210617,000000,18.48,18.88,18.48,18.85,145217,0
EDOC.US,D,20210618,000000,18.69,18.8195,18.65,18.7,77374,0
EDOC.US,D,20210621,000000,18.81,18.89,18.5353,18.89,145657,0
EDOC.US,D,20210622,000000,18.79,18.98,18.63,18.95,433440,0
EDOC.US,D,20210623,000000,19.03,19.19,19,19.15,86567,0
EDOC.US,D,20210624,000000,19.25,19.4699,19.22,19.32,383745,0
EDOC.US,D,20210625,000000,19.41,19.44,19.34,19.4,117846,0
EDOC.US,D,20210628,000000,19.44,19.6,19.44,19.545,150439,0
EDOC.US,D,20210629,000000,19.6,19.6,19.44,19.45,61408,0
EDOC.US,D,20210630,000000,19.5,19.5,19.25,19.3,82900,0
EDOC.US,D,20210701,000000,19.24,19.32,19.09,19.27,68765,0
EDOC.US,D,20210702,000000,19.18,19.25,19.04,19.17,42330,0
EDOC.US,D,20210706,000000,19.09,19.1,18.901,19.1,69188,0
EDOC.US,D,20210707,000000,19.33,19.4,18.79,18.94,202428,0
EDOC.US,D,20210708,000000,18.56,18.8,18.45,18.75,394363,0
EDOC.US,D,20210709,000000,18.71,18.8795,18.71,18.87,73118,0
EDOC.US,D,20210712,000000,18.99,18.99,18.83,18.91,74186,0
EDOC.US,D,20210713,000000,18.92,18.97,18.67,18.7,88672,0
EDOC.US,D,20210714,000000,18.82,18.82,18.35,18.42,174041,0
EDOC.US,D,20210715,000000,18.36,18.36,18.14,18.28,103650,0
EDOC.US,D,20210716,000000,18.26,18.32,18.13,18.21,288880,0
EDOC.US,D,20210719,000000,18.07,18.2995,18.04,18.23,75670,0
EDOC.US,D,20210720,000000,18.18,18.4133,18.13,18.37,78324,0
EDOC.US,D,20210721,000000,18.38,18.41,18.21,18.4,72158,0
EDOC.US,D,20210722,000000,18.38,18.465,18.32,18.4,54220,0
EDOC.US,D,20210723,000000,18.38,18.38,18.1821,18.32,58069,0
EDOC.US,D,20210726,000000,18.25,18.25,17.93,18,124076,0
EDOC.US,D,20210727,000000,17.75,17.85,17.595,17.85,72716,0
EDOC.US,D,20210728,000000,17.82,18.2599,17.82,18.25,256289,0
EDOC.US,D,20210729,000000,18.32,18.32,18.2,18.25,169223,0
EDOC.US,D,20210730,000000,18.16,18.45,18.16,18.44,52582,0
EDOC.US,D,20210802,000000,18.49,18.5,18.27,18.4,194505,0
EDOC.US,D,20210803,000000,18.39,18.46,18.31,18.46,126733,0
EDOC.US,D,20210804,000000,18.45,18.64,18.45,18.53,324063,0
EDOC.US,D,20210805,000000,18.54,18.77,18.5,18.75,150549,0
EDOC.US,D,20210806,000000,18.72,18.72,18.47,18.53,49867,0
EDOC.US,D,20210809,000000,18.56,18.6,18.46,18.53,4867645,0
EDOC.US,D,20210810,000000,18.62,18.62,18.1742,18.2,66828,0
EDOC.US,D,20210811,000000,18.3,18.33,17.98,18.06,105650,0
EDOC.US,D,20210812,000000,18.02,18.19,17.94,18.15,81651,0
EDOC.US,D,20210813,000000,18.24,18.24,18.0575,18.12,80545,0
EDOC.US,D,20210816,000000,17.97,18,17.83,17.92,131500,0
EDOC.US,D,20210817,000000,17.76,17.9,17.66,17.89,77915,0
EDOC.US,D,20210818,000000,17.94,18,17.81,17.83,89583,0
EDOC.US,D,20210819,000000,17.7,17.74,17.58,17.7,79005,0
EDOC.US,D,20210820,000000,17.48,17.775,17.48,17.73,106307,0
EDOC.US,D,20210823,000000,17.81,18,17.81,17.95,95524,0
EDOC.US,D,20210824,000000,18.06,18.25,18.06,18.23,69091,0
EDOC.US,D,20210825,000000,18.14,18.2299,18.1,18.2,116774,0
EDOC.US,D,20210826,000000,18.1,18.1815,17.98,17.98,185461,0
EDOC.US,D,20210827,000000,17.97,18.31,17.94,18.2,125417,0
EDOC.US,D,20210830,000000,18.2,18.37,18.2,18.36,91948,0
EDOC.US,D,20210831,000000,18.37,18.5,18.32,18.5,49023,0
EDOC.US,D,20210901,000000,18.4,18.74,18.4,18.74,104851,0
EDOC.US,D,20210902,000000,18.74,18.82,18.6642,18.82,80676,0
EDOC.US,D,20210903,000000,18.78,18.85,18.68,18.85,57343,0
EDOC.US,D,20210907,000000,18.83,19,18.8,18.95,560788,0
EDOC.US,D,20210908,000000,18.95,18.95,18.75,18.82,87290,0
EDOC.US,D,20210909,000000,18.76,18.97,18.63,18.8,92026,0
EDOC.US,D,20210910,000000,18.82,18.9,18.67,18.7,51787,0
EDOC.US,D,20210913,000000,18.73,18.73,18.48,18.58,141576,0
EDOC.US,D,20210914,000000,18.67,18.78,18.48,18.48,91596,0
EDOC.US,D,20210915,000000,18.48,18.62,18.37,18.61,57917,0
EDOC.US,D,20210916,000000,18.52,18.62,18.46,18.58,35831,0
EDOC.US,D,20210917,000000,18.67,18.99,18.67,18.96,110609,0
EDOC.US,D,20210920,000000,18.72,18.73,18.3301,18.58,96051,0
EDOC.US,D,20210921,000000,18.59,18.81,18.59,18.67,54290,0
EDOC.US,D,20210922,000000,18.69,18.77,18.62,18.7,40611,0
EDOC.US,D,20210923,000000,18.71,18.74,18.65,18.65,114362,0
EDOC.US,D,20210924,000000,18.56,18.56,18.3,18.31,63264,0
EDOC.US,D,20210927,000000,18.28,18.28,18.0516,18.15,97309,0
EDOC.US,D,20210928,000000,17.99,17.99,17.58,17.69,120726,0
EDOC.US,D,20210929,000000,17.68,17.85,17.64,17.73,214970,0
EDOC.US,D,20210930,000000,17.73,17.89,17.72,17.72,207127,0
EDOC.US,D,20211001,000000,17.68,17.71,17.45,17.63,54054,0
EDOC.US,D,20211004,000000,17.59,17.59,17.162,17.24,85466,0
EDOC.US,D,20211005,000000,17.24,17.515,17.23,17.4,136227,0
EDOC.US,D,20211006,000000,17.1,17.3999,16.91,17.37,90746,0
EDOC.US,D,20211007,000000,17.49,17.8199,17.49,17.67,152406,0
EDOC.US,D,20211008,000000,17.75,17.79,17.6315,17.64,25332,0
EDOC.US,D,20211011,000000,17.6,17.72,17.5,17.5,316688,0
EDOC.US,D,20211012,000000,17.5,17.6552,17.48,17.55,106874,0
EDOC.US,D,20211013,000000,17.61,17.78,17.61,17.68,137319,0
EDOC.US,D,20211014,000000,17.87,18.06,17.87,17.91,80488,0
EDOC.US,D,20211015,000000,17.95,18.02,17.77,17.77,97809,0
EDOC.US,D,20211018,000000,17.7,17.74,17.5901,17.73,65944,0
EDOC.US,D,20211019,000000,17.77,18.07,17.76,18,65245,0
EDOC.US,D,20211020,000000,18.13,18.3,18.13,18.23,102297,0
EDOC.US,D,20211021,000000,18.19,18.285,18.14,18.28,53160,0
EDOC.US,D,20211022,000000,18.28,18.3382,18.16,18.22,59760,0
EDOC.US,D,20211025,000000,18.18,18.35,18.14,18.3,125211,0
EDOC.US,D,20211026,000000,18.24,18.2987,18.1443,18.18,70159,0
EDOC.US,D,20211027,000000,18.12,18.14,17.84,17.84,121983,0
EDOC.US,D,20211028,000000,17.8,18.21,17.8,18.2,86740,0
EDOC.US,D,20211029,000000,18.08,18.33,18.06,18.28,167949,0
EDOC.US,D,20211101,000000,18.24,18.49,18.23,18.44,69685,0
EDOC.US,D,20211102,000000,18.43,18.5,18.28,18.41,246784,0
EDOC.US,D,20211103,000000,18.5,18.845,18.5,18.83,143811,0
EDOC.US,D,20211104,000000,18.74,18.8,18.571,18.63,84400,0
EDOC.US,D,20211105,000000,18.61,18.66,18.25,18.35,123458,0
EDOC.US,D,20211108,000000,18.35,18.44,18.33,18.39,64181,0
EDOC.US,D,20211109,000000,18.3,18.31,18.1,18.14,309593,0
EDOC.US,D,20211110,000000,18.09,18.31,18.02,18.05,152419,0
EDOC.US,D,20211111,000000,18.02,18.1312,18.01,18.11,124171,0
EDOC.US,D,20211112,000000,18.1,18.25,18.09,18.25,68482,0
EDOC.US,D,20211115,000000,18.2,18.22,17.95,18,424266,0
EDOC.US,D,20211116,000000,17.95,18.14,17.95,18.06,195816,0
EDOC.US,D,20211117,000000,18.05,18.12,17.98,18.04,567546,0
EDOC.US,D,20211118,000000,17.97,17.97,17.48,17.52,466497,0
EDOC.US,D,20211119,000000,17.47,17.68,17.4,17.4,143690,0
EDOC.US,D,20211122,000000,17.3,17.35,16.83,16.83,907932,0
EDOC.US,D,20211123,000000,16.74,16.83,16.41,16.63,262005,0
EDOC.US,D,20211124,000000,16.38,16.69,16.34,16.66,149989,0
EDOC.US,D,20211126,000000,16.5,16.79,16.4,16.51,120064,0
EDOC.US,D,20211129,000000,16.52,16.615,16.402,16.49,152324,0
EDOC.US,D,20211130,000000,16.43,16.53,16.18,16.31,114082,0
EDOC.US,D,20211201,000000,16.34,16.49,15.82,15.88,304717,0
EDOC.US,D,20211202,000000,15.83,16.11,15.8,16.1,2209867,0
EDOC.US,D,20211203,000000,16.1,16.111,15.53,15.72,267202,0
EDOC.US,D,20211206,000000,15.64,15.98,15.51,15.91,203554,0
EDOC.US,D,20211207,000000,16.15,16.61,16.15,16.47,140110,0
EDOC.US,D,20211208,000000,16.45,16.73,16.3206,16.67,77685,0
EDOC.US,D,20211209,000000,16.59,16.72,16.21,16.25,192494,0
EDOC.US,D,20211210,000000,16.25,16.3526,16.05,16.1,94468,0
EDOC.US,D,20211213,000000,16.07,16.3,16.05,16.13,225362,0
EDOC.US,D,20211214,000000,15.89,16.107,15.85,15.99,178767,0
EDOC.US,D,20211215,000000,15.94,16.33,15.85,16.28,204309,0
EDOC.US,D,20211216,000000,16.28,16.4,15.81,15.85,2956163,0
EDOC.US,D,20211217,000000,15.8,16.555,15.8,16.48,142515,0
EDOC.US,D,20211220,000000,16.24,16.34,16.11,16.25,209010,0
EDOC.US,D,20211221,000000,16.25,16.57,16.25,16.51,166542,0
EDOC.US,D,20211222,000000,16.5,16.72,16.5,16.63,2357716,0
EDOC.US,D,20211223,000000,16.52,16.63,16.385,16.59,2280598,0
EDOC.US,D,20211227,000000,16.53,16.58,16.45,16.54,893805,0
EDOC.US,D,20211228,000000,16.48,16.65,16.34,16.39,239722,0
EDOC.US,D,20211229,000000,16.4,16.4,16.2101,16.3,95677,0
EDOC.US,D,20211230,000000,16.3,16.7711,16.17,16.61,172939,0
EDOC.US,D,20211231,000000,16.55,16.71,16.51,16.54,41671,0
EDOC.US,D,20220103,000000,16.48,16.52,16.23,16.51,445199,0
EDOC.US,D,20220104,000000,16.51,16.51,15.92,16.12,74923,0
EDOC.US,D,20220105,000000,15.92,16.06,15.44,15.46,144542,0
EDOC.US,D,20220106,000000,15.35,15.49,15.12,15.25,92254,0
EDOC.US,D,20220107,000000,15.24,15.49,15.08,15.08,186805,0
EDOC.US,D,20220110,000000,14.99,15.4,14.882,15.4,127827,0
EDOC.US,D,20220111,000000,15.42,15.83,15.35,15.77,91971,0
EDOC.US,D,20220112,000000,15.83,15.89,15.6,15.63,83406,0
EDOC.US,D,20220113,000000,15.58,15.58,15.07,15.13,75485,0
EDOC.US,D,20220114,000000,15.02,15.22,14.8314,15.09,116759,0
EDOC.US,D,20220118,000000,14.83,14.92,14.57,14.61,88930,0
EDOC.US,D,20220119,000000,14.52,14.88,14.49,14.51,750871,0
EDOC.US,D,20220120,000000,14.72,15.105,14.64,14.65,179607,0
EDOC.US,D,20220121,000000,14.58,14.685,14.359,14.39,332659,0
EDOC.US,D,20220124,000000,14,14.52,13.78,14.49,165393,0
EDOC.US,D,20220125,000000,14.25,14.4,14,14.18,133696,0
EDOC.US,D,20220126,000000,14.34,14.5,13.8411,13.95,265544,0
EDOC.US,D,20220127,000000,14,14.14,13.69,13.75,90424,0
EDOC.US,D,20220128,000000,13.65,13.99,13.5,13.96,62797,0
EDOC.US,D,20220131,000000,13.95,14.57,13.95,14.55,121672,0
EDOC.US,D,20220201,000000,14.63,14.79,14.3543,14.74,39894,0
EDOC.US,D,20220202,000000,14.79,14.79,14.5,14.65,45220,0
EDOC.US,D,20220203,000000,14.51,14.68,14.41,14.49,141473,0
EDOC.US,D,20220204,000000,14.4,14.66,14.3076,14.53,144667,0
EDOC.US,D,20220207,000000,14.53,14.84,14.51,14.64,140238,0
EDOC.US,D,20220208,000000,14.59,14.789,14.45,14.78,64706,0
EDOC.US,D,20220209,000000,14.9,15.3,14.9,15.23,101264,0
EDOC.US,D,20220210,000000,14.9,15.33,14.9,15.01,75386,0
EDOC.US,D,20220211,000000,14.95,15.15,14.59,14.69,40847,0
EDOC.US,D,20220214,000000,14.58,14.755,14.38,14.48,37317,0
EDOC.US,D,20220215,000000,14.65,14.79,14.55,14.78,26428,0
EDOC.US,D,20220216,000000,14.64,14.69,14.45,14.62,94755,0
EDOC.US,D,20220217,000000,14.5,14.5,14.11,14.17,63150,0
EDOC.US,D,20220218,000000,14.07,14.18,13.88,13.95,34752,0
EDOC.US,D,20220222,000000,13.76,13.98,13.6991,13.76,69166,0
EDOC.US,D,20220223,000000,13.9,13.9577,13.53,13.56,50702,0
EDOC.US,D,20220224,000000,13.08,14.068,13.08,14.02,74583,0
EDOC.US,D,20220225,000000,14.08,14.4,14.08,14.34,40363,0
EDOC.US,D,20220228,000000,14.21,14.55,14.21,14.43,60799,0
EDOC.US,D,20220301,000000,14.33,14.5181,14.2207,14.28,47834,0
EDOC.US,D,20220302,000000,14.32,14.4,14.11,14.33,56327,0
EDOC.US,D,20220303,000000,14.37,14.37,14.12,14.19,82154,0
EDOC.US,D,20220304,000000,14.03,14.18,13.82,13.87,247043,0
EDOC.US,D,20220307,000000,13.8,13.9,13.59,13.59,263852,0
EDOC.US,D,20220308,000000,13.54,13.75,13.35,13.47,30069,0
EDOC.US,D,20220309,000000,13.63,13.94,13.59,13.94,21041,0
EDOC.US,D,20220310,000000,13.63,13.64,13.46,13.53,58828,0
EDOC.US,D,20220311,000000,13.69,13.69,13.09,13.12,62844,0
EDOC.US,D,20220314,000000,12.98,13.02,12.54,12.65,138833,0
EDOC.US,D,20220315,000000,12.64,12.91,12.58,12.91,28580,0
EDOC.US,D,20220316,000000,13.25,13.79,13.25,13.76,72907,0
EDOC.US,D,20220317,000000,13.65,14.11,13.65,14.07,29098,0
EDOC.US,D,20220318,000000,14.04,14.38,14,14.38,42427,0
EDOC.US,D,20220321,000000,14.27,14.27,14,14.09,26150,0
EDOC.US,D,20220322,000000,14.12,14.4756,14.04,14.39,43004,0
EDOC.US,D,20220323,000000,14.36,14.36,14.06,14.13,37136,0
EDOC.US,D,20220324,000000,14.19,14.27,13.99,14.27,31087,0
EDOC.US,D,20220325,000000,14.26,14.26,13.9442,14.05,18300,0
EDOC.US,D,20220328,000000,14.09,14.3,13.9808,14.3,59015,0
EDOC.US,D,20220329,000000,14.49,14.8893,14.49,14.87,100450,0
EDOC.US,D,20220330,000000,14.78,14.86,14.6,14.63,22508,0
EDOC.US,D,20220331,000000,14.53,14.6444,14.48,14.48,117529,0
EDOC.US,D,20220401,000000,14.57,14.84,14.57,14.83,28523,0
EDOC.US,D,20220404,000000,14.91,15,14.77,15,45135,0
EDOC.US,D,20220405,000000,14.99,15.09,14.735,14.74,60542,0
EDOC.US,D,20220406,000000,14.56,14.7,14.38,14.62,72228,0
EDOC.US,D,20220407,000000,14.57,14.7303,14.51,14.66,14314,0
EDOC.US,D,20220408,000000,14.61,14.6399,14.4581,14.48,29741,0
EDOC.US,D,20220411,000000,14.38,14.39,14.24,14.28,87566,0
EDOC.US,D,20220412,000000,14.32,14.59,14.18,14.28,34307,0
EDOC.US,D,20220413,000000,14.27,14.45,14.24,14.44,22066,0
EDOC.US,D,20220414,000000,14.43,14.43,14.17,14.2,20920,0
EDOC.US,D,20220418,000000,14.14,14.14,13.73,13.85,45844,0
EDOC.US,D,20220419,000000,13.78,14.155,13.7712,14.08,14648,0
EDOC.US,D,20220420,000000,14.11,14.178,13.93,14.0621,20866,0
EDOC.US,D,20220421,000000,14.15,14.2,13.6,13.63,22855,0
EDOC.US,D,20220422,000000,13.49,13.66,13.15,13.16,60241,0
EDOC.US,D,20220425,000000,13.06,13.35,13.06,13.3,50969,0
EDOC.US,D,20220426,000000,13.23,13.23,12.87,12.89,62940,0
EDOC.US,D,20220427,000000,12.86,13.05,12.74,12.75,333999,0
EDOC.US,D,20220428,000000,12.66,12.66,12.18,12.6,119052,0
EDOC.US,D,20220429,000000,12.58,12.72,12.34,12.41,144736,0
EDOC.US,D,20220502,000000,12.36,12.63,12.33,12.63,47639,0
EDOC.US,D,20220503,000000,12.63,12.68,12.54,12.59,28696,0
EDOC.US,D,20220504,000000,12.51,12.76,12.2101,12.76,113179,0
EDOC.US,D,20220505,000000,12.57,12.57,12,12.14,45519,0
EDOC.US,D,20220506,000000,12.18,12.18,11.7,11.78,120233,0
EDOC.US,D,20220509,000000,11.59,11.59,11.0401,11.16,75160,0
EDOC.US,D,20220510,000000,11.33,11.39,10.9519,11.24,47800,0
EDOC.US,D,20220511,000000,11.21,11.4,10.86,10.91,78559,0
EDOC.US,D,20220512,000000,10.79,11.1808,10.74,11.11,133888,0
EDOC.US,D,20220513,000000,11.26,11.77,11.25,11.69,28167,0
EDOC.US,D,20220516,000000,11.65,11.81,11.51,11.54,25696,0
EDOC.US,D,20220517,000000,11.78,11.8623,11.62,11.84,21524,0
EDOC.US,D,20220518,000000,11.62,11.705,11.34,11.43,52358,0
EDOC.US,D,20220519,000000,11.34,11.79,11.34,11.66,101789,0
EDOC.US,D,20220520,000000,11.83,11.83,11.41,11.71,65692,0
EDOC.US,D,20220523,000000,11.68,11.8,11.5313,11.76,39581,0
EDOC.US,D,20220524,000000,11.56,11.575,11.34,11.44,81265,0
EDOC.US,D,20220525,000000,11.41,11.648,11.361,11.49,28934,0
EDOC.US,D,20220526,000000,11.46,11.71,11.29,11.7,84940,0
EDOC.US,D,20220527,000000,11.76,12.04,11.75,12.04,30687,0
EDOC.US,D,20220531,000000,12.09,12.09,11.83,11.93,26694,0
EDOC.US,D,20220601,000000,11.95,11.95,11.53,11.65,17479,0
EDOC.US,D,20220602,000000,11.61,12.1134,11.61,12.09,18769,0
EDOC.US,D,20220603,000000,11.95,11.96,11.77,11.85,14901,0
EDOC.US,D,20220606,000000,11.99,12.1,11.7801,11.85,37398,0
EDOC.US,D,20220607,000000,11.79,12.09,11.79,12.09,34964,0
EDOC.US,D,20220608,000000,12.1,12.25,12.05,12.11,38177,0
EDOC.US,D,20220609,000000,11.94,11.95,11.64,11.64,24339,0
EDOC.US,D,20220610,000000,11.61,11.61,11.37,11.49,34543,0
EDOC.US,D,20220613,000000,11.11,11.11,10.74,10.79,39312,0
EDOC.US,D,20220614,000000,10.89,10.89,10.685,10.78,39352,0
EDOC.US,D,20220615,000000,10.77,11.25,10.77,11.125,68308,0
EDOC.US,D,20220616,000000,10.75,10.78,10.62,10.71,35261,0
EDOC.US,D,20220617,000000,10.87,11.13,10.87,11.02,36664,0
EDOC.US,D,20220621,000000,11.2,11.468,11.2,11.36,32294,0
EDOC.US,D,20220622,000000,11.01,11.4,11.01,11.28,111775,0
EDOC.US,D,20220623,000000,11.34,11.81,11.34,11.77,82067,0
EDOC.US,D,20220624,000000,11.97,12.125,11.92,12.12,19415,0
EDOC.US,D,20220627,000000,12.3,12.34,12.06,12.18,62696,0
EDOC.US,D,20220628,000000,12.27,12.27,11.88,11.93,99102,0
EDOC.US,D,20220629,000000,11.83,11.83,11.53,11.78,22716,0
EDOC.US,D,20220630,000000,11.63,11.63,11.45,11.52,16367,0
EDOC.US,D,20220701,000000,11.56,11.815,11.54,11.81,25613,0
EDOC.US,D,20220705,000000,11.73,12.21,11.65,12.17,55042,0
EDOC.US,D,20220706,000000,12.32,12.33,12.1301,12.2,29800,0
EDOC.US,D,20220707,000000,12.26,12.535,12.26,12.51,24407,0
EDOC.US,D,20220708,000000,12.4718,12.7082,12.42,12.52,11604,0
EDOC.US,D,20220711,000000,12.36,12.36,12.05,12.07,47792,0
EDOC.US,D,20220712,000000,12.08,12.1501,11.9601,11.99,11425,0
EDOC.US,D,20220713,000000,11.76,12.01,11.73,11.89,9312,0
EDOC.US,D,20220714,000000,11.81,11.8926,11.615,11.86,22889,0
EDOC.US,D,20220715,000000,11.97,12.2,11.9231,12.17,21375,0
EDOC.US,D,20220718,000000,12.33,12.33,11.925,11.9773,16724,0
EDOC.US,D,20220719,000000,12.08,12.27,12.02,12.23,20434,0
EDOC.US,D,20220720,000000,12.3,12.51,12.24,12.44,15532,0
EDOC.US,D,20220721,000000,12.62,12.94,12.32,12.93,21418,0
EDOC.US,D,20220722,000000,12.91,13,12.53,12.61,56222,0
EDOC.US,D,20220725,000000,12.66,12.66,12.4913,12.575,55833,0
EDOC.US,D,20220726,000000,12.56,12.613,12.48,12.54,29675,0
EDOC.US,D,20220727,000000,12.66,12.81,12.605,12.81,10271,0
EDOC.US,D,20220728,000000,12.71,12.86,12.46,12.84,32654,0
EDOC.US,D,20220729,000000,12.66,12.72,12.57,12.71,22547,0
EDOC.US,D,20220801,000000,12.6,12.8194,12.59,12.7,18275,0
EDOC.US,D,20220802,000000,12.62,12.928,12.58,12.84,28098,0
EDOC.US,D,20220803,000000,12.85,13.03,12.814,12.95,42405,0
EDOC.US,D,20220804,000000,13,13.02,12.905,12.94,14050,0
EDOC.US,D,20220805,000000,12.75,13.0428,12.65,13.0002,37114,0
EDOC.US,D,20220808,000000,13.16,13.43,13.12,13.19,76494,0
EDOC.US,D,20220809,000000,13.13,13.13,12.67,12.69,20909,0
EDOC.US,D,20220810,000000,12.86,13.48,12.83,13.4,16317,0
EDOC.US,D,20220811,000000,13.45,13.5,13.17,13.23,22111,0
EDOC.US,D,20220812,000000,13.15,13.36,13.15,13.3,18620,0
EDOC.US,D,20220815,000000,13.25,13.43,13.2,13.42,32172,0
EDOC.US,D,20220816,000000,13.34,13.34,13.09,13.26,31525,0
EDOC.US,D,20220817,000000,13.13,13.13,12.97,13.02,20186,0
EDOC.US,D,20220818,000000,12.99,13,12.73,12.86,36896,0
EDOC.US,D,20220819,000000,12.68,12.68,12.48,12.51,26544,0
EDOC.US,D,20220822,000000,12.5,12.6,12.432,12.51,18157,0
EDOC.US,D,20220823,000000,12.47,12.51,12.402,12.48,20138,0
EDOC.US,D,20220824,000000,12.42,12.69,12.41,12.61,28480,0
EDOC.US,D,20220825,000000,12.76,12.89,12.7,12.87,19444,0
EDOC.US,D,20220826,000000,12.93,12.93,12.45,12.45,23174,0
EDOC.US,D,20220829,000000,12.3,12.4,12.28,12.34,14172,0
EDOC.US,D,20220830,000000,12.3,12.35,12.0701,12.16,23366,0
EDOC.US,D,20220831,000000,12.29,12.3701,12.194,12.25,9313,0
EDOC.US,D,20220901,000000,12.11,12.15,11.91,12.14,18638,0
EDOC.US,D,20220902,000000,12.28,12.293,12.045,12.08,19934,0
EDOC.US,D,20220906,000000,12.03,12.08,11.95,11.99,27668,0
EDOC.US,D,20220907,000000,11.97,12.28,11.97,12.24,19006,0
EDOC.US,D,20220908,000000,12.16,12.5399,12.12,12.52,14797,0
EDOC.US,D,20220909,000000,12.66,12.8,12.66,12.8,14184,0
EDOC.US,D,20220912,000000,12.83,12.89,12.77,12.89,14913,0
EDOC.US,D,20220913,000000,12.48,12.543,12.34,12.36,10390,0
EDOC.US,D,20220914,000000,12.35,12.43,12.25,12.43,14898,0
EDOC.US,D,20220915,000000,12.36,12.57,12.33,12.44,23340,0
EDOC.US,D,20220916,000000,12.2,12.2,12.06,12.11,13488,0
EDOC.US,D,20220919,000000,12.01,12.08,11.84,12.07,102472,0
EDOC.US,D,20220920,000000,12.02,12.06,11.93,11.9856,17351,0
EDOC.US,D,20220921,000000,11.98,11.98,11.692,11.71,8889,0
EDOC.US,D,20220922,000000,11.65,11.65,11.41,11.51,17485,0
EDOC.US,D,20220923,000000,11.31,11.37,11.18,11.28,50588,0
EDOC.US,D,20220926,000000,11.3,11.47,11.2,11.24,113427,0
EDOC.US,D,20220927,000000,11.35,11.46,11.17,11.21,18619,0
EDOC.US,D,20220928,000000,11.29,11.56,11.25,11.55,19851,0
EDOC.US,D,20220929,000000,11.43,11.49,11.25,11.34,24524,0
EDOC.US,D,20220930,000000,11.33,11.59,11.28,11.2951,12372,0
EDOC.US,D,20221003,000000,11.37,11.5799,11.31,11.5,66676,0
EDOC.US,D,20221004,000000,11.71,11.93,11.71,11.86,16398,0
EDOC.US,D,20221005,000000,11.75,11.915,11.7,11.915,17707,0
EDOC.US,D,20221006,000000,11.88,11.91,11.71,11.7745,4800,0
EDOC.US,D,20221007,000000,11.68,11.7,11.3,11.3502,7093,0
EDOC.US,D,20221010,000000,11.37,11.37,11.05,11.1277,13135,0
EDOC.US,D,20221011,000000,11.09,11.223,10.9,11.05,9591,0
EDOC.US,D,20221012,000000,11.1,11.1,10.98,11,16110,0
EDOC.US,D,20221013,000000,10.71,11.1353,10.6102,11.07,24282,0
EDOC.US,D,20221014,000000,11.21,11.26,10.842,10.855,14364,0
EDOC.US,D,20221017,000000,11.06,11.24,11,11.19,16843,0
EDOC.US,D,20221018,000000,11.46,11.58,11.27,11.34,28366,0
EDOC.US,D,20221019,000000,11.21,11.21,10.941,11.02,17812,0
EDOC.US,D,20221020,000000,11.06,11.27,11.03,11.08,18969,0
EDOC.US,D,20221021,000000,11.04,11.199,10.96,11.17,23145,0
EDOC.US,D,20221024,000000,11.06,11.06,10.88,11.04,26549,0
EDOC.US,D,20221025,000000,11.14,11.47,11.13,11.4554,15758,0
EDOC.US,D,20221026,000000,11.53,11.9,11.49,11.7,26497,0
EDOC.US,D,20221027,000000,11.73,11.73,11.4701,11.48,11098,0
EDOC.US,D,20221028,000000,11.42,11.6799,11.41,11.66,14108,0
EDOC.US,D,20221031,000000,11.61,11.7218,11.59,11.68,9841,0
EDOC.US,D,20221101,000000,11.91,11.91,11.74,11.76,7747,0
EDOC.US,D,20221102,000000,11.75,11.75,11.4,11.4,10991,0
EDOC.US,D,20221103,000000,11.24,11.29,11.15,11.22,16079,0
EDOC.US,D,20221104,000000,11.37,11.371,11.16,11.33,19240,0
EDOC.US,D,20221107,000000,11.44,11.44,11.26,11.42,7824,0
EDOC.US,D,20221108,000000,11.35,11.375,11.155,11.19,14019,0
EDOC.US,D,20221109,000000,11.04,11.04,10.81,10.82,17942,0
EDOC.US,D,20221110,000000,11.34,11.65,11.27,11.65,31949,0
EDOC.US,D,20221111,000000,11.7,12.1396,11.7,12.06,25907,0
EDOC.US,D,20221114,000000,12.08,12.099,11.93,11.93,8056,0
EDOC.US,D,20221115,000000,12.22,12.33,12.15,12.19,22368,0
EDOC.US,D,20221116,000000,12.19,12.19,11.96,12.0163,21330,0
EDOC.US,D,20221117,000000,11.85,11.91,11.7111,11.8,11627,0
EDOC.US,D,20221118,000000,12,12,11.73,11.76,761696,0
EDOC.US,D,20221121,000000,11.68,11.7,11.57,11.6,66452,0
EDOC.US,D,20221122,000000,11.65,11.68,11.52,11.68,28812,0
EDOC.US,D,20221123,000000,11.72,11.88,11.695,11.88,10722,0
EDOC.US,D,20221125,000000,11.77,11.77,11.68,11.76,10078,0
EDOC.US,D,20221128,000000,11.795,11.795,11.615,11.62,7131,0
EDOC.US,D,20221129,000000,11.69,11.77,11.64,11.66,10045,0
EDOC.US,D,20221130,000000,11.77,12.2,11.7174,12.2,12399,0
EDOC.US,D,20221201,000000,12.29,12.39,12.165,12.37,215840,0
EDOC.US,D,20221202,000000,12.29,12.669,12.26,12.61,39804,0
EDOC.US,D,20221205,000000,12.8,12.81,12.57,12.62,23659,0
EDOC.US,D,20221206,000000,12.6,12.6,12.27,12.33,6368,0
EDOC.US,D,20221207,000000,12.32,12.49,12.32,12.47,35642,0
EDOC.US,D,20221208,000000,12.75,12.91,12.66,12.84,38699,0
EDOC.US,D,20221209,000000,12.7,12.75,12.55,12.58,10991,0
EDOC.US,D,20221212,000000,12.56,12.6986,12.4701,12.6612,25924,0
EDOC.US,D,20221213,000000,13.07,13.1,12.63,12.8,51269,0
EDOC.US,D,20221214,000000,12.59,12.72,12.42,12.53,30519,0
EDOC.US,D,20221215,000000,12.33,12.33,12.18,12.18,14074,0
EDOC.US,D,20221216,000000,12.14,12.18,12.02,12.12,21051,0
EDOC.US,D,20221219,000000,12.03,12.03,11.757,11.77,22992,0
EDOC.US,D,20221220,000000,11.67,11.84,11.66,11.83,70942,0
EDOC.US,D,20221221,000000,11.89,12.08,11.83,12.08,32017,0
EDOC.US,D,20221222,000000,11.9,11.91,11.64,11.86,25344,0
EDOC.US,D,20221223,000000,11.81,11.81,11.62,11.66,50755,0
EDOC.US,D,20221227,000000,11.51,11.75,11.46,11.59,107861,0
EDOC.US,D,20221228,000000,11.52,11.5914,11.37,11.41,42150,0
EDOC.US,D,20221229,000000,11.49,11.76,11.44,11.6878,30297,0
EDOC.US,D,20221230,000000,11.53,11.62,11.45,11.58,26324,0
EDOC.US,D,20230103,000000,11.72,11.82,11.46,11.6,9071,0
EDOC.US,D,20230104,000000,11.8,11.95,11.55,11.925,82958,0
EDOC.US,D,20230105,000000,11.71,11.77,11.61,11.77,11155,0
EDOC.US,D,20230106,000000,11.68,11.72,11.44,11.69,10969,0
EDOC.US,D,20230109,000000,11.85,11.9799,11.795,11.87,14314,0
EDOC.US,D,20230110,000000,11.85,12.2,11.82,12.2,11009,0
EDOC.US,D,20230111,000000,12.17,12.24,12.09,12.24,61302,0
EDOC.US,D,20230112,000000,12.2,12.22,12,12.21,18235,0
EDOC.US,D,20230113,000000,12.12,12.36,12.1,12.345,26068,0
EDOC.US,D,20230117,000000,12.29,12.54,12.21,12.495,23237,0
EDOC.US,D,20230118,000000,12.59,12.59,12.31,12.31,19634,0
EDOC.US,D,20230119,000000,12.18,12.22,12.02,12.11,11547,0
EDOC.US,D,20230120,000000,12.15,12.41,12.12,12.41,13089,0
EDOC.US,D,20230123,000000,12.37,12.63,12.37,12.57,3861,0
EDOC.US,D,20230124,000000,12.52,12.56,12.1442,12.425,11601,0
EDOC.US,D,20230125,000000,12.221,12.44,12.1963,12.3936,8458,0
EDOC.US,D,20230126,000000,12.57,12.62,12.43,12.58,118430,0
EDOC.US,D,20230127,000000,12.5,12.72,12.441,12.65,12322,0
EDOC.US,D,20230130,000000,12.4,12.475,12.315,12.32,26859,0
EDOC.US,D,20230131,000000,12.31,12.49,12.27,12.49,12001,0
EDOC.US,D,20230201,000000,12.48,12.78,12.36,12.78,6643,0
EDOC.US,D,20230202,000000,12.8,13.05,12.8,12.99,19055,0
EDOC.US,D,20230203,000000,12.74,12.82,12.59,12.61,21567,0
EDOC.US,D,20230206,000000,12.54,12.54,12.271,12.33,63345,0
EDOC.US,D,20230207,000000,12.2401,12.5,12.2401,12.5,15899,0
EDOC.US,D,20230208,000000,12.44,12.46,12.23,12.25,17659,0
EDOC.US,D,20230209,000000,12.49,12.5,12.13,12.21,42877,0
EDOC.US,D,20230210,000000,12.05,12.08,11.96,11.98,45362,0
EDOC.US,D,20230213,000000,12.02,12.23,12,12.23,17158,0
EDOC.US,D,20230214,000000,12.07,12.2,11.96,12.11,22129,0
EDOC.US,D,20230215,000000,12,12.37,12,12.35,8710,0
EDOC.US,D,20230216,000000,12.18,12.42,12.18,12.29,15969,0
EDOC.US,D,20230217,000000,12.19,12.19,12.05,12.13,13126,0
EDOC.US,D,20230221,000000,12,12,11.76,11.77,11614,0
EDOC.US,D,20230222,000000,11.86,11.94,11.8,11.94,26631,0
EDOC.US,D,20230223,000000,11.93,11.93,11.6501,11.88,12491,0
EDOC.US,D,20230224,000000,11.63,11.73,11.62,11.63,32407,0
EDOC.US,D,20230227,000000,11.79,11.79,11.681,11.72,11068,0
EDOC.US,D,20230228,000000,11.7,11.79,11.66,11.66,5821,0
EDOC.US,D,20230301,000000,11.83,11.83,11.6989,11.72,9792,0
EDOC.US,D,20230302,000000,11.63,11.94,11.581,11.94,24121,0
EDOC.US,D,20230303,000000,11.96,12.17,11.94,12.15,21533,0
EDOC.US,D,20230306,000000,12.09,12.09,11.87,11.87,21327,0
EDOC.US,D,20230307,000000,11.84,11.91,11.68,11.69,19075,0
EDOC.US,D,20230308,000000,11.69,11.7,11.6145,11.63,19751,0
EDOC.US,D,20230309,000000,11.62,11.68,11.33,11.33,17446,0
EDOC.US,D,20230310,000000,11.33,11.33,10.885,11.04,18801,0
EDOC.US,D,20230313,000000,10.96,11.35,10.96,11.27,12926,0
EDOC.US,D,20230314,000000,11.44,11.44,11.3,11.38,7058,0
EDOC.US,D,20230315,000000,11.23,11.38,11.22,11.38,18894,0
EDOC.US,D,20230316,000000,11.34,11.63,11.32,11.63,14608,0
EDOC.US,D,20230317,000000,11.415,11.44,11.3501,11.44,1067,0
EDOC.US,D,20230320,000000,11.41,11.42,11.301,11.41,3773,0
EDOC.US,D,20230321,000000,11.5,11.79,11.5,11.76,23104,0
EDOC.US,D,20230322,000000,11.78,11.78,11.59,11.59,21131,0
EDOC.US,D,20230323,000000,11.63,11.6657,11.44,11.52,5566,0
EDOC.US,D,20230324,000000,11.5,11.69,11.47,11.69,5228,0
EDOC.US,D,20230327,000000,11.72,11.72,11.62,11.65,209357,0
EDOC.US,D,20230328,000000,11.6,11.6,11.43,11.49,17634,0
EDOC.US,D,20230329,000000,11.59,11.6499,11.5,11.56,7436,0
EDOC.US,D,20230330,000000,11.54,11.58,11.42,11.48,32372,0
EDOC.US,D,20230331,000000,11.52,11.75,11.44,11.72,37723,0
EDOC.US,D,20230403,000000,11.72,11.73,11.63,11.7,29023,0
EDOC.US,D,20230404,000000,11.65,11.66,11.57,11.66,24208,0
EDOC.US,D,20230405,000000,11.66,11.66,11.53,11.6,11633,0
EDOC.US,D,20230406,000000,11.59,11.7,11.5834,11.7,10888,0
EDOC.US,D,20230410,000000,11.6,11.72,11.5901,11.72,7943,0
EDOC.US,D,20230411,000000,11.79,11.95,11.752,11.95,8617,0
EDOC.US,D,20230412,000000,12.01,12.01,11.74,11.74,7438,0
EDOC.US,D,20230413,000000,11.86,12.07,11.82,12.04,7668,0
EDOC.US,D,20230414,000000,11.98,11.98,11.76,11.8,10813,0
EDOC.US,D,20230417,000000,11.85,11.93,11.801,11.93,3897,0
EDOC.US,D,20230418,000000,11.96,11.96,11.81,11.86,6956,0
EDOC.US,D,20230419,000000,11.77,12.05,11.77,12.03,31765,0
EDOC.US,D,20230420,000000,11.95,11.99,11.87,11.94,13921,0
EDOC.US,D,20230421,000000,11.9,12.05,11.85,12,22289,0
EDOC.US,D,20230424,000000,12.02,12.08,12,12.05,211534,0
EDOC.US,D,20230425,000000,11.92,11.978,11.68,11.68,34830,0
EDOC.US,D,20230426,000000,11.71,11.71,11.62,11.64,17855,0
EDOC.US,D,20230427,000000,11.69,11.74,11.57,11.68,10592,0
EDOC.US,D,20230428,000000,11.63,11.79,11.602,11.74,17056,0
EDOC.US,D,20230501,000000,11.77,11.87,11.71,11.87,16535,0
EDOC.US,D,20230502,000000,11.72,11.72,11.49,11.53,28960,0
EDOC.US,D,20230503,000000,11.55,11.8,11.49,11.65,126030,0
EDOC.US,D,20230504,000000,11.59,11.64,11.53,11.61,9831,0
EDOC.US,D,20230505,000000,11.7,11.746,11.66,11.72,187869,0
EDOC.US,D,20230508,000000,11.69,11.7199,11.6,11.67,13785,0
EDOC.US,D,20230509,000000,11.5,11.51,11.45,11.48,23864,0
EDOC.US,D,20230510,000000,11.45,11.62,11.45,11.57,59839,0
EDOC.US,D,20230511,000000,11.49,11.55,11.46,11.55,6904,0
EDOC.US,D,20230512,000000,11.52,11.52,11.4,11.46,19288,0
EDOC.US,D,20230515,000000,11.51,11.67,11.491,11.66,52178,0
EDOC.US,D,20230516,000000,11.55,11.55,11.43,11.44,11540,0
EDOC.US,D,20230517,000000,11.42,11.52,11.25,11.49,34004,0
EDOC.US,D,20230518,000000,11.46,11.49,11.35,11.42,15582,0
EDOC.US,D,20230519,000000,11.44,11.558,11.31,11.36,15569,0
EDOC.US,D,20230522,000000,11.38,11.63,11.38,11.57,28040,0
EDOC.US,D,20230523,000000,11.4,11.4,11.32,11.33,4348,0
EDOC.US,D,20230524,000000,11.21,11.254,11.06,11.21,23509,0
EDOC.US,D,20230525,000000,11.24,11.24,10.94,11.08,23496,0
EDOC.US,D,20230526,000000,11.07,11.154,11.01,11.11,21138,0
EDOC.US,D,20230530,000000,11.19,11.25,11.0656,11.13,19730,0
EDOC.US,D,20230531,000000,11.08,11.1,10.92,11.1,10895,0
EDOC.US,D,20230601,000000,11.08,11.2793,11.04,11.24,18072,0
EDOC.US,D,20230602,000000,11.39,11.53,11.33,11.49,18102,0
EDOC.US,D,20230605,000000,11.51,11.54,11.445,11.53,7932,0
EDOC.US,D,20230606,000000,11.54,11.66,11.5399,11.6,53132,0
EDOC.US,D,20230607,000000,11.644,11.755,11.58,11.58,7525,0
EDOC.US,D,20230608,000000,11.59,11.59,11.46,11.59,14494,0
EDOC.US,D,20230609,000000,11.58,11.59,11.488,11.49,26324,0
EDOC.US,D,20230612,000000,11.44,11.68,11.44,11.65,25325,0
EDOC.US,D,20230613,000000,11.73,11.858,11.67,11.83,22768,0
EDOC.US,D,20230614,000000,11.8,11.83,11.59,11.67,10935,0
EDOC.US,D,20230615,000000,11.67,11.84,11.67,11.83,12069,0
EDOC.US,D,20230616,000000,11.85,11.85,11.6172,11.66,9718,0
EDOC.US,D,20230620,000000,11.55,11.5808,11.4112,11.55,8782,0
EDOC.US,D,20230621,000000,11.49,11.49,11.36,11.38,23958,0
EDOC.US,D,20230622,000000,11.35,11.46,11.13,11.4,81776,0
EDOC.US,D,20230623,000000,11.24,11.343,11.21,11.29,18562,0
EDOC.US,D,20230626,000000,11.285,11.33,11.2,11.285,17827,0
EDOC.US,D,20230627,000000,11.28,11.34,11.18,11.3,28958,0
EDOC.US,D,20230628,000000,11.28,11.5,11.256,11.5,4502,0
EDOC.US,D,20230629,000000,11.47,11.6111,11.43,11.54,19381,0
EDOC.US,D,20230630,000000,11.7,11.73,11.62,11.63,13104,0
EDOC.US,D,20230703,000000,11.57,11.64,11.53,11.54,10077,0
EDOC.US,D,20230705,000000,11.51,11.51,11.4,11.46,12735,0
EDOC.US,D,20230706,000000,11.22,11.32,11.12,11.17,32962,0
EDOC.US,D,20230707,000000,11.15,11.29,11.15,11.26,7344,0
EDOC.US,D,20230710,000000,11.23,11.54,11.162,11.54,16186,0
EDOC.US,D,20230711,000000,11.57,11.68,11.57,11.65,7377,0
EDOC.US,D,20230712,000000,11.8,11.8899,11.76,11.85,23647,0
EDOC.US,D,20230713,000000,11.97,11.99,11.87,11.99,6694,0
EDOC.US,D,20230714,000000,11.95,12.09,11.9,11.99,256862,0
EDOC.US,D,20230717,000000,11.97,12.099,11.95,12.065,17546,0
EDOC.US,D,20230718,000000,12,12.078,11.9001,11.93,27660,0
EDOC.US,D,20230719,000000,11.94,12.1,11.8702,11.93,207137,0
EDOC.US,D,20230720,000000,11.86,11.86,11.61,11.61,10641,0
EDOC.US,D,20230721,000000,11.73,11.76,11.645,11.76,6932,0
EDOC.US,D,20230724,000000,11.73,11.73,11.631,11.64,14361,0
EDOC.US,D,20230725,000000,11.6,11.73,11.53,11.6146,430373,0
EDOC.US,D,20230726,000000,11.6,11.91,11.6,11.9,20431,0
EDOC.US,D,20230727,000000,12,12,11.66,11.71,20723,0
EDOC.US,D,20230728,000000,11.84,12.02,11.81,12.02,8543,0
EDOC.US,D,20230731,000000,11.95,12.02,11.91,11.99,13262,0
EDOC.US,D,20230801,000000,11.93,11.93,11.74,11.79,216433,0
EDOC.US,D,20230802,000000,11.66,11.74,11.55,11.59,17293,0
EDOC.US,D,20230803,000000,11.65,11.65,11.427,11.49,20261,0
EDOC.US,D,20230804,000000,11.44,11.65,11.42,11.49,17888,0
EDOC.US,D,20230807,000000,11.51,11.51,11.39,11.415,5168,0
EDOC.US,D,20230808,000000,11.29,11.34,11.22,11.34,9116,0
EDOC.US,D,20230809,000000,11.19,11.19,11.055,11.08,8697,0
EDOC.US,D,20230810,000000,11.08,11.205,11,11.05,18326,0
EDOC.US,D,20230811,000000,10.91,10.91,10.82,10.9,7720,0
EDOC.US,D,20230814,000000,10.81,10.88,10.75,10.88,12265,0
EDOC.US,D,20230815,000000,10.79,10.82,10.73,10.75,4552,0
EDOC.US,D,20230816,000000,10.7,10.7,10.42,10.42,12505,0
EDOC.US,D,20230817,000000,10.38,10.38,10.2,10.21,48064,0
EDOC.US,D,20230818,000000,10.02,10.16,10,10.1,17251,0
EDOC.US,D,20230821,000000,10.12,10.17,10.06,10.15,15515,0
EDOC.US,D,20230822,000000,10.14,10.14,10.05,10.1,7503,0
EDOC.US,D,20230823,000000,10.05,10.16,10.05,10.12,11111,0
EDOC.US,D,20230824,000000,10.1,10.12,9.95,9.95,8668,0
EDOC.US,D,20230825,000000,10.03,10.09,9.96,10.07,5090,0
EDOC.US,D,20230828,000000,10.09,10.17,10.08,10.1,11486,0
EDOC.US,D,20230829,000000,10.09,10.35,10.04,10.35,12352,0
EDOC.US,D,20230830,000000,10.3,10.489,10.3,10.4,7996,0
EDOC.US,D,20230831,000000,10.41,10.43,10.24,10.36,10332,0
EDOC.US,D,20230901,000000,10.41,10.5,10.38,10.42,13095,0
EDOC.US,D,20230905,000000,10.4,10.4,10.24,10.26,6979,0
EDOC.US,D,20230906,000000,10.27,10.3,10.2298,10.28,8487,0
EDOC.US,D,20230907,000000,10.19,10.19,9.95,10,6856,0
EDOC.US,D,20230908,000000,9.98,9.98,9.837,9.86,4021,0
EDOC.US,D,20230911,000000,9.93,10.015,9.89,9.96,20284,0
EDOC.US,D,20230912,000000,9.92,9.92,9.8025,9.81,25218,0
EDOC.US,D,20230913,000000,9.75,9.87,9.73,9.79,18058,0
EDOC.US,D,20230914,000000,9.82,9.865,9.7,9.72,23066,0
EDOC.US,D,20230915,000000,9.71,9.72,9.55,9.64,20143,0
EDOC.US,D,20230918,000000,9.57,9.58,9.47,9.53,147009,0
EDOC.US,D,20230919,000000,9.4899,9.49,9.3701,9.47,9089,0
EDOC.US,D,20230920,000000,9.48,9.5178,9.38,9.39,10793,0
EDOC.US,D,20230921,000000,9.22,9.22,9.0881,9.12,3525,0
EDOC.US,D,20230922,000000,9.12,9.13,9.1,9.12,120199,0
EDOC.US,D,20230925,000000,9.005,9.0587,8.9601,9.05,105146,0
EDOC.US,D,20230926,000000,8.98,9.05,8.9373,8.98,9975,0
EDOC.US,D,20230927,000000,8.98,9.07,8.9001,9.01,9889,0
EDOC.US,D,20230928,000000,9.04,9.1661,9.0251,9.12,3696,0
EDOC.US,D,20230929,000000,9.22,9.2494,9.1,9.18,7017,0
EDOC.US,D,20231002,000000,9.1,9.14,9.021,9.06,9297,0
EDOC.US,D,20231003,000000,9.02,9.02,8.9,8.9,18467,0
EDOC.US,D,20231004,000000,8.91,8.92,8.84,8.9,4359,0
EDOC.US,D,20231005,000000,8.9,8.92,8.78,8.92,9178,0
EDOC.US,D,20231006,000000,8.8199,8.97,8.8,8.92,17863,0
EDOC.US,D,20231009,000000,8.81,8.9,8.769,8.9,13348,0
EDOC.US,D,20231010,000000,8.9,9.19,8.86,9.12,26424,0
EDOC.US,D,20231011,000000,9.18,9.18,8.89,9.02,19029,0
EDOC.US,D,20231012,000000,8.96,8.96,8.62,8.64,8585,0
EDOC.US,D,20231013,000000,8.624,8.65,8.59,8.65,42929,0
EDOC.US,D,20231016,000000,8.63,8.7199,8.62,8.71,11942,0
EDOC.US,D,20231017,000000,8.56,8.88,8.56,8.74,8413,0
EDOC.US,D,20231018,000000,8.66,8.66,8.5215,8.53,8845,0
EDOC.US,D,20231019,000000,8.53,8.58,8.4501,8.48,6507,0
EDOC.US,D,20231020,000000,8.4995,8.54,8.43,8.45,14192,0
EDOC.US,D,20231023,000000,8.41,8.48,8.36,8.37,13219,0
EDOC.US,D,20231024,000000,8.4,8.55,8.37,8.44,8491,0
EDOC.US,D,20231025,000000,8.3,8.3,8.14,8.2,324305,0
EDOC.US,D,20231026,000000,8.18,8.22,8.101,8.16,309983,0
EDOC.US,D,20231027,000000,8.25,8.25,8.1,8.11,9205,0
EDOC.US,D,20231030,000000,8.18,8.18,8.0343,8.09,4548,0
EDOC.US,D,20231031,000000,8.07,8.1812,8.02,8.16,21140,0
EDOC.US,D,20231101,000000,8.17,8.18,8.0655,8.18,3762,0
EDOC.US,D,20231102,000000,8.17,8.2996,8.17,8.26,15856,0
EDOC.US,D,20231103,000000,8.42,8.68,8.42,8.65,19328,0
EDOC.US,D,20231106,000000,8.67,8.78,8.43,8.45,76904,0
EDOC.US,D,20231107,000000,8.4,8.52,8.4,8.49,16334,0
EDOC.US,D,20231108,000000,8.5,8.5,8.2905,8.35,10202,0
EDOC.US,D,20231109,000000,8.37,8.37,8.11,8.11,16229,0
EDOC.US,D,20231110,000000,8.1,8.2089,8.0357,8.17,5587,0
EDOC.US,D,20231113,000000,8.17,8.28,8.14,8.24,68340,0
EDOC.US,D,20231114,000000,8.45,8.72,8.45,8.7,43227,0
EDOC.US,D,20231115,000000,8.71,8.97,8.68,8.8,22112,0
EDOC.US,D,20231116,000000,8.74,8.74,8.64,8.66,3819,0
EDOC.US,D,20231117,000000,8.71,8.79,8.67,8.76,7822,0
EDOC.US,D,20231120,000000,8.83,8.972,8.78,8.97,8827,0
EDOC.US,D,20231121,000000,8.9,8.92,8.79,8.8,20852,0
EDOC.US,D,20231122,000000,8.87,8.9999,8.82,8.92,26784,0
EDOC.US,D,20231124,000000,8.91,9.03,8.871,9,414767,0
EDOC.US,D,20231127,000000,8.98,9.0688,8.92,8.93,14019,0
EDOC.US,D,20231128,000000,8.95,9,8.8552,8.99,14821,0
EDOC.US,D,20231129,000000,8.99,9.2,8.97,9.02,25271,0
EDOC.US,D,20231130,000000,9,9.02,8.87,8.92,30985,0
EDOC.US,D,20231201,000000,8.9,9.15,8.75,9.15,11927,0
EDOC.US,D,20231204,000000,9.1,9.29,9.061,9.24,51343,0
EDOC.US,D,20231205,000000,9.17,9.18,8.98,9.03,38565,0
EDOC.US,D,20231206,000000,9.12,9.26,9.09,9.12,138796,0
EDOC.US,D,20231207,000000,9.14,9.19,9.14,9.18,36673,0
EDOC.US,D,20231208,000000,9.12,9.2,9.08,9.11,22987,0
EDOC.US,D,20231211,000000,9.11,9.17,9.08,9.14,12879,0
EDOC.US,D,20231212,000000,9.11,9.2,9,9.18,42231,0
EDOC.US,D,20231213,000000,9.16,9.53,9.1,9.53,40225,0
EDOC.US,D,20231214,000000,9.72,9.99,9.66,9.95,19242,0
EDOC.US,D,20231215,000000,9.94,9.95,9.75,9.76,31849,0
EDOC.US,D,20231218,000000,9.75,9.78,9.6661,9.69,39440,0
EDOC.US,D,20231219,000000,9.68,10.03,9.68,10.01,32994,0
EDOC.US,D,20231220,000000,9.97,10.05,9.75,9.75,27369,0
EDOC.US,D,20231221,000000,9.82,10.05,9.82,10.04,113760,0
EDOC.US,D,20231222,000000,10.06,10.12,9.971,10.06,28216,0
EDOC.US,D,20231226,000000,10.05,10.1999,10,10.15,22735,0
EDOC.US,D,20231227,000000,10.16,10.215,10.1,10.17,228955,0
EDOC.US,D,20231228,000000,10.17,10.2957,10.15,10.27,15612,0
EDOC.US,D,20231229,000000,10.25,10.25,10.0972,10.12,15730,0
EDOC.US,D,20240102,000000,9.99,10.205,9.93,9.98,12721,0
EDOC.US,D,20240103,000000,9.87,9.87,9.65,9.73,8168,0
EDOC.US,D,20240104,000000,9.57,9.66,9.4301,9.6,87870,0
EDOC.US,D,20240105,000000,9.52,9.625,9.39,9.61,23929,0
EDOC.US,D,20240108,000000,9.54,9.84,9.54,9.81,16095,0
EDOC.US,D,20240109,000000,9.73,9.88,9.73,9.77,255548,0
EDOC.US,D,20240110,000000,9.77,9.8,9.615,9.73,81066,0
EDOC.US,D,20240111,000000,9.71,9.75,9.53,9.66,22158,0
EDOC.US,D,20240112,000000,9.72,9.76,9.57,9.59,25218,0
EDOC.US,D,20240116,000000,9.44,9.48,9.31,9.46,20771,0
EDOC.US,D,20240117,000000,9.3,9.32,9.19,9.29,21286,0
EDOC.US,D,20240118,000000,9.29,9.359,9.25,9.35,15534,0
EDOC.US,D,20240119,000000,9.35,9.439,9.25,9.41,29624,0
EDOC.US,D,20240122,000000,9.37,9.6027,9.37,9.58,19504,0
EDOC.US,D,20240123,000000,9.64,9.67,9.52,9.63,13246,0
EDOC.US,D,20240124,000000,9.68,9.73,9.55,9.57,18214,0
EDOC.US,D,20240125,000000,9.71,9.71,9.54,9.6,37397,0
EDOC.US,D,20240126,000000,9.61,9.6704,9.5671,9.58,7499,0
EDOC.US,D,20240129,000000,9.53,9.74,9.48,9.74,12584,0
EDOC.US,D,20240130,000000,9.67,9.67,9.48,9.48,7505,0
EDOC.US,D,20240131,000000,9.42,9.56,9.34,9.34,8035,0
EDOC.US,D,20240201,000000,9.41,9.5687,9.32,9.53,10361,0
EDOC.US,D,20240202,000000,9.49,9.53,9.3837,9.51,12139,0
EDOC.US,D,20240205,000000,9.48,9.48,9.31,9.33,23528,0
EDOC.US,D,20240206,000000,9.37,9.63,9.33,9.58,21464,0
EDOC.US,D,20240207,000000,9.59,9.59,9.46,9.46,7260,0
EDOC.US,D,20240208,000000,9.52,9.63,9.43,9.6,44798,0
EDOC.US,D,20240209,000000,9.56,9.63,9.505,9.6,24721,0
EDOC.US,D,20240212,000000,9.57,9.855,9.57,9.82,17266,0
EDOC.US,D,20240213,000000,9.58,9.5899,9.37,9.44,26210,0
EDOC.US,D,20240214,000000,9.53,9.65,9.518,9.65,11652,0
EDOC.US,D,20240215,000000,9.73,9.8739,9.69,9.84,10826,0
EDOC.US,D,20240216,000000,9.77,9.8207,9.66,9.66,8112,0
EDOC.US,D,20240220,000000,9.63,9.63,9.45,9.48,34000,0
EDOC.US,D,20240221,000000,9.38,9.38,9.22,9.34,7561,0
EDOC.US,D,20240222,000000,9.38,9.38,9.24,9.29,13939,0
EDOC.US,D,20240223,000000,9.3,9.3,9.15,9.2,8581,0
EDOC.US,D,20240226,000000,9.31,9.505,9.31,9.4,26983,0
EDOC.US,D,20240227,000000,9.47,9.69,9.45,9.62,12206,0
EDOC.US,D,20240228,000000,9.55,9.6199,9.48,9.57,323452,0
EDOC.US,D,20240229,000000,9.65,9.6783,9.5,9.51,59656,0
EDOC.US,D,20240301,000000,9.51,9.6299,9.42,9.55,75751,0
EDOC.US,D,20240304,000000,9.58,9.58,9.4114,9.5,15791,0
EDOC.US,D,20240305,000000,9.42,9.42,9.25,9.29,5455,0
EDOC.US,D,20240306,000000,9.4,9.43,9.31,9.37,9597,0
EDOC.US,D,20240307,000000,9.5,9.64,9.45,9.59,359420,0
EDOC.US,D,20240308,000000,9.66,9.74,9.555,9.6,5825,0
EDOC.US,D,20240311,000000,9.56,9.65,9.46,9.55,587741,0
EDOC.US,D,20240312,000000,9.55,9.6,9.4113,9.46,4487,0
EDOC.US,D,20240313,000000,9.44,9.54,9.3,9.46,282300,0
EDOC.US,D,20240314,000000,9.38,9.38,9.1305,9.18,14527,0
EDOC.US,D,20240315,000000,9.22,9.25,9.15,9.25,11302,0
EDOC.US,D,20240318,000000,9.27,9.369,9.2105,9.32,9893,0
EDOC.US,D,20240319,000000,9.24,9.4,9.24,9.36,7069,0
EDOC.US,D,20240320,000000,9.37,9.5,9.2701,9.48,11693,0
EDOC.US,D,20240321,000000,9.6,9.6,9.51,9.51,4945,0
EDOC.US,D,20240322,000000,9.45,9.455,9.2801,9.31,7425,0
EDOC.US,D,20240325,000000,9.39,9.45,9.325,9.33,5098,0
EDOC.US,D,20240326,000000,9.41,9.41,9.36,9.37,11251,0
EDOC.US,D,20240327,000000,9.45,9.52,9.38,9.52,12538,0
EDOC.US,D,20240328,000000,9.53,9.62,9.5,9.51,10464,0
EDOC.US,D,20240401,000000,9.56,9.56,9.35,9.43,13284,0
EDOC.US,D,20240402,000000,9.24,9.27,9.09,9.11,13575,0
EDOC.US,D,20240403,000000,9.04,9.1622,9.001,9.14,11727,0
EDOC.US,D,20240404,000000,9.22,9.2386,8.99,9,6481,0
EDOC.US,D,20240405,000000,8.995,9.16,8.995,9.07,51156,0
EDOC.US,D,20240408,000000,9.14,9.2,9.105,9.2,17635,0
EDOC.US,D,20240409,000000,9.24,9.34,9.17,9.31,23775,0
EDOC.US,D,20240410,000000,9.07,9.157,9.06,9.13,8975,0
EDOC.US,D,20240411,000000,9.2,9.24,9.0753,9.21,11810,0
EDOC.US,D,20240412,000000,9.06,9.06,8.8589,8.94,13856,0
EDOC.US,D,20240415,000000,8.97,8.97,8.67,8.73,15086,0
EDOC.US,D,20240416,000000,8.58,8.59,8.492,8.56,8817,0
EDOC.US,D,20240417,000000,8.62,8.63,8.5,8.55,8008,0
EDOC.US,D,20240418,000000,8.48,8.6324,8.48,8.56,20064,0
EDOC.US,D,20240419,000000,8.5,8.5959,8.411,8.455,78586,0
EDOC.US,D,20240422,000000,8.51,8.64,8.47,8.64,17066,0
EDOC.US,D,20240423,000000,8.61,8.86,8.56,8.81,26171,0
EDOC.US,D,20240424,000000,8.82,8.84,8.71,8.76,12880,0
EDOC.US,D,20240425,000000,8.67,8.7,8.585,8.68,6171,0
EDOC.US,D,20240426,000000,8.78,8.8,8.73,8.77,12143,0
EDOC.US,D,20240429,000000,8.97,8.97,8.9,8.92,7462,0
EDOC.US,D,20240430,000000,8.81,8.89,8.78,8.8,9213,0
EDOC.US,D,20240501,000000,8.81,9,8.73,8.88,4152,0
EDOC.US,D,20240502,000000,9,9.059,8.85,9.01,4710,0
EDOC.US,D,20240503,000000,9.17,9.34,9.17,9.215,6860,0
EDOC.US,D,20240506,000000,9.25,9.3,9.23,9.28,149404,0
EDOC.US,D,20240507,000000,9.41,9.41,9.29,9.34,7721,0
EDOC.US,D,20240508,000000,9.105,9.105,9.01,9.08,3991,0
EDOC.US,D,20240509,000000,9.08,9.2006,9.08,9.2006,14875,0
EDOC.US,D,20240510,000000,9.21,9.21,9.04,9.06,14720,0
EDOC.US,D,20240513,000000,9.121,9.27,9.12,9.26,9059,0
EDOC.US,D,20240514,000000,9.27,9.42,9.26,9.34,8448,0
EDOC.US,D,20240515,000000,9.45,9.465,9.379,9.43,7048,0
EDOC.US,D,20240516,000000,9.46,9.5181,9.4,9.51,6938,0
EDOC.US,D,20240517,000000,9.5,9.51,9.4301,9.48,15891,0
EDOC.US,D,20240520,000000,9.51,9.6091,9.47,9.54,9354,0
EDOC.US,D,20240521,000000,9.41,9.445,9.36,9.39,8671,0
EDOC.US,D,20240522,000000,9.33,9.39,9.3,9.33,16837,0
EDOC.US,D,20240523,000000,9.33,9.33,9.03,9.11,11236,0
EDOC.US,D,20240524,000000,9.15,9.21,9.11,9.21,7454,0
EDOC.US,D,20240528,000000,9.27,9.3,9.15,9.28,45520,0
EDOC.US,D,20240529,000000,9.13,9.18,9.09,9.17,4874,0
EDOC.US,D,20240530,000000,9.08,9.23,9.06,9.11,12157,0
EDOC.US,D,20240531,000000,9.14,9.14,8.969,9.06,6503,0
EDOC.US,D,20240603,000000,9.12,9.195,9.05,9.09,9067,0
EDOC.US,D,20240604,000000,8.99,9.16,8.99,9.15,15208,0
EDOC.US,D,20240605,000000,9.2,9.3413,9.2,9.3,3804,0
EDOC.US,D,20240606,000000,9.29,9.41,9.29,9.41,6490,0
EDOC.US,D,20240607,000000,9.27,9.31,9.23,9.3,64367,0
EDOC.US,D,20240610,000000,9.25,9.292,9.2,9.29,10891,0
EDOC.US,D,20240611,000000,9.23,9.2731,9.15,9.22,8767,0
EDOC.US,D,20240612,000000,9.42,9.45,9.24,9.26,9913,0
EDOC.US,D,20240613,000000,9.28,9.28,9.1401,9.18,14537,0
EDOC.US,D,20240614,000000,9.101,9.18,9.08,9.18,4452,0
EDOC.US,D,20240617,000000,9.13,9.19,9.09,9.16,13608,0
EDOC.US,D,20240618,000000,9.11,9.24,9.06,9.12,31351,0
EDOC.US,D,20240620,000000,9.11,9.118,9.001,9.08,26280,0
EDOC.US,D,20240621,000000,9.06,9.09,9.01,9.04,12255,0
EDOC.US,D,20240624,000000,9.03,9.12,8.9,8.95,7972,0
EDOC.US,D,20240625,000000,8.93,8.97,8.87,8.88,21251,0
EDOC.US,D,20240626,000000,8.76,8.88,8.76,8.85,25551,0
EDOC.US,D,20240627,000000,8.77,8.86,8.77,8.86,4255,0
EDOC.US,D,20240628,000000,8.86,8.86,8.71,8.75,16886,0
EDOC.US,D,20240701,000000,8.77,8.85,8.6,8.68,6716,0
EDOC.US,D,20240702,000000,8.62,8.6239,8.53,8.54,33506,0
EDOC.US,D,20240703,000000,8.62,8.66,8.55,8.65,9414,0
EDOC.US,D,20240705,000000,8.58,8.65,8.54,8.64,8363,0
EDOC.US,D,20240708,000000,8.7,8.7,8.6301,8.64,4434,0
EDOC.US,D,20240709,000000,8.63,8.64,8.5101,8.55,11785,0
EDOC.US,D,20240710,000000,8.61,8.62,8.51,8.62,14041,0
EDOC.US,D,20240711,000000,8.69,8.91,8.65,8.84,35517,0
EDOC.US,D,20240712,000000,8.95,9.05,8.87,8.93,11486,0
EDOC.US,D,20240715,000000,8.94,9.02,8.86,8.97,11716,0
EDOC.US,D,20240716,000000,9.03,9.36,8.97,9.31,21183,0
EDOC.US,D,20240717,000000,9.27,9.4399,9.23,9.23,8811,0
EDOC.US,D,20240718,000000,9.16,9.28,8.91,8.91,12439,0
EDOC.US,D,20240719,000000,8.96,8.98,8.88,8.98,12414,0
EDOC.US,D,20240722,000000,9.03,9.14,8.95,9.14,7451,0
EDOC.US,D,20240723,000000,9.07,9.24,9,9.15,15375,0
EDOC.US,D,20240724,000000,9.08,9.18,9.08,9.17,11232,0
EDOC.US,D,20240725,000000,9.1,9.3399,9.07,9.12,18511,0
EDOC.US,D,20240726,000000,9.13,9.13,9.01,9.05,8955,0
EDOC.US,D,20240729,000000,9.09,9.11,8.98,9.08,13870,0
EDOC.US,D,20240730,000000,9.08,9.18,9.05,9.1,11977,0
EDOC.US,D,20240731,000000,9.25,9.25,9.07,9.16,15664,0
EDOC.US,D,20240801,000000,9.1,9.29,9.06,9.06,5538,0
EDOC.US,D,20240802,000000,8.92,8.95,8.84,8.95,6152,0
EDOC.US,D,20240805,000000,8.53,8.87,8.5,8.69,8086,0
EDOC.US,D,20240806,000000,8.76,8.9931,8.69,8.88,11209,0
EDOC.US,D,20240807,000000,8.98,8.98,8.67,8.67,9898,0
EDOC.US,D,20240808,000000,8.73,8.94,8.7132,8.94,4986,0
EDOC.US,D,20240809,000000,9.1,9.1,9,9.06,14539,0
EDOC.US,D,20240812,000000,9.04,9.04,8.93,8.975,9770,0
EDOC.US,D,20240813,000000,8.98,9.11,8.94,9.07,14456,0
EDOC.US,D,20240814,000000,9.1,9.1,8.95,9.02,4413,0
EDOC.US,D,20240815,000000,9.05,9.17,9.05,9.13,8893,0
EDOC.US,D,20240816,000000,9.15,9.24,9.13,9.23,14097,0
EDOC.US,D,20240819,000000,9.24,9.349,9.21,9.34,19248,0
EDOC.US,D,20240820,000000,9.2319,9.2319,9.14,9.14,2597,0
EDOC.US,D,20240821,000000,9.18,9.23,9.14,9.2,10819,0
EDOC.US,D,20240822,000000,9.25,9.261,9.2,9.26,8057,0
EDOC.US,D,20240823,000000,9.27,9.41,9.27,9.39,6763,0
EDOC.US,D,20240826,000000,9.39,9.43,9.33,9.33,8900,0
EDOC.US,D,20240827,000000,9.33,9.4294,9.29,9.41,4065,0
EDOC.US,D,20240828,000000,9.3,9.41,9.29,9.29,5151,0
EDOC.US,D,20240829,000000,9.37,9.48,9.36,9.48,2848,0
EDOC.US,D,20240830,000000,9.49,9.5,9.358,9.37,3943,0
EDOC.US,D,20240903,000000,9.35,9.39,9.23,9.255,8012,0
EDOC.US,D,20240904,000000,9.2,9.35,9.17,9.17,12647,0
EDOC.US,D,20240905,000000,9.24,9.3,9.13,9.3,44051,0
EDOC.US,D,20240906,000000,9.27,9.27,9.05,9.08,4812,0
EDOC.US,D,20240909,000000,9.15,9.21,9.12,9.21,59409,0
EDOC.US,D,20240910,000000,9.13,9.2,9.0704,9.17,3150,0
EDOC.US,D,20240911,000000,9.19,9.349,9.075,9.33,5182,0
EDOC.US,D,20240912,000000,9.28,9.422,9.22,9.36,2636,0
EDOC.US,D,20240913,000000,9.42,9.54,9.42,9.5,8174,0
EDOC.US,D,20240916,000000,9.55,9.59,9.52,9.56,10107,0
EDOC.US,D,20240917,000000,9.7,9.75,9.641,9.66,13859,0
EDOC.US,D,20240918,000000,9.63,9.716,9.55,9.56,6311,0
EDOC.US,D,20240919,000000,9.83,9.83,9.7537,9.79,5570,0
EDOC.US,D,20240920,000000,9.75,9.75,9.63,9.67,14436,0
EDOC.US,D,20240923,000000,9.72,9.72,9.62,9.71,4373,0
EDOC.US,D,20240924,000000,9.681,9.81,9.681,9.81,8411,0
EDOC.US,D,20240925,000000,9.7799,9.7799,9.6,9.6,2487,0
EDOC.US,D,20240926,000000,9.83,9.88,9.73,9.88,14001,0
EDOC.US,D,20240927,000000,9.89,9.96,9.84,9.84,47857,0
EDOC.US,D,20240930,000000,9.98,10.11,9.96,10.02,14527,0
EDOC.US,D,20241001,000000,9.91,9.97,9.8319,9.97,7484,0
EDOC.US,D,20241002,000000,9.97,10.09,9.93,10.09,4626,0
EDOC.US,D,20241003,000000,9.76,9.8,9.72,9.74,3514,0
EDOC.US,D,20241004,000000,9.85,9.89,9.8,9.85,4495,0
EDOC.US,D,20241007,000000,9.9,9.9,9.82,9.9,3285,0
EDOC.US,D,20241008,000000,9.65,9.74,9.612,9.66,140886,0
EDOC.US,D,20241009,000000,9.59,9.68,9.59,9.63,15191,0
EDOC.US,D,20241010,000000,9.59,9.59,9.46,9.58,265305,0
EDOC.US,D,20241011,000000,9.54,9.7,9.54,9.66,79668,0
EDOC.US,D,20241014,000000,9.67,9.72,9.57,9.7121,2231,0
EDOC.US,D,20241015,000000,9.74,9.79,9.702,9.75,450418,0
EDOC.US,D,20241016,000000,9.7,9.78,9.681,9.74,27203,0
EDOC.US,D,20241017,000000,9.5813,9.6,9.54,9.54,13830,0
EDOC.US,D,20241018,000000,9.65,9.69,9.58,9.69,3487,0
EDOC.US,D,20241021,000000,9.64,9.64,9.49,9.52,2886,0
EDOC.US,D,20241022,000000,9.52,9.6,9.52,9.6,5759,0
EDOC.US,D,20241023,000000,9.4801,9.4801,9.369,9.4,2340,0
EDOC.US,D,20241024,000000,9.4,9.505,9.37,9.37,5283,0
EDOC.US,D,20241025,000000,9.52,9.53,9.41,9.41,4886,0
EDOC.US,D,20241028,000000,9.53,9.63,9.38,9.555,9765,0
EDOC.US,D,20241029,000000,9.55,9.55,9.514,9.55,4980,0
EDOC.US,D,20241030,000000,9.48,9.6973,9.48,9.56,6345,0
EDOC.US,D,20241031,000000,9.52,9.52,9.42,9.42,5893,0
EDOC.US,D,20241101,000000,9.43,9.6,9.43,9.56,8198,0
EDOC.US,D,20241104,000000,9.6,9.7,9.6,9.63,8609,0
