<TICKER>,<PER>,<DATE>,<TIME>,<OPEN>,<HIGH>,<LOW>,<CLOSE>,<VOL>,<OPENINT>
EMXF.US,D,20201014,000000,35.5221,35.5221,35.4505,35.4505,398.1616844436,0
EMXF.US,D,20201016,000000,35.2983,35.2983,35.2983,35.2983,113.6168442983,0
EMXF.US,D,20201019,000000,35.4157,35.4157,35.4157,35.4157,161.8788666551,0
EMXF.US,D,20201023,000000,35.9985,35.9985,35.9985,35.9985,380.0634260598,0
EMXF.US,D,20201026,000000,35.6494,35.6494,35.548,35.548,1468.9753054851,0
EMXF.US,D,20201027,000000,35.7071,35.7071,35.6593,35.6593,194.0535482263,0
EMXF.US,D,20201028,000000,35.1332,35.1332,34.8706,34.8706,1925.4536002765,0
EMXF.US,D,20201029,000000,35.1332,35.2416,35.1034,35.2416,1132.1466077866,0
EMXF.US,D,20201102,000000,35.2983,35.357,35.2983,35.357,702.8157005709,0
EMXF.US,D,20201104,000000,36.8349,36.8349,36.8349,36.8349,143.7806082713,0
EMXF.US,D,20201105,000000,37.3889,37.3889,37.3889,37.3889,275.4957109534,0
EMXF.US,D,20201106,000000,37.4088,37.7042,37.4088,37.7042,629.4172082366,0
EMXF.US,D,20201110,000000,38.0224,38.0224,37.6913,37.6913,3248.6373798921,0
EMXF.US,D,20201111,000000,37.7211,37.7211,37.7211,37.7211,1092.9337146217,0
EMXF.US,D,20201112,000000,37.8166,37.9538,37.8166,37.9051,3822.7543541782,0
EMXF.US,D,20201113,000000,38.0413,38.111,38.0294,38.111,559.0350922996,0
EMXF.US,D,20201118,000000,38.9076,38.9076,38.5177,38.5177,3600.5479595771,0
EMXF.US,D,20201119,000000,38.4302,38.5138,38.4302,38.5138,762.1377697178,0
EMXF.US,D,20201123,000000,38.9752,39.0319,38.9663,39.0319,1649.9578893231,0
EMXF.US,D,20201124,000000,39.394,39.5302,39.394,39.5143,3103.8513128217,0
EMXF.US,D,20201125,000000,39.1016,39.1016,38.9464,39.014,1304.0800624327,0
EMXF.US,D,20201130,000000,38.9265,38.9265,38.5068,38.5068,4011.780608409,0
EMXF.US,D,20201201,000000,39.0817,39.394,39.0717,39.394,968.2568235333,0
EMXF.US,D,20201202,000000,38.9842,39.3064,38.9842,39.3064,1095.950091019,0
EMXF.US,D,20201203,000000,39.5591,39.569,39.5591,39.569,221.200935802,0
EMXF.US,D,20201207,000000,40.0941,40.0941,40.0941,40.0941,301.63763973,0
EMXF.US,D,20201208,000000,40.0255,40.0255,40.0255,40.0255,813.4161684719,0
EMXF.US,D,20201209,000000,40.2304,40.2304,39.8206,39.8962,413.2435664301,0
EMXF.US,D,20201210,000000,39.7729,40.2195,39.7729,40.2195,281.528463748,0
EMXF.US,D,20201211,000000,40.0255,40.0255,40.0255,40.0255,500.7184819518,0
EMXF.US,D,20201214,000000,39.9768,39.9768,39.9768,39.9768,943.1203535558,0
EMXF.US,D,20201215,000000,40.0066,40.0066,40.0066,40.0066,293.5939693372,0
EMXF.US,D,20201216,000000,40.3965,40.3965,40.0941,40.3477,506.7512347464,0
EMXF.US,D,20201217,000000,40.6312,40.6312,40.6312,40.6312,487.6475175635,0
EMXF.US,D,20201218,000000,40.5138,40.5138,40.2314,40.4363,2366.8500130814,0
EMXF.US,D,20201221,000000,39.752,40.2214,39.7431,40.0623,1978.7429166288,0
EMXF.US,D,20201222,000000,39.9867,39.9867,39.7132,39.9181,1515.2264102437,0
EMXF.US,D,20201223,000000,40.1628,40.309,40.1628,40.2204,3469.8383156941,0
EMXF.US,D,20201224,000000,40.113,40.113,39.8883,39.9698,939.0985183594,0
EMXF.US,D,20201229,000000,40.3676,40.5815,40.2901,40.5536,6091.0694049478,0
EMXF.US,D,20201230,000000,41.0121,41.0121,41.0121,41.0121,470.5547179788,0
EMXF.US,D,20201231,000000,40.9336,40.9932,40.9047,40.9873,3507.0402912608,0
EMXF.US,D,20210104,000000,41.5502,41.5701,41.3533,41.3533,732.9794645439,0
EMXF.US,D,20210105,000000,41.5104,42.0564,41.5104,42.0027,669.6355602006,0
EMXF.US,D,20210106,000000,42.0186,42.1748,41.9102,41.9102,3634.7335587465,0
EMXF.US,D,20210107,000000,42.2384,42.2901,42.2384,42.2901,315.7140629174,0
EMXF.US,D,20210108,000000,43.2489,43.2887,42.9754,42.9754,2820.3119314755,0
EMXF.US,D,20210111,000000,42.7506,42.9366,42.7506,42.8839,1781.6729920052,0
EMXF.US,D,20210112,000000,42.9068,43.1972,42.9068,43.1972,1027.5788926802,0
EMXF.US,D,20210113,000000,43.2688,43.5125,43.1902,43.3146,1824.9077203665,0
EMXF.US,D,20210114,000000,43.6388,43.8437,43.6388,43.776,1807.8149207818,0
EMXF.US,D,20210115,000000,43.1505,43.1505,43.0281,43.0281,2249.2113335867,0
EMXF.US,D,20210119,000000,44.0406,44.0406,43.7731,43.7731,1716.3181700637,0
EMXF.US,D,20210120,000000,44.509,44.6453,44.509,44.6324,931.0548479666,0
EMXF.US,D,20210121,000000,44.8502,44.8502,44.519,44.7527,1789.716662398,0
EMXF.US,D,20210122,000000,44.147,44.4991,44.0983,44.4991,1432.7787887175,0
EMXF.US,D,20210125,000000,44.9089,44.9089,44.4404,44.6572,8116.0634263352,0
EMXF.US,D,20210126,000000,44.3042,44.324,44.2256,44.324,2383.9428126661,0
EMXF.US,D,20210127,000000,43.3951,43.6099,43.1803,43.2101,6615.918898078,0
EMXF.US,D,20210128,000000,43.1604,43.5712,43.0052,43.4956,2014.9394333964,0
EMXF.US,D,20210129,000000,42.7705,42.7705,42.2524,42.5557,3745.3340266475,0
EMXF.US,D,20210201,000000,43.1902,43.3076,43.1703,43.2101,1780.6675332061,0
EMXF.US,D,20210202,000000,43.9909,44.0515,43.9391,44.0515,2317.5825319255,0
EMXF.US,D,20210203,000000,44.1371,44.3917,44.1371,44.323,1033.6116454748,0
EMXF.US,D,20210204,000000,44.0108,44.1271,44.0008,44.0923,4793.0220953097,0
EMXF.US,D,20210205,000000,44.2843,44.3817,44.1957,44.3817,2693.6241227889,0
EMXF.US,D,20210208,000000,44.4891,44.4891,44.1957,44.2355,9718.7647521006,0
EMXF.US,D,20210209,000000,44.6353,45.1237,44.5777,45.0948,3840.852612562,0
EMXF.US,D,20210210,000000,45.4758,45.4758,45.2341,45.2609,4213.8778270281,0
EMXF.US,D,20210211,000000,45.612,45.9541,45.612,45.798,1921.4317650801,0
EMXF.US,D,20210212,000000,45.5742,45.974,45.241,45.8219,3143.0642059866,0
EMXF.US,D,20210216,000000,45.9343,46.0327,45.794,45.8378,8916.4086304188,0
EMXF.US,D,20210217,000000,45.7294,45.9442,45.5245,45.9442,9659.4426829537,0
EMXF.US,D,20210218,000000,45.0262,45.056,45.0262,45.056,4742.7491553547,0
EMXF.US,D,20210219,000000,45.4171,45.622,45.4171,45.4698,944.1258123549,0
EMXF.US,D,20210222,000000,44.3917,44.6254,44.3042,44.3042,2730.8260983556,0
EMXF.US,D,20210223,000000,44.0893,44.5011,43.9133,44.5011,3834.8198597674,0
EMXF.US,D,20210224,000000,43.7671,44.0983,43.6885,44.0694,1641.9142189303,0
EMXF.US,D,20210225,000000,43.9033,43.9033,43.1495,43.1495,1921.4317650801,0
EMXF.US,D,20210226,000000,42.4871,42.6333,42.4871,42.5458,1109.0210554073,0
EMXF.US,D,20210301,000000,43.6587,43.7074,43.5015,43.5015,1686.1544060907,0
EMXF.US,D,20210302,000000,43.2191,43.2191,43.1286,43.1286,735.9958409412,0
EMXF.US,D,20210303,000000,43.5025,43.5025,43.2509,43.2509,1082.8791266307,0
EMXF.US,D,20210304,000000,43.0152,43.0341,42.125,42.1658,3485.9256564797,0
EMXF.US,D,20210305,000000,42.2235,42.4811,42.2066,42.4811,521.8331167329,0
EMXF.US,D,20210308,000000,41.6467,41.6954,41.4129,41.4129,1728.3836756529,0
EMXF.US,D,20210309,000000,41.7252,42.2335,41.7252,42.0037,3163.1733819686,0
EMXF.US,D,20210310,000000,42.125,42.2335,42.1062,42.2335,1299.0527684372,0
EMXF.US,D,20210311,000000,43.2787,43.5901,43.2101,43.5702,7649.5305435528,0
EMXF.US,D,20210312,000000,42.7904,42.9068,42.7705,42.9068,5022.2667015045,0
EMXF.US,D,20210315,000000,42.9366,42.9953,42.9366,42.9953,1141.1957369785,0
EMXF.US,D,20210316,000000,43.2887,43.2976,43.1902,43.237,744.039511334,0
EMXF.US,D,20210317,000000,42.682,43.3752,42.6651,43.2827,2125.5399012974,0
EMXF.US,D,20210318,000000,42.9366,42.9366,42.5458,42.5458,705.8320769682,0
EMXF.US,D,20210319,000000,42.6432,43.0082,42.6432,43.0082,6025.7145830063,0
EMXF.US,D,20210322,000000,42.8869,43.1117,42.8869,43.0142,1383.5113075616,0
EMXF.US,D,20210323,000000,42.3309,42.3787,42.3309,42.3787,518.8167403356,0
EMXF.US,D,20210324,000000,41.6079,41.774,41.3334,41.3334,2805.230049489,0
EMXF.US,D,20210325,000000,41.3443,41.7153,41.3443,41.6566,22707.281518874,0
EMXF.US,D,20210326,000000,41.9898,42.5587,41.9898,42.5587,285.5502989444,0
EMXF.US,D,20210329,000000,42.2235,42.2235,41.9987,42.1559,1243.7525344867,0
EMXF.US,D,20210330,000000,42.502,42.502,42.4463,42.4463,716.8921237583,0
EMXF.US,D,20210331,000000,42.7019,42.7805,42.7019,42.7258,941.1094359576,0
EMXF.US,D,20210401,000000,43.1703,43.2976,43.1703,43.1703,2856.5084482431,0
EMXF.US,D,20210405,000000,43.414,43.415,43.2489,43.3066,10451.744216644,0
EMXF.US,D,20210406,000000,43.6587,43.6587,43.3872,43.3872,3194.3426047407,0
EMXF.US,D,20210407,000000,42.9854,42.9854,42.9854,42.9854,432.347283613,0
EMXF.US,D,20210408,000000,43.424,43.424,43.2469,43.2469,6640.0499092564,0
EMXF.US,D,20210409,000000,42.8382,42.9555,42.8382,42.9177,8258.8385758074,0
EMXF.US,D,20210412,000000,42.4871,42.507,42.3797,42.3986,5620.514686969,0
EMXF.US,D,20210413,000000,42.312,42.5368,42.312,42.5368,954.1804003459,0
EMXF.US,D,20210414,000000,43.0052,43.2976,42.7785,42.7785,6400.7507150706,0
EMXF.US,D,20210415,000000,43.1216,43.3951,43.1216,43.226,3501.0075384662,0
EMXF.US,D,20210416,000000,43.3563,43.3742,43.3563,43.3563,2509.6251625536,0
EMXF.US,D,20210419,000000,43.3653,43.4339,43.2688,43.2748,3576.4169483987,0
EMXF.US,D,20210420,000000,43.3752,43.3752,43.0957,43.1325,1522.2646218374,0
EMXF.US,D,20210421,000000,42.9068,43.4438,42.9068,43.3414,5553.1489474293,0
EMXF.US,D,20210423,000000,43.5125,43.8437,43.5125,43.7432,1722.3509228583,0
EMXF.US,D,20210426,000000,43.8636,43.9421,43.8556,43.8556,974.2895763279,0
EMXF.US,D,20210427,000000,43.8636,43.9819,43.8357,43.8367,2245.1894983903,0
EMXF.US,D,20210428,000000,44.1868,44.2027,44.0983,44.2027,1746.4819340367,0
EMXF.US,D,20210430,000000,43.4836,43.5891,43.2718,43.2758,3622.6680531573,0
EMXF.US,D,20210503,000000,43.229,43.5125,43.229,43.3384,6378.6306214904,0
EMXF.US,D,20210504,000000,42.8869,42.8869,42.6333,42.683,2628.2693008474,0
EMXF.US,D,20210505,000000,42.858,42.858,42.858,42.858,280.5230049489,0
EMXF.US,D,20210506,000000,43.2976,43.3344,43.0739,43.3344,2930.9123993765,0
EMXF.US,D,20210507,000000,43.6099,44.0983,43.6099,43.9819,3889.1146349188,0
EMXF.US,D,20210510,000000,43.7671,43.7671,43.3563,43.3563,56088.513648994,0
EMXF.US,D,20210511,000000,42.3886,42.7904,42.2822,42.7904,2365.8445542823,0
EMXF.US,D,20210512,000000,42.125,42.1549,41.5054,41.5203,8551.4270863455,0
EMXF.US,D,20210513,000000,41.8137,41.8913,41.7053,41.7401,1351.3366259904,0
EMXF.US,D,20210514,000000,42.5646,42.5646,42.5189,42.5189,220.1954770029,0
EMXF.US,D,20210517,000000,42.1549,42.3399,42.1549,42.318,2191.900182038,0
EMXF.US,D,20210518,000000,42.9366,43.1703,42.9366,43.0122,1889.2570835089,0
EMXF.US,D,20210519,000000,42.7317,42.8491,42.7317,42.8491,765.1541461151,0
EMXF.US,D,20210520,000000,43.2787,43.2787,43.2787,43.2787,415.2544840283,0
EMXF.US,D,20210521,000000,43.1703,43.1703,42.9177,42.9177,965.240447136,0
EMXF.US,D,20210524,000000,43.425,43.4936,43.3951,43.4001,1431.7733299184,0
EMXF.US,D,20210525,000000,43.9322,43.9322,43.8268,43.8268,1192.4741357326,0
EMXF.US,D,20210526,000000,43.972,44.333,43.972,44.2624,4615.055887869,0
EMXF.US,D,20210527,000000,44.324,44.4305,44.2455,44.4305,3688.0228750988,0
EMXF.US,D,20210528,000000,44.6642,44.6642,44.5876,44.5876,326.7741097075,0
EMXF.US,D,20210601,000000,45.6707,45.6707,45.5046,45.5772,2246.1949571894,0
EMXF.US,D,20210602,000000,45.5732,45.6409,45.5245,45.611,3544.2422668275,0
EMXF.US,D,20210603,000000,45.2122,45.3296,45.1237,45.1356,1191.4686769335,0
EMXF.US,D,20210604,000000,45.4907,45.6806,45.4907,45.6806,2908.7923057963,0
EMXF.US,D,20210607,000000,45.427,45.432,45.427,45.429,973.2841175288,0
EMXF.US,D,20210608,000000,45.2709,45.3097,45.2291,45.2649,2405.0574474472,0
EMXF.US,D,20210609,000000,45.2221,45.2221,45.2221,45.2221,1035.622563073,0
EMXF.US,D,20210610,000000,45.5941,45.7413,45.5941,45.6409,1006.4642578991,0
EMXF.US,D,20210611,000000,45.5155,45.5921,45.4569,45.5921,6278.0847415804,0
EMXF.US,D,20210614,000000,45.7711,45.8398,45.7413,45.7463,2270.3259683678,0
EMXF.US,D,20210615,000000,45.6528,45.6528,45.5116,45.5116,2273.3423447651,0
EMXF.US,D,20210617,000000,45.1436,45.2908,45.1157,45.1456,1932.4918118702,0
EMXF.US,D,20210618,000000,45.1436,45.2022,44.8462,44.8462,2532.7507149329,0
EMXF.US,D,20210621,000000,44.8591,45.1137,44.8591,45.1038,2103.4198077172,0
EMXF.US,D,20210622,000000,44.7119,44.8532,44.7119,44.8532,1087.9064206262,0
EMXF.US,D,20210623,000000,45.2699,45.2699,45.1684,45.1684,277.5066285516,0
EMXF.US,D,20210624,000000,45.4668,45.5623,45.4668,45.5623,1454.8988822977,0
EMXF.US,D,20210625,000000,45.8099,45.8099,45.7214,45.7304,1500.1445282572,0
EMXF.US,D,20210628,000000,45.7413,45.7781,45.6956,45.7781,1609.7395373591,0
EMXF.US,D,20210629,000000,45.6727,45.7353,45.619,45.7353,9925.8892647152,0
EMXF.US,D,20210630,000000,45.6926,45.6926,45.5842,45.5842,1124.1029373938,0
EMXF.US,D,20210701,000000,45.5404,45.5404,45.2022,45.3385,5283.6859892705,0
EMXF.US,D,20210702,000000,45.065,45.1824,45.065,45.0938,650.5318430177,0
EMXF.US,D,20210706,000000,44.7706,44.7706,44.4573,44.5647,1681.1271120952,0
EMXF.US,D,20210707,000000,44.7418,44.7418,44.6045,44.6711,1531.3137510293,0
EMXF.US,D,20210708,000000,43.8198,43.9769,43.8168,43.8168,1401.6095659454,0
EMXF.US,D,20210709,000000,44.4275,44.4295,44.3787,44.4295,467.5383415815,0
EMXF.US,D,20210712,000000,44.4374,44.6334,44.4374,44.6334,2526.7179621383,0
EMXF.US,D,20210713,000000,44.5846,44.6433,44.3758,44.3758,2184.8619704443,0
EMXF.US,D,20210714,000000,45.2221,45.2709,44.6264,44.6264,1262.8562516696,0
EMXF.US,D,20210715,000000,44.8104,44.8104,44.6135,44.698,3350.1887186012,0
EMXF.US,D,20210716,000000,44.7318,44.7318,44.3589,44.4046,3541.2258904302,0
EMXF.US,D,20210719,000000,43.79,43.79,43.5254,43.6129,913.9620483819,0
EMXF.US,D,20210720,000000,43.5453,43.9471,43.5453,43.8457,2128.5562776947,0
EMXF.US,D,20210721,000000,43.6726,44.1231,43.5652,44.1231,5433.4993503364,0
EMXF.US,D,20210722,000000,44.1918,44.2803,44.1918,44.2375,969.2622823324,0
EMXF.US,D,20210723,000000,43.7213,43.79,43.7213,43.7412,2972.1362101396,0
EMXF.US,D,20210726,000000,42.8978,43.055,42.7606,42.9794,3559.324148814,0
EMXF.US,D,20210727,000000,41.8307,42.0345,41.8307,42.0047,708.8484533655,0
EMXF.US,D,20210728,000000,43.0938,43.0938,43.0172,43.0172,1717.3236288628,0
EMXF.US,D,20210729,000000,43.4667,43.5254,43.4568,43.4568,3612.6134651663,0
EMXF.US,D,20210730,000000,43.0749,43.2608,43.0749,43.1276,1806.8094619827,0
EMXF.US,D,20210802,000000,43.5841,43.6497,43.4369,43.4369,5000.1466079243,0
EMXF.US,D,20210803,000000,43.418,43.7372,43.418,43.7372,2833.3828958638,0
EMXF.US,D,20210804,000000,44.0744,44.0744,43.8834,43.8834,1461.9370938914,0
EMXF.US,D,20210805,000000,43.79,44.0505,43.79,43.9272,3631.7171823492,0
EMXF.US,D,20210806,000000,43.5841,43.5841,43.4468,43.4737,5182.1346505614,0
EMXF.US,D,20210809,000000,43.78,43.78,43.6925,43.6925,1060.7590330505,0
EMXF.US,D,20210810,000000,43.78,43.78,43.7263,43.7363,1120.0811021974,0
EMXF.US,D,20210811,000000,43.7512,43.8685,43.7512,43.8198,1857.0824019377,0
EMXF.US,D,20210812,000000,43.5453,43.5453,43.3295,43.4896,2826.3446842701,0
EMXF.US,D,20210813,000000,43.4966,43.5562,43.4528,43.5562,1441.8279179094,0
EMXF.US,D,20210816,000000,43.0251,43.1624,42.9376,43.1534,9776.0759036493,0
EMXF.US,D,20210817,000000,42.506,42.5249,42.4075,42.5249,1370.4403431733,0
EMXF.US,D,20210818,000000,42.9177,43.0152,42.678,42.678,3476.8765272878,0
EMXF.US,D,20210819,000000,42.1728,42.2315,42.141,42.141,2140.6217832839,0
EMXF.US,D,20210820,000000,41.9858,42.1042,41.9858,42.1042,5893.9994803242,0
EMXF.US,D,20210823,000000,42.6631,42.8491,42.6134,42.7675,3427.6090461319,0
EMXF.US,D,20210824,000000,43.3981,43.4667,43.3842,43.3842,7189.030413565,0
EMXF.US,D,20210825,000000,43.4369,43.5413,43.3195,43.5413,1438.8115415121,0
EMXF.US,D,20210826,000000,43.0838,43.241,43.0838,43.241,932.0603067657,0
EMXF.US,D,20210827,000000,43.6925,43.7372,43.6925,43.7372,157.8570314587,0
EMXF.US,D,20210831,000000,44.4573,44.5647,44.4573,44.4862,15435.803483783,0
EMXF.US,D,20210901,000000,44.5647,44.8193,44.5647,44.7099,1288.9981804462,0
EMXF.US,D,20210902,000000,44.7119,44.7507,44.516,44.5727,5925.1687030963,0
EMXF.US,D,20210907,000000,44.879,45.0849,44.7318,44.9944,2714.73875757,0
EMXF.US,D,20210908,000000,44.339,44.339,44.2604,44.2654,1026.5734338811,0
EMXF.US,D,20210909,000000,44.2017,44.2415,44.1629,44.1957,1942.5463998612,0
EMXF.US,D,20210910,000000,44.33,44.33,44.1649,44.1649,351.910579685,0
EMXF.US,D,20210913,000000,44.2514,44.339,44.1231,44.2703,1682.1325708943,0
EMXF.US,D,20210914,000000,44.2604,44.2604,43.9759,43.9779,1537.3465038239,0
EMXF.US,D,20210915,000000,43.9083,44.0257,43.79,43.9929,3071.6766312505,0
EMXF.US,D,20210916,000000,43.4468,43.4966,43.3295,43.4767,1403.6204835436,0
EMXF.US,D,20210917,000000,43.4767,43.4767,43.2996,43.3802,4993.1083963306,0
EMXF.US,D,20210920,000000,42.5746,42.5746,42.1231,42.2673,1803.7930855854,0
EMXF.US,D,20210921,000000,42.6333,42.6333,42.5547,42.5666,820.4543800656,0
EMXF.US,D,20210922,000000,43.0351,43.1236,43.0351,43.0888,3307.959449039,0
EMXF.US,D,20210923,000000,43.1524,43.8834,43.1524,43.3414,887.8201196053,0
EMXF.US,D,20210924,000000,43.045,43.045,42.9863,43.0251,585.1770210762,0
EMXF.US,D,20210927,000000,43.1137,43.1137,43.0938,43.0938,620.3680790447,0
EMXF.US,D,20210928,000000,42.4662,42.5159,42.3637,42.5159,58634.335328316,0
EMXF.US,D,20210929,000000,42.2991,42.2991,42.2414,42.2414,515.8003639383,0
EMXF.US,D,20210930,000000,42.7317,42.7317,42.5348,42.5348,6909.5128674152,0
EMXF.US,D,20211001,000000,42.4562,42.6532,42.3289,42.5816,35880.802704683,0
EMXF.US,D,20211004,000000,42.2116,42.2116,41.7511,41.7998,1386.5276839589,0
EMXF.US,D,20211005,000000,42.0445,42.143,42.0445,42.143,523.8440343311,0
EMXF.US,D,20211006,000000,41.4855,42.0057,41.4855,42.0057,1362.3966727805,0
EMXF.US,D,20211007,000000,42.7705,42.9754,42.7606,42.9466,6419.8544322535,0
EMXF.US,D,20211008,000000,42.6532,42.682,42.6134,42.6631,2850.4756954485,0
EMXF.US,D,20211011,000000,42.9863,42.9863,42.5318,42.5547,4073.1135951541,0
EMXF.US,D,20211012,000000,42.5746,42.5746,42.4562,42.4562,884.803743208,0
EMXF.US,D,20211013,000000,43.0062,43.0062,42.9555,42.9555,493.6802703581,0
EMXF.US,D,20211014,000000,43.241,43.241,43.1137,43.1146,4315.4291657372,0
EMXF.US,D,20211015,000000,43.6448,43.6448,43.6448,43.6448,238.2937353867,0
EMXF.US,D,20211018,000000,43.7313,43.7313,43.7313,43.7313,424.3036132202,0
EMXF.US,D,20211019,000000,44.2017,44.2017,44.2017,44.2017,737.0012997403,0
EMXF.US,D,20211020,000000,44.339,44.339,44.339,44.339,1523.2700806365,0
EMXF.US,D,20211021,000000,43.967,43.967,43.8536,43.9143,3422.5817521364,0
EMXF.US,D,20211025,000000,44.0545,44.1142,44.0545,44.1082,1311.1182740264,0
EMXF.US,D,20211026,000000,44.2415,44.2415,43.9779,43.9859,1887.2461659107,0
EMXF.US,D,20211027,000000,43.5254,43.79,43.5055,43.6627,1454.8988822977,0
EMXF.US,D,20211028,000000,43.5552,43.6328,43.5503,43.6328,1062.7699506487,0
EMXF.US,D,20211029,000000,43.0838,43.1475,43.0729,43.1475,1578.570314587,0
EMXF.US,D,20211101,000000,43.3872,43.4966,43.3146,43.4876,3909.2238109008,0
EMXF.US,D,20211102,000000,43.4369,43.4369,43.236,43.2529,5665.7603329285,0
EMXF.US,D,20211103,000000,43.1723,43.604,43.1335,43.5871,2068.2287497487,0
EMXF.US,D,20211104,000000,43.4269,43.5015,43.4269,43.5015,1166.332206956,0
EMXF.US,D,20211105,000000,43.6338,43.6627,43.5552,43.6487,2244.1840395912,0
EMXF.US,D,20211108,000000,43.6627,43.9372,43.6627,43.9372,3532.1767612383,0
EMXF.US,D,20211109,000000,43.7363,43.7999,43.7363,43.7999,2951.0215753585,0
EMXF.US,D,20211110,000000,43.9173,43.9272,43.5353,43.5353,1543.3792566185,0
EMXF.US,D,20211112,000000,43.957,44.3101,43.957,44.2972,7313.7073046534,0
EMXF.US,D,20211115,000000,44.4673,44.4673,44.2315,44.2315,2442.2594230139,0
EMXF.US,D,20211116,000000,44.2604,44.3589,44.2495,44.2803,2330.6534963138,0
EMXF.US,D,20211117,000000,44.2117,44.2117,44.1351,44.1351,1953.6064466513,0
EMXF.US,D,20211118,000000,43.8198,43.9093,43.8148,43.9093,1676.0998180997,0
EMXF.US,D,20211119,000000,43.957,43.957,43.7551,43.7551,1953.6064466513,0
EMXF.US,D,20211122,000000,43.8397,43.8586,43.5224,43.5224,8771.6225633484,0
EMXF.US,D,20211123,000000,43.4667,43.4667,43.3315,43.408,881.7873668107,0
EMXF.US,D,20211124,000000,43.3583,43.3583,43.3543,43.3543,587.1879386744,0
EMXF.US,D,20211129,000000,42.4274,42.4274,42.0007,42.1628,2348.7517546976,0
EMXF.US,D,20211130,000000,42.3687,42.3687,42.2016,42.2623,1682.1325708943,0
EMXF.US,D,20211201,000000,42.8372,42.859,42.2971,42.2971,710.8593709637,0
EMXF.US,D,20211202,000000,42.859,43.0152,42.7616,42.7616,1399.5986483472,0
EMXF.US,D,20211203,000000,42.6721,42.6721,42.2215,42.315,3225.5118275128,0
EMXF.US,D,20211206,000000,42.496,42.5646,42.4662,42.5149,36811.857552649,0
EMXF.US,D,20211207,000000,43.0052,43.1335,43.0052,43.1137,6703.3938135997,0
EMXF.US,D,20211208,000000,43.1624,43.3782,43.055,43.3146,3508.0457500599,0
EMXF.US,D,20211209,000000,43.0749,43.0749,43.0261,43.0261,594.2261502681,0
EMXF.US,D,20211210,000000,43.0251,43.055,42.9376,43.045,11850.337406193,0
EMXF.US,D,20211213,000000,42.4781,42.4781,42.3836,42.3836,5903.0486095161,0
EMXF.US,D,20211214,000000,42.3787,42.3787,42.13,42.2576,10281.821679597,0
EMXF.US,D,20211215,000000,41.6228,42.13,41.6228,42.0741,1590.6358201762,0
EMXF.US,D,20211216,000000,42.5179,42.5179,42.1797,42.1797,10752.376397575,0
EMXF.US,D,20211217,000000,41.8913,42.1101,41.8912,41.9602,4029.8788667928,0
EMXF.US,D,20211220,000000,41.3344,41.8615,41.2747,41.4273,47657.741618541,0
EMXF.US,D,20211221,000000,41.8515,42.0703,41.7521,42.0378,47749.238369259,0
EMXF.US,D,20211222,000000,41.9609,42.3687,41.9609,42.2501,37077.298675612,0
EMXF.US,D,20211223,000000,42.2394,42.5676,42.2096,42.516,35098.555758983,0
EMXF.US,D,20211227,000000,42.4184,42.7168,42.4184,42.6692,26280.682090876,0
EMXF.US,D,20211228,000000,42.6671,42.6671,42.5531,42.6174,40965.407851731,0
EMXF.US,D,20211229,000000,42.4533,42.508,42.4383,42.451,25109.322589924,0
EMXF.US,D,20211230,000000,42.7268,43.0749,42.7268,42.9547,13012.647777952,0
EMXF.US,D,20211231,000000,42.9655,43.1743,42.8101,42.8101,15993.833117284,0
EMXF.US,D,20220103,000000,42.8063,43.055,42.8063,43.045,2624.247465651,0
EMXF.US,D,20220104,000000,43.045,43.045,42.8262,42.8641,5748.2079544547,0
EMXF.US,D,20220105,000000,42.7168,42.7765,42.1201,42.1678,2186.8728880425,0
EMXF.US,D,20220106,000000,42.2494,42.3787,42.2325,42.2325,1307.09643883,0
EMXF.US,D,20220107,000000,42.4184,42.5577,42.2592,42.5121,6462.0837018157,0
EMXF.US,D,20220110,000000,42.2693,42.506,42.248,42.506,1182.4195477416,0
EMXF.US,D,20220111,000000,43.3235,43.424,43.2837,43.424,6190.6098260587,0
EMXF.US,D,20220112,000000,43.9004,44.1192,43.8704,44.0853,6903.4801146206,0
EMXF.US,D,20220113,000000,44.0098,44.0098,43.6666,43.6666,949.1531063504,0
EMXF.US,D,20220114,000000,43.6318,43.7197,43.6317,43.7197,1206.55055892,0
EMXF.US,D,20220118,000000,43.2837,43.2837,43.1641,43.1641,5807.5300236016,0
EMXF.US,D,20220119,000000,43.2738,43.2947,43.2145,43.2145,1953.6064466513,0
EMXF.US,D,20220120,000000,43.9799,44.0297,43.3941,43.3941,4972.9992203486,0
EMXF.US,D,20220121,000000,43.3235,43.3235,42.8208,42.8208,3099.8294776253,0
EMXF.US,D,20220124,000000,42.14,42.2218,41.4139,42.2218,4544.673771932,0
EMXF.US,D,20220125,000000,42.2096,42.3389,42.0206,42.2816,1858.0878607368,0
EMXF.US,D,20220126,000000,42.4383,42.4383,41.6725,41.7935,2791.1536263016,0
EMXF.US,D,20220127,000000,41.5034,41.5532,41.279,41.279,5092.6488174415,0
EMXF.US,D,20220128,000000,40.935,41.4178,40.935,41.4178,52602.587992515,0
EMXF.US,D,20220131,000000,42.314,42.751,42.314,42.751,6320.3140111426,0
EMXF.US,D,20220201,000000,42.5776,42.889,42.5776,42.889,13599.835716627,0
EMXF.US,D,20220202,000000,42.8163,42.9027,42.8162,42.9027,3384.3743177706,0
EMXF.US,D,20220203,000000,42.5378,42.6571,42.4891,42.4891,5514.9415130635,0
EMXF.US,D,20220204,000000,42.498,42.7665,42.498,42.5969,9026.0036395207,0
EMXF.US,D,20220207,000000,42.6671,42.866,42.5974,42.7268,11517.53054369,0
EMXF.US,D,20220208,000000,42.7069,42.88,42.7068,42.88,3411.5217053463,0
EMXF.US,D,20220209,000000,43.1743,43.5523,43.1743,43.5126,16250.225111054,0
EMXF.US,D,20220210,000000,43.7013,43.7013,43.2767,43.2767,650.5318430177,0
EMXF.US,D,20220211,000000,42.9655,42.9655,42.8262,42.8262,970.2677411315,0
EMXF.US,D,20220215,000000,43.234,43.413,43.1892,43.3683,3376.3306473778,0
EMXF.US,D,20220216,000000,43.0848,43.7512,43.0848,43.5914,17143.072524655,0
EMXF.US,D,20220217,000000,43.5821,43.5821,43.1689,43.1689,2037.0595269766,0
EMXF.US,D,20220218,000000,42.9058,42.9058,42.7652,42.7652,2387.9646478625,0
EMXF.US,D,20220222,000000,42.3886,42.3886,42.0853,42.13,37865.578374106,0
EMXF.US,D,20220223,000000,42.4284,42.4731,41.908,41.908,10660.879646857,0
EMXF.US,D,20220224,000000,39.0568,40.4293,39.0568,40.4293,5757.2570836466,0
EMXF.US,D,20220225,000000,41.4239,41.8356,41.4239,41.762,2899.7431766044,0
EMXF.US,D,20220228,000000,41.0658,41.6228,41.0062,41.5473,8734.4205877817,0
EMXF.US,D,20220301,000000,41.7222,41.7222,40.8669,41.026,15888.259943378,0
EMXF.US,D,20220302,000000,41.2747,41.3344,40.9266,41.2789,5094.6597350397,0
EMXF.US,D,20220303,000000,41.0758,41.404,40.7674,40.7674,4005.7478556144,0
EMXF.US,D,20220304,000000,39.8425,40.1067,39.1591,39.8698,4230.9706266128,0
EMXF.US,D,20220307,000000,38.6391,38.649,38.1827,38.2605,1406.6368599409,0
EMXF.US,D,20220308,000000,38.5595,38.5595,38.5195,38.5195,2105.4307253154,0
EMXF.US,D,20220309,000000,39.2556,39.6834,39.2209,39.6834,7641.48687316,0
EMXF.US,D,20220310,000000,38.9275,38.9374,38.8279,38.9374,2293.4515207471,0
EMXF.US,D,20220311,000000,39.3651,39.3651,38.1119,38.112,10970.56095698,0
EMXF.US,D,20220314,000000,37.9727,37.9727,37.1572,37.2765,27665.198857236,0
EMXF.US,D,20220315,000000,36.9334,37.5649,36.9334,37.5165,10889.118794253,0
EMXF.US,D,20220316,000000,39.2855,40.6779,39.2855,40.6161,8588.6290619122,0
EMXF.US,D,20220317,000000,40.0016,40.31,39.7331,40.3099,2471.4177281878,0
EMXF.US,D,20220318,000000,40.5984,41.1156,40.5785,41.1056,12959.3584616,0
EMXF.US,D,20220321,000000,40.0066,40.2017,40.0066,40.2017,3270.7574734723,0
EMXF.US,D,20220322,000000,41.1385,41.1752,41.026,41.0509,6226.8063428263,0
EMXF.US,D,20220323,000000,41.1255,41.1454,40.7774,40.8469,13759.703665683,0
EMXF.US,D,20220324,000000,41.0062,41.1354,41.0062,41.1354,1392.5604367535,0
EMXF.US,D,20220325,000000,40.6779,40.7376,40.5188,40.6969,15474.010918149,0
EMXF.US,D,20220328,000000,40.8669,40.9564,40.7674,40.9219,3602.5588771753,0
EMXF.US,D,20220329,000000,41.5581,41.6626,41.5532,41.63,4636.1705226501,0
EMXF.US,D,20220330,000000,41.8416,41.8416,41.4228,41.5333,2355.7899662913,0
EMXF.US,D,20220331,000000,40.9564,41.1255,40.7715,40.7715,5781.388094825,0
EMXF.US,D,20220401,000000,41.6079,41.6079,41.3045,41.5333,15817.877827441,0
EMXF.US,D,20220404,000000,41.9609,42.2782,41.9609,42.2703,2638.3238888384,0
EMXF.US,D,20220405,000000,41.7919,41.7919,41.3145,41.3145,15249.79360595,0
EMXF.US,D,20220406,000000,40.9266,40.9763,40.8172,40.8663,3412.5271641454,0
EMXF.US,D,20220407,000000,40.5984,40.5984,40.4842,40.4842,629.4172082366,0
EMXF.US,D,20220408,000000,40.5288,40.7376,40.4892,40.4892,5239.4458021101,0
EMXF.US,D,20220411,000000,40.111,40.2006,40.1088,40.1856,1847.0278139467,0
EMXF.US,D,20220412,000000,40.31,40.31,39.8127,39.8226,16876.625942893,0
EMXF.US,D,20220413,000000,40.1806,40.2702,40.1309,40.2022,3476.8765272878,0
EMXF.US,D,20220414,000000,39.7928,39.7928,39.6336,39.6336,25105.300754728,0
EMXF.US,D,20220418,000000,39.2656,39.5441,39.2258,39.3154,6655.1317912429,0
EMXF.US,D,20220419,000000,39.0469,39.1254,39.0369,39.0369,3409.5107877481,0
EMXF.US,D,20220420,000000,38.9872,39.0817,38.8877,38.8939,5270.6150248822,0
EMXF.US,D,20220421,000000,39.0369,39.0369,38.1686,38.2109,7987.3647000504,0
EMXF.US,D,20220422,000000,38.3705,38.3705,38.0536,38.0536,25766.892644536,0
EMXF.US,D,20220425,000000,37.7937,39.206,37.4058,39.206,10166.1939177,0
EMXF.US,D,20220426,000000,37.7042,37.7042,36.7991,36.7991,4042.9498311811,0
EMXF.US,D,20220427,000000,37.5351,37.5351,37.2268,37.4394,5076.5614766559,0
EMXF.US,D,20220428,000000,37.4158,37.913,37.4158,37.9031,12733.130231802,0
EMXF.US,D,20220429,000000,38.3606,38.3606,37.9084,37.9084,48379.661036295,0
EMXF.US,D,20220502,000000,37.7639,37.923,37.4158,37.8301,11314.427866272,0
EMXF.US,D,20220503,000000,38.112,39.7828,37.8434,39.7828,53469.293477339,0
EMXF.US,D,20220504,000000,37.7837,38.4898,37.2964,37.2964,4286.2708605633,0
EMXF.US,D,20220505,000000,37.6545,38.4103,36.6997,38.4103,3153.1187939776,0
EMXF.US,D,20220506,000000,36.6002,36.7494,36.2765,36.3814,11209.860151166,0
EMXF.US,D,20220509,000000,35.5857,35.7946,35.357,35.3769,14229.252924863,0
EMXF.US,D,20220510,000000,35.9637,35.9637,35.3868,35.6653,9256.2537045146,0
EMXF.US,D,20220511,000000,35.4465,35.6156,35.2894,35.2894,675.6683129952,0
EMXF.US,D,20220512,000000,35.1159,35.1159,35.1159,35.1159,636.4554198303,0
EMXF.US,D,20220513,000000,35.6454,36.1474,35.6156,36.1474,12032.32544883,0
EMXF.US,D,20220516,000000,35.904,36.2024,35.904,35.9669,11833.244606608,0
EMXF.US,D,20220517,000000,36.7394,36.809,35.1581,35.1581,1555.4447622077,0
EMXF.US,D,20220518,000000,36.6201,36.7096,36.0731,36.1328,19218.339485997,0
EMXF.US,D,20220519,000000,36.5903,36.6201,36.5007,36.5007,4235.9979206083,0
EMXF.US,D,20220520,000000,36.6798,36.6897,34.7801,34.7801,10089.779048968,0
EMXF.US,D,20220523,000000,36.7792,37.0478,36.7693,37.0478,4713.5908501808,0
EMXF.US,D,20220524,000000,36.4013,36.4013,34.1735,34.1735,14260.422147635,0
EMXF.US,D,20220525,000000,36.0333,36.64,36.0333,36.64,957.1967767432,0
EMXF.US,D,20220526,000000,36.5107,37.1452,36.5107,36.9583,8739.4478817772,0
EMXF.US,D,20220527,000000,37.376,38.9573,37.3461,38.9573,2421.1447882328,0
EMXF.US,D,20220531,000000,38.3606,38.5595,38.1915,38.1915,46223.957371024,0
EMXF.US,D,20220601,000000,37.9628,37.9727,37.6644,37.7982,8039.6485576036,0
EMXF.US,D,20220602,000000,37.923,38.5048,37.923,38.5048,9189.893423774,0
EMXF.US,D,20220603,000000,38.112,38.112,37.7539,37.7539,1718.3290876619,0
EMXF.US,D,20220606,000000,38.3805,38.3805,38.0324,38.0722,2082.3051729361,0
EMXF.US,D,20220607,000000,37.8583,38.1318,37.8583,38.1318,4231.9760854119,0
EMXF.US,D,20220608,000000,38.3805,38.5993,38.3407,38.47,13083.029893889,0
EMXF.US,D,20220609,000000,38.03,38.03,37.43,37.43,13460,0
EMXF.US,D,20220610,000000,37.39,37.39,36.97,37.05,16634,0
EMXF.US,D,20220613,000000,36.24,36.24,35.5459,35.59,11619,0
EMXF.US,D,20220614,000000,36.09,36.37,36.04,36.37,10112,0
EMXF.US,D,20220615,000000,36.58,36.9,35.3,35.3,8691,0
EMXF.US,D,20220616,000000,35.8,35.83,35.5,35.68,12462,0
EMXF.US,D,20220617,000000,36.09,36.14,35.75,35.85,11889,0
EMXF.US,D,20220621,000000,36.59,36.76,36.51,36.69,51761,0
EMXF.US,D,20220622,000000,36.02,36.26,34.82,34.82,14490,0
EMXF.US,D,20220623,000000,36.23,36.2688,36.05,36.2688,15886,0
EMXF.US,D,20220624,000000,36.72,37.107,36.72,37.107,6039,0
EMXF.US,D,20220627,000000,37.23,37.23,37.09,37.17,11134,0
EMXF.US,D,20220628,000000,37.29,37.29,36.83,36.8609,5643,0
EMXF.US,D,20220629,000000,36.6,36.755,36.59,36.59,47325,0
EMXF.US,D,20220630,000000,36.13,36.5,36.025,36.3888,6539,0
EMXF.US,D,20220701,000000,36.235,36.2556,35.89,36.2556,11153,0
EMXF.US,D,20220705,000000,35.6,36.2,35.5,36.142,50460,0
EMXF.US,D,20220706,000000,35.69,36.04,35.64,35.9203,19940,0
EMXF.US,D,20220707,000000,36.72,36.77,36.62,36.62,1738,0
EMXF.US,D,20220708,000000,36.59,36.6,36.4702,36.58,6216,0
EMXF.US,D,20220711,000000,35.75,35.75,35.27,35.27,7272,0
EMXF.US,D,20220712,000000,35.31,35.34,35.13,35.29,3946,0
EMXF.US,D,20220713,000000,34.82,35.2,34.82,34.98,6940,0
EMXF.US,D,20220714,000000,34.57,34.88,34.54,34.88,15471,0
EMXF.US,D,20220715,000000,34.62,34.98,34.62,34.88,7502,0
EMXF.US,D,20220718,000000,35.48,35.614,35.1884,35.29,3286,0
EMXF.US,D,20220719,000000,35.64,35.73,33.95,33.95,11750,0
EMXF.US,D,20220720,000000,35.62,35.81,35.62,35.75,6575,0
EMXF.US,D,20220721,000000,35.98,36.3,35.98,36.3,20075,0
EMXF.US,D,20220722,000000,36.24,36.24,35.72,35.83,7258,0
EMXF.US,D,20220725,000000,35.77,35.93,35.77,35.83,26173,0
EMXF.US,D,20220726,000000,35.75,35.75,35.46,35.56,6636,0
EMXF.US,D,20220727,000000,35.7482,36.33,35.6769,36.33,17799,0
EMXF.US,D,20220728,000000,35.81,36.215,35.81,36.17,21532,0
EMXF.US,D,20220729,000000,35.8,36.03,35.65,36.03,2470,0
EMXF.US,D,20220801,000000,35.69,35.88,35.53,35.67,8626,0
EMXF.US,D,20220802,000000,35.42,35.9,35.42,35.58,53654,0
EMXF.US,D,20220803,000000,35.57,35.9,35.57,35.9,1609,0
EMXF.US,D,20220804,000000,36.14,36.27,36.14,36.23,15171,0
EMXF.US,D,20220805,000000,36.22,36.249,36.0625,36.18,7068,0
EMXF.US,D,20220808,000000,36.36,36.44,36.29,36.29,3071,0
EMXF.US,D,20220809,000000,36.18,36.24,36.125,36.2,8381,0
EMXF.US,D,20220810,000000,36.32,36.63,36.3,36.6245,6620,0
EMXF.US,D,20220811,000000,36.95,37.06,36.8378,36.92,13795,0
EMXF.US,D,20220812,000000,36.74,37.15,36.74,37.1,4302,0
EMXF.US,D,20220815,000000,36.88,37.0699,36.86,36.9747,21949,0
EMXF.US,D,20220816,000000,36.86,36.87,36.79,36.85,9086,0
EMXF.US,D,20220817,000000,36.82,36.83,36.64,36.73,19510,0
EMXF.US,D,20220818,000000,36.2901,36.4499,36,36,2673,0
EMXF.US,D,20220819,000000,35.98,35.98,35.858,35.93,3990,0
EMXF.US,D,20220822,000000,35.78,35.8,35.69,35.73,7266,0
EMXF.US,D,20220823,000000,35.65,35.85,35.65,35.65,1754,0
EMXF.US,D,20220824,000000,35.45,35.96,35.45,35.83,191036,0
EMXF.US,D,20220825,000000,36.385,36.54,36.385,36.51,15227,0
EMXF.US,D,20220826,000000,36.88,37.04,36.04,36.0835,41787,0
EMXF.US,D,20220829,000000,35.95,37.57,35.84,37.57,3987,0
EMXF.US,D,20220830,000000,35.99,35.99,35.24,35.31,5115,0
EMXF.US,D,20220831,000000,35.62,35.82,35.46,35.5,12810,0
EMXF.US,D,20220901,000000,35.1599,35.1599,34.79,35.15,10637,0
EMXF.US,D,20220902,000000,34.94,35.17,34.69,34.7187,45280,0
EMXF.US,D,20220906,000000,34.74,34.74,34.385,34.46,1459,0
EMXF.US,D,20220907,000000,34.26,34.74,34.26,34.74,2645,0
EMXF.US,D,20220908,000000,34.5194,34.77,34.5194,34.77,29993,0
EMXF.US,D,20220909,000000,35.27,35.37,35.27,35.37,20877,0
EMXF.US,D,20220912,000000,35.7,35.91,35.7,35.91,3422,0
EMXF.US,D,20220913,000000,35.12,35.12,34.6,34.6,7983,0
EMXF.US,D,20220914,000000,34.84,34.86,34.8199,34.85,2234,0
EMXF.US,D,20220915,000000,34.58,34.58,34.454,34.454,3009,0
EMXF.US,D,20220916,000000,34.21,34.21,33.971,34.11,5609,0
EMXF.US,D,20220919,000000,33.96,34.47,33.96,34.47,7925,0
EMXF.US,D,20220920,000000,34.23,34.24,33.98,34.01,7741,0
EMXF.US,D,20220921,000000,33.68,33.82,33.48,33.49,2536,0
EMXF.US,D,20220922,000000,33.43,33.59,33.15,33.15,3056,0
EMXF.US,D,20220923,000000,32.84,32.84,32.4799,32.65,3751,0
EMXF.US,D,20220926,000000,32.54,32.54,32.25,32.32,11710,0
EMXF.US,D,20220927,000000,32.59,32.59,32.135,32.1771,8425,0
EMXF.US,D,20220928,000000,31.99,32.64,31.99,32.5,8411,0
EMXF.US,D,20220929,000000,32.06,32.06,31.5401,31.8149,9640,0
EMXF.US,D,20220930,000000,31.82,31.969,31.6725,31.6725,3123,0
EMXF.US,D,20221003,000000,32.03,32.32,32.03,32.212,85950,0
EMXF.US,D,20221004,000000,33.16,33.28,33.1265,33.18,13470,0
EMXF.US,D,20221005,000000,33.095,33.2461,32.9299,33.1686,2016,0
EMXF.US,D,20221006,000000,33.0388,33.04,32.879,32.879,3971,0
EMXF.US,D,20221007,000000,32.268,32.33,32.197,32.2385,33126,0
EMXF.US,D,20221010,000000,32.2,32.2,31.69,31.8614,29894,0
EMXF.US,D,20221011,000000,31.338,31.665,31.3102,31.3368,13492,0
EMXF.US,D,20221012,000000,31.32,31.3297,31.28,31.3297,1040,0
EMXF.US,D,20221013,000000,30.7,31.525,30.7,31.52,3179,0
EMXF.US,D,20221014,000000,31.33,31.33,31.06,31.06,1256,0
EMXF.US,D,20221017,000000,31.76,31.96,31.76,31.9,18167,0
EMXF.US,D,20221018,000000,31.8599,31.93,31.7644,31.8731,5590,0
EMXF.US,D,20221019,000000,31.53,31.53,31.31,31.31,556,0
EMXF.US,D,20221020,000000,31.7436,31.97,31.5,31.55,5875,0
EMXF.US,D,20221021,000000,31.67,32.07,31.5,31.99,21066,0
EMXF.US,D,20221024,000000,30.89,30.89,30.59,30.72,4088,0
EMXF.US,D,20221025,000000,30.98,31.11,30.98,31,2551,0
EMXF.US,D,20221026,000000,31.57,31.63,31.49,31.5,5769,0
EMXF.US,D,20221027,000000,31.3,31.43,31.28,31.28,1703,0
EMXF.US,D,20221028,000000,30.98,31.19,30.8601,31.19,8587,0
EMXF.US,D,20221031,000000,30.88,31.08,30.8,31,3492,0
EMXF.US,D,20221101,000000,31.66,31.66,31.45,31.45,1995,0
EMXF.US,D,20221102,000000,31.55,33.12,31.48,33.12,35702,0
EMXF.US,D,20221103,000000,31.08,31.55,31.08,31.35,21680,0
EMXF.US,D,20221104,000000,32.33,32.78,32.33,32.78,20347,0
EMXF.US,D,20221107,000000,32.98,32.98,32.665,32.74,6953,0
EMXF.US,D,20221108,000000,32.665,33.02,32.6306,32.79,13079,0
EMXF.US,D,20221109,000000,32.68,34.16,32.29,34.16,62606,0
EMXF.US,D,20221110,000000,33.26,33.43,33.18,33.43,19290,0
EMXF.US,D,20221114,000000,34.18,34.24,33.94,34.02,13365,0
EMXF.US,D,20221115,000000,34.85,34.92,34.42,34.77,12049,0
EMXF.US,D,20221116,000000,34.34,34.34,33.9,33.92,12529,0
EMXF.US,D,20221117,000000,34.145,34.24,34.145,34.24,2103,0
EMXF.US,D,20221118,000000,34.01,34.02,33.925,33.985,6357,0
EMXF.US,D,20221121,000000,33.75,33.91,33.49,33.91,5365,0
EMXF.US,D,20221122,000000,33.59,33.65,33.32,33.56,20426,0
EMXF.US,D,20221123,000000,33.79,34.41,33.77,34.41,4635,0
EMXF.US,D,20221125,000000,34.05,34.05,33.825,33.83,4152,0
EMXF.US,D,20221128,000000,33.76,33.91,33.6914,33.6914,4814,0
EMXF.US,D,20221129,000000,34.47,34.47,34.33,34.39,23862,0
EMXF.US,D,20221130,000000,35.14,35.62,35.14,35.6,5109,0
EMXF.US,D,20221201,000000,35.42,35.42,35.18,35.18,1979,0
EMXF.US,D,20221202,000000,35.39,35.66,35.27,35.62,6641,0
EMXF.US,D,20221205,000000,35.54,35.54,34.99,35.1514,62618,0
EMXF.US,D,20221206,000000,35.1,35.17,35.02,35.14,11223,0
EMXF.US,D,20221207,000000,34.56,34.921,34.56,34.81,4862,0
EMXF.US,D,20221208,000000,35.285,35.37,35.24,35.37,8829,0
EMXF.US,D,20221209,000000,35.346,35.43,34.96,34.96,13115,0
EMXF.US,D,20221212,000000,34.68,34.888,34,34,17784,0
EMXF.US,D,20221213,000000,35.035,36.06,34.505,36.06,8952,0
EMXF.US,D,20221214,000000,34.4,34.669,34.4,34.43,11699,0
EMXF.US,D,20221215,000000,34.11,34.11,33.62,33.68,19061,0
EMXF.US,D,20221216,000000,33.92,34.03,33.721,33.8,41578,0
EMXF.US,D,20221219,000000,34.01,34.01,33.73,33.91,13498,0
EMXF.US,D,20221220,000000,33.78,33.99,33.78,33.91,18614,0
EMXF.US,D,20221221,000000,33.955,34.29,33.92,34.2681,5580,0
EMXF.US,D,20221222,000000,34.25,35.22,33.77,35.22,1301,0
EMXF.US,D,20221223,000000,34.12,34.12,33.95,33.95,10379,0
EMXF.US,D,20221227,000000,34.3,34.55,34.3,34.55,4319,0
EMXF.US,D,20221228,000000,34.27,34.27,33.87,33.87,16252,0
EMXF.US,D,20221229,000000,34.5799,34.58,34.46,34.537,1831,0
EMXF.US,D,20221230,000000,34.25,34.25,34.0099,34.0548,5625,0
EMXF.US,D,20230103,000000,34.4848,34.56,34.305,34.4003,7232,0
EMXF.US,D,20230104,000000,35.04,35.51,35.02,35.4542,4493,0
EMXF.US,D,20230105,000000,35.35,35.45,35.29,35.35,3782,0
EMXF.US,D,20230106,000000,35.57,36.006,35.45,35.9755,7842,0
EMXF.US,D,20230109,000000,36.5,36.5,36.2434,36.2434,7228,0
EMXF.US,D,20230110,000000,36.31,37.9,36.17,37.9,17087,0
EMXF.US,D,20230111,000000,36.49,36.67,36.444,36.67,52795,0
EMXF.US,D,20230112,000000,36.77,36.87,36.6,36.87,4830,0
EMXF.US,D,20230113,000000,36.85,37.04,36.84,37.02,16949,0
EMXF.US,D,20230117,000000,36.91,38.4,36.76,38.4,7976,0
EMXF.US,D,20230118,000000,37.32,37.32,36.53,36.53,7753,0
EMXF.US,D,20230119,000000,36.75,36.9,36.68,36.87,2920,0
EMXF.US,D,20230120,000000,36.97,37.31,36.965,37.26,1956,0
EMXF.US,D,20230123,000000,37.5,37.7399,37.5,37.69,2718,0
EMXF.US,D,20230124,000000,37.56,37.67,37.56,37.6168,4019,0
EMXF.US,D,20230125,000000,37.539,37.71,37.539,37.6584,2395,0
EMXF.US,D,20230126,000000,37.95,38.01,37.895,37.9,2564,0
EMXF.US,D,20230127,000000,37.73,37.7415,37.73,37.7415,563,0
EMXF.US,D,20230130,000000,37.295,37.37,37.03,37.03,9995,0
EMXF.US,D,20230131,000000,36.95,37,36.8199,36.9728,12040,0
EMXF.US,D,20230201,000000,37.32,37.67,37.05,37.5153,6173,0
EMXF.US,D,20230202,000000,37.24,37.359,37.22,37.35,2075,0
EMXF.US,D,20230203,000000,36.92,36.97,36.612,36.6389,10363,0
EMXF.US,D,20230206,000000,36.01,36.28,35.965,36.1747,12982,0
EMXF.US,D,20230207,000000,36.2592,36.344,36.018,36.334,6718,0
EMXF.US,D,20230208,000000,36.225,36.295,36.16,36.2019,3660,0
EMXF.US,D,20230209,000000,36.68,36.73,36.2,36.3,5537,0
EMXF.US,D,20230210,000000,35.99,35.99,35.89,35.9603,1588,0
EMXF.US,D,20230213,000000,36.1,36.27,36.1,36.245,2848,0
EMXF.US,D,20230214,000000,36.1,36.1682,36.03,36.1429,3348,0
EMXF.US,D,20230215,000000,35.77,35.87,35.65,35.8611,2989,0
EMXF.US,D,20230216,000000,35.76,36.01,35.614,35.8048,6494,0
EMXF.US,D,20230217,000000,35.38,35.488,35.36,35.4858,1633,0
EMXF.US,D,20230221,000000,35.34,35.34,35.059,35.059,9614,0
EMXF.US,D,20230222,000000,34.95,35.04,34.85,34.8733,8691,0
EMXF.US,D,20230223,000000,35.25,35.25,35,35.0448,2978,0
EMXF.US,D,20230224,000000,34.34,34.34,34.19,34.19,1556,0
EMXF.US,D,20230227,000000,34.44,34.469,34.3601,34.404,2055,0
EMXF.US,D,20230228,000000,34.24,34.42,34.1943,34.1943,7666,0
EMXF.US,D,20230301,000000,34.86,34.86,34.8099,34.8291,2286,0
EMXF.US,D,20230302,000000,34.65,35.03,34.65,34.9441,7816,0
EMXF.US,D,20230303,000000,34.9,35.28,34.9,35.2252,15172,0
EMXF.US,D,20230306,000000,35.09,35.335,35.09,35.11,2329,0
EMXF.US,D,20230307,000000,34.9,34.9,34.58,34.6275,2804,0
EMXF.US,D,20230308,000000,34.56,34.749,34.56,34.685,4109,0
EMXF.US,D,20230309,000000,34.49,34.49,33.9625,33.9625,3577,0
EMXF.US,D,20230310,000000,34.139,34.139,33.72,33.72,1196,0
EMXF.US,D,20230313,000000,33.67,33.888,33.67,33.7075,1592,0
EMXF.US,D,20230314,000000,33.74,33.76,33.54,33.7209,11174,0
EMXF.US,D,20230315,000000,33.06,33.08,32.9,33.08,5237,0
EMXF.US,D,20230316,000000,33.13,33.6227,33.13,33.6227,580,0
EMXF.US,D,20230317,000000,33.62,33.62,33.415,33.4815,18294,0
EMXF.US,D,20230320,000000,33.31,33.65,33.31,33.52,5594,0
EMXF.US,D,20230321,000000,33.92,33.92,33.731,33.9004,5072,0
EMXF.US,D,20230322,000000,34.08,34.37,34.01,34.01,6919,0
EMXF.US,D,20230323,000000,34.68,34.68,34.38,34.4668,2744,0
EMXF.US,D,20230324,000000,34.29,34.43,34.22,34.383,2233,0
EMXF.US,D,20230327,000000,34.29,34.29,34.09,34.2057,4853,0
EMXF.US,D,20230328,000000,34.46,34.74,34.46,34.7161,3518,0
EMXF.US,D,20230329,000000,34.83,34.87,34.8032,34.84,3281,0
EMXF.US,D,20230330,000000,35.22,35.259,35.12,35.2152,1104,0
EMXF.US,D,20230331,000000,35.08,35.08,35.02,35.0489,455,0
EMXF.US,D,20230403,000000,35.05,35.12,34.975,35.0669,8301,0
EMXF.US,D,20230404,000000,34.9,35.12,34.9,35,2484,0
EMXF.US,D,20230405,000000,35.07,35.07,34.6356,34.7047,2136,0
EMXF.US,D,20230406,000000,34.64,35.01,34.64,34.86,3427,0
EMXF.US,D,20230410,000000,34.82,34.8498,34.7601,34.8286,5909,0
EMXF.US,D,20230411,000000,35.07,35.16,35.05,35.09,5920,0
EMXF.US,D,20230412,000000,35.13,35.13,34.8275,34.8275,4857,0
EMXF.US,D,20230413,000000,35.13,35.4,35.13,35.3081,4141,0
EMXF.US,D,20230414,000000,35.33,35.33,35.09,35.1546,6841,0
EMXF.US,D,20230417,000000,35.28,35.33,35.205,35.3006,2736,0
EMXF.US,D,20230418,000000,35.345,35.345,35.21,35.28,1914,0
EMXF.US,D,20230419,000000,34.96,34.97,34.9098,34.9098,2370,0
EMXF.US,D,20230420,000000,35.02,35.03,34.7924,34.8251,5803,0
EMXF.US,D,20230421,000000,34.69,34.69,34.48,34.5235,835,0
EMXF.US,D,20230424,000000,34.45,34.4662,34.45,34.4662,2044,0
EMXF.US,D,20230425,000000,34.01,34.01,33.8638,33.8638,11351,0
EMXF.US,D,20230426,000000,34.25,34.295,34.0759,34.0759,4030,0
EMXF.US,D,20230427,000000,34.21,34.62,34.21,34.55,3455,0
EMXF.US,D,20230428,000000,34.769,34.78,34.715,34.715,3337,0
EMXF.US,D,20230501,000000,34.65,34.65,34.585,34.587,2548,0
EMXF.US,D,20230502,000000,34.18,34.28,34.15,34.2327,2978,0
EMXF.US,D,20230503,000000,34.36,34.4799,34.2291,34.2291,5008,0
EMXF.US,D,20230504,000000,34.69,34.73,34.56,34.5928,7025,0
EMXF.US,D,20230505,000000,34.94,35.13,34.94,35.0553,2258,0
EMXF.US,D,20230508,000000,35.34,35.34,35.0811,35.1355,2634,0
EMXF.US,D,20230509,000000,34.96,34.96,34.864,34.92,1449,0
EMXF.US,D,20230510,000000,34.97,34.97,34.78,34.8617,3202,0
EMXF.US,D,20230511,000000,34.8,34.88,34.685,34.8123,1750,0
EMXF.US,D,20230512,000000,34.74,34.74,34.36,34.4291,8353,0
EMXF.US,D,20230515,000000,34.84,35.08,34.78,35.025,3110,0
EMXF.US,D,20230516,000000,34.95,34.96,34.83,34.8441,25184,0
EMXF.US,D,20230517,000000,34.86,34.9703,34.76,34.9703,4748,0
EMXF.US,D,20230518,000000,35.04,35.04,34.73,34.8109,2205,0
EMXF.US,D,20230519,000000,34.9,34.9,34.7,34.7,3894,0
EMXF.US,D,20230522,000000,35.15,35.23,35.069,35.09,2804,0
EMXF.US,D,20230523,000000,34.87,34.87,34.53,34.55,3159,0
EMXF.US,D,20230524,000000,34.52,34.52,34.191,34.2351,3270,0
EMXF.US,D,20230525,000000,34.47,34.47,34.13,34.2,5315,0
EMXF.US,D,20230526,000000,34.63,34.79,34.54,34.78,10991,0
EMXF.US,D,20230530,000000,34.71,34.71,34.18,34.2698,5417,0
EMXF.US,D,20230531,000000,34.2,34.2,33.8725,34.0452,5340,0
EMXF.US,D,20230601,000000,34.2,34.67,34.2,34.66,1629,0
EMXF.US,D,20230602,000000,35.28,35.28,35.16,35.16,383,0
EMXF.US,D,20230605,000000,35.09,35.8652,35.09,35.8652,1075,0
EMXF.US,D,20230606,000000,35.27,35.6,35.21,35.48,2600,0
EMXF.US,D,20230607,000000,35.54,35.585,35.1747,35.1747,3251,0
EMXF.US,D,20230608,000000,35.28,36.6568,35.28,35.4074,1547,0
EMXF.US,D,20230609,000000,35.55,35.63,35.47,35.5271,7086,0
EMXF.US,D,20230612,000000,35.7,35.7,35.6348,35.6348,423,0
EMXF.US,D,20230613,000000,36.15,36.15,35.93,35.9841,4872,0
EMXF.US,D,20230614,000000,36.145,36.33,36.1,36.33,3855,0
EMXF.US,D,20230615,000000,36.65,36.73,36.65,36.6759,359,0
EMXF.US,D,20230616,000000,36.9,36.9,36.42,36.5316,16603,0
EMXF.US,D,20230620,000000,36.11,36.11,35.8143,35.8143,1976,0
EMXF.US,D,20230621,000000,35.77,35.77,35.62,35.7145,5932,0
EMXF.US,D,20230622,000000,35.59,35.63,35.465,35.61,2414,0
EMXF.US,D,20230623,000000,34.909,35.11,34.909,34.98,13465,0
EMXF.US,D,20230626,000000,35.199,35.26,35.123,35.123,2185,0
EMXF.US,D,20230627,000000,35.31,35.57,35.31,35.5006,4024,0
EMXF.US,D,20230628,000000,35.31,35.31,35.25,35.25,178,0
EMXF.US,D,20230629,000000,35.109,35.15,35.0925,35.0925,996,0
EMXF.US,D,20230630,000000,35.46,35.5,35.4475,35.4856,1692,0
EMXF.US,D,20230703,000000,35.91,35.91,35.87,35.8887,680,0
EMXF.US,D,20230705,000000,35.8,35.8,35.6,35.71,3010,0
EMXF.US,D,20230706,000000,34.9,34.9,34.9,34.9,471,0
EMXF.US,D,20230707,000000,35.13,35.72,35.13,35.4814,1429,0
EMXF.US,D,20230710,000000,35.47,35.54,35.325,35.52,43937,0
EMXF.US,D,20230711,000000,35.72,35.81,35.54,35.64,8011,0
EMXF.US,D,20230712,000000,36.115,36.4899,36.115,36.4311,1701,0
EMXF.US,D,20230713,000000,36.78,36.88,36.7,36.7984,14841,0
EMXF.US,D,20230714,000000,36.86,36.86,36.545,36.5531,8663,0
EMXF.US,D,20230717,000000,36.34,36.68,36.33,36.6252,10510,0
EMXF.US,D,20230718,000000,36.47,36.58,36.37,36.47,2657,0
EMXF.US,D,20230719,000000,36.53,36.53,36.4,36.41,2247,0
EMXF.US,D,20230720,000000,36.14,36.159,36.05,36.05,9900,0
EMXF.US,D,20230721,000000,36.15,36.21,36.0593,36.0593,7178,0
EMXF.US,D,20230724,000000,36.03,36.71,36.03,36.64,2529,0
EMXF.US,D,20230725,000000,36.9,36.91,36.7701,36.8241,3231,0
EMXF.US,D,20230726,000000,36.89,37.1031,36.89,37.1031,5810,0
EMXF.US,D,20230727,000000,37.08,37.08,36.7289,36.7289,1562,0
EMXF.US,D,20230728,000000,37.73,37.78,37.61,37.75,7593,0
EMXF.US,D,20230731,000000,37.65,37.859,37.5375,37.83,5339,0
EMXF.US,D,20230801,000000,37.4189,37.4189,37.2175,37.27,2977,0
EMXF.US,D,20230802,000000,36.39,36.44,36.33,36.4,3565,0
EMXF.US,D,20230803,000000,36.53,36.53,36.5,36.52,1764,0
EMXF.US,D,20230804,000000,36.735,36.81,36.5,36.5,3919,0
EMXF.US,D,20230807,000000,36.4988,36.54,36.35,36.54,1444,0
EMXF.US,D,20230808,000000,35.89,36.06,35.89,36.005,2365,0
EMXF.US,D,20230809,000000,36.18,36.18,36.0251,36.0251,1735,0
EMXF.US,D,20230810,000000,36.6,36.61,36.1362,36.2,3888,0
EMXF.US,D,20230811,000000,35.62,35.62,35.54,35.54,330,0
EMXF.US,D,20230814,000000,35.19,35.37,35.19,35.37,2895,0
EMXF.US,D,20230815,000000,34.88,35.1474,34.82,34.82,29251,0
EMXF.US,D,20230816,000000,34.78,34.78,34.58,34.58,4195,0
EMXF.US,D,20230817,000000,34.79,34.79,34.54,34.54,1646,0
EMXF.US,D,20230818,000000,34.379,34.379,34.2601,34.32,1609,0
EMXF.US,D,20230821,000000,34.24,34.48,34.24,34.48,2192,0
EMXF.US,D,20230822,000000,34.4158,34.46,34.3001,34.44,17307,0
EMXF.US,D,20230823,000000,35.01,35.01,34.9091,34.9091,769,0
EMXF.US,D,20230824,000000,35.0199,35.02,34.7601,34.86,1227,0
EMXF.US,D,20230825,000000,34.68,34.89,34.68,34.88,1327,0
EMXF.US,D,20230828,000000,35.1609,35.27,35.13,35.15,3839,0
EMXF.US,D,20230829,000000,35.57,35.64,35.53,35.64,26218,0
EMXF.US,D,20230830,000000,35.49,35.495,35.42,35.42,821,0
EMXF.US,D,20230831,000000,35.14,35.15,35.0281,35.07,3074,0
EMXF.US,D,20230901,000000,35.465,35.529,35.3662,35.41,8234,0
EMXF.US,D,20230905,000000,35.09,35.15,34.9908,35.07,5648,0
EMXF.US,D,20230906,000000,34.89,34.97,34.84,34.84,1636,0
EMXF.US,D,20230907,000000,34.39,34.449,34.36,34.44,3495,0
EMXF.US,D,20230908,000000,34.48,34.52,34.4,34.4484,8174,0
EMXF.US,D,20230911,000000,34.81,34.91,34.76,34.91,3392,0
EMXF.US,D,20230912,000000,34.8999,35.03,34.77,34.77,4942,0
EMXF.US,D,20230913,000000,34.9,34.9,34.71,34.86,2852,0
EMXF.US,D,20230914,000000,34.95,35.109,34.915,34.95,10281,0
EMXF.US,D,20230915,000000,34.97,34.97,34.84,34.96,7109,0
EMXF.US,D,20230918,000000,34.89,34.89,34.76,34.87,3882,0
EMXF.US,D,20230919,000000,34.64,34.69,34.5,34.6186,8104,0
EMXF.US,D,20230920,000000,34.81,34.85,34.54,34.54,8447,0
EMXF.US,D,20230921,000000,34.06,34.07,33.85,33.85,2086,0
EMXF.US,D,20230922,000000,34.42,34.42,34.36,34.42,902,0
EMXF.US,D,20230925,000000,34.2,34.28,34.125,34.28,6104,0
EMXF.US,D,20230926,000000,33.889,33.889,33.7556,33.7556,723,0
EMXF.US,D,20230927,000000,33.879,33.879,33.675,33.81,2172,0
EMXF.US,D,20230928,000000,33.6403,33.87,33.6403,33.73,6744,0
EMXF.US,D,20230929,000000,34.27,34.27,33.74,33.86,2074,0
EMXF.US,D,20231002,000000,33.71,33.71,33.56,33.58,4413,0
EMXF.US,D,20231003,000000,33.36,33.36,33.16,33.33,59277,0
EMXF.US,D,20231004,000000,33.22,33.43,33.18,33.3342,21928,0
EMXF.US,D,20231005,000000,33.48,33.69,33.3565,33.69,18054,0
EMXF.US,D,20231006,000000,34.035,34.12,33.92,33.92,3498,0
EMXF.US,D,20231009,000000,33.59,33.8,33.43,33.8,4701,0
EMXF.US,D,20231010,000000,34.17,34.389,34.17,34.36,7025,0
EMXF.US,D,20231011,000000,34.64,34.65,34.3963,34.43,10933,0
EMXF.US,D,20231012,000000,34.36,34.42,33.96,34.1197,12987,0
EMXF.US,D,20231013,000000,34.27,34.279,33.9302,33.9302,3881,0
EMXF.US,D,20231016,000000,33.92,34.29,33.92,34.2104,1419,0
EMXF.US,D,20231017,000000,34.24,34.249,33.98,33.98,2082,0
EMXF.US,D,20231018,000000,33.74,33.74,33.38,33.38,2220,0
EMXF.US,D,20231019,000000,33.35,33.45,33.31,33.3348,286155,0
EMXF.US,D,20231020,000000,33.04,33.04,32.9247,32.9247,624,0
EMXF.US,D,20231023,000000,32.97,33.12,32.89,32.9543,1855,0
EMXF.US,D,20231024,000000,33.43,33.48,33.31,33.41,8034,0
EMXF.US,D,20231025,000000,33.035,33.16,32.95,32.99,4399,0
EMXF.US,D,20231026,000000,32.73,32.92,32.73,32.75,5695,0
EMXF.US,D,20231027,000000,32.84,32.84,32.66,32.795,749,0
EMXF.US,D,20231030,000000,33.17,33.275,33.1,33.11,2430,0
EMXF.US,D,20231031,000000,33,33.19,32.7305,33.07,6730,0
EMXF.US,D,20231101,000000,33.08,33.2675,33.03,33.24,4476,0
EMXF.US,D,20231102,000000,33.71,33.79,33.675,33.76,14138,0
EMXF.US,D,20231103,000000,34.37,34.47,34.37,34.38,4717,0
EMXF.US,D,20231106,000000,34.6821,34.6821,34.64,34.66,1157,0
EMXF.US,D,20231107,000000,34.35,35.41,34.35,34.49,3247,0
EMXF.US,D,20231108,000000,34.45,34.5,34.33,34.43,18039,0
EMXF.US,D,20231109,000000,34.26,34.26,33.9201,33.95,3165,0
EMXF.US,D,20231110,000000,34.1,34.25,34.06,34.12,4853,0
EMXF.US,D,20231113,000000,34.21,34.29,34.08,34.2,4703,0
EMXF.US,D,20231114,000000,34.745,35.0899,34.745,35.02,7092,0
EMXF.US,D,20231115,000000,35.52,35.57,35.42,35.49,13186,0
EMXF.US,D,20231116,000000,34.94,35.01,34.84,34.88,21845,0
EMXF.US,D,20231117,000000,34.935,35.06,34.935,35.05,6075,0
EMXF.US,D,20231120,000000,35.275,35.47,35.2401,35.4,3002,0
EMXF.US,D,20231121,000000,35.16,35.25,35.16,35.25,3778,0
EMXF.US,D,20231122,000000,35.27,35.33,35.0634,35.0634,2504,0
EMXF.US,D,20231124,000000,34.92,35.1464,34.92,35.0936,9278,0
EMXF.US,D,20231127,000000,35.07,35.07,34.8505,34.99,3212,0
EMXF.US,D,20231128,000000,35.01,35.1792,34.96,35.06,2128,0
EMXF.US,D,20231129,000000,34.97,34.97,34.745,34.82,1310,0
EMXF.US,D,20231130,000000,34.76,34.86,34.7503,34.8156,1783,0
EMXF.US,D,20231201,000000,34.5233,35.01,34.5233,34.9053,6096,0
EMXF.US,D,20231204,000000,34.57,34.57,34.37,34.55,7059,0
EMXF.US,D,20231205,000000,34.14,34.42,34.14,34.41,15359,0
EMXF.US,D,20231206,000000,34.5,34.52,34.43,34.43,3047,0
EMXF.US,D,20231207,000000,34.54,34.61,34.51,34.5446,2983,0
EMXF.US,D,20231208,000000,34.3545,34.43,34.3198,34.42,3388,0
EMXF.US,D,20231211,000000,34.33,34.52,34.1,34.43,8061,0
EMXF.US,D,20231212,000000,34.41,34.49,34.28,34.44,4549,0
EMXF.US,D,20231213,000000,34.26,34.85,34.06,34.85,9693,0
EMXF.US,D,20231214,000000,35.42,35.4855,35.3461,35.41,6161,0
EMXF.US,D,20231215,000000,35.6,35.64,35.32,35.32,15479,0
EMXF.US,D,20231218,000000,35.11,35.33,35.11,35.22,7003,0
EMXF.US,D,20231219,000000,35.46,35.62,35.34,35.56,11917,0
EMXF.US,D,20231220,000000,35.07,35.07,34.24,34.24,5421,0
EMXF.US,D,20231221,000000,34.7457,34.96,34.74,34.96,13406,0
EMXF.US,D,20231222,000000,34.715,34.93,34.71,34.93,13389,0
EMXF.US,D,20231226,000000,35.25,35.25,34.99,35.23,3844,0
EMXF.US,D,20231227,000000,35.365,35.39,35.2101,35.2679,8570,0
EMXF.US,D,20231228,000000,35.66,35.67,35.41,35.45,17634,0
EMXF.US,D,20231229,000000,35.63,35.69,34.51,35.5,6787,0
EMXF.US,D,20240102,000000,35.01,35.079,34.88,34.88,4423,0
EMXF.US,D,20240103,000000,34.7105,34.85,34.6701,34.82,3920,0
EMXF.US,D,20240104,000000,34.81,34.81,34.57,34.72,5775,0
EMXF.US,D,20240105,000000,35.03,35.03,34.7481,34.77,10023,0
EMXF.US,D,20240108,000000,34.61,34.86,34.61,34.82,4706,0
EMXF.US,D,20240109,000000,34.56,34.56,34.33,34.38,1616,0
EMXF.US,D,20240110,000000,34.41,34.43,34.32,34.43,4918,0
EMXF.US,D,20240111,000000,34.4,34.62,34.26,34.62,4717,0
EMXF.US,D,20240112,000000,34.675,34.75,34.56,34.56,5948,0
EMXF.US,D,20240116,000000,34.04,34.04,33.7201,33.8046,7892,0
EMXF.US,D,20240117,000000,33.2591,33.4,33.251,33.4,3481,0
EMXF.US,D,20240118,000000,33.6,33.61,33.4,33.555,2359,0
EMXF.US,D,20240119,000000,33.72,33.99,33.5898,33.99,8466,0
EMXF.US,D,20240122,000000,33.4902,33.63,33.47,33.49,11036,0
EMXF.US,D,20240123,000000,33.9285,33.99,33.7961,33.99,10228,0
EMXF.US,D,20240124,000000,34.67,34.67,34.39,34.45,26976,0
EMXF.US,D,20240125,000000,34.52,34.52,34.2,34.23,3051,0
EMXF.US,D,20240126,000000,34.34,34.48,34.29,34.34,6995,0
EMXF.US,D,20240129,000000,34.31,34.31,34.12,34.26,5918,0
EMXF.US,D,20240130,000000,33.9901,33.9901,33.83,33.949,9017,0
EMXF.US,D,20240131,000000,33.94,34.08,33.791,33.86,3887,0
EMXF.US,D,20240201,000000,34.07,34.275,34.07,34.26,4738,0
EMXF.US,D,20240202,000000,33.8369,34,33.76,33.9994,6819,0
EMXF.US,D,20240205,000000,34.01,34.1,33.9,34.09,4766,0
EMXF.US,D,20240206,000000,34.63,34.86,34.63,34.82,1438,0
EMXF.US,D,20240207,000000,34.7899,34.7899,34.57,34.66,9016,0
EMXF.US,D,20240208,000000,34.61,34.61,34.47,34.5243,3233,0
EMXF.US,D,20240209,000000,34.54,34.73,34.54,34.6971,4213,0
EMXF.US,D,20240212,000000,33.78,35.1303,31.46,34.8818,20714,0
EMXF.US,D,20240213,000000,33.64,34.365,33.64,34.2255,5408,0
EMXF.US,D,20240214,000000,34.68,34.8,34.62,34.7556,3201,0
EMXF.US,D,20240215,000000,34.94,34.98,34.84,34.9094,7773,0
EMXF.US,D,20240216,000000,35.17,35.26,35.01,35.0969,3100,0
EMXF.US,D,20240220,000000,35.38,35.38,34.6744,34.7109,540609,0
EMXF.US,D,20240221,000000,34.97,34.97,34.67,34.95,21904,0
EMXF.US,D,20240222,000000,35.189,35.34,35.065,35.2751,6287,0
EMXF.US,D,20240223,000000,35.28,35.44,35.275,35.3753,12409,0
EMXF.US,D,20240226,000000,35.28,35.355,35.2,35.32,22893,0
EMXF.US,D,20240227,000000,35.395,35.47,35.35,35.35,4539,0
EMXF.US,D,20240228,000000,35.03,35.1,34.9315,34.9678,17736,0
EMXF.US,D,20240229,000000,35.0843,35.09,34.961,34.99,5375,0
EMXF.US,D,20240301,000000,35.29,35.44,35.29,35.41,4604,0
EMXF.US,D,20240304,000000,35.31,35.31,35.13,35.13,4242,0
EMXF.US,D,20240305,000000,35.05,35.05,34.83,34.9,5662,0
EMXF.US,D,20240306,000000,35.48,35.485,35.4113,35.4113,2227,0
EMXF.US,D,20240307,000000,35.49,35.63,35.49,35.62,10157,0
EMXF.US,D,20240308,000000,35.675,35.77,35.6,35.655,10569,0
EMXF.US,D,20240311,000000,35.87,35.94,35.78,35.88,8711,0
EMXF.US,D,20240312,000000,36.07,36.22,36.07,36.22,2303,0
EMXF.US,D,20240313,000000,36.17,36.21,36.0527,36.0777,3108,0
EMXF.US,D,20240314,000000,35.87,35.87,35.8,35.855,1601,0
EMXF.US,D,20240315,000000,35.768,35.768,35.6103,35.6103,2928,0
EMXF.US,D,20240318,000000,35.7,35.719,35.5014,35.54,1504,0
EMXF.US,D,20240319,000000,35.28,35.45,35.28,35.43,7215,0
EMXF.US,D,20240320,000000,35.42,35.7,35.33,35.64,5090,0
EMXF.US,D,20240321,000000,35.85,35.85,35.68,35.68,991,0
EMXF.US,D,20240322,000000,35.53,35.53,35.4,35.4,3581,0
EMXF.US,D,20240325,000000,35.501,35.55,35.48,35.53,5566,0
EMXF.US,D,20240326,000000,35.51,35.57,35.38,35.38,15720,0
EMXF.US,D,20240327,000000,35.49,35.61,35.49,35.61,1360,0
EMXF.US,D,20240328,000000,35.67,35.8,35.6,35.6,5233,0
EMXF.US,D,20240401,000000,35.68,35.7563,35.61,35.61,1549,0
EMXF.US,D,20240402,000000,35.73,35.95,35.6325,35.6325,7884,0
EMXF.US,D,20240403,000000,35.51,35.84,35.51,35.8,35402,0
EMXF.US,D,20240404,000000,36.0793,36.25,35.7064,35.7064,3019,0
EMXF.US,D,20240405,000000,35.75,35.82,35.66,35.82,8305,0
EMXF.US,D,20240408,000000,36.09,36.09,35.95,36.04,6586,0
EMXF.US,D,20240409,000000,36.37,37.47,36.23,36.34,4160,0
EMXF.US,D,20240410,000000,35.78,35.89,35.651,35.87,7989,0
EMXF.US,D,20240411,000000,36.12,36.22,35.75,36.05,4509,0
EMXF.US,D,20240412,000000,35.45,35.46,35.18,35.26,1849,0
EMXF.US,D,20240415,000000,35.07,35.14,34.77,34.77,8286,0
EMXF.US,D,20240416,000000,34.48,34.48,34.3501,34.38,2636,0
EMXF.US,D,20240417,000000,34.369,34.42,34.225,34.32,3934,0
EMXF.US,D,20240418,000000,34.48,34.74,34.33,34.4,4594,0
EMXF.US,D,20240419,000000,34.38,34.53,34.18,34.34,3481,0
EMXF.US,D,20240422,000000,34.48,34.81,34.48,34.77,7136,0
EMXF.US,D,20240423,000000,35.02,35.13,34.97,35.09,3000,0
EMXF.US,D,20240424,000000,35.06,35.06,35.06,35.06,356,0
EMXF.US,D,20240425,000000,34.96,35.24,34.96,35.23,2173,0
EMXF.US,D,20240426,000000,35.56,35.62,35.49,35.54,4623,0
EMXF.US,D,20240429,000000,35.965,36.06,35.9361,36.06,4520,0
EMXF.US,D,20240430,000000,35.78,35.78,35.5,35.5,8116,0
EMXF.US,D,20240501,000000,35.63,35.9,35.4817,35.6,8649,0
EMXF.US,D,20240502,000000,36.09,36.61,36.09,36.56,2196,0
EMXF.US,D,20240503,000000,36.6234,36.85,36.6234,36.85,4445,0
EMXF.US,D,20240506,000000,36.78,36.78,36.78,36.78,492,0
EMXF.US,D,20240507,000000,36.59,36.59,36.51,36.57,3277,0
EMXF.US,D,20240508,000000,36.38,36.52,36.38,36.42,8198,0
EMXF.US,D,20240509,000000,36.66,36.7,36.5801,36.7,5152,0
EMXF.US,D,20240510,000000,36.87,36.87,36.77,36.83,4706,0
EMXF.US,D,20240513,000000,37.26,37.26,37.14,37.21,9617,0
EMXF.US,D,20240514,000000,37.1399,37.1399,37.03,37.05,1018,0
EMXF.US,D,20240515,000000,37.31,37.56,37.31,37.56,11801,0
EMXF.US,D,20240516,000000,37.75,37.9396,37.74,37.9,4300,0
EMXF.US,D,20240517,000000,37.95,38.09,37.95,38.07,5961,0
EMXF.US,D,20240520,000000,37.81,37.96,37.8,37.8,3104,0
EMXF.US,D,20240521,000000,37.585,37.65,37.5301,37.65,2913,0
EMXF.US,D,20240522,000000,37.66,37.66,37.325,37.34,2382,0
EMXF.US,D,20240523,000000,37.54,37.56,36.9401,37.01,95739,0
EMXF.US,D,20240524,000000,37.01,37.31,37.01,37.31,9703,0
EMXF.US,D,20240528,000000,37.15,37.22,36.97,37.02,10116,0
EMXF.US,D,20240529,000000,36.515,36.6,36.515,36.5213,886,0
EMXF.US,D,20240530,000000,36.34,36.57,36.34,36.48,14618,0
EMXF.US,D,20240531,000000,36.26,36.26,35.88,36.23,2692,0
EMXF.US,D,20240603,000000,36.46,36.46,36.26,36.33,15307,0
EMXF.US,D,20240604,000000,35.95,36.17,35.95,36.17,1899,0
EMXF.US,D,20240605,000000,36.59,36.7,36.59,36.7,969,0
EMXF.US,D,20240606,000000,36.69,36.89,36.66,36.66,4725,0
EMXF.US,D,20240607,000000,36.67,36.67,36.44,36.5,1103,0
EMXF.US,D,20240610,000000,36.5,36.65,36.46,36.56,3532,0
EMXF.US,D,20240611,000000,36.14,36.2,35.96,36.09,5139,0
EMXF.US,D,20240612,000000,36.505,36.64,36.38,36.44,7918,0
EMXF.US,D,20240613,000000,36.28,36.41,36.26,36.26,1278,0
EMXF.US,D,20240614,000000,36.3,36.43,36.1982,36.43,3741,0
EMXF.US,D,20240617,000000,36.55,36.7,36.45,36.64,5539,0
EMXF.US,D,20240618,000000,36.9128,37.038,36.84,37,3247,0
EMXF.US,D,20240620,000000,37.28,37.335,36.8753,36.99,12047,0
EMXF.US,D,20240621,000000,37.06,37.06,36.8,36.8,954,0
EMXF.US,D,20240624,000000,37.01,37.04,36.88,36.92,1956,0
EMXF.US,D,20240625,000000,36.755,36.7805,36.7,36.7805,4638,0
EMXF.US,D,20240626,000000,36.6557,36.88,36.6557,36.72,11006,0
EMXF.US,D,20240627,000000,36.7659,36.8499,36.7156,36.7469,25853,0
EMXF.US,D,20240628,000000,36.915,36.915,36.69,36.69,2995,0
EMXF.US,D,20240701,000000,36.81,36.815,36.756,36.815,5991,0
EMXF.US,D,20240702,000000,36.71,36.95,36.71,36.915,7528,0
EMXF.US,D,20240703,000000,37.47,37.47,37.425,37.425,529,0
EMXF.US,D,20240705,000000,37.56,37.56,37.22,37.405,3846,0
EMXF.US,D,20240708,000000,37.5205,37.6,37.3601,37.42,6036,0
EMXF.US,D,20240709,000000,37.6,37.6,37.34,37.53,6809,0
EMXF.US,D,20240710,000000,37.5818,37.79,37.5818,37.79,1656,0
EMXF.US,D,20240711,000000,38.18,38.19,37.91,37.95,3990,0
EMXF.US,D,20240712,000000,38.355,38.46,38.27,38.38,3642,0
EMXF.US,D,20240715,000000,38.17,38.17,37.8301,37.8301,4589,0
EMXF.US,D,20240716,000000,37.9,38.1199,37.9,38.1,16429,0
EMXF.US,D,20240717,000000,37.75,37.75,37.481,37.545,5231,0
EMXF.US,D,20240718,000000,37.57,37.57,37.27,37.3013,1532,0
EMXF.US,D,20240719,000000,37.2,37.2,36.9985,36.9985,2373,0
EMXF.US,D,20240722,000000,37.28,37.359,37.2455,37.318,6607,0
EMXF.US,D,20240723,000000,37.16,37.17,36.97,37.05,8231,0
EMXF.US,D,20240724,000000,37.66,37.66,36.6,36.6,3099,0
EMXF.US,D,20240725,000000,36.55,36.7,36.47,36.47,5181,0
EMXF.US,D,20240726,000000,36.8,36.87,36.77,36.77,7170,0
EMXF.US,D,20240729,000000,36.79,36.8,36.66,36.7162,10179,0
EMXF.US,D,20240730,000000,36.81,36.81,36.45,36.48,4805,0
EMXF.US,D,20240731,000000,37.29,37.42,37.2,37.2555,2345,0
EMXF.US,D,20240801,000000,37.22,37.22,36.5382,36.68,11605,0
EMXF.US,D,20240802,000000,36.36,36.96,35.9915,36.1784,6071,0
EMXF.US,D,20240805,000000,35.19,35.48,35.062,35.2754,5581,0
EMXF.US,D,20240806,000000,35.345,35.59,35.345,35.49,1938,0
EMXF.US,D,20240807,000000,35.6916,35.76,35.6769,35.6769,1882,0
EMXF.US,D,20240808,000000,36.15,36.5,36.15,36.5,5137,0
EMXF.US,D,20240809,000000,36.49,36.69,36.49,36.615,4764,0
EMXF.US,D,20240812,000000,36.69,36.807,36.69,36.7121,1041,0
EMXF.US,D,20240813,000000,36.8654,37.14,36.8364,37.1011,4632,0
EMXF.US,D,20240814,000000,37.109,38.84,36.9268,37.0166,4587,0
EMXF.US,D,20240815,000000,37.49,37.5,37.41,37.4165,1121,0
EMXF.US,D,20240816,000000,37.87,37.91,37.76,37.91,4337,0
EMXF.US,D,20240819,000000,38.15,38.38,38.1,38.35,4804,0
EMXF.US,D,20240820,000000,38.065,38.12,38.05,38.12,1781,0
EMXF.US,D,20240821,000000,38.16,38.33,38.16,38.2069,4401,0
EMXF.US,D,20240822,000000,38.2,38.2,37.62,37.71,3020,0
EMXF.US,D,20240823,000000,38.04,38.33,38.04,38.29,7361,0
EMXF.US,D,20240826,000000,38.38,38.38,38.05,38.05,5458,0
EMXF.US,D,20240827,000000,38.0701,38.21,38.0701,38.14,1320,0
EMXF.US,D,20240828,000000,38.06,38.06,37.7904,37.87,6652,0
EMXF.US,D,20240829,000000,38.1187,38.1187,38.01,38.01,2194,0
EMXF.US,D,20240830,000000,38.15,38.15,37.96,37.96,4080,0
EMXF.US,D,20240903,000000,37.69,37.69,37.36,37.36,4949,0
EMXF.US,D,20240904,000000,37.66,37.679,37.4403,37.49,4805,0
EMXF.US,D,20240905,000000,37.78,37.78,37.59,37.67,3973,0
EMXF.US,D,20240906,000000,37.069,37.08,36.96,36.96,3670,0
EMXF.US,D,20240909,000000,37.48,37.48,37.25,37.3604,9179,0
EMXF.US,D,20240910,000000,37.055,37.32,37.055,37.25,5513,0
EMXF.US,D,20240911,000000,36.98,37.51,36.98,37.48,8059,0
EMXF.US,D,20240912,000000,37.65,37.86,37.6,37.78,7069,0
EMXF.US,D,20240913,000000,38.01,38.04,37.93,37.93,4142,0
EMXF.US,D,20240916,000000,38.14,38.18,38,38.06,5992,0
EMXF.US,D,20240917,000000,38.3,38.33,38.14,38.14,2026,0
EMXF.US,D,20240918,000000,38.2,38.33,38.08,38.08,3146,0
EMXF.US,D,20240919,000000,38.65,38.96,38.65,38.9042,2869,0
EMXF.US,D,20240920,000000,38.87,38.92,38.78,38.8005,1849,0
EMXF.US,D,20240923,000000,39.1,39.23,39.04,39.1258,7712,0
EMXF.US,D,20240924,000000,40.15,40.4,40.095,40.3281,2831,0
EMXF.US,D,20240925,000000,40.05,40.05,39.82,39.82,4216,0
EMXF.US,D,20240926,000000,41.12,41.31,41.06,41.16,4419,0
EMXF.US,D,20240927,000000,41.325,41.325,41.1347,41.1347,1878,0
EMXF.US,D,20240930,000000,40.779,40.779,40.5233,40.5233,2153,0
EMXF.US,D,20241001,000000,40.78,40.82,40.42,40.7576,2876,0
EMXF.US,D,20241002,000000,41.22,41.55,41.17,41.4769,5767,0
EMXF.US,D,20241003,000000,40.92,40.97,40.72,40.73,14667,0
EMXF.US,D,20241004,000000,41.19,41.26,40.9914,41.26,4077,0
EMXF.US,D,20241007,000000,41.26,41.49,41.26,41.4607,13621,0
EMXF.US,D,20241008,000000,40.5112,40.63,40.48,40.5535,2517,0
EMXF.US,D,20241009,000000,40.46,40.46,40.39,40.3942,825,0
EMXF.US,D,20241010,000000,40.5,40.5468,40.48,40.5307,5000,0
EMXF.US,D,20241011,000000,40.47,40.75,40.46,40.705,4464,0
EMXF.US,D,20241014,000000,40.77,40.81,40.6481,40.6481,1809,0
EMXF.US,D,20241015,000000,40.24,40.24,39.82,39.8351,2781,0
EMXF.US,D,20241016,000000,40.33,40.33,40.2159,40.2159,3523,0
EMXF.US,D,20241017,000000,39.95,39.9839,39.94,39.9839,5240,0
EMXF.US,D,20241018,000000,40.54,40.54,40.29,40.29,2299,0
EMXF.US,D,20241021,000000,40.14,40.18,40.11,40.1434,2045,0
EMXF.US,D,20241022,000000,40.13,40.1744,40.11,40.1574,3426,0
EMXF.US,D,20241023,000000,40,40,39.81,39.95,1124,0
EMXF.US,D,20241024,000000,39.79,40,39.79,39.9211,1990,0
EMXF.US,D,20241025,000000,39.94,40.1107,39.85,39.9087,2347,0
EMXF.US,D,20241028,000000,40.0875,40.13,39.8801,40.11,2195,0
EMXF.US,D,20241029,000000,40,40.1,39.972,39.972,6086,0
EMXF.US,D,20241030,000000,39.58,39.66,39.48,39.48,2512,0
EMXF.US,D,20241031,000000,39.24,39.37,39.22,39.25,4967,0
EMXF.US,D,20241101,000000,39.59,39.59,39.481,39.481,1287,0
EMXF.US,D,20241104,000000,39.8,39.88,39.65,39.7,3764,0
