<TICKER>,<PER>,<DATE>,<TIME>,<OPEN>,<HIGH>,<LOW>,<CLOSE>,<VOL>,<OPENINT>
ESPO.US,D,20181019,000000,29.87,29.87,29.368,29.368,8927,0
ESPO.US,D,20181022,000000,29.6,29.61,29.394,29.488,9942,0
ESPO.US,D,20181023,000000,28.724,29.113,28.486,29.072,6591,0
ESPO.US,D,20181024,000000,28.704,28.704,27.618,27.618,14793,0
ESPO.US,D,20181025,000000,27.53,28.131,27.53,27.997,2218,0
ESPO.US,D,20181026,000000,27.112,27.513,26.962,27.181,4121,0
ESPO.US,D,20181029,000000,27.48,27.57,26.145,26.145,54244,0
ESPO.US,D,20181030,000000,26.594,26.852,26.594,26.662,4794,0
ESPO.US,D,20181031,000000,27.618,27.852,27.56,27.777,8620,0
ESPO.US,D,20181101,000000,28.136,28.644,28.136,28.644,6511,0
ESPO.US,D,20181102,000000,29.242,29.272,28.729,28.872,3552,0
ESPO.US,D,20181105,000000,28.833,28.833,28.436,28.574,4446,0
ESPO.US,D,20181106,000000,28.535,28.783,28.535,28.634,7733,0
ESPO.US,D,20181107,000000,29.122,29.5,29.072,29.447,6764,0
ESPO.US,D,20181108,000000,29.362,29.51,29.022,29.027,2472,0
ESPO.US,D,20181109,000000,28.066,28.066,27.737,27.737,6042,0
ESPO.US,D,20181112,000000,27.707,27.707,27.112,27.112,3012,0
ESPO.US,D,20181113,000000,27.478,27.674,27.321,27.371,7319,0
ESPO.US,D,20181114,000000,27.687,27.727,27.44,27.48,2886,0
ESPO.US,D,20181115,000000,27.717,28.007,27.717,27.987,2281,0
ESPO.US,D,20181116,000000,27.092,27.361,27.092,27.361,12540,0
ESPO.US,D,20181119,000000,27.284,27.284,26.634,26.634,2964,0
ESPO.US,D,20181120,000000,25.777,26.314,25.777,26.125,3133,0
ESPO.US,D,20181121,000000,26.653,26.733,26.653,26.733,643,0
ESPO.US,D,20181123,000000,26.624,26.624,26.554,26.554,379,0
ESPO.US,D,20181126,000000,27.181,27.201,27.092,27.092,409,0
ESPO.US,D,20181127,000000,27.092,27.241,27.019,27.241,1334,0
ESPO.US,D,20181128,000000,27.82,28.045,27.82,28.045,2283,0
ESPO.US,D,20181129,000000,28.196,28.381,28.195,28.246,3004,0
ESPO.US,D,20181130,000000,28.076,28.106,28.076,28.082,619,0
ESPO.US,D,20181203,000000,28.783,28.783,28.436,28.436,911,0
ESPO.US,D,20181204,000000,28.216,28.336,27.52,27.52,8276,0
ESPO.US,D,20181206,000000,26.723,27.371,26.574,27.371,8430,0
ESPO.US,D,20181207,000000,27.677,27.677,27.032,27.032,1715,0
ESPO.US,D,20181210,000000,26.932,27.124,26.932,27.124,696,0
ESPO.US,D,20181211,000000,27.53,27.53,27.131,27.201,9087,0
ESPO.US,D,20181212,000000,27.46,27.72,27.46,27.524,5552,0
ESPO.US,D,20181213,000000,27.682,27.682,27.543,27.564,2357,0
ESPO.US,D,20181214,000000,27.151,27.151,26.976,26.976,1045,0
ESPO.US,D,20181217,000000,26.763,26.882,26.504,26.504,1537,0
ESPO.US,D,20181218,000000,26.494,26.693,26.464,26.524,3886,0
ESPO.US,D,20181219,000000,26.922,26.982,26.284,26.284,1647,0
ESPO.US,D,20181220,000000,26.174,26.174,25.986,26.076,17126,0
ESPO.US,D,20181221,000000,26.644,26.743,26.057,26.057,10258,0
ESPO.US,D,20181224,000000,25.767,26.026,25.712,25.712,973,0
ESPO.US,D,20181226,000000,25.996,26.527,25.747,26.497,2026,0
ESPO.US,D,20181227,000000,26.689,26.689,26.274,26.689,477,0
ESPO.US,D,20181228,000000,26.733,26.952,26.693,26.719,1258,0
ESPO.US,D,20181231,000000,27.012,27.012,26.723,26.723,2701,0
ESPO.US,D,20190102,000000,26.504,26.952,26.504,26.862,1496,0
ESPO.US,D,20190103,000000,26.294,26.369,26.093,26.105,47361,0
ESPO.US,D,20190104,000000,26.675,27.371,26.675,27.251,786,0
ESPO.US,D,20190107,000000,27.714,27.978,27.714,27.978,835,0
ESPO.US,D,20190108,000000,28.267,28.267,28.028,28.227,4022,0
ESPO.US,D,20190109,000000,28.615,28.779,28.615,28.755,3164,0
ESPO.US,D,20190110,000000,28.507,28.874,28.507,28.874,1084,0
ESPO.US,D,20190111,000000,28.427,28.484,28.367,28.467,6260,0
ESPO.US,D,20190114,000000,28.197,28.367,28.197,28.362,2462,0
ESPO.US,D,20190115,000000,28.575,28.585,28.536,28.536,1297,0
ESPO.US,D,20190116,000000,28.635,28.745,28.635,28.635,2737,0
ESPO.US,D,20190117,000000,28.635,29.083,28.635,28.884,1778,0
ESPO.US,D,20190118,000000,29.253,29.512,29.253,29.455,28717,0
ESPO.US,D,20190122,000000,29.103,29.103,28.691,28.691,8307,0
ESPO.US,D,20190123,000000,29.233,29.243,28.774,28.774,4854,0
ESPO.US,D,20190124,000000,29.173,29.263,29.073,29.223,6206,0
ESPO.US,D,20190125,000000,29.556,29.681,29.541,29.651,4908,0
ESPO.US,D,20190128,000000,28.874,28.904,28.675,28.89,5323,0
ESPO.US,D,20190129,000000,29.063,29.063,28.745,28.745,3594,0
ESPO.US,D,20190130,000000,29.008,29.541,29,29.452,2177,0
ESPO.US,D,20190131,000000,29.283,29.741,29.283,29.686,16984,0
ESPO.US,D,20190201,000000,29.403,29.496,29.32,29.364,4719,0
ESPO.US,D,20190204,000000,29.611,29.751,29.591,29.691,2387,0
ESPO.US,D,20190205,000000,29.661,29.887,29.661,29.887,4096,0
ESPO.US,D,20190206,000000,29.113,29.183,28.746,28.755,25356,0
ESPO.US,D,20190207,000000,28.387,28.625,28.187,28.377,40018,0
ESPO.US,D,20190208,000000,28.267,28.705,28.267,28.645,5362,0
ESPO.US,D,20190211,000000,28.824,28.824,28.536,28.536,5443,0
ESPO.US,D,20190212,000000,28.695,28.964,28.695,28.874,36772,0
ESPO.US,D,20190213,000000,29.113,29.113,28.984,28.984,7294,0
ESPO.US,D,20190214,000000,28.874,29.223,28.755,29.216,29963,0
ESPO.US,D,20190215,000000,29.263,29.263,29.213,29.213,6659,0
ESPO.US,D,20190219,000000,28.924,29.073,28.884,28.984,23448,0
ESPO.US,D,20190220,000000,28.994,29.183,28.774,28.774,10358,0
ESPO.US,D,20190221,000000,28.685,28.695,28.585,28.585,4509,0
ESPO.US,D,20190222,000000,28.665,28.803,28.665,28.715,8920,0
ESPO.US,D,20190225,000000,29.033,29.203,28.894,28.894,6149,0
ESPO.US,D,20190226,000000,28.824,28.984,28.814,28.934,2295,0
ESPO.US,D,20190227,000000,29.023,29.148,29.023,29.098,4168,0
ESPO.US,D,20190228,000000,29.098,29.098,28.924,28.924,9727,0
ESPO.US,D,20190301,000000,29.333,29.343,29.173,29.316,4850,0
ESPO.US,D,20190304,000000,29.343,29.373,28.857,29.224,10141,0
ESPO.US,D,20190305,000000,29.353,29.573,29.273,29.521,2298,0
ESPO.US,D,20190306,000000,29.521,29.551,29.413,29.413,7652,0
ESPO.US,D,20190307,000000,29.173,29.173,28.982,29.033,11714,0
ESPO.US,D,20190308,000000,28.725,28.934,28.715,28.934,4670,0
ESPO.US,D,20190311,000000,29.173,29.606,29.173,29.606,8225,0
ESPO.US,D,20190312,000000,29.651,29.721,29.611,29.661,10231,0
ESPO.US,D,20190313,000000,29.901,30.289,29.901,30.259,14427,0
ESPO.US,D,20190314,000000,29.97,29.97,29.721,29.822,8891,0
ESPO.US,D,20190315,000000,30.159,30.368,30.159,30.318,8517,0
ESPO.US,D,20190318,000000,30.597,30.727,30.597,30.617,16646,0
ESPO.US,D,20190319,000000,30.707,30.965,30.707,30.916,22114,0
ESPO.US,D,20190320,000000,30.946,31.225,30.877,30.976,15223,0
ESPO.US,D,20190321,000000,30.787,31.708,30.787,31.663,17782,0
ESPO.US,D,20190322,000000,31.673,31.833,31.166,31.205,31463,0
ESPO.US,D,20190325,000000,31.235,31.245,30.949,31.116,13387,0
ESPO.US,D,20190326,000000,31.355,31.663,31.157,31.249,10246,0
ESPO.US,D,20190327,000000,31.503,31.503,31.136,31.176,11945,0
ESPO.US,D,20190328,000000,31.394,31.493,31.186,31.493,30565,0
ESPO.US,D,20190329,000000,31.673,31.673,31.404,31.613,15627,0
ESPO.US,D,20190401,000000,31.952,32.032,31.823,31.982,7191,0
ESPO.US,D,20190402,000000,31.842,31.947,31.783,31.872,9868,0
ESPO.US,D,20190403,000000,32.34,32.69,32.34,32.487,11913,0
ESPO.US,D,20190404,000000,32.38,32.55,32.111,32.221,22832,0
ESPO.US,D,20190405,000000,32.281,32.551,32.281,32.51,5634,0
ESPO.US,D,20190408,000000,32.35,32.35,32.189,32.261,5558,0
ESPO.US,D,20190409,000000,32.181,32.219,32.022,32.022,10450,0
ESPO.US,D,20190410,000000,32.131,32.399,32.131,32.35,5470,0
ESPO.US,D,20190411,000000,32.33,32.34,32.293,32.301,7089,0
ESPO.US,D,20190412,000000,32.58,32.738,32.56,32.57,17754,0
ESPO.US,D,20190415,000000,32.5,32.5,32.131,32.141,11732,0
ESPO.US,D,20190416,000000,32.351,32.351,32.251,32.251,17623,0
ESPO.US,D,20190417,000000,32.221,32.221,31.882,31.922,6360,0
ESPO.US,D,20190418,000000,31.922,32.161,31.922,32.101,9314,0
ESPO.US,D,20190422,000000,32.062,32.281,32.058,32.281,6818,0
ESPO.US,D,20190423,000000,32.191,32.59,32.191,32.56,11137,0
ESPO.US,D,20190424,000000,32.6,32.605,32.45,32.565,10938,0
ESPO.US,D,20190425,000000,32.43,32.43,32.151,32.246,6523,0
ESPO.US,D,20190426,000000,32.291,32.62,32.271,32.6,17587,0
ESPO.US,D,20190429,000000,32.68,32.788,32.62,32.77,10012,0
ESPO.US,D,20190430,000000,32.75,32.807,32.735,32.76,8673,0
ESPO.US,D,20190501,000000,33.043,33.092,32.788,32.788,6414,0
ESPO.US,D,20190502,000000,32.818,33.017,32.62,32.788,8010,0
ESPO.US,D,20190503,000000,32.838,33.027,32.778,32.967,15664,0
ESPO.US,D,20190506,000000,31.982,32.67,31.872,32.659,9615,0
ESPO.US,D,20190507,000000,32.301,32.301,31.533,31.804,11027,0
ESPO.US,D,20190508,000000,32.101,32.347,32.042,32.171,10940,0
ESPO.US,D,20190509,000000,31.553,31.872,31.273,31.723,19211,0
ESPO.US,D,20190510,000000,31.882,32.35,31.598,32.241,7219,0
ESPO.US,D,20190513,000000,31.623,31.723,31.214,31.315,14899,0
ESPO.US,D,20190514,000000,31.434,32.052,31.434,31.872,10616,0
ESPO.US,D,20190515,000000,31.713,32.261,31.713,32.052,22912,0
ESPO.US,D,20190516,000000,32.091,32.49,32.071,32.33,8237,0
ESPO.US,D,20190517,000000,32.121,32.271,31.962,31.962,7570,0
ESPO.US,D,20190520,000000,31.533,31.533,31.066,31.066,12298,0
ESPO.US,D,20190521,000000,31.394,31.423,31.235,31.374,19295,0
ESPO.US,D,20190522,000000,31.733,31.982,31.683,31.902,8645,0
ESPO.US,D,20190523,000000,31.603,31.603,31.305,31.394,7090,0
ESPO.US,D,20190524,000000,31.726,31.753,31.436,31.573,4814,0
ESPO.US,D,20190528,000000,31.803,32.012,31.753,31.753,8463,0
ESPO.US,D,20190529,000000,31.553,31.653,31.33,31.523,4916,0
ESPO.US,D,20190530,000000,31.673,31.673,31.483,31.509,1717,0
ESPO.US,D,20190531,000000,31.473,31.733,31.473,31.633,3972,0
ESPO.US,D,20190603,000000,31.823,31.962,31.414,31.523,5048,0
ESPO.US,D,20190604,000000,31.493,32.043,31.444,32.043,5451,0
ESPO.US,D,20190605,000000,32.151,32.224,31.748,32.028,5758,0
ESPO.US,D,20190606,000000,32.241,32.475,32.236,32.47,5717,0
ESPO.US,D,20190607,000000,32.785,32.868,32.785,32.818,4953,0
ESPO.US,D,20190610,000000,33.316,33.335,33.047,33.105,22954,0
ESPO.US,D,20190611,000000,33.167,33.227,32.818,32.915,25427,0
ESPO.US,D,20190612,000000,32.59,32.59,32.23,32.271,21107,0
ESPO.US,D,20190613,000000,32.346,32.37,32.151,32.232,13923,0
ESPO.US,D,20190614,000000,32.191,32.191,31.882,31.992,3401,0
ESPO.US,D,20190617,000000,31.992,31.992,31.703,31.715,4078,0
ESPO.US,D,20190618,000000,32.191,32.45,32.191,32.269,9681,0
ESPO.US,D,20190619,000000,32.37,32.37,32.091,32.36,6279,0
ESPO.US,D,20190620,000000,32.987,32.997,32.719,32.852,9860,0
ESPO.US,D,20190621,000000,32.6,32.867,32.6,32.828,8043,0
ESPO.US,D,20190624,000000,32.818,32.977,32.751,32.967,4793,0
ESPO.US,D,20190625,000000,32.68,32.832,32.495,32.495,9319,0
ESPO.US,D,20190626,000000,32.908,32.908,32.817,32.838,3892,0
ESPO.US,D,20190627,000000,33.007,33.197,32.977,33.187,9494,0
ESPO.US,D,20190628,000000,33.266,33.266,33.14,33.207,5877,0
ESPO.US,D,20190701,000000,33.666,33.721,33.456,33.54,6235,0
ESPO.US,D,20190702,000000,33.446,33.672,33.446,33.616,7631,0
ESPO.US,D,20190703,000000,33.646,33.686,33.566,33.616,2945,0
ESPO.US,D,20190705,000000,33.376,33.376,33.017,33.266,2331,0
ESPO.US,D,20190708,000000,32.918,32.987,32.873,32.942,4134,0
ESPO.US,D,20190709,000000,32.898,33.157,32.848,33.117,5735,0
ESPO.US,D,20190710,000000,33.496,33.795,33.496,33.646,12991,0
ESPO.US,D,20190711,000000,34.104,34.104,33.864,33.946,22164,0
ESPO.US,D,20190712,000000,33.854,33.854,33.675,33.76,4174,0
ESPO.US,D,20190715,000000,33.755,33.964,33.666,33.964,22042,0
ESPO.US,D,20190716,000000,33.874,33.874,33.716,33.723,5912,0
ESPO.US,D,20190717,000000,33.725,33.725,33.51,33.518,6623,0
ESPO.US,D,20190718,000000,33.346,33.566,33.346,33.561,2545,0
ESPO.US,D,20190719,000000,33.693,33.693,33.34,33.34,2760,0
ESPO.US,D,20190722,000000,33.356,33.416,33.351,33.366,3930,0
ESPO.US,D,20190723,000000,33.366,33.566,33.366,33.549,4309,0
ESPO.US,D,20190724,000000,33.696,33.963,33.582,33.91,14342,0
ESPO.US,D,20190725,000000,33.944,33.944,33.557,33.646,13282,0
ESPO.US,D,20190726,000000,33.824,34.034,33.824,33.966,8672,0
ESPO.US,D,20190729,000000,33.904,33.904,33.523,33.805,26826,0
ESPO.US,D,20190730,000000,33.566,33.686,33.458,33.606,9291,0
ESPO.US,D,20190731,000000,33.824,33.864,33.366,33.436,23293,0
ESPO.US,D,20190801,000000,33.556,34.168,33.099,33.188,14440,0
ESPO.US,D,20190802,000000,33.316,33.441,32.993,33.322,13894,0
ESPO.US,D,20190805,000000,32.45,32.58,31.703,31.813,36233,0
ESPO.US,D,20190806,000000,32.53,32.63,32.131,32.211,19763,0
ESPO.US,D,20190807,000000,32.022,32.85,32.022,32.85,7862,0
ESPO.US,D,20190808,000000,33.266,33.86,33.266,33.82,14290,0
ESPO.US,D,20190809,000000,33.286,33.286,32.868,33.147,10444,0
ESPO.US,D,20190812,000000,32.868,32.913,32.5,32.515,15832,0
ESPO.US,D,20190813,000000,32.56,33.141,32.56,33.067,9689,0
ESPO.US,D,20190814,000000,32.39,32.4,31.952,32.012,10783,0
ESPO.US,D,20190815,000000,32.161,32.241,31.993,32.086,12229,0
ESPO.US,D,20190816,000000,32.55,32.798,32.41,32.778,8544,0
ESPO.US,D,20190819,000000,33.256,33.526,33.256,33.426,6929,0
ESPO.US,D,20190820,000000,33.227,33.321,33.147,33.227,4813,0
ESPO.US,D,20190821,000000,33.616,33.626,33.506,33.596,7129,0
ESPO.US,D,20190822,000000,33.616,33.616,33.376,33.556,9794,0
ESPO.US,D,20190823,000000,33.386,33.616,32.798,32.798,7761,0
ESPO.US,D,20190826,000000,33.227,33.227,33.062,33.097,4953,0
ESPO.US,D,20190827,000000,33.646,33.735,33.296,33.346,19669,0
ESPO.US,D,20190828,000000,33.296,33.467,33.126,33.336,9944,0
ESPO.US,D,20190829,000000,33.616,33.775,33.545,33.646,12281,0
ESPO.US,D,20190830,000000,33.795,33.845,33.441,33.696,12484,0
ESPO.US,D,20190903,000000,33.526,33.616,33.487,33.526,13926,0
ESPO.US,D,20190904,000000,33.884,34.312,33.884,34.242,8185,0
ESPO.US,D,20190905,000000,34.452,34.662,34.452,34.482,15138,0
ESPO.US,D,20190906,000000,34.78,34.818,34.492,34.612,25984,0
ESPO.US,D,20190909,000000,34.79,34.9,34.642,34.642,25127,0
ESPO.US,D,20190910,000000,34.242,34.508,34.097,34.302,82178,0
ESPO.US,D,20190911,000000,34.482,34.532,34.272,34.323,7574,0
ESPO.US,D,20190912,000000,34.691,35.03,34.575,34.575,13531,0
ESPO.US,D,20190913,000000,34.642,34.95,34.572,34.8,16778,0
ESPO.US,D,20190916,000000,34.691,34.763,34.592,34.602,17041,0
ESPO.US,D,20190917,000000,34.402,34.632,34.402,34.542,12410,0
ESPO.US,D,20190918,000000,34.502,34.556,34.163,34.422,10571,0
ESPO.US,D,20190919,000000,34.462,34.73,34.462,34.542,9683,0
ESPO.US,D,20190920,000000,34.598,34.72,34.222,34.462,10567,0
ESPO.US,D,20190923,000000,34.312,34.407,34.232,34.372,4815,0
ESPO.US,D,20190924,000000,34.452,34.462,33.889,33.964,12382,0
ESPO.US,D,20190925,000000,33.864,34.113,33.626,34.113,19930,0
ESPO.US,D,20190926,000000,34.222,34.252,33.954,34.064,28976,0
ESPO.US,D,20190927,000000,34.024,34.163,33.194,33.291,11821,0
ESPO.US,D,20190930,000000,33.596,33.755,33.596,33.657,3703,0
ESPO.US,D,20191001,000000,33.636,33.636,33.294,33.366,12190,0
ESPO.US,D,20191002,000000,33.107,33.107,32.72,32.868,11610,0
ESPO.US,D,20191003,000000,33.256,33.541,32.977,33.511,12046,0
ESPO.US,D,20191004,000000,33.496,33.794,33.486,33.794,3293,0
ESPO.US,D,20191007,000000,33.725,33.834,33.561,33.686,20421,0
ESPO.US,D,20191008,000000,33.406,33.406,33.031,33.031,5960,0
ESPO.US,D,20191009,000000,33.356,33.451,33.326,33.326,9093,0
ESPO.US,D,20191010,000000,33.217,33.374,33.167,33.313,3583,0
ESPO.US,D,20191011,000000,33.576,33.795,33.576,33.685,6494,0
ESPO.US,D,20191014,000000,33.676,33.706,33.586,33.706,2361,0
ESPO.US,D,20191015,000000,33.854,34.272,33.854,34.212,11149,0
ESPO.US,D,20191016,000000,33.994,34.06,33.939,34.006,8903,0
ESPO.US,D,20191017,000000,34.173,34.181,33.995,34.014,7834,0
ESPO.US,D,20191018,000000,33.934,33.934,33.576,33.712,5510,0
ESPO.US,D,20191021,000000,33.964,34.142,33.864,34.002,13760,0
ESPO.US,D,20191022,000000,34.044,34.133,33.725,33.725,15155,0
ESPO.US,D,20191023,000000,33.606,33.864,33.57,33.686,3384,0
ESPO.US,D,20191024,000000,33.844,34.014,33.844,33.944,4624,0
ESPO.US,D,20191025,000000,33.676,33.973,33.676,33.917,4388,0
ESPO.US,D,20191028,000000,34.044,34.272,34.031,34.232,10551,0
ESPO.US,D,20191029,000000,34.034,34.034,33.775,33.854,16068,0
ESPO.US,D,20191030,000000,33.824,34.185,33.765,34.182,12454,0
ESPO.US,D,20191031,000000,34.212,34.267,34.024,34.222,15700,0
ESPO.US,D,20191101,000000,34.74,34.92,34.522,34.82,29345,0
ESPO.US,D,20191104,000000,35.159,35.406,35.048,35.349,16699,0
ESPO.US,D,20191105,000000,35.399,35.399,35.021,35.06,17583,0
ESPO.US,D,20191106,000000,35.07,35.169,34.87,35.01,18771,0
ESPO.US,D,20191107,000000,35.1,35.179,34.89,34.893,11793,0
ESPO.US,D,20191108,000000,34.71,34.93,34.71,34.83,7518,0
ESPO.US,D,20191111,000000,34.691,34.811,34.564,34.72,13406,0
ESPO.US,D,20191112,000000,35.06,35.219,35.06,35.128,12833,0
ESPO.US,D,20191113,000000,34.76,35.184,34.76,34.99,20542,0
ESPO.US,D,20191114,000000,34.92,35.239,34.92,35.239,19582,0
ESPO.US,D,20191115,000000,35.379,35.461,35.169,35.219,13536,0
ESPO.US,D,20191118,000000,35.319,35.568,35.319,35.528,14577,0
ESPO.US,D,20191119,000000,35.706,35.726,35.359,35.676,19885,0
ESPO.US,D,20191120,000000,35.656,35.896,35.548,35.729,33341,0
ESPO.US,D,20191121,000000,35.736,35.772,35.559,35.622,10001,0
ESPO.US,D,20191122,000000,35.806,35.806,35.548,35.606,14452,0
ESPO.US,D,20191125,000000,35.846,36.115,35.846,36.056,26340,0
ESPO.US,D,20191126,000000,36.016,36.036,35.856,36.006,23411,0
ESPO.US,D,20191127,000000,35.956,36.114,35.956,36.071,8152,0
ESPO.US,D,20191129,000000,35.796,35.901,35.796,35.886,9366,0
ESPO.US,D,20191202,000000,35.846,35.846,35.508,35.558,8988,0
ESPO.US,D,20191203,000000,35.159,35.636,35.065,35.528,13406,0
ESPO.US,D,20191204,000000,36.155,36.333,35.959,36.016,18472,0
ESPO.US,D,20191205,000000,35.996,36.097,35.964,36.036,10452,0
ESPO.US,D,20191206,000000,36.484,36.484,36.403,36.405,22235,0
ESPO.US,D,20191209,000000,36.365,36.405,36.155,36.155,19338,0
ESPO.US,D,20191210,000000,36.315,36.484,36.215,36.425,17104,0
ESPO.US,D,20191211,000000,36.415,36.663,36.395,36.639,17247,0
ESPO.US,D,20191212,000000,36.583,37.43,36.583,37.43,21646,0
ESPO.US,D,20191213,000000,37.121,37.237,36.723,36.894,13226,0
ESPO.US,D,20191216,000000,37.201,37.37,37.191,37.296,18867,0
ESPO.US,D,20191217,000000,37.43,37.479,37.313,37.412,18789,0
ESPO.US,D,20191218,000000,37.41,37.44,37.335,37.4,17541,0
ESPO.US,D,20191219,000000,37.311,37.539,37.311,37.491,20133,0
ESPO.US,D,20191220,000000,37.709,37.735,37.549,37.729,14311,0
ESPO.US,D,20191223,000000,38.039,38.114,37.829,37.969,24203,0
ESPO.US,D,20191224,000000,38.019,38.019,37.969,37.99,6981,0
ESPO.US,D,20191226,000000,37.989,38.227,37.989,38.148,23637,0
ESPO.US,D,20191227,000000,38.327,38.327,38.129,38.208,15110,0
ESPO.US,D,20191230,000000,38.307,38.307,37.799,37.799,26323,0
ESPO.US,D,20191231,000000,37.759,38.035,37.759,38.035,16118,0
ESPO.US,D,20200102,000000,38.527,38.817,38.477,38.797,33945,0
ESPO.US,D,20200103,000000,38.407,38.767,38.216,38.687,29479,0
ESPO.US,D,20200106,000000,38.317,38.857,38.286,38.807,39299,0
ESPO.US,D,20200107,000000,38.877,38.997,38.782,38.997,26433,0
ESPO.US,D,20200108,000000,38.897,39.246,38.7,39.116,52705,0
ESPO.US,D,20200109,000000,39.535,39.535,39.326,39.426,83634,0
ESPO.US,D,20200110,000000,39.605,39.775,39.326,39.372,62160,0
ESPO.US,D,20200113,000000,39.645,40.193,39.645,40.164,129555,0
ESPO.US,D,20200114,000000,40.114,40.114,39.875,39.984,41260,0
ESPO.US,D,20200115,000000,39.955,40.092,39.925,39.95,47862,0
ESPO.US,D,20200116,000000,40.114,40.264,40.084,40.174,61546,0
ESPO.US,D,20200117,000000,40.204,40.204,39.935,40.049,37920,0
ESPO.US,D,20200121,000000,40.194,40.194,39.795,39.847,101023,0
ESPO.US,D,20200122,000000,40.204,40.483,40.204,40.254,33640,0
ESPO.US,D,20200123,000000,40.144,40.283,39.984,40.264,21321,0
ESPO.US,D,20200124,000000,40.384,40.584,39.577,39.858,25782,0
ESPO.US,D,20200127,000000,38.747,39.017,38.277,38.907,50052,0
ESPO.US,D,20200128,000000,39.126,39.645,39.126,39.605,27321,0
ESPO.US,D,20200129,000000,39.525,39.735,39.306,39.411,51715,0
ESPO.US,D,20200130,000000,38.947,39.376,38.927,39.333,21139,0
ESPO.US,D,20200131,000000,38.887,38.887,38.277,38.287,57843,0
ESPO.US,D,20200203,000000,38.747,39.096,38.737,39.017,28210,0
ESPO.US,D,20200204,000000,39.885,40.194,39.736,40.119,69478,0
ESPO.US,D,20200205,000000,40.674,40.674,40.055,40.149,29007,0
ESPO.US,D,20200206,000000,40.394,40.724,40.174,40.724,37536,0
ESPO.US,D,20200207,000000,40.634,40.634,40.224,40.304,67916,0
ESPO.US,D,20200210,000000,40.394,40.714,40.314,40.654,41684,0
ESPO.US,D,20200211,000000,41.092,41.228,40.862,40.992,57653,0
ESPO.US,D,20200212,000000,41.372,41.402,41.152,41.272,90691,0
ESPO.US,D,20200213,000000,41.052,41.421,40.833,41.042,47384,0
ESPO.US,D,20200214,000000,41.801,42.11,41.622,41.821,54209,0
ESPO.US,D,20200218,000000,41.821,42.061,41.633,42.061,42165,0
ESPO.US,D,20200219,000000,42.57,42.789,42.428,42.789,146646,0
ESPO.US,D,20200220,000000,42.57,42.615,41.801,42.22,81121,0
ESPO.US,D,20200221,000000,42.021,42.103,41.372,41.44,65711,0
ESPO.US,D,20200224,000000,40.204,40.424,39.515,40.144,98857,0
ESPO.US,D,20200225,000000,40.644,40.823,39.426,39.502,61946,0
ESPO.US,D,20200226,000000,39.905,40.354,39.687,39.866,60378,0
ESPO.US,D,20200227,000000,39.017,39.236,38.089,38.562,114486,0
ESPO.US,D,20200228,000000,37.1,38.285,36.93,38.178,59801,0
ESPO.US,D,20200302,000000,38.577,39.725,38.576,39.656,106836,0
ESPO.US,D,20200303,000000,40.334,40.754,39.316,39.586,109137,0
ESPO.US,D,20200304,000000,40.324,41.328,40.234,41.272,105339,0
ESPO.US,D,20200305,000000,40.504,41.232,40.504,40.704,48480,0
ESPO.US,D,20200306,000000,39.925,40.474,39.625,40.284,106829,0
ESPO.US,D,20200309,000000,37.439,38.724,36.601,37.829,139403,0
ESPO.US,D,20200310,000000,39.087,39.426,38.059,39.165,91337,0
ESPO.US,D,20200311,000000,37.979,38.537,37.339,37.579,69297,0
ESPO.US,D,20200312,000000,35.473,36.89,34.135,34.515,294686,0
ESPO.US,D,20200313,000000,35.942,36.691,34.594,36.691,99226,0
ESPO.US,D,20200316,000000,32.938,35.344,30.942,33.447,194865,0
ESPO.US,D,20200317,000000,34.125,35.902,33.289,35.294,65590,0
ESPO.US,D,20200318,000000,33.497,34.841,32.609,33.592,104693,0
ESPO.US,D,20200319,000000,33.647,34.934,33.337,34.222,194693,0
ESPO.US,D,20200320,000000,35.164,35.727,33.697,33.767,78543,0
ESPO.US,D,20200323,000000,33.836,35.034,33.557,34.794,106152,0
ESPO.US,D,20200324,000000,37.01,37.389,36.531,37.17,124306,0
ESPO.US,D,20200325,000000,37.23,37.629,36.258,36.895,67200,0
ESPO.US,D,20200326,000000,37.12,38.677,37.12,38.357,59795,0
ESPO.US,D,20200327,000000,37.389,38.327,37.389,37.899,55879,0
ESPO.US,D,20200330,000000,37.959,38.928,37.959,38.857,51119,0
ESPO.US,D,20200331,000000,38.887,39.326,38.427,38.797,47687,0
ESPO.US,D,20200401,000000,37.869,38.657,37.409,37.513,77350,0
ESPO.US,D,20200402,000000,37.489,38.847,37.489,38.847,30811,0
ESPO.US,D,20200403,000000,38.687,38.728,37.929,38.227,64878,0
ESPO.US,D,20200406,000000,39.456,40.074,39.139,39.974,100329,0
ESPO.US,D,20200407,000000,40.932,40.932,39.326,39.595,155663,0
ESPO.US,D,20200408,000000,39.495,39.845,38.987,39.675,50634,0
ESPO.US,D,20200409,000000,40.174,40.424,39.675,39.755,106306,0
ESPO.US,D,20200413,000000,39.955,40.544,39.825,40.524,125360,0
ESPO.US,D,20200414,000000,41.502,41.921,41.218,41.542,178480,0
ESPO.US,D,20200415,000000,41.342,42.22,41.111,42.011,159819,0
ESPO.US,D,20200416,000000,42.649,43.039,42.23,42.789,219873,0
ESPO.US,D,20200417,000000,43.149,43.149,42.32,42.705,107504,0
ESPO.US,D,20200420,000000,42.46,43.035,42.42,42.57,173675,0
ESPO.US,D,20200421,000000,42.31,42.31,41.002,41.422,120627,0
ESPO.US,D,20200422,000000,42.27,42.659,41.741,42.47,71799,0
ESPO.US,D,20200423,000000,42.839,42.839,42.071,42.225,65291,0
ESPO.US,D,20200424,000000,42.36,42.739,42.091,42.57,85039,0
ESPO.US,D,20200427,000000,42.949,43.229,42.787,43.019,71432,0
ESPO.US,D,20200428,000000,43.587,43.587,42.23,42.23,76333,0
ESPO.US,D,20200429,000000,42.829,43.019,42.417,42.819,62963,0
ESPO.US,D,20200430,000000,42.37,42.37,41.522,41.582,152772,0
ESPO.US,D,20200501,000000,41.042,41.332,40.707,40.912,46482,0
ESPO.US,D,20200504,000000,40.942,41.801,40.932,41.801,43898,0
ESPO.US,D,20200505,000000,42.37,42.629,42.041,42.31,81932,0
ESPO.US,D,20200506,000000,42.53,43.064,42.42,42.6,57854,0
ESPO.US,D,20200507,000000,43.379,43.497,42.939,43.289,117979,0
ESPO.US,D,20200508,000000,43.647,43.897,43.419,43.767,86652,0
ESPO.US,D,20200511,000000,43.867,44.616,43.867,44.506,160494,0
ESPO.US,D,20200512,000000,45.045,45.215,44.197,44.197,139735,0
ESPO.US,D,20200513,000000,44.366,45.243,44.007,44.416,120839,0
ESPO.US,D,20200514,000000,44.097,44.696,43.787,44.696,97394,0
ESPO.US,D,20200515,000000,44.456,45.215,44.177,45.215,118091,0
ESPO.US,D,20200518,000000,45.874,46.262,45.463,46.152,192946,0
ESPO.US,D,20200519,000000,45.984,46.672,45.894,46.192,117268,0
ESPO.US,D,20200520,000000,46.722,47.391,46.712,46.942,141228,0
ESPO.US,D,20200521,000000,46.992,47.369,46.552,46.882,126745,0
ESPO.US,D,20200522,000000,46.792,47.051,46.412,46.922,86677,0
ESPO.US,D,20200526,000000,47.63,47.85,46.762,46.852,140107,0
ESPO.US,D,20200527,000000,46.622,46.622,44.885,45.924,225475,0
ESPO.US,D,20200528,000000,45.644,46.452,45.574,45.654,137892,0
ESPO.US,D,20200529,000000,46.014,47.301,45.914,47.301,131899,0
ESPO.US,D,20200601,000000,47.55,48.159,47.311,48.119,165639,0
ESPO.US,D,20200602,000000,48.269,48.529,47.785,48.529,169380,0
ESPO.US,D,20200603,000000,48.629,48.629,47.909,48.059,142660,0
ESPO.US,D,20200604,000000,47.78,48.129,47.211,47.331,114060,0
ESPO.US,D,20200605,000000,47.82,48.289,47.446,48.289,78978,0
ESPO.US,D,20200608,000000,47.87,48.199,47.451,48.199,230397,0
ESPO.US,D,20200609,000000,47.83,48.499,47.65,48.499,106367,0
ESPO.US,D,20200610,000000,48.739,49.776,48.739,49.537,236330,0
ESPO.US,D,20200611,000000,48.847,49.377,47.919,47.979,141907,0
ESPO.US,D,20200612,000000,49.137,49.337,47.937,48.719,103568,0
ESPO.US,D,20200615,000000,48.059,49.457,48.009,49.357,168011,0
ESPO.US,D,20200616,000000,50.415,50.415,49.177,49.746,144766,0
ESPO.US,D,20200617,000000,50.026,50.893,50.026,50.644,110308,0
ESPO.US,D,20200618,000000,50.884,50.914,50.405,50.714,110243,0
ESPO.US,D,20200619,000000,51.074,51.254,50.648,50.864,147399,0
ESPO.US,D,20200622,000000,51.443,51.712,51.114,51.692,121342,0
ESPO.US,D,20200623,000000,52.431,52.741,51.992,52.212,158436,0
ESPO.US,D,20200624,000000,52.331,52.411,51.024,51.527,147258,0
ESPO.US,D,20200625,000000,51.364,51.792,50.907,51.72,88129,0
ESPO.US,D,20200626,000000,51.852,51.902,51.054,51.413,90507,0
ESPO.US,D,20200629,000000,51.284,51.453,50.586,51.403,134436,0
ESPO.US,D,20200630,000000,51.642,51.992,51.502,51.662,118659,0
ESPO.US,D,20200701,000000,51.892,52.65,51.762,52.541,112353,0
ESPO.US,D,20200702,000000,53.639,53.666,53.219,53.239,221031,0
ESPO.US,D,20200706,000000,54.427,54.687,53.827,54.138,340555,0
ESPO.US,D,20200707,000000,53.899,54.455,53.764,53.989,122850,0
ESPO.US,D,20200708,000000,54.397,55.086,54.297,55.086,117750,0
ESPO.US,D,20200709,000000,56.014,56.094,55.116,55.974,161738,0
ESPO.US,D,20200710,000000,55.884,55.894,55.286,55.64,99395,0
ESPO.US,D,20200713,000000,56.004,56.214,53.899,53.899,209431,0
ESPO.US,D,20200714,000000,53.589,54.287,52.741,54.158,187385,0
ESPO.US,D,20200715,000000,54.537,54.537,53.809,54.185,129274,0
ESPO.US,D,20200716,000000,53.1,53.127,52.616,52.99,122104,0
ESPO.US,D,20200717,000000,53.219,53.29,52.801,53.1,78967,0
ESPO.US,D,20200720,000000,53.459,54.347,53.299,54.347,148869,0
ESPO.US,D,20200721,000000,55.046,55.166,54.547,54.627,111125,0
ESPO.US,D,20200722,000000,54.557,54.827,54.387,54.717,95783,0
ESPO.US,D,20200723,000000,54.807,54.986,53.579,53.809,135388,0
ESPO.US,D,20200724,000000,53.349,54.237,53.06,54.207,99978,0
ESPO.US,D,20200727,000000,54.497,55.02,54.247,54.986,118835,0
ESPO.US,D,20200728,000000,55.116,55.216,54.487,54.594,68282,0
ESPO.US,D,20200729,000000,55.406,56.044,55.406,55.874,126129,0
ESPO.US,D,20200730,000000,55.316,56.064,55.186,55.994,107581,0
ESPO.US,D,20200731,000000,56.334,56.485,55.705,56.234,175452,0
ESPO.US,D,20200803,000000,57.262,58.071,57.242,58.031,225061,0
ESPO.US,D,20200804,000000,58.429,59.448,58.34,59.448,236415,0
ESPO.US,D,20200805,000000,59.937,60.037,59.557,59.917,486670,0
ESPO.US,D,20200806,000000,60.586,60.626,59.857,60.346,375143,0
ESPO.US,D,20200807,000000,59.837,59.955,58.509,59.009,797018,0
ESPO.US,D,20200810,000000,59.069,59.139,57.669,58.34,238830,0
ESPO.US,D,20200811,000000,57.671,57.671,56.304,56.344,238577,0
ESPO.US,D,20200812,000000,57.302,58.161,57.032,58.041,222151,0
ESPO.US,D,20200813,000000,58.469,58.809,58.158,58.34,68198,0
ESPO.US,D,20200814,000000,58.29,58.569,58.067,58.19,103182,0
ESPO.US,D,20200817,000000,58.749,59.468,58.666,59.468,171048,0
ESPO.US,D,20200818,000000,60.007,60.266,59.637,60.127,232384,0
ESPO.US,D,20200819,000000,60.406,60.436,59.777,59.957,137677,0
ESPO.US,D,20200820,000000,59.088,60.186,58.953,60.107,239880,0
ESPO.US,D,20200821,000000,60.176,60.553,59.987,60.526,112995,0
ESPO.US,D,20200824,000000,61.724,61.734,60.885,61.184,197744,0
ESPO.US,D,20200825,000000,60.885,61.384,60.656,61.334,262103,0
ESPO.US,D,20200826,000000,61.434,62.327,61.434,62.033,171855,0
ESPO.US,D,20200827,000000,62.472,62.472,61.257,61.464,264642,0
ESPO.US,D,20200828,000000,61.384,61.784,61.194,61.634,98943,0
ESPO.US,D,20200831,000000,61.464,61.933,61.384,61.834,509484,0
ESPO.US,D,20200901,000000,62.432,63.261,62.302,63.261,149392,0
ESPO.US,D,20200902,000000,64.269,64.359,62.881,63.521,192108,0
ESPO.US,D,20200903,000000,62.931,63.061,60.636,61.025,240072,0
ESPO.US,D,20200904,000000,60.885,61.184,58.429,60.306,304465,0
ESPO.US,D,20200908,000000,58.21,59.219,57.821,58.041,156176,0
ESPO.US,D,20200909,000000,59.189,59.998,58.868,59.807,180063,0
ESPO.US,D,20200910,000000,60.306,60.486,58.909,59.099,149828,0
ESPO.US,D,20200911,000000,59.727,59.887,58.659,59.059,64064,0
ESPO.US,D,20200914,000000,59.937,60.398,59.737,60.097,112678,0
ESPO.US,D,20200915,000000,60.875,61.005,60.686,60.905,215289,0
ESPO.US,D,20200916,000000,61.334,61.374,60.386,60.396,188561,0
ESPO.US,D,20200917,000000,59.408,60.231,59.189,60.087,125116,0
ESPO.US,D,20200918,000000,60.826,60.826,59.518,60.057,158532,0
ESPO.US,D,20200921,000000,59.029,60.466,58.989,60.466,245756,0
ESPO.US,D,20200922,000000,60.576,60.706,59.627,60.586,173907,0
ESPO.US,D,20200923,000000,60.856,60.955,59.537,59.747,108557,0
ESPO.US,D,20200924,000000,58.919,60.077,58.889,59.547,108592,0
ESPO.US,D,20200925,000000,59.488,60.516,59.249,60.356,115309,0
ESPO.US,D,20200928,000000,61.184,61.214,60.436,60.975,121655,0
ESPO.US,D,20200929,000000,61.214,61.365,60.885,61.025,87127,0
ESPO.US,D,20200930,000000,61.114,61.754,61.005,61.424,218351,0
ESPO.US,D,20201001,000000,61.804,62.362,61.694,62.173,124612,0
ESPO.US,D,20201002,000000,61.015,61.725,60.576,60.806,161826,0
ESPO.US,D,20201005,000000,61.144,61.884,61.144,61.854,190674,0
ESPO.US,D,20201006,000000,61.804,62.122,61.164,61.414,183154,0
ESPO.US,D,20201007,000000,62.053,62.167,61.764,61.943,127966,0
ESPO.US,D,20201008,000000,62.262,62.282,61.774,61.884,78587,0
ESPO.US,D,20201009,000000,62.063,62.262,61.884,62.183,94552,0
ESPO.US,D,20201012,000000,62.712,63.181,62.587,62.821,145456,0
ESPO.US,D,20201013,000000,62.901,63.301,62.392,63.231,136470,0
ESPO.US,D,20201014,000000,63.311,63.431,62.437,62.594,187526,0
ESPO.US,D,20201015,000000,61.364,61.784,61.135,61.704,128654,0
ESPO.US,D,20201016,000000,61.983,62.193,61.664,61.674,88120,0
ESPO.US,D,20201019,000000,61.973,62.222,60.865,60.995,229942,0
ESPO.US,D,20201020,000000,61.524,61.783,61.064,61.414,82191,0
ESPO.US,D,20201021,000000,61.234,61.754,60.935,61.194,93672,0
ESPO.US,D,20201022,000000,61.454,61.794,60.756,61.154,181741,0
ESPO.US,D,20201023,000000,61.384,61.384,60.806,61.274,65602,0
ESPO.US,D,20201026,000000,60.905,61.424,60.336,60.836,203600,0
ESPO.US,D,20201027,000000,61.884,62.123,61.447,62.053,101984,0
ESPO.US,D,20201028,000000,61.284,61.584,60.488,60.626,163204,0
ESPO.US,D,20201029,000000,61.324,61.953,61.324,61.594,180461,0
ESPO.US,D,20201030,000000,60.636,60.706,59.388,59.667,298126,0
ESPO.US,D,20201102,000000,60.266,60.346,59.229,59.707,231409,0
ESPO.US,D,20201103,000000,60.196,61.025,59.98,60.905,179316,0
ESPO.US,D,20201104,000000,62.163,63.461,62.108,63.211,273958,0
ESPO.US,D,20201105,000000,64.715,65.047,63.879,64.459,233679,0
ESPO.US,D,20201106,000000,64.399,64.868,63.58,64.848,165548,0
ESPO.US,D,20201109,000000,64.887,64.887,62.163,62.163,319921,0
ESPO.US,D,20201110,000000,60.796,60.885,59.039,59.338,369447,0
ESPO.US,D,20201111,000000,59.508,60.228,59.408,60.226,253097,0
ESPO.US,D,20201112,000000,61.01,61.634,60.686,60.846,173442,0
ESPO.US,D,20201113,000000,61.654,61.874,61.094,61.694,191382,0
ESPO.US,D,20201116,000000,61.514,61.684,61.094,61.604,140476,0
ESPO.US,D,20201117,000000,61.624,61.834,61.234,61.324,164033,0
ESPO.US,D,20201118,000000,61.854,61.884,60.985,60.985,181460,0
ESPO.US,D,20201119,000000,61.304,63.051,61.264,62.921,176181,0
ESPO.US,D,20201120,000000,62.951,63.719,62.951,63.501,94327,0
ESPO.US,D,20201123,000000,63.66,63.719,62.891,63.251,120961,0
ESPO.US,D,20201124,000000,63.699,63.699,62.921,63.211,149365,0
ESPO.US,D,20201125,000000,63.111,63.521,63.041,63.431,127817,0
ESPO.US,D,20201127,000000,64.319,65.127,64.319,65.087,161114,0
ESPO.US,D,20201130,000000,65.167,65.407,64.419,65.307,204939,0
ESPO.US,D,20201201,000000,65.856,65.866,65.057,65.526,173189,0
ESPO.US,D,20201202,000000,64.887,65.696,64.778,65.546,134944,0
ESPO.US,D,20201203,000000,65.956,66.374,65.662,65.662,98636,0
ESPO.US,D,20201204,000000,66.166,67.104,66.026,67.074,123384,0
ESPO.US,D,20201207,000000,67.233,67.801,67.233,67.642,197667,0
ESPO.US,D,20201208,000000,67.719,68.024,67.343,67.952,85509,0
ESPO.US,D,20201209,000000,68.032,68.042,66.444,66.954,204159,0
ESPO.US,D,20201210,000000,66.275,67.373,66.146,67.283,110814,0
ESPO.US,D,20201211,000000,66.994,67.872,66.994,67.443,87232,0
ESPO.US,D,20201214,000000,67.493,68.04,67.423,67.722,274767,0
ESPO.US,D,20201215,000000,68.091,68.091,67.513,67.992,141194,0
ESPO.US,D,20201216,000000,68.491,68.861,68.321,68.821,114001,0
ESPO.US,D,20201217,000000,69.908,70.208,69.659,70.178,160700,0
ESPO.US,D,20201218,000000,70.168,70.467,69.889,70.277,153182,0
ESPO.US,D,20201221,000000,69.108,69.612,68.439,69.468,112475,0
ESPO.US,D,20201222,000000,69.558,69.558,68.559,69.328,143705,0
ESPO.US,D,20201223,000000,69.558,69.928,68.849,69.258,125382,0
ESPO.US,D,20201224,000000,69.068,69.348,68.619,68.669,68566,0
ESPO.US,D,20201228,000000,69.018,69.298,67.939,67.969,133517,0
ESPO.US,D,20201229,000000,68.699,69.143,68.099,68.689,88562,0
ESPO.US,D,20201230,000000,69.448,70.377,69.378,70.198,131265,0
ESPO.US,D,20201231,000000,70.397,70.397,69.668,69.958,66194,0
ESPO.US,D,20210104,000000,70.677,71.197,69.458,70.078,264068,0
ESPO.US,D,20210105,000000,70.247,71.666,70.237,71.666,137985,0
ESPO.US,D,20210106,000000,70.647,71.207,70.008,70.008,143957,0
ESPO.US,D,20210107,000000,70.018,71.397,70.008,71.357,177968,0
ESPO.US,D,20210108,000000,72.196,73.138,71.946,73.085,200583,0
ESPO.US,D,20210111,000000,72.566,72.586,71.775,71.986,165497,0
ESPO.US,D,20210112,000000,72.256,72.616,71.487,72.116,146561,0
ESPO.US,D,20210113,000000,72.276,73.344,72.196,72.826,171796,0
ESPO.US,D,20210114,000000,73.645,74.143,73.365,73.455,153438,0
ESPO.US,D,20210115,000000,73.175,73.535,72.366,72.576,184982,0
ESPO.US,D,20210119,000000,73.405,73.985,73.365,73.915,199131,0
ESPO.US,D,20210120,000000,74.604,75.144,74.444,74.894,252962,0
ESPO.US,D,20210121,000000,74.804,75.144,74.468,75.004,200711,0
ESPO.US,D,20210122,000000,75.204,76.255,75.204,76.163,163275,0
ESPO.US,D,20210125,000000,77.912,78.351,76.053,76.863,391147,0
ESPO.US,D,20210126,000000,76.703,76.703,75.364,75.434,151838,0
ESPO.US,D,20210127,000000,74.574,75.054,73.285,73.515,181090,0
ESPO.US,D,20210128,000000,73.715,74.954,73.605,74.195,213615,0
ESPO.US,D,20210129,000000,73.025,73.565,72.176,72.566,234519,0
ESPO.US,D,20210201,000000,74.454,75.179,74.125,75.084,162306,0
ESPO.US,D,20210202,000000,75.564,76.243,75.167,76.123,164940,0
ESPO.US,D,20210203,000000,76.513,76.643,75.903,76.273,137231,0
ESPO.US,D,20210204,000000,76.783,76.783,75.953,76.363,167161,0
ESPO.US,D,20210205,000000,77.042,77.642,76.653,77.392,150341,0
ESPO.US,D,20210208,000000,78.301,78.931,78.157,78.901,216618,0
ESPO.US,D,20210209,000000,78.921,79.441,78.551,79.181,225577,0
ESPO.US,D,20210210,000000,79.88,80.509,78.761,80.15,148211,0
ESPO.US,D,20210211,000000,80.78,81.109,80.29,80.78,108320,0
ESPO.US,D,20210212,000000,80.43,81.108,79.95,80.969,98654,0
ESPO.US,D,20210216,000000,81.299,81.329,80.04,80.49,231896,0
ESPO.US,D,20210217,000000,79.89,80.28,78.761,79.441,108301,0
ESPO.US,D,20210218,000000,78.501,79.081,77.732,78.911,171768,0
ESPO.US,D,20210219,000000,79.531,80.1,79.21,79.271,93517,0
ESPO.US,D,20210222,000000,77.492,77.672,75.454,75.663,274459,0
ESPO.US,D,20210223,000000,73.985,75.369,71.806,75.044,309721,0
ESPO.US,D,20210224,000000,73.655,74.624,72.776,74.524,168081,0
ESPO.US,D,20210225,000000,74.624,75.234,72.321,72.416,290110,0
ESPO.US,D,20210226,000000,72.416,72.649,71.047,72.126,155707,0
ESPO.US,D,20210301,000000,73.605,74.544,73.005,74.544,139612,0
ESPO.US,D,20210302,000000,74.734,74.934,73.295,73.295,167047,0
ESPO.US,D,20210303,000000,73.775,73.915,71.626,71.856,157997,0
ESPO.US,D,20210304,000000,70.887,71.487,68.049,68.839,287768,0
ESPO.US,D,20210305,000000,69.368,69.368,66.081,68.329,328721,0
ESPO.US,D,20210308,000000,67.4,67.949,64.702,64.772,283013,0
ESPO.US,D,20210309,000000,66.55,68.839,66.55,68.559,228709,0
ESPO.US,D,20210310,000000,69.048,69.118,66.8,66.95,286288,0
ESPO.US,D,20210311,000000,69.278,69.858,68.958,69.758,187052,0
ESPO.US,D,20210312,000000,68.549,69.028,67.8,68.918,77453,0
ESPO.US,D,20210315,000000,68.879,69.338,68.507,69.338,243759,0
ESPO.US,D,20210316,000000,70.397,70.997,69.558,70.108,119076,0
ESPO.US,D,20210317,000000,69.398,70.039,68.089,69.458,73444,0
ESPO.US,D,20210318,000000,68.699,68.699,67.43,67.47,100866,0
ESPO.US,D,20210319,000000,67.899,68.499,67.45,68.359,98974,0
ESPO.US,D,20210322,000000,68.359,69.228,68.359,68.779,62738,0
ESPO.US,D,20210323,000000,68.579,68.839,68.119,68.149,74677,0
ESPO.US,D,20210324,000000,68.009,68.009,65.881,65.881,145353,0
ESPO.US,D,20210325,000000,65.211,66.121,65.014,65.891,145588,0
ESPO.US,D,20210326,000000,66.38,67.639,66.151,67.43,95329,0
ESPO.US,D,20210329,000000,67.41,67.559,66.82,67.36,73854,0
ESPO.US,D,20210330,000000,66.85,67.559,66.311,67.3,111301,0
ESPO.US,D,20210331,000000,67.39,68.599,67.33,68.299,223129,0
ESPO.US,D,20210401,000000,69.298,70.296,69.298,70.138,105248,0
ESPO.US,D,20210405,000000,70.527,70.947,69.968,70.617,115556,0
ESPO.US,D,20210406,000000,70.257,71.255,70.257,70.887,98445,0
ESPO.US,D,20210407,000000,69.698,70.285,69.538,69.868,102047,0
ESPO.US,D,20210408,000000,71.027,71.277,70.967,71.087,96397,0
ESPO.US,D,20210409,000000,71.197,71.197,70.447,70.837,53494,0
ESPO.US,D,20210412,000000,70.108,70.627,69.683,70.477,170440,0
ESPO.US,D,20210413,000000,70.937,71.636,70.707,71.547,130751,0
ESPO.US,D,20210414,000000,71.906,71.946,70.997,71.107,81341,0
ESPO.US,D,20210415,000000,71.726,72.497,71.636,72.356,54785,0
ESPO.US,D,20210416,000000,72.506,72.526,71.716,71.966,144508,0
ESPO.US,D,20210419,000000,71.397,72.076,70.787,71.137,114169,0
ESPO.US,D,20210420,000000,70.657,70.657,69.438,69.828,146015,0
ESPO.US,D,20210421,000000,69.458,70.797,69.078,70.767,144135,0
ESPO.US,D,20210422,000000,70.477,71.427,70.387,70.617,57423,0
ESPO.US,D,20210423,000000,70.947,72.04,70.947,71.886,52880,0
ESPO.US,D,20210426,000000,71.547,72.473,71.547,72.446,89949,0
ESPO.US,D,20210427,000000,72.436,72.686,72.011,72.046,24021,0
ESPO.US,D,20210428,000000,71.916,72.396,71.796,72.076,41437,0
ESPO.US,D,20210429,000000,72.466,72.526,71.132,71.826,43383,0
ESPO.US,D,20210430,000000,71.227,71.696,70.687,70.757,64125,0
ESPO.US,D,20210503,000000,71.277,71.277,70.099,70.208,67760,0
ESPO.US,D,20210504,000000,69.658,69.675,67.949,68.659,88149,0
ESPO.US,D,20210505,000000,69.558,69.728,68.669,68.918,73723,0
ESPO.US,D,20210506,000000,68.209,68.579,67.659,68.389,82273,0
ESPO.US,D,20210507,000000,68.859,69.648,68.739,68.968,47781,0
ESPO.US,D,20210510,000000,68.779,68.779,67.13,67.13,109285,0
ESPO.US,D,20210511,000000,65.181,67.35,65.031,67.19,225703,0
ESPO.US,D,20210512,000000,66.35,66.69,65.001,65.051,179529,0
ESPO.US,D,20210513,000000,65.051,65.301,63.259,63.652,217424,0
ESPO.US,D,20210514,000000,64.782,66.22,64.652,66.111,117466,0
ESPO.US,D,20210517,000000,65.811,65.811,65.101,65.611,106856,0
ESPO.US,D,20210518,000000,66.041,67.31,65.861,66.8,123788,0
ESPO.US,D,20210519,000000,65.451,67.15,65.431,67.07,104588,0
ESPO.US,D,20210520,000000,67.41,68.777,67.41,68.729,110969,0
ESPO.US,D,20210521,000000,68.978,69.208,68.419,68.479,54370,0
ESPO.US,D,20210524,000000,68.938,69.608,68.739,69.448,100855,0
ESPO.US,D,20210525,000000,69.678,69.883,69.258,69.628,63770,0
ESPO.US,D,20210526,000000,69.768,70.137,69.708,69.828,42831,0
ESPO.US,D,20210527,000000,69.838,70.178,69.298,70.178,73010,0
ESPO.US,D,20210528,000000,70.287,70.947,70.198,70.667,66838,0
ESPO.US,D,20210601,000000,71.157,71.347,70.507,71.037,73978,0
ESPO.US,D,20210602,000000,70.787,70.997,70.392,70.617,103991,0
ESPO.US,D,20210603,000000,70.118,70.302,69.578,69.618,139358,0
ESPO.US,D,20210604,000000,69.968,71.097,69.968,71.097,99931,0
ESPO.US,D,20210607,000000,70.977,71.097,70.567,70.977,33776,0
ESPO.US,D,20210608,000000,71.187,71.626,70.727,71.197,35156,0
ESPO.US,D,20210609,000000,71.547,71.676,70.857,70.987,50165,0
ESPO.US,D,20210610,000000,71.107,71.946,71.107,71.896,42576,0
ESPO.US,D,20210611,000000,71.706,72.146,71.706,72.106,43453,0
ESPO.US,D,20210614,000000,71.856,72.346,71.786,72.266,83751,0
ESPO.US,D,20210615,000000,72.106,72.266,70.977,71.127,102409,0
ESPO.US,D,20210616,000000,70.597,70.807,69.5,70.028,58051,0
ESPO.US,D,20210617,000000,69.838,71.706,69.838,71.447,90616,0
ESPO.US,D,20210618,000000,71.277,71.606,70.847,71.257,44613,0
ESPO.US,D,20210621,000000,70.477,70.686,69.688,70.517,141785,0
ESPO.US,D,20210622,000000,70.247,70.637,70.088,70.527,50053,0
ESPO.US,D,20210623,000000,70.447,70.947,70.447,70.537,67841,0
ESPO.US,D,20210624,000000,70.987,71.826,70.987,71.656,68277,0
ESPO.US,D,20210625,000000,71.886,72.003,71.317,71.517,56906,0
ESPO.US,D,20210628,000000,71.776,72.746,71.776,72.646,106700,0
ESPO.US,D,20210629,000000,72.616,73.205,72.286,73.185,80058,0
ESPO.US,D,20210630,000000,72.726,72.889,72.45,72.526,61098,0
ESPO.US,D,20210701,000000,72.336,72.526,71.232,71.716,66131,0
ESPO.US,D,20210702,000000,71.936,72.136,71.751,72.126,49450,0
ESPO.US,D,20210706,000000,71.936,71.991,71.297,71.656,70388,0
ESPO.US,D,20210707,000000,71.816,71.876,70.277,70.357,96924,0
ESPO.US,D,20210708,000000,68.549,69.308,68.079,69.038,63419,0
ESPO.US,D,20210709,000000,69.688,70.128,69.048,70.128,67671,0
ESPO.US,D,20210712,000000,70.048,70.287,69.608,70.048,67143,0
ESPO.US,D,20210713,000000,70.237,70.907,69.958,70.257,64670,0
ESPO.US,D,20210714,000000,70.687,70.687,69.548,69.548,34441,0
ESPO.US,D,20210715,000000,69.548,69.928,68.349,68.629,75508,0
ESPO.US,D,20210716,000000,68.859,69.108,68.151,68.189,59021,0
ESPO.US,D,20210719,000000,67.371,68.399,67.16,68.169,98363,0
ESPO.US,D,20210720,000000,68.159,68.839,67.549,68.519,31933,0
ESPO.US,D,20210721,000000,68.519,69.568,68.479,69.458,48691,0
ESPO.US,D,20210722,000000,69.398,69.608,68.909,69.458,30238,0
ESPO.US,D,20210723,000000,69.108,69.108,68.139,68.859,38990,0
ESPO.US,D,20210726,000000,67.709,67.939,66.883,66.98,111327,0
ESPO.US,D,20210727,000000,66.051,66.51,64.402,65.491,101802,0
ESPO.US,D,20210728,000000,65.991,67.959,65.963,67.849,74333,0
ESPO.US,D,20210729,000000,68.009,68.659,67.989,68.259,67807,0
ESPO.US,D,20210730,000000,67.06,67.989,67.06,67.629,29182,0
ESPO.US,D,20210802,000000,67.989,68.849,67.619,68.339,109280,0
ESPO.US,D,20210803,000000,66.79,66.819,65.732,66.75,81329,0
ESPO.US,D,20210804,000000,67.14,67.869,67.14,67.869,47380,0
ESPO.US,D,20210805,000000,67.44,67.44,66.95,67.06,105867,0
ESPO.US,D,20210806,000000,66.63,66.91,66.101,66.171,87699,0
ESPO.US,D,20210809,000000,66.52,67.42,66.33,67.19,64792,0
ESPO.US,D,20210810,000000,66.97,67.11,66.071,66.141,43960,0
ESPO.US,D,20210811,000000,66.65,66.935,65.941,66.68,126414,0
ESPO.US,D,20210812,000000,66.69,67.17,66.49,67.17,76446,0
ESPO.US,D,20210813,000000,67.03,67.37,66.86,67.21,66540,0
ESPO.US,D,20210816,000000,66.51,66.63,65.151,65.571,160754,0
ESPO.US,D,20210817,000000,64.642,65.868,64.402,65.291,59574,0
ESPO.US,D,20210818,000000,65.481,65.931,65.151,65.231,43313,0
ESPO.US,D,20210819,000000,64.582,65.701,64.254,64.961,99677,0
ESPO.US,D,20210820,000000,65.291,66.111,65.291,65.971,38360,0
ESPO.US,D,20210823,000000,66.45,67.719,66.45,67.679,65345,0
ESPO.US,D,20210824,000000,68.269,68.849,68.269,68.809,75601,0
ESPO.US,D,20210825,000000,68.439,68.749,68.339,68.679,87346,0
ESPO.US,D,20210826,000000,67.829,68.119,67.31,67.4,54295,0
ESPO.US,D,20210827,000000,67.33,68.049,67.31,67.959,52183,0
ESPO.US,D,20210830,000000,67.28,67.899,67.23,67.869,88323,0
ESPO.US,D,20210831,000000,68.249,68.968,68.239,68.898,62625,0
ESPO.US,D,20210901,000000,69.318,70.108,69.318,69.768,72832,0
ESPO.US,D,20210902,000000,69.918,70.178,69.62,69.638,180460,0
ESPO.US,D,20210903,000000,69.648,70.477,69.608,70.417,44681,0
ESPO.US,D,20210907,000000,71.194,71.247,70.877,71.097,113200,0
ESPO.US,D,20210908,000000,70.637,70.637,69.458,69.748,62713,0
ESPO.US,D,20210909,000000,68.539,69.238,68.169,68.779,132848,0
ESPO.US,D,20210910,000000,68.958,69.788,68.609,69.118,112726,0
ESPO.US,D,20210913,000000,69.118,69.248,67.959,68.189,66233,0
ESPO.US,D,20210914,000000,67.909,68.519,67.909,68.109,133366,0
ESPO.US,D,20210915,000000,67.779,67.949,67.11,67.759,43885,0
ESPO.US,D,20210916,000000,67.22,67.812,67.17,67.619,36537,0
ESPO.US,D,20210917,000000,67.669,67.669,66.84,67.17,43450,0
ESPO.US,D,20210920,000000,65.501,66.22,64.452,65.051,133876,0
ESPO.US,D,20210921,000000,65.491,65.871,64.901,65.301,61919,0
ESPO.US,D,20210922,000000,65.591,66.132,65.251,65.941,31779,0
ESPO.US,D,20210923,000000,66.42,67.014,66.27,66.93,111374,0
ESPO.US,D,20210924,000000,66.38,66.81,66.32,66.71,27120,0
ESPO.US,D,20210927,000000,66.35,66.54,65.606,66.38,80288,0
ESPO.US,D,20210928,000000,65.481,65.601,64.402,64.482,78396,0
ESPO.US,D,20210929,000000,64.802,65.121,63.922,64.052,51114,0
ESPO.US,D,20210930,000000,64.312,65.361,64.312,64.951,77391,0
ESPO.US,D,20211001,000000,64.422,64.472,63.393,64.332,64458,0
ESPO.US,D,20211004,000000,63.523,63.962,62.207,62.563,89152,0
ESPO.US,D,20211005,000000,62.723,63.652,62.723,63.323,64819,0
ESPO.US,D,20211006,000000,62.593,63.702,62.378,63.542,263966,0
ESPO.US,D,20211007,000000,64.502,65.941,64.502,65.431,145199,0
ESPO.US,D,20211008,000000,65.741,65.821,65.321,65.321,30528,0
ESPO.US,D,20211011,000000,65.541,65.951,65.012,65.041,24883,0
ESPO.US,D,20211012,000000,65.151,65.461,64.893,64.951,229562,0
ESPO.US,D,20211013,000000,65.691,66.51,65.521,66.48,40070,0
ESPO.US,D,20211014,000000,66.85,66.995,66.61,66.83,54835,0
ESPO.US,D,20211015,000000,67.17,67.48,66.92,67.23,35286,0
ESPO.US,D,20211018,000000,67.05,68.229,67.01,67.999,45335,0
ESPO.US,D,20211019,000000,68.679,69.388,68.679,69.228,79548,0
ESPO.US,D,20211020,000000,69.298,69.448,68.639,68.859,68388,0
ESPO.US,D,20211021,000000,68.529,69.707,68.529,69.598,50313,0
ESPO.US,D,20211022,000000,70.078,70.447,69.548,69.598,81519,0
ESPO.US,D,20211025,000000,69.588,70.12,69.178,69.828,50131,0
ESPO.US,D,20211026,000000,70.208,70.857,69.418,69.608,131554,0
ESPO.US,D,20211027,000000,69.158,70.008,68.898,68.938,75176,0
ESPO.US,D,20211028,000000,69.028,69.418,68.684,69.348,33753,0
ESPO.US,D,20211029,000000,69.038,69.393,68.859,68.988,39371,0
ESPO.US,D,20211101,000000,69.368,70.607,69.368,70.607,156759,0
ESPO.US,D,20211102,000000,70.247,70.387,69.848,70.028,71045,0
ESPO.US,D,20211103,000000,69.718,70.088,69.348,69.938,38090,0
ESPO.US,D,20211104,000000,70.218,71.801,70.148,71.377,80185,0
ESPO.US,D,20211105,000000,71.766,72.322,70.877,71.037,60488,0
ESPO.US,D,20211108,000000,71.766,72.536,71.587,72.416,72876,0
ESPO.US,D,20211109,000000,74.145,74.504,72.896,74.055,148126,0
ESPO.US,D,20211110,000000,73.445,74.624,72.836,73.235,114081,0
ESPO.US,D,20211111,000000,74.454,75.544,74.454,75.194,65155,0
ESPO.US,D,20211112,000000,75.024,76.243,74.844,76.123,81552,0
ESPO.US,D,20211115,000000,76.443,76.452,75.194,75.763,117644,0
ESPO.US,D,20211116,000000,76.303,76.922,76.198,76.803,123800,0
ESPO.US,D,20211117,000000,76.413,76.413,75.414,75.583,55449,0
ESPO.US,D,20211118,000000,76.663,76.912,75.578,75.993,54780,0
ESPO.US,D,20211119,000000,76.263,76.893,76.083,76.353,51078,0
ESPO.US,D,20211122,000000,76.643,76.733,73.845,73.93,60625,0
ESPO.US,D,20211123,000000,73.645,74.205,72.366,73.095,90041,0
ESPO.US,D,20211124,000000,72.726,74.155,72.246,74.065,96614,0
ESPO.US,D,20211126,000000,73.455,73.945,72.816,72.945,26604,0
ESPO.US,D,20211129,000000,74.324,74.426,73.355,74.225,54500,0
ESPO.US,D,20211130,000000,74.025,74.724,72.301,72.905,83266,0
ESPO.US,D,20211201,000000,73.975,74.035,70.307,70.467,79932,0
ESPO.US,D,20211202,000000,70.767,71.746,70.247,70.907,87071,0
ESPO.US,D,20211203,000000,70.837,70.897,68.199,69.248,88311,0
ESPO.US,D,20211206,000000,68.769,69.568,67.29,69.568,103778,0
ESPO.US,D,20211207,000000,71.057,71.666,70.807,71.666,52228,0
ESPO.US,D,20211208,000000,71.547,72.591,70.927,72.276,33208,0
ESPO.US,D,20211209,000000,72.066,72.196,69.968,70.138,76425,0
ESPO.US,D,20211210,000000,70.627,70.627,69.278,69.598,72968,0
ESPO.US,D,20211213,000000,69.498,69.553,67.979,68.109,147115,0
ESPO.US,D,20211214,000000,67.43,68.159,67.01,67.879,202894,0
ESPO.US,D,20211215,000000,67.48,68.625,66.271,68.519,98194,0
ESPO.US,D,20211216,000000,69.058,69.173,66.64,66.99,111350,0
ESPO.US,D,20211217,000000,66.211,67.403,65.961,66.88,86411,0
ESPO.US,D,20211220,000000,64.7,64.7,63.435,63.86,68383,0
ESPO.US,D,20211221,000000,64.96,66.66,64.73,66.66,61686,0
ESPO.US,D,20211222,000000,65.98,66.64,65.92,66.42,44485,0
ESPO.US,D,20211223,000000,66.5,67.035,65.76,66.88,55823,0
ESPO.US,D,20211227,000000,66.78,67.41,66.7181,67.25,87425,0
ESPO.US,D,20211228,000000,67.24,67.42,66.28,66.55,127321,0
ESPO.US,D,20211229,000000,66.18,66.385,65.22,65.7,88969,0
ESPO.US,D,20211230,000000,65.57,67.345,65.57,66.77,50703,0
ESPO.US,D,20211231,000000,66.74,66.7475,66.16,66.24,42772,0
ESPO.US,D,20220103,000000,66.66,66.66,65.7301,66.5,42730,0
ESPO.US,D,20220104,000000,66.32,66.32,64.26,64.91,114691,0
ESPO.US,D,20220105,000000,64.05,64.72,62.5,62.5,137709,0
ESPO.US,D,20220106,000000,62.45,63.08,61.41,62.35,130728,0
ESPO.US,D,20220107,000000,62.33,62.96,61.61,61.98,131675,0
ESPO.US,D,20220110,000000,61.97,62.56,61.01,62.45,375857,0
ESPO.US,D,20220111,000000,62.45,64.2029,62.45,64.2,88380,0
ESPO.US,D,20220112,000000,65.11,65.35,64.24,64.94,88672,0
ESPO.US,D,20220113,000000,64.62,64.62,62.18,62.2,101825,0
ESPO.US,D,20220114,000000,61.86,62.59,61.68,62.3,73125,0
ESPO.US,D,20220118,000000,63.1,63.76,62.6,62.67,141505,0
ESPO.US,D,20220119,000000,63.36,63.86,62.89,63.01,81519,0
ESPO.US,D,20220120,000000,64.07,65.05,63.3,63.41,91835,0
ESPO.US,D,20220121,000000,63.42,63.72,61.9,61.99,52844,0
ESPO.US,D,20220124,000000,60.48,61.21,58.5,61.12,98408,0
ESPO.US,D,20220125,000000,60.24,60.9,59.6264,60.15,50020,0
ESPO.US,D,20220126,000000,61.49,61.51,59.48,59.85,81920,0
ESPO.US,D,20220127,000000,59.98,60.18,58.46,58.48,66379,0
ESPO.US,D,20220128,000000,58.26,59.12,57.4,59.12,178584,0
ESPO.US,D,20220131,000000,59.82,62.49,59.82,62.49,127970,0
ESPO.US,D,20220201,000000,62.79,62.86,61.55,62.67,50804,0
ESPO.US,D,20220202,000000,63.58,63.58,62.42,63.03,55893,0
ESPO.US,D,20220203,000000,61.57,62.57,61.305,61.39,38957,0
ESPO.US,D,20220204,000000,62,63.55,61.32,63.21,48742,0
ESPO.US,D,20220207,000000,63.3,63.74,62.902,63.09,33321,0
ESPO.US,D,20220208,000000,62.31,63.53,62.27,63.4,131238,0
ESPO.US,D,20220209,000000,64.4,65.39,64.155,65.39,103468,0
ESPO.US,D,20220210,000000,63.81,65.36,63.65,63.89,107034,0
ESPO.US,D,20220211,000000,63.71,63.9,61.75,62.06,83858,0
ESPO.US,D,20220214,000000,61.84,62.21,61.03,61.45,159825,0
ESPO.US,D,20220215,000000,62.47,63.54,62.2901,63.54,167821,0
ESPO.US,D,20220216,000000,62.44,62.61,61.76,62.43,103483,0
ESPO.US,D,20220217,000000,61.68,62.01,60.63,60.71,119075,0
ESPO.US,D,20220218,000000,61.06,61.1,59.76,60.13,138733,0
ESPO.US,D,20220222,000000,59.17,60,58.65,58.87,70301,0
ESPO.US,D,20220223,000000,59.57,59.571,58.009,58.02,28637,0
ESPO.US,D,20220224,000000,56.09,59.55,56.09,59.55,171121,0
ESPO.US,D,20220225,000000,59.81,60.8,59.31,60.8,63783,0
ESPO.US,D,20220228,000000,59.92,61.06,59.92,60.6,46086,0
ESPO.US,D,20220301,000000,60.54,60.795,58.935,59.23,169109,0
ESPO.US,D,20220302,000000,59.81,59.9975,59.06,59.91,26835,0
ESPO.US,D,20220303,000000,59.73,59.73,57.682,57.95,56552,0
ESPO.US,D,20220304,000000,57.2,57.44,56.14,56.43,71501,0
ESPO.US,D,20220307,000000,56.08,56.35,54.57,54.57,76501,0
ESPO.US,D,20220308,000000,54.57,55.79,53.84,54.76,82770,0
ESPO.US,D,20220309,000000,56.04,57.1974,56.04,57.13,47317,0
ESPO.US,D,20220310,000000,55.88,55.88,54.84,55.28,61524,0
ESPO.US,D,20220311,000000,56.1,56.1,54.18,54.18,47572,0
ESPO.US,D,20220314,000000,53.68,54.07,52.43,52.58,59389,0
ESPO.US,D,20220315,000000,52.11,53.67,51.64,53.58,39037,0
ESPO.US,D,20220316,000000,56.17,58.1,55.775,58.1,72331,0
ESPO.US,D,20220317,000000,57.02,57.41,56.35,57.29,31116,0
ESPO.US,D,20220318,000000,57.15,59.22,57.1,59.07,37158,0
ESPO.US,D,20220321,000000,58.22,58.58,57.27,57.85,171164,0
ESPO.US,D,20220322,000000,58.51,59.82,58.25,59.53,68132,0
ESPO.US,D,20220323,000000,58.78,60.08,58.36,58.96,55209,0
ESPO.US,D,20220324,000000,58.96,59.31,57.99,59.22,48591,0
ESPO.US,D,20220325,000000,59.15,59.18,58.25,58.68,69123,0
ESPO.US,D,20220328,000000,58.87,59.39,58.28,59.33,70585,0
ESPO.US,D,20220329,000000,60.45,61.1121,60.07,60.85,90160,0
ESPO.US,D,20220330,000000,60.46,61.065,59.54,59.72,50193,0
ESPO.US,D,20220331,000000,59.33,59.33,58.09,58.09,62959,0
ESPO.US,D,20220401,000000,59.22,59.3023,58.4995,58.78,44450,0
ESPO.US,D,20220404,000000,59.66,60.99,59.66,60.86,48247,0
ESPO.US,D,20220405,000000,60.64,60.64,59.0718,59.28,36832,0
ESPO.US,D,20220406,000000,58.3,58.3,57.01,57.57,69050,0
ESPO.US,D,20220407,000000,57.62,58.04,56.31,57.14,59017,0
ESPO.US,D,20220408,000000,56.7,56.77,56.09,56.17,68072,0
ESPO.US,D,20220411,000000,55.95,56.18,55.44,55.67,58700,0
ESPO.US,D,20220412,000000,56.43,56.48,54.8473,54.9,46905,0
ESPO.US,D,20220413,000000,55.19,56.24,54.98,56.16,64245,0
ESPO.US,D,20220414,000000,55.83,55.83,54.75,54.86,28120,0
ESPO.US,D,20220418,000000,54.22,54.46,53.5,54.04,34332,0
ESPO.US,D,20220419,000000,53.38,54.6,53.12,54.51,32156,0
ESPO.US,D,20220420,000000,54.35,54.35,52.6,52.96,49804,0
ESPO.US,D,20220421,000000,52.94,53,50.8,51,37410,0
ESPO.US,D,20220422,000000,51.2,51.91,50.682,50.86,64113,0
ESPO.US,D,20220425,000000,50.65,51.464,50.65,51.42,69866,0
ESPO.US,D,20220426,000000,51.08,51.08,49.45,49.68,48017,0
ESPO.US,D,20220427,000000,49.78,50.47,49.29,49.41,36836,0
ESPO.US,D,20220428,000000,49.89,50.48,49,50.2,52034,0
ESPO.US,D,20220429,000000,50.87,51.845,49.89,49.97,36440,0
ESPO.US,D,20220502,000000,49.67,50.9,49.53,50.81,70970,0
ESPO.US,D,20220503,000000,50.88,51.6,50.69,51.18,80246,0
ESPO.US,D,20220504,000000,51.3,52.5299,50.29,52.49,36711,0
ESPO.US,D,20220505,000000,51.44,51.44,49.5016,49.91,24133,0
ESPO.US,D,20220506,000000,49.82,49.88,48.5901,48.96,43179,0
ESPO.US,D,20220509,000000,47.67,47.7337,45.99,46.07,72461,0
ESPO.US,D,20220510,000000,47.03,47.25,45.655,46.34,122383,0
ESPO.US,D,20220511,000000,46.24,47.43,45.61,45.61,57997,0
ESPO.US,D,20220512,000000,45.55,46.99,45.1,46.48,143118,0
ESPO.US,D,20220513,000000,47.56,49.17,47.56,49.07,72306,0
ESPO.US,D,20220516,000000,48.56,49.23,48.17,48.5,29016,0
ESPO.US,D,20220517,000000,50.35,50.78,49.82,50.68,56950,0
ESPO.US,D,20220518,000000,50.27,50.955,49.54,49.66,165484,0
ESPO.US,D,20220519,000000,49.95,51.32,49.95,50.64,63547,0
ESPO.US,D,20220520,000000,51.34,51.34,49.2701,50.37,45617,0
ESPO.US,D,20220523,000000,50.55,50.81,50.0968,50.67,105787,0
ESPO.US,D,20220524,000000,50.16,50.16,49.2019,49.55,55157,0
ESPO.US,D,20220525,000000,49.51,50.37,49.22,50.28,49524,0
ESPO.US,D,20220526,000000,50.23,51.75,50.22,51.73,31113,0
ESPO.US,D,20220527,000000,52,52.52,51.96,52.4,23269,0
ESPO.US,D,20220531,000000,52.9,53.12,52.29,52.41,22746,0
ESPO.US,D,20220601,000000,52.72,52.92,51.56,51.88,43002,0
ESPO.US,D,20220602,000000,51.79,53.7321,51.79,53.67,61860,0
ESPO.US,D,20220603,000000,52.73,52.99,51.961,52.03,86222,0
ESPO.US,D,20220606,000000,53.06,53.32,52.2275,52.65,18051,0
ESPO.US,D,20220607,000000,52.04,53.37,52,53.28,13981,0
ESPO.US,D,20220608,000000,53.57,54.1652,53.41,53.73,49793,0
ESPO.US,D,20220609,000000,53.23,53.5,52.12,52.21,29217,0
ESPO.US,D,20220610,000000,51.83,51.83,50.962,51.06,45134,0
ESPO.US,D,20220613,000000,49.35,49.64,48.33,48.53,55816,0
ESPO.US,D,20220614,000000,48.77,49.0157,48.19,48.54,29886,0
ESPO.US,D,20220615,000000,48.7,49.62,48.43,49.46,29639,0
ESPO.US,D,20220616,000000,47.72,47.85,46.88,47.14,72879,0
ESPO.US,D,20220617,000000,47.48,47.74,46.89,47.45,38082,0
ESPO.US,D,20220621,000000,48.48,49.29,48.48,48.83,220672,0
ESPO.US,D,20220622,000000,47.9,48.98,47.9,48.44,26254,0
ESPO.US,D,20220623,000000,48.82,49.54,48.48,49.37,41680,0
ESPO.US,D,20220624,000000,50.14,51.12,50.14,51.02,29141,0
ESPO.US,D,20220627,000000,51.08,51.08,49.88,50.17,22783,0
ESPO.US,D,20220628,000000,50.13,50.51,48.63,48.72,28229,0
ESPO.US,D,20220629,000000,48.67,48.72,48.1499,48.36,201540,0
ESPO.US,D,20220630,000000,47.55,47.69,46.74,47.68,47588,0
ESPO.US,D,20220701,000000,47.25,47.96,47.1,47.96,38151,0
ESPO.US,D,20220705,000000,46.88,48.81,46.78,48.81,111026,0
ESPO.US,D,20220706,000000,48.55,48.55,47.73,48.05,18432,0
ESPO.US,D,20220707,000000,48.64,49.19,48.62,49.09,78389,0
ESPO.US,D,20220708,000000,48.68,49.381,48.6208,49.2,16598,0
ESPO.US,D,20220711,000000,48.26,48.26,47.43,47.5,22136,0
ESPO.US,D,20220712,000000,47.59,47.99,47.11,47.32,46954,0
ESPO.US,D,20220713,000000,46.32,47.25,46.23,47.05,41833,0
ESPO.US,D,20220714,000000,46.64,46.8,46.04,46.75,42989,0
ESPO.US,D,20220715,000000,47.14,47.2,46.59,47.17,21463,0
ESPO.US,D,20220718,000000,47.99,48.62,47.6,47.67,14713,0
ESPO.US,D,20220719,000000,48.14,48.726,47.88,48.66,56814,0
ESPO.US,D,20220720,000000,48.76,49.86,48.76,49.81,76579,0
ESPO.US,D,20220721,000000,49.94,50.78,49.82,50.67,49944,0
ESPO.US,D,20220722,000000,50.63,50.63,49.3,49.58,19880,0
ESPO.US,D,20220725,000000,49.55,49.55,49.19,49.51,15496,0
ESPO.US,D,20220726,000000,49.07,49.1002,48.35,48.35,36695,0
ESPO.US,D,20220727,000000,48.86,50.08,48.79,49.9,30068,0
ESPO.US,D,20220728,000000,49.92,50.19,49.13,50.11,54158,0
ESPO.US,D,20220729,000000,49.65,50.2,49.5,50.01,18240,0
ESPO.US,D,20220801,000000,49.91,50.71,49.9,50.35,24971,0
ESPO.US,D,20220802,000000,49.65,50.79,49.65,50.21,70864,0
ESPO.US,D,20220803,000000,50.1,51.05,50.1,51.01,24930,0
ESPO.US,D,20220804,000000,51.22,51.83,51.018,51.73,40991,0
ESPO.US,D,20220805,000000,50.9,51.93,50.9,51.64,22004,0
ESPO.US,D,20220808,000000,50.91,51.66,50.76,50.91,17110,0
ESPO.US,D,20220809,000000,50.6,50.7399,49.79,50.02,17211,0
ESPO.US,D,20220810,000000,50.51,51.25,50.16,51.22,26111,0
ESPO.US,D,20220811,000000,51.71,52.73,51.24,51.4,41202,0
ESPO.US,D,20220812,000000,51.35,52.03,51.225,52.03,15429,0
ESPO.US,D,20220815,000000,51.74,52.08,51.62,51.93,21142,0
ESPO.US,D,20220816,000000,51.83,51.95,51.18,51.84,18862,0
ESPO.US,D,20220817,000000,51.42,51.48,50.85,51.23,25713,0
ESPO.US,D,20220818,000000,51.42,51.42,50.74,51.01,33780,0
ESPO.US,D,20220819,000000,50.31,50.31,49.42,49.58,29947,0
ESPO.US,D,20220822,000000,48.95,49.21,48.415,48.49,32928,0
ESPO.US,D,20220823,000000,48.31,48.88,48.26,48.26,48380,0
ESPO.US,D,20220824,000000,47.89,48.582,47.88,48.36,32084,0
ESPO.US,D,20220825,000000,48.87,49.78,48.8401,49.78,22520,0
ESPO.US,D,20220826,000000,50.32,50.32,48.09,48.13,19990,0
ESPO.US,D,20220829,000000,47.63,48.095,47.36,47.36,26588,0
ESPO.US,D,20220830,000000,47.95,47.98,46.75,47.05,26553,0
ESPO.US,D,20220831,000000,47.63,47.83,47.11,47.24,12182,0
ESPO.US,D,20220901,000000,46.49,46.49,45.52,46.26,40058,0
ESPO.US,D,20220902,000000,46.52,46.63,45.53,45.63,32063,0
ESPO.US,D,20220906,000000,45.47,45.75,44.7435,44.97,79482,0
ESPO.US,D,20220907,000000,44.61,45.3,44.3925,45.2,11903,0
ESPO.US,D,20220908,000000,44.61,45.36,44.61,45.26,17902,0
ESPO.US,D,20220909,000000,46.06,46.76,46.06,46.73,32369,0
ESPO.US,D,20220912,000000,46.88,47.24,46.7537,47.24,19043,0
ESPO.US,D,20220913,000000,45.93,46.06,45.06,45.19,33918,0
ESPO.US,D,20220914,000000,45.2,45.51,44.94,45.4,19919,0
ESPO.US,D,20220915,000000,45.04,45.41,44.642,44.85,15817,0
ESPO.US,D,20220916,000000,44.15,44.32,43.71,43.96,37357,0
ESPO.US,D,20220919,000000,43.38,43.995,43.366,43.95,15766,0
ESPO.US,D,20220920,000000,43.63,43.78,43.21,43.35,36406,0
ESPO.US,D,20220921,000000,43.19,43.9,42.66,42.8,26835,0
ESPO.US,D,20220922,000000,42.66,42.78,41.95,42.26,17849,0
ESPO.US,D,20220923,000000,41.27,41.27,40.73,41.16,31527,0
ESPO.US,D,20220926,000000,41.22,41.69,40.93,40.98,44709,0
ESPO.US,D,20220927,000000,41.6,41.98,40.98,41.25,26692,0
ESPO.US,D,20220928,000000,41.12,42.13,41.12,41.98,38811,0
ESPO.US,D,20220929,000000,41.12,41.12,40.41,40.72,62377,0
ESPO.US,D,20220930,000000,40.48,41.25,40.48,40.6,37445,0
ESPO.US,D,20221003,000000,40.67,41.44,40.575,41.32,35210,0
ESPO.US,D,20221004,000000,42.24,43.13,42.24,43.12,57880,0
ESPO.US,D,20221005,000000,42.38,42.87,41.9,42.66,59194,0
ESPO.US,D,20221006,000000,42.54,43.02,42.39,42.55,10801,0
ESPO.US,D,20221007,000000,41.9,41.9,40.87,41.03,23288,0
ESPO.US,D,20221010,000000,40.82,40.82,40.07,40.72,13479,0
ESPO.US,D,20221011,000000,40.03,40.3498,39.35,39.86,20265,0
ESPO.US,D,20221012,000000,39.52,39.86,39.29,39.61,25315,0
ESPO.US,D,20221013,000000,38.33,39.85,38.12,39.85,66885,0
ESPO.US,D,20221014,000000,40.13,40.3799,38.39,38.39,15027,0
ESPO.US,D,20221017,000000,39.74,40.27,39.74,39.9,22467,0
ESPO.US,D,20221018,000000,40.93,40.9699,39.94,40.4,19731,0
ESPO.US,D,20221019,000000,39.8,40.09,39.2145,39.34,23630,0
ESPO.US,D,20221020,000000,39.34,40.41,39.34,39.54,38114,0
ESPO.US,D,20221021,000000,39,39.74,38.64,39.71,43615,0
ESPO.US,D,20221024,000000,38.79,38.9099,37.93,38.815,37625,0
ESPO.US,D,20221025,000000,39.16,39.98,39.16,39.89,19862,0
ESPO.US,D,20221026,000000,39.92,40.97,39.92,40.32,32672,0
ESPO.US,D,20221027,000000,40.38,40.5284,39.86,39.92,16442,0
ESPO.US,D,20221028,000000,39.61,40.12,39.5416,40.1,41885,0
ESPO.US,D,20221031,000000,40.02,40.16,39.8,39.94,20772,0
ESPO.US,D,20221101,000000,41.19,41.28,40.38,40.43,60101,0
ESPO.US,D,20221102,000000,40.89,41.28,39.8,39.9,42227,0
ESPO.US,D,20221103,000000,39.31,40.224,39.31,39.69,49037,0
ESPO.US,D,20221104,000000,40.99,40.99,40.1563,40.63,85885,0
ESPO.US,D,20221107,000000,40.99,41.13,40.4908,40.98,54941,0
ESPO.US,D,20221108,000000,40.84,41.3,40.39,40.61,26620,0
ESPO.US,D,20221109,000000,39.54,39.54,38.59,38.93,94153,0
ESPO.US,D,20221110,000000,40.67,42.13,40.6511,41.94,45624,0
ESPO.US,D,20221111,000000,42.45,43.95,42.23,43.92,35903,0
ESPO.US,D,20221114,000000,43.55,43.79,43.21,43.41,225203,0
ESPO.US,D,20221115,000000,45,45.79,44.92,45.34,46806,0
ESPO.US,D,20221116,000000,45.01,45.215,44.25,44.41,76106,0
ESPO.US,D,20221117,000000,43.5,44.52,43.4757,44.26,48024,0
ESPO.US,D,20221118,000000,44.59,44.59,43.3903,43.77,19283,0
ESPO.US,D,20221121,000000,43.09,43.1707,42.4801,42.75,17935,0
ESPO.US,D,20221122,000000,42.49,43.19,42.26,43.06,50206,0
ESPO.US,D,20221123,000000,43.35,44.17,43.35,44.04,22014,0
ESPO.US,D,20221125,000000,43.8,43.91,43.64,43.69,12806,0
ESPO.US,D,20221128,000000,43.42,43.9659,43.35,43.44,23115,0
ESPO.US,D,20221129,000000,43.7,44.155,43.5568,43.63,17558,0
ESPO.US,D,20221130,000000,43.85,45.4,43.85,45.11,36859,0
ESPO.US,D,20221201,000000,45.58,45.97,45.34,45.8,39029,0
ESPO.US,D,20221202,000000,45.05,46.34,44.9909,46,60067,0
ESPO.US,D,20221205,000000,46.2,46.2,45.05,45.18,23175,0
ESPO.US,D,20221206,000000,45.33,45.4,44.303,44.42,25892,0
ESPO.US,D,20221207,000000,44.27,44.48,44.092,44.38,8656,0
ESPO.US,D,20221208,000000,44.87,45.33,44.505,45.19,22783,0
ESPO.US,D,20221209,000000,45.41,45.85,45.205,45.23,14317,0
ESPO.US,D,20221212,000000,45.36,45.5816,44.84,45.44,15042,0
ESPO.US,D,20221213,000000,47.24,47.71,45.4886,46.03,64954,0
ESPO.US,D,20221214,000000,46,46.565,45.76,46.07,56590,0
ESPO.US,D,20221215,000000,45.13,45.35,43.8,43.9,35571,0
ESPO.US,D,20221216,000000,43.94,44,43.31,43.44,42595,0
ESPO.US,D,20221219,000000,43.11,43.11,42.45,42.5,60045,0
ESPO.US,D,20221220,000000,42.1,42.79,42.1,42.29,47475,0
ESPO.US,D,20221221,000000,42.53,43.36,42.46,43.28,65098,0
ESPO.US,D,20221222,000000,43.07,43.15,41.89,42.77,29853,0
ESPO.US,D,20221223,000000,42.57,42.57,42.11,42.36,26875,0
ESPO.US,D,20221227,000000,42.02,42.64,42,42.24,63425,0
ESPO.US,D,20221228,000000,42.18,42.32,41.52,41.91,68824,0
ESPO.US,D,20221229,000000,42.53,43.63,42.43,43.63,41066,0
ESPO.US,D,20221230,000000,42.61,43,42.61,42.86,22679,0
ESPO.US,D,20230103,000000,43.8,44.07,43.11,43.37,54456,0
ESPO.US,D,20230104,000000,44.22,44.78,44.12,44.74,57542,0
ESPO.US,D,20230105,000000,44.05,44.05,43.635,43.94,27182,0
ESPO.US,D,20230106,000000,43.98,44.43,43.23,44.36,17805,0
ESPO.US,D,20230109,000000,44.75,45.23,44.66,44.66,43705,0
ESPO.US,D,20230110,000000,44.65,45.4,44.57,45.4,39387,0
ESPO.US,D,20230111,000000,45.68,46.24,45.4,46.24,44963,0
ESPO.US,D,20230112,000000,45.68,45.97,44.775,45.85,25743,0
ESPO.US,D,20230113,000000,45.71,46.56,45.71,46.33,45700,0
ESPO.US,D,20230117,000000,46.59,47.09,46.44,47,35747,0
ESPO.US,D,20230118,000000,47.6,47.785,46.5412,46.57,16078,0
ESPO.US,D,20230119,000000,46.39,46.5699,45.9047,46,14697,0
ESPO.US,D,20230120,000000,46.23,47.19,46.19,47.12,8323,0
ESPO.US,D,20230123,000000,47.36,48.72,47.29,48.61,87321,0
ESPO.US,D,20230124,000000,48.24,48.59,48.16,48.41,24803,0
ESPO.US,D,20230125,000000,48.04,48.68,47.65,48.68,29518,0
ESPO.US,D,20230126,000000,49.38,49.8,48.595,49.37,23734,0
ESPO.US,D,20230127,000000,49.03,50.1,49.03,49.96,29618,0
ESPO.US,D,20230130,000000,48.93,49.01,48.105,48.17,58913,0
ESPO.US,D,20230131,000000,48.22,48.84,48.1095,48.84,18677,0
ESPO.US,D,20230201,000000,48.7,50,48.4801,49.86,16019,0
ESPO.US,D,20230202,000000,50.56,51.32,50.415,51.05,19185,0
ESPO.US,D,20230203,000000,50.11,50.74,49.68,49.74,51596,0
ESPO.US,D,20230206,000000,48.85,49.08,48.61,48.95,17764,0
ESPO.US,D,20230207,000000,48.97,49.8,48.48,49.52,83944,0
ESPO.US,D,20230208,000000,49.3,49.66,48.88,48.88,36955,0
ESPO.US,D,20230209,000000,50.24,50.43,49.24,49.24,13807,0
ESPO.US,D,20230210,000000,48.61,48.66,47.916,48.23,14244,0
ESPO.US,D,20230213,000000,48.23,48.8288,47.92,48.68,8406,0
ESPO.US,D,20230214,000000,48.42,49.3,48.3479,49.24,37058,0
ESPO.US,D,20230215,000000,49.12,50.15,48.94,50.15,72606,0
ESPO.US,D,20230216,000000,49.58,50.26,49.47,49.7,11186,0
ESPO.US,D,20230217,000000,48.94,48.94,48.43,48.73,27132,0
ESPO.US,D,20230221,000000,48.02,48.34,47.42,47.43,19971,0
ESPO.US,D,20230222,000000,47.51,47.8,47.09,47.36,41370,0
ESPO.US,D,20230223,000000,48.4,48.4,47.19,47.805,22761,0
ESPO.US,D,20230224,000000,46.92,46.92,46.11,46.36,61963,0
ESPO.US,D,20230227,000000,46.85,46.88,46.5375,46.72,14681,0
ESPO.US,D,20230228,000000,46.38,46.8141,46.282,46.53,9177,0
ESPO.US,D,20230301,000000,47.16,47.16,46.55,46.77,23859,0
ESPO.US,D,20230302,000000,46.48,47.82,46.48,47.82,16333,0
ESPO.US,D,20230303,000000,47.95,48.75,47.95,48.71,24813,0
ESPO.US,D,20230306,000000,48.69,49.08,48.26,48.42,47047,0
ESPO.US,D,20230307,000000,48.35,48.83,48.08,48.23,35693,0
ESPO.US,D,20230308,000000,48.21,48.6,48.1277,48.5928,19772,0
ESPO.US,D,20230309,000000,48.49,48.78,47.41,47.49,52593,0
ESPO.US,D,20230310,000000,47.48,47.62,46.67,47.1,26553,0
ESPO.US,D,20230313,000000,46.81,47.79,46.4646,47.32,26721,0
ESPO.US,D,20230314,000000,48,48.64,48,48.53,41171,0
ESPO.US,D,20230315,000000,47.45,48.02,47.06,48.02,24060,0
ESPO.US,D,20230316,000000,47.92,49.64,47.91,49.64,35308,0
ESPO.US,D,20230317,000000,50.02,50.1,49.41,49.62,37532,0
ESPO.US,D,20230320,000000,49.52,49.82,49.22,49.73,29926,0
ESPO.US,D,20230321,000000,50,50.45,49.75,50.19,26390,0
ESPO.US,D,20230322,000000,50.92,51.55,50.21,50.36,30665,0
ESPO.US,D,20230323,000000,51.28,52.33,51.05,51.49,29012,0
ESPO.US,D,20230324,000000,51.74,51.9886,51.36,51.84,27341,0
ESPO.US,D,20230327,000000,51.82,51.94,51.2508,51.58,14164,0
ESPO.US,D,20230328,000000,51.59,51.67,51.17,51.45,44172,0
ESPO.US,D,20230329,000000,51.76,52.15,51.615,52.15,28510,0
ESPO.US,D,20230330,000000,52.38,52.55,52.22,52.53,17514,0
ESPO.US,D,20230331,000000,52.27,52.88,52.17,52.88,46113,0
ESPO.US,D,20230403,000000,52.94,53.3299,52.7629,53.28,58985,0
ESPO.US,D,20230404,000000,53.21,53.37,53.03,53.14,22307,0
ESPO.US,D,20230405,000000,53.12,53.12,51.9128,52.35,23485,0
ESPO.US,D,20230406,000000,52.04,52.59,51.895,52.37,8084,0
ESPO.US,D,20230410,000000,52,52.665,51.77,52.56,20193,0
ESPO.US,D,20230411,000000,52.51,52.7347,52.11,52.27,21141,0
ESPO.US,D,20230412,000000,52.43,52.43,51.44,51.45,38059,0
ESPO.US,D,20230413,000000,51.99,52.46,51.99,52.32,27658,0
ESPO.US,D,20230414,000000,52.18,52.5,51.79,52.09,9307,0
ESPO.US,D,20230417,000000,51.85,51.96,51.61,51.92,13727,0
ESPO.US,D,20230418,000000,52.61,52.61,52.175,52.34,20353,0
ESPO.US,D,20230419,000000,51.67,52.06,51.56,51.93,32246,0
ESPO.US,D,20230420,000000,51.54,51.97,51.26,51.43,20569,0
ESPO.US,D,20230421,000000,51.35,51.35,51.08,51.35,17222,0
ESPO.US,D,20230424,000000,51.18,51.28,50.765,51.1,227176,0
ESPO.US,D,20230425,000000,50.77,50.81,49.95,50.02,294257,0
ESPO.US,D,20230426,000000,50.39,50.5,49.67,49.77,40780,0
ESPO.US,D,20230427,000000,49.95,50.475,49.9,50.43,33966,0
ESPO.US,D,20230428,000000,50.39,50.99,50.37,50.95,13993,0
ESPO.US,D,20230501,000000,50.72,51.13,50.7,50.78,10734,0
ESPO.US,D,20230502,000000,50.52,50.52,49.73,50.01,21459,0
ESPO.US,D,20230503,000000,49.93,50.1299,49.59,49.73,19458,0
ESPO.US,D,20230504,000000,49.77,50.25,49.7,50.13,32039,0
ESPO.US,D,20230505,000000,50.14,51.24,50.14,51.2,38316,0
ESPO.US,D,20230508,000000,51.24,51.95,51.17,51.88,44876,0
ESPO.US,D,20230509,000000,51.24,51.615,51.19,51.44,18236,0
ESPO.US,D,20230510,000000,51.82,51.97,51.43,51.815,31923,0
ESPO.US,D,20230511,000000,52.06,52.76,52.06,52.41,25506,0
ESPO.US,D,20230512,000000,52.33,52.33,51.395,51.62,43860,0
ESPO.US,D,20230515,000000,51.97,52.7658,51.8901,52.75,18475,0
ESPO.US,D,20230516,000000,51.92,52.12,51.82,51.82,10053,0
ESPO.US,D,20230517,000000,51.91,52.74,51.8031,52.69,145437,0
ESPO.US,D,20230518,000000,52.66,53.13,52.66,53.07,18848,0
ESPO.US,D,20230519,000000,52.95,53.01,52.401,52.59,27617,0
ESPO.US,D,20230522,000000,52.77,53.33,52.77,53.13,19571,0
ESPO.US,D,20230523,000000,52.44,52.76,51.9301,52.03,15830,0
ESPO.US,D,20230524,000000,51.13,51.41,50.915,51.27,33034,0
ESPO.US,D,20230525,000000,52.82,52.82,52.28,52.53,14771,0
ESPO.US,D,20230526,000000,52.72,53.64,52.72,53.56,63371,0
ESPO.US,D,20230530,000000,53.68,53.96,52.96,53.11,16660,0
ESPO.US,D,20230531,000000,52.67,52.8924,52.23,52.46,11744,0
ESPO.US,D,20230601,000000,52.95,53.9448,52.88,53.64,14568,0
ESPO.US,D,20230602,000000,54.4,54.4,53.96,54.09,13531,0
ESPO.US,D,20230605,000000,53.89,54.52,53.89,54.42,15141,0
ESPO.US,D,20230606,000000,54.52,55.1126,54.43,55.1,34742,0
ESPO.US,D,20230607,000000,54.99,55.3,53.8,53.97,27896,0
ESPO.US,D,20230608,000000,53.28,54.125,53.272,54.01,12571,0
ESPO.US,D,20230609,000000,54.72,55.18,54.5,54.73,22047,0
ESPO.US,D,20230612,000000,55.06,55.45,55.04,55.4,79511,0
ESPO.US,D,20230613,000000,56.32,56.5531,56.0976,56.44,19271,0
ESPO.US,D,20230614,000000,56.28,57.16,56.23,57.16,29370,0
ESPO.US,D,20230615,000000,56.89,57.43,56.79,57.3,116043,0
ESPO.US,D,20230616,000000,57.73,57.73,57.045,57.045,16314,0
ESPO.US,D,20230620,000000,56.6,56.97,56.03,56.38,22520,0
ESPO.US,D,20230621,000000,56.04,56.38,55.3954,55.43,18647,0
ESPO.US,D,20230622,000000,55.05,55.4236,55.0201,55.41,12001,0
ESPO.US,D,20230623,000000,54.33,54.35,54,54.2,10136,0
ESPO.US,D,20230626,000000,54.47,54.75,53.915,54.22,71540,0
ESPO.US,D,20230627,000000,54.75,55.69,54.68,55.63,45306,0
ESPO.US,D,20230628,000000,55.25,55.86,55.25,55.5291,18725,0
ESPO.US,D,20230629,000000,55.4384,55.48,55.14,55.3,10570,0
ESPO.US,D,20230630,000000,55.72,56.08,55.72,55.75,29684,0
ESPO.US,D,20230703,000000,55.93,56.1713,55.93,56.13,4576,0
ESPO.US,D,20230705,000000,55.48,55.48,55.06,55.22,27028,0
ESPO.US,D,20230706,000000,54.37,54.37,53.72,54.16,29905,0
ESPO.US,D,20230707,000000,54.13,55.07,54.12,54.48,44535,0
ESPO.US,D,20230710,000000,54.33,54.86,54.2,54.81,9672,0
ESPO.US,D,20230711,000000,55.1,56.35,54.98,56.35,59802,0
ESPO.US,D,20230712,000000,57.02,57.29,56.77,57.28,133265,0
ESPO.US,D,20230713,000000,58.09,58.66,58.09,58.62,16793,0
ESPO.US,D,20230714,000000,58.69,58.73,57.88,57.96,18173,0
ESPO.US,D,20230717,000000,58.21,58.75,58.02,58.72,14129,0
ESPO.US,D,20230718,000000,58.61,58.75,58.1792,58.73,45223,0
ESPO.US,D,20230719,000000,58.99,59.12,58.34,58.49,56562,0
ESPO.US,D,20230720,000000,57.84,57.965,56.95,57.11,13104,0
ESPO.US,D,20230721,000000,57.29,57.32,56.74,56.87,40746,0
ESPO.US,D,20230724,000000,56.88,57.3,56.4751,57.15,21770,0
ESPO.US,D,20230725,000000,57.56,57.645,57.33,57.33,25348,0
ESPO.US,D,20230726,000000,57.15,57.59,57.105,57.45,34833,0
ESPO.US,D,20230727,000000,58.43,58.585,57.471,57.57,14392,0
ESPO.US,D,20230728,000000,58.13,58.51,58.07,58.36,18412,0
ESPO.US,D,20230731,000000,58.61,58.8,58.471,58.67,29286,0
ESPO.US,D,20230801,000000,58.08,58.3699,58.01,58.17,12493,0
ESPO.US,D,20230802,000000,57.23,57.23,55.8,56.11,45471,0
ESPO.US,D,20230803,000000,56.07,56.73,56.06,56.44,26011,0
ESPO.US,D,20230804,000000,56.66,56.78,56.03,56.09,7092,0
ESPO.US,D,20230807,000000,56.53,56.53,55.9694,56.29,13717,0
ESPO.US,D,20230808,000000,55.33,55.6,54.8,55.43,42073,0
ESPO.US,D,20230809,000000,55.47,55.47,54.2877,54.46,27318,0
ESPO.US,D,20230810,000000,55.2,55.62,54.585,54.93,16708,0
ESPO.US,D,20230811,000000,54.42,54.42,53.89,54.13,16523,0
ESPO.US,D,20230814,000000,53.95,54.83,53.91,54.72,12179,0
ESPO.US,D,20230815,000000,54.39,54.39,53.6,53.6,6932,0
ESPO.US,D,20230816,000000,53.37,53.41,52.91,52.91,30016,0
ESPO.US,D,20230817,000000,53.36,53.36,52.44,52.62,10572,0
ESPO.US,D,20230818,000000,51.78,52.4,51.71,52.23,15052,0
ESPO.US,D,20230821,000000,52.5,53.1,52.4492,53.1,8326,0
ESPO.US,D,20230822,000000,53.58,53.58,52.67,52.82,8112,0
ESPO.US,D,20230823,000000,52.86,53.65,52.819,53.61,8635,0
ESPO.US,D,20230824,000000,53.99,53.99,52.46,52.58,7234,0
ESPO.US,D,20230825,000000,52.48,52.695,52.21,52.69,9183,0
ESPO.US,D,20230828,000000,53,53.32,52.8166,53.32,13041,0
ESPO.US,D,20230829,000000,53.3,54.25,53.3,54.25,11709,0
ESPO.US,D,20230830,000000,54.06,54.44,53.84,54.16,19757,0
ESPO.US,D,20230831,000000,54.24,54.375,53.91,54.19,8337,0
ESPO.US,D,20230901,000000,54.7,54.8,54.385,54.57,10380,0
ESPO.US,D,20230905,000000,54.16,54.413,53.97,54.34,8519,0
ESPO.US,D,20230906,000000,54.23,54.41,53.8101,53.99,13171,0
ESPO.US,D,20230907,000000,53.39,53.54,53.1335,53.51,7174,0
ESPO.US,D,20230908,000000,53.33,53.425,53.04,53.15,5906,0
ESPO.US,D,20230911,000000,53.67,53.7,53.2,53.64,20204,0
ESPO.US,D,20230912,000000,53.17,53.713,53.08,53.33,5117,0
ESPO.US,D,20230913,000000,52.87,53.1832,52.87,53.0425,14087,0
ESPO.US,D,20230914,000000,53.48,53.68,53.3,53.5,48898,0
ESPO.US,D,20230915,000000,53.06,53.23,52.64,52.66,13254,0
ESPO.US,D,20230918,000000,52.33,52.5267,51.86,52.41,11141,0
ESPO.US,D,20230919,000000,52.32,52.46,51.93,52.18,24827,0
ESPO.US,D,20230920,000000,52.14,52.2548,51.331,51.38,6693,0
ESPO.US,D,20230921,000000,50.5,50.5,50,50.03,11698,0
ESPO.US,D,20230922,000000,50.79,50.93,50.5,50.65,8404,0
ESPO.US,D,20230925,000000,50.35,51.17,50.35,51.11,24882,0
ESPO.US,D,20230926,000000,50.72,50.97,50.5,50.54,17289,0
ESPO.US,D,20230927,000000,50.83,51.055,50.38,50.9,14243,0
ESPO.US,D,20230928,000000,50.5,51.2736,50.5,51.05,10640,0
ESPO.US,D,20230929,000000,51.77,51.97,51.41,51.56,10555,0
ESPO.US,D,20231002,000000,51.27,51.37,51,51.31,8321,0
ESPO.US,D,20231003,000000,51.05,51.05,50.3301,50.62,3478,0
ESPO.US,D,20231004,000000,50.51,50.94,50.42,50.94,13073,0
ESPO.US,D,20231005,000000,50.96,51.01,50.58,51.01,4467,0
ESPO.US,D,20231006,000000,50.88,51.89,50.84,51.79,8620,0
ESPO.US,D,20231009,000000,51.24,52.01,51.24,52.01,7369,0
ESPO.US,D,20231010,000000,52.19,52.935,52.19,52.65,33938,0
ESPO.US,D,20231011,000000,52.97,53.0704,52.7,52.955,19804,0
ESPO.US,D,20231012,000000,52.89,52.9155,52.465,52.545,6154,0
ESPO.US,D,20231013,000000,52.28,52.33,51.59,51.745,14205,0
ESPO.US,D,20231016,000000,51.56,52.08,51.56,52.08,28413,0
ESPO.US,D,20231017,000000,51.26,52.15,51.26,51.78,5933,0
ESPO.US,D,20231018,000000,51.32,51.54,50.8101,50.8675,8666,0
ESPO.US,D,20231019,000000,50.82,50.98,50.525,50.55,8495,0
ESPO.US,D,20231020,000000,50.47,50.7199,50.05,50.14,13310,0
ESPO.US,D,20231023,000000,49.95,50.56,49.87,50.2468,24350,0
ESPO.US,D,20231024,000000,50.74,51.45,50.74,51.385,10153,0
ESPO.US,D,20231025,000000,51.09,51.09,50.05,50.05,4856,0
ESPO.US,D,20231026,000000,49.74,49.74,49.03,49.38,10350,0
ESPO.US,D,20231027,000000,49.85,49.85,49.265,49.32,10317,0
ESPO.US,D,20231030,000000,49.74,49.9501,49.27,49.69,8866,0
ESPO.US,D,20231031,000000,49.67,50.17,49.56,50.17,10790,0
ESPO.US,D,20231101,000000,49.98,50.53,49.98,50.52,7793,0
ESPO.US,D,20231102,000000,51.44,51.93,51.4118,51.61,5234,0
ESPO.US,D,20231103,000000,52.38,53.51,52.38,53.27,15749,0
ESPO.US,D,20231106,000000,53.68,53.68,52.69,52.99,14070,0
ESPO.US,D,20231107,000000,52.93,53.66,52.93,53.56,12796,0
ESPO.US,D,20231108,000000,54.35,54.6597,53.8738,54.06,17197,0
ESPO.US,D,20231109,000000,54.92,54.92,53.9591,54.12,9459,0
ESPO.US,D,20231110,000000,54,54.99,53.6,54.99,16684,0
ESPO.US,D,20231113,000000,54.93,55.26,54.6,55.15,23132,0
ESPO.US,D,20231114,000000,55.52,55.69,55.1801,55.2,13613,0
ESPO.US,D,20231115,000000,55.58,55.92,55.3506,55.47,38772,0
ESPO.US,D,20231116,000000,55.1,55.1166,54.76,54.96,7887,0
ESPO.US,D,20231117,000000,55.03,55.2155,54.83,55.15,23191,0
ESPO.US,D,20231120,000000,55.34,56,55.22,55.84,25788,0
ESPO.US,D,20231121,000000,55.44,55.595,55.09,55.31,4714,0
ESPO.US,D,20231122,000000,55.36,55.5592,55.11,55.46,5892,0
ESPO.US,D,20231124,000000,54.9,55.18,54.87,55.18,3767,0
ESPO.US,D,20231127,000000,54.77,55.27,54.73,55.13,5403,0
ESPO.US,D,20231128,000000,54.77,55.43,54.7,55.35,14109,0
ESPO.US,D,20231129,000000,55.69,55.78,55.381,55.56,8566,0
ESPO.US,D,20231130,000000,55.57,55.57,54.9351,55.24,8413,0
ESPO.US,D,20231201,000000,54.89,55.75,54.79,55.75,9507,0
ESPO.US,D,20231204,000000,54.82,55.04,54.36,55.04,11648,0
ESPO.US,D,20231205,000000,54.22,54.62,54.1381,54.52,11865,0
ESPO.US,D,20231206,000000,54.92,55.1953,54.15,54.22,28120,0
ESPO.US,D,20231207,000000,54.5,55.105,54.5,55.1,6348,0
ESPO.US,D,20231208,000000,54.96,55.34,54.9333,55.27,14642,0
ESPO.US,D,20231211,000000,54.84,55.22,54.79,55.22,13320,0
ESPO.US,D,20231212,000000,54.83,55.7,54.74,55.7,20086,0
ESPO.US,D,20231213,000000,55.56,56.53,55.3701,56.41,12883,0
ESPO.US,D,20231214,000000,56.62,56.97,56.34,56.97,15127,0
ESPO.US,D,20231215,000000,56.77,56.89,56.33,56.52,7086,0
ESPO.US,D,20231218,000000,56.01,56.2169,55.72,56.18,8609,0
ESPO.US,D,20231219,000000,56.43,57,56.33,56.84,21646,0
ESPO.US,D,20231220,000000,56.64,56.91,55.61,55.75,14005,0
ESPO.US,D,20231221,000000,56.42,56.74,56.1721,56.74,8265,0
ESPO.US,D,20231222,000000,54.78,55.35,54.56,55.14,16225,0
ESPO.US,D,20231226,000000,55.61,56.28,55.61,56.28,17704,0
ESPO.US,D,20231227,000000,56.32,56.55,56.16,56.52,17320,0
ESPO.US,D,20231228,000000,56.67,57.27,56.67,56.82,10690,0
ESPO.US,D,20231229,000000,56.92,57.2,56.6,56.73,10325,0
ESPO.US,D,20240102,000000,55.92,55.935,55.1601,55.42,41207,0
ESPO.US,D,20240103,000000,54.77,55.17,54.74,54.86,6798,0
ESPO.US,D,20240104,000000,54.95,55.3999,54.8,55.08,6791,0
ESPO.US,D,20240105,000000,54.63,55.3,54.63,54.79,5097,0
ESPO.US,D,20240108,000000,54.81,55.86,54.79,55.86,9327,0
ESPO.US,D,20240109,000000,55.84,56.0214,55.68,55.79,8334,0
ESPO.US,D,20240110,000000,56.19,56.6299,56.0901,56.38,5275,0
ESPO.US,D,20240111,000000,56.67,56.7,55.7632,56.45,11577,0
ESPO.US,D,20240112,000000,56.59,56.9,56.3068,56.35,7794,0
ESPO.US,D,20240116,000000,55.59,56.07,55.5179,55.62,10315,0
ESPO.US,D,20240117,000000,54.69,54.97,54.54,54.97,13391,0
ESPO.US,D,20240118,000000,55.58,55.58,55.03,55.53,53663,0
ESPO.US,D,20240119,000000,55.915,56.36,55.3324,56.36,11727,0
ESPO.US,D,20240122,000000,56.34,56.69,56.28,56.46,43940,0
ESPO.US,D,20240123,000000,56.95,57.42,56.91,57.27,18227,0
ESPO.US,D,20240124,000000,58.05,58.5,57.86,57.86,17055,0
ESPO.US,D,20240125,000000,58.43,58.57,58.17,58.3,15999,0
ESPO.US,D,20240126,000000,58.1436,58.3604,57.9501,58.09,11148,0
ESPO.US,D,20240129,000000,58.19,58.67,57.88,58.65,17232,0
ESPO.US,D,20240130,000000,58.35,58.4,57.63,57.79,16743,0
ESPO.US,D,20240131,000000,57.23,57.72,57.07,57.07,13448,0
ESPO.US,D,20240201,000000,57.33,57.8,57.1301,57.79,21078,0
ESPO.US,D,20240202,000000,58.55,59.33,58.5417,59.31,29887,0
ESPO.US,D,20240205,000000,59.37,59.44,58.63,59.09,20848,0
ESPO.US,D,20240206,000000,59.36,59.72,59.19,59.72,19541,0
ESPO.US,D,20240207,000000,59.6,60.2,59.6,60.14,23624,0
ESPO.US,D,20240208,000000,59.88,60.33,59.88,60.02,50866,0
ESPO.US,D,20240209,000000,59.76,60.4005,59.76,60.29,18364,0
ESPO.US,D,20240212,000000,60.38,61.27,60.37,60.46,22137,0
ESPO.US,D,20240213,000000,59.29,59.8275,59.29,59.6,8659,0
ESPO.US,D,20240214,000000,60.41,61.3,60.41,61.14,92237,0
ESPO.US,D,20240215,000000,61.26,61.75,61.26,61.68,20821,0
ESPO.US,D,20240216,000000,61.75,62,61.38,61.38,12955,0
ESPO.US,D,20240220,000000,60.64,60.64,59.39,59.83,22158,0
ESPO.US,D,20240221,000000,59.58,59.88,59.3,59.51,19115,0
ESPO.US,D,20240222,000000,60.99,61.7799,60.95,61.61,16736,0
ESPO.US,D,20240223,000000,61.91,62.1,61.34,61.51,10697,0
ESPO.US,D,20240226,000000,61.44,61.77,61.44,61.55,10836,0
ESPO.US,D,20240227,000000,61.38,61.74,61.21,61.59,14531,0
ESPO.US,D,20240228,000000,60.85,61.0992,60.7,60.83,7935,0
ESPO.US,D,20240229,000000,61.36,61.745,61.25,61.6,21731,0
ESPO.US,D,20240301,000000,62.47,63.34,58.71,63.18,40176,0
ESPO.US,D,20240304,000000,63.45,63.53,62.76,62.91,20218,0
ESPO.US,D,20240305,000000,62.43,62.56,62.055,62.56,12455,0
ESPO.US,D,20240306,000000,63.47,63.8,63.26,63.46,12205,0
ESPO.US,D,20240307,000000,63.84,64.2,63.731,64.11,12323,0
ESPO.US,D,20240308,000000,64.5,65.22,63.06,63.06,14027,0
ESPO.US,D,20240311,000000,63.1,63.613,63.03,63.32,14431,0
ESPO.US,D,20240312,000000,63.65,64.18,63.22,64.06,14520,0
ESPO.US,D,20240313,000000,63.57,64.16,63.57,63.94,16023,0
ESPO.US,D,20240314,000000,63.68,63.96,62.62,62.89,17474,0
ESPO.US,D,20240315,000000,62.16,62.65,62.16,62.4,15282,0
ESPO.US,D,20240318,000000,62.96,62.99,62.4616,62.59,16912,0
ESPO.US,D,20240319,000000,62.02,62.29,61.52,62.29,12908,0
ESPO.US,D,20240320,000000,62.26,63.0659,62.17,62.99,31352,0
ESPO.US,D,20240321,000000,63.38,63.395,62.91,62.91,20665,0
ESPO.US,D,20240322,000000,62.94,62.94,62.5115,62.63,6541,0
ESPO.US,D,20240325,000000,61.88,62.3611,61.88,62.21,9220,0
ESPO.US,D,20240326,000000,62.71,62.885,62.44,62.44,8830,0
ESPO.US,D,20240327,000000,62.63,62.71,62.27,62.71,11062,0
ESPO.US,D,20240328,000000,62.39,62.7599,62.36,62.52,9390,0
ESPO.US,D,20240401,000000,62.44,62.5,61.83,62.12,9001,0
ESPO.US,D,20240402,000000,61.44,61.66,61.2775,61.59,15030,0
ESPO.US,D,20240403,000000,61.19,61.71,61.19,61.59,17806,0
ESPO.US,D,20240404,000000,62.15,62.27,60.85,60.85,9284,0
ESPO.US,D,20240405,000000,60.78,61.5399,60.77,61.34,7399,0
ESPO.US,D,20240408,000000,61.54,61.89,61.54,61.88,9903,0
ESPO.US,D,20240409,000000,62.09,62.31,61.75,62.16,8362,0
ESPO.US,D,20240410,000000,61.45,61.5799,61.095,61.33,4518,0
ESPO.US,D,20240411,000000,61.55,61.65,61.05,61.555,9023,0
ESPO.US,D,20240412,000000,60.71,60.71,59.82,59.93,10056,0
ESPO.US,D,20240415,000000,60.24,60.24,58.8,58.93,13124,0
ESPO.US,D,20240416,000000,58.53,59.35,58.53,59.005,10556,0
ESPO.US,D,20240417,000000,59.19,59.19,58.49,58.63,37106,0
ESPO.US,D,20240418,000000,58.76,59.13,58.52,58.65,7314,0
ESPO.US,D,20240419,000000,58.13,58.4799,57.84,57.98,13210,0
ESPO.US,D,20240422,000000,58.9,59.38,58.68,59.11,13298,0
ESPO.US,D,20240423,000000,59.26,59.98,59.26,59.76,15320,0
ESPO.US,D,20240424,000000,60.23,60.28,59.587,60.15,8979,0
ESPO.US,D,20240425,000000,58.95,59.9,58.902,59.9,9541,0
ESPO.US,D,20240426,000000,60.25,60.87,60.25,60.64,9549,0
ESPO.US,D,20240429,000000,60.96,61.29,60.89,61.29,18994,0
ESPO.US,D,20240430,000000,60.59,60.66,60.05,60.13,6765,0
ESPO.US,D,20240501,000000,59.85,60.645,59.71,59.96,6784,0
ESPO.US,D,20240502,000000,60.82,61.61,60.45,61.61,12928,0
ESPO.US,D,20240503,000000,62.33,63.27,62.12,63.17,13001,0
ESPO.US,D,20240506,000000,63.23,63.74,63.13,63.74,7158,0
ESPO.US,D,20240507,000000,63.35,63.72,63.265,63.61,25676,0
ESPO.US,D,20240508,000000,62.39,62.68,62.32,62.48,6875,0
ESPO.US,D,20240509,000000,62.545,63.1877,62.5166,63.07,4722,0
ESPO.US,D,20240510,000000,63.77,64.08,63.26,63.27,7668,0
ESPO.US,D,20240513,000000,64.64,66.22,64.4,65.06,22467,0
ESPO.US,D,20240514,000000,66.39,69,66.39,68.41,76096,0
ESPO.US,D,20240515,000000,67.59,67.9523,66.21,67.86,23975,0
ESPO.US,D,20240516,000000,67.68,67.9,67.26,67.26,15979,0
ESPO.US,D,20240517,000000,66.7,66.8016,66.36,66.58,40981,0
ESPO.US,D,20240520,000000,66.6,67.23,66.3201,67.04,9446,0
ESPO.US,D,20240521,000000,66.22,66.33,65.69,66.29,14045,0
ESPO.US,D,20240522,000000,65.96,66.36,65.655,65.77,14224,0
ESPO.US,D,20240523,000000,66.17,66.17,64.25,64.45,11951,0
ESPO.US,D,20240524,000000,64.46,65.279,64.406,65.05,10952,0
ESPO.US,D,20240528,000000,65.14,65.6451,64.6645,65.17,11103,0
ESPO.US,D,20240529,000000,64.32,64.513,64.1,64.4,5704,0
ESPO.US,D,20240530,000000,64.8,65.2699,64.42,64.86,6569,0
ESPO.US,D,20240531,000000,64.85,64.97,64.2462,64.97,2689,0
ESPO.US,D,20240603,000000,67.55,67.6161,65.99,66.2,16544,0
ESPO.US,D,20240604,000000,66.25,66.71,65.98,66.45,14130,0
ESPO.US,D,20240605,000000,66.78,67.9,66.78,67.9,15318,0
ESPO.US,D,20240606,000000,67.8,69.5,67.525,69.31,23255,0
ESPO.US,D,20240607,000000,67.86,68.82,66.8,67.06,34964,0
ESPO.US,D,20240610,000000,66.66,66.8399,66.22,66.32,11188,0
ESPO.US,D,20240611,000000,65.84,66.44,65.2101,66.44,12198,0
ESPO.US,D,20240612,000000,66.72,67.03,65.9,65.9,8384,0
ESPO.US,D,20240613,000000,65.97,66.11,65.55,65.96,13929,0
ESPO.US,D,20240614,000000,65.71,65.965,65.71,65.96,4722,0
ESPO.US,D,20240617,000000,65.87,66.24,65.6568,65.95,10451,0
ESPO.US,D,20240618,000000,65.91,66.2999,65.82,66.25,8886,0
ESPO.US,D,20240620,000000,66,66.2,65.81,65.99,16308,0
ESPO.US,D,20240621,000000,66.06,66.075,65.67,65.79,12315,0
ESPO.US,D,20240624,000000,65.71,66.3899,65.54,66.04,15138,0
ESPO.US,D,20240625,000000,66.26,66.63,65.85,66.49,9870,0
ESPO.US,D,20240626,000000,66.43,66.69,66.15,66.69,9954,0
ESPO.US,D,20240627,000000,66.31,66.8,66.31,66.72,10845,0
ESPO.US,D,20240628,000000,66.86,67.32,66.56,66.91,12424,0
ESPO.US,D,20240701,000000,66.66,66.66,65.91,66.1,47051,0
ESPO.US,D,20240702,000000,65.91,66.7,65.91,66.67,30194,0
ESPO.US,D,20240703,000000,66.94,67.48,66.94,67.33,7780,0
ESPO.US,D,20240705,000000,67.35,67.71,67.11,67.71,14405,0
ESPO.US,D,20240708,000000,67.8,68.08,67.52,68.08,13300,0
ESPO.US,D,20240709,000000,68.37,68.82,68.18,68.36,38197,0
ESPO.US,D,20240710,000000,68.82,69.15,68.71,69.15,11627,0
ESPO.US,D,20240711,000000,69.61,70.0783,69.31,69.72,15825,0
ESPO.US,D,20240712,000000,70.18,70.85,70.05,70.7,16367,0
ESPO.US,D,20240715,000000,70.47,70.9,70.3,70.35,12898,0
ESPO.US,D,20240716,000000,70.19,70.47,70.05,70.47,5200,0
ESPO.US,D,20240717,000000,69.86,70.22,69.39,69.51,12521,0
ESPO.US,D,20240718,000000,69.215,69.52,68.3,68.35,4412,0
ESPO.US,D,20240719,000000,67.92,68.0187,67.35,67.63,10339,0
ESPO.US,D,20240722,000000,68.08,68.5,68.08,68.5,9857,0
ESPO.US,D,20240723,000000,67.82,68.3175,67.805,68.25,5328,0
ESPO.US,D,20240724,000000,67.66,68.35,66.71,66.97,28132,0
ESPO.US,D,20240725,000000,66.59,67.37,66.3189,66.64,9977,0
ESPO.US,D,20240726,000000,66.92,67.25,66.8801,67.24,3782,0
ESPO.US,D,20240729,000000,67.19,67.38,66.93,66.94,21071,0
ESPO.US,D,20240730,000000,67.17,67.497,66.591,66.78,24682,0
ESPO.US,D,20240731,000000,68.2,68.49,67.79,67.9,10894,0
ESPO.US,D,20240801,000000,67.35,67.5,65.72,65.91,30873,0
ESPO.US,D,20240802,000000,65,65.16,64.03,64.84,54859,0
ESPO.US,D,20240805,000000,60.91,63.04,60.91,62.78,29796,0
ESPO.US,D,20240806,000000,63.42,64.11,62.94,63.65,21576,0
ESPO.US,D,20240807,000000,64.63,64.87,63.05,63.08,20247,0
ESPO.US,D,20240808,000000,64.57,65.71,64.486,65.71,17196,0
ESPO.US,D,20240809,000000,65.71,65.71,64.95,65.48,17368,0
ESPO.US,D,20240812,000000,65.74,66.15,65.45,65.45,12048,0
ESPO.US,D,20240813,000000,66.55,67.48,66.55,67.31,14981,0
ESPO.US,D,20240814,000000,67.25,67.4199,66.78,66.99,15196,0
ESPO.US,D,20240815,000000,67.62,68.37,67.62,68.37,25913,0
ESPO.US,D,20240816,000000,67.87,68.6,67.87,68.6,8109,0
ESPO.US,D,20240819,000000,68.94,69.5861,68.91,69.52,16149,0
ESPO.US,D,20240820,000000,69.67,69.86,69.5601,69.63,3705,0
ESPO.US,D,20240821,000000,70.08,71.11,70.08,71.07,29260,0
ESPO.US,D,20240822,000000,71.09,71.09,69.838,70.06,4600,0
ESPO.US,D,20240823,000000,70.23,70.99,70.0101,70.85,7312,0
ESPO.US,D,20240826,000000,70.86,71.22,70.57,70.81,13762,0
ESPO.US,D,20240827,000000,70.49,70.8008,70.09,70.65,17943,0
ESPO.US,D,20240828,000000,70.21,70.21,69.43,69.65,7104,0
ESPO.US,D,20240829,000000,69.95,70.7094,69.95,70.13,16289,0
ESPO.US,D,20240830,000000,70.42,70.61,69.82,70.58,14373,0
ESPO.US,D,20240903,000000,70.39,70.39,68.74,68.85,5037,0
ESPO.US,D,20240904,000000,69.18,69.615,68.83,68.98,6867,0
ESPO.US,D,20240905,000000,69.23,69.6699,68.97,69.56,15892,0
ESPO.US,D,20240906,000000,69.66,69.66,68.0501,68.41,9858,0
ESPO.US,D,20240909,000000,69.03,69.5274,68.83,69.52,11961,0
ESPO.US,D,20240910,000000,69.56,69.88,68.9501,69.61,114163,0
ESPO.US,D,20240911,000000,69.15,69.991,68.23,69.89,9718,0
ESPO.US,D,20240912,000000,69.89,71.1,69.78,71.06,24713,0
ESPO.US,D,20240913,000000,71,72,71,71.7,66958,0
ESPO.US,D,20240916,000000,71.47,72.265,71.47,72.08,49602,0
ESPO.US,D,20240917,000000,72.73,72.91,72.1263,72.56,16337,0
ESPO.US,D,20240918,000000,72.39,72.76,71.81,71.81,12786,0
ESPO.US,D,20240919,000000,73.48,73.69,73.0882,73.22,19516,0
ESPO.US,D,20240920,000000,73.01,73.33,72.6601,73.33,7431,0
ESPO.US,D,20240923,000000,73.19,73.6999,69.87,73.43,12319,0
ESPO.US,D,20240924,000000,74.5,75.71,74.22,75.71,11347,0
ESPO.US,D,20240925,000000,74.67,75.15,74.54,74.71,9321,0
ESPO.US,D,20240926,000000,77.08,77.08,75.75,76.71,13386,0
ESPO.US,D,20240927,000000,76.52,76.77,76.16,76.41,15895,0
ESPO.US,D,20240930,000000,76.02,76.75,75.9611,76.08,28278,0
ESPO.US,D,20241001,000000,76.13,76.19,74.76,75.54,20763,0
ESPO.US,D,20241002,000000,75.86,76.25,75.8126,76.25,14469,0
ESPO.US,D,20241003,000000,75.43,76.11,75.38,75.54,8614,0
ESPO.US,D,20241004,000000,76.24,76.94,75.83,76.72,13690,0
ESPO.US,D,20241007,000000,77.28,77.374,76.9347,77.2,10349,0
ESPO.US,D,20241008,000000,75.76,76.33,75.5425,76.02,16499,0
ESPO.US,D,20241009,000000,75.38,75.87,75.09,75.45,8008,0
ESPO.US,D,20241010,000000,74.85,75.02,74.42,74.6,31253,0
ESPO.US,D,20241011,000000,74.19,75.49,74.19,75.49,16097,0
ESPO.US,D,20241014,000000,74.55,75.1,74.55,74.82,17475,0
ESPO.US,D,20241015,000000,74.32,74.695,73.51,73.51,11792,0
ESPO.US,D,20241016,000000,73.87,74.055,73.5,73.71,37446,0
ESPO.US,D,20241017,000000,73.72,73.72,72.82,72.85,11180,0
ESPO.US,D,20241018,000000,73.97,73.98,73.61,73.7,8724,0
ESPO.US,D,20241021,000000,73.42,74.04,73.33,74.04,6823,0
ESPO.US,D,20241022,000000,73.62,73.75,73.26,73.52,8435,0
ESPO.US,D,20241023,000000,73.33,73.68,72.61,72.9,21226,0
ESPO.US,D,20241024,000000,73.6,73.7161,73.075,73.34,6491,0
ESPO.US,D,20241025,000000,73.86,74.31,73.47,73.47,6959,0
ESPO.US,D,20241028,000000,74.17,74.8353,73.89,74.77,9319,0
ESPO.US,D,20241029,000000,74.93,75.73,74.65,75.73,12469,0
ESPO.US,D,20241030,000000,74.72,75.0917,74.46,74.73,8058,0
ESPO.US,D,20241031,000000,74.86,74.86,74.03,74.6,9706,0
ESPO.US,D,20241101,000000,74.85,75.103,74.5,74.5,4586,0
ESPO.US,D,20241104,000000,74.66,74.89,74.13,74.15,12494,0
