<TICKER>,<PER>,<DATE>,<TIME>,<OPEN>,<HIGH>,<LOW>,<CLOSE>,<VOL>,<OPENINT>
EWJV.US,D,20190308,000000,21.831,21.831,21.831,21.831,1664.4087061056,0
EWJV.US,D,20190312,000000,21.9216,22.1371,21.9216,22.1371,555.8190245664,0
EWJV.US,D,20190318,000000,22.265,22.265,22.265,22.265,111.773478432,0
EWJV.US,D,20190322,000000,22.3546,22.3605,22.3546,22.3605,445.0616686656,0
EWJV.US,D,20190325,000000,22.2896,22.2896,22.2896,22.2896,222.5308343328,0
EWJV.US,D,20190326,000000,22.642,22.642,22.5426,22.5426,555.8190245664,0
EWJV.US,D,20190328,000000,22.4894,22.4894,22.4894,22.4894,222.5308343328,0
EWJV.US,D,20190401,000000,22.6321,22.6321,22.6321,22.6321,1664.4087061056,0
EWJV.US,D,20190410,000000,22.4756,22.4756,22.4756,22.4756,444.0455461344,0
EWJV.US,D,20190411,000000,22.3989,22.3989,22.3989,22.3989,11217.992744448,0
EWJV.US,D,20190422,000000,22.4087,22.4087,22.4087,22.4087,222.5308343328,0
EWJV.US,D,20190423,000000,22.5524,22.5524,22.5524,22.5524,1125.8637645696,0
EWJV.US,D,20190425,000000,22.2188,22.2739,22.2129,22.2453,2442.7585650048,0
EWJV.US,D,20190506,000000,22.2808,22.2808,22.2808,22.2808,222.5308343328,0
EWJV.US,D,20190510,000000,21.7257,21.8527,21.7257,21.8527,2221.2438532032,0
EWJV.US,D,20190520,000000,21.5968,21.5968,21.5968,21.5968,1111.6380491328,0
EWJV.US,D,20190523,000000,21.4128,21.4128,21.4128,21.4128,411.529625136,0
EWJV.US,D,20190528,000000,21.6431,21.6431,21.6431,21.6431,115.8379685568,0
EWJV.US,D,20190624,000000,22.2768,22.2768,22.2768,22.2768,435.9165658848,0
EWJV.US,D,20190626,000000,22.206,22.206,22.206,22.206,271.3047158304,0
EWJV.US,D,20190628,000000,22.3211,22.3211,22.3211,22.3211,1635.957275232,0
EWJV.US,D,20190705,000000,22.6006,22.6006,22.6006,22.6006,2201.9375251104,0
EWJV.US,D,20190715,000000,22.6252,22.6252,22.6252,22.6252,218.466344208,0
EWJV.US,D,20190718,000000,22.202,22.202,22.202,22.202,332.2720677024,0
EWJV.US,D,20190725,000000,22.4146,22.4146,22.4146,22.4146,108.7251108384,0
EWJV.US,D,20190729,000000,22.202,22.202,22.202,22.202,1089.2833534464,0
EWJV.US,D,20190807,000000,21.6529,21.6529,21.5053,21.5053,654.3829100928,0
EWJV.US,D,20190812,000000,21.4039,21.4325,21.4039,21.4325,412.5457476672,0
EWJV.US,D,20190814,000000,21.0939,21.0939,21.0939,21.0939,3268.8661828704,0
EWJV.US,D,20190823,000000,21.3951,21.3951,21.3951,21.3951,123.9669488064,0
EWJV.US,D,20190827,000000,21.5053,21.5053,21.5053,21.5053,108.7251108384,0
EWJV.US,D,20190829,000000,21.5781,21.5781,21.5781,21.5781,435.9165658848,0
EWJV.US,D,20190830,000000,21.7523,21.7523,21.7523,21.7523,108.7251108384,0
EWJV.US,D,20190905,000000,21.9727,21.9727,21.9718,21.9718,218.466344208,0
EWJV.US,D,20190906,000000,22.0377,22.0377,22.0377,22.0377,108.7251108384,0
EWJV.US,D,20190910,000000,22.3674,22.3674,22.3674,22.3674,544.6416767232,0
EWJV.US,D,20190911,000000,22.8181,22.8181,22.8181,22.8181,544.6416767232,0
EWJV.US,D,20190912,000000,23.0199,23.0287,23.011,23.0287,3584.8802900736,0
EWJV.US,D,20190913,000000,23.2157,23.2206,23.2157,23.2157,816.9625150848,0
EWJV.US,D,20190917,000000,23.1508,23.1508,23.1508,23.1508,697.0600564032,0
EWJV.US,D,20190918,000000,23.0218,23.0287,23.0218,23.0287,436.932688416,0
EWJV.US,D,20190919,000000,23.2206,23.3171,23.2206,23.258,17160.277306906,0
EWJV.US,D,20190923,000000,23.1291,23.1941,23.1291,23.1941,418.6424828544,0
EWJV.US,D,20190924,000000,23.2875,23.2875,23.2875,23.2875,404.4167674176,0
EWJV.US,D,20190927,000000,23.1665,23.1665,23.1202,23.1202,436.932688416,0
EWJV.US,D,20190930,000000,22.947,23.0287,22.947,23.0287,446.0777911968,0
EWJV.US,D,20191001,000000,23.1104,23.1104,22.9913,22.9913,3636.7025391648,0
EWJV.US,D,20191002,000000,22.7984,22.7984,22.7984,22.7984,110.7573559008,0
EWJV.US,D,20191009,000000,22.8919,22.8919,22.887,22.887,1755.8597339136,0
EWJV.US,D,20191014,000000,23.1478,23.1478,23.1478,23.1478,218.466344208,0
EWJV.US,D,20191015,000000,23.2679,23.4873,23.2679,23.4873,654.3829100928,0
EWJV.US,D,20191016,000000,23.4253,23.4253,23.4253,23.4253,212.3696090208,0
EWJV.US,D,20191021,000000,23.5513,23.5513,23.5139,23.5424,2874.6106407648,0
EWJV.US,D,20191024,000000,23.7166,23.7166,23.7166,23.7166,382.0620717312,0
EWJV.US,D,20191029,000000,23.8702,23.8829,23.8702,23.8829,271.3047158304,0
EWJV.US,D,20191031,000000,23.7885,23.7885,23.7885,23.7885,244.8855300192,0
EWJV.US,D,20191101,000000,24.065,24.065,24.065,24.065,500.9484078816,0
EWJV.US,D,20191104,000000,24.1132,24.1132,24.1132,24.1132,595.4478032832,0
EWJV.US,D,20191111,000000,24.4154,24.4764,24.4154,24.4764,777.333736368,0
EWJV.US,D,20191113,000000,24.4242,24.4242,24.4242,24.4242,3323.7367995552,0
EWJV.US,D,20191114,000000,24.2126,24.2303,24.2126,24.2303,341.4171704832,0
EWJV.US,D,20191115,000000,24.378,24.437,24.378,24.3967,6373.1205156864,0
EWJV.US,D,20191118,000000,24.3406,24.3406,24.3406,24.3406,265.2079806432,0
EWJV.US,D,20191119,000000,24.4154,24.4154,24.4154,24.4154,5205.5957273376,0
EWJV.US,D,20191120,000000,24.2028,24.2028,24.1428,24.1428,108.7251108384,0
EWJV.US,D,20191125,000000,24.3681,24.3967,24.3681,24.3967,1394.1201128064,0
EWJV.US,D,20191126,000000,24.2953,24.3238,24.2687,24.3051,765.1402659936,0
EWJV.US,D,20191129,000000,24.1349,24.1378,24.0493,24.1142,7020.3905680608,0
EWJV.US,D,20191202,000000,24.1152,24.1152,24.0896,24.0896,219.4824667392,0
EWJV.US,D,20191203,000000,24.0109,24.1861,24.0109,24.1861,3290.2047560256,0
EWJV.US,D,20191204,000000,24.4537,24.4537,24.4341,24.4341,366.8202337632,0
EWJV.US,D,20191206,000000,24.7185,24.7706,24.7017,24.7017,10047.419588506,0
EWJV.US,D,20191210,000000,24.5955,24.6043,24.5935,24.5935,818.9947601472,0
EWJV.US,D,20191212,000000,24.7037,24.7037,24.6624,24.6624,1133.9927448192,0
EWJV.US,D,20191216,000000,24.7893,24.8169,24.7893,24.812,5871.1559852736,0
EWJV.US,D,20191217,000000,24.6958,24.7293,24.4232,24.4232,2289.3240627936,0
EWJV.US,D,20191218,000000,24.6811,24.6949,24.6801,24.686,2185.6795646112,0
EWJV.US,D,20191220,000000,24.685,24.7411,24.685,24.7145,20813.23780657,0
EWJV.US,D,20191223,000000,24.5728,24.5905,24.563,24.5709,26736.216040934,0
EWJV.US,D,20191224,000000,24.4882,24.5079,24.4616,24.4646,6846.6336152256,0
EWJV.US,D,20191226,000000,24.4783,24.4931,24.4783,24.4931,619.834744032,0
EWJV.US,D,20191227,000000,24.5827,24.5827,24.5118,24.5118,2771.9822651136,0
EWJV.US,D,20191230,000000,24.4685,24.4685,24.3701,24.3986,15175.790003472,0
EWJV.US,D,20191231,000000,24.2805,24.3327,24.2805,24.3327,1166.5086658176,0
EWJV.US,D,20200102,000000,24.6102,24.6201,24.6102,24.6201,2468.1616282848,0
EWJV.US,D,20200103,000000,24.3465,24.5335,24.3465,24.5315,1489.6356307392,0
EWJV.US,D,20200106,000000,24.4213,24.4498,24.4213,24.4449,970.397017296,0
EWJV.US,D,20200107,000000,24.4311,24.4311,24.4203,24.4272,643.2055622496,0
EWJV.US,D,20200108,000000,24.3849,24.685,24.3849,24.5443,7764.1922608992,0
EWJV.US,D,20200109,000000,24.5344,24.5531,24.5344,24.5443,6115.0253927616,0
EWJV.US,D,20200110,000000,24.4232,24.4232,24.3081,24.3081,6448.3135829952,0
EWJV.US,D,20200113,000000,24.4498,24.4498,24.4498,24.4498,385.1104393248,0
EWJV.US,D,20200114,000000,24.4085,24.441,24.3799,24.439,2978.2551389472,0
EWJV.US,D,20200115,000000,24.3553,24.3553,24.3278,24.3465,19027.910519251,0
EWJV.US,D,20200116,000000,24.3051,24.3642,24.3051,24.3435,9116.6513499264,0
EWJV.US,D,20200117,000000,24.4036,24.4203,24.4016,24.4183,2077.970576304,0
EWJV.US,D,20200121,000000,24.4783,24.4783,24.4439,24.4449,4137.6509470464,0
EWJV.US,D,20200122,000000,24.4134,24.4321,24.3563,24.373,3598.0898829792,0
EWJV.US,D,20200123,000000,24.3652,24.5226,24.3543,24.4163,24519.036677856,0
EWJV.US,D,20200124,000000,24.2668,24.2805,24.2668,24.2717,539.5610640672,0
EWJV.US,D,20200127,000000,23.8869,23.942,23.8485,23.8534,2274.0822248256,0
EWJV.US,D,20200128,000000,24.0552,24.0552,24.0178,24.0286,22174.841998378,0
EWJV.US,D,20200129,000000,24.0739,24.0739,23.9873,23.9873,6351.7819425312,0
EWJV.US,D,20200130,000000,23.819,24.0089,23.8062,24.0089,865.7363965824,0
EWJV.US,D,20200131,000000,23.7639,23.7639,23.5769,23.6369,709.2535267776,0
EWJV.US,D,20200203,000000,23.7639,23.7639,23.7639,23.7639,125.9991938688,0
EWJV.US,D,20200205,000000,24.2717,24.3524,24.2717,24.3416,446.0777911968,0
EWJV.US,D,20200206,000000,24.498,24.498,24.4931,24.4931,755.9951632128,0
EWJV.US,D,20200207,000000,24.375,24.375,24.2904,24.2904,1896.0846432192,0
EWJV.US,D,20200210,000000,24.2264,24.2294,24.2264,24.2294,555.8190245664,0
EWJV.US,D,20200211,000000,24.498,24.5344,24.4685,24.5344,11839.859733542,0
EWJV.US,D,20200212,000000,24.3465,24.3563,24.3288,24.3563,21627.151954061,0
EWJV.US,D,20200213,000000,24.0837,25.5048,24.0837,24.1546,17404.146714394,0
EWJV.US,D,20200214,000000,23.9902,23.9991,23.9194,23.9194,26073.704150592,0
EWJV.US,D,20200219,000000,23.6605,23.6605,23.5326,23.5326,1651.1991132,0
EWJV.US,D,20200220,000000,23.4066,23.4253,23.3407,23.3505,1659.3280934496,0
EWJV.US,D,20200221,000000,23.2935,23.2935,23.2009,23.2009,16628.845223088,0
EWJV.US,D,20200224,000000,22.5927,22.5927,22.4658,22.4874,1366.684804464,0
EWJV.US,D,20200225,000000,22.6538,22.7099,22.3516,22.3516,1297.5884723424,0
EWJV.US,D,20200226,000000,22.5691,22.7108,22.5691,22.5691,3059.5449414432,0
EWJV.US,D,20200227,000000,22.018,22.1036,21.8842,21.8842,3548.2998789504,0
EWJV.US,D,20200228,000000,21.3931,21.6096,21.2868,21.6096,15264.192663686,0
EWJV.US,D,20200302,000000,21.5437,21.8674,21.5387,21.8674,4250.4405480096,0
EWJV.US,D,20200303,000000,21.83,21.83,21.6096,21.6096,1446.9584844288,0
EWJV.US,D,20200304,000000,21.8999,22.0869,21.8999,22.0869,1360.5880692768,0
EWJV.US,D,20200305,000000,21.5899,21.5899,21.5348,21.5348,1406.3135831808,0
EWJV.US,D,20200306,000000,21.214,21.276,21.1303,21.276,1970.2615879968,0
EWJV.US,D,20200309,000000,19.9444,20.344,19.9444,20.2692,2933.5457475744,0
EWJV.US,D,20200310,000000,20.5182,20.6501,20.2781,20.6501,10716.028214035,0
EWJV.US,D,20200311,000000,20.1462,20.1708,19.971,19.971,1066.92865776,0
EWJV.US,D,20200312,000000,18.4486,18.4486,17.9919,18.1149,7898.3204350176,0
EWJV.US,D,20200313,000000,18.4387,18.4387,18.0451,18.3167,1741.6340184768,0
EWJV.US,D,20200316,000000,17.9221,17.9221,17.3217,17.3562,3358.284965616,0
EWJV.US,D,20200317,000000,18.047,18.0579,17.7331,18.0579,3246.511487184,0
EWJV.US,D,20200318,000000,17.5648,17.5648,17.2912,17.5274,1478.458282896,0
EWJV.US,D,20200319,000000,17.9693,18.1149,17.8227,17.8227,22886.127770218,0
EWJV.US,D,20200320,000000,18.1199,18.2517,17.8561,17.8591,2774.014510176,0
EWJV.US,D,20200323,000000,17.6622,17.7095,17.6593,17.7095,822.0431277408,0
EWJV.US,D,20200324,000000,19.0036,19.0696,18.8835,18.8835,1968.2293429344,0
EWJV.US,D,20200325,000000,19.0499,19.5203,19.0499,19.5203,1921.4877064992,0
EWJV.US,D,20200326,000000,19.6807,19.8116,19.6807,19.8116,613.7380088448,0
EWJV.US,D,20200327,000000,20.0655,20.0655,19.8952,19.8952,2680.5312373056,0
EWJV.US,D,20200331,000000,19.2477,19.4356,19.2014,19.2014,21670.845222902,0
EWJV.US,D,20200401,000000,18.5716,18.7212,18.5234,18.5234,1520.1193066752,0
EWJV.US,D,20200402,000000,18.543,18.6995,18.543,18.6995,381.0459492,0
EWJV.US,D,20200403,000000,18.4013,18.4013,18.2704,18.2704,831.1882305216,0
EWJV.US,D,20200406,000000,18.9849,19.1827,18.9849,19.1778,914.51027808,0
EWJV.US,D,20200407,000000,20.1797,20.1797,19.6157,19.6167,2195.8407899232,0
EWJV.US,D,20200408,000000,19.3609,19.3609,19.228,19.3264,1297.5884723424,0
EWJV.US,D,20200409,000000,19.6059,19.8214,19.5754,19.6492,12269.67956424,0
EWJV.US,D,20200413,000000,19.5587,19.6059,19.5587,19.6059,320.078597328,0
EWJV.US,D,20200414,000000,19.8598,19.9494,19.8598,19.9494,1946.8907697792,0
EWJV.US,D,20200415,000000,19.597,19.6059,19.5577,19.5577,608.6573961888,0
EWJV.US,D,20200417,000000,19.4691,19.6276,19.4691,19.6276,3554.3966141376,0
EWJV.US,D,20200420,000000,19.5301,19.5675,19.4494,19.4494,8685.8153966976,0
EWJV.US,D,20200422,000000,19.4445,19.4445,19.4445,19.4445,415.5941152608,0
EWJV.US,D,20200427,000000,20.0468,20.2072,20.0468,20.2072,337.3526803584,0
EWJV.US,D,20200428,000000,20.5556,20.5556,20.3863,20.3863,1737.569528352,0
EWJV.US,D,20200429,000000,20.7819,20.8656,20.7819,20.8193,834.2365981152,0
EWJV.US,D,20200430,000000,20.471,20.6314,20.1984,20.1984,4891.6138651968,0
EWJV.US,D,20200501,000000,19.7506,19.784,19.7506,19.784,280.4498186112,0
EWJV.US,D,20200504,000000,19.5587,19.5587,19.5488,19.5577,1207.1535670656,0
EWJV.US,D,20200505,000000,19.9159,19.9907,19.9011,19.9011,877.9298669568,0
EWJV.US,D,20200507,000000,19.784,19.8598,19.784,19.8598,383.0781942624,0
EWJV.US,D,20200508,000000,20.217,20.3115,20.217,20.285,4193.5376862624,0
EWJV.US,D,20200511,000000,20.7908,20.7908,20.5182,20.5979,7587.3869404704,0
EWJV.US,D,20200512,000000,20.3489,20.3489,20.2092,20.2092,334.3043127648,0
EWJV.US,D,20200514,000000,19.7565,19.7929,19.5587,19.784,2541.3224505312,0
EWJV.US,D,20200515,000000,19.8136,19.8136,19.8037,19.8037,326.1753325152,0
EWJV.US,D,20200518,000000,20.1314,20.3489,20.1314,20.3489,2199.905280048,0
EWJV.US,D,20200519,000000,20.3391,20.3391,20.1885,20.1885,798.6723095232,0
EWJV.US,D,20200521,000000,20.3115,20.3115,20.3115,20.3115,578.1737202528,0
EWJV.US,D,20200526,000000,20.8469,20.9788,20.8469,20.904,4011.6517531776,0
EWJV.US,D,20200527,000000,21.3734,21.3734,21.3468,21.3557,668.6086255296,0
EWJV.US,D,20200528,000000,21.7877,21.7877,21.5643,21.6795,7201.2603786144,0
EWJV.US,D,20200529,000000,21.3636,21.3636,21.3636,21.3636,272.3208383616,0
EWJV.US,D,20200601,000000,21.3832,21.5486,21.3832,21.5486,1749.7629987264,0
EWJV.US,D,20200602,000000,21.6283,21.6883,21.6283,21.6883,265.2079806432,0
EWJV.US,D,20200603,000000,21.7877,21.9344,21.7877,21.9304,2057.64812568,0
EWJV.US,D,20200604,000000,21.6883,21.6982,21.6834,21.6982,1235.6049979392,0
EWJV.US,D,20200605,000000,22.1174,22.1184,22.084,22.084,1437.813381648,0
EWJV.US,D,20200608,000000,22.39,22.6351,22.3536,22.6351,2028.1805722752,0
EWJV.US,D,20200609,000000,22.3812,22.5307,22.3812,22.512,8936.797661904,0
EWJV.US,D,20200610,000000,22.39,22.39,22.3438,22.3595,607.6412736576,0
EWJV.US,D,20200611,000000,21.6834,21.6834,21.1963,21.1963,5594.7706567872,0
EWJV.US,D,20200612,000000,21.6657,21.6657,21.525,21.525,704.1729141216,0
EWJV.US,D,20200615,000000,21.0201,21.3134,21.0201,21.3134,965.31640464,0
EWJV.US,D,20200616,000000,21.8861,21.9344,21.8861,21.9344,220.4985892704,0
EWJV.US,D,20200618,000000,21.6755,21.6755,21.6588,21.6637,506.0290205376,0
EWJV.US,D,20200619,000000,21.5811,21.6391,21.5151,21.5151,825.0914953344,0
EWJV.US,D,20200622,000000,21.5151,21.5712,21.5053,21.5299,4286.0048366016,0
EWJV.US,D,20200623,000000,21.8104,21.8104,21.8104,21.8104,290.6110439232,0
EWJV.US,D,20200624,000000,21.4492,21.4492,21.2671,21.2671,1010.0257960128,0
EWJV.US,D,20200626,000000,21.0762,21.1215,21.0762,21.1215,496.8839177568,0
EWJV.US,D,20200629,000000,21.0299,21.087,20.9522,21.087,801.7206771168,0
EWJV.US,D,20200630,000000,20.9916,21.0103,20.9335,20.9581,1882.8750503136,0
EWJV.US,D,20200701,000000,20.8292,20.8961,20.8006,20.8371,12385.517532797,0
EWJV.US,D,20200702,000000,21.1057,21.2297,21.0782,21.0782,9822.8565091104,0
EWJV.US,D,20200706,000000,21.2573,21.2691,21.2346,21.2691,712.3018943712,0
EWJV.US,D,20200707,000000,21.0762,21.0959,21.0762,21.0959,608.6573961888,0
EWJV.US,D,20200708,000000,20.8863,20.9916,20.8479,20.9916,15193.064086502,0
EWJV.US,D,20200709,000000,20.8715,20.8715,20.7367,20.7367,2945.7392179488,0
EWJV.US,D,20200710,000000,21.0093,21.086,21.0093,21.086,1335.1850059968,0
EWJV.US,D,20200713,000000,21.2002,21.3104,21.2002,21.276,21110.961708211,0
EWJV.US,D,20200714,000000,21.1618,21.3153,21.1618,21.3153,5199.4989921504,0
EWJV.US,D,20200715,000000,21.5624,21.6854,21.5535,21.5712,23499.865779062,0
EWJV.US,D,20200716,000000,21.5624,21.5712,21.5624,21.5712,696.043933872,0
EWJV.US,D,20200717,000000,21.4758,21.4758,21.4295,21.4295,3232.2857717472,0
EWJV.US,D,20200720,000000,21.4393,21.4669,21.4325,21.4669,2812.6271663616,0
EWJV.US,D,20200721,000000,21.2573,21.2573,21.2484,21.2484,17378.743651114,0
EWJV.US,D,20200722,000000,21.2396,21.2661,21.2297,21.2661,2294.4046754496,0
EWJV.US,D,20200723,000000,21.2396,21.2396,21.1146,21.1254,904.349052768,0
EWJV.US,D,20200724,000000,21.1913,21.1913,21.1618,21.1618,1655.2636033248,0
EWJV.US,D,20200727,000000,21.525,21.6194,21.525,21.5624,800.7045545856,0
EWJV.US,D,20200728,000000,21.4197,21.4197,21.3882,21.3882,1021.203143856,0
EWJV.US,D,20200729,000000,21.2002,21.276,21.2002,21.276,1510.9742038944,0
EWJV.US,D,20200730,000000,20.8203,21.0201,20.7623,21.0201,3009.7549374144,0
EWJV.US,D,20200731,000000,20.5723,20.5723,20.2436,20.2476,6756.1987099488,0
EWJV.US,D,20200803,000000,20.4769,20.6373,20.4769,20.6245,5529.7388147904,0
EWJV.US,D,20200804,000000,20.839,20.9719,20.839,20.962,2111.5026198336,0
EWJV.US,D,20200805,000000,21.1343,21.1343,21.0299,21.0299,1857.4719870336,0
EWJV.US,D,20200806,000000,21.0299,21.0299,21.0299,21.0299,475.5453446016,0
EWJV.US,D,20200807,000000,21.0762,21.0831,21.0486,21.0762,1496.7484884576,0
EWJV.US,D,20200811,000000,21.8773,21.8773,21.7149,21.7149,1766.0209592256,0
EWJV.US,D,20200812,000000,22.1243,22.1912,22.1243,22.1627,2560.628778624,0
EWJV.US,D,20200813,000000,22.0101,22.0101,21.9344,21.9344,666.5763804672,0
EWJV.US,D,20200817,000000,21.9531,22.019,21.9531,22.0101,1021.203143856,0
EWJV.US,D,20200819,000000,22.0771,22.0771,21.9865,21.9865,450.1422813216,0
EWJV.US,D,20200820,000000,21.8586,21.9147,21.8586,21.9147,5536.8516725088,0
EWJV.US,D,20200821,000000,21.9048,21.9048,21.7582,21.7582,1167.5247883488,0
EWJV.US,D,20200824,000000,21.9816,21.9816,21.9816,21.9816,206.2728738336,0
EWJV.US,D,20200825,000000,22.0771,22.1046,22.0771,22.1046,387.1426843872,0
EWJV.US,D,20200827,000000,21.9344,21.9344,21.9098,21.9098,973.4453848896,0
EWJV.US,D,20200828,000000,22.144,22.144,22.0387,22.1145,1873.7299475328,0
EWJV.US,D,20200831,000000,22.0485,22.1528,22.0387,22.1341,7946.078193984,0
EWJV.US,D,20200901,000000,21.9914,22.0682,21.9914,22.0643,11942.488109194,0
EWJV.US,D,20200902,000000,22.1046,22.1814,22.0948,22.1814,12714.741232906,0
EWJV.US,D,20200903,000000,22.0859,22.0859,21.9147,21.9196,2746.5792018336,0
EWJV.US,D,20200904,000000,21.9521,22.144,21.9147,22.1145,5607.9802496928,0
EWJV.US,D,20200908,000000,21.8586,22.0003,21.8586,21.9816,8822.9919384096,0
EWJV.US,D,20200909,000000,21.9816,22.0485,21.9727,22.019,11808.359935075,0
EWJV.US,D,20200910,000000,22.2011,22.2198,22.1341,22.1391,31636.975008912,0
EWJV.US,D,20200911,000000,22.2385,22.268,22.2158,22.2581,5806.1241432768,0
EWJV.US,D,20200914,000000,22.4284,22.5248,22.4284,22.4865,12878.336960429,0
EWJV.US,D,20200915,000000,22.5337,22.5337,22.4658,22.5052,4603.035066336,0
EWJV.US,D,20200916,000000,22.4382,22.4953,22.4284,22.4481,3631.6219265088,0
EWJV.US,D,20200917,000000,22.2867,22.3723,22.2867,22.3723,1509.9580813632,0
EWJV.US,D,20200918,000000,22.3339,22.3339,22.2099,22.2286,23281.399434854,0
EWJV.US,D,20200921,000000,21.8291,22.0485,21.7533,22.0387,159161.36879704,0
EWJV.US,D,20200922,000000,21.8773,21.897,21.8487,21.897,1883.8911728448,0
EWJV.US,D,20200923,000000,22.0958,22.1056,22.0033,22.0033,5188.3216443072,0
EWJV.US,D,20200924,000000,21.7907,21.8684,21.7346,21.8625,2274.0822248256,0
EWJV.US,D,20200925,000000,21.7346,21.894,21.7149,21.894,1032.3804916992,0
EWJV.US,D,20200928,000000,22.1056,22.2581,22.1046,22.2385,21765.344618304,0
EWJV.US,D,20200929,000000,22.2581,22.2581,22.1912,22.206,3508.6711002336,0
EWJV.US,D,20200930,000000,21.9245,22.0003,21.9245,22.0003,1214.266424784,0
EWJV.US,D,20201001,000000,21.9344,21.958,21.8684,21.9147,5416.9492138272,0
EWJV.US,D,20201002,000000,21.8861,21.9954,21.8861,21.9727,1837.1495364096,0
EWJV.US,D,20201005,000000,22.1912,22.1912,22.1341,22.144,3184.5280127808,0
EWJV.US,D,20201006,000000,22.3536,22.3536,22.1912,22.2286,2435.6457072864,0
EWJV.US,D,20201007,000000,22.3821,22.3821,22.3575,22.3723,8397.2365978368,0
EWJV.US,D,20201008,000000,22.3339,22.3339,22.2867,22.3054,2388.9040708512,0
EWJV.US,D,20201009,000000,22.2581,22.2581,22.2434,22.2483,1363.6364368704,0
EWJV.US,D,20201012,000000,22.2099,22.2778,22.2099,22.2424,4013.68399824,0
EWJV.US,D,20201014,000000,22.1194,22.1194,22.1026,22.1026,546.6739217856,0
EWJV.US,D,20201015,000000,21.895,21.9816,21.8537,21.9816,1849.343006784,0
EWJV.US,D,20201016,000000,22.0003,22.0003,21.9767,21.9767,531.4320838176,0
EWJV.US,D,20201019,000000,22.0682,22.0682,21.9481,21.9481,759.0435308064,0
EWJV.US,D,20201020,000000,21.9068,21.9344,21.9068,21.9206,987.6711003264,0
EWJV.US,D,20201021,000000,22.1814,22.2581,22.1814,22.2267,2976.2228938848,0
EWJV.US,D,20201022,000000,22.1627,22.2099,22.1046,22.1774,5856.9302698368,0
EWJV.US,D,20201023,000000,22.2385,22.2719,22.2385,22.2719,1048.6384521984,0
EWJV.US,D,20201026,000000,22.2099,22.2099,22.1095,22.1243,6242.0407091616,0
EWJV.US,D,20201027,000000,22.0948,22.0948,22.0771,22.0771,196.1116485216,0
EWJV.US,D,20201028,000000,21.7051,21.7051,21.5053,21.5053,10461.997581235,0
EWJV.US,D,20201029,000000,21.6755,21.8104,21.6755,21.7474,2061.7126158048,0
EWJV.US,D,20201030,000000,21.5437,21.6805,21.5437,21.6805,1651.1991132,0
EWJV.US,D,20201102,000000,21.9816,21.9914,21.9442,21.9462,3113.3994355968,0
EWJV.US,D,20201103,000000,22.3241,22.5337,22.3241,22.5199,2892.9008463264,0
EWJV.US,D,20201104,000000,22.1912,22.3339,22.1912,22.2955,1907.2619910624,0
EWJV.US,D,20201105,000000,22.4107,22.4353,22.3674,22.3674,1022.2192663872,0
EWJV.US,D,20201106,000000,22.6479,22.6951,22.638,22.638,2531.1612252192,0
EWJV.US,D,20201109,000000,23.8387,23.8387,23.4775,23.51,10882.672309152,0
EWJV.US,D,20201110,000000,23.6625,23.8337,23.6625,23.6861,2166.3732365184,0
EWJV.US,D,20201111,000000,23.7826,23.8101,23.7343,23.7343,935.8488512352,0
EWJV.US,D,20201112,000000,23.2964,23.3909,23.2019,23.2019,2067.809350992,0
EWJV.US,D,20201113,000000,23.3732,23.5592,23.3732,23.5592,1712.166465072,0
EWJV.US,D,20201116,000000,23.9154,23.9725,23.8623,23.9725,3924.2652154944,0
EWJV.US,D,20201117,000000,23.9489,24.0768,23.943,23.9991,4208.7795242304,0
EWJV.US,D,20201118,000000,23.9066,24.0965,23.882,23.9066,73106.967752246,0
EWJV.US,D,20201119,000000,23.753,23.8387,23.7058,23.8387,15910.44659353,0
EWJV.US,D,20201120,000000,24.0483,24.2156,24.0384,24.2156,4783.9048768896,0
EWJV.US,D,20201123,000000,24.4301,24.4301,24.2382,24.3524,9066.8613458976,0
EWJV.US,D,20201124,000000,24.3819,24.5718,24.3819,24.5433,12611.096734723,0
EWJV.US,D,20201125,000000,24.1241,24.2963,24.1063,24.2668,3291.2208785568,0
EWJV.US,D,20201127,000000,24.2864,24.3514,24.2864,24.3425,7220.5667067072,0
EWJV.US,D,20201130,000000,23.7629,23.7629,23.5021,23.5021,3207.8988309984,0
EWJV.US,D,20201201,000000,23.8869,24.067,23.8869,24.0197,8680.7347840416,0
EWJV.US,D,20201202,000000,24.0581,24.2481,24.0581,24.1063,10699.770253536,0
EWJV.US,D,20201203,000000,24.2668,24.3258,24.2668,24.2864,33410.108825856,0
EWJV.US,D,20201204,000000,24.377,24.4006,24.3425,24.3671,3298.3337362752,0
EWJV.US,D,20201207,000000,24.1526,24.1624,24.1162,24.1162,4871.2914145728,0
EWJV.US,D,20201208,000000,24.0768,24.0965,24.066,24.0965,12316.421200675,0
EWJV.US,D,20201209,000000,24.316,24.3622,24.2914,24.3012,31232.558241494,0
EWJV.US,D,20201210,000000,24.3967,24.4715,24.3967,24.4715,655.399032624,0
EWJV.US,D,20201211,000000,24.4774,24.4961,24.4774,24.4961,25607.303908771,0
EWJV.US,D,20201214,000000,24.7943,24.8041,24.6496,24.6604,4491.261587904,0
EWJV.US,D,20201215,000000,24.7273,24.8326,24.6958,24.813,1357.5397016832,0
EWJV.US,D,20201216,000000,24.813,24.9862,24.7175,24.8228,5900.6235386784,0
EWJV.US,D,20201217,000000,24.8326,24.8326,24.8041,24.808,4322.5852477248,0
EWJV.US,D,20201218,000000,24.8149,24.8415,24.7273,24.7893,2414.3071341312,0
EWJV.US,D,20201221,000000,24.2264,24.4951,24.1693,24.438,21243.057637267,0
EWJV.US,D,20201222,000000,24.438,24.4813,24.2077,24.4616,4846.904473824,0
EWJV.US,D,20201223,000000,24.3514,24.376,24.3514,24.376,3289.1886334944,0
EWJV.US,D,20201224,000000,24.3416,24.3416,24.314,24.3317,1932.6650543424,0
EWJV.US,D,20201228,000000,24.5433,24.6014,24.5433,24.5728,5188.3216443072,0
EWJV.US,D,20201229,000000,24.871,24.871,24.7647,24.8041,6048.9774282336,0
EWJV.US,D,20201230,000000,24.9389,25.0058,24.8661,24.8661,2573.8383715296,0
EWJV.US,D,20201231,000000,24.8897,24.9192,24.8897,24.9192,815.9463925536,0
EWJV.US,D,20210104,000000,24.871,24.871,24.5059,24.5256,36202.413541594,0
EWJV.US,D,20210105,000000,24.6506,24.6506,24.5827,24.5876,22517.275291392,0
EWJV.US,D,20210106,000000,24.9566,25.37,24.9566,25.3404,7618.8867389376,0
EWJV.US,D,20210107,000000,25.2263,25.3237,25.2263,25.2853,3666.1700925696,0
EWJV.US,D,20210108,000000,25.6111,25.6396,25.49,25.49,2057.64812568,0
EWJV.US,D,20210111,000000,25.3513,25.5245,25.3513,25.4349,3583.8641675424,0
EWJV.US,D,20210112,000000,25.4093,25.5245,25.3897,25.4615,45337.355097082,0
EWJV.US,D,20210113,000000,25.5914,25.679,25.5914,25.6495,2137.9218056448,0
EWJV.US,D,20210114,000000,25.8896,26.0047,25.8896,25.9664,6946.2136232832,0
EWJV.US,D,20210115,000000,25.6298,25.6298,25.4192,25.5668,16743.667069114,0
EWJV.US,D,20210119,000000,25.6111,25.6347,25.4763,25.6318,55658.11164648,0
EWJV.US,D,20210120,000000,25.6967,25.7065,25.6967,25.7016,5729.9149534368,0
EWJV.US,D,20210121,000000,25.6751,25.6751,25.6062,25.6111,3181.4796451872,0
EWJV.US,D,20210122,000000,25.6682,25.6682,25.6682,25.6682,233.708182176,0
EWJV.US,D,20210125,000000,25.5343,25.554,25.4566,25.554,2274.0822248256,0
EWJV.US,D,20210126,000000,25.7735,25.7833,25.7459,25.7833,2132.8411929888,0
EWJV.US,D,20210127,000000,25.4664,25.4664,25.1879,25.1879,3016.8677951328,0
EWJV.US,D,20210128,000000,25.2932,25.5855,25.2932,25.5146,2015.9871019008,0
EWJV.US,D,20210129,000000,25.1682,25.1977,24.8799,24.9468,3179.4474001248,0
EWJV.US,D,20210201,000000,25.0915,25.1623,25.0442,25.1623,8695.9766220096,0
EWJV.US,D,20210202,000000,25.3129,25.37,25.2794,25.37,4784.9209994208,0
EWJV.US,D,20210203,000000,25.6396,25.7459,25.6396,25.7459,3108.3188229408,0
EWJV.US,D,20210204,000000,25.803,25.9664,25.803,25.9477,7628.0318417184,0
EWJV.US,D,20210205,000000,26.2163,26.2252,26.177,26.2006,7236.8246672064,0
EWJV.US,D,20210208,000000,26.7645,26.8166,26.7645,26.7802,3727.1374444416,0
EWJV.US,D,20210209,000000,26.7901,26.9466,26.7871,26.9466,4270.7629986336,0
EWJV.US,D,20210210,000000,26.8413,26.9269,26.7793,26.9013,1949.9391373728,0
EWJV.US,D,20210211,000000,26.9515,26.9662,26.9515,26.9623,886.0588472064,0
EWJV.US,D,20210212,000000,26.9899,27.1198,26.9899,27.1198,1351.442966496,0
EWJV.US,D,20210216,000000,27.3018,27.35,27.2005,27.2093,21862.892381299,0
EWJV.US,D,20210217,000000,27.2251,27.2546,27.1827,27.2054,6256.2664245984,0
EWJV.US,D,20210218,000000,27.1001,27.1099,26.61,26.7743,11334.846835536,0
EWJV.US,D,20210219,000000,26.9082,26.9761,26.9082,26.9761,5868.10761768,0
EWJV.US,D,20210222,000000,26.8796,27.1286,26.8796,27.0528,14505.14913288,0
EWJV.US,D,20210223,000000,26.9082,26.9446,26.8176,26.8747,3354.2204754912,0
EWJV.US,D,20210224,000000,26.9987,27.1198,26.9987,27.1089,2927.4490123872,0
EWJV.US,D,20210225,000000,27.0715,27.1188,26.5283,26.5952,12459.694477574,0
EWJV.US,D,20210226,000000,26.5814,26.5814,26.361,26.4899,3546.267633888,0
EWJV.US,D,20210301,000000,26.5627,26.735,26.5529,26.6917,10364.44981824,0
EWJV.US,D,20210302,000000,26.5047,26.5047,26.4663,26.4968,3132.7057636896,0
EWJV.US,D,20210303,000000,26.5903,26.61,26.5234,26.5627,1515.0386940192,0
EWJV.US,D,20210304,000000,26.5234,26.5529,26.3128,26.3128,3400.9621119264,0
EWJV.US,D,20210305,000000,26.4082,26.61,26.3029,26.61,28898.524787328,0
EWJV.US,D,20210308,000000,26.5627,26.7104,26.5431,26.5726,8953.0556224032,0
EWJV.US,D,20210309,000000,27.4367,27.4367,26.8983,27.0528,17581.968157354,0
EWJV.US,D,20210310,000000,27.0528,27.168,27.043,27.168,6013.4131396416,0
EWJV.US,D,20210311,000000,27.8687,27.8687,26.9082,26.9515,28028.723900621,0
EWJV.US,D,20210312,000000,27.043,27.1877,27.0036,27.1877,13538.816605709,0
EWJV.US,D,20210315,000000,27.3018,27.4071,27.2064,27.4071,245661.84763304,0
EWJV.US,D,20210316,000000,27.4652,27.4652,27.3894,27.4268,8059.8839174784,0
EWJV.US,D,20210317,000000,27.3402,27.5321,27.3018,27.5321,3711.8956064736,0
EWJV.US,D,20210318,000000,27.6089,27.8884,27.6089,27.7781,30652.352276179,0
EWJV.US,D,20210319,000000,28.0045,28.0508,27.9366,28.0301,132733.03788306,0
EWJV.US,D,20210322,000000,27.8884,28.0468,27.8687,28.0321,37228.697298106,0
EWJV.US,D,20210323,000000,27.6482,28.1383,27.3983,27.6,26115.365174371,0
EWJV.US,D,20210324,000000,26.9938,27.2044,26.9653,27.0528,11121.461103984,0
EWJV.US,D,20210325,000000,27.1099,27.4268,27.1099,27.4071,82604.665051373,0
EWJV.US,D,20210326,000000,27.4465,27.7437,27.4465,27.7437,27303.212413344,0
EWJV.US,D,20210329,000000,27.3983,27.4947,27.3747,27.4849,16807.682788579,0
EWJV.US,D,20210330,000000,27.2349,27.3796,27.2152,27.2831,13904.620716941,0
EWJV.US,D,20210331,000000,26.9082,27.1001,26.8796,26.9082,12788.918177683,0
EWJV.US,D,20210401,000000,26.8599,26.9938,26.8599,26.9712,13843.653365069,0
EWJV.US,D,20210405,000000,27.0528,27.2349,27.0528,27.2349,15317.031035309,0
EWJV.US,D,20210406,000000,26.8599,26.8599,26.7448,26.7763,33855.170494522,0
EWJV.US,D,20210407,000000,26.8314,26.9308,26.8265,26.9082,18937.475613974,0
EWJV.US,D,20210408,000000,26.8501,26.8599,26.7743,26.792,32599.243045958,0
EWJV.US,D,20210409,000000,26.9269,27.0528,26.9269,27.0528,5259.4502214912,0
EWJV.US,D,20210412,000000,26.984,26.984,26.9269,26.9475,11581.764610618,0
EWJV.US,D,20210413,000000,27.0135,27.1286,26.9849,27.104,4205.7311566368,0
EWJV.US,D,20210414,000000,27.0036,27.1099,27.0036,27.0637,10957.865376461,0
EWJV.US,D,20210415,000000,27.2684,27.292,27.1965,27.2497,114366.62313162,0
EWJV.US,D,20210416,000000,27.3018,27.3018,27.2064,27.2566,13842.637242538,0
EWJV.US,D,20210419,000000,27.2152,27.2152,26.9662,26.9938,11625.457879459,0
EWJV.US,D,20210420,000000,26.5726,26.5726,26.3118,26.3216,29060.088269789,0
EWJV.US,D,20210421,000000,26.4279,26.6346,26.4279,26.6346,6986.8585245312,0
EWJV.US,D,20210422,000000,26.7832,26.7832,26.6395,26.6444,6778.5534056352,0
EWJV.US,D,20210423,000000,26.7743,26.9131,26.7743,26.9131,11332.814590474,0
EWJV.US,D,20210426,000000,26.9082,26.9269,26.797,26.797,36601.749696355,0
EWJV.US,D,20210427,000000,26.6198,26.6395,26.5726,26.5726,27047.149535482,0
EWJV.US,D,20210428,000000,26.5627,26.6395,26.5135,26.5608,71632.573959475,0
EWJV.US,D,20210429,000000,26.5903,26.5903,26.4181,26.4899,24348.328092614,0
EWJV.US,D,20210430,000000,26.5529,26.5755,26.4004,26.4181,14215.554211488,0
EWJV.US,D,20210503,000000,26.6198,26.7537,26.5814,26.7399,33488.350260758,0
EWJV.US,D,20210504,000000,26.5726,26.6001,26.3512,26.4476,175312.63643047,0
EWJV.US,D,20210505,000000,26.6395,26.8599,26.6395,26.731,10690.625150755,0
EWJV.US,D,20210506,000000,26.8895,27.1483,26.8599,27.0912,9615.5675127456,0
EWJV.US,D,20210507,000000,27.1581,27.3599,27.1581,27.3304,11878.472389728,0
EWJV.US,D,20210510,000000,27.5715,27.5902,27.3304,27.35,25674.36799583,0
EWJV.US,D,20210511,000000,26.8698,27.043,26.7852,27.043,16869.666262982,0
EWJV.US,D,20210512,000000,26.5431,26.5903,26.053,26.053,11367.362756534,0
EWJV.US,D,20210513,000000,26.2547,26.6198,26.2547,26.6198,15177.822248534,0
EWJV.US,D,20210514,000000,26.6966,26.7822,26.6966,26.7645,6435.1039900896,0
EWJV.US,D,20210517,000000,26.6395,26.8117,26.61,26.8117,3298.3337362752,0
EWJV.US,D,20210518,000000,27.1198,27.1198,26.9564,26.9938,5856.9302698368,0
EWJV.US,D,20210519,000000,26.7684,26.9564,26.7684,26.9269,3007.722692352,0
EWJV.US,D,20210520,000000,26.9466,27.0528,26.9466,26.982,12242.244255898,0
EWJV.US,D,20210521,000000,27.1001,27.1237,26.9849,27.0961,12164.002820995,0
EWJV.US,D,20210524,000000,27.1965,27.2831,27.1965,27.2349,4330.7142279744,0
EWJV.US,D,20210525,000000,27.2447,27.2447,27.0902,27.0902,6926.9072951904,0
EWJV.US,D,20210526,000000,27.1198,27.1385,27.1198,27.1335,1789.3917774432,0
EWJV.US,D,20210527,000000,27.1286,27.1463,27.0332,27.1001,10353.272470397,0
EWJV.US,D,20210528,000000,27.2634,27.3018,27.1877,27.2349,13741.024989418,0
EWJV.US,D,20210601,000000,27.2251,27.2251,27.1001,27.1001,6457.458685776,0
EWJV.US,D,20210602,000000,27.4268,27.542,27.4268,27.4987,8993.7005236512,0
EWJV.US,D,20210603,000000,27.4947,27.542,27.4367,27.5134,16800.569930861,0
EWJV.US,D,20210604,000000,27.7732,27.8687,27.7732,27.8431,2216.1632405472,0
EWJV.US,D,20210607,000000,27.8598,28.0222,27.8401,28.0222,12514.565094259,0
EWJV.US,D,20210608,000000,27.9081,27.9081,27.7831,27.8018,11264.734380883,0
EWJV.US,D,20210609,000000,27.7732,27.7732,27.6581,27.6581,2535.225715344,0
EWJV.US,D,20210610,000000,27.7841,27.8126,27.7447,27.7594,3265.8178152768,0
EWJV.US,D,20210611,000000,27.6758,27.8421,27.6187,27.8421,5741.09230128,0
EWJV.US,D,20210614,000000,27.5902,27.599,27.5311,27.599,2884.7718660768,0
EWJV.US,D,20210615,000000,27.6286,27.8224,27.5843,27.8224,4209.7956467616,0
EWJV.US,D,20210616,000000,27.7742,27.7742,27.6561,27.7496,4467.8907696864,0
EWJV.US,D,20210617,000000,27.5803,27.7447,27.5223,27.7447,8147.2704551616,0
EWJV.US,D,20210618,000000,26.92,26.92,26.7842,26.7891,6841.5530025696,0
EWJV.US,D,20210621,000000,26.8137,27.1237,26.794,27.1099,9485.503828752,0
EWJV.US,D,20210622,000000,27.1729,27.2595,27.1532,27.2408,3498.5098749216,0
EWJV.US,D,20210623,000000,26.9977,26.9977,26.9397,26.9495,9989.5006042272,0
EWJV.US,D,20210624,000000,27.1335,27.231,27.1247,27.231,5016.5969365344,0
EWJV.US,D,20210625,000000,27.3668,27.3668,27.3205,27.3274,3336.9463924608,0
EWJV.US,D,20210628,000000,27.3087,27.3087,27.2595,27.2792,40621.530429782,0
EWJV.US,D,20210629,000000,27.231,27.231,27.1729,27.1729,5128.3704149664,0
EWJV.US,D,20210630,000000,26.9298,26.9495,26.8039,26.9013,6566.1837966144,0
EWJV.US,D,20210701,000000,26.8137,26.857,26.7458,26.8432,4308.359532288,0
EWJV.US,D,20210702,000000,27.0174,27.0174,26.9298,26.9741,7873.9334942688,0
EWJV.US,D,20210706,000000,26.9977,26.9977,26.7989,26.8964,3126.6090285024,0
EWJV.US,D,20210707,000000,26.8137,26.8619,26.6877,26.7999,8026.3518739488,0
EWJV.US,D,20210708,000000,26.4161,26.484,26.3384,26.4112,6006.3002819232,0
EWJV.US,D,20210709,000000,26.9879,27.1995,26.9879,27.1995,5394.5945181408,0
EWJV.US,D,20210712,000000,27.0853,27.1946,27.0853,27.1946,1950.955259904,0
EWJV.US,D,20210713,000000,27.289,27.289,27.1729,27.1729,5073.4997982816,0
EWJV.US,D,20210714,000000,27.3373,27.3373,27.2556,27.3038,2494.580814096,0
EWJV.US,D,20210715,000000,27.0076,27.2211,26.9967,27.2211,6175.9927446336,0
EWJV.US,D,20210716,000000,27.0371,27.0371,26.7655,26.9111,17274.0830304,0
EWJV.US,D,20210719,000000,26.6198,26.6395,26.3285,26.3384,11157.025392576,0
EWJV.US,D,20210720,000000,26.5519,26.7901,26.5519,26.7901,1228.4921402208,0
EWJV.US,D,20210721,000000,26.7359,26.9013,26.7359,26.9013,9188.7960496416,0
EWJV.US,D,20210722,000000,26.92,26.9564,26.8924,26.8924,2353.3397822592,0
EWJV.US,D,20210723,000000,26.9544,26.9977,26.9544,26.979,2516.9355097824,0
EWJV.US,D,20210726,000000,26.7753,26.9298,26.7753,26.9288,22553.855702515,0
EWJV.US,D,20210727,000000,26.8432,26.8432,26.7261,26.797,101329.77105633,0
EWJV.US,D,20210728,000000,26.9298,27.0656,26.9298,27.0253,4049.248286832,0
EWJV.US,D,20210729,000000,27.0371,27.2113,27.0371,27.0558,11576.683997962,0
EWJV.US,D,20210730,000000,26.7655,26.8619,26.7261,26.7359,12265.615074115,0
EWJV.US,D,20210802,000000,27.0853,27.1335,26.9692,26.9712,8146.2543326304,0
EWJV.US,D,20210803,000000,27.0469,27.3471,26.979,27.3471,8839.2498989088,0
EWJV.US,D,20210804,000000,26.9977,27.0174,26.8521,26.8816,17370.614670864,0
EWJV.US,D,20210805,000000,27.0046,27.0046,26.9613,26.984,3072.7545343488,0
EWJV.US,D,20210806,000000,26.9298,26.9692,26.9013,26.9298,10865.398226122,0
EWJV.US,D,20210809,000000,26.8334,26.8531,26.8186,26.8521,4342.9076983488,0
EWJV.US,D,20210810,000000,26.8718,26.9495,26.8718,26.9495,3879.5558241216,0
EWJV.US,D,20210811,000000,27.3569,27.415,27.3225,27.415,9538.3422003744,0
EWJV.US,D,20210812,000000,27.2792,27.3245,27.1729,27.3245,6668.8121722656,0
EWJV.US,D,20210813,000000,27.2989,27.3658,27.2989,27.3373,3572.6868196992,0
EWJV.US,D,20210816,000000,27.1434,27.1729,27.0273,27.1729,3043.286980944,0
EWJV.US,D,20210817,000000,26.9593,27.0174,26.9387,27.0174,17289.324868368,0
EWJV.US,D,20210818,000000,26.9879,27.0076,26.8432,26.854,8399.2688428992,0
EWJV.US,D,20210819,000000,26.4545,26.61,26.3866,26.61,3029.0612655072,0
EWJV.US,D,20210820,000000,26.2705,26.3679,26.2409,26.3679,10032.177750538,0
EWJV.US,D,20210823,000000,26.6464,26.6779,26.6297,26.6631,10818.656589686,0
EWJV.US,D,20210824,000000,26.7163,26.8235,26.7163,26.7773,2270.0177347008,0
EWJV.US,D,20210825,000000,26.7123,26.7655,26.6877,26.7655,3433.4780329248,0
EWJV.US,D,20210826,000000,26.6877,26.7064,26.6247,26.6346,6216.6376458816,0
EWJV.US,D,20210827,000000,26.7606,26.8432,26.7458,26.8432,5715.689238,0
EWJV.US,D,20210830,000000,26.8718,26.8718,26.8137,26.8285,12008.536073722,0
EWJV.US,D,20210831,000000,26.9495,26.9849,26.9495,26.9692,8232.6247477824,0
EWJV.US,D,20210901,000000,27.2211,27.356,27.2211,27.2989,5027.7742843776,0
EWJV.US,D,20210902,000000,27.3569,27.4052,27.2802,27.3186,2940.6586052928,0
EWJV.US,D,20210903,000000,27.7644,28.0163,27.7644,28.0065,8051.7549372288,0
EWJV.US,D,20210907,000000,28.1137,28.3548,28.1137,28.3548,22066.116887539,0
EWJV.US,D,20210908,000000,28.3952,28.3952,28.22,28.224,11776.860136608,0
EWJV.US,D,20210909,000000,28.346,28.47,28.346,28.4513,39187.781538259,0
EWJV.US,D,20210910,000000,28.5408,28.5408,28.3352,28.3352,10258.773074995,0
EWJV.US,D,20210913,000000,28.6471,28.7249,28.6088,28.715,68497.835950723,0
EWJV.US,D,20210914,000000,28.7534,28.7534,28.5497,28.5989,45120.920997936,0
EWJV.US,D,20210915,000000,28.5605,28.7347,28.5605,28.7347,5996.1390566112,0
EWJV.US,D,20210916,000000,28.6373,28.8312,28.6373,28.8174,5888.430068304,0
EWJV.US,D,20210917,000000,28.5694,28.5694,28.4729,28.5458,13857.879080506,0
EWJV.US,D,20210920,000000,28.1039,28.1757,28.0655,28.1757,9488.5521963456,0
EWJV.US,D,20210921,000000,28.4818,28.5212,28.4237,28.4237,8176.7380085664,0
EWJV.US,D,20210922,000000,28.1521,28.3558,28.1423,28.2397,12741.160418717,0
EWJV.US,D,20210923,000000,28.3657,28.3854,28.3558,28.3657,3520.864570608,0
EWJV.US,D,20210924,000000,28.2978,28.3371,28.2978,28.3371,642.1894397184,0
EWJV.US,D,20210927,000000,28.468,28.5212,28.4562,28.5015,1250.8468359072,0
EWJV.US,D,20210928,000000,28.3076,28.3076,28.1472,28.1816,5714.6731154688,0
EWJV.US,D,20210929,000000,28.347,28.3647,28.2978,28.3175,8553.7194676416,0
EWJV.US,D,20210930,000000,27.9484,27.9976,27.8421,27.8707,4809.3079401696,0
EWJV.US,D,20211001,000000,27.7161,27.8027,27.5705,27.7841,15276.386134061,0
EWJV.US,D,20211004,000000,27.4829,27.4829,27.0627,27.1532,14102.764610525,0
EWJV.US,D,20211005,000000,27.3815,27.539,27.3668,27.4731,8694.9604994784,0
EWJV.US,D,20211006,000000,26.9692,27.2359,26.9397,27.2103,18657.025795363,0
EWJV.US,D,20211007,000000,27.3451,27.4711,27.3274,27.3865,744676.57433776,0
EWJV.US,D,20211008,000000,27.2507,27.2556,27.1631,27.166,12020.729544096,0
EWJV.US,D,20211011,000000,27.598,27.598,27.3136,27.3136,5437.2716644512,0
EWJV.US,D,20211012,000000,27.2014,27.3136,27.2014,27.2192,21627.151954061,0
EWJV.US,D,20211013,000000,27.2113,27.2507,27.105,27.1946,363364.40103459,0
EWJV.US,D,20211014,000000,27.2792,27.2841,27.2595,27.2841,2244.6146714208,0
EWJV.US,D,20211015,000000,27.4878,27.4927,27.4347,27.4632,5719.7537281248,0
EWJV.US,D,20211018,000000,27.3087,27.4445,27.3087,27.4052,15004.065295699,0
EWJV.US,D,20211019,000000,27.3953,27.4347,27.3865,27.4347,4839.7916161056,0
EWJV.US,D,20211020,000000,27.4445,27.4927,27.4248,27.4731,55971.07738609,0
EWJV.US,D,20211021,000000,27.1148,27.1916,27.0656,27.0755,29945.130994464,0
EWJV.US,D,20211022,000000,27.1148,27.2507,27.1148,27.1444,12260.534461459,0
EWJV.US,D,20211025,000000,27.0371,27.1729,26.979,27.1148,23965.249898352,0
EWJV.US,D,20211026,000000,27.2408,27.2723,27.0952,27.0952,3667.1862151008,0
EWJV.US,D,20211027,000000,27.0076,27.0568,26.8914,26.919,4178.2958482944,0
EWJV.US,D,20211028,000000,26.9977,27.0578,26.9977,27.0361,4334.7787180992,0
EWJV.US,D,20211029,000000,26.8039,26.9436,26.8039,26.9436,9246.71503392,0
EWJV.US,D,20211101,000000,27.2507,27.291,27.2113,27.291,2645.9830712448,0
EWJV.US,D,20211102,000000,27.2693,27.2792,27.2211,27.2408,3437.5425230496,0
EWJV.US,D,20211103,000000,27.2211,27.3796,27.1631,27.3776,3105.2704553472,0
EWJV.US,D,20211104,000000,27.4829,27.5124,27.415,27.5124,5665.8992339712,0
EWJV.US,D,20211105,000000,27.4052,27.415,27.3373,27.4111,8241.7698505632,0
EWJV.US,D,20211108,000000,27.3274,27.3865,27.3274,27.3766,6945.197500752,0
EWJV.US,D,20211109,000000,27.2595,27.2595,27.1237,27.2014,5799.0112855584,0
EWJV.US,D,20211110,000000,27.0371,27.0952,26.8137,26.8334,18449.736798998,0
EWJV.US,D,20211111,000000,26.9111,26.9908,26.9111,26.9593,7255.114872768,0
EWJV.US,D,20211112,000000,27.2211,27.3373,27.2211,27.3373,4582.712615712,0
EWJV.US,D,20211115,000000,27.2989,27.2989,27.2211,27.2447,9244.6827888576,0
EWJV.US,D,20211116,000000,27.2211,27.231,27.1631,27.1837,10540.239016138,0
EWJV.US,D,20211117,000000,26.8914,26.9593,26.8718,26.92,13674.97702489,0
EWJV.US,D,20211118,000000,26.92,26.9446,26.8285,26.9446,4078.7158402368,0
EWJV.US,D,20211119,000000,26.9495,27.0223,26.92,26.9495,106241.70737215,0
EWJV.US,D,20211122,000000,26.9692,27.0322,26.9013,26.9593,30402.386133504,0
EWJV.US,D,20211123,000000,26.8235,26.9879,26.7655,26.9692,129999.66827413,0
EWJV.US,D,20211124,000000,26.6779,26.7556,26.6484,26.7458,5886.3978232416,0
EWJV.US,D,20211126,000000,26.3482,26.3531,26.0648,26.0667,23334.237806477,0
EWJV.US,D,20211129,000000,26.1829,26.1927,25.9988,26.0087,32921.353888349,0
EWJV.US,D,20211130,000000,25.7656,25.7656,25.4359,25.7174,21575.32970497,0
EWJV.US,D,20211201,000000,26.1346,26.1642,25.7469,25.7469,90841.35428928,0
EWJV.US,D,20211202,000000,25.7075,25.9988,25.7075,25.9506,9199.9733974848,0
EWJV.US,D,20211203,000000,26.2222,26.2508,26.0569,26.1927,34187.442562224,0
EWJV.US,D,20211206,000000,26.1642,26.2901,26.1445,26.2901,22336.405480838,0
EWJV.US,D,20211207,000000,26.6877,26.8481,26.6877,26.8481,18453.801289123,0
EWJV.US,D,20211208,000000,26.5716,26.6582,26.5519,26.6218,13609.945182893,0
EWJV.US,D,20211209,000000,26.4063,26.4692,26.3767,26.4397,10463.013703766,0
EWJV.US,D,20211210,000000,26.484,26.5519,26.483,26.5421,22192.116081408,0
EWJV.US,D,20211213,000000,26.2764,26.2764,26.1091,26.1096,15664.544940979,0
EWJV.US,D,20211214,000000,26.2075,26.3157,26.2075,26.237,1437.813381648,0
EWJV.US,D,20211215,000000,26.5421,26.7115,26.4545,26.7115,21589.555420406,0
EWJV.US,D,20211216,000000,26.7881,26.8472,26.7006,26.7613,4850.9689639488,0
EWJV.US,D,20211217,000000,26.7291,26.7291,26.5126,26.5563,9461.1168880032,0
EWJV.US,D,20211220,000000,26.2075,26.2665,26.1583,26.2665,18022.965335894,0
EWJV.US,D,20211221,000000,26.3059,26.3649,26.2665,26.3222,17994.513905021,0
EWJV.US,D,20211222,000000,26.1878,26.3712,26.1878,26.3712,8735.6054007264,0
EWJV.US,D,20211223,000000,26.3748,26.5022,26.3748,26.5022,2964.0294235104,0
EWJV.US,D,20211227,000000,26.2764,26.3571,26.2764,26.3571,3012.803305008,0
EWJV.US,D,20211228,000000,26.2173,26.4338,26.2173,26.3748,8112.7222891008,0
EWJV.US,D,20211229,000000,26.3846,26.3846,26.2862,26.3271,23089.352276458,0
EWJV.US,D,20211230,000000,26.3452,26.3649,26.301,26.3256,16064.897218272,0
EWJV.US,D,20211231,000000,26.2567,26.36,26.2567,26.2862,15178.838371066,0
EWJV.US,D,20220103,000000,26.3157,26.4033,26.2714,26.3354,10572.754937136,0
EWJV.US,D,20220104,000000,26.3748,26.9357,26.3748,26.916,78598.093910851,0
EWJV.US,D,20220105,000000,27.2113,27.347,27.0143,27.0143,128952.04594447,0
EWJV.US,D,20220106,000000,27.103,27.1621,27.0242,27.1424,28961.524384262,0
EWJV.US,D,20220107,000000,27.0145,27.1522,26.8668,27.1326,15394.25634768,0
EWJV.US,D,20220110,000000,27.0243,27.103,26.857,27.0374,86493.365978275,0
EWJV.US,D,20220111,000000,27.2703,27.5262,27.2693,27.4868,56325.704149478,0
EWJV.US,D,20220112,000000,27.7329,27.8214,27.6837,27.7749,30434.902054502,0
EWJV.US,D,20220113,000000,28.0478,28.0975,27.8411,27.9149,41578.717854173,0
EWJV.US,D,20220114,000000,27.91,28.038,27.9012,28.038,53490.72228743,0
EWJV.US,D,20220118,000000,27.5853,27.8116,27.3392,27.4444,210757.02256379,0
EWJV.US,D,20220119,000000,27.4278,27.5164,27.2999,27.2999,87016.669081843,0
EWJV.US,D,20220120,000000,27.2999,27.4367,26.9711,26.9711,97569.101568355,0
EWJV.US,D,20220121,000000,27.3589,27.3786,27.0341,27.0622,75912.48206089,0
EWJV.US,D,20220124,000000,27.0341,27.0538,26.5421,27.0524,295998.52558362,0
EWJV.US,D,20220125,000000,27.0341,27.3146,26.8176,27.1683,43733.913742848,0
EWJV.US,D,20220126,000000,27.1719,27.1719,26.7192,26.7709,197046.4812503,0
EWJV.US,D,20220127,000000,26.6405,26.8275,26.5126,26.6306,50575.466745418,0
EWJV.US,D,20220128,000000,26.483,26.6082,26.3551,26.6082,23951.024182915,0
EWJV.US,D,20220131,000000,26.6503,26.9554,26.5716,26.9356,37409.567108659,0
EWJV.US,D,20220201,000000,26.8767,26.9701,26.7881,26.9701,28835.525190394,0
EWJV.US,D,20220202,000000,27.3195,27.3983,27.2813,27.3983,17935.578798211,0
EWJV.US,D,20220203,000000,27.29,27.3678,27.1326,27.1326,31248.816201994,0
EWJV.US,D,20220204,000000,27.1813,27.3294,27.0538,27.2605,42030.892380557,0
EWJV.US,D,20220207,000000,27.4672,27.5771,27.4524,27.477,25436.59532353,0
EWJV.US,D,20220208,000000,27.5557,27.7132,27.536,27.7034,8499.864973488,0
EWJV.US,D,20220209,000000,27.8313,27.9199,27.7695,27.8608,31836.135025027,0
EWJV.US,D,20220210,000000,27.418,27.7035,27.418,27.477,29555.956065014,0
EWJV.US,D,20220211,000000,27.4278,27.5557,27.3255,27.3392,66709.460295811,0
EWJV.US,D,20220214,000000,27.4573,27.4573,27.2703,27.3884,22370.953646899,0
EWJV.US,D,20220215,000000,27.4475,27.5065,27.3983,27.5065,75461.323657037,0
EWJV.US,D,20220216,000000,27.4967,27.6345,27.4868,27.5811,14658.583635091,0
EWJV.US,D,20220217,000000,27.5164,27.536,27.4229,27.4229,6211.5570332256,0
EWJV.US,D,20220218,000000,27.4081,27.6345,27.3884,27.4672,241863.58161141,0
EWJV.US,D,20220222,000000,27.0932,27.3392,27.0932,27.231,51963.490123037,0
EWJV.US,D,20220223,000000,27.3097,27.3097,26.9751,26.9948,89584.410718186,0
EWJV.US,D,20220224,000000,26.3846,26.4732,26.0894,26.4732,65920.9492116,0
EWJV.US,D,20220225,000000,26.6306,27.0145,26.6306,27.0145,47049.521562154,0
EWJV.US,D,20220228,000000,26.7684,26.9259,26.6995,26.8078,43284.787584058,0
EWJV.US,D,20220301,000000,26.6897,26.7192,26.1868,26.2567,52754.03345231,0
EWJV.US,D,20220302,000000,26.2862,26.4483,26.2675,26.4483,25176.467955542,0
EWJV.US,D,20220303,000000,26.5322,26.5322,26.3256,26.3748,25284.17694385,0
EWJV.US,D,20220304,000000,26.3452,26.3452,25.991,26.1583,137931.52075268,0
EWJV.US,D,20220307,000000,25.7351,25.7449,25.3316,25.371,49948.519143667,0
EWJV.US,D,20220308,000000,24.8789,25.0068,24.6624,24.6919,21119.090688461,0
EWJV.US,D,20220309,000000,25.2824,25.4251,25.1938,25.3316,41430.363964618,0
EWJV.US,D,20220310,000000,25.371,25.4694,25.2676,25.3119,37313.035468195,0
EWJV.US,D,20220311,000000,25.5186,25.5186,25.1249,25.1446,38519.17291273,0
EWJV.US,D,20220314,000000,25.056,25.4989,25.0265,25.2922,41062.527608323,0
EWJV.US,D,20220315,000000,25.4595,25.7007,25.43,25.64,19355.101974298,0
EWJV.US,D,20220316,000000,25.991,26.1484,25.8778,26.0951,20349.885932342,0
EWJV.US,D,20220317,000000,26.0303,26.2075,26.0008,26.1779,65623.225309958,0
EWJV.US,D,20220318,000000,26.2075,26.4338,26.2075,26.4141,18301.382909443,0
EWJV.US,D,20220321,000000,26.483,26.5421,26.4043,26.4682,22207.357919376,0
EWJV.US,D,20220322,000000,26.6208,26.7192,26.6208,26.6799,26093.010478685,0
EWJV.US,D,20220323,000000,26.6405,26.7094,26.483,26.483,21473.71745185,0
EWJV.US,D,20220324,000000,26.6503,26.7192,26.5913,26.6897,39092.266020326,0
EWJV.US,D,20220325,000000,26.5814,26.7192,26.5519,26.707,20680.125754982,0
EWJV.US,D,20220328,000000,26.3551,26.3551,26.237,26.3452,22006.165658198,0
EWJV.US,D,20220329,000000,26.8275,26.9554,26.6602,26.7574,22881.047157562,0
EWJV.US,D,20220330,000000,26.6503,26.7684,26.4732,26.5519,22497.968963299,0
EWJV.US,D,20220331,000000,26.5027,26.5716,26.2881,26.2881,15197.128576627,0
EWJV.US,D,20220401,000000,26.2862,26.4043,26.2792,26.3846,20010.501006922,0
EWJV.US,D,20220404,000000,26.3649,26.4829,26.3059,26.4338,85639.823052067,0
EWJV.US,D,20220405,000000,26.0697,26.0795,25.8146,25.8876,52657.501811846,0
EWJV.US,D,20220406,000000,25.5875,25.625,25.4372,25.5739,63426.368397504,0
EWJV.US,D,20220407,000000,25.3906,25.5137,25.3168,25.4546,35247.258362266,0
EWJV.US,D,20220408,000000,25.243,25.4103,25.2135,25.2922,37306.938733008,0
EWJV.US,D,20220411,000000,25.2135,25.2529,25.1544,25.1544,7338.4369203264,0
EWJV.US,D,20220412,000000,25.1643,25.1643,24.9085,24.9281,24032.313985411,0
EWJV.US,D,20220413,000000,24.9773,25.1544,24.9675,25.1151,35472.837564192,0
EWJV.US,D,20220414,000000,25.3808,25.4005,25.1938,25.1938,5108.0479643424,0
EWJV.US,D,20220418,000000,25.0856,25.2037,25.0364,25.0954,16271.170092106,0
EWJV.US,D,20220419,000000,24.8592,25.0462,24.8592,25.0462,17777.063683344,0
EWJV.US,D,20220420,000000,25.4497,25.5875,25.3906,25.5875,12159.93833087,0
EWJV.US,D,20220421,000000,25.5087,25.5087,25.1151,25.1151,13994.039499686,0
EWJV.US,D,20220422,000000,25.0954,25.1052,24.8002,25.0167,20230.999596192,0
EWJV.US,D,20220425,000000,24.7805,24.8494,24.623,24.7116,33447.70535951,0
EWJV.US,D,20220426,000000,24.7411,24.751,24.4951,24.5148,26144.832727776,0
EWJV.US,D,20220427,000000,24.6033,24.6525,24.4754,24.4754,61211.221279488,0
EWJV.US,D,20220428,000000,24.7903,24.9379,24.6427,24.9379,12048.164852438,0
EWJV.US,D,20220429,000000,25.0757,25.2037,24.7017,24.7411,22604.661829075,0
EWJV.US,D,20220502,000000,24.6918,24.7903,24.5443,24.7903,166916.41595516,0
EWJV.US,D,20220503,000000,24.869,24.9773,24.8395,24.955,13566.251914051,0
EWJV.US,D,20220504,000000,24.9576,25.3423,24.7903,25.3423,46544.508664147,0
EWJV.US,D,20220505,000000,24.997,25.0019,24.6043,24.7534,70931.449412947,0
EWJV.US,D,20220506,000000,24.9773,25.0757,24.8306,25.0265,28080.546149712,0
EWJV.US,D,20220509,000000,24.6722,24.6722,24.4754,24.564,21360.927850886,0
EWJV.US,D,20220510,000000,24.6132,24.6132,24.2884,24.3179,39122.749696262,0
EWJV.US,D,20220511,000000,24.0817,24.2441,23.9243,23.9243,14993.904070387,0
EWJV.US,D,20220512,000000,24.2884,24.3123,24.0916,24.2786,19444.520757043,0
EWJV.US,D,20220513,000000,24.4852,24.5836,24.4114,24.5836,14523.439338442,0
EWJV.US,D,20220516,000000,24.3868,24.5049,24.3475,24.4065,15345.482466182,0
EWJV.US,D,20220517,000000,24.436,24.5443,24.3967,24.4262,19314.45707305,0
EWJV.US,D,20220518,000000,24.564,24.564,24.3285,24.377,5665.8992339712,0
EWJV.US,D,20220519,000000,24.4852,24.6151,24.4852,24.5541,14212.505843894,0
EWJV.US,D,20220520,000000,24.9084,24.9281,24.6329,24.8789,11938.423619069,0
EWJV.US,D,20220523,000000,24.997,25.1397,24.997,25.0364,11026.961708582,0
EWJV.US,D,20220524,000000,25.0265,25.3217,25.0068,25.3217,13677.009269952,0
EWJV.US,D,20220525,000000,24.997,25.1643,24.9773,25.1643,9284.3115675744,0
EWJV.US,D,20220526,000000,25.371,25.4694,25.3611,25.4694,4967.8230550368,0
EWJV.US,D,20220527,000000,25.4497,25.5186,25.4497,25.4694,3460.9133412672,0
EWJV.US,D,20220531,000000,25.1249,25.1692,24.9281,24.9281,4400.8266826272,0
EWJV.US,D,20220601,000000,25.43,25.43,25.1249,25.2135,29847.583231469,0
EWJV.US,D,20220602,000000,25.2725,25.3906,25.1868,25.3906,38245.835951837,0
EWJV.US,D,20220603,000000,24.9478,24.9478,24.8592,24.8887,7088.4707776512,0
EWJV.US,D,20220606,000000,25.1249,25.2135,24.9478,24.9478,15869.801692282,0
EWJV.US,D,20220607,000000,24.8887,25.1643,24.8887,25.1643,3472.0906891104,0
EWJV.US,D,20220608,000000,24.869,24.9133,24.7411,24.81,21821.23135752,0
EWJV.US,D,20220609,000000,24.93,24.96,24.72,24.72,8206,0
EWJV.US,D,20220610,000000,24.54,24.54,24.35,24.4,11759,0
EWJV.US,D,20220613,000000,24.06,24.1067,23.82,23.91,19626,0
EWJV.US,D,20220614,000000,23.87,23.87,23.56,23.68,6710,0
EWJV.US,D,20220615,000000,23.77,24.05,23.725,24.05,2990,0
EWJV.US,D,20220616,000000,23.79,23.8988,23.66,23.84,19422,0
EWJV.US,D,20220617,000000,23.48,23.5799,23.371,23.46,7669,0
EWJV.US,D,20220621,000000,23.62,23.75,23.62,23.699,9759,0
EWJV.US,D,20220622,000000,23.7932,23.7932,23.64,23.67,8842,0
EWJV.US,D,20220623,000000,23.81,23.81,23.66,23.775,3645,0
EWJV.US,D,20220624,000000,23.9292,24,23.888,24,1891,0
EWJV.US,D,20220627,000000,23.8,23.86,23.77,23.79,2234,0
EWJV.US,D,20220628,000000,24.15,24.15,23.85,23.85,5771,0
EWJV.US,D,20220629,000000,23.75,23.76,23.65,23.65,4253,0
EWJV.US,D,20220630,000000,23.52,23.6999,23.39,23.6,9124,0
EWJV.US,D,20220701,000000,23.52,23.74,23.5,23.74,13626,0
EWJV.US,D,20220705,000000,23.43,23.57,23.32,23.57,18077,0
EWJV.US,D,20220706,000000,23.39,23.4,23.25,23.31,10203,0
EWJV.US,D,20220707,000000,23.47,23.66,23.47,23.61,2465,0
EWJV.US,D,20220708,000000,23.73,23.819,23.6681,23.79,3006,0
EWJV.US,D,20220711,000000,23.685,23.685,23.5,23.5,2529,0
EWJV.US,D,20220712,000000,23.6524,23.6524,23.535,23.57,1417,0
EWJV.US,D,20220713,000000,23.29,23.5399,23.29,23.47,28002,0
EWJV.US,D,20220714,000000,23.05,23.12,22.88,23.12,2315,0
EWJV.US,D,20220715,000000,23.27,23.2899,23.21,23.25,1977,0
EWJV.US,D,20220718,000000,23.39,23.54,23.31,23.33,13025,0
EWJV.US,D,20220719,000000,23.6799,23.74,23.65,23.74,16015,0
EWJV.US,D,20220720,000000,23.73,23.7358,23.625,23.67,5002,0
EWJV.US,D,20220721,000000,23.65,23.89,23.64,23.89,5770,0
EWJV.US,D,20220722,000000,24.05,24.07,23.9,23.9702,1987,0
EWJV.US,D,20220725,000000,24,24.12,24,24.12,1691,0
EWJV.US,D,20220726,000000,24.06,24.06,23.9174,23.95,3528,0
EWJV.US,D,20220727,000000,24.03,24.29,23.95,24.29,11292,0
EWJV.US,D,20220728,000000,24.2999,24.46,24.215,24.415,13602,0
EWJV.US,D,20220729,000000,24.33,24.64,24.33,24.63,11656,0
EWJV.US,D,20220801,000000,24.84,24.92,24.84,24.9,20445,0
EWJV.US,D,20220802,000000,24.74,24.74,24.39,24.45,5065,0
EWJV.US,D,20220803,000000,24.3,24.34,24.17,24.32,6737,0
EWJV.US,D,20220804,000000,24.05,24.15,24.0484,24.15,3491,0
EWJV.US,D,20220805,000000,23.91,24,23.9,24,10540,0
EWJV.US,D,20220808,000000,24.23,24.32,24.08,24.08,27304,0
EWJV.US,D,20220809,000000,23.87,23.88,23.8,23.8,2100,0
EWJV.US,D,20220810,000000,24.48,24.6,24.48,24.49,15834,0
EWJV.US,D,20220811,000000,24.63,24.6501,24.57,24.5818,5800,0
EWJV.US,D,20220812,000000,24.6812,24.78,24.6501,24.75,9877,0
EWJV.US,D,20220815,000000,24.82,24.87,24.8,24.87,4231,0
EWJV.US,D,20220816,000000,24.55,24.675,24.54,24.67,6133,0
EWJV.US,D,20220817,000000,24.59,24.77,24.55,24.68,4657,0
EWJV.US,D,20220818,000000,24.67,24.67,24.4901,24.5651,2739,0
EWJV.US,D,20220819,000000,24.34,24.34,24.22,24.3,8004,0
EWJV.US,D,20220822,000000,24.25,24.25,24.05,24.11,4520,0
EWJV.US,D,20220823,000000,24.075,24.2599,24.075,24.17,6149,0
EWJV.US,D,20220824,000000,24.19,24.34,24.19,24.28,3761,0
EWJV.US,D,20220825,000000,24.36,24.465,24.32,24.465,1257,0
EWJV.US,D,20220826,000000,24.2199,24.22,24,24.02,9722,0
EWJV.US,D,20220829,000000,23.87,24.07,23.78,24.07,10346,0
EWJV.US,D,20220830,000000,23.83,23.9292,23.79,23.83,3972,0
EWJV.US,D,20220831,000000,23.86,23.895,23.67,23.7,7347,0
EWJV.US,D,20220901,000000,23.52,23.52,23.331,23.48,9110,0
EWJV.US,D,20220902,000000,23.5,23.5621,23.2,23.23,5984,0
EWJV.US,D,20220906,000000,23,23,22.78,22.83,10363,0
EWJV.US,D,20220907,000000,22.53,22.79,22.53,22.79,21118,0
EWJV.US,D,20220908,000000,22.9999,23.025,22.92,23.025,12977,0
EWJV.US,D,20220909,000000,23.32,23.46,23.2704,23.46,5493,0
EWJV.US,D,20220912,000000,23.44,23.5197,23.37,23.41,21455,0
EWJV.US,D,20220913,000000,23.01,23.01,22.66,22.66,8427,0
EWJV.US,D,20220914,000000,23.1,23.1,22.95,23.06,6099,0
EWJV.US,D,20220915,000000,22.94,23.0197,22.92,22.92,762,0
EWJV.US,D,20220916,000000,23,23.05,22.9374,23.03,3031,0
EWJV.US,D,20220919,000000,22.86,23.0787,22.86,23.0787,5097,0
EWJV.US,D,20220920,000000,22.93,22.93,22.78,22.85,14266,0
EWJV.US,D,20220921,000000,22.76,22.92,22.59,22.6094,16456,0
EWJV.US,D,20220922,000000,22.97,22.97,22.77,22.88,6129,0
EWJV.US,D,20220923,000000,22.56,22.56,22.3175,22.4,4209,0
EWJV.US,D,20220926,000000,22.05,22.105,21.8312,21.97,28944,0
EWJV.US,D,20220927,000000,21.92,21.92,21.62,21.77,7159,0
EWJV.US,D,20220928,000000,21.74,22.09,21.74,22.09,10599,0
EWJV.US,D,20220929,000000,21.92,21.95,21.75,21.88,2386,0
EWJV.US,D,20220930,000000,21.66,21.8499,21.58,21.66,28209,0
EWJV.US,D,20221003,000000,21.82,22.06,21.78,22.015,32089,0
EWJV.US,D,20221004,000000,22.42,22.74,22.42,22.6925,27371,0
EWJV.US,D,20221005,000000,22.33,22.5,22.295,22.43,9300,0
EWJV.US,D,20221006,000000,22.37,22.37,22.19,22.26,3533,0
EWJV.US,D,20221007,000000,22.2,22.2,21.94,22.03,11536,0
EWJV.US,D,20221010,000000,22,22.0095,21.8301,22,9845,0
EWJV.US,D,20221011,000000,21.8801,21.95,21.78,21.86,102250,0
EWJV.US,D,20221012,000000,21.72,21.78,21.68,21.74,7983,0
EWJV.US,D,20221013,000000,21.34,21.94,21.3237,21.92,7804,0
EWJV.US,D,20221014,000000,21.83,21.83,21.58,21.59,12445,0
EWJV.US,D,20221017,000000,21.72,21.8236,21.72,21.7689,13971,0
EWJV.US,D,20221018,000000,21.715,21.73,21.51,21.53,3514,0
EWJV.US,D,20221019,000000,21.58,21.59,21.46,21.5,5923,0
EWJV.US,D,20221020,000000,21.77,21.77,21.49,21.59,6929,0
EWJV.US,D,20221021,000000,21.29,21.9681,21.29,21.88,19661,0
EWJV.US,D,20221024,000000,21.66,21.78,21.66,21.72,8716,0
EWJV.US,D,20221025,000000,22,22.28,22,22.28,9375,0
EWJV.US,D,20221026,000000,22.24,22.47,22.22,22.32,19966,0
EWJV.US,D,20221027,000000,22.15,22.24,22.01,22.01,10658,0
EWJV.US,D,20221028,000000,22.12,22.15,22.115,22.14,16927,0
EWJV.US,D,20221031,000000,22.11,22.14,22.0889,22.14,8847,0
EWJV.US,D,20221101,000000,22.49,22.49,22.16,22.22,12956,0
EWJV.US,D,20221102,000000,22.5,22.68,22.21,22.22,6511,0
EWJV.US,D,20221103,000000,22.12,22.16,22.12,22.1472,1448,0
EWJV.US,D,20221104,000000,22.39,22.67,22.39,22.58,19006,0
EWJV.US,D,20221107,000000,22.72,22.73,22.6619,22.68,12475,0
EWJV.US,D,20221108,000000,22.93,23.09,22.93,22.95,16383,0
EWJV.US,D,20221109,000000,22.75,22.7974,22.63,22.63,968,0
EWJV.US,D,20221110,000000,23.44,23.76,22.2922,23.76,7109,0
EWJV.US,D,20221111,000000,23.85,23.95,23.83,23.95,4556,0
EWJV.US,D,20221114,000000,23.62,23.64,23.55,23.63,43775,0
EWJV.US,D,20221115,000000,23.89,23.9299,23.73,23.77,15207,0
EWJV.US,D,20221116,000000,23.71,23.75,23.67,23.73,3873,0
EWJV.US,D,20221117,000000,23.595,23.75,23.595,23.75,2044,0
EWJV.US,D,20221118,000000,23.8597,23.86,23.79,23.82,2719,0
EWJV.US,D,20221121,000000,23.65,23.6509,23.62,23.6509,1000,0
EWJV.US,D,20221122,000000,23.99,24.19,23.99,24.18,5729,0
EWJV.US,D,20221123,000000,24.23,24.4653,24.23,24.4386,5170,0
EWJV.US,D,20221125,000000,24.56,24.69,24.56,24.69,3986,0
EWJV.US,D,20221128,000000,24.55,24.68,24.46,24.46,13171,0
EWJV.US,D,20221129,000000,24.38,24.48,24.3523,24.38,23734,0
EWJV.US,D,20221130,000000,24.37,24.6753,24.26,24.66,13799,0
EWJV.US,D,20221201,000000,24.59,24.734,24.48,24.6,38554,0
EWJV.US,D,20221202,000000,24.32,24.6,24.32,24.5463,3408,0
EWJV.US,D,20221205,000000,24.23,24.26,23.97,23.97,3351,0
EWJV.US,D,20221206,000000,24.13,24.15,23.9,24.02,7102,0
EWJV.US,D,20221207,000000,24.15,24.25,24.12,24.2,28299,0
EWJV.US,D,20221208,000000,24.343,24.343,24.26,24.2916,1894,0
EWJV.US,D,20221209,000000,24.37,24.44,24.09,24.3,25999,0
EWJV.US,D,20221212,000000,24.29,24.31,24.23,24.31,8375,0
EWJV.US,D,20221213,000000,24.72,24.72,24.41,24.48,1973,0
EWJV.US,D,20221214,000000,24.599,24.599,24.34,24.34,4488,0
EWJV.US,D,20221215,000000,24.22,24.22,23.865,23.95,33482,0
EWJV.US,D,20221216,000000,23.92,23.98,23.815,23.92,24187,0
EWJV.US,D,20221219,000000,23.97,24.075,23.86,23.9134,10341,0
EWJV.US,D,20221220,000000,24.39,24.65,24.39,24.485,53151,0
EWJV.US,D,20221221,000000,24.4,24.53,24.37,24.37,19038,0
EWJV.US,D,20221222,000000,24.5,24.5,24.25,24.5,23150,0
EWJV.US,D,20221223,000000,24.49,24.56,24.49,24.56,1868,0
EWJV.US,D,20221227,000000,24.45,24.5,24.425,24.45,7524,0
EWJV.US,D,20221228,000000,24.31,24.31,24.17,24.1925,1552,0
EWJV.US,D,20221229,000000,24.43,24.59,24.43,24.55,8467,0
EWJV.US,D,20221230,000000,24.48,24.5118,24.41,24.4363,11555,0
EWJV.US,D,20230103,000000,24.63,24.64,24.52,24.59,17967,0
EWJV.US,D,20230104,000000,24.51,24.51,24.3321,24.3321,18991,0
EWJV.US,D,20230105,000000,23.99,24.05,23.95,23.95,4935,0
EWJV.US,D,20230106,000000,24.02,24.4812,24.02,24.4812,7890,0
EWJV.US,D,20230109,000000,24.62,24.655,24.525,24.525,3153,0
EWJV.US,D,20230110,000000,24.37,24.3852,24.28,24.35,9494,0
EWJV.US,D,20230111,000000,24.45,24.45,24.4,24.4,3601,0
EWJV.US,D,20230112,000000,24.95,25.25,24.7794,25.25,7386,0
EWJV.US,D,20230113,000000,25.17,25.3399,25.16,25.3178,23063,0
EWJV.US,D,20230117,000000,25.44,25.4745,25.4,25.4712,9459,0
EWJV.US,D,20230118,000000,25.72,25.72,25.37,25.415,18208,0
EWJV.US,D,20230119,000000,25.3285,25.43,25.29,25.34,140569,0
EWJV.US,D,20230120,000000,25.36,25.69,25.36,25.69,30752,0
EWJV.US,D,20230123,000000,25.47,25.56,25.33,25.5,20599,0
EWJV.US,D,20230124,000000,25.57,25.83,25.57,25.8,17196,0
EWJV.US,D,20230125,000000,25.93,26.1,25.92,26.0553,11234,0
EWJV.US,D,20230126,000000,26.11,26.11,25.77,26.03,5083,0
EWJV.US,D,20230127,000000,26.05,26.17,26.05,26.16,7835,0
EWJV.US,D,20230130,000000,25.97,26.07,25.87,25.9,14834,0
EWJV.US,D,20230131,000000,25.9,26.08,25.86,26.08,14805,0
EWJV.US,D,20230201,000000,25.95,26.1,25.79,26.03,14592,0
EWJV.US,D,20230202,000000,25.98,26.03,25.715,25.8,29864,0
EWJV.US,D,20230203,000000,25.52,25.67,25.49,25.5,10727,0
EWJV.US,D,20230206,000000,25.31,25.3767,25.2836,25.3767,2563,0
EWJV.US,D,20230207,000000,25.41,25.84,25.37,25.84,20288,0
EWJV.US,D,20230208,000000,25.59,25.63,25.5,25.57,13620,0
EWJV.US,D,20230209,000000,25.8399,25.8399,25.53,25.555,7993,0
EWJV.US,D,20230210,000000,25.7,25.75,25.6,25.75,6426,0
EWJV.US,D,20230213,000000,25.62,25.77,25.51,25.77,19090,0
EWJV.US,D,20230214,000000,25.545,25.69,25.5,25.69,11297,0
EWJV.US,D,20230215,000000,25.49,25.49,25.39,25.49,5562,0
EWJV.US,D,20230216,000000,25.37,25.51,25.335,25.51,30915,0
EWJV.US,D,20230217,000000,25.45,25.63,25.43,25.63,3250,0
EWJV.US,D,20230221,000000,25.51,25.579,25.37,25.4,23253,0
EWJV.US,D,20230222,000000,25.33,25.3646,25.13,25.13,6159,0
EWJV.US,D,20230223,000000,25.26,25.4,25.19,25.4,3474,0
EWJV.US,D,20230224,000000,24.96,25,24.8801,24.93,13628,0
EWJV.US,D,20230227,000000,25.21,25.31,25,25.31,7418,0
EWJV.US,D,20230228,000000,25.175,25.2081,25.04,25.04,2141,0
EWJV.US,D,20230301,000000,25.22,25.2599,25.141,25.23,8902,0
EWJV.US,D,20230302,000000,25.1201,25.2,25.1201,25.18,3782,0
EWJV.US,D,20230303,000000,25.46,25.74,25.46,25.68,8064,0
EWJV.US,D,20230306,000000,25.8,25.8,25.6747,25.6747,5434,0
EWJV.US,D,20230307,000000,25.81,25.8864,25.502,25.56,8049,0
EWJV.US,D,20230308,000000,25.73,25.88,25.71,25.76,6014,0
EWJV.US,D,20230309,000000,25.91,26.06,25.74,25.74,13343,0
EWJV.US,D,20230310,000000,25.61,25.67,25.43,25.44,18457,0
EWJV.US,D,20230313,000000,25.19,25.22,25,25,28086,0
EWJV.US,D,20230314,000000,24.66,24.762,24.58,24.74,6951,0
EWJV.US,D,20230315,000000,24.38,24.46,24.18,24.4,45215,0
EWJV.US,D,20230316,000000,24.41,24.5987,24.36,24.58,9534,0
EWJV.US,D,20230317,000000,24.48,24.488,24.33,24.33,2154,0
EWJV.US,D,20230320,000000,24.56,24.7277,24.56,24.67,17810,0
EWJV.US,D,20230321,000000,24.78,24.89,24.77,24.8511,3316,0
EWJV.US,D,20230322,000000,24.82,25.08,24.76,24.8084,4457,0
EWJV.US,D,20230323,000000,24.95,25.05,24.8,24.8,9835,0
EWJV.US,D,20230324,000000,24.81,24.89,24.73,24.89,4374,0
EWJV.US,D,20230327,000000,25.035,25.09,25.01,25.09,1090135,0
EWJV.US,D,20230328,000000,25.1801,25.31,25.1801,25.31,3292,0
EWJV.US,D,20230329,000000,25.29,25.4299,25.27,25.27,5655,0
EWJV.US,D,20230330,000000,25.45,25.45,25.38,25.44,3225,0
EWJV.US,D,20230331,000000,25.6511,25.73,25.62,25.6961,7070,0
EWJV.US,D,20230403,000000,25.88,25.98,25.78,25.98,3949,0
EWJV.US,D,20230404,000000,25.935,25.959,25.8703,25.9238,4293,0
EWJV.US,D,20230405,000000,25.6588,25.6588,25.55,25.62,6412,0
EWJV.US,D,20230406,000000,25.54,25.5701,25.54,25.55,2727,0
EWJV.US,D,20230410,000000,25.31,25.455,25.31,25.43,2295,0
EWJV.US,D,20230411,000000,25.57,26.29,25.525,25.64,48550,0
EWJV.US,D,20230412,000000,25.91,25.91,25.63,25.74,19737,0
EWJV.US,D,20230413,000000,25.9,25.99,25.81,25.92,11788,0
EWJV.US,D,20230414,000000,25.86,25.96,25.73,25.7714,10015,0
EWJV.US,D,20230417,000000,25.88,25.93,25.73,25.93,32764,0
EWJV.US,D,20230418,000000,26.19,26.19,25.9434,26.06,24208,0
EWJV.US,D,20230419,000000,25.89,25.955,25.89,25.94,9610,0
EWJV.US,D,20230420,000000,25.9,26.02,25.9,25.93,33208,0
EWJV.US,D,20230421,000000,26.01,26.01,25.895,25.9941,12507,0
EWJV.US,D,20230424,000000,25.92,26.03,25.88,26.03,14355,0
EWJV.US,D,20230425,000000,25.98,25.98,25.81,25.81,4809,0
EWJV.US,D,20230426,000000,25.82,25.915,25.75,25.7763,66450,0
EWJV.US,D,20230427,000000,26.03,26.25,26.03,26.21,17437,0
EWJV.US,D,20230428,000000,25.88,26.0899,25.86,26.01,23549,0
EWJV.US,D,20230501,000000,26.09,26.1,25.965,26.05,15770,0
EWJV.US,D,20230502,000000,25.81,25.81,25.56,25.72,28311,0
EWJV.US,D,20230503,000000,25.88,25.89,25.7456,25.8658,9240,0
EWJV.US,D,20230504,000000,25.864,25.91,25.76,25.88,10828,0
EWJV.US,D,20230505,000000,25.99,26.25,25.99,26.2196,12241,0
EWJV.US,D,20230508,000000,26.22,26.32,26.2101,26.3,17151,0
EWJV.US,D,20230509,000000,26.45,26.65,26.45,26.63,45946,0
EWJV.US,D,20230510,000000,26.74,26.74,26.36,26.53,1019576,0
EWJV.US,D,20230511,000000,26.55,26.56,26.4,26.51,3931,0
EWJV.US,D,20230512,000000,26.67,26.74,26.495,26.52,10647,0
EWJV.US,D,20230515,000000,26.62,26.79,26.6001,26.79,8061,0
EWJV.US,D,20230516,000000,26.8,26.8,26.6,26.62,10295,0
EWJV.US,D,20230517,000000,26.75,26.85,26.66,26.8201,21358,0
EWJV.US,D,20230518,000000,26.82,26.82,26.53,26.66,46173,0
EWJV.US,D,20230519,000000,26.57,26.63,26.5,26.61,158610,0
EWJV.US,D,20230522,000000,26.77,26.79,26.65,26.74,144201,0
EWJV.US,D,20230523,000000,26.5,26.52,26.3,26.425,170409,0
EWJV.US,D,20230524,000000,26.44,26.44,26.21,26.23,123066,0
EWJV.US,D,20230525,000000,26.32,26.32,26.06,26.17,205586,0
EWJV.US,D,20230526,000000,26.07,26.31,26.07,26.21,17327,0
EWJV.US,D,20230530,000000,26.23,26.28,26.15,26.22,54736,0
EWJV.US,D,20230531,000000,25.9,26.02,25.812,25.99,55186,0
EWJV.US,D,20230601,000000,26.3,26.53,26.2501,26.53,127877,0
EWJV.US,D,20230602,000000,26.99,27.08,26.8901,27.07,112833,0
EWJV.US,D,20230605,000000,27.09,27.14,26.9065,26.92,76112,0
EWJV.US,D,20230606,000000,27.2,27.54,27.1418,27.5,89843,0
EWJV.US,D,20230607,000000,26.8,26.8,26.58,26.61,162792,0
EWJV.US,D,20230608,000000,26.75,26.905,26.61,26.88,73291,0
EWJV.US,D,20230609,000000,27.18,27.1884,27.04,27.13,48399,0
EWJV.US,D,20230612,000000,27.1,27.155,26.99,27.07,47903,0
EWJV.US,D,20230613,000000,27.61,27.65,27.5,27.57,126953,0
EWJV.US,D,20230614,000000,27.84,27.989,27.6801,27.87,116532,0
EWJV.US,D,20230615,000000,27.66,27.92,27.6,27.9,60978,0
EWJV.US,D,20230616,000000,27.87,27.87,27.5,27.53,131387,0
EWJV.US,D,20230620,000000,27.34,27.34,27.11,27.17,88806,0
EWJV.US,D,20230621,000000,27.52,27.64,27.37,27.59,70222,0
EWJV.US,D,20230622,000000,27.65,27.6876,27.47,27.55,105291,0
EWJV.US,D,20230623,000000,27.03,27.03,26.81,26.93,274453,0
EWJV.US,D,20230626,000000,26.9104,27.08,26.9,26.9775,124683,0
EWJV.US,D,20230627,000000,27.04,27.129,26.9406,27.08,102628,0
EWJV.US,D,20230628,000000,27.32,27.405,27.2,27.29,107333,0
EWJV.US,D,20230629,000000,27.15,27.27,27.12,27.24,101706,0
EWJV.US,D,20230630,000000,27.31,27.4,27.25,27.36,94348,0
EWJV.US,D,20230703,000000,27.44,27.54,27.3601,27.44,45353,0
EWJV.US,D,20230705,000000,27.38,27.46,27.33,27.4,47267,0
EWJV.US,D,20230706,000000,27.14,27.17,26.99,27.15,102828,0
EWJV.US,D,20230707,000000,27.25,27.59,27.1797,27.44,42088,0
EWJV.US,D,20230710,000000,27.34,27.49,27.3315,27.43,60194,0
EWJV.US,D,20230711,000000,27.41,27.5331,27.2822,27.52,115510,0
EWJV.US,D,20230712,000000,27.68,27.86,27.5939,27.73,132401,0
EWJV.US,D,20230713,000000,27.85,27.94,27.81,27.83,59277,0
EWJV.US,D,20230714,000000,27.78,27.78,27.522,27.67,73183,0
EWJV.US,D,20230717,000000,27.54,27.68,27.48,27.6,40841,0
EWJV.US,D,20230718,000000,27.91,28.1279,27.8728,28.02,46131,0
EWJV.US,D,20230719,000000,28.09,28.17,28.0001,28.14,30553,0
EWJV.US,D,20230720,000000,27.89,27.9999,27.88,27.97,46783,0
EWJV.US,D,20230721,000000,27.96,27.9635,27.8097,27.9,55007,0
EWJV.US,D,20230724,000000,27.94,28.04,27.8501,27.98,23191,0
EWJV.US,D,20230725,000000,28.02,28.09,27.96,28.06,121826,0
EWJV.US,D,20230726,000000,28.07,28.23,28.002,28.2,157161,0
EWJV.US,D,20230727,000000,28.41,28.49,28.2601,28.4,91481,0
EWJV.US,D,20230728,000000,28.71,28.7338,28.57,28.58,69751,0
EWJV.US,D,20230731,000000,28.47,28.6,28.4068,28.46,59767,0
EWJV.US,D,20230801,000000,28.3,28.31,28.07,28.17,86317,0
EWJV.US,D,20230802,000000,28.02,28.09,27.78,27.81,559322,0
EWJV.US,D,20230803,000000,27.49,27.5999,27.38,27.56,136723,0
EWJV.US,D,20230804,000000,27.94,28.1,27.81,27.83,210450,0
EWJV.US,D,20230807,000000,28.01,28.065,27.96,28.03,222195,0
EWJV.US,D,20230808,000000,27.83,27.8913,27.73,27.86,51082,0
EWJV.US,D,20230809,000000,27.79,27.8684,27.68,27.72,69101,0
EWJV.US,D,20230810,000000,28.07,28.19,27.84,27.84,76237,0
EWJV.US,D,20230811,000000,27.92,27.9899,27.81,27.89,56551,0
EWJV.US,D,20230814,000000,27.52,27.62,27.41,27.61,176234,0
EWJV.US,D,20230815,000000,27.48,27.52,27.3,27.36,378253,0
EWJV.US,D,20230816,000000,27.1,27.24,26.99,27,180870,0
EWJV.US,D,20230817,000000,27.18,27.2,26.91,26.97,272617,0
EWJV.US,D,20230818,000000,26.89,27.0548,26.8,26.96,138980,0
EWJV.US,D,20230821,000000,26.98,27.03,26.83,26.97,71796,0
EWJV.US,D,20230822,000000,27.23,27.31,27.1,27.11,186301,0
EWJV.US,D,20230823,000000,27.35,27.5181,27.35,27.45,388108,0
EWJV.US,D,20230824,000000,27.36,27.44,27.17,27.23,85585,0
EWJV.US,D,20230825,000000,27.35,27.4405,27.2,27.37,36350,0
EWJV.US,D,20230828,000000,27.59,27.694,27.565,27.66,52120,0
EWJV.US,D,20230829,000000,27.52,27.89,27.5,27.86,107174,0
EWJV.US,D,20230830,000000,27.86,27.9,27.77,27.84,21229,0
EWJV.US,D,20230831,000000,28.07,28.2245,28.02,28.21,118336,0
EWJV.US,D,20230901,000000,28.58,28.688,28.306,28.41,75281,0
EWJV.US,D,20230905,000000,28.63,28.68,28.54,28.54,76188,0
EWJV.US,D,20230906,000000,28.74,28.8649,28.62,28.67,62266,0
EWJV.US,D,20230907,000000,28.8,28.88,28.74,28.88,55942,0
EWJV.US,D,20230908,000000,28.58,28.646,28.5,28.62,61944,0
EWJV.US,D,20230911,000000,28.94,29.0985,28.94,29.08,43115,0
EWJV.US,D,20230912,000000,29.03,29.2099,29.02,29.12,15077,0
EWJV.US,D,20230913,000000,29.24,29.35,29.18,29.3,126559,0
EWJV.US,D,20230914,000000,29.74,29.88,29.66,29.85,48717,0
EWJV.US,D,20230915,000000,29.83,29.9,29.6471,29.73,82114,0
EWJV.US,D,20230918,000000,29.77,29.79,29.6101,29.79,40281,0
EWJV.US,D,20230919,000000,30.25,30.34,30.1495,30.18,400688,0
EWJV.US,D,20230920,000000,30,30.1116,29.7,29.7,65594,0
EWJV.US,D,20230921,000000,29.58,29.68,29.52,29.52,422685,0
EWJV.US,D,20230922,000000,29.6358,29.7075,29.5145,29.57,60964,0
EWJV.US,D,20230925,000000,29.29,29.36,29.16,29.32,174939,0
EWJV.US,D,20230926,000000,29.16,29.23,28.97,29.03,285428,0
EWJV.US,D,20230927,000000,29.27,29.27,28.98,29.08,124144,0
EWJV.US,D,20230928,000000,29,29.22,28.9,29.12,88365,0
EWJV.US,D,20230929,000000,28.91,28.91,28.48,28.55,130450,0
EWJV.US,D,20231002,000000,28.56,28.56,28.2203,28.3,87874,0
EWJV.US,D,20231003,000000,27.78,28,27.62,27.77,266917,0
EWJV.US,D,20231004,000000,27.12,27.14,26.962,27.08,167353,0
EWJV.US,D,20231005,000000,27.71,27.8249,27.6,27.71,148481,0
EWJV.US,D,20231006,000000,27.73,27.94,27.557,27.89,53627,0
EWJV.US,D,20231009,000000,27.77,28.055,27.7611,27.98,42183,0
EWJV.US,D,20231010,000000,28.32,28.5163,28.3101,28.46,154251,0
EWJV.US,D,20231011,000000,28.41,28.43,28.25,28.3,73182,0
EWJV.US,D,20231012,000000,28.54,28.54,28.25,28.3374,47601,0
EWJV.US,D,20231013,000000,28.15,28.28,27.93,28.01,53460,0
EWJV.US,D,20231016,000000,28.01,28.16,27.95,28.16,42394,0
EWJV.US,D,20231017,000000,27.99,28.2299,27.96,28.15,32657,0
EWJV.US,D,20231018,000000,28.08,28.08,27.7001,27.74,46884,0
EWJV.US,D,20231019,000000,27.86,27.945,27.59,27.59,168567,0
EWJV.US,D,20231020,000000,27.63,27.66,27.38,27.38,122783,0
EWJV.US,D,20231023,000000,27.36,27.5363,27.21,27.36,100633,0
EWJV.US,D,20231024,000000,27.41,27.49,27.3612,27.46,47779,0
EWJV.US,D,20231025,000000,27.69,27.69,27.5001,27.53,85332,0
EWJV.US,D,20231026,000000,27.37,27.38,27.1207,27.13,62545,0
EWJV.US,D,20231027,000000,27.59,27.59,27.278,27.34,312702,0
EWJV.US,D,20231030,000000,27.34,27.42,27.25,27.42,124477,0
EWJV.US,D,20231031,000000,27.67,27.85,27.61,27.82,138750,0
EWJV.US,D,20231101,000000,28.07,28.3703,28.04,28.31,44008,0
EWJV.US,D,20231102,000000,28.44,28.66,28.33,28.62,75618,0
EWJV.US,D,20231103,000000,28.85,29.1999,28.85,29.08,91053,0
EWJV.US,D,20231106,000000,28.79,28.79,28.5301,28.64,56253,0
EWJV.US,D,20231107,000000,28.2,28.35,28.15,28.33,51344,0
EWJV.US,D,20231108,000000,27.74,27.7412,27.52,27.59,57510,0
EWJV.US,D,20231109,000000,28.13,28.13,27.85,27.89,105400,0
EWJV.US,D,20231110,000000,28.01,28.21,27.9173,28.21,83559,0
EWJV.US,D,20231113,000000,28.12,28.33,28.07,28.31,108733,0
EWJV.US,D,20231114,000000,28.61,28.9,28.61,28.9,30672,0
EWJV.US,D,20231115,000000,28.51,28.52,28.3408,28.36,59533,0
EWJV.US,D,20231116,000000,28.37,28.45,28.3,28.36,426720,0
EWJV.US,D,20231117,000000,28.78,29.04,28.78,29.04,91743,0
EWJV.US,D,20231120,000000,28.87,28.97,28.7874,28.87,72497,0
EWJV.US,D,20231121,000000,28.84,28.89,28.7,28.75,105016,0
EWJV.US,D,20231122,000000,28.91,28.91,28.74,28.84,59915,0
EWJV.US,D,20231124,000000,29.02,29.07,28.95,29.0349,35287,0
EWJV.US,D,20231127,000000,29.04,29.07,28.95,29.05,75464,0
EWJV.US,D,20231128,000000,28.97,29.14,28.8963,29.08,37937,0
EWJV.US,D,20231129,000000,29.05,29.05,28.88,28.93,18155,0
EWJV.US,D,20231130,000000,29.02,29.0695,28.925,29.01,14305,0
EWJV.US,D,20231201,000000,29.08,29.39,29.08,29.39,30252,0
EWJV.US,D,20231204,000000,29.05,29.06,28.87,28.96,62326,0
EWJV.US,D,20231205,000000,28.88,28.98,28.8,28.85,181572,0
EWJV.US,D,20231206,000000,29.2,29.2971,29.07,29.07,19445,0
EWJV.US,D,20231207,000000,29.31,29.65,29.14,29.51,86470,0
EWJV.US,D,20231208,000000,29.17,29.29,29.12,29.27,46889,0
EWJV.US,D,20231211,000000,29.36,29.43,29.3354,29.42,11954,0
EWJV.US,D,20231212,000000,29.23,29.325,29.145,29.3,22920,0
EWJV.US,D,20231213,000000,29.19,29.67,29.07,29.64,44140,0
EWJV.US,D,20231214,000000,29.28,29.49,29.24,29.42,106185,0
EWJV.US,D,20231215,000000,29.28,29.3,28.905,28.96,244277,0
EWJV.US,D,20231218,000000,29.02,29.02,28.9,28.93,36007,0
EWJV.US,D,20231219,000000,29.02,29.07,28.82,28.89,61844,0
EWJV.US,D,20231220,000000,28.57,28.57,28.18,28.26,49108,0
EWJV.US,D,20231221,000000,28.53,28.704,28.51,28.65,78275,0
EWJV.US,D,20231222,000000,28.91,28.99,28.83,28.9,21826,0
EWJV.US,D,20231226,000000,28.82,28.8401,28.63,28.82,60768,0
EWJV.US,D,20231227,000000,28.79,28.93,28.75,28.88,32757,0
EWJV.US,D,20231228,000000,29,29.1596,29,29.03,76332,0
EWJV.US,D,20231229,000000,29.25,29.25,29.05,29.18,25849,0
EWJV.US,D,20240102,000000,28.99,29.1141,28.92,28.94,43411,0
EWJV.US,D,20240103,000000,28.88,28.9587,28.735,28.89,76215,0
EWJV.US,D,20240104,000000,28.97,29.107,28.88,28.94,59908,0
EWJV.US,D,20240105,000000,29.38,29.6892,29.3101,29.42,40515,0
EWJV.US,D,20240108,000000,29.56,29.76,29.4373,29.76,153877,0
EWJV.US,D,20240109,000000,29.44,29.49,29.38,29.44,113487,0
EWJV.US,D,20240110,000000,29.79,29.8699,29.7553,29.81,153233,0
EWJV.US,D,20240111,000000,29.94,30.09,29.82,30.05,86507,0
EWJV.US,D,20240112,000000,30.25,30.36,30.12,30.2,95658,0
EWJV.US,D,20240116,000000,30.44,30.44,30.03,30.11,82495,0
EWJV.US,D,20240117,000000,29.86,29.86,29.71,29.85,94847,0
EWJV.US,D,20240118,000000,29.94,30.1,29.91,30.1,91812,0
EWJV.US,D,20240119,000000,29.99,30.07,29.7515,30.07,89691,0
EWJV.US,D,20240122,000000,30.41,30.5299,30.39,30.51,65786,0
EWJV.US,D,20240123,000000,30.09,30.18,30.0335,30.14,62213,0
EWJV.US,D,20240124,000000,30.34,30.432,30.2401,30.31,203659,0
EWJV.US,D,20240125,000000,30.29,30.305,30.1101,30.27,63751,0
EWJV.US,D,20240126,000000,30.03,30.1065,29.89,30.04,68276,0
EWJV.US,D,20240129,000000,30.3,30.43,30.2436,30.42,65012,0
EWJV.US,D,20240130,000000,30.3,30.34,30.2083,30.32,98485,0
EWJV.US,D,20240131,000000,30.77,30.8494,30.44,30.58,75016,0
EWJV.US,D,20240201,000000,30.68,30.82,30.5401,30.76,83537,0
EWJV.US,D,20240202,000000,30.64,30.64,30.37,30.62,120461,0
EWJV.US,D,20240205,000000,30.62,30.6599,30.4201,30.46,66068,0
EWJV.US,D,20240206,000000,30.46,30.6,30.41,30.6,59283,0
EWJV.US,D,20240207,000000,30.84,30.88,30.75,30.87,417484,0
EWJV.US,D,20240208,000000,30.46,30.58,30.3247,30.58,81200,0
EWJV.US,D,20240209,000000,30.35,30.56,30.35,30.56,75135,0
EWJV.US,D,20240212,000000,30.6,30.8285,30.6,30.7,91167,0
EWJV.US,D,20240213,000000,30.69,30.7887,30.5153,30.64,33438,0
EWJV.US,D,20240214,000000,30.59,30.68,30.485,30.68,49384,0
EWJV.US,D,20240215,000000,30.73,30.94,30.6698,30.87,29337,0
EWJV.US,D,20240216,000000,30.94,31.13,30.865,31,160297,0
EWJV.US,D,20240220,000000,31.33,31.36,31.2,31.36,38680,0
EWJV.US,D,20240221,000000,31.29,31.33,31.125,31.29,62889,0
EWJV.US,D,20240222,000000,31.68,31.78,31.55,31.61,96767,0
EWJV.US,D,20240223,000000,31.63,31.8076,31.63,31.68,79086,0
EWJV.US,D,20240226,000000,31.83,31.83,31.63,31.73,193405,0
EWJV.US,D,20240227,000000,31.74,31.83,31.7,31.8,49635,0
EWJV.US,D,20240228,000000,31.56,31.6607,31.52,31.61,36183,0
EWJV.US,D,20240229,000000,31.79,31.82,31.56,31.66,45354,0
EWJV.US,D,20240301,000000,31.96,32.165,31.96,32.12,45557,0
EWJV.US,D,20240304,000000,32.03,32.04,31.9,31.99,88360,0
EWJV.US,D,20240305,000000,32.29,32.36,32.19,32.27,87682,0
EWJV.US,D,20240306,000000,32.82,32.88,32.67,32.8,98123,0
EWJV.US,D,20240307,000000,32.86,32.89,32.79,32.87,142358,0
EWJV.US,D,20240308,000000,33.14,33.2091,32.99,33,100625,0
EWJV.US,D,20240311,000000,32.3,32.3,32.02,32.1,211828,0
EWJV.US,D,20240312,000000,32.07,32.1789,31.88,32.11,88266,0
EWJV.US,D,20240313,000000,31.87,31.98,31.8,31.9,65851,0
EWJV.US,D,20240314,000000,32.14,32.14,31.81,31.86,50068,0
EWJV.US,D,20240315,000000,32.19,32.29,32.13,32.28,233826,0
EWJV.US,D,20240318,000000,32.6,32.63,32.46,32.63,60521,0
EWJV.US,D,20240319,000000,32.7,32.9099,32.645,32.88,114030,0
EWJV.US,D,20240320,000000,32.92,33.13,32.81,33.13,35997,0
EWJV.US,D,20240321,000000,33.24,33.3399,33.195,33.31,75607,0
EWJV.US,D,20240322,000000,33.41,33.528,33.385,33.44,127529,0
EWJV.US,D,20240325,000000,33.17,33.19,33.03,33.13,89303,0
EWJV.US,D,20240326,000000,33.25,33.3099,33.1611,33.22,34285,0
EWJV.US,D,20240327,000000,33.25,33.36,33.18,33.36,184671,0
EWJV.US,D,20240328,000000,33.18,33.27,33.1,33.23,64101,0
EWJV.US,D,20240401,000000,32.86,33.01,32.4,32.65,106142,0
EWJV.US,D,20240402,000000,32.57,32.57,32.35,32.53,1587411,0
EWJV.US,D,20240403,000000,32.68,32.9,32.64,32.86,268170,0
EWJV.US,D,20240404,000000,33.09,33.09,32.62,32.67,52448,0
EWJV.US,D,20240405,000000,32.75,32.8775,32.7,32.8,29785,0
EWJV.US,D,20240408,000000,33.08,33.14,33,33.09,216716,0
EWJV.US,D,20240409,000000,33.3,33.35,33.04,33.14,73251,0
EWJV.US,D,20240410,000000,32.74,32.76,32.525,32.66,71367,0
EWJV.US,D,20240411,000000,33.05,33.0699,32.72,32.98,87672,0
EWJV.US,D,20240412,000000,32.92,32.94,32.62,32.64,80737,0
EWJV.US,D,20240415,000000,33,33.0735,32.57,32.65,51300,0
EWJV.US,D,20240416,000000,32.17,32.17,31.92,31.97,123429,0
EWJV.US,D,20240417,000000,31.83,31.83,31.575,31.72,97908,0
EWJV.US,D,20240418,000000,31.7,31.84,31.5744,31.62,75693,0
EWJV.US,D,20240419,000000,31.64,31.785,31.6112,31.71,49801,0
EWJV.US,D,20240422,000000,31.84,32.1,31.8,31.99,85778,0
EWJV.US,D,20240423,000000,31.95,32.1,31.95,32.01,36578,0
EWJV.US,D,20240424,000000,32.13,32.1419,31.98,32,18428,0
EWJV.US,D,20240425,000000,31.29,31.6,31.25,31.52,203268,0
EWJV.US,D,20240426,000000,31.62,31.8,31.62,31.73,42331,0
EWJV.US,D,20240429,000000,31.92,32.1,31.89,31.99,55653,0
EWJV.US,D,20240430,000000,32.32,32.37,32,32,29786,0
EWJV.US,D,20240501,000000,31.88,32.25,31.82,31.85,26197,0
EWJV.US,D,20240502,000000,32.3,32.6,32.28,32.55,361460,0
EWJV.US,D,20240503,000000,32.79,32.89,32.63,32.82,73599,0
EWJV.US,D,20240506,000000,32.99,33,32.9,32.99,30446,0
EWJV.US,D,20240507,000000,32.77,32.77,32.52,32.59,153290,0
EWJV.US,D,20240508,000000,32.13,32.22,32,32.22,89830,0
EWJV.US,D,20240509,000000,32.11,32.4,32.1,32.4,27191,0
EWJV.US,D,20240510,000000,32.43,32.43,32.23,32.27,29051,0
EWJV.US,D,20240513,000000,32.19,32.19,32.05,32.06,67884,0
EWJV.US,D,20240514,000000,32.12,32.25,32.115,32.25,85201,0
EWJV.US,D,20240515,000000,32.44,32.54,32.33,32.51,26865,0
EWJV.US,D,20240516,000000,32.28,32.3045,32,32,276475,0
EWJV.US,D,20240517,000000,32.34,32.34,32.1789,32.27,18808,0
EWJV.US,D,20240520,000000,32.51,32.585,32.475,32.54,21421,0
EWJV.US,D,20240521,000000,32.47,32.4955,32.36,32.44,42540,0
EWJV.US,D,20240522,000000,32.09,32.14,31.95,32.03,75829,0
EWJV.US,D,20240523,000000,32.16,32.36,31.76,31.83,94308,0
EWJV.US,D,20240524,000000,32.09,32.2499,32.09,32.18,47392,0
EWJV.US,D,20240528,000000,32.74,32.74,32.49,32.58,42987,0
EWJV.US,D,20240529,000000,32.01,32.0818,31.9037,31.96,24128,0
EWJV.US,D,20240530,000000,32.32,32.32,32.2,32.3,58867,0
EWJV.US,D,20240531,000000,32.71,32.81,32.5344,32.81,77365,0
EWJV.US,D,20240603,000000,32.99,33.09,32.98,32.99,101976,0
EWJV.US,D,20240604,000000,33.09,33.1,32.8,32.99,64421,0
EWJV.US,D,20240605,000000,32.64,32.7299,32.5,32.66,24035,0
EWJV.US,D,20240606,000000,32.61,32.6933,32.58,32.66,37922,0
EWJV.US,D,20240607,000000,32.46,32.543,32.32,32.4,130808,0
EWJV.US,D,20240610,000000,32.48,32.69,32.48,32.62,15415,0
EWJV.US,D,20240611,000000,31.88,31.88,31.66,31.69,101365,0
EWJV.US,D,20240612,000000,32.04,32.15,31.81,31.81,28807,0
EWJV.US,D,20240613,000000,31.35,31.3501,31.0799,31.15,81442,0
EWJV.US,D,20240614,000000,31.18,31.305,31.145,31.23,115257,0
EWJV.US,D,20240617,000000,30.82,31.0229,30.75,30.96,50211,0
EWJV.US,D,20240618,000000,30.9,31,30.8975,30.94,52054,0
EWJV.US,D,20240620,000000,30.77,30.905,30.715,30.81,123900,0
EWJV.US,D,20240621,000000,30.71,30.71,30.57,30.67,140893,0
EWJV.US,D,20240624,000000,30.91,31.09,30.91,30.92,95156,0
EWJV.US,D,20240625,000000,31.41,31.4799,31.36,31.45,55239,0
EWJV.US,D,20240626,000000,31.22,31.31,31.21,31.22,96192,0
EWJV.US,D,20240627,000000,31.33,31.46,31.292,31.3708,23276,0
EWJV.US,D,20240628,000000,31.8,31.95,31.71,31.85,53985,0
EWJV.US,D,20240701,000000,31.91,31.96,31.67,31.72,21973,0
EWJV.US,D,20240702,000000,31.98,32.1738,31.98,32.14,37665,0
EWJV.US,D,20240703,000000,32.19,32.44,32.19,32.35,29064,0
EWJV.US,D,20240705,000000,32.43,32.55,32.35,32.5,57459,0
EWJV.US,D,20240708,000000,32.44,32.495,32.28,32.3059,40298,0
EWJV.US,D,20240709,000000,32.32,32.32,32.1601,32.2,27832,0
EWJV.US,D,20240710,000000,32.68,32.8499,32.6506,32.78,47715,0
EWJV.US,D,20240711,000000,32.86,32.96,32.7601,32.8,45942,0
EWJV.US,D,20240712,000000,32.88,33.0625,32.82,32.9412,37744,0
EWJV.US,D,20240715,000000,33.03,33.03,32.76,32.88,140400,0
EWJV.US,D,20240716,000000,32.99,33.3,32.99,33.2572,150141,0
EWJV.US,D,20240717,000000,33.23,33.4199,33.23,33.4,69359,0
EWJV.US,D,20240718,000000,33.4,33.4168,33,33.03,31099,0
EWJV.US,D,20240719,000000,32.82,32.8981,32.69,32.7,20831,0
EWJV.US,D,20240722,000000,32.92,33.06,32.86,32.98,34625,0
EWJV.US,D,20240723,000000,33.02,33.1,32.94,33.08,14879,0
EWJV.US,D,20240724,000000,32.75,32.785,32.41,32.41,78774,0
EWJV.US,D,20240725,000000,31.82,32.27,31.77,32,89298,0
EWJV.US,D,20240726,000000,32.18,32.48,32.18,32.36,32033,0
EWJV.US,D,20240729,000000,32.47,32.48,32.36,32.39,53051,0
EWJV.US,D,20240730,000000,32.44,32.4899,32.3228,32.455,48434,0
EWJV.US,D,20240731,000000,33.44,33.5,33.1,33.41,58940,0
EWJV.US,D,20240801,000000,32.19,32.26,31.6025,31.77,74414,0
EWJV.US,D,20240802,000000,30.71,30.75,30.02,30.42,114211,0
EWJV.US,D,20240805,000000,28.35,29.79,28.24,29.6,317714,0
EWJV.US,D,20240806,000000,29.07,29.4999,28.77,29.39,157228,0
EWJV.US,D,20240807,000000,30.48,30.6056,29.77,29.87,132129,0
EWJV.US,D,20240808,000000,30.33,30.48,30.0101,30.34,88379,0
EWJV.US,D,20240809,000000,30.15,30.3672,30.08,30.33,52783,0
EWJV.US,D,20240812,000000,30.36,30.59,30.32,30.45,32749,0
EWJV.US,D,20240813,000000,30.9,31.25,30.9,31.15,167744,0
EWJV.US,D,20240814,000000,31.23,31.39,31.165,31.37,52188,0
EWJV.US,D,20240815,000000,31.89,32.2096,31.89,32.13,69776,0
EWJV.US,D,20240816,000000,32.07,32.17,32.0401,32.13,44732,0
EWJV.US,D,20240819,000000,32.39,32.6799,32.39,32.63,46976,0
EWJV.US,D,20240820,000000,32.54,32.64,32.45,32.45,40035,0
EWJV.US,D,20240821,000000,32.82,32.88,32.7,32.78,386575,0
EWJV.US,D,20240822,000000,32.88,32.9399,32.5,32.5,32205,0
EWJV.US,D,20240823,000000,32.88,33.33,32.88,33.3098,169880,0
EWJV.US,D,20240826,000000,33.04,33.0939,32.84,32.86,12462,0
EWJV.US,D,20240827,000000,33.17,33.2986,33.14,33.225,60346,0
EWJV.US,D,20240828,000000,33.22,33.3399,32.935,33.01,35917,0
EWJV.US,D,20240829,000000,33.21,33.48,33.11,33.15,15564,0
EWJV.US,D,20240830,000000,33.34,33.4694,33.23,33.3,12540,0
EWJV.US,D,20240903,000000,33.38,33.49,33.1025,33.24,150526,0
EWJV.US,D,20240904,000000,32.7,33.02,32.65,32.82,86246,0
EWJV.US,D,20240905,000000,33,33.1999,32.95,33.1,151001,0
EWJV.US,D,20240906,000000,32.76,32.76,32.07,32.2,255975,0
EWJV.US,D,20240909,000000,32.61,32.869,32.59,32.64,42717,0
EWJV.US,D,20240910,000000,32.53,32.58,32.2,32.4,62694,0
EWJV.US,D,20240911,000000,32.27,32.4899,31.9101,32.43,14367,0
EWJV.US,D,20240912,000000,32.38,32.77,32.38,32.76,89413,0
EWJV.US,D,20240913,000000,32.55,32.72,32.55,32.67,22578,0
EWJV.US,D,20240916,000000,32.73,32.95,32.73,32.84,20852,0
EWJV.US,D,20240917,000000,32.63,32.75,32.47,32.55,39856,0
EWJV.US,D,20240918,000000,32.47,32.63,32.3,32.43,39916,0
EWJV.US,D,20240919,000000,32.92,33.19,32.85,33.03,59403,0
EWJV.US,D,20240920,000000,33.12,33.14,32.86,33.01,11267,0
EWJV.US,D,20240923,000000,33.11,33.32,33.11,33.22,75599,0
EWJV.US,D,20240924,000000,32.92,32.9961,32.865,32.91,19504,0
EWJV.US,D,20240925,000000,33,33,32.79,32.79,28089,0
EWJV.US,D,20240926,000000,33.48,33.7104,33.44,33.61,32799,0
EWJV.US,D,20240927,000000,32.9,33.23,32.66,32.75,82918,0
EWJV.US,D,20240930,000000,33.16,33.27,32.95,33.02,318577,0
EWJV.US,D,20241001,000000,33.37,33.39,32.99,33.15,80388,0
EWJV.US,D,20241002,000000,32.98,33.1,32.8,33.01,144829,0
EWJV.US,D,20241003,000000,32.64,32.87,32.5999,32.78,75737,0
EWJV.US,D,20241004,000000,33.07,33.3621,33.07,33.36,68317,0
EWJV.US,D,20241007,000000,32.93,33.0969,32.8501,32.92,35652,0
EWJV.US,D,20241008,000000,32.89,32.9479,32.82,32.82,23285,0
EWJV.US,D,20241009,000000,32.44,32.629,32.35,32.55,22764,0
EWJV.US,D,20241010,000000,32.5,32.7599,32.5,32.66,127029,0
EWJV.US,D,20241011,000000,32.56,32.8,32.56,32.75,23777,0
EWJV.US,D,20241014,000000,32.64,32.765,32.64,32.76,11109,0
EWJV.US,D,20241015,000000,32.48,32.48,32.07,32.08,158585,0
EWJV.US,D,20241016,000000,32.34,32.46,32.2785,32.46,13671,0
EWJV.US,D,20241017,000000,32.48,32.5,32.3,32.35,43838,0
EWJV.US,D,20241018,000000,32.5,32.52,32.33,32.43,168637,0
EWJV.US,D,20241021,000000,32.13,32.13,31.82,31.86,15456,0
EWJV.US,D,20241022,000000,31.61,31.66,31.44,31.5,102971,0
EWJV.US,D,20241023,000000,30.94,31,30.8301,30.95,74121,0
EWJV.US,D,20241024,000000,31.03,31.11,30.971,31.06,9385,0
EWJV.US,D,20241025,000000,31.2,31.27,30.98,31.07,18596,0
EWJV.US,D,20241028,000000,31.16,31.33,31.1401,31.24,28208,0
EWJV.US,D,20241029,000000,31.53,31.61,31.21,31.51,197060,0
EWJV.US,D,20241030,000000,31.71,31.7781,31.57,31.67,32193,0
EWJV.US,D,20241031,000000,31.54,31.63,31.3,31.54,28500,0
EWJV.US,D,20241101,000000,31.59,31.84,31.58,31.675,180638,0
EWJV.US,D,20241104,000000,31.69,31.94,31.69,31.76,20119,0
