<TICKER>,<PER>,<DATE>,<TIME>,<OPEN>,<HIGH>,<LOW>,<CLOSE>,<VOL>,<OPENINT>
FDNI.US,D,20181108,000000,19.392,19.392,18.997,18.997,4879,0
FDNI.US,D,20181109,000000,18.32,18.341,18.234,18.234,848,0
FDNI.US,D,20181112,000000,18.303,18.303,17.733,17.733,2489,0
FDNI.US,D,20181113,000000,18.109,18.109,17.974,18.102,917,0
FDNI.US,D,20181114,000000,18.273,18.37,18.193,18.351,8363,0
FDNI.US,D,20181115,000000,18.733,18.735,18.485,18.733,1361,0
FDNI.US,D,20181116,000000,18.649,18.649,18.636,18.649,699,0
FDNI.US,D,20181119,000000,18.176,18.176,18.176,18.176,310,0
FDNI.US,D,20181120,000000,17.743,17.743,17.743,17.743,259,0
FDNI.US,D,20181121,000000,18.128,18.234,18.128,18.148,2470,0
FDNI.US,D,20181123,000000,18.071,18.148,18.071,18.109,2866,0
FDNI.US,D,20181126,000000,18.591,18.717,18.591,18.717,2751,0
FDNI.US,D,20181127,000000,18.675,18.675,18.675,18.675,133,0
FDNI.US,D,20181128,000000,19.073,19.073,19.073,19.073,310,0
FDNI.US,D,20181129,000000,19.046,19.109,19.046,19.109,467,0
FDNI.US,D,20181130,000000,19.112,19.112,19.112,19.112,114,0
FDNI.US,D,20181203,000000,19.698,19.698,19.634,19.634,2525,0
FDNI.US,D,20181204,000000,19.414,19.414,18.968,18.968,2804,0
FDNI.US,D,20181206,000000,18.447,18.486,18.359,18.486,5726,0
FDNI.US,D,20181207,000000,18.919,18.919,18.455,18.455,414,0
FDNI.US,D,20181210,000000,18.38,18.399,18.338,18.389,1719,0
FDNI.US,D,20181211,000000,18.341,18.591,18.341,18.591,14800,0
FDNI.US,D,20181212,000000,19.083,19.083,18.938,19.083,778,0
FDNI.US,D,20181213,000000,18.814,18.814,18.814,18.814,103,0
FDNI.US,D,20181214,000000,18.659,18.659,18.47,18.475,2592,0
FDNI.US,D,20181217,000000,18.148,18.148,17.935,17.939,1848,0
FDNI.US,D,20181221,000000,17.926,17.926,17.098,17.098,2774,0
FDNI.US,D,20181224,000000,17.283,17.283,17.283,17.283,1037,0
FDNI.US,D,20181226,000000,17.289,17.289,17.289,17.289,142,0
FDNI.US,D,20181227,000000,17.646,17.646,17.646,17.646,316,0
FDNI.US,D,20181231,000000,18.022,18.022,17.704,17.704,3215,0
FDNI.US,D,20190102,000000,17.733,17.757,17.705,17.705,12085,0
FDNI.US,D,20190103,000000,17.289,17.289,17.212,17.212,423,0
FDNI.US,D,20190104,000000,18.041,18.157,18.041,18.157,727,0
FDNI.US,D,20190107,000000,18.533,18.533,18.475,18.524,2278,0
FDNI.US,D,20190108,000000,18.455,18.455,18.455,18.455,181,0
FDNI.US,D,20190109,000000,19.071,19.334,19.071,19.334,509,0
FDNI.US,D,20190110,000000,19.073,19.073,18.968,18.968,1356,0
FDNI.US,D,20190111,000000,18.871,18.91,18.871,18.91,591,0
FDNI.US,D,20190114,000000,18.775,18.775,18.552,18.552,748,0
FDNI.US,D,20190116,000000,19.06,19.06,19.06,19.06,114,0
FDNI.US,D,20190118,000000,19.601,19.61,19.572,19.575,3444,0
FDNI.US,D,20190122,000000,18.959,18.959,18.959,18.959,208,0
FDNI.US,D,20190123,000000,18.959,18.959,18.897,18.918,2445,0
FDNI.US,D,20190124,000000,18.998,18.998,18.998,18.998,259,0
FDNI.US,D,20190125,000000,19.566,19.566,19.566,19.566,246,0
FDNI.US,D,20190129,000000,19.335,19.335,19.335,19.335,449,0
FDNI.US,D,20190130,000000,19.562,19.665,19.562,19.665,726,0
FDNI.US,D,20190131,000000,19.892,19.916,19.85,19.916,1766,0
FDNI.US,D,20190205,000000,20.044,20.044,20.044,20.044,213,0
FDNI.US,D,20190206,000000,20.057,20.057,20.057,20.057,522,0
FDNI.US,D,20190207,000000,19.864,19.864,19.537,19.537,348,0
FDNI.US,D,20190211,000000,19.738,19.738,19.738,19.738,911,0
FDNI.US,D,20190213,000000,19.963,19.963,19.96,19.96,1332,0
FDNI.US,D,20190215,000000,19.644,19.772,19.644,19.687,1911,0
FDNI.US,D,20190220,000000,20.056,20.056,19.936,19.95,995,0
FDNI.US,D,20190221,000000,19.757,19.757,19.757,19.757,166,0
FDNI.US,D,20190222,000000,19.922,19.98,19.748,19.958,9249,0
FDNI.US,D,20190226,000000,20.256,20.256,20.256,20.256,484,0
FDNI.US,D,20190227,000000,20.374,20.517,20.374,20.517,1233,0
FDNI.US,D,20190228,000000,20.384,20.548,20.384,20.548,1102,0
FDNI.US,D,20190305,000000,20.906,21.204,20.906,21.134,1328,0
FDNI.US,D,20190306,000000,21.109,21.109,21.109,21.109,288,0
FDNI.US,D,20190307,000000,20.974,20.974,20.856,20.856,664,0
FDNI.US,D,20190308,000000,20.317,20.317,20.317,20.317,209,0
FDNI.US,D,20190313,000000,20.974,20.974,20.963,20.963,409,0
FDNI.US,D,20190314,000000,20.905,20.905,20.905,20.905,477,0
FDNI.US,D,20190315,000000,21.069,21.069,21.059,21.059,2923,0
FDNI.US,D,20190318,000000,21.281,21.281,21.224,21.266,969,0
FDNI.US,D,20190319,000000,21.252,21.301,21.252,21.301,706,0
FDNI.US,D,20190320,000000,21.154,21.306,21.12,21.306,3591,0
FDNI.US,D,20190321,000000,21.198,21.334,21.198,21.334,1163,0
FDNI.US,D,20190322,000000,21.031,21.059,21.021,21.059,760,0
FDNI.US,D,20190325,000000,20.945,20.945,20.918,20.918,3759,0
FDNI.US,D,20190326,000000,21.21,21.21,21.069,21.113,3121,0
FDNI.US,D,20190327,000000,21.137,21.137,20.974,20.974,831,0
FDNI.US,D,20190329,000000,21.4,21.4,21.34,21.34,461,0
FDNI.US,D,20190401,000000,21.73,21.801,21.716,21.801,1436,0
FDNI.US,D,20190402,000000,22.063,22.063,21.697,21.711,1335,0
FDNI.US,D,20190403,000000,22.005,22.015,21.998,21.998,1217,0
FDNI.US,D,20190404,000000,22.169,22.169,21.918,21.918,3489,0
FDNI.US,D,20190405,000000,22.256,22.313,22.058,22.227,6099,0
FDNI.US,D,20190408,000000,22.227,22.319,22.103,22.178,2985,0
FDNI.US,D,20190409,000000,22.409,22.409,22.227,22.227,759,0
FDNI.US,D,20190410,000000,22.178,22.33,22.178,22.203,3371,0
FDNI.US,D,20190411,000000,22.152,22.152,22.068,22.068,728,0
FDNI.US,D,20190412,000000,22.564,22.564,22.351,22.422,6437,0
FDNI.US,D,20190415,000000,22.429,22.429,22.082,22.135,8654,0
FDNI.US,D,20190416,000000,22.506,22.506,22.237,22.237,2420,0
FDNI.US,D,20190417,000000,22.544,22.544,22.305,22.414,3195,0
FDNI.US,D,20190418,000000,22.12,22.12,22.023,22.12,4894,0
FDNI.US,D,20190422,000000,21.937,22.683,21.937,22.683,13874,0
FDNI.US,D,20190423,000000,22.399,22.399,22.16,22.322,3010,0
FDNI.US,D,20190424,000000,22.603,22.603,22.12,22.12,2740,0
FDNI.US,D,20190425,000000,21.884,22.023,21.874,22.018,2318,0
FDNI.US,D,20190426,000000,22.119,22.119,22.119,22.119,376,0
FDNI.US,D,20190429,000000,22.17,22.294,22.17,22.284,3076,0
FDNI.US,D,20190430,000000,22.213,22.346,22.213,22.332,2084,0
FDNI.US,D,20190501,000000,22.467,22.474,22.467,22.472,7187,0
FDNI.US,D,20190502,000000,22.377,22.399,22.294,22.294,4105,0
FDNI.US,D,20190503,000000,22.816,22.816,22.815,22.815,735,0
FDNI.US,D,20190506,000000,22.14,22.149,22.101,22.149,2971,0
FDNI.US,D,20190507,000000,22.439,22.439,22.101,22.101,2305,0
FDNI.US,D,20190508,000000,22.275,22.275,21.655,21.946,83504,0
FDNI.US,D,20190509,000000,21.195,21.349,21.195,21.349,4310,0
FDNI.US,D,20190510,000000,21.677,21.797,21.677,21.797,875,0
FDNI.US,D,20190513,000000,21.214,21.311,21.05,21.311,2487,0
FDNI.US,D,20190514,000000,21.21,21.59,21.21,21.59,1743,0
FDNI.US,D,20190515,000000,21.463,21.779,21.463,21.711,2158,0
FDNI.US,D,20190516,000000,21.764,21.821,21.764,21.821,651,0
FDNI.US,D,20190517,000000,21.572,23.152,20.983,21.108,5137,0
FDNI.US,D,20190520,000000,20.356,20.47,20.356,20.47,3232,0
FDNI.US,D,20190521,000000,20.683,20.703,20.661,20.703,921,0
FDNI.US,D,20190522,000000,20.636,20.636,20.599,20.599,363,0
FDNI.US,D,20190523,000000,20.461,20.461,20.057,20.057,3928,0
FDNI.US,D,20190524,000000,20.299,20.299,20.134,20.134,471,0
FDNI.US,D,20190528,000000,20.185,20.185,20.185,20.185,545,0
FDNI.US,D,20190529,000000,19.527,19.835,19.063,19.835,1314,0
FDNI.US,D,20190530,000000,19.936,20.002,19.883,19.883,623,0
FDNI.US,D,20190531,000000,20.067,20.067,20.067,20.067,487,0
FDNI.US,D,20190607,000000,20.36,20.36,20.337,20.337,727,0
FDNI.US,D,20190610,000000,20.808,20.808,20.808,20.808,3111,0
FDNI.US,D,20190611,000000,20.958,21.041,20.958,21.041,672,0
FDNI.US,D,20190612,000000,20.752,20.752,20.684,20.742,633,0
FDNI.US,D,20190614,000000,20.372,20.5,20.355,20.5,889,0
FDNI.US,D,20190617,000000,20.442,20.442,20.442,20.442,695,0
FDNI.US,D,20190618,000000,20.973,20.973,20.79,20.79,86663,0
FDNI.US,D,20190619,000000,20.925,20.925,20.925,20.925,224,0
FDNI.US,D,20190620,000000,21.146,21.513,21.137,21.214,12858,0
FDNI.US,D,20190621,000000,21.466,21.466,21.214,21.214,477,0
FDNI.US,D,20190624,000000,21.146,21.146,21.022,21.022,828,0
FDNI.US,D,20190625,000000,21.021,21.021,20.568,20.607,3660,0
FDNI.US,D,20190627,000000,21.03,21.03,21.03,21.03,130,0
FDNI.US,D,20190628,000000,21.079,21.1,21.079,21.1,1296,0
FDNI.US,D,20190701,000000,21.533,21.533,21.533,21.533,286,0
FDNI.US,D,20190702,000000,21.426,21.533,21.321,21.464,8951,0
FDNI.US,D,20190703,000000,21.35,21.499,21.35,21.499,1677,0
FDNI.US,D,20190705,000000,21.408,21.417,21.408,21.417,1109,0
FDNI.US,D,20190709,000000,21.031,21.031,21.031,21.031,2314,0
FDNI.US,D,20190710,000000,21.224,21.224,21.224,21.224,571,0
FDNI.US,D,20190711,000000,21.233,21.233,21.233,21.233,471,0
FDNI.US,D,20190712,000000,21.002,21.002,21.002,21.002,428,0
FDNI.US,D,20190715,000000,21.186,21.234,21.186,21.234,407,0
FDNI.US,D,20190717,000000,21.311,21.33,21.278,21.278,630,0
FDNI.US,D,20190719,000000,21.34,21.416,21.34,21.416,235,0
FDNI.US,D,20190722,000000,21.351,21.351,21.234,21.285,1451,0
FDNI.US,D,20190723,000000,21.418,21.426,21.418,21.418,1781,0
FDNI.US,D,20190725,000000,21.539,21.539,20.413,20.413,243,0
FDNI.US,D,20190726,000000,21.722,21.764,21.677,21.711,64972,0
FDNI.US,D,20190729,000000,22.333,22.333,21.558,21.572,9621,0
FDNI.US,D,20190731,000000,21.333,21.333,21.333,21.333,352,0
FDNI.US,D,20190801,000000,20.992,21.281,20.992,21.108,1713,0
FDNI.US,D,20190802,000000,20.872,20.91,20.867,20.867,1629,0
FDNI.US,D,20190805,000000,20.867,20.867,20.867,20.867,3099,0
FDNI.US,D,20190806,000000,20.24,20.24,20.05,20.05,336,0
FDNI.US,D,20190808,000000,20.491,20.742,20.491,20.732,3273,0
FDNI.US,D,20190809,000000,20.645,20.674,20.403,20.558,2146,0
FDNI.US,D,20190813,000000,20.732,20.742,20.732,20.742,1378,0
FDNI.US,D,20190814,000000,20.153,20.212,20.153,20.163,2170,0
FDNI.US,D,20190815,000000,20.24,20.24,19.883,19.883,1414,0
FDNI.US,D,20190819,000000,20.978,20.983,20.978,20.983,666,0
FDNI.US,D,20190820,000000,21.118,21.181,20.95,21.181,2476,0
FDNI.US,D,20190822,000000,21.081,21.081,21.081,21.081,251,0
FDNI.US,D,20190823,000000,20.721,20.721,20.721,20.721,258,0
FDNI.US,D,20190826,000000,20.761,21.019,20.761,21.019,417,0
FDNI.US,D,20190827,000000,20.915,20.915,20.915,20.915,581,0
FDNI.US,D,20190829,000000,21.311,21.311,21.311,21.311,191,0
FDNI.US,D,20190910,000000,21.301,21.301,21.291,21.291,946,0
FDNI.US,D,20190911,000000,21.456,21.657,21.456,21.648,13765,0
FDNI.US,D,20190916,000000,21.687,21.687,21.601,21.601,731,0
FDNI.US,D,20190918,000000,21.591,21.591,21.591,21.591,103,0
FDNI.US,D,20190924,000000,20.887,20.887,20.887,20.887,119,0
FDNI.US,D,20190925,000000,21.211,21.211,20.805,20.805,620,0
FDNI.US,D,20190926,000000,21.014,21.014,21.014,21.014,101,0
FDNI.US,D,20190927,000000,20.996,20.996,20.393,20.393,766,0
FDNI.US,D,20190930,000000,20.715,20.715,20.715,20.715,166,0
FDNI.US,D,20191001,000000,20.648,20.648,20.472,20.472,299,0
FDNI.US,D,20191002,000000,20.403,20.403,20.403,20.403,595,0
FDNI.US,D,20191007,000000,20.689,20.847,20.689,20.758,5808,0
FDNI.US,D,20191008,000000,20.672,20.672,20.374,20.374,867,0
FDNI.US,D,20191009,000000,20.374,20.374,20.374,20.374,144,0
FDNI.US,D,20191010,000000,20.818,20.924,20.818,20.924,1118,0
FDNI.US,D,20191011,000000,21.328,21.328,21.168,21.168,2895,0
FDNI.US,D,20191015,000000,21.478,21.538,21.448,21.448,2558,0
FDNI.US,D,20191017,000000,21.557,21.582,21.557,21.582,1165,0
FDNI.US,D,20191022,000000,21.389,21.389,21.389,21.389,308,0
FDNI.US,D,20191023,000000,20.541,20.848,20.541,20.793,2653,0
FDNI.US,D,20191025,000000,21.015,21.159,21.015,21.159,732,0
FDNI.US,D,20191028,000000,21.483,21.483,21.483,21.483,139,0
FDNI.US,D,20191029,000000,21.379,21.379,21.259,21.259,429,0
FDNI.US,D,20191030,000000,21.218,21.218,21.218,21.218,101,0
FDNI.US,D,20191104,000000,22.079,22.079,21.923,21.923,415,0
FDNI.US,D,20191105,000000,21.852,21.852,21.852,21.852,658,0
FDNI.US,D,20191107,000000,22.06,22.06,22.06,22.06,629,0
FDNI.US,D,20191108,000000,22.158,22.158,22.158,22.158,243,0
FDNI.US,D,20191115,000000,22,22,22,22,180,0
FDNI.US,D,20191121,000000,22.256,22.256,22.256,22.256,1031,0
FDNI.US,D,20191122,000000,22.571,22.571,22.571,22.571,357,0
FDNI.US,D,20191125,000000,22.611,22.611,22.463,22.48,919,0
FDNI.US,D,20191127,000000,22.762,22.769,22.762,22.769,111,0
FDNI.US,D,20191129,000000,22.66,22.66,22.66,22.66,1024,0
FDNI.US,D,20191202,000000,22.994,22.994,22.276,22.396,1329,0
FDNI.US,D,20191204,000000,22.534,22.534,22.49,22.51,593,0
FDNI.US,D,20191205,000000,22.571,22.625,22.522,22.6,7949,0
FDNI.US,D,20191206,000000,22.857,22.857,22.823,22.823,268,0
FDNI.US,D,20191209,000000,22.817,22.817,22.63,22.63,1770,0
FDNI.US,D,20191210,000000,23.024,23.024,22.535,22.535,3268,0
FDNI.US,D,20191211,000000,22.722,22.791,22.722,22.791,508,0
FDNI.US,D,20191212,000000,23.083,23.083,22.788,22.925,5449,0
FDNI.US,D,20191213,000000,23.034,23.504,23.034,23.196,15525,0
FDNI.US,D,20191216,000000,23.616,23.638,23.616,23.638,226,0
FDNI.US,D,20191217,000000,23.863,23.863,23.803,23.803,1078,0
FDNI.US,D,20191218,000000,23.967,24.023,23.923,23.928,3567,0
FDNI.US,D,20191219,000000,24.053,24.153,23.953,24.048,4616,0
FDNI.US,D,20191220,000000,24.542,24.542,24.184,24.184,5156,0
FDNI.US,D,20191223,000000,24.632,24.632,24.337,24.432,4951,0
FDNI.US,D,20191224,000000,24.412,24.512,24.412,24.483,1761,0
FDNI.US,D,20191226,000000,24.508,24.66,24.452,24.452,6070,0
FDNI.US,D,20191227,000000,24.837,24.837,24.522,24.747,5767,0
FDNI.US,D,20191230,000000,24.722,24.772,24.412,24.482,9889,0
FDNI.US,D,20191231,000000,24.442,24.501,24.402,24.501,3285,0
FDNI.US,D,20200102,000000,25.021,25.261,25.001,25.151,8918,0
FDNI.US,D,20200103,000000,25.301,25.301,24.911,24.911,6088,0
FDNI.US,D,20200106,000000,25.151,25.151,24.9,24.971,1875,0
FDNI.US,D,20200107,000000,25.56,25.56,25.181,25.251,12011,0
FDNI.US,D,20200108,000000,25.251,25.549,25.251,25.318,4419,0
FDNI.US,D,20200109,000000,25.56,25.67,25.411,25.55,17682,0
FDNI.US,D,20200110,000000,25.72,25.93,25.72,25.798,3605,0
FDNI.US,D,20200113,000000,26.509,26.509,26.03,26.244,8107,0
FDNI.US,D,20200114,000000,26.419,26.419,25.89,26.036,965,0
FDNI.US,D,20200115,000000,26.112,26.169,26,26.062,6776,0
FDNI.US,D,20200116,000000,26.749,26.749,26.056,26.117,9776,0
FDNI.US,D,20200117,000000,26.279,26.279,26.132,26.187,5141,0
FDNI.US,D,20200121,000000,25.92,25.92,25.71,25.72,60103,0
FDNI.US,D,20200122,000000,26.279,26.279,25.77,25.834,2996,0
FDNI.US,D,20200123,000000,25.66,25.66,25.072,25.539,6766,0
FDNI.US,D,20200124,000000,25.431,25.666,25.231,25.436,5440,0
FDNI.US,D,20200127,000000,24.452,24.832,24.362,24.657,42109,0
FDNI.US,D,20200128,000000,24.891,24.936,24.891,24.911,530,0
FDNI.US,D,20200129,000000,25.291,25.391,25.291,25.292,4271,0
FDNI.US,D,20200130,000000,25.051,25.16,24.762,25.16,3091,0
FDNI.US,D,20200131,000000,24.914,24.914,24.622,24.73,3927,0
FDNI.US,D,20200204,000000,25.947,25.955,25.843,25.843,1939,0
FDNI.US,D,20200205,000000,26.179,26.179,25.611,25.709,6669,0
FDNI.US,D,20200206,000000,26.279,26.279,25.88,25.98,8246,0
FDNI.US,D,20200207,000000,25.654,25.654,25.55,25.627,1061,0
FDNI.US,D,20200210,000000,25.61,25.61,25.607,25.607,277,0
FDNI.US,D,20200211,000000,26.04,26.125,26.04,26.125,2964,0
FDNI.US,D,20200212,000000,26.512,26.699,26.459,26.643,3566,0
FDNI.US,D,20200213,000000,26.487,26.559,26.419,26.419,1176,0
FDNI.US,D,20200214,000000,26.928,26.928,26.351,26.351,2051,0
FDNI.US,D,20200218,000000,26.769,26.769,26.769,26.769,346,0
FDNI.US,D,20200219,000000,26.13,26.579,26.13,26.504,8188,0
FDNI.US,D,20200220,000000,26.749,26.749,26.009,26.125,1987,0
FDNI.US,D,20200221,000000,26.549,26.549,25.86,26.01,2441,0
FDNI.US,D,20200224,000000,25.121,25.14,23.713,25.042,5216,0
FDNI.US,D,20200225,000000,25.221,25.251,24.797,24.979,4368,0
FDNI.US,D,20200226,000000,25.041,25.081,24.921,24.997,2904,0
FDNI.US,D,20200227,000000,24.263,24.477,24.252,24.477,2849,0
FDNI.US,D,20200228,000000,24.034,24.034,23.767,24.027,1894,0
FDNI.US,D,20200302,000000,24.662,24.675,24.066,24.675,3400,0
FDNI.US,D,20200303,000000,24.999,25.031,24.457,24.654,3538,0
FDNI.US,D,20200304,000000,24.866,25.131,24.762,25.111,4439,0
FDNI.US,D,20200305,000000,25.111,25.403,25.031,25.293,2127,0
FDNI.US,D,20200306,000000,24.911,24.911,24.352,24.402,4809,0
FDNI.US,D,20200309,000000,23.683,23.683,22.984,23.111,2281,0
FDNI.US,D,20200310,000000,23.511,23.944,23.511,23.798,3581,0
FDNI.US,D,20200311,000000,23.534,23.534,22.865,22.964,5184,0
FDNI.US,D,20200312,000000,21.357,21.535,21.347,21.481,2042,0
FDNI.US,D,20200313,000000,22.186,22.186,21.199,21.658,5472,0
FDNI.US,D,20200316,000000,20.059,20.064,19.46,20.014,1008,0
FDNI.US,D,20200317,000000,20.334,20.398,20.217,20.398,615,0
FDNI.US,D,20200318,000000,19.35,19.35,19.252,19.252,288,0
FDNI.US,D,20200319,000000,20.02,20.458,19.52,19.639,2339,0
FDNI.US,D,20200320,000000,20.468,20.468,20.059,20.193,575,0
FDNI.US,D,20200323,000000,20.129,20.139,19.61,20.017,2183,0
FDNI.US,D,20200324,000000,20.978,21.736,20.978,21.577,2660,0
FDNI.US,D,20200325,000000,22.176,22.675,22.096,22.52,9032,0
FDNI.US,D,20200326,000000,22.715,23.064,22.687,22.984,3929,0
FDNI.US,D,20200327,000000,22.226,22.321,22.046,22.321,1762,0
FDNI.US,D,20200330,000000,22.275,22.505,22.186,22.405,3409,0
FDNI.US,D,20200331,000000,22.745,22.826,22.665,22.75,2290,0
FDNI.US,D,20200401,000000,22.736,22.736,21.886,22.015,2222,0
FDNI.US,D,20200402,000000,22.136,22.226,21.886,21.947,759,0
FDNI.US,D,20200403,000000,21.862,21.862,21.447,21.695,2417,0
FDNI.US,D,20200406,000000,22.465,22.695,22.465,22.615,1460,0
FDNI.US,D,20200407,000000,23.104,23.124,22.845,22.928,1205,0
FDNI.US,D,20200408,000000,23.164,23.164,22.81,22.993,990,0
FDNI.US,D,20200413,000000,23.444,23.448,23.194,23.448,1609,0
FDNI.US,D,20200414,000000,24.222,24.392,23.773,24.087,2130,0
FDNI.US,D,20200415,000000,23.993,24.252,23.663,24.023,3692,0
FDNI.US,D,20200416,000000,25.101,25.101,24.627,24.661,1385,0
FDNI.US,D,20200417,000000,25.141,25.141,24.892,25.001,6590,0
FDNI.US,D,20200420,000000,25.74,25.74,25.281,25.665,7250,0
FDNI.US,D,20200421,000000,25.361,25.361,23.836,24.694,10141,0
FDNI.US,D,20200422,000000,25.251,25.341,25.251,25.341,4734,0
FDNI.US,D,20200423,000000,25.86,25.86,25.131,25.197,2111,0
FDNI.US,D,20200424,000000,25.86,25.86,25.231,25.241,1495,0
FDNI.US,D,20200427,000000,26.04,26.04,25.53,25.638,3595,0
FDNI.US,D,20200428,000000,25.481,25.71,25.481,25.639,37730,0
FDNI.US,D,20200429,000000,25.96,26.269,25.96,26.015,1003,0
FDNI.US,D,20200430,000000,26.15,26.15,25.471,25.71,7470,0
FDNI.US,D,20200501,000000,25.201,25.24,24.752,24.994,6412,0
FDNI.US,D,20200504,000000,24.382,25.091,24.382,25.081,3255,0
FDNI.US,D,20200505,000000,25.181,25.83,25.181,25.516,4707,0
FDNI.US,D,20200506,000000,25.8,26.214,25.8,26.2,806,0
FDNI.US,D,20200507,000000,26.878,26.878,26.449,26.527,654,0
FDNI.US,D,20200508,000000,27.148,27.228,27.063,27.108,2218,0
FDNI.US,D,20200511,000000,27.497,27.577,27.447,27.534,1342,0
FDNI.US,D,20200512,000000,27.937,27.957,27.667,27.667,6332,0
FDNI.US,D,20200513,000000,27.927,28.286,27.712,27.915,14322,0
FDNI.US,D,20200514,000000,28.007,28.126,27.272,27.95,9899,0
FDNI.US,D,20200515,000000,28.067,28.196,27.7,28.032,5835,0
FDNI.US,D,20200518,000000,29.115,29.115,28.561,29.029,5939,0
FDNI.US,D,20200519,000000,29.365,29.372,28.865,29.075,14749,0
FDNI.US,D,20200520,000000,29.654,29.904,29.414,29.655,15324,0
FDNI.US,D,20200521,000000,30.073,30.073,29.282,29.508,5002,0
FDNI.US,D,20200522,000000,29.504,29.504,28.815,29.157,7219,0
FDNI.US,D,20200526,000000,29.994,30.061,29.612,29.612,11898,0
FDNI.US,D,20200527,000000,29.644,29.644,28.456,29.008,8510,0
FDNI.US,D,20200528,000000,29.474,29.474,28.953,28.953,3300,0
FDNI.US,D,20200529,000000,29.24,29.644,29.225,29.552,1829,0
FDNI.US,D,20200601,000000,30.083,31.521,29.854,31.521,7916,0
FDNI.US,D,20200602,000000,30.962,30.962,30.173,30.566,31245,0
FDNI.US,D,20200603,000000,31.132,31.132,30.553,30.958,15058,0
FDNI.US,D,20200604,000000,31.182,31.182,30.603,30.705,8119,0
FDNI.US,D,20200605,000000,30.852,30.992,30.812,30.945,6110,0
FDNI.US,D,20200608,000000,30.153,30.942,30.153,30.726,13384,0
FDNI.US,D,20200609,000000,30.523,30.857,30.523,30.822,5664,0
FDNI.US,D,20200610,000000,30.862,31.596,30.862,31.566,3436,0
FDNI.US,D,20200611,000000,31.511,31.511,30.503,30.805,16313,0
FDNI.US,D,20200612,000000,31.132,31.312,30.649,31.043,10836,0
FDNI.US,D,20200615,000000,30.323,31.406,30.323,31.212,7440,0
FDNI.US,D,20200616,000000,32.01,34.027,31.731,34.027,13491,0
FDNI.US,D,20200617,000000,32.669,32.669,32.26,32.46,20482,0
FDNI.US,D,20200618,000000,32.839,32.939,32.581,32.819,10151,0
FDNI.US,D,20200619,000000,33.738,33.738,32.725,32.855,11511,0
FDNI.US,D,20200622,000000,33.828,33.828,33.195,33.427,11883,0
FDNI.US,D,20200623,000000,34.207,34.407,34.108,34.147,20231,0
FDNI.US,D,20200624,000000,34.137,34.167,33.368,33.743,20850,0
FDNI.US,D,20200625,000000,33.578,33.864,33.451,33.864,7233,0
FDNI.US,D,20200626,000000,34.187,34.187,33.371,33.563,11672,0
FDNI.US,D,20200629,000000,33.462,33.728,32.939,33.506,27490,0
FDNI.US,D,20200630,000000,33.689,34.187,33.607,33.813,11053,0
FDNI.US,D,20200701,000000,34.087,35.555,33.748,34.175,15741,0
FDNI.US,D,20200702,000000,35.635,35.636,35.084,35.386,30101,0
FDNI.US,D,20200706,000000,36.234,37.252,35.914,35.914,45933,0
FDNI.US,D,20200707,000000,36.254,36.313,35.668,35.705,73769,0
FDNI.US,D,20200708,000000,37.113,37.113,36.464,37.062,28646,0
FDNI.US,D,20200709,000000,37.971,37.976,37.292,37.674,69655,0
FDNI.US,D,20200710,000000,38.121,38.121,37.192,37.752,36723,0
FDNI.US,D,20200713,000000,37.861,37.941,36.194,36.209,42213,0
FDNI.US,D,20200714,000000,36.324,36.324,34.726,35.935,29096,0
FDNI.US,D,20200715,000000,36.893,36.893,35.944,36.359,14674,0
FDNI.US,D,20200716,000000,35.765,35.765,34.858,35.235,15778,0
FDNI.US,D,20200717,000000,35.335,35.55,35.235,35.365,12910,0
FDNI.US,D,20200720,000000,35.745,36.933,35.595,36.284,24372,0
FDNI.US,D,20200721,000000,37.712,37.712,36.898,37.128,34294,0
FDNI.US,D,20200722,000000,37.132,37.132,36.024,36.445,20758,0
FDNI.US,D,20200723,000000,36.923,36.993,35.725,36.214,90744,0
FDNI.US,D,20200724,000000,34.956,35.515,34.702,35.238,17788,0
FDNI.US,D,20200727,000000,35.47,36.114,35.236,36.074,13888,0
FDNI.US,D,20200728,000000,36.893,36.893,35.924,35.958,14590,0
FDNI.US,D,20200729,000000,37.272,37.272,36.508,37.023,38284,0
FDNI.US,D,20200730,000000,36.793,36.793,36.055,36.495,18308,0
FDNI.US,D,20200731,000000,36.586,36.723,36.264,36.57,15417,0
FDNI.US,D,20200803,000000,37.622,37.762,37.237,37.752,70928,0
FDNI.US,D,20200804,000000,37.762,38.321,37.612,38.321,19662,0
FDNI.US,D,20200805,000000,38.58,38.82,38.384,38.78,25747,0
FDNI.US,D,20200806,000000,39.03,42.844,38.141,38.75,24374,0
FDNI.US,D,20200807,000000,37.532,37.893,37.183,37.417,24777,0
FDNI.US,D,20200810,000000,37.182,37.275,36.344,36.913,57175,0
FDNI.US,D,20200811,000000,37.602,37.602,36.344,36.344,22565,0
FDNI.US,D,20200812,000000,37.362,37.552,36.923,37.283,16317,0
FDNI.US,D,20200813,000000,37.642,37.642,36.753,37.043,19021,0
FDNI.US,D,20200814,000000,36.634,37.043,36.598,36.864,5577,0
FDNI.US,D,20200817,000000,37.252,37.762,37.028,37.762,6921,0
FDNI.US,D,20200818,000000,37.821,38.44,37.542,38.201,38009,0
FDNI.US,D,20200819,000000,38.401,38.48,37.931,38.171,14068,0
FDNI.US,D,20200820,000000,38.301,38.5,37.627,38.48,27579,0
FDNI.US,D,20200821,000000,38.66,38.82,38.181,38.82,24950,0
FDNI.US,D,20200824,000000,39.309,39.689,39.204,39.689,32040,0
FDNI.US,D,20200825,000000,40.118,40.293,39.439,40.282,93782,0
FDNI.US,D,20200826,000000,40.867,41.235,40.44,40.907,36221,0
FDNI.US,D,20200827,000000,41.536,41.536,40.439,40.712,23289,0
FDNI.US,D,20200828,000000,41.046,41.046,40.414,40.539,29592,0
FDNI.US,D,20200831,000000,40.068,40.198,39.898,40.022,77004,0
FDNI.US,D,20200901,000000,40.537,41.176,40.436,41.074,54906,0
FDNI.US,D,20200902,000000,41.855,41.855,40.649,41.059,34509,0
FDNI.US,D,20200903,000000,40.467,40.467,38.94,39.201,37489,0
FDNI.US,D,20200904,000000,38.44,39.013,37.564,38.89,23538,0
FDNI.US,D,20200908,000000,37.632,37.632,36.953,37.177,16345,0
FDNI.US,D,20200909,000000,37.941,37.941,37.347,37.723,21585,0
FDNI.US,D,20200910,000000,38.44,38.44,37.203,37.203,32524,0
FDNI.US,D,20200911,000000,37.961,37.961,37.21,37.47,10920,0
FDNI.US,D,20200914,000000,38.52,38.52,37.682,38.053,12521,0
FDNI.US,D,20200915,000000,38.7,38.7,38.391,38.432,10893,0
FDNI.US,D,20200916,000000,38.67,38.8,38.391,38.47,35985,0
FDNI.US,D,20200917,000000,37.941,38.091,37.692,37.98,12877,0
FDNI.US,D,20200918,000000,38.361,38.361,37.737,38.066,10077,0
FDNI.US,D,20200921,000000,37.702,37.921,37.132,37.881,24283,0
FDNI.US,D,20200922,000000,38.361,38.361,37.609,38.341,6160,0
FDNI.US,D,20200923,000000,38.401,38.65,38.031,38.151,23921,0
FDNI.US,D,20200924,000000,37.526,38.037,37.442,37.73,13218,0
FDNI.US,D,20200925,000000,37.402,38.071,37.282,38.001,32885,0
FDNI.US,D,20200928,000000,38.52,38.52,38.211,38.429,74969,0
FDNI.US,D,20200929,000000,38.251,38.65,38.251,38.65,19245,0
FDNI.US,D,20200930,000000,38.918,39.569,38.83,39.569,16572,0
FDNI.US,D,20201001,000000,39.229,39.649,39.139,39.649,43094,0
FDNI.US,D,20201002,000000,39.339,39.439,38.927,39.131,23163,0
FDNI.US,D,20201005,000000,39.439,39.588,39.284,39.539,12156,0
FDNI.US,D,20201006,000000,39.748,40.023,39.549,39.649,20534,0
FDNI.US,D,20201007,000000,40.184,40.238,40.089,40.238,19814,0
FDNI.US,D,20201008,000000,40.517,40.517,40.158,40.36,8301,0
FDNI.US,D,20201009,000000,40.737,41.146,40.703,41.146,14188,0
FDNI.US,D,20201012,000000,41.616,41.784,41.317,41.636,18306,0
FDNI.US,D,20201013,000000,41.476,41.765,41.386,41.68,18202,0
FDNI.US,D,20201014,000000,41.366,41.885,41.336,41.336,19619,0
FDNI.US,D,20201015,000000,39.928,40.886,39.928,40.857,12255,0
FDNI.US,D,20201016,000000,41.106,41.436,41.106,41.115,10652,0
FDNI.US,D,20201019,000000,41.376,41.376,40.707,40.847,12271,0
FDNI.US,D,20201020,000000,41.225,41.396,41.106,41.146,12859,0
FDNI.US,D,20201021,000000,41.336,41.596,41.071,41.196,13201,0
FDNI.US,D,20201022,000000,41.136,41.226,40.587,40.781,18860,0
FDNI.US,D,20201023,000000,40.607,40.887,40.427,40.859,14964,0
FDNI.US,D,20201026,000000,40.138,40.657,40.008,40.507,12525,0
FDNI.US,D,20201027,000000,40.937,41.755,40.937,41.755,22507,0
FDNI.US,D,20201028,000000,41.646,41.646,40.858,41.136,16603,0
FDNI.US,D,20201029,000000,41.855,41.855,41.406,41.655,14527,0
FDNI.US,D,20201030,000000,41.026,41.101,40.437,40.591,29205,0
FDNI.US,D,20201102,000000,40.817,41.222,40.502,40.947,36016,0
FDNI.US,D,20201103,000000,41.306,41.306,40.328,40.737,27509,0
FDNI.US,D,20201104,000000,42.864,43.353,42.165,43.323,26838,0
FDNI.US,D,20201105,000000,44.801,44.801,43.662,44.291,55598,0
FDNI.US,D,20201106,000000,44.621,44.731,43.938,44.721,24543,0
FDNI.US,D,20201109,000000,45.5,45.5,43.021,43.203,75836,0
FDNI.US,D,20201110,000000,42.514,42.514,40.308,40.637,43172,0
FDNI.US,D,20201111,000000,39.938,41.296,39.878,41.266,38063,0
FDNI.US,D,20201112,000000,41.366,42.394,41.366,41.5,44680,0
FDNI.US,D,20201113,000000,42.155,42.662,42.055,42.502,50621,0
FDNI.US,D,20201116,000000,42.634,42.634,41.973,42.085,164774,0
FDNI.US,D,20201117,000000,42.145,42.145,41.541,41.597,22876,0
FDNI.US,D,20201118,000000,41.865,41.865,41.436,41.456,23331,0
FDNI.US,D,20201119,000000,41.306,41.945,41.276,41.892,57332,0
FDNI.US,D,20201120,000000,42.035,42.972,42.035,42.852,26465,0
FDNI.US,D,20201123,000000,42.983,43.123,42.464,42.744,24531,0
FDNI.US,D,20201124,000000,43.053,43.111,42.784,42.993,22681,0
FDNI.US,D,20201125,000000,42.734,42.834,42.584,42.798,21785,0
FDNI.US,D,20201127,000000,42.963,43.882,42.963,43.882,12881,0
FDNI.US,D,20201130,000000,44.002,44.002,42.859,43.083,22370,0
FDNI.US,D,20201201,000000,44.022,44.022,43.013,43.153,18253,0
FDNI.US,D,20201202,000000,42.943,43.233,42.404,43.083,35287,0
FDNI.US,D,20201203,000000,43.922,43.932,43.463,43.523,20266,0
FDNI.US,D,20201204,000000,43.632,43.842,43.612,43.699,14326,0
FDNI.US,D,20201207,000000,43.702,43.712,43.508,43.652,38782,0
FDNI.US,D,20201208,000000,43.892,44.142,43.892,44.082,27902,0
FDNI.US,D,20201209,000000,45,45,43.273,43.383,28289,0
FDNI.US,D,20201210,000000,44.885,44.885,43.333,44.082,19341,0
FDNI.US,D,20201211,000000,44.192,44.459,43.872,44.032,18247,0
FDNI.US,D,20201214,000000,44.771,45.34,43.682,43.772,25293,0
FDNI.US,D,20201215,000000,44.471,44.471,43.503,43.832,20573,0
FDNI.US,D,20201216,000000,44.431,44.851,44.241,44.831,26693,0
FDNI.US,D,20201217,000000,45.11,45.678,45.11,45.556,30560,0
FDNI.US,D,20201218,000000,45.579,45.579,45,45.187,28956,0
FDNI.US,D,20201221,000000,45.06,45.23,44.092,45.13,16711,0
FDNI.US,D,20201222,000000,45.27,45.32,44.762,45.14,44711,0
FDNI.US,D,20201223,000000,45.47,45.545,45.04,45.201,37740,0
FDNI.US,D,20201224,000000,44.41,44.53,44,44.36,34057,0
FDNI.US,D,20201228,000000,44.12,44.12,43.11,43.11,40780,0
FDNI.US,D,20201229,000000,43.74,44.6259,43.72,44.36,26062,0
FDNI.US,D,20201230,000000,44.57,45.65,44.57,45.57,42727,0
FDNI.US,D,20201231,000000,45.75,45.75,45.12,45.3909,23991,0
FDNI.US,D,20210104,000000,46.01,46.01,44.73,45.0444,17543,0
FDNI.US,D,20210105,000000,45.07,46.67,45.07,46.5947,55636,0
FDNI.US,D,20210106,000000,47.04,47.04,45.26,45.26,29745,0
FDNI.US,D,20210107,000000,45.62,45.76,45.207,45.6934,34868,0
FDNI.US,D,20210108,000000,46.73,47.7,46.305,47.5599,36865,0
FDNI.US,D,20210111,000000,46.4,46.85,46.38,46.39,22309,0
FDNI.US,D,20210112,000000,46.81,46.81,46.3101,46.51,28434,0
FDNI.US,D,20210113,000000,46.74,47.4099,46.46,46.89,22045,0
FDNI.US,D,20210114,000000,48.84,48.84,47.6521,47.7254,22169,0
FDNI.US,D,20210115,000000,47.64,47.64,46.86,47.03,23565,0
FDNI.US,D,20210119,000000,48.73,48.73,48.1967,48.62,152280,0
FDNI.US,D,20210120,000000,49.86,50.564,49.86,50.48,39359,0
FDNI.US,D,20210121,000000,51.31,51.31,50.3272,50.77,17422,0
FDNI.US,D,20210122,000000,50.67,50.99,50.5995,50.8643,203019,0
FDNI.US,D,20210125,000000,54.98,54.98,51.32,51.89,39178,0
FDNI.US,D,20210126,000000,51.95,51.95,50.75,50.855,61720,0
FDNI.US,D,20210127,000000,50,50,48.58,48.79,32947,0
FDNI.US,D,20210128,000000,48.51,49.7,48.51,49.5,49662,0
FDNI.US,D,20210129,000000,49.17,49.17,47.87,48.33,69525,0
FDNI.US,D,20210201,000000,49.43,50.44,49.43,50.44,28189,0
FDNI.US,D,20210202,000000,51.81,51.81,50.9,51.54,46102,0
FDNI.US,D,20210203,000000,52.64,52.64,51.6723,51.93,23886,0
FDNI.US,D,20210204,000000,52.54,52.54,51.725,52.1,28064,0
FDNI.US,D,20210205,000000,52.42,52.66,52.1425,52.66,30842,0
FDNI.US,D,20210208,000000,53.8,53.8,52.6972,52.95,47554,0
FDNI.US,D,20210209,000000,53,54.17,53,54.03,27716,0
FDNI.US,D,20210210,000000,55.21,55.47,54.345,54.99,24991,0
FDNI.US,D,20210211,000000,56.43,56.43,55.5675,55.99,42486,0
FDNI.US,D,20210212,000000,55.83,56.2199,55.3399,56.06,22119,0
FDNI.US,D,20210216,000000,57.26,57.26,55.87,56.23,28486,0
FDNI.US,D,20210217,000000,56.23,56.23,55.41,55.84,37696,0
FDNI.US,D,20210218,000000,55.16,55.3252,54.3,55.3,47136,0
FDNI.US,D,20210219,000000,56.54,56.54,55.69,56.08,18178,0
FDNI.US,D,20210222,000000,55,55,53.36,53.52,55004,0
FDNI.US,D,20210223,000000,52.1,55.5831,50.39,52.68,69523,0
FDNI.US,D,20210224,000000,52,52,50.6117,51.63,31229,0
FDNI.US,D,20210225,000000,51.6,51.73,49.76,49.96,26115,0
FDNI.US,D,20210226,000000,49.67,50.03,48.5001,49.58,64642,0
FDNI.US,D,20210301,000000,51.26,51.5,50.89,51.5,44686,0
FDNI.US,D,20210302,000000,52.18,52.18,50.875,51,18102,0
FDNI.US,D,20210303,000000,51.26,51.26,49.73,49.8,12289,0
FDNI.US,D,20210304,000000,48.94,49.2,47.0001,47.6,237778,0
FDNI.US,D,20210305,000000,47.97,48.2499,45.96,47.87,59892,0
FDNI.US,D,20210308,000000,45.19,47.19,44.835,45.04,74103,0
FDNI.US,D,20210309,000000,45.5,47.5699,45.5,47.23,32798,0
FDNI.US,D,20210310,000000,46.92,47.4544,46.1579,46.72,29842,0
FDNI.US,D,20210311,000000,47.78,48.8899,47.78,48.56,55926,0
FDNI.US,D,20210312,000000,48,48,46.6717,47.3548,15028,0
FDNI.US,D,20210315,000000,47.21,47.35,46.6,47.0701,36192,0
FDNI.US,D,20210316,000000,47.8,48.29,47.4868,47.6716,18778,0
FDNI.US,D,20210317,000000,46.92,47.86,46.17,47.32,34728,0
FDNI.US,D,20210318,000000,47.42,47.42,46.6001,46.79,20777,0
FDNI.US,D,20210319,000000,46.88,47.32,46.8,46.9186,16613,0
FDNI.US,D,20210322,000000,46.55,47.2999,46.55,47.0421,17358,0
FDNI.US,D,20210323,000000,47.63,47.63,46.37,46.4883,14812,0
FDNI.US,D,20210324,000000,46.79,46.79,44.25,44.34,127815,0
FDNI.US,D,20210325,000000,43.84,45.06,43.27,43.6534,37819,0
FDNI.US,D,20210326,000000,43.86,44.99,43.365,44.6308,20252,0
FDNI.US,D,20210329,000000,43.55,43.96,43.5,43.9437,13008,0
FDNI.US,D,20210330,000000,44.09,44.69,43.8701,44.2468,26473,0
FDNI.US,D,20210331,000000,44,45.37,44,45.18,17554,0
FDNI.US,D,20210401,000000,47.37,47.37,46.475,46.52,9348,0
FDNI.US,D,20210405,000000,47.37,47.37,46.5514,46.79,18257,0
FDNI.US,D,20210406,000000,47.04,47.7,47.04,47.27,18727,0
FDNI.US,D,20210407,000000,46.75,46.75,45.68,45.85,31514,0
FDNI.US,D,20210408,000000,47.03,47.03,46.2301,46.7478,40596,0
FDNI.US,D,20210409,000000,46.71,46.71,46.22,46.4231,3897,0
FDNI.US,D,20210412,000000,46.33,46.33,45.83,46.0245,37013,0
FDNI.US,D,20210413,000000,46.12,46.44,46.06,46.2737,15773,0
FDNI.US,D,20210414,000000,47.26,47.26,46.185,46.19,24418,0
FDNI.US,D,20210415,000000,47.41,47.41,46.51,46.6531,11138,0
FDNI.US,D,20210416,000000,46.76,46.97,46.574,46.91,7156,0
FDNI.US,D,20210419,000000,46.75,46.75,46,46,8845,0
FDNI.US,D,20210420,000000,45.86,46.11,45.1,45.32,49414,0
FDNI.US,D,20210421,000000,44.58,45.57,44.58,45.57,17737,0
FDNI.US,D,20210422,000000,45.89,46.38,45.87,45.87,8665,0
FDNI.US,D,20210423,000000,46.38,46.91,46.38,46.82,6925,0
FDNI.US,D,20210426,000000,46.37,46.89,46.31,46.89,16666,0
FDNI.US,D,20210427,000000,47.36,47.36,46.97,47.34,55993,0
FDNI.US,D,20210428,000000,46.56,47.84,46.56,47.65,45158,0
FDNI.US,D,20210429,000000,48.75,48.75,46.66,46.88,63095,0
FDNI.US,D,20210430,000000,46.9,46.9,45.79,45.9383,18156,0
FDNI.US,D,20210503,000000,46.16,46.35,45.55,45.695,18854,0
FDNI.US,D,20210504,000000,44.535,44.66,44.23,44.66,15727,0
FDNI.US,D,20210505,000000,44.94,45.0376,44.47,44.6259,12056,0
FDNI.US,D,20210506,000000,44.3658,44.4999,43.72,44.2167,11480,0
FDNI.US,D,20210507,000000,44.445,44.96,44.3819,44.46,15643,0
FDNI.US,D,20210510,000000,43.93,43.93,42.5092,42.6,30557,0
FDNI.US,D,20210511,000000,41.23,42.86,41,42.62,25359,0
FDNI.US,D,20210512,000000,41.75,42.25,41.38,41.515,11620,0
FDNI.US,D,20210513,000000,41.39,41.4776,40.02,40.46,24739,0
FDNI.US,D,20210514,000000,40.7966,41.33,40.47,41.28,25319,0
FDNI.US,D,20210517,000000,41.24,41.47,41.0671,41.47,6191,0
FDNI.US,D,20210518,000000,40.31,42.46,40.31,42.17,6260,0
FDNI.US,D,20210519,000000,41.545,42.26,41.545,42.1846,10597,0
FDNI.US,D,20210520,000000,42.12,43.6,42.12,43.6,11129,0
FDNI.US,D,20210521,000000,44.16,44.16,43.05,43.175,42632,0
FDNI.US,D,20210524,000000,43.78,43.82,42.89,43.5891,52515,0
FDNI.US,D,20210525,000000,43.61,44.25,43.61,43.91,29020,0
FDNI.US,D,20210526,000000,44.3447,44.455,44.11,44.3034,16982,0
FDNI.US,D,20210527,000000,43.65,44.1376,43.525,43.94,9478,0
FDNI.US,D,20210528,000000,43.74,44.44,43.74,44.18,20092,0
FDNI.US,D,20210601,000000,45.655,45.8623,45.402,45.69,10457,0
FDNI.US,D,20210602,000000,45.67,45.67,45.195,45.48,34506,0
FDNI.US,D,20210603,000000,44.95,44.95,44.25,44.46,19648,0
FDNI.US,D,20210604,000000,43.94,45.0072,43.94,44.94,14533,0
FDNI.US,D,20210607,000000,44.4328,44.76,44.3,44.63,10107,0
FDNI.US,D,20210608,000000,44.75,44.75,44.42,44.52,9651,0
FDNI.US,D,20210609,000000,44.34,44.7261,44.31,44.36,7344,0
FDNI.US,D,20210610,000000,44.8657,44.9769,44.45,44.9769,16638,0
FDNI.US,D,20210611,000000,45.01,45.06,44.78,45.04,8634,0
FDNI.US,D,20210614,000000,44.74,45.6373,44.74,45.47,9798,0
FDNI.US,D,20210615,000000,45.75,45.75,44.9,44.95,6462,0
FDNI.US,D,20210616,000000,45.1514,45.19,44.7,45.08,13746,0
FDNI.US,D,20210617,000000,44.85,46,44.85,45.87,39515,0
FDNI.US,D,20210618,000000,45.32,46,45.32,45.9099,6279,0
FDNI.US,D,20210621,000000,46.28,46.28,45.23,45.74,58976,0
FDNI.US,D,20210622,000000,45.6,45.76,45.32,45.55,38879,0
FDNI.US,D,20210623,000000,46.61,46.61,46.14,46.17,23570,0
FDNI.US,D,20210624,000000,46.52,47.185,46.52,46.89,20886,0
FDNI.US,D,20210625,000000,47.54,47.54,46.97,47.505,11759,0
FDNI.US,D,20210628,000000,48.07,48.07,47.29,47.29,49409,0
FDNI.US,D,20210629,000000,47.77,47.83,47.24,47.63,7986,0
FDNI.US,D,20210630,000000,47.95,47.95,47.05,47.31,47175,0
FDNI.US,D,20210701,000000,47.01,47.0148,46.41,46.57,44278,0
FDNI.US,D,20210702,000000,46.28,46.49,46.212,46.325,17589,0
FDNI.US,D,20210706,000000,46.35,46.35,45.0902,45.49,49893,0
FDNI.US,D,20210707,000000,45.49,45.5125,44.94,45.01,131289,0
FDNI.US,D,20210708,000000,44.06,44.06,43.39,43.8367,7987,0
FDNI.US,D,20210709,000000,44.36,44.98,44.2,44.87,33463,0
FDNI.US,D,20210712,000000,44.85,44.99,44.62,44.95,19664,0
FDNI.US,D,20210713,000000,45,45.9799,44.99,45.5,29053,0
FDNI.US,D,20210714,000000,45.61,45.7755,45.3363,45.3363,8193,0
FDNI.US,D,20210715,000000,45.98,45.98,44.97,45.1,8478,0
FDNI.US,D,20210716,000000,44.98,45.295,44.75,44.825,10121,0
FDNI.US,D,20210719,000000,43.68,44.3821,43.68,44.26,8999,0
FDNI.US,D,20210720,000000,44.14,44.77,43.87,44.77,6912,0
FDNI.US,D,20210721,000000,44.375,45.01,44.361,45.01,6490,0
FDNI.US,D,20210722,000000,45.25,45.7499,45.23,45.49,80753,0
FDNI.US,D,20210723,000000,45.34,45.34,44.27,44.665,35347,0
FDNI.US,D,20210726,000000,43.4,43.4,42.0829,42.23,45421,0
FDNI.US,D,20210727,000000,40.67,41.1176,39.67,40.37,121988,0
FDNI.US,D,20210728,000000,41.18,42.5,41.18,42.4,27049,0
FDNI.US,D,20210729,000000,42.58,42.99,42.171,42.7,9044,0
FDNI.US,D,20210730,000000,41.83,42.43,41.5101,42.07,58494,0
FDNI.US,D,20210802,000000,41.87,43.05,41.87,42.86,43165,0
FDNI.US,D,20210803,000000,41.87,41.87,41.25,41.6,44400,0
FDNI.US,D,20210804,000000,41.89,42.5615,41.89,42.49,12717,0
FDNI.US,D,20210805,000000,42.21,42.5,41.4582,42.3484,13757,0
FDNI.US,D,20210806,000000,42.01,42.4811,41.76,41.99,23684,0
FDNI.US,D,20210809,000000,41.94,42.92,41.94,42.12,152363,0
FDNI.US,D,20210810,000000,43.04,43.2929,42.6183,43.0136,8798,0
FDNI.US,D,20210811,000000,43.33,43.33,42.07,42.6,13378,0
FDNI.US,D,20210812,000000,42.18,42.4499,41.955,42.23,8179,0
FDNI.US,D,20210813,000000,41.79,42.2984,41.7711,41.9,16708,0
FDNI.US,D,20210816,000000,40.56,41.3267,40.5345,40.755,12024,0
FDNI.US,D,20210817,000000,40.01,40.41,39.79,40.3192,12237,0
FDNI.US,D,20210818,000000,40.24,40.93,40.23,40.7244,19564,0
FDNI.US,D,20210819,000000,39.69,39.93,39.28,39.505,101046,0
FDNI.US,D,20210820,000000,39.28,40.23,39.2577,39.5,19087,0
FDNI.US,D,20210823,000000,39.6,40.39,39.411,40.02,32410,0
FDNI.US,D,20210824,000000,41.9,42.5,41.9,42.48,7375,0
FDNI.US,D,20210825,000000,42.84,42.84,41.856,42.32,10351,0
FDNI.US,D,20210826,000000,42.17,42.26,41.7285,42.26,4036,0
FDNI.US,D,20210827,000000,41.33,42.0972,40.38,41.847,20615,0
FDNI.US,D,20210830,000000,41.47,42.2398,41.47,41.9699,18490,0
FDNI.US,D,20210831,000000,42.9,43.5226,42.9,43.2046,7114,0
FDNI.US,D,20210901,000000,43.78,44.73,43.78,44.4762,8718,0
FDNI.US,D,20210902,000000,44.26,44.81,44.02,44.02,19511,0
FDNI.US,D,20210903,000000,43.96,44.5408,43.24,43.99,8289,0
FDNI.US,D,20210907,000000,44.66,45.43,44.66,44.79,5750,0
FDNI.US,D,20210908,000000,44.3135,44.39,43.7884,44.0567,3464,0
FDNI.US,D,20210909,000000,43.53,43.53,43,43.05,8346,0
FDNI.US,D,20210910,000000,43.6,43.8072,43,43.3551,5522,0
FDNI.US,D,20210913,000000,43.08,43.08,42.13,42.5578,17979,0
FDNI.US,D,20210914,000000,42.39,42.71,42.17,42.36,54660,0
FDNI.US,D,20210915,000000,42.23,42.23,41.3471,42.21,11886,0
FDNI.US,D,20210916,000000,41.5,42.1922,41.36,42.1922,27054,0
FDNI.US,D,20210917,000000,42.75,42.75,41.7717,41.7773,14200,0
FDNI.US,D,20210920,000000,40.79,41.1442,40.03,40.39,97312,0
FDNI.US,D,20210921,000000,40.89,41.19,40.68,40.95,12945,0
FDNI.US,D,20210922,000000,40.8,41.6819,40.8,41.44,77899,0
FDNI.US,D,20210923,000000,41.44,42.1,41.42,41.64,19390,0
FDNI.US,D,20210924,000000,40.95,41.16,40.95,41.115,10411,0
FDNI.US,D,20210927,000000,40.96,41.4691,40.876,41.43,14774,0
FDNI.US,D,20210928,000000,41.04,41.13,40.05,40.2,43975,0
FDNI.US,D,20210929,000000,40.06,40.515,39.6,39.76,5649,0
FDNI.US,D,20210930,000000,40.04,40.1842,39.58,40.1138,5731,0
FDNI.US,D,20211001,000000,39.56,40.085,39.194,39.41,24593,0
FDNI.US,D,20211004,000000,39.01,39.1617,38.27,38.47,44354,0
FDNI.US,D,20211005,000000,38.3,39.27,38.3,39.2699,10121,0
FDNI.US,D,20211006,000000,38.42,39.293,38.42,38.97,13162,0
FDNI.US,D,20211007,000000,39.68,41.24,39.68,41.0181,22131,0
FDNI.US,D,20211008,000000,41.32,41.32,40.77,40.96,4806,0
FDNI.US,D,20211011,000000,41.82,41.82,41,41.01,9826,0
FDNI.US,D,20211012,000000,41.02,41.02,40.59,40.683,8513,0
FDNI.US,D,20211013,000000,41.19,42.03,41.19,41.765,20646,0
FDNI.US,D,20211014,000000,41.92,42.3524,41.6001,41.94,68058,0
FDNI.US,D,20211015,000000,41.88,42.74,41.88,42.49,31933,0
FDNI.US,D,20211018,000000,42.58,43.16,42.49,42.91,11137,0
FDNI.US,D,20211019,000000,43.5,44.18,43.5,44.18,19629,0
FDNI.US,D,20211020,000000,44.41,44.445,44.01,44.445,7652,0
FDNI.US,D,20211021,000000,44.61,44.61,43.97,44.21,8806,0
FDNI.US,D,20211022,000000,44.3858,44.5,43.8212,43.8212,3176,0
FDNI.US,D,20211025,000000,43.8196,44,43.33,43.695,6273,0
FDNI.US,D,20211026,000000,43.49,43.89,42.32,42.97,26509,0
FDNI.US,D,20211027,000000,42.37,42.97,42.33,42.43,5585,0
FDNI.US,D,20211028,000000,42.45,43.3433,42.44,43.3433,6205,0
FDNI.US,D,20211029,000000,43.78,43.78,42.28,42.7,6248,0
FDNI.US,D,20211101,000000,42.11,43.77,42.11,43.77,12081,0
FDNI.US,D,20211102,000000,42.52,42.9349,42.48,42.54,22600,0
FDNI.US,D,20211103,000000,42.48,43.06,42.48,43.05,10590,0
FDNI.US,D,20211104,000000,43.215,43.4228,42.92,43.01,6645,0
FDNI.US,D,20211105,000000,42.5,42.96,42.3317,42.42,6363,0
FDNI.US,D,20211108,000000,42.21,42.719,42.21,42.719,7250,0
FDNI.US,D,20211109,000000,42.23,42.51,42.0001,42.29,5371,0
FDNI.US,D,20211110,000000,42.23,42.81,41.75,41.76,8590,0
FDNI.US,D,20211111,000000,42.19,43.3853,42.19,43.36,20100,0
FDNI.US,D,20211112,000000,43.62,44.3,43.565,44.3,5565,0
FDNI.US,D,20211115,000000,43.78,44.5038,43.73,43.985,9857,0
FDNI.US,D,20211116,000000,44.11,44.95,44.08,44.435,59442,0
FDNI.US,D,20211117,000000,43.96,44.83,43.26,43.78,11959,0
FDNI.US,D,20211118,000000,43.3,43.3,42.475,43.01,24489,0
FDNI.US,D,20211119,000000,43.11,43.2,42.31,42.96,6191,0
FDNI.US,D,20211122,000000,41.81,42.2553,40.9701,41.22,21788,0
FDNI.US,D,20211123,000000,41.3,41.3,40.0201,40.33,3827,0
FDNI.US,D,20211124,000000,40.6,40.969,40.49,40.969,3718,0
FDNI.US,D,20211126,000000,40.6,40.6,39.6782,39.6782,1546,0
FDNI.US,D,20211129,000000,39.45,40.02,39.45,39.875,10514,0
FDNI.US,D,20211130,000000,39.755,39.87,38.49,38.75,8267,0
FDNI.US,D,20211201,000000,38.8,39.95,38.1844,38.38,20490,0
FDNI.US,D,20211202,000000,38.09,38.26,37.85,37.93,4017,0
FDNI.US,D,20211203,000000,37.76,37.76,35.91,36.02,17999,0
FDNI.US,D,20211206,000000,35.82,37.3,35.26,37.24,41106,0
FDNI.US,D,20211207,000000,37.85,39.15,37.85,38.41,86394,0
FDNI.US,D,20211208,000000,38.21,39.28,37.97,38.54,25834,0
FDNI.US,D,20211209,000000,38.46,38.535,37.9901,38.2,76083,0
FDNI.US,D,20211210,000000,38.2,38.38,37.43,37.43,22844,0
FDNI.US,D,20211213,000000,37.33,37.67,37,37.06,44995,0
FDNI.US,D,20211214,000000,37,37.1293,35.9459,36.785,13868,0
FDNI.US,D,20211215,000000,35.55,36.5,35.3463,36.31,36379,0
FDNI.US,D,20211216,000000,37,37,35.42,35.49,21811,0
FDNI.US,D,20211217,000000,34.77,35.5,34.3665,35.5,21106,0
FDNI.US,D,20211220,000000,34.47,34.7291,33.8701,34.315,19270,0
FDNI.US,D,20211221,000000,35.37,36.28,34.56,36.27,44326,0
FDNI.US,D,20211222,000000,35.95,36.326,35.34,35.84,36505,0
FDNI.US,D,20211223,000000,35.66,36.48,35.39,36.4,39616,0
FDNI.US,D,20211227,000000,36.19,36.81,36.1,36.14,206587,0
FDNI.US,D,20211228,000000,35.81,36.2699,35.568,35.8499,117543,0
FDNI.US,D,20211229,000000,35.2,35.345,34.85,35.15,45184,0
FDNI.US,D,20211230,000000,34.95,36.81,34.95,36.59,30616,0
FDNI.US,D,20211231,000000,36.18,37.0099,36.0434,36.0434,25535,0
FDNI.US,D,20220103,000000,36.11,36.36,36.11,36.2198,4298,0
FDNI.US,D,20220104,000000,36.37,37.26,34.27,34.84,25848,0
FDNI.US,D,20220105,000000,34.1,34.5,33.26,33.345,35735,0
FDNI.US,D,20220106,000000,33.15,34.35,32.84,33.92,29077,0
FDNI.US,D,20220107,000000,33.62,34.44,33.5088,33.6714,14265,0
FDNI.US,D,20220110,000000,34.0054,34.0054,33.01,33.78,41012,0
FDNI.US,D,20220111,000000,33.7,35.2,33.7,35.17,28417,0
FDNI.US,D,20220112,000000,35.83,36.5482,35.67,36.03,11790,0
FDNI.US,D,20220113,000000,35.74,35.74,34.24,34.24,52248,0
FDNI.US,D,20220114,000000,33.75,34.29,33.5582,34.1,27957,0
FDNI.US,D,20220118,000000,33.6,33.74,32.53,33.11,13807,0
FDNI.US,D,20220119,000000,33.45,33.9,33.16,33.17,49957,0
FDNI.US,D,20220120,000000,34.4,35.3399,34.0215,34.38,11094,0
FDNI.US,D,20220121,000000,33.82,34.14,32.5653,33.01,26566,0
FDNI.US,D,20220124,000000,32.35,32.35,30.3601,32.055,80988,0
FDNI.US,D,20220125,000000,31.75,32.1378,31.1681,31.65,20771,0
FDNI.US,D,20220126,000000,32.485,32.485,30.98,30.98,10835,0
FDNI.US,D,20220127,000000,30.8,31.149,30.02,30.03,11086,0
FDNI.US,D,20220128,000000,30.01,31.16,29.75,31.16,25446,0
FDNI.US,D,20220131,000000,31.95,33.52,31.95,33.47,22883,0
FDNI.US,D,20220201,000000,33.7,33.97,32.8401,33.9,25375,0
FDNI.US,D,20220202,000000,32.915,33.24,32.28,32.29,14073,0
FDNI.US,D,20220203,000000,31.8,32.54,31.57,31.57,18700,0
FDNI.US,D,20220204,000000,31.4,32.615,31.4,32.4459,17243,0
FDNI.US,D,20220207,000000,32.49,32.49,31.6499,31.85,6535,0
FDNI.US,D,20220208,000000,31.95,32.7511,31.92,32.18,6836,0
FDNI.US,D,20220209,000000,32.77,33.9999,32.77,33.86,17765,0
FDNI.US,D,20220210,000000,33.15,33.8597,32.76,32.82,20668,0
FDNI.US,D,20220211,000000,32.5,32.93,31.66,31.9098,8558,0
FDNI.US,D,20220214,000000,31.53,31.79,31.0216,31.31,31834,0
FDNI.US,D,20220215,000000,31.85,32.65,31.85,32.55,27667,0
FDNI.US,D,20220216,000000,32.33,32.376,31.89,31.89,27907,0
FDNI.US,D,20220217,000000,32.14,32.14,31,31.44,16995,0
FDNI.US,D,20220218,000000,30.97,30.97,29.43,30.58,14399,0
FDNI.US,D,20220222,000000,29.52,29.756,28.27,28.27,51619,0
FDNI.US,D,20220223,000000,28.88,29.403,28.13,28.64,18165,0
FDNI.US,D,20220224,000000,26.3,28.26,26.3,27.53,73363,0
FDNI.US,D,20220225,000000,28.23,29.3271,28.0801,28.64,9683,0
FDNI.US,D,20220228,000000,27.84,28.9712,27.84,28.1767,18556,0
FDNI.US,D,20220301,000000,28.51,28.8874,28,28.155,27181,0
FDNI.US,D,20220302,000000,28.2,28.8799,27.4903,28.52,7227,0
FDNI.US,D,20220303,000000,27.97,28.3136,26.55,26.57,12121,0
FDNI.US,D,20220304,000000,26.0443,26.1888,25.1,25.28,93532,0
FDNI.US,D,20220307,000000,25.13,25.34,24.16,24.16,14843,0
FDNI.US,D,20220308,000000,24.58,24.8518,23.3869,24.73,32413,0
FDNI.US,D,20220309,000000,24.8033,26.09,24.8033,25.1686,171419,0
FDNI.US,D,20220310,000000,24.3,25.3129,23.7998,24.61,19502,0
FDNI.US,D,20220311,000000,24.61,24.71,22.7,22.99,24311,0
FDNI.US,D,20220314,000000,22.14,22.635,21,21,58336,0
FDNI.US,D,20220315,000000,21.03,22.65,20.5933,21.4783,5842,0
FDNI.US,D,20220316,000000,22.99,27.36,22.99,27.36,18860,0
FDNI.US,D,20220317,000000,26.13,26.34,25.41,26.34,14454,0
FDNI.US,D,20220318,000000,25.97,28.7515,25.97,28.16,11494,0
FDNI.US,D,20220321,000000,25.9,27.6703,25.69,26.2735,16148,0
FDNI.US,D,20220322,000000,26.92,28.0347,26.92,27.75,8175,0
FDNI.US,D,20220323,000000,27.7,28.05,26.67,27.46,8614,0
FDNI.US,D,20220324,000000,26.87,27.56,25.9801,26.82,3421,0
FDNI.US,D,20220325,000000,26.26,26.9589,25.95,26.71,3916,0
FDNI.US,D,20220328,000000,26.5101,27.6874,26.22,26.52,5398,0
FDNI.US,D,20220329,000000,27.42,28.0599,26.825,27.89,6910,0
FDNI.US,D,20220330,000000,27.04,28.08,26.85,27.46,9310,0
FDNI.US,D,20220331,000000,26.1,26.5,26.01,26.01,4444,0
FDNI.US,D,20220401,000000,27.12,27.8059,26.51,26.54,5851,0
FDNI.US,D,20220404,000000,27,28.1,27,27.61,8060,0
FDNI.US,D,20220405,000000,26.8501,28.4699,26.7917,27.62,2641,0
FDNI.US,D,20220406,000000,26.645,26.645,26,26.18,4864,0
FDNI.US,D,20220407,000000,26.18,26.5907,25.23,25.31,5229,0
FDNI.US,D,20220408,000000,25.49,26.2586,25.2,25.25,6999,0
FDNI.US,D,20220411,000000,25.01,25.32,24.3,25.01,10820,0
FDNI.US,D,20220412,000000,25.2877,25.2877,24.5215,24.53,3390,0
FDNI.US,D,20220413,000000,24.1702,25.9899,24.1702,24.72,7530,0
FDNI.US,D,20220414,000000,24.2788,24.97,24.2,24.86,3470,0
FDNI.US,D,20220418,000000,23.9259,24.93,23.81,24.93,4199,0
FDNI.US,D,20220419,000000,23.38,25.0375,23.38,23.82,11067,0
FDNI.US,D,20220420,000000,23.97,24.39,23.2,23.7,10117,0
FDNI.US,D,20220421,000000,22.8505,24.339,22.25,22.45,7154,0
FDNI.US,D,20220422,000000,23.2492,23.3411,22.21,22.21,3818,0
FDNI.US,D,20220425,000000,21.34,22.2205,21.1,22.16,3792,0
FDNI.US,D,20220426,000000,21.92,22.46,21.52,21.52,6228,0
FDNI.US,D,20220427,000000,21.9599,22.29,21.84,21.93,3067,0
FDNI.US,D,20220428,000000,22.5306,22.5306,22.015,22.4,2631,0
FDNI.US,D,20220429,000000,23.53,24.17,23.15,23.87,7877,0
FDNI.US,D,20220502,000000,23.59,23.59,23,23.305,79214,0
FDNI.US,D,20220503,000000,23.31,23.8509,23.31,23.57,3558,0
FDNI.US,D,20220504,000000,23.02,24,22.8801,24,2926,0
FDNI.US,D,20220505,000000,22.57,22.57,21.9656,22.275,9545,0
FDNI.US,D,20220506,000000,21.36,21.8662,21.32,21.405,9990,0
FDNI.US,D,20220509,000000,20.79,20.7901,20.21,20.22,26267,0
FDNI.US,D,20220510,000000,20.8662,20.8662,20.1926,20.33,13789,0
FDNI.US,D,20220511,000000,20.38,21.11,20.06,20.1,57106,0
FDNI.US,D,20220512,000000,20.33,20.7755,19.55,20.27,32227,0
FDNI.US,D,20220513,000000,21.61,21.87,21.5,21.74,7034,0
FDNI.US,D,20220516,000000,21.9,21.98,21.241,21.575,4453,0
FDNI.US,D,20220517,000000,22.16,22.3,21.848,22.17,14729,0
FDNI.US,D,20220518,000000,21.65,22.172,21.12,21.12,4101,0
FDNI.US,D,20220519,000000,21.65,22.6599,21.65,22.3,6878,0
FDNI.US,D,20220520,000000,22.23,22.8399,21.25,21.25,8743,0
FDNI.US,D,20220523,000000,21.89,22.35,21.67,21.7425,41033,0
FDNI.US,D,20220524,000000,20.74,21.04,20.5,20.7,3237,0
FDNI.US,D,20220525,000000,20.48,21.3899,20.48,21.09,8050,0
FDNI.US,D,20220526,000000,22.03,22.41,22.03,22.18,11861,0
FDNI.US,D,20220527,000000,20.6,23.9899,20.6,22.63,3600,0
FDNI.US,D,20220531,000000,23.49,23.5295,22.9801,23.255,2109,0
FDNI.US,D,20220601,000000,23.23,23.8499,22.75,22.75,8455,0
FDNI.US,D,20220602,000000,23.6965,23.9999,23.6325,23.7863,1824,0
FDNI.US,D,20220603,000000,22.9,23.3899,22.9,23.01,15074,0
FDNI.US,D,20220606,000000,23.99,24.3137,23.5,23.9322,11929,0
FDNI.US,D,20220607,000000,23.6,24.175,23.6,24.1,10337,0
FDNI.US,D,20220608,000000,24.91,25.53,24.83,25.4,26705,0
FDNI.US,D,20220609,000000,25,25,24.15,24.15,4087,0
FDNI.US,D,20220610,000000,23.825,23.825,23.56,23.56,1219,0
FDNI.US,D,20220613,000000,23,23,21.87,22.02,7175,0
FDNI.US,D,20220614,000000,22.98,22.98,22.24,22.41,5596,0
FDNI.US,D,20220615,000000,23.03,23.335,22.82,23.335,4852,0
FDNI.US,D,20220616,000000,22.6058,22.6722,21.9,21.9,3305,0
FDNI.US,D,20220617,000000,22.8,23.155,22.5,22.5,3091,0
FDNI.US,D,20220621,000000,22.5,23.64,22.5,23.2,8301,0
FDNI.US,D,20220622,000000,22.7056,23.241,22.61,22.965,5261,0
FDNI.US,D,20220623,000000,23.374,23.374,23.0174,23.28,1025,0
FDNI.US,D,20220624,000000,23.43,24.6699,23.43,24.15,13459,0
FDNI.US,D,20220627,000000,24.8,25.7499,24.58,24.81,118785,0
FDNI.US,D,20220628,000000,25.16,25.16,24.08,24.28,31918,0
FDNI.US,D,20220629,000000,24,24,23.51,23.51,515,0
FDNI.US,D,20220630,000000,23.5863,24.0913,23.5863,23.755,3627,0
FDNI.US,D,20220701,000000,23.3,23.8801,23.3,23.8801,544,0
FDNI.US,D,20220705,000000,23.41,24.49,23.28,24.2853,2040,0
FDNI.US,D,20220706,000000,23.8423,24.3107,23.68,24.01,4603,0
FDNI.US,D,20220707,000000,24.49,25,24.49,24.755,2648,0
FDNI.US,D,20220708,000000,24.78,24.78,24.38,24.38,1232,0
FDNI.US,D,20220711,000000,24,24,22.79,23,33892,0
FDNI.US,D,20220712,000000,22.94,22.94,22.92,22.92,351,0
FDNI.US,D,20220713,000000,22.92,23.5499,22.9,23.2,4224,0
FDNI.US,D,20220714,000000,22.55,22.9161,22.35,22.35,4218,0
FDNI.US,D,20220715,000000,22.3,22.5199,21.91,22.51,70479,0
FDNI.US,D,20220718,000000,23.9876,23.9876,23.1794,23.1794,9472,0
FDNI.US,D,20220719,000000,23.32,23.53,23.32,23.53,1268,0
FDNI.US,D,20220720,000000,23.49,24.2599,23.41,23.94,9902,0
FDNI.US,D,20220721,000000,23.86,24.6135,23.86,24.4871,16822,0
FDNI.US,D,20220722,000000,24.72,24.72,23.84,23.84,113371,0
FDNI.US,D,20220725,000000,24.31,24.33,23.5,23.73,1921,0
FDNI.US,D,20220726,000000,23.355,23.42,22.91,22.91,1492,0
FDNI.US,D,20220727,000000,23.465,23.78,23.465,23.78,1643,0
FDNI.US,D,20220728,000000,23.47,23.77,23.47,23.47,6799,0
FDNI.US,D,20220729,000000,22.8383,23.2,22.79,23.16,3692,0
FDNI.US,D,20220801,000000,23.54,23.54,22.71,23.1046,7881,0
FDNI.US,D,20220802,000000,22.7,23.6648,22.7,23.34,3727,0
FDNI.US,D,20220803,000000,23.18,24.3582,23.18,23.76,6653,0
FDNI.US,D,20220804,000000,24.4204,24.4204,24.18,24.35,901,0
FDNI.US,D,20220805,000000,24.189,24.34,23.75,24.03,9199,0
FDNI.US,D,20220808,000000,23.9911,23.9911,23.58,23.89,1264,0
FDNI.US,D,20220809,000000,23.79,24.05,23.21,23.64,2977,0
FDNI.US,D,20220810,000000,23.52,23.97,23.52,23.8567,4737,0
FDNI.US,D,20220811,000000,23.96,24.66,23.96,23.99,1147,0
FDNI.US,D,20220812,000000,24.1001,24.31,24.1001,24.31,668,0
FDNI.US,D,20220815,000000,24.485,24.7099,24.0801,24.45,4458,0
FDNI.US,D,20220816,000000,23.96,24,23.73,23.965,5133,0
FDNI.US,D,20220817,000000,23.62,23.98,23.51,23.78,5655,0
FDNI.US,D,20220818,000000,23.12,23.8099,22.9401,23.365,2541,0
FDNI.US,D,20220819,000000,23.45,23.45,22.7493,22.82,14544,0
FDNI.US,D,20220822,000000,22.2,23.0932,22.2,22.755,9004,0
FDNI.US,D,20220823,000000,22.46,22.46,22.46,22.46,112,0
FDNI.US,D,20220824,000000,23.01,23.4237,22.97,23.11,10498,0
FDNI.US,D,20220825,000000,24,24.28,24,24.09,1527,0
FDNI.US,D,20220826,000000,24.32,24.41,23.33,23.7,7505,0
FDNI.US,D,20220829,000000,23.347,23.47,23,23,2068,0
FDNI.US,D,20220830,000000,23.1493,23.21,22.41,22.71,4654,0
FDNI.US,D,20220831,000000,23.03,23.03,23.03,23.03,157,0
FDNI.US,D,20220901,000000,22.885,22.885,22.19,22.61,8221,0
FDNI.US,D,20220902,000000,22.6,22.8172,22.1901,22.5,1111,0
FDNI.US,D,20220906,000000,21.98,22.2489,21.67,21.67,1565,0
FDNI.US,D,20220907,000000,21.95,22.2135,21.73,22.0985,2982,0
FDNI.US,D,20220908,000000,21.59,22.1412,21.59,22,4414,0
FDNI.US,D,20220909,000000,22.14,22.7677,22.14,22.55,3908,0
FDNI.US,D,20220912,000000,23.04,23.23,22.9,23.23,1042,0
FDNI.US,D,20220913,000000,22.7065,22.7065,21.88,22.09,4064,0
FDNI.US,D,20220914,000000,21.7829,22.2769,21.7829,22.145,4943,0
FDNI.US,D,20220915,000000,21.77,22.3425,21.5,21.5,2078,0
FDNI.US,D,20220916,000000,21.33,21.36,21.107,21.36,37829,0
FDNI.US,D,20220919,000000,21.2903,21.2903,21.27,21.27,410,0
FDNI.US,D,20220920,000000,21.05,21.42,20.96,20.96,4260,0
FDNI.US,D,20220921,000000,20.97,21.1915,20.42,20.685,6989,0
FDNI.US,D,20220922,000000,19.9615,20.07,19.9615,20.02,804,0
FDNI.US,D,20220923,000000,19.46,20.0299,19.3,19.45,5060,0
FDNI.US,D,20220926,000000,19.59,20.1499,19.59,19.67,4904,0
FDNI.US,D,20220927,000000,20.09,20.09,19.5,19.74,11105,0
FDNI.US,D,20220928,000000,19.55,20.2061,19.3,19.8,13008,0
FDNI.US,D,20220929,000000,19.2101,19.32,19.08,19.32,2086,0
FDNI.US,D,20220930,000000,19.1401,19.605,19.1401,19.605,1081,0
FDNI.US,D,20221003,000000,19.545,19.7,19.52,19.7,2889,0
FDNI.US,D,20221004,000000,20.91,20.91,20.51,20.53,5996,0
FDNI.US,D,20221005,000000,20.5531,20.67,20.24,20.67,519,0
FDNI.US,D,20221006,000000,20.47,20.815,20.44,20.735,2822,0
FDNI.US,D,20221007,000000,20.115,20.115,19.92,19.92,392,0
FDNI.US,D,20221010,000000,19.14,19.485,18.8,19,16169,0
FDNI.US,D,20221011,000000,18.6,18.74,18.29,18.445,6027,0
FDNI.US,D,20221012,000000,18.2371,18.575,18.19,18.575,1449,0
FDNI.US,D,20221013,000000,18.03,18.335,17.56,18.295,9304,0
FDNI.US,D,20221014,000000,18.4,18.61,17.67,17.99,1504,0
FDNI.US,D,20221017,000000,18.48,18.73,18.46,18.7,2207,0
FDNI.US,D,20221018,000000,18.94,19.26,18.64,18.76,8702,0
FDNI.US,D,20221019,000000,18.01,18.01,17.604,17.67,3906,0
FDNI.US,D,20221020,000000,17.7,18.43,17.7,17.72,2368,0
FDNI.US,D,20221021,000000,17.5001,18.01,17.432,17.86,5279,0
FDNI.US,D,20221024,000000,16.64,16.76,15.9501,16.26,17324,0
FDNI.US,D,20221025,000000,16.6,16.85,16.59,16.71,7109,0
FDNI.US,D,20221026,000000,17.2111,17.965,17.2111,17.42,10195,0
FDNI.US,D,20221027,000000,17.1092,17.48,17.1092,17.43,8250,0
FDNI.US,D,20221028,000000,16.56,16.87,16.53,16.69,3437,0
FDNI.US,D,20221031,000000,16.8,17.2672,16.8,17.06,2065,0
FDNI.US,D,20221101,000000,17.88,18.01,17.7973,17.835,2722,0
FDNI.US,D,20221102,000000,17.5137,18.0754,17.08,17.535,6307,0
FDNI.US,D,20221103,000000,17.3904,17.43,17.1615,17.43,595,0
FDNI.US,D,20221104,000000,18,18.175,17.25,17.93,6122,0
FDNI.US,D,20221107,000000,18.32,18.37,17.92,18.15,21125,0
FDNI.US,D,20221108,000000,18.5,18.622,18.11,18.25,5711,0
FDNI.US,D,20221109,000000,17.94,17.94,17.31,17.31,16259,0
FDNI.US,D,20221110,000000,18.895,19.0726,18.82,19.0726,2971,0
FDNI.US,D,20221111,000000,20.36,20.5903,20.04,20.315,3136,0
FDNI.US,D,20221114,000000,20,20.37,19.8042,19.955,4187,0
FDNI.US,D,20221115,000000,21.1445,21.478,20.73,20.73,3404,0
FDNI.US,D,20221116,000000,19.7626,21.3913,19.7626,21,5535,0
FDNI.US,D,20221117,000000,20.74,21.19,20.74,21.19,3008,0
FDNI.US,D,20221118,000000,21,21,20.58,20.77,1580,0
FDNI.US,D,20221121,000000,20.043,20.6732,20.01,20.34,3529,0
FDNI.US,D,20221122,000000,20.1,20.1,19.5805,19.77,4521,0
FDNI.US,D,20221123,000000,19.7,20.5638,19.41,19.41,8178,0
FDNI.US,D,20221125,000000,19.57,20.025,19.57,19.79,999,0
FDNI.US,D,20221128,000000,19.73,20.515,19.73,20.36,3181,0
FDNI.US,D,20221129,000000,21.02,21.2,20.61,20.8347,63867,0
FDNI.US,D,20221130,000000,21.71,22.3528,21.17,21.97,23532,0
FDNI.US,D,20221201,000000,21.43,22.36,21.43,21.88,6999,0
FDNI.US,D,20221202,000000,21.88,22.85,21.88,22.64,6814,0
FDNI.US,D,20221205,000000,22.53,22.82,21.8961,22.28,4925,0
FDNI.US,D,20221206,000000,22.3886,22.59,22.25,22.41,9787,0
FDNI.US,D,20221207,000000,22.39,22.39,21.4301,21.9,5839,0
FDNI.US,D,20221208,000000,22.16,22.92,22.16,22.49,1534,0
FDNI.US,D,20221209,000000,23,23.22,22.4915,22.7,3683,0
FDNI.US,D,20221212,000000,22.36,22.4232,22.12,22.4232,691,0
FDNI.US,D,20221213,000000,23.4305,23.93,22.61,23.2,13394,0
FDNI.US,D,20221214,000000,23.075,23.5,22.775,23.17,8410,0
FDNI.US,D,20221215,000000,23.31,23.31,21.93,22.17,1456,0
FDNI.US,D,20221216,000000,21.8546,22.2,21.8546,22.2,1763,0
FDNI.US,D,20221219,000000,22.02,22.27,21.65,21.92,12920,0
FDNI.US,D,20221220,000000,21.51,21.8409,21.5,21.64,2995,0
FDNI.US,D,20221221,000000,21.95,22.3339,21.95,22.19,2417,0
FDNI.US,D,20221222,000000,22.144,22.231,22,22.12,968,0
FDNI.US,D,20221223,000000,21.64,22.0254,21.4276,21.84,2305,0
FDNI.US,D,20221227,000000,22.1,22.6,22,22.6,4830,0
FDNI.US,D,20221228,000000,22.42,22.75,21.5338,21.89,117917,0
FDNI.US,D,20221229,000000,22.395,22.61,22.1101,22.25,3821,0
FDNI.US,D,20221230,000000,21.92,22.4999,21.81,22.21,7804,0
FDNI.US,D,20230103,000000,22.9395,23.06,22.62,23.06,6327,0
FDNI.US,D,20230104,000000,23.86,24.4021,23.86,24.215,2692,0
FDNI.US,D,20230105,000000,24.4099,24.4099,24.0702,24.23,2034,0
FDNI.US,D,20230106,000000,24.055,24.63,23.87,24.11,3535,0
FDNI.US,D,20230109,000000,25,25,24.5415,24.575,1819,0
FDNI.US,D,20230110,000000,24.52,24.8725,24.52,24.66,1178,0
FDNI.US,D,20230111,000000,24.48,25.15,24.48,25.15,6536,0
FDNI.US,D,20230112,000000,24.8494,25.02,24.78,24.99,2073,0
FDNI.US,D,20230113,000000,24.99,25.4699,24.7942,25.09,14686,0
FDNI.US,D,20230117,000000,24.71,25,24.56,24.56,4350,0
FDNI.US,D,20230118,000000,24.78,24.79,24.44,24.48,4428,0
FDNI.US,D,20230119,000000,24.21,25.14,24.21,24.61,3335,0
FDNI.US,D,20230120,000000,25.12,25.57,25.0184,25.57,630,0
FDNI.US,D,20230123,000000,25.78,26,25.6835,26,2291,0
FDNI.US,D,20230124,000000,25.8325,25.97,25.8325,25.97,233,0
FDNI.US,D,20230125,000000,25.37,26.42,25.35,26.16,9034,0
FDNI.US,D,20230126,000000,26.62,26.86,26,26.56,8713,0
FDNI.US,D,20230127,000000,26.81,26.81,26.24,26.515,3828,0
FDNI.US,D,20230130,000000,26.29,26.29,25.194,25.68,42946,0
FDNI.US,D,20230131,000000,25.5483,25.9,25.26,25.26,82068,0
FDNI.US,D,20230201,000000,25.88,26.512,25.36,26.3,3320,0
FDNI.US,D,20230202,000000,27.28,27.28,26.1352,26.47,5140,0
FDNI.US,D,20230203,000000,25.71,26.35,25.71,25.91,2923,0
FDNI.US,D,20230206,000000,25.32,25.68,25,25.3656,197329,0
FDNI.US,D,20230207,000000,25.7199,25.7199,25.3247,25.5,3146,0
FDNI.US,D,20230208,000000,25.32,25.32,24.46,24.83,4980,0
FDNI.US,D,20230209,000000,25.5,25.6331,24.81,25.16,45316,0
FDNI.US,D,20230210,000000,24.67,24.7116,23.9821,24.21,13281,0
FDNI.US,D,20230213,000000,25.22,25.22,24.3401,25.02,2673,0
FDNI.US,D,20230214,000000,24.81,24.81,24.04,24.81,2944,0
FDNI.US,D,20230215,000000,24.25,24.68,24.25,24.68,1073,0
FDNI.US,D,20230216,000000,24.45,24.45,24.31,24.31,432,0
FDNI.US,D,20230217,000000,24.2,24.47,23.62,23.93,16932,0
FDNI.US,D,20230221,000000,23.22,23.487,22.7828,23.1,2794,0
FDNI.US,D,20230222,000000,23.27,23.27,22.31,22.78,5966,0
FDNI.US,D,20230223,000000,22.94,23,22.3,22.79,18944,0
FDNI.US,D,20230224,000000,22.01,22.16,21.68,22.16,1096,0
FDNI.US,D,20230227,000000,22.7,22.7,21.93,21.93,273,0
FDNI.US,D,20230228,000000,22.5071,22.62,22.3,22.62,4278,0
FDNI.US,D,20230301,000000,23.19,23.2323,22.49,22.945,4805,0
FDNI.US,D,20230302,000000,22.62,23.24,22.6163,23.07,3001,0
FDNI.US,D,20230303,000000,23.9,24.72,23.1475,23.485,11818,0
FDNI.US,D,20230306,000000,24.3,24.83,23.4,23.635,8580,0
FDNI.US,D,20230307,000000,23.3,23.3,22.8753,22.9,5038,0
FDNI.US,D,20230308,000000,22.96,22.96,22.2901,22.91,488,0
FDNI.US,D,20230309,000000,22.52,22.57,21.96,22.13,4681,0
FDNI.US,D,20230310,000000,22,22.2399,21.21,21.5037,5674,0
FDNI.US,D,20230313,000000,21.58,22.35,21.57,22.16,1823,0
FDNI.US,D,20230314,000000,23.67,23.7,21.6945,22.2,19888,0
FDNI.US,D,20230315,000000,21.648,21.68,21.648,21.68,554,0
FDNI.US,D,20230316,000000,21.9117,22.8443,21.9117,22.56,2451,0
FDNI.US,D,20230317,000000,22.71,22.71,21.9879,22.51,2169,0
FDNI.US,D,20230320,000000,22.49,22.49,21.401,21.9,2750,0
FDNI.US,D,20230321,000000,22.172,22.9313,22.0784,22.31,1706,0
FDNI.US,D,20230322,000000,21.9185,23.8,21.9185,22.785,6108,0
FDNI.US,D,20230323,000000,23.68,24.3,22.9316,23.83,4228,0
FDNI.US,D,20230324,000000,23.46,24.27,23.105,23.55,709,0
FDNI.US,D,20230327,000000,23.22,23.22,22.91,22.91,2501,0
FDNI.US,D,20230328,000000,22.9,23.63,22.0991,23.63,3184,0
FDNI.US,D,20230329,000000,23.17,24.2784,22.5901,23.83,6511,0
FDNI.US,D,20230330,000000,23.491,24.35,23.4093,24.35,5539,0
FDNI.US,D,20230331,000000,23.85,24.35,23.2144,24.22,36277,0
FDNI.US,D,20230403,000000,23.635,24.06,23.4511,24.06,1058,0
FDNI.US,D,20230404,000000,23.7795,24.04,23.7795,24.04,947,0
FDNI.US,D,20230405,000000,23.54,23.59,22.7801,23.35,2179,0
FDNI.US,D,20230406,000000,23.4799,23.7599,22.8505,23.75,3251,0
FDNI.US,D,20230410,000000,23.005,23.44,23.005,23.44,10208,0
FDNI.US,D,20230411,000000,23.4357,23.4357,23.22,23.33,1288,0
FDNI.US,D,20230412,000000,22.97,22.97,22.6,22.6,3180,0
FDNI.US,D,20230413,000000,22.96,23.28,22.96,23.195,3015,0
FDNI.US,D,20230414,000000,22.98,23,22.83,23,1534,0
FDNI.US,D,20230417,000000,23.2,23.49,23.15,23.49,4491,0
FDNI.US,D,20230418,000000,23.29,23.5699,23.29,23.52,2194,0
FDNI.US,D,20230419,000000,23.1,23.29,23.01,23.29,1222,0
FDNI.US,D,20230420,000000,22.88,23.15,22.88,23.05,5714,0
FDNI.US,D,20230421,000000,22.79,22.88,22.6901,22.88,1221,0
FDNI.US,D,20230424,000000,22.62,22.76,22.5211,22.65,1547,0
FDNI.US,D,20230425,000000,21.99,22.02,21.78,21.86,5089,0
FDNI.US,D,20230426,000000,22.3293,22.3293,22.1321,22.1321,2012,0
FDNI.US,D,20230427,000000,22.32,22.4856,22.3,22.4856,1784,0
FDNI.US,D,20230428,000000,22.68,22.68,22.49,22.6242,899,0
FDNI.US,D,20230501,000000,22.5207,22.6999,22.5206,22.5206,1640,0
FDNI.US,D,20230502,000000,22.1,22.21,22.1,22.21,750,0
FDNI.US,D,20230503,000000,22.1999,22.1999,21.9292,21.9703,1470,0
FDNI.US,D,20230504,000000,22.59,22.64,22.454,22.61,2704,0
FDNI.US,D,20230505,000000,22.5355,23.1299,22.5355,23,2151,0
FDNI.US,D,20230508,000000,23.19,23.19,22.96,22.96,541,0
FDNI.US,D,20230509,000000,22.4487,22.65,22.4101,22.65,1988,0
FDNI.US,D,20230510,000000,22.7893,22.8545,22.534,22.71,4283,0
FDNI.US,D,20230511,000000,22.96,23.13,22.95,23.13,1814,0
FDNI.US,D,20230512,000000,22.42,22.42,22.42,22.42,145,0
FDNI.US,D,20230515,000000,23.03,23.39,23.03,23.35,1031,0
FDNI.US,D,20230516,000000,23.2,23.2,22.9111,23.14,3056,0
FDNI.US,D,20230517,000000,22.96,23.37,22.96,23.33,6246,0
FDNI.US,D,20230518,000000,22.5928,22.81,22.5313,22.6,2054,0
FDNI.US,D,20230519,000000,22.53,22.6899,22.49,22.52,1648,0
FDNI.US,D,20230522,000000,23.12,23.21,22.91,22.9537,6840,0
FDNI.US,D,20230523,000000,22.666,22.666,22.38,22.38,755,0
FDNI.US,D,20230524,000000,21.97,22.02,21.95,21.95,488,0
FDNI.US,D,20230525,000000,21.8203,21.8203,21.63,21.63,466,0
FDNI.US,D,20230526,000000,21.62,22.11,21.62,21.97,2265,0
FDNI.US,D,20230530,000000,21.97,21.97,21.34,21.48,2588,0
FDNI.US,D,20230531,000000,21.1,21.23,21.1,21.2,1691,0
FDNI.US,D,20230601,000000,21.48,22.2299,21.48,21.9857,1114,0
FDNI.US,D,20230602,000000,22.72,22.72,22.43,22.43,1287,0
FDNI.US,D,20230605,000000,22.1785,22.52,22.1785,22.52,2140,0
FDNI.US,D,20230606,000000,22.5599,23.02,22.4701,22.89,2829,0
FDNI.US,D,20230607,000000,22.85,22.87,22.4639,22.5,1832,0
FDNI.US,D,20230608,000000,22.66,22.8398,22.61,22.61,3300,0
FDNI.US,D,20230609,000000,22.78,22.8,22.6701,22.79,710,0
FDNI.US,D,20230612,000000,22.8877,23.09,22.88,22.95,2953,0
FDNI.US,D,20230613,000000,23.5,23.5599,23.3338,23.36,21439,0
FDNI.US,D,20230614,000000,23.65,23.81,23.65,23.81,25511,0
FDNI.US,D,20230615,000000,24.04,24.2899,24.02,24.25,32390,0
FDNI.US,D,20230616,000000,24.1,24.23,24.1,24.23,858,0
FDNI.US,D,20230620,000000,24.01,24.01,23.0001,23.0196,3099,0
FDNI.US,D,20230621,000000,23,23,22.723,22.723,1411,0
FDNI.US,D,20230622,000000,22.93,22.93,22.7,22.7,604,0
FDNI.US,D,20230623,000000,22.68,22.68,22.27,22.3164,1511,0
FDNI.US,D,20230626,000000,22.33,22.51,22.31,22.44,1203,0
FDNI.US,D,20230627,000000,23.0496,23.0496,22.93,22.93,429,0
FDNI.US,D,20230628,000000,23.05,23.07,22.5049,22.8855,17600,0
FDNI.US,D,20230629,000000,22.54,22.68,22.0101,22.53,8756,0
FDNI.US,D,20230630,000000,22.9002,22.9002,22.68,22.68,443,0
FDNI.US,D,20230703,000000,22.58,23.015,22.58,22.68,432,0
FDNI.US,D,20230705,000000,22.7743,23.24,22.71,22.73,1049,0
FDNI.US,D,20230706,000000,21.79,22.095,21.79,22.08,1166,0
FDNI.US,D,20230707,000000,22.64,22.64,22.39,22.39,287,0
FDNI.US,D,20230710,000000,22.6506,22.8086,22.65,22.65,480,0
FDNI.US,D,20230711,000000,22.95,23.11,22.95,23.025,735,0
FDNI.US,D,20230712,000000,23.565,23.97,23.565,23.795,1618,0
FDNI.US,D,20230713,000000,24.37,24.88,24.37,24.88,2324,0
FDNI.US,D,20230714,000000,24.3014,24.375,24.218,24.26,652,0
FDNI.US,D,20230717,000000,23.56,24.41,23.56,24.33,3252,0
FDNI.US,D,20230718,000000,23.885,23.9777,23.28,23.57,2378,0
FDNI.US,D,20230719,000000,23.77,24.19,23.77,23.9718,2008,0
FDNI.US,D,20230720,000000,23.8634,23.8634,23.49,23.49,190,0
FDNI.US,D,20230721,000000,23.35,23.43,23.35,23.43,537,0
FDNI.US,D,20230724,000000,23.12,24.1911,23.12,23.91,1681,0
FDNI.US,D,20230725,000000,24.1371,24.1371,23.88,23.88,197,0
FDNI.US,D,20230726,000000,24.1484,24.2652,24.1484,24.19,628,0
FDNI.US,D,20230727,000000,24.237,24.35,23.88,23.88,2567,0
FDNI.US,D,20230728,000000,25,25.2,24.93,25.04,4239,0
FDNI.US,D,20230731,000000,24.85,25.4529,24.85,25.39,2091,0
FDNI.US,D,20230801,000000,25.1957,25.1957,25.02,25.02,677,0
FDNI.US,D,20230802,000000,24.08,24.08,23.8905,23.91,1419,0
FDNI.US,D,20230803,000000,24.1601,24.4,24.1601,24.4,398,0
FDNI.US,D,20230804,000000,24.03,24.03,23.98,23.98,1701,0
FDNI.US,D,20230807,000000,23.8549,24.104,23.8549,23.95,379,0
FDNI.US,D,20230808,000000,23.11,23.54,23.11,23.45,883,0
FDNI.US,D,20230809,000000,23.589,23.589,23.4,23.5261,4511,0
FDNI.US,D,20230810,000000,23.88,24.01,23.856,24.01,3423,0
FDNI.US,D,20230811,000000,23.26,23.26,22.9401,23.19,2379,0
FDNI.US,D,20230814,000000,22.8713,23.18,22.87,23.18,1796,0
FDNI.US,D,20230815,000000,22.61,22.6851,22.5,22.63,21751,0
FDNI.US,D,20230816,000000,22.31,22.31,22.28,22.28,1553,0
FDNI.US,D,20230817,000000,21.69,21.69,21.69,21.69,230,0
FDNI.US,D,20230818,000000,20.86,21.3434,20.86,21.22,9025,0
FDNI.US,D,20230821,000000,21.3273,21.49,21.22,21.49,5801,0
FDNI.US,D,20230822,000000,21.4684,21.4684,21.17,21.3,908,0
FDNI.US,D,20230823,000000,21.7,21.7,21.5783,21.64,1919,0
FDNI.US,D,20230824,000000,22.44,22.44,21.66,21.66,392,0
FDNI.US,D,20230825,000000,21.3,21.49,21.296,21.49,990,0
FDNI.US,D,20230828,000000,22.0443,22.0443,21.89,21.89,914,0
FDNI.US,D,20230829,000000,22.53,22.64,22.332,22.64,3198,0
FDNI.US,D,20230830,000000,22.51,22.51,22.4213,22.4213,397,0
FDNI.US,D,20230831,000000,22.4348,22.58,22.2742,22.58,1587,0
FDNI.US,D,20230901,000000,22.99,22.9932,22.8903,22.8903,562,0
FDNI.US,D,20230905,000000,22.6965,22.6965,22.34,22.65,2680,0
FDNI.US,D,20230906,000000,22.6734,22.6734,22.32,22.5421,1670,0
FDNI.US,D,20230907,000000,21.9283,21.9702,21.79,21.9702,897,0
FDNI.US,D,20230908,000000,21.76,21.8927,21.75,21.8353,1426,0
FDNI.US,D,20230911,000000,21.76,22.1334,21.76,21.95,7068,0
FDNI.US,D,20230912,000000,22.15,22.27,22.04,22.04,14267,0
FDNI.US,D,20230913,000000,21.75,21.89,21.32,21.8388,25038,0
FDNI.US,D,20230914,000000,21.8301,22.1407,21.4901,22.09,4029,0
FDNI.US,D,20230915,000000,21.655,22.1998,21.655,21.81,1904,0
FDNI.US,D,20230918,000000,21.635,21.7432,21.1101,21.51,4306,0
FDNI.US,D,20230919,000000,21.4618,21.5743,21.2386,21.27,1949,0
FDNI.US,D,20230920,000000,21.8107,21.8107,21.1725,21.22,1211,0
FDNI.US,D,20230921,000000,20.662,20.662,20.4,20.6,1865,0
FDNI.US,D,20230922,000000,20.74,20.91,20.74,20.91,475,0
FDNI.US,D,20230925,000000,20.7966,21.0106,20.43,20.97,1278,0
FDNI.US,D,20230926,000000,20.6426,20.858,20.2961,20.2961,2303,0
FDNI.US,D,20230927,000000,20.1515,20.54,20.139,20.54,2167,0
FDNI.US,D,20230928,000000,19.81,20.54,19.81,20.2,17901,0
FDNI.US,D,20230929,000000,20.47,20.9378,20.47,20.7599,2015,0
FDNI.US,D,20231002,000000,20.26,20.74,20.26,20.36,1659,0
FDNI.US,D,20231003,000000,19.8184,19.89,19.8184,19.89,919,0
FDNI.US,D,20231004,000000,19.9936,19.9936,19.6101,19.87,2366,0
FDNI.US,D,20231005,000000,19.722,20.53,19.722,20.35,4342,0
FDNI.US,D,20231006,000000,19.79,20.95,19.78,20.61,8249,0
FDNI.US,D,20231009,000000,20.647,20.84,20.647,20.84,2401,0
FDNI.US,D,20231010,000000,21.249,21.249,20.934,21.235,3445,0
FDNI.US,D,20231011,000000,21.73,21.73,21.16,21.53,2341,0
FDNI.US,D,20231012,000000,21.21,21.56,20.83,20.86,5477,0
FDNI.US,D,20231013,000000,20.6176,20.9499,20.4944,20.4944,809,0
FDNI.US,D,20231016,000000,20.54,20.91,20.54,20.74,2005,0
FDNI.US,D,20231017,000000,20.52,20.69,20.4876,20.69,558,0
FDNI.US,D,20231018,000000,20.22,20.22,19.95,20.1,522,0
FDNI.US,D,20231019,000000,19.6139,19.8781,19.35,19.85,6202,0
FDNI.US,D,20231020,000000,19.425,19.45,19.425,19.45,297,0
FDNI.US,D,20231023,000000,19.2,19.71,19.2,19.71,6036,0
FDNI.US,D,20231024,000000,20.1392,20.28,20.05,20.23,666,0
FDNI.US,D,20231025,000000,20.22,20.22,19.4501,19.67,1703,0
FDNI.US,D,20231026,000000,19.2,19.582,19.2,19.47,2505,0
FDNI.US,D,20231027,000000,19.48,19.58,19.38,19.58,3496,0
FDNI.US,D,20231030,000000,19.9021,19.9397,19.4937,19.77,11702,0
FDNI.US,D,20231031,000000,19.2893,19.4,19.2377,19.4,1410,0
FDNI.US,D,20231101,000000,19.7261,19.7261,19.115,19.39,4145,0
FDNI.US,D,20231102,000000,20.1429,20.3818,20.1429,20.36,1251,0
FDNI.US,D,20231103,000000,21.1535,21.5,20.96,21.225,1494,0
FDNI.US,D,20231106,000000,20.7971,21.24,20.7971,21.235,1505,0
FDNI.US,D,20231107,000000,20.8559,21.25,20.8559,21.25,5139,0
FDNI.US,D,20231108,000000,21.0973,21.42,20.878,21.42,1094,0
FDNI.US,D,20231109,000000,21.4,21.4,20.95,21.07,3316,0
FDNI.US,D,20231110,000000,20.99,21.15,20.9194,21.15,1452,0
FDNI.US,D,20231113,000000,20.97,21.2601,20.935,21.06,3431,0
FDNI.US,D,20231114,000000,21.17,21.8942,21.17,21.59,1642,0
FDNI.US,D,20231115,000000,22.443,22.85,22.3,22.46,3380,0
FDNI.US,D,20231116,000000,21.65,21.9849,21.65,21.91,1603,0
FDNI.US,D,20231117,000000,21.79,21.79,21.57,21.57,356,0
FDNI.US,D,20231120,000000,21.9499,22.43,21.66,22.43,16272,0
FDNI.US,D,20231121,000000,22.03,22.1297,21.65,21.65,677,0
FDNI.US,D,20231122,000000,21.51,22.36,21.4801,22.1345,2901,0
FDNI.US,D,20231124,000000,22.23,22.5,22.22,22.5,1809,0
FDNI.US,D,20231127,000000,22.36,22.3999,22.1979,22.3,2964,0
FDNI.US,D,20231128,000000,22.06,22.5131,21.87,21.87,1113,0
FDNI.US,D,20231129,000000,22.19,22.4364,20.12,22.38,5036,0
FDNI.US,D,20231130,000000,22.39,22.44,22.067,22.44,32887,0
FDNI.US,D,20231201,000000,22.24,22.402,22.18,22.402,37066,0
FDNI.US,D,20231204,000000,21.66,22.1685,21.66,22.05,4580,0
FDNI.US,D,20231205,000000,21.33,22.1,21.33,21.98,3650,0
FDNI.US,D,20231206,000000,22.2198,22.2198,21.96,21.98,3068,0
FDNI.US,D,20231207,000000,21.98,22.08,21.97,22.07,4846,0
FDNI.US,D,20231208,000000,21.56,22.11,21.56,22.02,3255,0
FDNI.US,D,20231211,000000,22.01,22.27,21.97,22.27,20970,0
FDNI.US,D,20231212,000000,22.13,22.38,22.13,22.38,1509,0
FDNI.US,D,20231213,000000,21.88,22.33,21.85,22.33,12707,0
FDNI.US,D,20231214,000000,22.5,22.79,22.5,22.76,12104,0
FDNI.US,D,20231215,000000,22.86,22.86,22.59,22.63,3572,0
FDNI.US,D,20231218,000000,22.495,22.495,22.3018,22.42,3270,0
FDNI.US,D,20231219,000000,22.8974,22.93,22.8922,22.93,936,0
FDNI.US,D,20231220,000000,22.41,22.7117,22.2,22.2,8577,0
FDNI.US,D,20231221,000000,22.25,22.78,22.25,22.78,4454,0
FDNI.US,D,20231222,000000,21.811,21.97,21.811,21.97,2785,0
FDNI.US,D,20231226,000000,22.12,22.19,22.09,22.09,3057,0
FDNI.US,D,20231227,000000,22.16,22.2333,22.06,22.17,2372,0
FDNI.US,D,20231228,000000,22.5,22.5744,22.41,22.4518,1391,0
FDNI.US,D,20231229,000000,22.6963,22.6963,22.4986,22.52,672,0
FDNI.US,D,20240102,000000,21.83,22.07,21.83,21.97,1817,0
FDNI.US,D,20240103,000000,22.18,22.18,21.97,22.09,2395,0
FDNI.US,D,20240104,000000,21.5,22.19,21.5,22.08,3061,0
FDNI.US,D,20240105,000000,22.158,22.158,21.8,21.8,3317,0
FDNI.US,D,20240108,000000,21.35,22.01,21.35,22.01,664,0
FDNI.US,D,20240109,000000,21.7426,21.8365,21.7426,21.77,2501,0
FDNI.US,D,20240110,000000,21.82,21.84,21.73,21.78,6489,0
FDNI.US,D,20240111,000000,22.35,22.35,21.79,22.05,2570,0
FDNI.US,D,20240112,000000,22.33,22.33,22.04,22.0416,1525,0
FDNI.US,D,20240116,000000,21.14,21.5102,21.14,21.32,4162,0
FDNI.US,D,20240117,000000,20.7229,20.9535,20.69,20.9535,1057,0
FDNI.US,D,20240118,000000,21.1226,21.14,21.072,21.14,340,0
FDNI.US,D,20240119,000000,20.58,21.31,20.58,21.27,1225,0
FDNI.US,D,20240122,000000,21.36,21.36,21.02,21.0799,5977,0
FDNI.US,D,20240123,000000,21.15,21.65,21.15,21.65,2992,0
FDNI.US,D,20240124,000000,22,22.37,22,22.07,3779,0
FDNI.US,D,20240125,000000,21.88,22.02,21.88,22.02,437,0
FDNI.US,D,20240126,000000,21.92,22.06,21.92,21.94,1941,0
FDNI.US,D,20240129,000000,21.46,21.65,21.4431,21.65,821,0
FDNI.US,D,20240130,000000,21.5088,21.5112,21.37,21.39,2233,0
FDNI.US,D,20240131,000000,21.39,21.39,21.1788,21.1788,1278,0
FDNI.US,D,20240201,000000,21.3439,21.3626,21.26,21.3147,1669,0
FDNI.US,D,20240202,000000,21.26,21.4,21.24,21.3783,5480,0
FDNI.US,D,20240205,000000,21.27,21.55,21.27,21.4,2298,0
FDNI.US,D,20240206,000000,21.92,22.1903,21.92,22.1903,3588,0
FDNI.US,D,20240207,000000,21.96,22.04,21.96,22.04,426,0
FDNI.US,D,20240208,000000,21.67,22.195,21.67,22.01,2095,0
FDNI.US,D,20240209,000000,22.2,22.46,22.2,22.3938,1958,0
FDNI.US,D,20240212,000000,22.825,22.825,22.55,22.63,2331,0
FDNI.US,D,20240213,000000,21.65,22.03,21.64,21.64,1146,0
FDNI.US,D,20240214,000000,22.15,22.31,21.9801,22.31,13381,0
FDNI.US,D,20240215,000000,21.89,22.59,21.89,22.56,3186,0
FDNI.US,D,20240216,000000,22.71,22.8011,22.54,22.54,14202,0
FDNI.US,D,20240220,000000,22.12,22.27,22.0795,22.27,1872,0
FDNI.US,D,20240221,000000,22.47,22.47,22.15,22.2646,2557,0
FDNI.US,D,20240222,000000,22.26,22.5979,22.26,22.45,9403,0
FDNI.US,D,20240223,000000,22.88,22.88,22.4718,22.61,1267,0
FDNI.US,D,20240226,000000,22.4969,22.55,22.42,22.43,2597,0
FDNI.US,D,20240227,000000,22.62,22.72,22.62,22.64,841,0
FDNI.US,D,20240228,000000,22.21,22.26,22.1401,22.2133,2613,0
FDNI.US,D,20240229,000000,22.45,22.45,22.135,22.2025,8154,0
FDNI.US,D,20240301,000000,22.55,22.65,22.53,22.55,7020,0
FDNI.US,D,20240304,000000,22.3047,22.3047,22.14,22.14,1893,0
FDNI.US,D,20240305,000000,21.83,21.86,21.83,21.86,334,0
FDNI.US,D,20240306,000000,22,22.38,22,22.17,4566,0
FDNI.US,D,20240307,000000,22.15,22.2747,22.15,22.2747,2056,0
FDNI.US,D,20240308,000000,22.34,22.355,22.0894,22.0894,2900,0
FDNI.US,D,20240311,000000,22.43,22.5,22.39,22.39,865,0
FDNI.US,D,20240312,000000,22.86,22.985,22.8519,22.92,3299,0
FDNI.US,D,20240313,000000,23.3865,23.3865,23.18,23.18,2168,0
FDNI.US,D,20240314,000000,23,23,22.6704,22.832,11034,0
FDNI.US,D,20240315,000000,22.69,22.69,22.6448,22.6448,339,0
FDNI.US,D,20240318,000000,22.83,22.83,22.7014,22.76,1462,0
FDNI.US,D,20240319,000000,22.7,22.7613,22.68,22.7613,230,0
FDNI.US,D,20240320,000000,22.75,23.21,22.75,23.21,3331,0
FDNI.US,D,20240321,000000,23.2223,23.2223,22.84,22.8894,2267,0
FDNI.US,D,20240322,000000,22.86,22.86,22.7,22.7347,26629,0
FDNI.US,D,20240325,000000,22.731,22.7632,22.7187,22.7187,1389,0
FDNI.US,D,20240326,000000,22.8598,22.92,22.76,22.76,2031,0
FDNI.US,D,20240327,000000,22.73,22.7922,22.68,22.7922,1148,0
FDNI.US,D,20240328,000000,22.96,23,22.8965,22.8965,1506,0
FDNI.US,D,20240401,000000,23.2501,23.36,23.11,23.19,11132,0
FDNI.US,D,20240402,000000,23.4,23.4,22.86,23.0498,918,0
FDNI.US,D,20240403,000000,23.13,23.19,23.13,23.1875,3935,0
FDNI.US,D,20240404,000000,23.25,23.25,22.8544,22.8544,491,0
FDNI.US,D,20240405,000000,22.9,23.02,22.9,22.9764,3588,0
FDNI.US,D,20240408,000000,23,23,22.97,22.9918,732,0
FDNI.US,D,20240409,000000,23.1114,23.12,22.95,23.0861,14268,0
FDNI.US,D,20240410,000000,22.96,22.96,22.79,22.82,1139,0
FDNI.US,D,20240411,000000,22.945,22.9988,22.81,22.9988,2156,0
FDNI.US,D,20240412,000000,22.32,22.32,22.2392,22.27,903,0
FDNI.US,D,20240415,000000,22.2877,22.2877,22,22,2916,0
FDNI.US,D,20240416,000000,22.01,22.09,21.96,22.02,3350,0
FDNI.US,D,20240417,000000,22,22,21.82,21.86,8218,0
FDNI.US,D,20240418,000000,22.09,22.18,21.95,21.9769,12868,0
FDNI.US,D,20240419,000000,21.81,21.93,21.81,21.835,5114,0
FDNI.US,D,20240422,000000,22.42,22.62,22.4199,22.62,4703,0
FDNI.US,D,20240423,000000,23.1431,23.39,23.1431,23.334,3756,0
FDNI.US,D,20240424,000000,23.4,23.515,23.33,23.44,20918,0
FDNI.US,D,20240425,000000,22.95,23.25,22.95,23.19,2362,0
FDNI.US,D,20240426,000000,23.25,23.68,23.25,23.52,1902,0
FDNI.US,D,20240429,000000,23.46,23.57,23.46,23.57,2078,0
FDNI.US,D,20240430,000000,23.16,23.16,22.99,22.99,1556,0
FDNI.US,D,20240501,000000,23.03,23.44,23.03,23.143,1458,0
FDNI.US,D,20240502,000000,23.83,24.54,23.83,24.409,2673,0
FDNI.US,D,20240503,000000,24.8,24.8605,24.6639,24.8605,3133,0
FDNI.US,D,20240506,000000,25.0099,25.0099,24.94,24.97,2202,0
FDNI.US,D,20240507,000000,24.65,24.73,24.621,24.73,2723,0
FDNI.US,D,20240508,000000,24.21,24.21,23.862,24.08,4786,0
FDNI.US,D,20240509,000000,24.25,24.4038,24.25,24.39,1770,0
FDNI.US,D,20240510,000000,24.17,24.2051,24.17,24.2,830,0
FDNI.US,D,20240513,000000,24.57,24.795,24.57,24.69,2528,0
FDNI.US,D,20240514,000000,24.72,24.83,24.72,24.83,5922,0
FDNI.US,D,20240515,000000,24.95,25.2,24.95,25.2,1841,0
FDNI.US,D,20240516,000000,25.31,25.55,25.31,25.5,4396,0
FDNI.US,D,20240517,000000,25.34,25.655,25.34,25.55,3655,0
FDNI.US,D,20240520,000000,25.48,25.5,25.36,25.38,2154,0
FDNI.US,D,20240521,000000,25.11,25.19,25.07,25.19,1812,0
FDNI.US,D,20240522,000000,24.9507,24.9507,24.81,24.81,941,0
FDNI.US,D,20240523,000000,24.87,24.87,24.51,24.57,16006,0
FDNI.US,D,20240524,000000,24.16,24.7332,24.16,24.68,1251,0
FDNI.US,D,20240528,000000,24.42,24.45,24.42,24.45,319,0
FDNI.US,D,20240529,000000,24.04,24.0847,24.04,24.0847,961,0
FDNI.US,D,20240530,000000,24.18,24.3,24.18,24.24,3310,0
FDNI.US,D,20240531,000000,24,24,24,24,510,0
FDNI.US,D,20240603,000000,23.71,24.23,23.71,24.09,1660,0
FDNI.US,D,20240604,000000,24.17,24.25,24.17,24.25,659,0
FDNI.US,D,20240605,000000,24.68,24.68,24.325,24.53,889,0
FDNI.US,D,20240606,000000,24.5322,24.5322,24.52,24.53,914,0
FDNI.US,D,20240607,000000,24.205,24.205,23.99,23.99,10496,0
FDNI.US,D,20240610,000000,24.25,24.2833,24.23,24.23,959,0
FDNI.US,D,20240611,000000,24.19,24.19,24.07,24.07,4762,0
FDNI.US,D,20240612,000000,24.535,24.65,24.535,24.65,2663,0
FDNI.US,D,20240613,000000,24.42,24.42,24.2209,24.23,1846,0
FDNI.US,D,20240614,000000,24.04,24.17,24.005,24.1,6099,0
FDNI.US,D,20240617,000000,24.18,24.33,24.18,24.3288,3483,0
FDNI.US,D,20240618,000000,24.12,24.16,24.05,24.1392,7033,0
FDNI.US,D,20240620,000000,23.63,24.28,23.63,23.94,12809,0
FDNI.US,D,20240621,000000,23.903,23.97,23.9011,23.9509,4057,0
FDNI.US,D,20240624,000000,24.01,24.12,23.97,24.02,84595,0
FDNI.US,D,20240625,000000,23.835,23.89,23.8001,23.8378,2118,0
FDNI.US,D,20240626,000000,23.815,23.815,23.7474,23.7474,2301,0
FDNI.US,D,20240627,000000,23.71,23.71,23.4,23.4,577,0
FDNI.US,D,20240628,000000,23.425,23.425,23.29,23.32,600,0
FDNI.US,D,20240701,000000,23,23.21,23,23.21,1216,0
FDNI.US,D,20240702,000000,23.28,23.38,23.27,23.38,2680,0
FDNI.US,D,20240703,000000,23.82,23.82,23.8,23.8,1024,0
FDNI.US,D,20240705,000000,23.74,23.87,23.7,23.8,3504,0
FDNI.US,D,20240708,000000,23.61,23.726,23.6,23.6,935,0
FDNI.US,D,20240709,000000,23.91,23.92,23.88,23.88,1740,0
FDNI.US,D,20240710,000000,23.965,23.9973,23.957,23.995,2722,0
FDNI.US,D,20240711,000000,23.79,24.34,23.79,24.23,508,0
FDNI.US,D,20240712,000000,24.89,24.89,24.55,24.55,823,0
FDNI.US,D,20240715,000000,24.27,24.33,24.1,24.1,985,0
FDNI.US,D,20240716,000000,24.22,24.22,24.16,24.22,1242,0
FDNI.US,D,20240717,000000,23.89,23.89,23.71,23.83,253677,0
FDNI.US,D,20240718,000000,23.84,23.8423,23.51,23.51,715,0
FDNI.US,D,20240719,000000,23.56,23.56,23.31,23.355,6369,0
FDNI.US,D,20240722,000000,22.95,23.76,22.95,23.69,1232,0
FDNI.US,D,20240723,000000,23.53,23.68,23.52,23.64,4840,0
FDNI.US,D,20240724,000000,23.37,23.3801,23.12,23.12,1201,0
FDNI.US,D,20240725,000000,23.0823,23.0823,22.9039,22.9039,1086,0
FDNI.US,D,20240726,000000,23.17,23.17,23.0433,23.0433,1376,0
FDNI.US,D,20240729,000000,22.93,23.05,22.93,23.0232,1371,0
FDNI.US,D,20240730,000000,22.96,23.0593,22.9049,22.9049,4201,0
FDNI.US,D,20240731,000000,23.01,23.3888,23.01,23.34,1931,0
FDNI.US,D,20240801,000000,23.05,23.05,22.91,22.9473,12559,0
FDNI.US,D,20240802,000000,22.31,22.53,22.31,22.48,2183,0
FDNI.US,D,20240805,000000,22.25,22.307,21.82,22.1907,2578,0
FDNI.US,D,20240806,000000,22.31,22.59,22.31,22.3897,2970,0
FDNI.US,D,20240807,000000,23.087,23.095,22.681,22.7224,9919,0
FDNI.US,D,20240808,000000,22.71,23.61,22.71,23.56,4809,0
FDNI.US,D,20240809,000000,23.6,23.6469,23.5999,23.6469,893,0
FDNI.US,D,20240812,000000,23.76,23.7901,23.6901,23.72,1645,0
FDNI.US,D,20240813,000000,24.07,24.081,24.045,24.081,1209,0
FDNI.US,D,20240814,000000,23.81,23.9152,23.81,23.9152,260,0
FDNI.US,D,20240815,000000,23.82,24.46,23.82,24.44,1357,0
FDNI.US,D,20240816,000000,24.5,24.88,24.5,24.88,1039,0
FDNI.US,D,20240819,000000,24.6,25.12,24.6,25.12,1184,0
FDNI.US,D,20240820,000000,24.91,24.91,24.61,24.61,755,0
FDNI.US,D,20240821,000000,24.89,25,24.89,25,352,0
FDNI.US,D,20240822,000000,25.08,25.08,24.79,24.8063,2292,0
FDNI.US,D,20240823,000000,25,25.07,24.92,25.045,1907,0
FDNI.US,D,20240826,000000,24.09,24.09,24.09,24.09,201,0
FDNI.US,D,20240827,000000,24.12,24.19,24.01,24.01,3009,0
FDNI.US,D,20240828,000000,23.675,23.675,23.5728,23.66,850,0
FDNI.US,D,20240829,000000,23.74,23.99,23.74,23.88,3201,0
FDNI.US,D,20240830,000000,23.93,24.3,23.93,24.3,2960,0
FDNI.US,D,20240903,000000,24.0023,24.0023,23.8086,23.8086,1245,0
FDNI.US,D,20240904,000000,23.88,23.88,23.8,23.8389,1037,0
FDNI.US,D,20240905,000000,23.84,23.87,23.77,23.8342,878,0
FDNI.US,D,20240906,000000,23.35,23.375,23.35,23.375,420,0
FDNI.US,D,20240909,000000,23.4601,23.58,23.43,23.58,12793,0
FDNI.US,D,20240910,000000,23.56,23.71,23.49,23.657,3149,0
FDNI.US,D,20240911,000000,24.14,24.14,23.59,24.11,3091,0
FDNI.US,D,20240912,000000,24.11,24.24,24.1016,24.13,2287,0
FDNI.US,D,20240913,000000,24.11,24.15,24.11,24.14,1584,0
FDNI.US,D,20240916,000000,24.31,24.38,24.22,24.343,6181,0
FDNI.US,D,20240917,000000,24.29,24.705,24.29,24.6,1386,0
FDNI.US,D,20240918,000000,24.5375,24.775,24.48,24.6194,12641,0
FDNI.US,D,20240919,000000,25.46,25.56,25.46,25.5217,738,0
FDNI.US,D,20240920,000000,25.46,25.485,25.43,25.46,804,0
FDNI.US,D,20240923,000000,25.815,25.89,25.81,25.89,904,0
FDNI.US,D,20240924,000000,26.66,27.26,26.66,27.18,1857,0
FDNI.US,D,20240925,000000,27.33,27.33,26.87,26.94,1793,0
FDNI.US,D,20240926,000000,28.31,28.7587,28.31,28.7587,1295,0
FDNI.US,D,20240927,000000,29.6118,29.88,29.6118,29.88,759,0
FDNI.US,D,20240930,000000,29.64,29.64,28.64,28.64,55791,0
FDNI.US,D,20241001,000000,28.98,29.64,28.98,29.51,3358,0
FDNI.US,D,20241002,000000,30.4765,30.65,30.3863,30.64,2317,0
FDNI.US,D,20241003,000000,30.42,30.67,30.345,30.4493,11406,0
FDNI.US,D,20241004,000000,30.91,30.97,30.8,30.93,1575,0
FDNI.US,D,20241007,000000,31.315,31.339,30.81,31.25,9557,0
FDNI.US,D,20241008,000000,30,30,29.49,29.7698,9847,0
FDNI.US,D,20241009,000000,29.64,29.82,29.53,29.6779,3882,0
FDNI.US,D,20241010,000000,29.715,29.84,29.64,29.7378,3552,0
FDNI.US,D,20241011,000000,29.75,30.03,29.75,30.03,1343,0
FDNI.US,D,20241014,000000,29.72,29.72,29.375,29.375,2423,0
FDNI.US,D,20241015,000000,28.562,28.562,28.1598,28.23,3440,0
FDNI.US,D,20241016,000000,28.39,28.55,28.39,28.41,717,0
FDNI.US,D,20241017,000000,28.0499,28.0499,27.82,27.88,4286,0
FDNI.US,D,20241018,000000,28.97,28.97,28.67,28.735,1301,0
FDNI.US,D,20241021,000000,28.94,28.94,28.27,28.48,4601,0
FDNI.US,D,20241022,000000,29.06,29.06,28.5367,28.82,6812,0
FDNI.US,D,20241023,000000,28.75,28.82,28.0301,28.145,27204,0
FDNI.US,D,20241024,000000,25.89,28.7,25.89,28.485,2265,0
FDNI.US,D,20241025,000000,28.32,28.32,28,28.2675,462,0
FDNI.US,D,20241028,000000,28.76,28.8084,28.63,28.7291,3377,0
FDNI.US,D,20241029,000000,28.81,28.89,28.735,28.77,19236,0
FDNI.US,D,20241030,000000,28.35,28.62,28.33,28.41,7203,0
FDNI.US,D,20241031,000000,28.23,28.23,27.72,27.72,1167,0
FDNI.US,D,20241101,000000,28.42,29.43,28.05,28.23,4913,0
FDNI.US,D,20241104,000000,28.95,28.95,28.34,28.385,3694,0
