<TICKER>,<PER>,<DATE>,<TIME>,<OPEN>,<HIGH>,<LOW>,<CLOSE>,<VOL>,<OPENINT>
FICS.US,D,20201217,000000,29.8498,29.8498,29.8389,29.8399,1032.8088975499,0
FICS.US,D,20201218,000000,29.7877,29.7877,29.7807,29.7807,548.86995439536,0
FICS.US,D,20201221,000000,29.1697,29.5422,29.1697,29.5422,349.0041854196,0
FICS.US,D,20201222,000000,29.5009,29.5768,29.4812,29.5551,4627.3490979616,0
FICS.US,D,20201223,000000,29.695,29.7039,29.6851,29.6851,1076.4344207273,0
FICS.US,D,20201229,000000,30.2391,30.2401,30.2036,30.2036,531.62265453451,0
FICS.US,D,20201230,000000,30.315,30.315,30.183,30.183,682.79016507963,0
FICS.US,D,20201231,000000,30.0844,30.1415,30.0755,30.0893,4249.9375951242,0
FICS.US,D,20210105,000000,30.5781,30.5781,30.5506,30.5703,4018.6208675786,0
FICS.US,D,20210106,000000,30.3574,30.6087,30.3574,30.6087,607.71368333239,0
FICS.US,D,20210107,000000,30.5298,30.5298,30.4944,30.4944,856.27771073879,0
FICS.US,D,20210111,000000,30.589,30.589,30.5308,30.5308,2573.9058674696,0
FICS.US,D,20210112,000000,30.5407,30.6876,30.528,30.6876,1237.7474017788,0
FICS.US,D,20210113,000000,30.6462,30.7152,30.6087,30.6087,773.08485258644,0
FICS.US,D,20210114,000000,30.7743,30.7743,30.7309,30.7309,535.68084273706,0
FICS.US,D,20210115,000000,30.4825,30.4825,30.4116,30.4116,356.10601477407,0
FICS.US,D,20210119,000000,30.6186,30.6274,30.6028,30.6127,937.44147478986,0
FICS.US,D,20210120,000000,30.6757,30.7152,30.6757,30.7152,1748.0645682499,0
FICS.US,D,20210121,000000,30.7743,30.8325,30.7349,30.8325,642.20828305409,0
FICS.US,D,20210122,000000,30.8325,30.9104,30.7743,30.7911,2637.8223316598,0
FICS.US,D,20210125,000000,30.8512,30.8522,30.8315,30.8453,877.5831988022,0
FICS.US,D,20210127,000000,30.3081,30.4234,30.181,30.181,1419.3513238431,0
FICS.US,D,20210128,000000,30.3564,30.521,30.3475,30.3849,8158.9873812338,0
FICS.US,D,20210129,000000,30.0647,30.0647,29.6064,29.6813,1542.1115169703,0
FICS.US,D,20210201,000000,30.0055,30.0055,30.0055,30.0055,241.46219805193,0
FICS.US,D,20210202,000000,30.3179,30.4481,30.3179,30.4481,1579.649757844,0
FICS.US,D,20210203,000000,30.4777,30.4777,30.4737,30.4737,102.46925211448,0
FICS.US,D,20210204,000000,30.181,30.3751,30.181,30.3623,1954.0176195295,0
FICS.US,D,20210205,000000,30.4727,30.4727,30.4332,30.4332,337.84416786258,0
FICS.US,D,20210209,000000,30.7349,30.7349,30.7349,30.7349,202.90941012768,0
FICS.US,D,20210210,000000,30.7152,30.7931,30.7063,30.7063,3560.0456006901,0
FICS.US,D,20210212,000000,31.1577,31.2356,31.1577,31.2356,634.09190664899,0
FICS.US,D,20210216,000000,31.4633,31.4731,31.4633,31.4731,361.17875002726,0
FICS.US,D,20210217,000000,31.0563,31.135,31.0563,31.135,459.58981393919,0
FICS.US,D,20210218,000000,30.9478,31.138,30.9478,31.138,3753.824087362,0
FICS.US,D,20210222,000000,31.0168,31.0178,31.0168,31.0178,1028.7507093473,0
FICS.US,D,20210223,000000,30.6757,30.7496,30.6757,30.7496,4159.6429076174,0
FICS.US,D,20210224,000000,30.4825,30.6462,30.4825,30.6462,2735.2188485211,0
FICS.US,D,20210226,000000,29.8212,29.8212,29.6753,29.6753,165.37116925406,0
FICS.US,D,20210301,000000,30.2391,30.2391,30.1869,30.1869,1421.3804179444,0
FICS.US,D,20210302,000000,30.2982,30.2982,30.2982,30.2982,356.10601477407,0
FICS.US,D,20210303,000000,30.1031,30.1031,29.9286,29.9286,537.70993683834,0
FICS.US,D,20210305,000000,29.4279,29.5235,29.4279,29.5235,306.39320929279,0
FICS.US,D,20210308,000000,29.4033,29.4033,29.2298,29.2298,1326.0129951844,0
FICS.US,D,20210310,000000,29.9188,29.9729,29.8695,29.9729,529.59356043323,0
FICS.US,D,20210311,000000,30.3574,30.3574,30.2982,30.2982,1717.6281567308,0
FICS.US,D,20210312,000000,30.2204,30.3584,30.2204,30.3584,1557.3297227299,0
FICS.US,D,20210316,000000,30.6955,30.6955,30.656,30.656,1795.7482796299,0
FICS.US,D,20210318,000000,30.588,30.589,30.3742,30.3742,760.91028797878,0
FICS.US,D,20210319,000000,30.3849,30.4067,30.3849,30.4067,1480.2241468814,0
FICS.US,D,20210322,000000,30.7349,30.7349,30.657,30.657,10049.088536574,0
FICS.US,D,20210324,000000,30.384,30.384,30.2687,30.2687,294.21864468513,0
FICS.US,D,20210325,000000,30.3849,30.3849,30.3849,30.3849,269.86951546981,0
FICS.US,D,20210326,000000,30.7458,30.7458,30.7458,30.7458,184.64756321618,0
FICS.US,D,20210330,000000,30.7458,30.7458,30.6965,30.6984,816.71037576389,0
FICS.US,D,20210331,000000,30.8039,30.8039,30.7063,30.7063,1112.9581145503,0
FICS.US,D,20210401,000000,31.1755,31.1755,31.1755,31.1755,300.30592698896,0
FICS.US,D,20210405,000000,31.5343,31.7561,31.5343,31.7561,1037.8816328031,0
FICS.US,D,20210406,000000,31.4751,31.4751,31.3785,31.3973,1805.8937501363,0
FICS.US,D,20210407,000000,31.3105,31.3785,31.3105,31.3785,443.35706112897,0
FICS.US,D,20210409,000000,31.9246,31.9246,31.9246,31.9246,337.84416786258,0
FICS.US,D,20210412,000000,31.895,31.895,31.8556,31.8556,863.37954009326,0
FICS.US,D,20210414,000000,32.031,32.031,32.0123,32.0123,472.77892559748,0
FICS.US,D,20210415,000000,32.2548,32.2548,32.2548,32.2548,102.46925211448,0
FICS.US,D,20210416,000000,32.4401,32.4795,32.4401,32.4795,987.15428027114,0
FICS.US,D,20210419,000000,32.6155,32.6155,32.3819,32.3819,698.0083708392,0
FICS.US,D,20210420,000000,31.9542,32.0596,31.9542,32.0083,441.32796702769,0
FICS.US,D,20210423,000000,32.4203,32.4845,32.4203,32.4845,811.6376405107,0
FICS.US,D,20210427,000000,32.1967,32.2361,32.1967,32.2164,3313.5106673849,0
FICS.US,D,20210428,000000,32.1385,32.2065,32.1385,32.1907,1350.3621243997,0
FICS.US,D,20210429,000000,32.1484,32.1484,32.0803,32.0803,617.85915383877,0
FICS.US,D,20210503,000000,32.0902,32.0902,32.0902,32.0902,205.95305127959,0
FICS.US,D,20210504,000000,31.6712,31.6802,31.6712,31.6802,735.54661171282,0
FICS.US,D,20210512,000000,31.6811,31.6811,31.6466,31.6466,3922.238897768,0
FICS.US,D,20210513,000000,31.8654,31.9916,31.8654,31.9916,3586.4238240067,0
FICS.US,D,20210514,000000,32.3021,32.3909,32.3021,32.3909,591.48093052217,0
FICS.US,D,20210517,000000,32.4302,32.4382,32.4302,32.4382,156.24024579831,0
FICS.US,D,20210520,000000,32.9763,32.9763,32.9763,32.9763,174.5020927098,0
FICS.US,D,20210521,000000,33.1114,33.1498,32.9961,33.067,2638.8368787104,0
FICS.US,D,20210525,000000,33.336,33.3548,33.3262,33.3528,1086.5798912337,0
FICS.US,D,20210526,000000,33.4268,33.4268,33.3312,33.3312,769.02666438389,0
FICS.US,D,20210527,000000,33.3942,33.3942,33.3459,33.3459,539.73903093962,0
FICS.US,D,20210528,000000,33.3765,33.3992,33.3765,33.3992,652.35375356048,0
FICS.US,D,20210601,000000,33.551,33.551,33.551,33.551,129.86202248171,0
FICS.US,D,20210602,000000,33.3075,33.3509,33.3075,33.3509,2247.221717164,0
FICS.US,D,20210604,000000,33.5805,33.5805,33.5805,33.5805,160.29843400086,0
FICS.US,D,20210607,000000,33.6239,33.6554,33.6239,33.6554,1063.245309069,0
FICS.US,D,20210608,000000,33.7165,33.7165,33.7165,33.7165,308.42230339407,0
FICS.US,D,20210610,000000,33.7353,33.8239,33.7353,33.7708,1969.2358252891,0
FICS.US,D,20210611,000000,33.7944,33.7944,33.7944,33.7944,237.40400984938,0
FICS.US,D,20210614,000000,33.8614,33.9314,33.8456,33.9314,909.03415737199,0
FICS.US,D,20210616,000000,34.1344,34.1344,33.8289,33.8289,189.72029846938,0
FICS.US,D,20210617,000000,33.7452,33.7452,33.6278,33.6406,4553.287163265,0
FICS.US,D,20210618,000000,33.199,33.3459,33.199,33.3459,322.625962103,0
FICS.US,D,20210622,000000,33.7746,33.8042,33.7746,33.8042,204.93850422895,0
FICS.US,D,20210623,000000,33.5894,33.6091,33.5263,33.5263,634.09190664899,0
FICS.US,D,20210625,000000,33.8851,33.9334,33.8851,33.9334,2457.2329566462,0
FICS.US,D,20210628,000000,33.8654,33.892,33.8555,33.892,1857.6356497189,0
FICS.US,D,20210701,000000,33.8358,33.8654,33.8358,33.8654,1517.762387755,0
FICS.US,D,20210702,000000,33.8752,34.03,33.8752,34.03,2150.8397473534,0
FICS.US,D,20210706,000000,34.0211,34.0211,33.8821,33.8821,3516.4200775126,0
FICS.US,D,20210707,000000,34.1867,34.3109,34.1867,34.2458,1223.5437430699,0
FICS.US,D,20210708,000000,33.7175,33.9235,33.7175,33.8358,951.6451334988,0
FICS.US,D,20210709,000000,34.1384,34.1975,34.1384,34.1443,2980.7392347756,0
FICS.US,D,20210713,000000,34.3158,34.3405,34.3158,34.3405,1468.0495822737,0
FICS.US,D,20210714,000000,34.5021,34.5021,34.4567,34.4567,371.32422053365,0
FICS.US,D,20210715,000000,34.1196,34.2045,34.1196,34.2045,101.45470506384,0
FICS.US,D,20210716,000000,34.1975,34.1975,34.0221,34.0221,1415.2931356405,0
FICS.US,D,20210719,000000,33.678,33.678,33.6673,33.6673,2426.796545127,0
FICS.US,D,20210720,000000,33.9038,33.9698,33.9038,33.9698,597.568212826,0
FICS.US,D,20210721,000000,34.1196,34.2774,34.1196,34.2774,6885.7308326827,0
FICS.US,D,20210722,000000,34.3552,34.375,34.2616,34.3049,10493.460144753,0
FICS.US,D,20210723,000000,34.7091,34.7475,34.7091,34.7141,4220.5157306557,0
FICS.US,D,20210726,000000,34.512,34.5613,34.512,34.5613,570.17544245877,0
FICS.US,D,20210727,000000,34.4627,34.505,34.4577,34.505,1745.020927098,0
FICS.US,D,20210728,000000,34.4144,34.6401,34.4144,34.6036,10154.601429839,0
FICS.US,D,20210729,000000,34.9387,34.9831,34.9072,34.9072,5143.7535467366,0
FICS.US,D,20210730,000000,34.8845,34.8845,34.7594,34.8008,20036.289703057,0
FICS.US,D,20210803,000000,35.1694,35.1704,35.1694,35.1704,621.91734204133,0
FICS.US,D,20210804,000000,35.1891,35.1891,35.1605,35.1605,1064.2598561197,0
FICS.US,D,20210805,000000,35.4533,35.4533,35.4306,35.4306,151.16751054512,0
FICS.US,D,20210806,000000,35.2867,35.2867,35.1782,35.1792,978.0233568154,0
FICS.US,D,20210810,000000,35.1989,35.2088,35.1201,35.1674,6483.9702006299,0
FICS.US,D,20210811,000000,35.3656,35.3951,35.3014,35.3656,6191.780650046,0
FICS.US,D,20210812,000000,35.4227,35.4405,35.4227,35.4405,516.40444877493,0
FICS.US,D,20210813,000000,35.6405,35.7037,35.6405,35.7037,351.03327952088,0
FICS.US,D,20210816,000000,35.4,35.5213,35.3951,35.5213,1277.3147367537,0
FICS.US,D,20210817,000000,35.3557,35.4237,35.3557,35.4237,490.02622545834,0
FICS.US,D,20210818,000000,35.3557,35.4346,35.267,35.267,4585.7526688855,0
FICS.US,D,20210819,000000,34.8944,35.1004,34.8944,35.1004,4437.6287994923,0
FICS.US,D,20210820,000000,35.1299,35.3054,35.1299,35.3054,2895.5172825219,0
FICS.US,D,20210823,000000,35.5222,35.5419,35.4838,35.4838,1225.5728371712,0
FICS.US,D,20210824,000000,35.4838,35.5134,35.4838,35.5035,3236.4050915364,0
FICS.US,D,20210825,000000,35.2965,35.4336,35.2965,35.405,5729.1471949549,0
FICS.US,D,20210826,000000,35.2285,35.3163,35.2118,35.2118,5941.1875285383,0
FICS.US,D,20210827,000000,35.2887,35.5518,35.2887,35.5419,2882.3281708636,0
FICS.US,D,20210830,000000,35.5715,35.6031,35.5715,35.5725,1756.180944655,0
FICS.US,D,20210831,000000,35.5409,35.5419,35.5134,35.5134,1885.0284200861,0
FICS.US,D,20210901,000000,35.8574,35.8574,35.7864,35.7864,440.31341997706,0
FICS.US,D,20210902,000000,35.9934,36.0229,35.9736,36.0003,1938.7994137699,0
FICS.US,D,20210903,000000,36.0624,36.0624,36.0525,36.0525,1521.8205759576,0
FICS.US,D,20210907,000000,36.091,36.091,36.0525,36.0525,232.33127459619,0
FICS.US,D,20210908,000000,35.8752,35.8752,35.7085,35.748,7584.7537505725,0
FICS.US,D,20210909,000000,35.7085,35.7085,35.5912,35.6109,2385.2001160508,0
FICS.US,D,20210910,000000,35.7973,35.7973,35.6997,35.6997,2154.8979355559,0
FICS.US,D,20210913,000000,35.5518,35.5912,35.5518,35.5902,1078.4635148286,0
FICS.US,D,20210914,000000,35.68,35.68,35.5213,35.5213,1573.5624755401,0
FICS.US,D,20210915,000000,35.4739,35.6011,35.4739,35.5824,3505.2600599556,0
FICS.US,D,20210916,000000,35.5035,35.5035,35.5035,35.5035,1107.8853792971,0
FICS.US,D,20210917,000000,35.3458,35.3458,35.1595,35.1989,5289.8483220285,0
FICS.US,D,20210920,000000,34.5317,34.7179,34.3947,34.646,2299.9781637972,0
FICS.US,D,20210921,000000,35.1349,35.2384,35.1172,35.1172,1652.6971454899,0
FICS.US,D,20210922,000000,35.2384,35.2867,35.1428,35.1428,1922.5666609597,0
FICS.US,D,20210923,000000,35.5232,35.5419,35.5134,35.5193,1649.653504338,0
FICS.US,D,20210924,000000,35.1299,35.1299,35.1004,35.1004,714.24112364942,0
FICS.US,D,20210927,000000,34.8747,34.8747,34.5899,34.5899,1357.4639537542,0
FICS.US,D,20210928,000000,33.8929,33.8929,33.5194,33.5194,1167.7436552848,0
FICS.US,D,20210929,000000,33.6959,33.6959,33.5164,33.5164,375.3824087362,0
FICS.US,D,20210930,000000,33.6574,33.7057,33.5047,33.5095,12269.932030421,0
FICS.US,D,20211001,000000,33.6278,33.6278,33.3035,33.5292,7367.6406817359,0
FICS.US,D,20211004,000000,33.1951,33.2622,33.1656,33.2622,1332.1002774882,0
FICS.US,D,20211005,000000,33.3528,33.4504,33.3232,33.3341,14354.826219482,0
FICS.US,D,20211006,000000,32.9792,33.2394,32.9792,33.2326,2357.8073456836,0
FICS.US,D,20211007,000000,33.5973,33.6959,33.5244,33.5244,16044.047058796,0
FICS.US,D,20211008,000000,33.4997,33.4997,33.4109,33.4484,4252.9812362761,0
FICS.US,D,20211011,000000,33.4701,33.4701,33.2602,33.2602,439.29887292642,0
FICS.US,D,20211012,000000,33.3912,33.4504,33.3912,33.4504,1127.1617732592,0
FICS.US,D,20211013,000000,33.5884,33.9708,33.5884,33.9225,14999.063596638,0
FICS.US,D,20211014,000000,34.2162,34.2458,34.2162,34.2379,791.34669949794,0
FICS.US,D,20211015,000000,34.2941,34.4814,34.2882,34.3947,26295.030458445,0
FICS.US,D,20211018,000000,34.1374,34.2655,34.1187,34.2389,9951.6920197119,0
FICS.US,D,20211019,000000,34.5159,34.5603,34.4528,34.4627,5535.368708283,0
FICS.US,D,20211020,000000,34.58,34.6686,34.58,34.6243,2050.3995893402,0
FICS.US,D,20211021,000000,34.6292,34.6292,34.5652,34.6155,9045.7015034918,0
FICS.US,D,20211022,000000,35.0511,35.0511,35.0019,35.0136,3396.7035255373,0
FICS.US,D,20211025,000000,34.8944,34.8944,34.7564,34.8205,2037.2104776819,0
FICS.US,D,20211026,000000,34.9141,34.9141,34.9141,34.9141,1141.3654319682,0
FICS.US,D,20211027,000000,34.9141,34.9141,34.7318,34.7318,354.07692067279,0
FICS.US,D,20211028,000000,34.8155,35.1398,34.8155,35.1398,785.2594171941,0
FICS.US,D,20211029,000000,34.923,34.9644,34.923,34.9644,1768.3555092627,0
FICS.US,D,20211101,000000,35.1299,35.2187,35.1299,35.2187,3575.2638064496,0
FICS.US,D,20211102,000000,35.4365,35.4444,35.404,35.404,1834.3010675542,0
FICS.US,D,20211103,000000,35.4838,35.7983,35.472,35.7933,3745.7077109569,0
FICS.US,D,20211104,000000,35.7194,35.7194,35.6504,35.6602,1890.1011553393,0
FICS.US,D,20211105,000000,35.7095,35.7095,35.5912,35.6218,1783.5737150223,0
FICS.US,D,20211108,000000,35.7588,35.7588,35.6504,35.6701,2894.5027354713,0
FICS.US,D,20211109,000000,35.6109,35.679,35.6109,35.679,5409.5648740038,0
FICS.US,D,20211110,000000,35.3271,35.3754,35.2354,35.2522,879.61229290347,0
FICS.US,D,20211111,000000,35.3951,35.405,35.3951,35.405,707.13929429495,0
FICS.US,D,20211115,000000,35.5528,35.7293,35.4346,35.4543,2212.7271174423,0
FICS.US,D,20211116,000000,35.4543,35.5331,35.3863,35.3863,4327.0431709727,0
FICS.US,D,20211117,000000,35.4444,35.5065,35.4434,35.5065,871.49591649837,0
FICS.US,D,20211118,000000,35.6405,35.68,35.6228,35.68,1847.4901792125,0
FICS.US,D,20211119,000000,35.7184,35.7194,35.5617,35.5617,5744.3654007145,0
FICS.US,D,20211122,000000,35.5232,35.5232,35.2541,35.2541,969.90698041029,0
FICS.US,D,20211123,000000,35.2581,35.2581,34.8747,35.0403,8929.0285926684,0
FICS.US,D,20211124,000000,34.8057,34.8155,34.7662,34.786,3575.2638064496,0
FICS.US,D,20211129,000000,34.3838,34.577,34.3838,34.511,1987.4976722006,0
FICS.US,D,20211130,000000,34.6292,34.6686,34.1335,34.2103,12583.427069068,0
FICS.US,D,20211201,000000,34.4913,34.6292,33.89,33.89,2709.8551722551,0
FICS.US,D,20211202,000000,34.3049,34.4193,34.2902,34.3118,2833.629912433,0
FICS.US,D,20211203,000000,34.3838,34.3838,33.9511,34.1354,12614.878027638,0
FICS.US,D,20211206,000000,34.4706,34.4814,34.4706,34.4784,1238.7619488295,0
FICS.US,D,20211207,000000,35.0609,35.1871,35.0609,35.1871,1649.653504338,0
FICS.US,D,20211208,000000,35.336,35.336,35.1744,35.2877,3934.4134623756,0
FICS.US,D,20211209,000000,35.2384,35.2581,35.1299,35.1299,9213.1017668471,0
FICS.US,D,20211210,000000,35.1004,35.2374,35.0905,35.1832,2921.8955058385,0
FICS.US,D,20211213,000000,35.0797,35.0806,34.9831,35.0265,3635.1220824373,0
FICS.US,D,20211214,000000,34.7081,34.7278,34.4508,34.5416,2390.272851304,0
FICS.US,D,20211215,000000,34.6588,35.0314,34.5701,35.0314,4300.6649476561,0
FICS.US,D,20211216,000000,35.2975,35.2975,35.1595,35.2009,16810.030082027,0
FICS.US,D,20211217,000000,34.8254,34.8648,34.6785,34.7377,5594.21243722,0
FICS.US,D,20211220,000000,34.4617,34.6292,34.4528,34.6213,9585.4405344314,0
FICS.US,D,20211221,000000,34.7081,35.8959,34.7081,34.992,36764.141473983,0
FICS.US,D,20211222,000000,35.0314,35.4346,35.0225,35.4346,11102.188375136,0
FICS.US,D,20211223,000000,35.4247,36.4892,35.4247,35.6489,47748.642391245,0
FICS.US,D,20211227,000000,35.7154,35.9569,35.7007,35.9379,13367.671939211,0
FICS.US,D,20211228,000000,36.0851,37.0609,36.0851,36.2008,146596.97608199,0
FICS.US,D,20211229,000000,36.1048,36.2132,36.0752,36.1783,2390.272851304,0
FICS.US,D,20211230,000000,36.1935,36.1935,36.1442,36.1541,3318.5834026381,0
FICS.US,D,20211231,000000,36.0457,36.292,36.0457,36.0487,5700.739877537,0
FICS.US,D,20220103,000000,35.9569,36.0836,35.9569,36.0836,1902.275719947,0
FICS.US,D,20220104,000000,36.1137,36.1137,35.9209,36.023,5286.8046808766,0
FICS.US,D,20220105,000000,35.9559,36.1935,35.5289,35.5289,38354.951249384,0
FICS.US,D,20220106,000000,35.1684,35.1684,35.0138,35.0138,4063.2609378067,0
FICS.US,D,20220107,000000,35.0304,35.0797,34.9121,35.06,4544.1562398093,0
FICS.US,D,20220110,000000,34.4094,34.4662,34.1927,34.4662,1439.6422648559,0
FICS.US,D,20220111,000000,34.4981,34.8037,34.4981,34.7806,43115.206010979,0
FICS.US,D,20220112,000000,35.0502,35.1092,35.0304,35.064,14103.218550924,0
FICS.US,D,20220113,000000,34.8234,34.8333,34.5316,34.5316,3381.4853197777,0
FICS.US,D,20220114,000000,34.3477,34.3477,34.1926,34.2912,3459.6054426769,0
FICS.US,D,20220118,000000,33.8969,33.9166,33.7393,33.7393,6506.2902357439,0
FICS.US,D,20220119,000000,33.9659,34.163,33.8827,33.8827,10541.143856133,0
FICS.US,D,20220120,000000,34.0644,34.2222,33.7885,33.7885,13347.380998198,0
FICS.US,D,20220121,000000,33.6012,33.6357,33.2926,33.2926,2845.8044770407,0
FICS.US,D,20220124,000000,32.724,33.0782,32.2804,33.0782,8711.9155238318,0
FICS.US,D,20220125,000000,32.6352,32.8442,32.4283,32.6941,3467.721819082,0
FICS.US,D,20220126,000000,33.0197,33.0197,32.4332,32.521,9427.1711945318,0
FICS.US,D,20220127,000000,32.4972,32.5268,32.2415,32.2415,3071.0339222824,0
FICS.US,D,20220128,000000,32.1325,32.5755,32.0586,32.5755,8317.2567211334,0
FICS.US,D,20220131,000000,32.9506,33.2267,32.9506,33.1478,4995.6296773434,0
FICS.US,D,20220201,000000,33.2759,33.5245,33.274,33.5245,5335.5029393072,0
FICS.US,D,20220202,000000,33.7885,33.8969,33.7392,33.8969,3880.6424686918,0
FICS.US,D,20220203,000000,33.4238,34.0842,33.2759,33.2854,42535.899645064,0
FICS.US,D,20220204,000000,33.1774,33.266,33.1774,33.266,719.31385890261,0
FICS.US,D,20220207,000000,33.2463,33.3548,33.1478,33.225,1948.9448842763,0
FICS.US,D,20220208,000000,33.1873,33.3449,33.1478,33.3252,7060.2329253925,0
FICS.US,D,20220209,000000,33.7688,33.7983,33.7688,33.7969,2201.5670998853,0
FICS.US,D,20220210,000000,33.2858,33.7293,33.19,33.19,3904.9915979071,0
FICS.US,D,20220211,000000,33.0591,33.0591,32.4923,32.525,2805.2225950151,0
FICS.US,D,20220214,000000,32.3593,32.3593,32.2942,32.2942,494.08441366089,0
FICS.US,D,20220215,000000,32.793,33.0337,32.793,33.0337,1231.660119475,0
FICS.US,D,20220216,000000,32.9506,33.0788,32.9506,33.0788,2029.0941012768,0
FICS.US,D,20220217,000000,32.7043,32.7043,32.4286,32.4286,2008.803160264,0
FICS.US,D,20220218,000000,32.448,32.448,32.2205,32.2205,1358.4785008048,0
FICS.US,D,20220222,000000,32.0143,32.034,31.6989,31.8726,1903.2902669976,0
FICS.US,D,20220223,000000,31.9453,32.0143,31.6359,31.6359,1584.7224930971,0
FICS.US,D,20220224,000000,30.7428,31.7285,30.5654,31.639,4868.8112960136,0
FICS.US,D,20220225,000000,31.8567,32.0735,31.8467,32.0735,3255.6814854986,0
FICS.US,D,20220228,000000,32.1227,32.3297,31.8566,31.9772,41360.039613374,0
FICS.US,D,20220301,000000,32.034,32.034,31.3633,31.4333,5325.3574688008,0
FICS.US,D,20220302,000000,31.4623,31.8073,31.4623,31.8073,1147.452714272,0
FICS.US,D,20220303,000000,31.7088,35.3113,31.1971,31.3344,272733.58179376,0
FICS.US,D,20220304,000000,30.595,30.595,30.3288,30.5771,2335.4873105695,0
FICS.US,D,20220307,000000,30.4076,30.4076,29.7276,29.8789,9545.8731994565,0
FICS.US,D,20220308,000000,29.9148,30.5358,29.5797,29.8975,13038.958694805,0
FICS.US,D,20220309,000000,30.7575,31.3933,30.7575,31.2553,5640.8816015494,0
FICS.US,D,20220310,000000,30.7526,30.9104,30.5654,30.9104,4511.6907341889,0
FICS.US,D,20220311,000000,30.8907,30.8907,30.3978,30.4865,4978.3823774825,0
FICS.US,D,20220314,000000,31.0384,31.206,30.8512,30.8512,5105.2007588123,0
FICS.US,D,20220315,000000,31.1075,31.1119,30.9104,31.1119,2175.1888765687,0
FICS.US,D,20220316,000000,32.1276,32.2607,31.5707,32.2114,3606.7147650194,0
FICS.US,D,20220317,000000,32.2804,32.4874,32.2804,32.4874,1025.7070681954,0
FICS.US,D,20220318,000000,32.3642,32.8487,32.3642,32.7831,3842.0896807675,0
FICS.US,D,20220321,000000,32.655,32.655,32.5478,32.5478,798.4485288524,0
FICS.US,D,20220322,000000,32.6747,32.7141,32.6352,32.7141,3720.3440346909,0
FICS.US,D,20220323,000000,32.4776,32.4776,32.3494,32.3889,2664.2005549764,0
FICS.US,D,20220324,000000,32.3494,32.4579,32.2804,32.4579,4988.5278479889,0
FICS.US,D,20220325,000000,32.4972,32.4972,32.2213,32.4283,5100.1280235591,0
FICS.US,D,20220328,000000,32.3297,32.4972,32.2114,32.4579,5474.4958852447,0
FICS.US,D,20220329,000000,33.0295,33.0985,32.8324,32.9605,3183.6486449032,0
FICS.US,D,20220330,000000,32.9802,33.0591,32.9582,32.9582,5855.9655762847,0
FICS.US,D,20220331,000000,35.3853,35.3853,32.6411,32.6411,10021.695766206,0
FICS.US,D,20220401,000000,32.7141,32.7141,32.4184,32.6402,2066.6323421504,0
FICS.US,D,20220404,000000,32.6747,32.8816,32.6747,32.8261,4692.2801092025,0
FICS.US,D,20220405,000000,32.9211,32.9506,32.5958,32.5958,7432.5716929768,0
FICS.US,D,20220406,000000,32.2311,32.448,32.1917,32.3543,5405.5066858013,0
FICS.US,D,20220407,000000,32.5367,32.6944,32.3198,32.6402,6571.2212469848,0
FICS.US,D,20220408,000000,32.4283,32.6944,32.4283,32.5395,2406.5056041142,0
FICS.US,D,20220411,000000,32.3889,32.4283,32.2706,32.2706,3587.4383710573,0
FICS.US,D,20220412,000000,32.3198,32.3297,32.0101,32.0101,2302.0072578985,0
FICS.US,D,20220413,000000,32.1424,32.3987,32.1424,32.3708,4421.3960466821,0
FICS.US,D,20220414,000000,32.2508,32.2804,32.1424,32.1522,3361.1943787649,0
FICS.US,D,20220418,000000,32.1227,32.241,32.0833,32.0932,3871.5115452361,0
FICS.US,D,20220419,000000,31.9847,32.0242,31.9847,32.0242,2151.854294404,0
FICS.US,D,20220420,000000,32.379,33.8279,32.1967,33.8279,12580.383427916,0
FICS.US,D,20220421,000000,32.5662,32.6648,31.9059,32.6648,2722.0297368628,0
FICS.US,D,20220422,000000,31.8763,31.8763,31.2455,31.2455,2793.0480304075,0
FICS.US,D,20220425,000000,31.1666,31.7186,31.1666,31.7186,2124.4615240368,0
FICS.US,D,20220426,000000,32.4776,32.4776,30.6442,31.9847,9294.2655308982,0
FICS.US,D,20220427,000000,30.595,30.9202,30.5457,30.5555,6326.7154077809,0
FICS.US,D,20220428,000000,30.7033,31.1365,30.7033,31.0885,11234.079491719,0
FICS.US,D,20220429,000000,31.3834,32.4184,30.7621,32.4184,10447.805527474,0
FICS.US,D,20220502,000000,30.723,30.7329,29.8853,29.8853,2743.3352249262,0
FICS.US,D,20220503,000000,30.6147,30.8216,30.6147,30.7822,3057.8448106241,0
FICS.US,D,20220504,000000,30.6836,31.2652,30.0824,30.0824,7368.6552287865,0
FICS.US,D,20220505,000000,30.5654,30.5654,30.102,30.3879,4191.0938661871,0
FICS.US,D,20220506,000000,29.6585,29.7177,28.8897,28.8897,1644.5807690848,0
FICS.US,D,20220509,000000,29.0869,29.5698,28.8306,29.5698,1066.2889502209,0
FICS.US,D,20220510,000000,29.422,29.422,28.594,28.594,12769.089179334,0
FICS.US,D,20220511,000000,29.3924,29.3924,28.9094,29.3037,1680.0899158572,0
FICS.US,D,20220512,000000,28.7025,28.939,28.0224,28.0224,6046.7004218047,0
FICS.US,D,20220513,000000,29.3333,29.5895,29.3333,29.5895,10069.379477585,0
FICS.US,D,20220516,000000,29.4615,29.7374,28.6926,28.6926,12526.612434232,0
FICS.US,D,20220517,000000,29.8557,30.0134,29.7473,30.0134,8990.9159627573,0
FICS.US,D,20220518,000000,29.5797,29.629,29.1612,29.2051,5861.0383115379,0
FICS.US,D,20220519,000000,29.1854,29.5501,29.1854,29.3624,4735.90563238,0
FICS.US,D,20220520,000000,29.8459,29.8459,28.939,29.6191,142167.46365891,0
FICS.US,D,20220523,000000,29.836,30.8216,29.767,30.8216,58159.924224895,0
FICS.US,D,20220524,000000,30.0528,30.0528,29.215,29.215,2793.0480304075,0
FICS.US,D,20220525,000000,29.7867,30.723,29.7127,30.723,77911.126206724,0
FICS.US,D,20220526,000000,30.0035,30.2007,29.9444,30.1218,18238.512329326,0
FICS.US,D,20220527,000000,30.3978,30.5851,30.3978,30.5851,11930.058768457,0
FICS.US,D,20220531,000000,30.3879,30.6052,30.3781,30.4471,3517.4346245633,0
FICS.US,D,20220601,000000,30.5457,30.5457,30.043,30.043,14355.840766533,0
FICS.US,D,20220602,000000,30.2204,30.7065,30.2204,30.7065,8818.4429641488,0
FICS.US,D,20220603,000000,30.3682,30.3682,30.2336,30.3091,6132.936921109,0
FICS.US,D,20220606,000000,30.6442,30.6442,30.3288,30.3288,2554.6294735074,0
FICS.US,D,20220607,000000,30.3189,30.3879,30.3189,30.3792,3643.2384588424,0
FICS.US,D,20220608,000000,30.1415,30.1859,29.9444,29.9739,18140.101265414,0
FICS.US,D,20220609,000000,29.7571,29.836,29.4023,29.4023,1593.8534165529,0
FICS.US,D,20220610,000000,29.1362,29.1362,28.8207,28.8503,5537.3978023843,0
FICS.US,D,20220613,000000,28.2195,28.3082,28.0957,28.0957,1996.6285956563,0
FICS.US,D,20220614,000000,28.0599,28.0599,27.6577,27.7554,3613.8165943739,0
FICS.US,D,20220615,000000,28.0224,28.2392,27.9534,28.2195,2424.7674510257,0
FICS.US,D,20220616,000000,27.7463,27.8252,27.4408,27.6577,26369.092393142,0
FICS.US,D,20220617,000000,27.7463,27.7463,27.224,27.4211,132002.71675856,0
FICS.US,D,20220621,000000,27.914,27.9435,27.8021,27.8449,55808.204161516,0
FICS.US,D,20220622,000000,27.5295,27.9041,27.5295,27.7356,103894.69072062,0
FICS.US,D,20220623,000000,27.6994,27.8449,27.5887,27.8449,8530.3116017675,0
FICS.US,D,20220624,000000,28.2533,28.7014,28.2533,28.7014,11673.037190025,0
FICS.US,D,20220627,000000,28.4923,28.7313,28.4873,28.6815,3575.7148760154,0
FICS.US,D,20220628,000000,28.6715,28.8209,28.3329,28.3329,25430.652892436,0
FICS.US,D,20220629,000000,28.4624,28.4823,28.323,28.3528,28076.541322175,0
FICS.US,D,20220630,000000,27.9047,28.2931,27.8449,28.2931,10831.574380112,0
FICS.US,D,20220701,000000,28.1337,28.3678,27.7752,28.3329,68130.37190049,0
FICS.US,D,20220705,000000,27.7453,28.1636,27.7453,28.1636,8979.9545454102,0
FICS.US,D,20220706,000000,28.1538,28.3329,28.1538,28.3033,1017.1859504082,0
FICS.US,D,20220707,000000,28.5022,28.562,28.4823,28.562,2237.2066115592,0
FICS.US,D,20220708,000000,28.323,28.5723,28.323,28.5022,4940.330578488,0
FICS.US,D,20220711,000000,28.1835,28.3074,28.1437,28.1437,1314.4090909026,0
FICS.US,D,20220712,000000,28.313,28.313,28.0938,28.1238,1274.2438016466,0
FICS.US,D,20220713,000000,28.2035,28.2035,28.1337,28.1337,262.0785123954,0
FICS.US,D,20220714,000000,27.6159,27.8114,27.6159,27.8114,1432.8966942078,0
FICS.US,D,20220715,000000,28.2134,28.2333,28.064,28.1866,82871.033057442,0
FICS.US,D,20220718,000000,28.5221,28.567,28.1935,28.1935,4295.6776859292,0
FICS.US,D,20220719,000000,28.6217,28.808,28.6217,28.808,1179.855371895,0
FICS.US,D,20220720,000000,28.8508,28.8607,28.6203,28.7412,1841.5785123876,0
FICS.US,D,20220721,000000,28.7811,29.1197,28.7811,29.1197,3557.6404958502,0
FICS.US,D,20220722,000000,29.3089,29.3686,28.9703,29.1396,5821.9586776572,0
FICS.US,D,20220725,000000,29.2292,29.2666,29.0827,29.2666,2200.0537189974,0
FICS.US,D,20220726,000000,29.04,29.04,28.9603,28.9643,2071.5247933782,0
FICS.US,D,20220727,000000,29.1231,29.4633,28.9519,29.4483,9358.512396648,0
FICS.US,D,20220728,000000,29.3388,29.6973,29.3388,29.6662,1842.582644619,0
FICS.US,D,20220729,000000,29.767,30.1394,29.767,30.1394,1739.1570247848,0
FICS.US,D,20220801,000000,30.0857,30.1355,30.0757,30.0857,2084.5785123864,0
FICS.US,D,20220802,000000,29.9562,29.9562,29.6774,29.6774,16427.603305704,0
FICS.US,D,20220803,000000,29.6475,29.7589,29.6475,29.7589,1358.5909090842,0
FICS.US,D,20220804,000000,29.7471,29.996,29.7471,29.9662,1171.8223140438,0
FICS.US,D,20220805,000000,29.5678,29.7072,29.4583,29.6475,3472.2892561812,0
FICS.US,D,20220808,000000,29.8965,29.9761,29.7169,29.7169,11132.814049532,0
FICS.US,D,20220809,000000,29.6176,29.7072,29.4981,29.518,6794.9628098838,0
FICS.US,D,20220810,000000,30.1753,30.1753,30.0558,30.0857,2813.5785123828,0
FICS.US,D,20220811,000000,30.2649,30.2749,30.0741,30.0741,414.7066115682,0
FICS.US,D,20220812,000000,30.0658,30.157,30.0658,30.157,3312.6322313886,0
FICS.US,D,20220815,000000,29.8765,30.0857,29.8765,30.0458,2535.433884285,0
FICS.US,D,20220816,000000,30.0558,30.13,30.0389,30.13,3055.5743801502,0
FICS.US,D,20220817,000000,29.9662,29.9662,29.9354,29.9354,1503.1859504058,0
FICS.US,D,20220818,000000,30.1156,30.1156,29.8466,29.9363,3353.801652876,0
FICS.US,D,20220819,000000,29.6276,29.6276,29.518,29.5509,2585.640495855,0
FICS.US,D,20220822,000000,29.1794,29.1794,29.1097,29.1097,682.809917352,0
FICS.US,D,20220823,000000,28.9902,28.9902,28.9504,28.9504,1611.632231397,0
FICS.US,D,20220824,000000,28.9902,29.1097,28.9902,29.0179,8596.3760330154,0
FICS.US,D,20220825,000000,29.1197,29.3539,29.1197,29.3539,2223.1487603196,0
FICS.US,D,20220826,000000,29.3487,29.3487,28.552,28.552,3546.5950413048,0
FICS.US,D,20220829,000000,28.5718,28.5718,28.5321,28.5321,312.2851239654,0
FICS.US,D,20220830,000000,28.5321,28.5321,28.2234,28.2234,12536.590909029,0
FICS.US,D,20220831,000000,28.2533,28.2533,27.9943,28.0157,32612.206611409,0
FICS.US,D,20220901,000000,27.6358,27.6922,27.5063,27.6922,2097.6322313946,0
FICS.US,D,20220902,000000,27.8384,28.1039,27.586,27.6458,5533.7727272454,0
FICS.US,D,20220906,000000,27.8151,27.8151,27.5561,27.576,1813.4628099084,0
FICS.US,D,20220907,000000,27.586,27.9943,27.5163,27.9943,12610.896694153,0
FICS.US,D,20220908,000000,27.6657,28.0243,27.6657,28.0243,950.9132231358,0
FICS.US,D,20220909,000000,28.5022,28.6616,28.5022,28.6317,3591.7809917178,0
FICS.US,D,20220912,000000,29.1296,29.1296,29.0798,29.0798,3979.3760330382,0
FICS.US,D,20220913,000000,28.6815,28.6815,28.1437,28.1437,4721.4297520428,0
FICS.US,D,20220914,000000,28.1238,28.1238,27.9844,28.074,6826.0909090572,0
FICS.US,D,20220915,000000,27.9744,28.084,27.8449,27.8449,23596.103305669,0
FICS.US,D,20220916,000000,27.5561,27.6956,27.5362,27.6258,2483.2190082522,0
FICS.US,D,20220919,000000,27.3769,27.7653,27.3769,27.7312,4834.896694191,0
FICS.US,D,20220920,000000,27.337,27.337,27.0084,27.1379,10672.921487551,0
FICS.US,D,20220921,000000,27.1976,27.4864,26.9193,26.9193,6667.438016496,0
FICS.US,D,20220922,000000,26.6997,26.6997,26.61,26.62,2169.9297520554,0
FICS.US,D,20220923,000000,26.22,26.22,25.95,26,6332,0
FICS.US,D,20220926,000000,25.97,25.99,25.62,25.7065,12428,0
FICS.US,D,20220927,000000,25.6966,25.6966,25.4684,25.59,19370,0
FICS.US,D,20220928,000000,25.75,26.34,25.73,26.2881,7184,0
FICS.US,D,20220929,000000,25.95,26.19,25.9,26.135,12463,0
FICS.US,D,20220930,000000,26.14,26.4,25.96,25.9618,19742,0
FICS.US,D,20221003,000000,26.08,26.5,26.08,26.4,51358,0
FICS.US,D,20221004,000000,27.18,27.49,27.18,27.49,22901,0
FICS.US,D,20221005,000000,27.22,27.29,26.961,27.24,9739,0
FICS.US,D,20221006,000000,26.96,26.96,26.6403,26.65,45435,0
FICS.US,D,20221007,000000,26.5,26.5,26.18,26.21,2797,0
FICS.US,D,20221010,000000,26.24,26.24,25.9375,26.04,1595,0
FICS.US,D,20221011,000000,25.938,26.26,25.78,25.8121,40221,0
FICS.US,D,20221012,000000,25.79,25.91,25.79,25.82,3021,0
FICS.US,D,20221013,000000,25.28,26.2246,25.28,26.19,2080,0
FICS.US,D,20221014,000000,26.3642,26.3642,25.94,25.94,1127,0
FICS.US,D,20221017,000000,26.54,26.55,26.49,26.49,871,0
FICS.US,D,20221018,000000,27,27,26.765,26.83,19204,0
FICS.US,D,20221019,000000,26.58,26.58,26.22,26.38,4132,0
FICS.US,D,20221020,000000,26.23,26.25,26.12,26.14,2154,0
FICS.US,D,20221021,000000,25.87,26.68,25.87,26.66,6245,0
FICS.US,D,20221024,000000,26.61,26.6802,26.61,26.6802,2831,0
FICS.US,D,20221025,000000,27.15,27.38,27.14,27.26,34102,0
FICS.US,D,20221026,000000,27.425,27.79,27.425,27.64,41488,0
FICS.US,D,20221027,000000,27.49,27.57,27.22,27.22,20631,0
FICS.US,D,20221028,000000,27.3,27.46,27.24,27.46,5299,0
FICS.US,D,20221031,000000,27.28,27.28,27.14,27.17,12755,0
FICS.US,D,20221101,000000,27.72,27.72,27.13,27.2283,56709,0
FICS.US,D,20221102,000000,27.185,27.37,26.8391,26.8391,138266,0
FICS.US,D,20221103,000000,26.36,26.63,26.36,26.51,4785,0
FICS.US,D,20221104,000000,27.31,27.4448,27.22,27.4448,1006,0
FICS.US,D,20221107,000000,27.65,27.65,27.45,27.55,3312,0
FICS.US,D,20221108,000000,27.79,28.01,27.7,27.84,8915,0
FICS.US,D,20221109,000000,27.62,27.85,27.52,27.52,2673,0
FICS.US,D,20221110,000000,28.68,29.03,28.62,29.03,8314,0
FICS.US,D,20221111,000000,29.2299,29.43,29.2299,29.42,2295,0
FICS.US,D,20221114,000000,29.27,29.4,29.153,29.153,1613,0
FICS.US,D,20221115,000000,29.65,29.65,29.35,29.35,3408,0
FICS.US,D,20221116,000000,29.3,29.44,29.3,29.35,8557,0
FICS.US,D,20221117,000000,29.13,29.31,29.07,29.2659,3677,0
FICS.US,D,20221118,000000,29.3868,29.4,29.26,29.31,3147,0
FICS.US,D,20221121,000000,29.16,29.16,29.12,29.16,1055,0
FICS.US,D,20221122,000000,29.27,29.4,29.27,29.36,16238,0
FICS.US,D,20221123,000000,29.49,29.74,29.47,29.73,6273,0
FICS.US,D,20221125,000000,29.84,29.84,29.71,29.71,207,0
FICS.US,D,20221128,000000,29.67,29.7,29.36,29.4,9026,0
FICS.US,D,20221129,000000,29.52,29.53,29.36,29.3778,12185,0
FICS.US,D,20221130,000000,29.4899,30.01,29.4899,29.91,5095,0
FICS.US,D,20221201,000000,30.0504,30.24,30.0504,30.2233,14431,0
FICS.US,D,20221202,000000,30.02,30.35,30.02,30.2469,24578,0
FICS.US,D,20221205,000000,29.9,29.91,29.65,29.65,2047,0
FICS.US,D,20221206,000000,29.7,29.7,29.41,29.44,12562,0
FICS.US,D,20221207,000000,29.39,29.55,29.39,29.45,22666,0
FICS.US,D,20221208,000000,29.5799,29.63,29.56,29.6275,4439,0
FICS.US,D,20221209,000000,29.78,29.87,29.63,29.63,4205,0
FICS.US,D,20221212,000000,29.67,29.76,29.5899,29.76,2573,0
FICS.US,D,20221213,000000,30.22,30.22,29.9301,29.95,4614,0
FICS.US,D,20221214,000000,29.99,30.3,29.99,30.0819,15163,0
FICS.US,D,20221215,000000,29.53,29.53,29.22,29.22,2240,0
FICS.US,D,20221216,000000,28.91,29.14,28.91,29.05,3196,0
FICS.US,D,20221219,000000,29.14,29.16,28.97,29.0221,26672,0
FICS.US,D,20221220,000000,29.03,29.06,28.95,28.95,15988,0
FICS.US,D,20221221,000000,28.98,29.25,28.98,29.15,11578,0
FICS.US,D,20221222,000000,29.14,29.14,28.7803,29.04,27862,0
FICS.US,D,20221223,000000,28.86,29.03,28.843,29.01,8724,0
FICS.US,D,20221227,000000,29.02,29.09,29.02,29.08,6273,0
FICS.US,D,20221228,000000,29.16,29.16,28.74,28.75,19298,0
FICS.US,D,20221229,000000,29.14,29.29,29.14,29.2005,16815,0
FICS.US,D,20221230,000000,29.05,29.05,28.81,28.8914,49098,0
FICS.US,D,20230103,000000,29.09,29.11,28.93,28.98,2300,0
FICS.US,D,20230104,000000,29.46,29.57,29.36,29.4511,5247,0
FICS.US,D,20230105,000000,29.09,29.16,29.03,29.04,9176,0
FICS.US,D,20230106,000000,29.19,29.7352,29.03,29.7352,4807,0
FICS.US,D,20230109,000000,30.01,30.1893,29.92,29.92,8226,0
FICS.US,D,20230110,000000,29.97,30,29.89,30,4780,0
FICS.US,D,20230111,000000,30.2,30.24,30.1,30.223,8608,0
FICS.US,D,20230112,000000,30.3,30.59,30.3,30.51,11846,0
FICS.US,D,20230113,000000,30.43,30.72,30.42,30.7035,83963,0
FICS.US,D,20230117,000000,30.9234,30.9234,30.8301,30.8586,6996,0
FICS.US,D,20230118,000000,31.17,31.17,30.665,30.665,5152,0
FICS.US,D,20230119,000000,30.68,30.7984,30.63,30.75,4327,0
FICS.US,D,20230120,000000,30.79,30.92,30.78,30.92,2151,0
FICS.US,D,20230123,000000,30.76,31.01,30.76,30.9762,15435,0
FICS.US,D,20230124,000000,30.89,31.1,30.87,31.05,11553,0
FICS.US,D,20230125,000000,30.93,31.16,30.89,31.135,5743,0
FICS.US,D,20230126,000000,31.16,31.25,31.09,31.2109,4174,0
FICS.US,D,20230127,000000,31.1064,31.17,31.04,31.07,11359,0
FICS.US,D,20230130,000000,31.13,31.2,30.99,31.02,9770,0
FICS.US,D,20230131,000000,30.84,31.1,30.84,31.09,12311,0
FICS.US,D,20230201,000000,31.055,31.37,30.85,31.33,3407,0
FICS.US,D,20230202,000000,31.37,31.37,31.2019,31.2979,6837,0
FICS.US,D,20230203,000000,31.14,31.31,31.045,31.18,14645,0
FICS.US,D,20230206,000000,30.68,30.81,30.68,30.7469,10329,0
FICS.US,D,20230207,000000,30.5196,30.93,30.47,30.86,19256,0
FICS.US,D,20230208,000000,30.76,30.76,30.57,30.61,10546,0
FICS.US,D,20230209,000000,30.864,30.864,30.67,30.7,3811,0
FICS.US,D,20230210,000000,30.43,30.54,30.43,30.54,48129,0
FICS.US,D,20230213,000000,30.79,30.92,30.79,30.92,3592,0
FICS.US,D,20230214,000000,30.8,31.04,30.77,30.92,9051,0
FICS.US,D,20230215,000000,30.68,30.8266,30.65,30.8266,7498,0
FICS.US,D,20230216,000000,30.69,30.93,30.69,30.76,2863,0
FICS.US,D,20230217,000000,30.63,30.86,30.63,30.82,3392,0
FICS.US,D,20230221,000000,30.5101,30.65,30.41,30.41,8365,0
FICS.US,D,20230222,000000,30.56,30.56,30.37,30.44,12606,0
FICS.US,D,20230223,000000,30.47,30.515,30.34,30.4783,84929,0
FICS.US,D,20230224,000000,29.97,29.987,29.84,29.94,32335,0
FICS.US,D,20230227,000000,30.15,30.26,30.15,30.2225,7441,0
FICS.US,D,20230228,000000,30.04,30.04,29.78,29.78,13005,0
FICS.US,D,20230301,000000,30.0078,30.02,29.9101,30.02,1543,0
FICS.US,D,20230302,000000,29.9599,30.15,29.9599,30.15,2880,0
FICS.US,D,20230303,000000,30.2301,30.481,30.223,30.481,8220,0
FICS.US,D,20230306,000000,30.4,30.43,30.3,30.3,4611,0
FICS.US,D,20230307,000000,29.98,29.98,29.78,29.8003,1504,0
FICS.US,D,20230308,000000,29.9599,29.99,29.85,29.9415,16899,0
FICS.US,D,20230309,000000,30.14,30.14,29.8,29.86,18942,0
FICS.US,D,20230310,000000,29.96,30.01,29.62,29.68,15000,0
FICS.US,D,20230313,000000,29.67,29.81,29.66,29.76,4339,0
FICS.US,D,20230314,000000,29.9601,30.08,29.93,30.08,5191,0
FICS.US,D,20230315,000000,29.31,29.45,29.18,29.45,6759,0
FICS.US,D,20230316,000000,29.59,30.08,29.59,30.08,19749,0
FICS.US,D,20230317,000000,29.88,29.88,29.8,29.8144,2046,0
FICS.US,D,20230320,000000,30.2,30.24,30.171,30.219,7528,0
FICS.US,D,20230321,000000,30.4485,30.4485,30.3,30.41,6987,0
FICS.US,D,20230322,000000,30.5002,30.91,30.47,30.47,7466,0
FICS.US,D,20230323,000000,30.7999,30.8,30.53,30.544,3002,0
FICS.US,D,20230324,000000,30.42,30.54,30.32,30.54,2115,0
FICS.US,D,20230327,000000,30.71,30.7612,30.6803,30.7612,1897,0
FICS.US,D,20230328,000000,30.7,30.7267,30.6879,30.7267,3864,0
FICS.US,D,20230329,000000,30.94,30.9801,30.94,30.9801,1906,0
FICS.US,D,20230330,000000,31.215,31.32,31.2101,31.26,13225,0
FICS.US,D,20230331,000000,31.49,31.5,31.403,31.47,4553,0
FICS.US,D,20230403,000000,31.43,31.66,31.43,31.66,3287,0
FICS.US,D,20230404,000000,31.7401,31.75,31.6513,31.7,9277,0
FICS.US,D,20230405,000000,31.67,31.67,31.55,31.6,4579,0
FICS.US,D,20230406,000000,31.57,31.71,31.57,31.6641,18891,0
FICS.US,D,20230410,000000,31.5,31.6463,31.48,31.64,7375,0
FICS.US,D,20230411,000000,31.69,31.8041,31.68,31.73,5185,0
FICS.US,D,20230412,000000,32,32.03,31.89,31.8951,1838,0
FICS.US,D,20230413,000000,32.1999,32.36,32.1999,32.36,1831,0
FICS.US,D,20230414,000000,32.088,32.1,32.088,32.1,206,0
FICS.US,D,20230417,000000,32,32.0099,31.9,31.99,8328,0
FICS.US,D,20230418,000000,32.17,32.17,32.07,32.16,8574,0
FICS.US,D,20230419,000000,32.09,32.16,32.08,32.11,11987,0
FICS.US,D,20230420,000000,32.26,32.2751,32.16,32.24,4714,0
FICS.US,D,20230421,000000,32.47,32.55,32.3256,32.55,64943,0
FICS.US,D,20230424,000000,32.62,32.63,32.57,32.63,4816,0
FICS.US,D,20230425,000000,32.63,32.63,32.2716,32.29,21328,0
FICS.US,D,20230426,000000,32.3,32.33,32.18,32.18,33300,0
FICS.US,D,20230427,000000,32.3,32.38,32.18,32.38,7452,0
FICS.US,D,20230428,000000,32.21,32.4,32.21,32.3828,4613,0
FICS.US,D,20230501,000000,32.45,32.4698,32.35,32.3912,8453,0
FICS.US,D,20230502,000000,32.09,32.2751,32.09,32.24,3487,0
FICS.US,D,20230503,000000,32.4,32.6,32.4,32.4371,11468,0
FICS.US,D,20230504,000000,32.2886,32.42,32.2886,32.32,4108,0
FICS.US,D,20230505,000000,32.37,32.6537,32.37,32.61,4373,0
FICS.US,D,20230508,000000,32.65,32.7094,32.623,32.623,5386,0
FICS.US,D,20230509,000000,32.53,32.5932,32.5,32.5666,3776,0
FICS.US,D,20230510,000000,32.33,32.39,32.27,32.37,2477,0
FICS.US,D,20230511,000000,32.15,32.35,32.15,32.35,27874,0
FICS.US,D,20230512,000000,32.3999,32.4257,32.21,32.29,59748,0
FICS.US,D,20230515,000000,32.42,32.46,32.32,32.46,13810,0
FICS.US,D,20230516,000000,32.44,32.44,32.17,32.2,8007,0
FICS.US,D,20230517,000000,32.25,32.25,32.03,32.205,52037,0
FICS.US,D,20230518,000000,32.16,32.17,31.98,32.17,38189,0
FICS.US,D,20230519,000000,32.36,32.4629,32.35,32.45,2461,0
FICS.US,D,20230522,000000,32.51,32.54,32.46,32.49,6003,0
FICS.US,D,20230523,000000,32.26,32.26,31.94,31.95,10500,0
FICS.US,D,20230524,000000,31.75,31.75,31.5205,31.5509,10583,0
FICS.US,D,20230525,000000,31.49,31.57,31.4,31.53,6224,0
FICS.US,D,20230526,000000,31.755,31.78,31.7197,31.78,2069,0
FICS.US,D,20230530,000000,31.67,31.67,31.47,31.48,63608,0
FICS.US,D,20230531,000000,31.23,31.3044,31.08,31.3044,7676,0
FICS.US,D,20230601,000000,31.5762,31.78,31.555,31.7625,3666,0
FICS.US,D,20230602,000000,32.11,32.165,32.09,32.165,97254,0
FICS.US,D,20230605,000000,32.1,32.1259,31.98,31.98,67210,0
FICS.US,D,20230606,000000,32.0975,32.196,32.0975,32.1954,3240,0
FICS.US,D,20230607,000000,32.08,32.12,31.78,31.78,7388,0
FICS.US,D,20230608,000000,31.79,31.945,31.74,31.945,9799,0
FICS.US,D,20230609,000000,32.01,32.045,31.96,32.01,23736,0
FICS.US,D,20230612,000000,32.1,32.23,32.1,32.23,4971,0
FICS.US,D,20230613,000000,32.52,32.52,32.45,32.5,7585,0
FICS.US,D,20230614,000000,32.6161,32.6161,32.43,32.5,11191,0
FICS.US,D,20230615,000000,32.56,32.84,32.56,32.83,9999,0
FICS.US,D,20230616,000000,33.0572,33.07,32.8816,32.8816,205814,0
FICS.US,D,20230620,000000,32.75,32.75,32.5399,32.5945,25662,0
FICS.US,D,20230621,000000,32.45,32.6893,32.45,32.61,45547,0
FICS.US,D,20230622,000000,32.4,32.4,32.3372,32.4,5256,0
FICS.US,D,20230623,000000,31.99,32.0393,31.96,31.9787,6874,0
FICS.US,D,20230626,000000,31.94,32.04,31.9357,31.98,13954,0
FICS.US,D,20230627,000000,31.9,32.08,31.87,32.08,4972,0
FICS.US,D,20230628,000000,32.13,32.18,32.111,32.18,7242,0
FICS.US,D,20230629,000000,32.03,32.06,31.985,32.06,29361,0
FICS.US,D,20230630,000000,32.35,32.465,32.29,32.44,16446,0
FICS.US,D,20230703,000000,32.41,32.415,32.355,32.415,4432,0
FICS.US,D,20230705,000000,32.31,32.31,31.96,31.99,13849,0
FICS.US,D,20230706,000000,31.53,31.55,31.33,31.43,14523,0
FICS.US,D,20230707,000000,31.45,31.6599,31.35,31.49,79424,0
FICS.US,D,20230710,000000,31.45,31.57,31.45,31.5372,59199,0
FICS.US,D,20230711,000000,31.69,31.79,31.633,31.79,9116,0
FICS.US,D,20230712,000000,32.09,32.303,32.09,32.25,8631,0
FICS.US,D,20230713,000000,32.71,32.82,32.695,32.7844,9823,0
FICS.US,D,20230714,000000,32.74,32.77,32.68,32.68,2556,0
FICS.US,D,20230717,000000,32.6,32.6899,32.54,32.67,4890,0
FICS.US,D,20230718,000000,32.65,32.72,32.58,32.69,12433,0
FICS.US,D,20230719,000000,32.7466,32.75,32.591,32.6803,5479,0
FICS.US,D,20230720,000000,32.48,32.48,32.361,32.4,15847,0
FICS.US,D,20230721,000000,32.53,32.53,32.41,32.4414,13681,0
FICS.US,D,20230724,000000,32.34,32.411,32.33,32.3498,41361,0
FICS.US,D,20230725,000000,32.319,32.42,32.319,32.37,9029,0
FICS.US,D,20230726,000000,32.39,32.465,32.25,32.4114,20581,0
FICS.US,D,20230727,000000,32.86,32.86,32.52,32.52,10422,0
FICS.US,D,20230728,000000,32.618,32.688,32.5699,32.58,6917,0
FICS.US,D,20230731,000000,32.68,32.7,32.575,32.5864,9060,0
FICS.US,D,20230801,000000,32.34,32.34,32.11,32.14,207318,0
FICS.US,D,20230802,000000,31.99,31.99,31.76,31.7797,7034,0
FICS.US,D,20230803,000000,31.56,31.71,31.52,31.6647,6528,0
FICS.US,D,20230804,000000,31.77,31.9324,31.65,31.65,3961,0
FICS.US,D,20230807,000000,31.85,31.94,31.85,31.94,2755,0
FICS.US,D,20230808,000000,31.76,31.904,31.69,31.89,11096,0
FICS.US,D,20230809,000000,31.92,31.9924,31.85,31.89,3466,0
FICS.US,D,20230810,000000,32.08,32.23,31.85,31.86,7830,0
FICS.US,D,20230811,000000,31.78,31.7946,31.6561,31.73,68569,0
FICS.US,D,20230814,000000,31.555,31.72,31.49,31.655,14906,0
FICS.US,D,20230815,000000,31.43,31.47,31.3235,31.3495,12456,0
FICS.US,D,20230816,000000,31.32,31.3733,31.16,31.1664,11024,0
FICS.US,D,20230817,000000,31.31,31.31,30.93,30.9691,10832,0
FICS.US,D,20230818,000000,30.84,31.0545,30.79,31.0067,13252,0
FICS.US,D,20230821,000000,31.09,31.1196,30.9311,31.1005,12044,0
FICS.US,D,20230822,000000,31.13,31.13,30.93,30.9863,68164,0
FICS.US,D,20230823,000000,31.01,31.39,31.01,31.39,6565,0
FICS.US,D,20230824,000000,31.29,31.3553,31.0283,31.0283,4696,0
FICS.US,D,20230825,000000,31.23,31.3001,31.05,31.2716,6749,0
FICS.US,D,20230828,000000,31.47,31.53,31.47,31.5272,3288,0
FICS.US,D,20230829,000000,31.47,31.89,31.47,31.89,4466,0
FICS.US,D,20230830,000000,31.91,31.95,31.82,31.8827,10601,0
FICS.US,D,20230831,000000,31.82,31.85,31.6266,31.67,19310,0
FICS.US,D,20230901,000000,32.04,32.04,31.63,31.6871,5122,0
FICS.US,D,20230905,000000,31.46,31.4648,31.36,31.36,6016,0
FICS.US,D,20230906,000000,31.39,31.39,31.199,31.2755,7273,0
FICS.US,D,20230907,000000,31.28,31.3588,31.28,31.325,4285,0
FICS.US,D,20230908,000000,31.35,31.38,31.3,31.32,6210,0
FICS.US,D,20230911,000000,31.4999,31.5899,31.42,31.56,10051,0
FICS.US,D,20230912,000000,31.42,31.45,31.34,31.36,4087,0
FICS.US,D,20230913,000000,31.18,31.2472,31.18,31.19,3128,0
FICS.US,D,20230914,000000,31.39,31.59,31.39,31.5,35392,0
FICS.US,D,20230915,000000,31.61,31.6785,31.47,31.4761,17806,0
FICS.US,D,20230918,000000,31.3,31.464,31.3,31.3928,12257,0
FICS.US,D,20230919,000000,31.47,31.47,31.2,31.3384,18703,0
FICS.US,D,20230920,000000,31.41,31.53,31.18,31.18,6516,0
FICS.US,D,20230921,000000,30.9,30.9,30.6075,30.6075,5773,0
FICS.US,D,20230922,000000,30.7,30.71,30.48,30.48,8475,0
FICS.US,D,20230925,000000,30.28,30.394,29.97,30.345,62583,0
FICS.US,D,20230926,000000,30.12,30.12,29.95,29.9662,34692,0
FICS.US,D,20230927,000000,30.13,30.13,29.7,29.9,11484,0
FICS.US,D,20230928,000000,30.0162,30.24,30.0162,30.19,32531,0
FICS.US,D,20230929,000000,30.44,30.44,30.0297,30.05,55562,0
FICS.US,D,20231002,000000,29.87,29.87,29.6585,29.6942,11361,0
FICS.US,D,20231003,000000,29.63,29.63,29.4,29.49,14108,0
FICS.US,D,20231004,000000,29.7,29.7,29.37,29.6203,32965,0
FICS.US,D,20231005,000000,29.83,29.9,29.71,29.9,9742,0
FICS.US,D,20231006,000000,29.76,30.115,29.65,30.05,6520,0
FICS.US,D,20231009,000000,30.03,30.14,29.9357,30.1243,5948,0
FICS.US,D,20231010,000000,30.31,30.49,30.31,30.37,4005,0
FICS.US,D,20231011,000000,30.61,30.63,30.4,30.5854,9634,0
FICS.US,D,20231012,000000,30.59,30.5901,30.22,30.2748,8235,0
FICS.US,D,20231013,000000,30.23,30.25,30,30.09,6428,0
FICS.US,D,20231016,000000,30.1855,30.23,30.14,30.22,16496,0
FICS.US,D,20231017,000000,30.1,30.3199,30,30.2403,11868,0
FICS.US,D,20231018,000000,30.11,30.11,29.81,29.8135,9064,0
FICS.US,D,20231019,000000,29.69,29.77,29.5884,29.5884,5490,0
FICS.US,D,20231020,000000,29.51,29.55,29.39,29.3927,7398,0
FICS.US,D,20231023,000000,29.24,29.6,29.24,29.41,20701,0
FICS.US,D,20231024,000000,29.38,29.4642,29.3495,29.41,16019,0
FICS.US,D,20231025,000000,29.43,29.49,29.24,29.28,12069,0
FICS.US,D,20231026,000000,29.2,29.26,29,29.0634,13927,0
FICS.US,D,20231027,000000,29.21,29.21,28.86,28.91,24698,0
FICS.US,D,20231030,000000,29.36,29.42,29.31,29.4101,3206,0
FICS.US,D,20231031,000000,29.4543,29.49,29.348,29.49,11228,0
FICS.US,D,20231101,000000,29.41,29.7,29.41,29.67,8776,0
FICS.US,D,20231102,000000,30,30.233,30,30.23,1767,0
FICS.US,D,20231103,000000,30.34,30.36,30.26,30.29,12871,0
FICS.US,D,20231106,000000,30.28,30.28,30.11,30.16,12571,0
FICS.US,D,20231107,000000,30.1,30.15,30,30.12,40240,0
FICS.US,D,20231108,000000,30.2,30.23,30.12,30.2278,6114,0
FICS.US,D,20231109,000000,30.55,30.6391,30.3513,30.3513,3210,0
FICS.US,D,20231110,000000,30.23,30.35,30.08,30.33,8196,0
FICS.US,D,20231113,000000,30.3,30.5,30.27,30.48,6244,0
FICS.US,D,20231114,000000,30.98,31.1001,30.9,31.0633,14790,0
FICS.US,D,20231115,000000,31.05,31.0596,30.94,30.94,6222,0
FICS.US,D,20231116,000000,30.94,31.0626,30.94,30.9709,3214,0
FICS.US,D,20231117,000000,31.23,31.3,31.16,31.2943,4700,0
FICS.US,D,20231120,000000,31.45,31.45,31.34,31.4206,5870,0
FICS.US,D,20231121,000000,31.49,31.58,31.44,31.4645,14819,0
FICS.US,D,20231122,000000,31.59,31.6307,31.524,31.6307,14385,0
FICS.US,D,20231124,000000,31.83,31.87,31.8,31.87,1929,0
FICS.US,D,20231127,000000,31.86,31.86,31.71,31.7806,15600,0
FICS.US,D,20231128,000000,31.74,31.8199,31.74,31.8133,1577,0
FICS.US,D,20231129,000000,31.7975,31.8793,31.7229,31.76,20504,0
FICS.US,D,20231130,000000,31.75,31.8467,31.75,31.84,8595,0
FICS.US,D,20231201,000000,32.01,32.22,32.01,32.22,5422,0
FICS.US,D,20231204,000000,31.982,31.982,31.9422,31.97,3767,0
FICS.US,D,20231205,000000,31.91,31.96,31.8762,31.94,10087,0
FICS.US,D,20231206,000000,32.2163,32.2163,31.98,31.98,5910,0
FICS.US,D,20231207,000000,32.14,32.19,31.96,32.1403,90961,0
FICS.US,D,20231208,000000,32.1931,32.21,32.0909,32.2,5715,0
FICS.US,D,20231211,000000,32.29,32.326,32.23,32.326,2471,0
FICS.US,D,20231212,000000,32.38,32.5144,32.38,32.5048,9486,0
FICS.US,D,20231213,000000,32.5,32.98,32.38,32.9327,50804,0
FICS.US,D,20231214,000000,33.14,33.18,33.02,33.0734,18867,0
FICS.US,D,20231215,000000,33.02,33.02,32.804,32.804,10682,0
FICS.US,D,20231218,000000,32.96,33.02,32.9,32.975,42767,0
FICS.US,D,20231219,000000,33.24,33.33,33.2192,33.2945,21769,0
FICS.US,D,20231220,000000,33.32,33.49,33.01,33.0367,21701,0
FICS.US,D,20231221,000000,33.3,33.49,33.28,33.4443,205342,0
FICS.US,D,20231222,000000,33.59,33.59,33.39,33.461,36840,0
FICS.US,D,20231226,000000,33.61,33.6799,33.5301,33.6491,3101,0
FICS.US,D,20231227,000000,33.53,33.79,33.53,33.77,13428,0
FICS.US,D,20231228,000000,33.94,33.94,33.69,33.73,20325,0
FICS.US,D,20231229,000000,33.78,33.8477,33.7,33.7458,12556,0
FICS.US,D,20240102,000000,33.5,33.5,33.32,33.43,13615,0
FICS.US,D,20240103,000000,33.15,33.27,33.11,33.18,11374,0
FICS.US,D,20240104,000000,33.32,33.47,33.3,33.39,6611,0
FICS.US,D,20240105,000000,33.2,33.475,33.2,33.23,7273,0
FICS.US,D,20240108,000000,33.37,33.5938,33.35,33.5925,13091,0
FICS.US,D,20240109,000000,33.3997,33.409,33.31,33.36,45626,0
FICS.US,D,20240110,000000,33.52,33.6463,33.52,33.63,16158,0
FICS.US,D,20240111,000000,33.68,33.73,33.4899,33.71,5443,0
FICS.US,D,20240112,000000,34.12,34.12,33.97,34.04,8925,0
FICS.US,D,20240116,000000,33.6,33.6,33.43,33.49,18018,0
FICS.US,D,20240117,000000,33.13,33.2251,33.0401,33.2147,11384,0
FICS.US,D,20240118,000000,33.29,33.41,33.22,33.41,16023,0
FICS.US,D,20240119,000000,33.21,33.4469,33.21,33.4469,3833,0
FICS.US,D,20240122,000000,33.61,33.6399,33.5114,33.57,3960,0
FICS.US,D,20240123,000000,33.45,33.45,33.26,33.41,8702,0
FICS.US,D,20240124,000000,33.69,33.69,33.45,33.45,12438,0
FICS.US,D,20240125,000000,33.56,33.56,33.3425,33.51,15785,0
FICS.US,D,20240126,000000,33.79,33.79,33.6338,33.68,22925,0
FICS.US,D,20240129,000000,33.61,33.8953,33.61,33.83,71449,0
FICS.US,D,20240130,000000,33.91,33.9389,33.82,33.93,10409,0
FICS.US,D,20240131,000000,34.08,34.11,33.64,33.68,10413,0
FICS.US,D,20240201,000000,33.84,34.06,33.76,34.0429,14229,0
FICS.US,D,20240202,000000,33.76,33.82,33.678,33.78,9413,0
FICS.US,D,20240205,000000,33.63,33.63,33.3799,33.4841,30527,0
FICS.US,D,20240206,000000,33.48,33.7767,33.48,33.7767,31069,0
FICS.US,D,20240207,000000,33.71,33.7652,33.67,33.7,48565,0
FICS.US,D,20240208,000000,33.74,33.78,33.674,33.7605,30976,0
FICS.US,D,20240209,000000,33.77,33.87,33.69,33.855,322117,0
FICS.US,D,20240212,000000,33.72,33.83,33.72,33.75,16873,0
FICS.US,D,20240213,000000,33.38,33.42,33.18,33.28,16589,0
FICS.US,D,20240214,000000,33.58,33.82,33.569,33.81,15235,0
FICS.US,D,20240215,000000,33.97,34.1,33.915,34.0814,21083,0
FICS.US,D,20240216,000000,34.09,34.3,34.09,34.1761,48823,0
FICS.US,D,20240220,000000,34.28,34.34,34.21,34.2508,37931,0
FICS.US,D,20240221,000000,34.2,34.3236,34.17,34.31,9379,0
FICS.US,D,20240222,000000,34.44,34.59,34.43,34.5719,15619,0
FICS.US,D,20240223,000000,34.63,34.6873,34.63,34.6579,3294,0
FICS.US,D,20240226,000000,34.84,34.84,34.66,34.7197,3187,0
FICS.US,D,20240227,000000,34.71,34.71,34.49,34.65,10569,0
FICS.US,D,20240228,000000,34.46,34.5,34.4443,34.4618,6401,0
FICS.US,D,20240229,000000,34.67,34.71,34.47,34.5964,10996,0
FICS.US,D,20240301,000000,34.53,34.7,34.52,34.67,13393,0
FICS.US,D,20240304,000000,34.5,34.69,34.5,34.63,11116,0
FICS.US,D,20240305,000000,34.71,34.775,34.57,34.6205,16687,0
FICS.US,D,20240306,000000,34.89,35.03,34.86,34.91,16414,0
FICS.US,D,20240307,000000,35,35.2254,35,35.16,40722,0
FICS.US,D,20240308,000000,35.3,35.3,35.03,35.0472,22067,0
FICS.US,D,20240311,000000,34.95,35,34.84,35,11749,0
FICS.US,D,20240312,000000,35.01,35.28,34.94,35.24,10694,0
FICS.US,D,20240313,000000,35.4,35.41,35.3053,35.345,60633,0
FICS.US,D,20240314,000000,35.32,35.32,35,35.0632,7800,0
FICS.US,D,20240315,000000,35.06,35.06,34.89,34.92,9633,0
FICS.US,D,20240318,000000,34.95,34.95,34.7673,34.7823,7891,0
FICS.US,D,20240319,000000,34.83,35,34.83,34.964,28629,0
FICS.US,D,20240320,000000,35,35.33,34.98,35.3225,11944,0
FICS.US,D,20240321,000000,35.18,35.18,35.02,35.02,9215,0
FICS.US,D,20240322,000000,34.96,34.99,34.93,34.9609,22298,0
FICS.US,D,20240325,000000,34.94,35,34.8525,34.8525,13727,0
FICS.US,D,20240326,000000,35.07,35.07,34.93,34.9466,29588,0
FICS.US,D,20240327,000000,34.98,35.11,34.98,35.105,78885,0
FICS.US,D,20240328,000000,34.99,35.0522,34.95,34.985,37712,0
FICS.US,D,20240401,000000,35,35,34.725,34.782,11582,0
FICS.US,D,20240402,000000,34.42,34.42,34.33,34.39,31475,0
FICS.US,D,20240403,000000,34.32,34.59,34.32,34.5,12838,0
FICS.US,D,20240404,000000,34.67,34.67,34.1946,34.235,16970,0
FICS.US,D,20240405,000000,34.18,34.366,34.1,34.29,18339,0
FICS.US,D,20240408,000000,34.37,34.4199,34.305,34.33,25671,0
FICS.US,D,20240409,000000,34.49,34.49,34.1,34.2418,42762,0
FICS.US,D,20240410,000000,33.75,33.98,33.75,33.86,53264,0
FICS.US,D,20240411,000000,34.02,34.02,33.63,33.9699,28421,0
FICS.US,D,20240412,000000,33.8,33.8,33.45,33.46,24806,0
FICS.US,D,20240415,000000,33.855,33.855,33.37,33.4019,20155,0
FICS.US,D,20240416,000000,33.21,33.28,33.0576,33.15,22633,0
FICS.US,D,20240417,000000,33.38,33.38,33.16,33.2747,10397,0
FICS.US,D,20240418,000000,33.25,33.375,33.12,33.16,72397,0
FICS.US,D,20240419,000000,33.26,33.335,33.173,33.25,45981,0
FICS.US,D,20240422,000000,33.56,33.61,33.35,33.51,33223,0
FICS.US,D,20240423,000000,33.83,33.9452,33.65,33.8873,17531,0
FICS.US,D,20240424,000000,33.8,33.8,33.54,33.61,59511,0
FICS.US,D,20240425,000000,33.26,33.5825,33.2117,33.5501,57055,0
FICS.US,D,20240426,000000,33.64,33.79,33.62,33.72,15486,0
FICS.US,D,20240429,000000,33.78,33.8,33.71,33.78,16827,0
FICS.US,D,20240430,000000,33.66,33.6753,33.3,33.3,10458,0
FICS.US,D,20240501,000000,33.28,33.63,33.2034,33.25,19676,0
FICS.US,D,20240502,000000,33.5022,33.725,33.43,33.69,17562,0
FICS.US,D,20240503,000000,34.08,34.08,33.88,34.007,20413,0
FICS.US,D,20240506,000000,34.2099,34.25,34.176,34.21,15666,0
FICS.US,D,20240507,000000,34.41,34.4936,34.34,34.39,28867,0
FICS.US,D,20240508,000000,34.53,34.61,34.53,34.5802,26103,0
FICS.US,D,20240509,000000,34.71,34.8144,34.6,34.7878,62307,0
FICS.US,D,20240510,000000,34.87,34.91,34.82,34.8789,19289,0
FICS.US,D,20240513,000000,34.895,34.895,34.76,34.7816,22295,0
FICS.US,D,20240514,000000,34.84,34.88,34.76,34.86,16203,0
FICS.US,D,20240515,000000,34.98,35.198,34.9799,35.198,10517,0
FICS.US,D,20240516,000000,35.07,35.135,35.04,35.04,9731,0
FICS.US,D,20240517,000000,35.04,35.1639,34.98,35.1421,8776,0
FICS.US,D,20240520,000000,35.105,35.19,35.07,35.0806,10385,0
FICS.US,D,20240521,000000,35.08,35.18,35.06,35.1597,12765,0
FICS.US,D,20240522,000000,35.045,35.09,34.875,34.948,23550,0
FICS.US,D,20240523,000000,35.34,35.34,34.83,34.92,10758,0
FICS.US,D,20240524,000000,35.0499,35.16,35.0499,35.1,12717,0
FICS.US,D,20240528,000000,35.18,35.18,34.86,34.93,24107,0
FICS.US,D,20240529,000000,34.71,34.71,34.4946,34.4946,32064,0
FICS.US,D,20240530,000000,34.68,34.779,34.63,34.6684,19110,0
FICS.US,D,20240531,000000,34.97,35.07,34.78,35.0606,25634,0
FICS.US,D,20240603,000000,35.13,35.2799,34.98,35.14,19437,0
FICS.US,D,20240604,000000,35.14,35.14,34.81,35.08,32543,0
FICS.US,D,20240605,000000,35.3505,35.48,35.2499,35.4472,21860,0
FICS.US,D,20240606,000000,35.57,35.66,35.5295,35.66,15366,0
FICS.US,D,20240607,000000,35.34,35.47,35.27,35.27,17080,0
FICS.US,D,20240610,000000,35.08,35.17,34.97,35.135,29732,0
FICS.US,D,20240611,000000,34.89,34.9,34.6586,34.8471,28503,0
FICS.US,D,20240612,000000,35.5,35.6,35.38,35.4245,14125,0
FICS.US,D,20240613,000000,35.24,35.24,34.88,35.0204,20460,0
FICS.US,D,20240614,000000,34.555,34.59,34.36,34.55,21077,0
FICS.US,D,20240617,000000,34.59,34.81,34.54,34.7884,35997,0
FICS.US,D,20240618,000000,34.93,35.09,34.93,35.06,247029,0
FICS.US,D,20240620,000000,34.84,35.07,34.84,35.01,20467,0
FICS.US,D,20240621,000000,34.74,34.86,34.71,34.78,101357,0
FICS.US,D,20240624,000000,35.08,35.23,35,35.03,24569,0
FICS.US,D,20240625,000000,34.86,34.99,34.79,34.92,66334,0
FICS.US,D,20240626,000000,34.66,34.7,34.52,34.6363,18152,0
FICS.US,D,20240627,000000,34.43,34.449,34.2701,34.3519,17922,0
FICS.US,D,20240628,000000,34.27,34.27,34.1201,34.2,28537,0
FICS.US,D,20240701,000000,34.509,34.52,34.25,34.33,98145,0
FICS.US,D,20240702,000000,34.01,34.23,33.9601,34.21,23798,0
FICS.US,D,20240703,000000,34.54,34.61,34.5,34.5545,19579,0
FICS.US,D,20240705,000000,34.71,34.81,34.553,34.71,50455,0
FICS.US,D,20240708,000000,34.89,34.89,34.64,34.69,30124,0
FICS.US,D,20240709,000000,34.57,34.62,34.4428,34.5,24509,0
FICS.US,D,20240710,000000,34.72,34.81,34.59,34.81,18742,0
FICS.US,D,20240711,000000,35.11,35.16,34.98,35.01,60388,0
FICS.US,D,20240712,000000,35.32,35.51,35.31,35.44,14242,0
FICS.US,D,20240715,000000,35.28,35.28,35.095,35.1238,12141,0
FICS.US,D,20240716,000000,35.059,35.28,35.0582,35.28,26890,0
FICS.US,D,20240717,000000,35.12,35.291,35.12,35.2365,14275,0
FICS.US,D,20240718,000000,35.42,35.42,34.9526,35.02,16796,0
FICS.US,D,20240719,000000,34.99,34.99,34.75,34.81,17728,0
FICS.US,D,20240722,000000,35,35.08,34.9,35.08,20652,0
FICS.US,D,20240723,000000,35,35,34.845,34.85,10938,0
FICS.US,D,20240724,000000,34.81,34.919,34.63,34.63,13498,0
FICS.US,D,20240725,000000,34.6,34.83,34.461,34.59,51261,0
FICS.US,D,20240726,000000,34.85,35.1,34.8499,35.08,17335,0
FICS.US,D,20240729,000000,34.85,34.85,34.7204,34.83,8066,0
FICS.US,D,20240730,000000,34.88,35.03,34.87,35.01,28007,0
FICS.US,D,20240731,000000,35.18,35.34,35.105,35.16,19351,0
FICS.US,D,20240801,000000,35.04,35.04,34.362,34.51,16513,0
FICS.US,D,20240802,000000,34.35,34.44,34.229,34.38,19469,0
FICS.US,D,20240805,000000,33.59,33.7881,33.59,33.74,22786,0
FICS.US,D,20240806,000000,33.57,33.91,33.51,33.81,72843,0
FICS.US,D,20240807,000000,34.23,34.3,33.94,33.98,17743,0
FICS.US,D,20240808,000000,34.09,34.33,34.01,34.32,17418,0
FICS.US,D,20240809,000000,34.29,34.46,34.23,34.46,27135,0
FICS.US,D,20240812,000000,34.45,34.485,34.33,34.3951,108553,0
FICS.US,D,20240813,000000,34.5792,34.93,34.5792,34.89,48629,0
FICS.US,D,20240814,000000,34.91,35.0845,34.91,35.03,11218,0
FICS.US,D,20240815,000000,35.2,35.33,35.18,35.27,28493,0
FICS.US,D,20240816,000000,35.24,35.4199,35.24,35.35,121642,0
FICS.US,D,20240819,000000,35.6,35.83,35.58,35.81,23769,0
FICS.US,D,20240820,000000,35.82,35.865,35.8049,35.85,13583,0
FICS.US,D,20240821,000000,35.98,36.16,35.93,36.13,9098,0
FICS.US,D,20240822,000000,36.3,36.3,35.995,36.04,30557,0
FICS.US,D,20240823,000000,36.21,36.57,36.16,36.52,10611,0
FICS.US,D,20240826,000000,36.5,36.57,36.45,36.5064,11158,0
FICS.US,D,20240827,000000,36.64,36.79,36.64,36.79,11092,0
FICS.US,D,20240828,000000,36.76,36.87,36.645,36.7491,29439,0
FICS.US,D,20240829,000000,36.88,37.01,36.77,36.8553,18167,0
FICS.US,D,20240830,000000,36.83,36.87,36.6424,36.75,12586,0
FICS.US,D,20240903,000000,36.69,36.69,36.33,36.43,22275,0
FICS.US,D,20240904,000000,36.28,36.51,36.28,36.42,18933,0
FICS.US,D,20240905,000000,36.28,36.35,36.14,36.27,11051,0
FICS.US,D,20240906,000000,36.38,36.44,35.8757,35.96,14095,0
FICS.US,D,20240909,000000,36.14,36.34,36.14,36.23,13536,0
FICS.US,D,20240910,000000,36.18,36.21,35.9899,36.21,11212,0
FICS.US,D,20240911,000000,36.25,36.31,35.8799,36.3074,85584,0
FICS.US,D,20240912,000000,36.36,36.72,36.31,36.71,23392,0
FICS.US,D,20240913,000000,36.83,36.88,36.7751,36.82,7161,0
FICS.US,D,20240916,000000,36.9,37.1,36.88,37.0868,8882,0
FICS.US,D,20240917,000000,37.07,37.089,36.8715,36.92,15057,0
FICS.US,D,20240918,000000,36.87,37.1492,36.6919,36.77,17066,0
FICS.US,D,20240919,000000,37.25,37.3392,37.1,37.24,82283,0
FICS.US,D,20240920,000000,37.03,37.03,36.8184,36.89,16826,0
FICS.US,D,20240923,000000,37.06,37.18,37.06,37.18,25747,0
FICS.US,D,20240924,000000,37.27,37.54,37.27,37.54,15708,0
FICS.US,D,20240925,000000,37.58,37.58,37.29,37.29,9290,0
FICS.US,D,20240926,000000,37.63,37.8052,37.545,37.78,15513,0
FICS.US,D,20240927,000000,37.78,37.93,37.67,37.69,11287,0
FICS.US,D,20240930,000000,37.63,37.66,37.339,37.48,58304,0
FICS.US,D,20241001,000000,37.42,37.42,37.0513,37.2,8723,0
FICS.US,D,20241002,000000,37.08,37.12,36.94,37.03,10809,0
FICS.US,D,20241003,000000,36.84,36.84,36.66,36.78,15913,0
FICS.US,D,20241004,000000,36.64,36.81,36.61,36.76,27844,0
FICS.US,D,20241007,000000,36.71,36.71,36.3836,36.47,16364,0
FICS.US,D,20241008,000000,36.56,36.58,36.4801,36.58,23851,0
FICS.US,D,20241009,000000,36.55,36.77,36.55,36.77,18271,0
FICS.US,D,20241010,000000,36.67,36.67,36.49,36.545,93089,0
FICS.US,D,20241011,000000,36.71,36.89,36.69,36.86,18836,0
FICS.US,D,20241014,000000,36.88,37.06,36.8199,37.0399,9341,0
FICS.US,D,20241015,000000,37.04,37.04,36.75,36.83,16908,0
FICS.US,D,20241016,000000,36.83,36.848,36.7404,36.75,23334,0
FICS.US,D,20241017,000000,36.95,36.95,36.816,36.87,14665,0
FICS.US,D,20241018,000000,36.81,36.96,36.798871,36.89,15810,0
FICS.US,D,20241021,000000,36.7794,36.8,36.5105,36.53,18283,0
FICS.US,D,20241022,000000,36.32,36.34,36.21,36.27,46338,0
FICS.US,D,20241023,000000,36.05,36.11,35.944,36.05,11716,0
FICS.US,D,20241024,000000,36.19,36.3,35.9837,36.07,10961,0
FICS.US,D,20241025,000000,36.07,36.18,35.83,35.83,17484,0
FICS.US,D,20241028,000000,36.15,36.3797,36.15,36.35,6811,0
FICS.US,D,20241029,000000,36.13,36.1899,36.04,36.05,8784,0
FICS.US,D,20241030,000000,35.62,35.87,35.62,35.71,12784,0
FICS.US,D,20241031,000000,35.6,35.6,35.1734,35.39,13143,0
FICS.US,D,20241101,000000,35.66,35.7279,35.53,35.54,18297,0
FICS.US,D,20241104,000000,35.73,35.78,35.531,35.531,27815,0
