<TICKER>,<PER>,<DATE>,<TIME>,<OPEN>,<HIGH>,<LOW>,<CLOSE>,<VOL>,<OPENINT>
FPXE.US,D,20181008,000000,18.0179,18.1024,18.0179,18.1024,745.94060818262,0
FPXE.US,D,20181009,000000,17.8764,18.0091,17.8764,18.0091,729.65813924548,0
FPXE.US,D,20181015,000000,17.2553,17.2553,17.2553,17.2553,104.81839378282,0
FPXE.US,D,20181016,000000,17.7261,17.7261,17.7261,17.7261,213.70740479993,0
FPXE.US,D,20181017,000000,17.6327,17.6327,17.6327,17.6327,213.70740479993,0
FPXE.US,D,20181023,000000,16.9075,16.9262,16.9075,16.9262,552.58628955411,0
FPXE.US,D,20181026,000000,16.5675,16.5675,16.5675,16.5675,213.70740479993,0
FPXE.US,D,20181031,000000,16.8976,16.8976,16.8976,16.8976,104.81839378282,0
FPXE.US,D,20181101,000000,17.2553,17.2553,17.2553,17.2553,213.70740479993,0
FPXE.US,D,20181102,000000,17.3124,17.3124,17.3124,17.3124,213.70740479993,0
FPXE.US,D,20181105,000000,17.2357,17.2357,17.2357,17.2357,214.7250591085,0
FPXE.US,D,20181106,000000,17.274,17.274,17.274,17.274,213.70740479993,0
FPXE.US,D,20181107,000000,17.557,17.557,17.557,17.557,213.70740479993,0
FPXE.US,D,20181108,000000,17.4155,17.4155,17.4155,17.4155,104.81839378282,0
FPXE.US,D,20181112,000000,17.0215,17.0215,16.8309,16.8309,331.75530459418,0
FPXE.US,D,20181114,000000,16.9537,16.9537,16.9537,16.9537,104.81839378282,0
FPXE.US,D,20181115,000000,16.8879,16.8879,16.8879,16.8879,332.77295890275,0
FPXE.US,D,20181120,000000,16.1538,16.1538,16.1145,16.1145,319.54345289133,0
FPXE.US,D,20181123,000000,16.3248,16.3248,16.3248,16.3248,104.81839378282,0
FPXE.US,D,20181127,000000,16.4919,16.4919,16.4919,16.4919,214.7250591085,0
FPXE.US,D,20181128,000000,16.708,16.708,16.708,16.708,213.70740479993,0
FPXE.US,D,20181129,000000,16.653,16.653,16.653,16.653,104.81839378282,0
FPXE.US,D,20181204,000000,16.315,16.315,16.315,16.315,105.8360480914,0
FPXE.US,D,20181206,000000,16.2953,16.2953,16.2953,16.2953,223.88394788564,0
FPXE.US,D,20181207,000000,16.1145,16.1145,16.1145,16.1145,111.94197394282,0
FPXE.US,D,20181221,000000,15.4748,15.4748,15.4748,15.4748,437.59135268558,0
FPXE.US,D,20181226,000000,15.5986,15.5986,15.5986,15.5986,105.8360480914,0
FPXE.US,D,20181227,000000,15.6084,15.6084,15.6084,15.6084,223.88394788564,0
FPXE.US,D,20190108,000000,16.3976,16.3976,16.3976,16.3976,106.85370239997,0
FPXE.US,D,20190110,000000,16.5862,16.5862,16.5862,16.5862,214.7250591085,0
FPXE.US,D,20190117,000000,16.6245,16.6245,16.6245,16.6245,104.81839378282,0
FPXE.US,D,20190123,000000,16.8397,16.8397,16.8397,16.8397,104.81839378282,0
FPXE.US,D,20190124,000000,16.822,16.822,16.822,16.822,213.70740479993,0
FPXE.US,D,20190128,000000,16.8682,16.8682,16.8682,16.8682,104.81839378282,0
FPXE.US,D,20190204,000000,17.16,17.16,17.16,17.16,105.8360480914,0
FPXE.US,D,20190208,000000,16.9734,16.9734,16.9734,16.9734,216.76036772565,0
FPXE.US,D,20190212,000000,17.1797,17.1797,17.1797,17.1797,104.81839378282,0
FPXE.US,D,20190213,000000,17.1503,17.1503,17.1503,17.1503,104.81839378282,0
FPXE.US,D,20190215,000000,17.3871,17.3871,17.3871,17.3871,184.19542985137,0
FPXE.US,D,20190221,000000,17.4706,17.4706,17.4706,17.4706,106.85370239997,0
FPXE.US,D,20190222,000000,17.5177,17.5177,17.5177,17.5177,104.81839378282,0
FPXE.US,D,20190301,000000,17.8381,17.8381,17.8381,17.8381,104.81839378282,0
FPXE.US,D,20190307,000000,17.4981,17.4981,17.4981,17.4981,104.81839378282,0
FPXE.US,D,20190308,000000,17.5846,17.5846,17.5846,17.5846,110.92431963425,0
FPXE.US,D,20190321,000000,18.3107,18.3107,18.3107,18.3107,104.81839378282,0
FPXE.US,D,20190401,000000,18.236,18.236,18.236,18.236,223.88394788564,0
FPXE.US,D,20190408,000000,18.348,18.348,18.348,18.348,104.81839378282,0
FPXE.US,D,20190416,000000,18.4709,18.4709,18.4709,18.4709,104.81839378282,0
FPXE.US,D,20190423,000000,18.3776,18.3776,18.3776,18.3776,104.81839378282,0
FPXE.US,D,20190425,000000,18.3864,18.3864,18.3864,18.3864,104.81839378282,0
FPXE.US,D,20190503,000000,18.6026,18.6026,18.6026,18.6026,229.98987373707,0
FPXE.US,D,20190510,000000,18.5751,18.5751,18.5751,18.5751,212.68975049136,0
FPXE.US,D,20190514,000000,18.2449,18.2449,18.2449,18.2449,150.61283766852,0
FPXE.US,D,20190515,000000,18.3579,18.4345,18.3579,18.4345,257.46654006849,0
FPXE.US,D,20190516,000000,18.5653,18.5653,18.5653,18.5653,104.81839378282,0
FPXE.US,D,20190521,000000,18.4994,18.4994,18.4994,18.4994,212.68975049136,0
FPXE.US,D,20190522,000000,18.4994,18.4994,18.4994,18.4994,104.81839378282,0
FPXE.US,D,20190523,000000,18.348,18.348,18.348,18.348,104.81839378282,0
FPXE.US,D,20190530,000000,18.4345,18.4345,18.4345,18.4345,212.68975049136,0
FPXE.US,D,20190604,000000,18.5554,18.5554,18.5554,18.5554,234.06049097135,0
FPXE.US,D,20190605,000000,18.6124,18.6124,18.6124,18.6124,212.68975049136,0
FPXE.US,D,20190606,000000,18.6979,18.6979,18.6979,18.6979,212.68975049136,0
FPXE.US,D,20190610,000000,18.9907,18.9907,18.9907,18.9907,104.81839378282,0
FPXE.US,D,20190611,000000,19.0123,19.0389,19.0123,19.0389,212.68975049136,0
FPXE.US,D,20190612,000000,19.0193,19.0193,19.0193,19.0193,106.85370239997,0
FPXE.US,D,20190613,000000,19.0566,19.0762,19.0566,19.0762,318.52579858276,0
FPXE.US,D,20190614,000000,18.9897,18.9897,18.922,18.922,522.05666029698,0
FPXE.US,D,20190617,000000,18.9131,18.9131,18.9131,18.9131,103.80073947425,0
FPXE.US,D,20190619,000000,19.1067,19.2285,19.1067,19.2285,346.00246491418,0
FPXE.US,D,20190620,000000,19.3828,19.3828,19.3828,19.3828,209.63678756565,0
FPXE.US,D,20190621,000000,19.3828,19.3828,19.3828,19.3828,313.4375270399,0
FPXE.US,D,20190624,000000,19.4585,19.4585,19.4585,19.4585,110.92431963425,0
FPXE.US,D,20190625,000000,19.4103,19.4103,19.4034,19.4034,715.41097892549,0
FPXE.US,D,20190627,000000,19.2875,19.2875,19.2875,19.2875,103.80073947425,0
FPXE.US,D,20190628,000000,19.4486,19.4486,19.4486,19.4486,156.71876351995,0
FPXE.US,D,20190701,000000,19.4486,19.4486,19.4486,19.4486,262.55481161135,0
FPXE.US,D,20190702,000000,19.5429,19.5429,19.5429,19.5429,209.63678756565,0
FPXE.US,D,20190703,000000,19.7543,19.7543,19.7543,19.7543,209.63678756565,0
FPXE.US,D,20190705,000000,19.5155,19.5155,19.4486,19.5066,366.3555510856,0
FPXE.US,D,20190708,000000,19.4968,19.4968,19.4968,19.4968,107.87135670854,0
FPXE.US,D,20190709,000000,19.5066,19.5066,19.5066,19.5066,210.65444187422,0
FPXE.US,D,20190710,000000,19.6009,19.6009,19.6009,19.6009,103.80073947425,0
FPXE.US,D,20190711,000000,19.5429,19.5429,19.5429,19.5429,103.80073947425,0
FPXE.US,D,20190712,000000,19.5066,19.5066,19.5066,19.5066,213.70740479993,0
FPXE.US,D,20190716,000000,19.5066,19.5066,19.5066,19.5066,103.80073947425,0
FPXE.US,D,20190718,000000,19.716,19.716,19.716,19.716,104.81839378282,0
FPXE.US,D,20190719,000000,19.5911,19.5911,19.5911,19.5911,103.80073947425,0
FPXE.US,D,20190722,000000,19.6786,19.6786,19.6786,19.6786,209.63678756565,0
FPXE.US,D,20190723,000000,19.5822,19.6108,19.5822,19.6108,459.97974747414,0
FPXE.US,D,20190724,000000,19.6403,19.6403,19.6403,19.6403,241.18407113135,0
FPXE.US,D,20190725,000000,19.5155,19.5253,19.5155,19.5253,313.4375270399,0
FPXE.US,D,20190726,000000,19.6403,19.6403,19.6403,19.6403,174.01888676566,0
FPXE.US,D,20190729,000000,19.6884,19.6884,19.6884,19.6884,209.63678756565,0
FPXE.US,D,20190802,000000,19.6206,19.6206,19.4202,19.4202,417.23826651415,0
FPXE.US,D,20190805,000000,18.9996,18.9996,18.9996,18.9996,114.99493686853,0
FPXE.US,D,20190809,000000,19.43,19.43,19.43,19.43,209.63678756565,0
FPXE.US,D,20190813,000000,19.1696,19.3926,19.1696,19.3926,417.23826651415,0
FPXE.US,D,20190815,000000,18.9996,18.9996,18.9996,18.9996,103.80073947425,0
FPXE.US,D,20190816,000000,19.1696,19.1696,19.1696,19.1696,103.80073947425,0
FPXE.US,D,20190822,000000,19.2777,19.2777,19.2777,19.2777,105.8360480914,0
FPXE.US,D,20190826,000000,19.1991,19.1991,19.1991,19.1991,104.81839378282,0
FPXE.US,D,20190828,000000,19.1794,19.1794,19.1794,19.1794,103.80073947425,0
FPXE.US,D,20190829,000000,19.1991,19.1991,19.1991,19.1991,209.63678756565,0
FPXE.US,D,20190903,000000,19.1332,19.1332,19.1332,19.1332,103.80073947425,0
FPXE.US,D,20190904,000000,19.3051,19.3051,19.3051,19.3051,210.65444187422,0
FPXE.US,D,20190905,000000,19.373,19.373,19.373,19.373,103.80073947425,0
FPXE.US,D,20190906,000000,19.4103,19.4103,19.4103,19.4103,103.80073947425,0
FPXE.US,D,20190909,000000,19.1794,19.1794,19.1794,19.1794,103.80073947425,0
FPXE.US,D,20190910,000000,18.8561,18.917,18.8561,18.9131,613.64554806838,0
FPXE.US,D,20190911,000000,19.0467,19.0467,19.0467,19.0467,209.63678756565,0
FPXE.US,D,20190917,000000,19.2285,19.2285,19.2285,19.2285,103.80073947425,0
FPXE.US,D,20190918,000000,19.2285,19.2285,19.2285,19.2285,114.99493686853,0
FPXE.US,D,20190919,000000,19.2531,19.2531,19.2531,19.2531,103.80073947425,0
FPXE.US,D,20190930,000000,18.8462,18.8462,18.8462,18.8462,209.63678756565,0
FPXE.US,D,20191004,000000,18.7323,18.7323,18.7323,18.7323,103.80073947425,0
FPXE.US,D,20191022,000000,19.2482,19.2482,19.2482,19.2482,103.80073947425,0
FPXE.US,D,20191023,000000,19.1146,19.1696,19.1146,19.1696,941.33023542827,0
FPXE.US,D,20191024,000000,19.2089,19.2089,19.2089,19.2089,313.4375270399,0
FPXE.US,D,20191025,000000,19.1608,19.2089,19.1608,19.2089,731.69344786263,0
FPXE.US,D,20191028,000000,19.258,19.3051,19.258,19.3051,522.05666029698,0
FPXE.US,D,20191029,000000,19.1421,19.2678,19.1421,19.2678,313.4375270399,0
FPXE.US,D,20191030,000000,19.2285,19.3631,19.2285,19.3631,422.32653805701,0
FPXE.US,D,20191031,000000,19.2777,19.2875,19.2777,19.2875,313.4375270399,0
FPXE.US,D,20191101,000000,19.3926,19.487,19.3926,19.487,313.4375270399,0
FPXE.US,D,20191104,000000,19.6983,19.6983,19.6206,19.6206,314.45518134847,0
FPXE.US,D,20191105,000000,19.5528,19.5528,19.425,19.5253,638.06925147408,0
FPXE.US,D,20191106,000000,19.5253,19.5253,19.4968,19.4968,313.4375270399,0
FPXE.US,D,20191107,000000,19.43,19.43,19.43,19.43,214.7250591085,0
FPXE.US,D,20191111,000000,19.4929,19.5253,19.4929,19.5253,471.17394486842,0
FPXE.US,D,20191112,000000,19.5429,19.6108,19.5263,19.6108,3558.7371170732,0
FPXE.US,D,20191113,000000,19.5332,19.5429,19.5175,19.5429,1468.4751672681,0
FPXE.US,D,20191114,000000,19.5066,19.5911,19.5066,19.5911,795.8056693026,0
FPXE.US,D,20191115,000000,19.7346,19.7739,19.7346,19.7739,746.95826249119,0
FPXE.US,D,20191118,000000,19.8407,19.8407,19.827,19.827,546.48036370268,0
FPXE.US,D,20191119,000000,19.8122,19.8309,19.8122,19.8122,423.34419236558,0
FPXE.US,D,20191120,000000,19.8024,19.8024,19.7444,19.7444,449.80320438843,0
FPXE.US,D,20191121,000000,19.8024,19.8024,19.7297,19.7297,110.92431963425,0
FPXE.US,D,20191122,000000,19.7444,19.7444,19.716,19.716,220.83098495993,0
FPXE.US,D,20191127,000000,20.051,20.051,20.0225,20.0225,231.00752804564,0
FPXE.US,D,20191202,000000,19.9931,19.9931,19.8358,19.8358,514.93308013698,0
FPXE.US,D,20191203,000000,19.9075,19.9075,19.879,19.879,236.0957995885,0
FPXE.US,D,20191204,000000,20.0363,20.051,20.0363,20.0363,103.80073947425,0
FPXE.US,D,20191205,000000,20.0127,20.0127,19.9852,19.9852,117.03024548568,0
FPXE.US,D,20191206,000000,20.0127,20.0127,19.9842,19.9842,432.50308114272,0
FPXE.US,D,20191210,000000,19.8889,20.051,19.8889,19.9931,19034.206187514,0
FPXE.US,D,20191212,000000,20.1935,20.1984,20.1935,20.1984,136.36567734853,0
FPXE.US,D,20191216,000000,20.6711,20.6711,20.6711,20.6711,707.26974445692,0
FPXE.US,D,20191217,000000,20.7005,20.7005,20.6809,20.6809,640.10456009123,0
FPXE.US,D,20191219,000000,20.6711,20.7575,20.6612,20.6711,9464.1850697113,0
FPXE.US,D,20191223,000000,20.8303,20.8303,20.8254,20.8254,5193.0899366384,0
FPXE.US,D,20191230,000000,21.0661,21.0661,20.9266,20.9266,458.96209316557,0
FPXE.US,D,20191231,000000,21.0081,21.0091,20.9983,21.0091,962.70097590827,0
FPXE.US,D,20200102,000000,21.1614,21.1663,21.1614,21.1663,135.34802303996,0
FPXE.US,D,20200103,000000,21.0366,21.0366,20.9845,20.9845,220.83098495993,0
FPXE.US,D,20200106,000000,20.9826,20.9885,20.9826,20.9885,212.68975049136,0
FPXE.US,D,20200107,000000,20.9305,20.9305,20.9157,20.9157,267.6430831542,0
FPXE.US,D,20200110,000000,21.1614,21.2096,21.0465,21.071,1855.1838045251,0
FPXE.US,D,20200115,000000,21.239,21.239,21.239,21.239,265.60777453706,0
FPXE.US,D,20200116,000000,21.2656,21.2773,21.2656,21.2773,129.24209718853,0
FPXE.US,D,20200117,000000,21.3707,21.3736,21.354,21.354,218.79567634279,0
FPXE.US,D,20200121,000000,21.2773,21.3019,21.2773,21.3019,199.46024447994,0
FPXE.US,D,20200123,000000,21.4022,21.4022,21.2587,21.3343,2003.7613335765,0
FPXE.US,D,20200129,000000,21.239,21.239,21.1977,21.1977,228.9722194285,0
FPXE.US,D,20200130,000000,21.0514,21.1437,21.0514,21.1251,208.61913325708,0
FPXE.US,D,20200205,000000,21.3639,21.3639,21.3501,21.3501,258.48419437706,0
FPXE.US,D,20200212,000000,21.585,21.6193,21.5751,21.6193,1537.6756602509,0
FPXE.US,D,20200214,000000,21.6104,21.6193,21.6104,21.6193,208.61913325708,0
FPXE.US,D,20200218,000000,21.7255,21.7255,21.7186,21.7186,148.57752905138,0
FPXE.US,D,20200225,000000,20.4303,20.45,20.4303,20.45,104.81839378282,0
FPXE.US,D,20200226,000000,20.4794,20.504,20.4794,20.504,105.8360480914,0
FPXE.US,D,20200227,000000,20.1326,20.165,19.9881,19.9891,18084.734717618,0
FPXE.US,D,20200302,000000,20.3144,20.3144,20.2809,20.2809,103.80073947425,0
FPXE.US,D,20200303,000000,20.5306,20.5306,20.2976,20.2976,231.00752804564,0
FPXE.US,D,20200304,000000,20.8912,20.9492,20.8912,20.9492,109.90666532568,0
FPXE.US,D,20200311,000000,18.1624,18.1634,18.1624,18.1634,208.61913325708,0
FPXE.US,D,20200312,000000,16.4732,16.5548,16.3553,16.3553,520.02135167984,0
FPXE.US,D,20200313,000000,16.6982,17.3163,16.6982,17.3163,210.65444187422,0
FPXE.US,D,20200316,000000,15.067,15.067,15.067,15.067,107.87135670854,0
FPXE.US,D,20200318,000000,15.6448,15.6448,15.6016,15.6016,314.45518134847,0
FPXE.US,D,20200323,000000,15.6261,15.6517,15.6261,15.6517,228.9722194285,0
FPXE.US,D,20200325,000000,17.3625,17.3625,17.2337,17.2426,468.12098194271,0
FPXE.US,D,20200331,000000,17.8321,17.841,17.8321,17.841,210.65444187422,0
FPXE.US,D,20200401,000000,17.214,17.2436,17.214,17.2436,106.85370239997,0
FPXE.US,D,20200402,000000,17.3782,17.4028,17.3782,17.4028,103.80073947425,0
FPXE.US,D,20200403,000000,17.0225,17.159,17.0225,17.159,468.12098194271,0
FPXE.US,D,20200406,000000,17.7545,17.8921,17.7349,17.8921,383.65567433131,0
FPXE.US,D,20200408,000000,17.9482,18.1505,17.8518,18.1505,1036.989740434,0
FPXE.US,D,20200409,000000,18.4798,18.5397,18.4798,18.5397,207.60147894851,0
FPXE.US,D,20200414,000000,18.6635,18.7029,18.6635,18.7029,310.38456411419,0
FPXE.US,D,20200420,000000,18.9043,18.9809,18.8855,18.8885,15372.685985276,0
FPXE.US,D,20200421,000000,18.7303,18.7402,18.7303,18.7402,368.39085970274,0
FPXE.US,D,20200422,000000,18.9524,19.0733,18.9514,19.0733,734.74641078834,0
FPXE.US,D,20200501,000000,19.319,19.3258,19.319,19.3258,208.61913325708,0
FPXE.US,D,20200504,000000,19.3779,19.485,19.3779,19.485,141.45394889138,0
FPXE.US,D,20200514,000000,20.391,20.391,20.3576,20.3576,622.80443684552,0
FPXE.US,D,20200518,000000,20.8254,21.0612,20.8254,21.0612,1243.5735650739,0
FPXE.US,D,20200520,000000,21.5014,21.5014,21.5014,21.5014,573.9570300341,0
FPXE.US,D,20200526,000000,21.5201,21.5496,21.5201,21.5496,114.99493686853,0
FPXE.US,D,20200527,000000,21.0356,21.2273,21.0356,21.2273,470.15629055985,0
FPXE.US,D,20200528,000000,21.5683,21.5683,21.3943,21.4522,703.19912722263,0
FPXE.US,D,20200601,000000,22.2059,22.2059,22.1863,22.1863,102.78308516568,0
FPXE.US,D,20200602,000000,22.0596,22.1854,22.0596,22.1854,2259.1925650279,0
FPXE.US,D,20200603,000000,22.4006,22.4006,22.3877,22.3877,252.37826852563,0
FPXE.US,D,20200605,000000,22.5155,22.5155,22.1765,22.2374,6990.2674455749,0
FPXE.US,D,20200608,000000,22.0124,22.2257,21.974,22.1912,1696.429732388,0
FPXE.US,D,20200609,000000,22.2541,22.2541,22.1961,22.1961,1106.1902334168,0
FPXE.US,D,20200611,000000,21.8974,21.8974,21.8492,21.8492,1808.3717063309,0
FPXE.US,D,20200612,000000,21.7432,21.7432,21.5014,21.5741,775.45258313118,0
FPXE.US,D,20200617,000000,22.3917,22.3917,22.372,22.372,227.95456511993,0
FPXE.US,D,20200619,000000,22.5794,22.5794,22.3839,22.3839,1100.0843075654,0
FPXE.US,D,20200622,000000,22.6787,22.6787,22.6787,22.6787,228.9722194285,0
FPXE.US,D,20200623,000000,23.166,23.166,23.0461,23.1424,5117.7835178041,0
FPXE.US,D,20200624,000000,22.7847,22.7847,22.4772,22.4772,801.91159515403,0
FPXE.US,D,20200629,000000,22.6993,22.713,22.6993,22.713,222.86629357707,0
FPXE.US,D,20200630,000000,22.7769,22.9056,22.7769,22.9056,152.64814628567,0
FPXE.US,D,20200701,000000,22.9214,23.0983,22.9214,23.0983,26377.599678163,0
FPXE.US,D,20200702,000000,23.2515,23.3095,23.2515,23.3095,314.45518134847,0
FPXE.US,D,20200706,000000,23.6799,23.733,23.6799,23.733,1665.9001031309,0
FPXE.US,D,20200707,000000,23.5336,23.5336,23.5336,23.5336,231.00752804564,0
FPXE.US,D,20200708,000000,23.9413,23.9895,23.9217,23.9895,858.90023643401,0
FPXE.US,D,20200709,000000,24.0681,24.0681,23.8726,23.8765,690.98727551978,0
FPXE.US,D,20200710,000000,23.8627,23.8627,23.8627,23.8627,112.95962825139,0
FPXE.US,D,20200713,000000,24.0288,24.242,23.7281,23.7497,3953.5869887987,0
FPXE.US,D,20200714,000000,23.848,23.9462,23.8146,23.9462,316.49048996561,0
FPXE.US,D,20200716,000000,24.135,24.1595,24.135,24.1595,160.78938075423,0
FPXE.US,D,20200717,000000,24.3865,24.4218,24.3865,24.4218,448.78555007986,0
FPXE.US,D,20200720,000000,24.7952,24.8532,24.7756,24.8335,3424.4067483418,0
FPXE.US,D,20200721,000000,25.1245,25.1245,24.9318,24.9367,9476.3969214141,0
FPXE.US,D,20200722,000000,25.0723,25.1294,25.0723,25.1294,127.20678857139,0
FPXE.US,D,20200723,000000,25.1539,25.1834,24.9318,24.9407,3795.8505709702,0
FPXE.US,D,20200724,000000,24.3579,24.3579,24.2519,24.356,3156.7636651876,0
FPXE.US,D,20200727,000000,24.6499,24.8248,24.6499,24.8248,1966.1081241594,0
FPXE.US,D,20200728,000000,24.6302,24.8248,24.6036,24.6036,3158.7989738047,0
FPXE.US,D,20200729,000000,24.9977,24.9977,24.7166,24.928,2968.4976181019,0
FPXE.US,D,20200730,000000,24.4258,24.7854,24.4258,24.7549,2242.9100960907,0
FPXE.US,D,20200731,000000,24.7952,24.7952,24.3039,24.4159,1122.4727023539,0
FPXE.US,D,20200803,000000,24.6106,24.8728,24.6106,24.8119,1948.8080009137,0
FPXE.US,D,20200804,000000,24.6106,24.7854,24.5034,24.6832,4738.1984607071,0
FPXE.US,D,20200805,000000,24.9024,24.9024,24.8631,24.8807,338.87888475418,0
FPXE.US,D,20200806,000000,24.8532,24.978,24.8532,24.8738,1078.7135670854,0
FPXE.US,D,20200807,000000,24.7461,24.7746,24.7461,24.7746,300.20802102848,0
FPXE.US,D,20200810,000000,24.6302,24.6302,24.3766,24.4288,1772.7538055309,0
FPXE.US,D,20200811,000000,24.582,24.5997,24.3305,24.3305,3328.7472433361,0
FPXE.US,D,20200812,000000,24.5624,24.8012,24.5624,24.7549,1206.9380099653,0
FPXE.US,D,20200813,000000,24.9121,24.9879,24.8906,24.8906,2372.1521932792,0
FPXE.US,D,20200814,000000,24.64,24.64,24.5771,24.6203,768.32900297118,0
FPXE.US,D,20200817,000000,24.9584,24.9682,24.9564,24.9564,854.82961919973,0
FPXE.US,D,20200818,000000,25.0173,25.1146,24.7923,24.9024,4213.0888374844,0
FPXE.US,D,20200819,000000,24.9407,24.9996,24.7019,24.7019,3465.1129206846,0
FPXE.US,D,20200820,000000,24.4454,24.6154,24.4454,24.6154,1373.833316571,0
FPXE.US,D,20200821,000000,24.4552,24.6007,24.4552,24.6007,3575.0195860103,0
FPXE.US,D,20200824,000000,24.9407,24.9407,24.7166,24.7166,1694.3944237709,0
FPXE.US,D,20200826,000000,24.8827,25.1608,24.8827,25.1166,3932.2162483188,0
FPXE.US,D,20200827,000000,24.8728,24.9977,24.8335,24.8532,6487.5462171408,0
FPXE.US,D,20200828,000000,24.923,24.9456,24.923,24.9456,439.62666130272,0
FPXE.US,D,20200831,000000,24.9121,24.9121,24.9121,24.9121,281.8902434742,0
FPXE.US,D,20200901,000000,25.0459,25.0488,24.8837,24.8837,866.02381659401,0
FPXE.US,D,20200902,000000,24.9889,24.9889,24.9889,24.9889,594.31011620553,0
FPXE.US,D,20200903,000000,24.9024,24.9024,24.2715,24.2764,2563.4712032906,0
FPXE.US,D,20200904,000000,24.1153,24.1153,23.5187,23.849,6401.0456009123,0
FPXE.US,D,20200908,000000,23.4943,23.4943,23.4943,23.4943,126.18913426282,0
FPXE.US,D,20200909,000000,23.9993,24.2174,23.9993,24.2174,2583.824289462,0
FPXE.US,D,20200910,000000,24.2912,24.2912,23.9079,23.9079,532.23320338269,0
FPXE.US,D,20200911,000000,24.1005,24.1005,24.0956,24.0956,396.88518034273,0
FPXE.US,D,20200916,000000,24.5722,24.5722,24.3403,24.3678,6044.8665929124,0
FPXE.US,D,20200917,000000,24.2813,24.3599,24.2813,24.3599,310.38456411419,0
FPXE.US,D,20200918,000000,24.4621,24.472,24.4258,24.472,2680.5014487763,0
FPXE.US,D,20200921,000000,24.0092,24.0092,23.795,23.9748,5314.1907993583,0
FPXE.US,D,20200922,000000,23.9728,23.9806,23.9708,23.9806,661.47530057122,0
FPXE.US,D,20200923,000000,24.1054,24.1054,23.7035,23.8391,2561.4358946735,0
FPXE.US,D,20200924,000000,23.7566,23.7566,23.7389,23.7389,104.81839378282,0
FPXE.US,D,20200925,000000,23.6996,23.8873,23.6996,23.8873,851.77665627402,0
FPXE.US,D,20200929,000000,24.2322,24.2833,24.2273,24.2273,2323.3047864678,0
FPXE.US,D,20200930,000000,24.2912,24.2912,24.2912,24.2912,393.83221741702,0
FPXE.US,D,20201005,000000,24.6783,24.9506,24.6783,24.9318,3234.105392639,0
FPXE.US,D,20201006,000000,24.9318,24.9318,24.5378,24.5378,838.54715026259,0
FPXE.US,D,20201007,000000,24.7265,24.7265,24.7265,24.7265,763.24073142833,0
FPXE.US,D,20201008,000000,24.8542,24.868,24.8542,24.868,1082.7841843197,0
FPXE.US,D,20201009,000000,25.037,25.2512,25.037,25.2512,2117.7386161365,0
FPXE.US,D,20201013,000000,25.2698,25.3524,25.2698,25.3524,1321.9329468339,0
FPXE.US,D,20201014,000000,25.6089,25.6089,25.5421,25.5421,520.02135167984,0
FPXE.US,D,20201015,000000,24.9318,24.9318,24.9318,24.9318,1661.8294858966,0
FPXE.US,D,20201016,000000,25.2698,25.2994,25.2698,25.2797,543.42740077697,0
FPXE.US,D,20201019,000000,25.0665,25.0665,25.0665,25.0665,440.64431561129,0
FPXE.US,D,20201020,000000,25.1441,25.1441,25.0665,25.1009,282.90789778277,0
FPXE.US,D,20201021,000000,24.9879,24.9879,24.9879,24.9879,235.07814527993,0
FPXE.US,D,20201022,000000,24.7363,24.7658,24.7363,24.7658,3868.1040268788,0
FPXE.US,D,20201026,000000,24.5231,24.5231,24.5231,24.5231,416.22061220558,0
FPXE.US,D,20201027,000000,24.2912,24.2912,24.2872,24.2872,322.59641581704,0
FPXE.US,D,20201028,000000,23.6898,23.6898,23.5375,23.5375,435.55604406843,0
FPXE.US,D,20201029,000000,23.4274,23.621,23.4176,23.619,801.91159515403,0
FPXE.US,D,20201030,000000,23.6112,23.6112,23.3684,23.3881,589.22184466267,0
FPXE.US,D,20201102,000000,23.4766,23.5453,23.4766,23.5453,4071.634888593,0
FPXE.US,D,20201103,000000,23.8343,24.0435,23.8343,24.0435,794.78801499403,0
FPXE.US,D,20201104,000000,24.4061,24.9318,24.2371,24.9318,1178.4436893253,0
FPXE.US,D,20201105,000000,25.4546,25.6541,25.4546,25.6541,1257.8207253939,0
FPXE.US,D,20201109,000000,26.057,26.057,25.4743,25.5312,12937.439224865,0
FPXE.US,D,20201110,000000,25.0468,25.0704,25.0468,25.0704,132.29506011424,0
FPXE.US,D,20201111,000000,25.1932,25.3829,25.1932,25.3829,504.75653705127,0
FPXE.US,D,20201112,000000,25.2119,25.2267,25.2031,25.2267,1633.3351652566,0
FPXE.US,D,20201116,000000,25.3573,25.3573,25.1549,25.1884,3440.6892172789,0
FPXE.US,D,20201117,000000,25.1735,25.1735,25.0075,25.0075,699.12850998835,0
FPXE.US,D,20201118,000000,25.2994,25.2994,25.2502,25.2502,894.518137234,0
FPXE.US,D,20201119,000000,25.4546,25.4546,25.428,25.428,319.54345289133,0
FPXE.US,D,20201120,000000,25.7307,25.7652,25.7307,25.7436,670.63418934836,0
FPXE.US,D,20201123,000000,25.5558,25.6777,25.5558,25.6394,4774.8340158156,0
FPXE.US,D,20201124,000000,25.4065,25.5185,25.3869,25.5185,4554.0030308557,0
FPXE.US,D,20201125,000000,25.7455,25.7995,25.7455,25.7995,1176.4083807082,0
FPXE.US,D,20201127,000000,26.0275,26.3115,26.0275,26.3115,640.10456009123,0
FPXE.US,D,20201130,000000,26.4147,26.4245,26.2987,26.4245,470.15629055985,0
FPXE.US,D,20201201,000000,26.5513,26.5513,26.5513,26.5513,357.19666230846,0
FPXE.US,D,20201202,000000,26.4343,26.6485,26.4343,26.5798,2441.3526862621,0
FPXE.US,D,20201203,000000,26.851,26.851,26.7252,26.7252,544.44505508554,0
FPXE.US,D,20201204,000000,26.735,26.7831,26.735,26.7605,703.19912722263,0
FPXE.US,D,20201207,000000,26.8804,26.9679,26.8804,26.9139,2662.183671222,0
FPXE.US,D,20201208,000000,26.9875,27.0544,26.9286,27.0455,972.87751899398,0
FPXE.US,D,20201209,000000,27.133,27.133,26.9385,26.9385,2607.2303385592,0
FPXE.US,D,20201210,000000,27.2008,27.2716,27.1811,27.2716,2971.5505810276,0
FPXE.US,D,20201211,000000,27.2882,27.3845,27.2597,27.3639,1104.1549247996,0
FPXE.US,D,20201214,000000,27.4917,27.4917,27.1998,27.1998,3549.578228296,0
FPXE.US,D,20201215,000000,27.4818,27.4818,27.4563,27.4563,340.91419337132,0
FPXE.US,D,20201216,000000,27.531,27.6292,27.5211,27.6292,772.39962020547,0
FPXE.US,D,20201217,000000,27.8798,28.0733,27.8798,28.0252,8148.3580487288,0
FPXE.US,D,20201218,000000,28.1225,28.1608,28.0733,28.1608,861.95319935973,0
FPXE.US,D,20201221,000000,27.6754,27.6754,27.6754,27.6754,647.22814025122,0
FPXE.US,D,20201222,000000,28.152,28.1529,28.1215,28.1422,1692.3591151537,0
FPXE.US,D,20201223,000000,28.3554,28.375,28.3456,28.3456,1500.0224508338,0
FPXE.US,D,20201224,000000,28.3849,28.3849,28.2345,28.2345,730.67579355405,0
FPXE.US,D,20201228,000000,28.609,28.6679,28.322,28.322,2742.5783615991,0
FPXE.US,D,20201229,000000,28.5598,28.5598,28.4723,28.4723,786.64678052546,0
FPXE.US,D,20201230,000000,28.7072,28.7465,28.5313,28.5883,14856.735250829,0
FPXE.US,D,20201231,000000,28.434,28.434,28.3603,28.3603,1236.4499849139,0
FPXE.US,D,20210104,000000,28.8635,28.8635,28.4439,28.5411,4882.7053725242,0
FPXE.US,D,20210105,000000,28.7072,28.7072,28.7072,28.7072,363.30258815988,0
FPXE.US,D,20210106,000000,28.6187,28.7465,28.548,28.6187,3086.5455178962,0
FPXE.US,D,20210107,000000,28.6187,28.7367,28.609,28.7367,1768.6831882966,0
FPXE.US,D,20210108,000000,28.9814,29.0747,28.9814,29.056,3332.8178605704,0
FPXE.US,D,20210111,000000,28.5411,28.6581,28.5313,28.5991,2195.0803435879,0
FPXE.US,D,20210112,000000,28.5018,28.6521,28.3161,28.6521,1615.0173877023,0
FPXE.US,D,20210113,000000,28.6974,28.7996,28.661,28.661,2112.6503445936,0
FPXE.US,D,20210114,000000,28.888,28.888,28.7946,28.7946,457.944438857,0
FPXE.US,D,20210115,000000,28.4625,28.4625,28.1648,28.1648,2802.6199658048,0
FPXE.US,D,20210119,000000,28.5697,28.5697,28.4536,28.5598,5602.1869686839,0
FPXE.US,D,20210120,000000,28.9518,28.9518,28.9224,28.9421,1372.8156622624,0
FPXE.US,D,20210121,000000,29.2152,29.2791,29.2152,29.2791,543.42740077697,0
FPXE.US,D,20210122,000000,29.2938,29.3714,29.2938,29.3371,3375.5593415304,0
FPXE.US,D,20210125,000000,29.342,29.342,29.2045,29.2045,612.62789375981,0
FPXE.US,D,20210126,000000,29.0207,29.0364,29.0207,29.0364,944.38319835399,0
FPXE.US,D,20210127,000000,28.2375,28.4143,27.8375,28.0872,4576.3914256443,0
FPXE.US,D,20210128,000000,28.3456,28.4723,28.2866,28.3869,2182.868491885,0
FPXE.US,D,20210129,000000,28.3259,28.3259,28.0616,28.0665,1803.283434788,0
FPXE.US,D,20210201,000000,28.5598,28.609,28.4046,28.609,4013.6285930044,0
FPXE.US,D,20210202,000000,28.7946,29.0433,28.7946,29.0433,1548.8698576452,0
FPXE.US,D,20210203,000000,29.1563,29.1661,28.9911,29.1327,1412.5041802967,0
FPXE.US,D,20210204,000000,29.2349,29.2349,29.2015,29.2015,187.24839277708,0
FPXE.US,D,20210205,000000,29.4304,29.5631,29.4304,29.5631,2055.6617033136,0
FPXE.US,D,20210208,000000,29.6859,29.7351,29.6652,29.7351,1712.7122013252,0
FPXE.US,D,20210209,000000,29.7242,33.0289,29.7144,30.0318,107916.13349812,0
FPXE.US,D,20210210,000000,30.2323,30.2323,29.8706,29.9974,3352.1532924332,0
FPXE.US,D,20210211,000000,30.2912,30.4671,30.2912,30.4475,2962.3916922505,0
FPXE.US,D,20210212,000000,30.4278,30.5988,30.4072,30.5988,911.81826047971,0
FPXE.US,D,20210216,000000,30.7708,30.8671,30.6233,30.6823,3635.061190216,0
FPXE.US,D,20210217,000000,30.4966,30.4966,30.2372,30.4161,3123.1810730047,0
FPXE.US,D,20210218,000000,30.0171,30.1547,29.9286,30.1547,1422.6807233824,0
FPXE.US,D,20210219,000000,30.4278,30.4966,30.3787,30.4032,1795.1422003194,0
FPXE.US,D,20210222,000000,30.0072,30.0072,29.6652,29.6652,2108.5797273593,0
FPXE.US,D,20210223,000000,28.9814,28.9814,28.6876,28.7269,3528.207487816,0
FPXE.US,D,20210224,000000,28.9224,29.0737,28.8899,29.0737,727.62283062834,0
FPXE.US,D,20210225,000000,29.0207,29.0207,28.4665,28.4665,1232.3793676796,0
FPXE.US,D,20210301,000000,28.7946,28.9421,28.7946,28.9421,796.82332361118,0
FPXE.US,D,20210302,000000,28.9224,28.9224,28.775,28.775,3487.5013154732,0
FPXE.US,D,20210303,000000,28.5116,28.5116,28.0469,28.0469,333.79061321132,0
FPXE.US,D,20210304,000000,27.7786,27.7786,27.1084,27.1084,4181.5415539187,0
FPXE.US,D,20210308,000000,26.795,26.795,26.4383,26.4589,872.12974244544,0
FPXE.US,D,20210309,000000,27.2214,27.5526,27.2214,27.5526,1791.0715830851,0
FPXE.US,D,20210310,000000,27.7786,27.7786,27.5487,27.5487,430.46777252558,0
FPXE.US,D,20210311,000000,28.1982,28.434,28.1982,28.434,2162.5154057136,0
FPXE.US,D,20210312,000000,27.8572,28.0302,27.8543,28.0302,686.9166582855,0
FPXE.US,D,20210315,000000,28.1304,28.1304,28.0969,28.0969,283.92555209134,0
FPXE.US,D,20210316,000000,28.3554,28.4822,28.3554,28.375,762.22307711976,0
FPXE.US,D,20210317,000000,27.9151,27.9151,27.9151,27.9151,459.97974747414,0
FPXE.US,D,20210318,000000,27.925,27.925,27.925,27.925,120.08320841139,0
FPXE.US,D,20210322,000000,28.037,28.037,27.9732,27.9732,2245.9630590164,0
FPXE.US,D,20210323,000000,27.6606,27.6606,27.6017,27.6017,516.96838875412,0
FPXE.US,D,20210324,000000,27.3964,27.3964,27.0347,27.0347,128.22444287996,0
FPXE.US,D,20210325,000000,27.0249,27.0249,27.0102,27.0102,128.22444287996,0
FPXE.US,D,20210326,000000,27.1448,27.3619,27.1448,27.3619,226.93691081136,0
FPXE.US,D,20210401,000000,28.0026,28.0773,28.0026,28.0773,822.26468132545,0
FPXE.US,D,20210405,000000,28.3947,28.4919,28.3849,28.4596,1043.0956662854,0
FPXE.US,D,20210406,000000,28.2375,28.3357,28.2375,28.3357,1744.2594848909,0
FPXE.US,D,20210407,000000,28.3357,28.375,28.1982,28.1982,3446.7951431303,0
FPXE.US,D,20210408,000000,28.4536,28.55,28.4536,28.5215,775.45258313118,0
FPXE.US,D,20210409,000000,28.5854,28.6581,28.5844,28.5844,1516.3049197709,0
FPXE.US,D,20210412,000000,28.4723,28.4723,28.3849,28.3898,500.68591981698,0
FPXE.US,D,20210413,000000,28.6974,28.9224,28.6974,28.8792,916.90653202257,0
FPXE.US,D,20210414,000000,29.0207,29.0305,28.8585,28.8585,876.20035967972,0
FPXE.US,D,20210415,000000,29.1563,29.1563,29.114,29.114,308.34925549705,0
FPXE.US,D,20210416,000000,29.2545,29.3911,29.2545,29.3321,541.39209215983,0
FPXE.US,D,20210419,000000,29.3037,29.3037,29.0894,29.0894,610.59258514266,0
FPXE.US,D,20210420,000000,28.9028,28.9028,28.5068,28.6374,2442.3703405707,0
FPXE.US,D,20210421,000000,28.5313,28.9617,28.5313,28.9283,971.85986468541,0
FPXE.US,D,20210422,000000,29.0688,29.0688,29.0157,29.0157,460.99740178271,0
FPXE.US,D,20210423,000000,29.3321,29.4697,29.3321,29.4697,177.07184969137,0
FPXE.US,D,20210426,000000,29.4796,29.5405,29.4796,29.5405,204.54851602279,0
FPXE.US,D,20210427,000000,29.7724,29.8216,29.7488,29.797,723.55221339406,0
FPXE.US,D,20210428,000000,29.8117,29.8667,29.8117,29.8667,762.22307711976,0
FPXE.US,D,20210429,000000,29.9876,29.9876,29.6171,29.7438,430.46777252558,0
FPXE.US,D,20210430,000000,29.6555,29.6555,29.1563,29.3037,1071.5899869254,0
FPXE.US,D,20210503,000000,29.6751,29.6751,29.6652,29.6652,307.33160118847,0
FPXE.US,D,20210504,000000,29.0786,29.2545,28.5116,28.5509,4374.8958725472,0
FPXE.US,D,20210505,000000,28.8143,28.8143,28.8143,28.8143,237.11345389707,0
FPXE.US,D,20210506,000000,28.5116,28.55,28.2571,28.5185,459.97974747414,0
FPXE.US,D,20210507,000000,29.2152,29.2152,29.1376,29.1376,280.87258916563,0
FPXE.US,D,20210510,000000,28.7583,28.775,28.5667,28.5667,1792.0892373937,0
FPXE.US,D,20210511,000000,27.8375,28.0518,27.7305,28.0213,3003.0978645933,0
FPXE.US,D,20210512,000000,27.8179,27.8179,27.3512,27.3512,846.68838473116,0
FPXE.US,D,20210513,000000,27.5339,27.5339,27.4907,27.4907,205.56617033136,0
FPXE.US,D,20210514,000000,27.8179,28.1009,27.8179,28.0518,567.85110418268,0
FPXE.US,D,20210517,000000,27.8857,28.0026,27.8179,27.978,8332.5534785802,0
FPXE.US,D,20210518,000000,28.3554,28.3554,28.2571,28.2571,351.09073645703,0
FPXE.US,D,20210519,000000,27.7393,27.9929,27.6312,27.9544,523.07431460555,0
FPXE.US,D,20210520,000000,28.3652,28.6679,28.3652,28.6384,1089.9077644797,0
FPXE.US,D,20210521,000000,28.6187,28.6187,28.5745,28.5745,213.70740479993,0
FPXE.US,D,20210524,000000,28.8339,28.8831,28.8143,28.8516,1194.7261582625,0
FPXE.US,D,20210525,000000,29.0491,29.0983,29.0443,29.0443,484.40345087985,0
FPXE.US,D,20210526,000000,29.0443,29.0491,29.0108,29.0108,727.62283062834,0
FPXE.US,D,20210528,000000,29.4501,29.4501,29.4167,29.4167,474.22690779414,0
FPXE.US,D,20210601,000000,29.7527,29.7527,29.6948,29.6948,468.12098194271,0
FPXE.US,D,20210602,000000,29.5483,29.5876,29.4894,29.5483,721.51690477691,0
FPXE.US,D,20210603,000000,29.3037,29.3037,29.2251,29.2251,215.74271341707,0
FPXE.US,D,20210604,000000,29.4903,29.5975,29.4903,29.5975,890.44751999972,0
FPXE.US,D,20210607,000000,29.6259,29.6948,29.6259,29.6948,570.90406710839,0
FPXE.US,D,20210608,000000,29.6456,29.6456,29.6456,29.6456,142.47160319995,0
FPXE.US,D,20210609,000000,29.7527,29.7527,29.7527,29.7527,143.48925750853,0
FPXE.US,D,20210610,000000,29.6652,29.7823,29.6652,29.7823,965.75393883398,0
FPXE.US,D,20210611,000000,29.8903,29.8903,29.8461,29.8461,283.92555209134,0
FPXE.US,D,20210614,000000,29.8216,29.9433,29.8216,29.9296,980.00109915397,0
FPXE.US,D,20210615,000000,29.7438,29.7537,29.7438,29.7537,300.20802102848,0
FPXE.US,D,20210616,000000,29.5975,29.5975,29.3685,29.3685,910.80060617114,0
FPXE.US,D,20210617,000000,29.0393,29.2054,29.001,29.2054,692.00492982835,0
FPXE.US,D,20210618,000000,28.9322,28.9322,28.8831,28.9096,531.21554907412,0
FPXE.US,D,20210621,000000,28.9421,29.1838,28.9421,29.1838,596.34542482267,0
FPXE.US,D,20210628,000000,29.5886,29.6328,29.5886,29.6328,868.05912521115,0
FPXE.US,D,20210629,000000,29.6574,29.6869,29.6574,29.6869,109.90666532568,0
FPXE.US,D,20210630,000000,29.5592,29.5592,29.5042,29.5042,343.96715629703,0
FPXE.US,D,20210702,000000,29.794,29.7989,29.794,29.7989,185.21308415994,0
FPXE.US,D,20210706,000000,29.8038,29.8038,29.6181,29.6191,1461.3515871081,0
FPXE.US,D,20210708,000000,29.2644,29.3597,29.2644,29.3597,137.3833316571,0
FPXE.US,D,20210712,000000,30.0004,30.0868,30.0004,30.079,567.85110418268,0
FPXE.US,D,20210714,000000,30.0397,30.1477,30.0298,30.0328,32674.844539601,0
FPXE.US,D,20210715,000000,29.8726,29.8726,29.6485,29.7714,910.80060617114,0
FPXE.US,D,20210716,000000,29.7458,29.7458,29.7105,29.7105,173.00123245709,0
FPXE.US,D,20210719,000000,29.3234,29.4854,29.2447,29.4324,1122.4727023539,0
FPXE.US,D,20210720,000000,29.2742,29.6231,29.2742,29.6231,694.04023844549,0
FPXE.US,D,20210721,000000,29.853,30.2569,29.853,30.2569,1176.4083807082,0
FPXE.US,D,20210722,000000,30.6676,30.7511,30.6676,30.7511,714.39332461692,0
FPXE.US,D,20210723,000000,30.9427,31.04,30.9427,31.0203,1626.2115850966,0
FPXE.US,D,20210726,000000,30.9516,31.0165,30.9516,31.0036,769.34665727976,0
FPXE.US,D,20210728,000000,31.1088,31.1088,31.1088,31.1088,105.8360480914,0
FPXE.US,D,20210729,000000,31.5697,31.5697,31.5697,31.5697,153.66580059424,0
FPXE.US,D,20210730,000000,31.4085,31.4232,31.3938,31.4232,3681.8732884103,0
FPXE.US,D,20210802,000000,31.7073,31.7416,31.6286,31.6551,1289.3680089596,0
FPXE.US,D,20210804,000000,32.2192,32.2192,32.113,32.113,338.87888475418,0
FPXE.US,D,20210805,000000,32.0502,32.1495,32.0502,32.1347,1590.5936842966,0
FPXE.US,D,20210809,000000,32.0413,32.1229,32.0413,32.1229,215.74271341707,0
FPXE.US,D,20210813,000000,32.1102,32.1239,32.1102,32.1239,105.8360480914,0
FPXE.US,D,20210816,000000,31.7662,31.8301,31.7662,31.8301,195.38962724565,0
FPXE.US,D,20210819,000000,31.2758,31.3839,31.2267,31.3545,1143.8434428339,0
FPXE.US,D,20210820,000000,31.662,31.7809,31.662,31.7809,1633.3351652566,0
FPXE.US,D,20210823,000000,32.0315,32.3597,32.0315,32.3597,1048.1839378282,0
FPXE.US,D,20210824,000000,32.286,32.458,32.286,32.458,4767.7104356556,0
FPXE.US,D,20210826,000000,32.4236,32.4236,32.344,32.344,806.99986669689,0
FPXE.US,D,20210827,000000,32.5709,32.7085,32.5709,32.6751,762.22307711976,0
FPXE.US,D,20210830,000000,32.6103,32.6908,32.6103,32.6692,1232.3793676796,0
FPXE.US,D,20210901,000000,32.795,32.796,32.7282,32.7567,1335.1624528453,0
FPXE.US,D,20210902,000000,32.9336,33.0614,32.9336,32.9385,41085.757399941,0
FPXE.US,D,20210903,000000,32.7862,32.9385,32.7862,32.9336,25403.704504861,0
FPXE.US,D,20210907,000000,32.9336,32.9434,32.8059,32.8255,28088.276570871,0
FPXE.US,D,20210908,000000,32.5513,32.5513,32.3057,32.3155,8542.1902661459,0
FPXE.US,D,20210909,000000,32.3155,32.4914,32.3155,32.3734,15107.078210738,0
FPXE.US,D,20210910,000000,32.5612,32.5612,32.2762,32.2762,5099.4657402498,0
FPXE.US,D,20210913,000000,31.9725,31.9725,31.7466,31.7466,1045.1309749025,0
FPXE.US,D,20210914,000000,32.1102,32.2281,32.0502,32.0502,648.24579455979,0
FPXE.US,D,20210917,000000,32.1396,32.1878,32.1396,32.174,3160.8342824219,0
FPXE.US,D,20210920,000000,31.4232,31.4232,31.2561,31.382,747.97591679976,0
FPXE.US,D,20210921,000000,31.7563,31.7563,31.7563,31.7563,166.89530660566,0
FPXE.US,D,20210923,000000,32.2467,32.5435,32.2467,32.5435,724.56986770263,0
FPXE.US,D,20210924,000000,32.1199,32.1199,32.1199,32.1199,210.65444187422,0
FPXE.US,D,20210927,000000,31.8349,31.8349,31.4036,31.4046,930.13603803399,0
FPXE.US,D,20210928,000000,30.2666,30.2676,30.2264,30.2676,1870.4486191537,0
FPXE.US,D,20210930,000000,29.9709,29.9808,29.9709,29.9808,436.573698377,0
FPXE.US,D,20211005,000000,30.0691,30.0691,30.0131,30.0131,1300.5622063539,0
FPXE.US,D,20211006,000000,29.7547,29.8353,29.7547,29.8353,1161.1435660796,0
FPXE.US,D,20211007,000000,29.853,30.246,29.853,30.1959,429.45011821701,0
FPXE.US,D,20211011,000000,29.5985,29.5985,29.5052,29.5052,552.58628955411,0
FPXE.US,D,20211012,000000,29.7458,29.7841,29.7458,29.7841,770.36431158833,0
FPXE.US,D,20211013,000000,30.1477,30.2657,30.1477,30.2657,2876.9087303305,0
FPXE.US,D,20211019,000000,31.5018,31.5117,31.4704,31.4842,644.17517732551,0
FPXE.US,D,20211021,000000,31.8645,31.9332,31.8448,31.9107,880.27097691401,0
FPXE.US,D,20211022,000000,32.0708,32.0708,32.0463,32.0463,117.03024548568,0
FPXE.US,D,20211026,000000,32.0413,32.0511,32.0256,32.0256,274.7666633142,0
FPXE.US,D,20211028,000000,31.9922,32.0511,31.9922,32.0167,425.37950098272,0
FPXE.US,D,20211029,000000,31.6286,31.7073,31.5314,31.6335,550.55098093697,0
FPXE.US,D,20211101,000000,31.776,31.9126,31.776,31.9126,357.19666230846,0
FPXE.US,D,20211102,000000,31.9627,31.9991,31.9431,31.9991,1328.0388726853,0
FPXE.US,D,20211103,000000,32.4923,32.4943,32.3695,32.3695,761.20542281119,0
FPXE.US,D,20211104,000000,32.3744,32.5179,32.345,32.5179,6076.4138764781,0
FPXE.US,D,20211105,000000,32.404,32.404,32.2172,32.2329,3698.1557573474,0
FPXE.US,D,20211108,000000,32.3155,32.3155,32.3155,32.3155,527.14493183983,0
FPXE.US,D,20211109,000000,32.453,32.453,32.2074,32.2634,711.3403616912,0
FPXE.US,D,20211110,000000,31.9038,32.0315,31.5893,31.6335,1791.0715830851,0
FPXE.US,D,20211111,000000,31.9234,31.9922,31.8939,31.9667,2942.0386060791,0
FPXE.US,D,20211112,000000,32.061,32.0905,31.9922,32.0354,4437.9904396786,0
FPXE.US,D,20211115,000000,32.1376,32.1396,32.0315,32.0394,5478.0331430383,0
FPXE.US,D,20211116,000000,32.1396,32.3351,32.059,32.059,18752.31594404,0
FPXE.US,D,20211117,000000,32.0708,32.115,32.0413,32.115,4325.0308114272,0
FPXE.US,D,20211118,000000,32.0266,32.2467,32.0266,32.23,2750.7195960677,0
FPXE.US,D,20211119,000000,32.2369,32.512,32.1583,32.1583,8550.3315006144,0
FPXE.US,D,20211122,000000,32.1583,32.1583,31.5117,31.5441,22588.872687353,0
FPXE.US,D,20211123,000000,31.2758,31.2758,30.815,30.815,1469.4928215767,0
FPXE.US,D,20211124,000000,30.6479,30.7255,30.6382,30.7255,711.3403616912,0
FPXE.US,D,20211126,000000,30.6676,30.8474,30.5594,30.5644,1855.1838045251,0
FPXE.US,D,20211129,000000,30.9614,32.0905,30.9614,31.1432,4564.1795739414,0
FPXE.US,D,20211130,000000,31.1678,31.1678,30.7168,30.7168,440.64431561129,0
FPXE.US,D,20211201,000000,30.9712,30.981,30.1773,30.1773,12441.841576591,0
FPXE.US,D,20211202,000000,30.1674,30.2657,30.1674,30.2392,1503.0754137595,0
FPXE.US,D,20211203,000000,30.2166,30.3826,29.51,29.7841,17283.840776771,0
FPXE.US,D,20211206,000000,29.6279,29.6771,29.6279,29.6771,504.75653705127,0
FPXE.US,D,20211207,000000,30.3148,30.8837,30.3148,30.8543,997.30122239968,0
FPXE.US,D,20211208,000000,30.9909,31.1039,30.9909,31.1039,6934.2964586035,0
FPXE.US,D,20211209,000000,31.0302,31.0302,30.7609,30.7609,2563.4712032906,0
FPXE.US,D,20211210,000000,30.6578,30.6578,30.53,30.5713,7985.5333593575,0
FPXE.US,D,20211213,000000,30.5693,30.5693,30.2608,30.2608,1412.5041802967,0
FPXE.US,D,20211214,000000,29.9905,29.9905,29.5296,29.5296,11689.795042556,0
FPXE.US,D,20211215,000000,29.6574,30.0594,29.4314,30.0417,11432.328502487,0
FPXE.US,D,20211216,000000,30.0122,30.0201,29.7458,29.7803,5236.8490719069,0
FPXE.US,D,20211217,000000,29.4314,29.6279,29.2938,29.4717,3484.4483525475,0
FPXE.US,D,20211220,000000,29.284,29.3823,29.284,29.3135,8209.4173072431,0
FPXE.US,D,20211221,000000,29.4314,29.7714,29.3577,29.7714,6725.6773253464,0
FPXE.US,D,20211222,000000,29.9512,30.0495,29.9512,30.0495,654.35172041122,0
FPXE.US,D,20211223,000000,30.4671,30.4917,30.4671,30.4786,467.10332763414,0
FPXE.US,D,20211227,000000,30.5114,30.8493,30.5114,30.8493,5611.3458574611,0
FPXE.US,D,20211228,000000,30.8357,30.8454,30.8357,30.8357,4825.7167312442,0
FPXE.US,D,20211229,000000,30.816,30.8651,30.59,30.8601,2668.2895970734,0
FPXE.US,D,20211230,000000,30.9044,30.9044,30.8773,30.8773,1133.6668997482,0
FPXE.US,D,20211231,000000,31.0026,31.037,30.9148,30.9148,2367.0639217364,0
FPXE.US,D,20220103,000000,31.0222,31.0222,30.8847,30.8847,2272.4220710393,0
FPXE.US,D,20220104,000000,30.6587,30.6587,30.472,30.472,1283.2620831082,0
FPXE.US,D,20220105,000000,30.4229,30.472,29.8432,29.8854,3553.6488455303,0
FPXE.US,D,20220106,000000,29.3813,29.6564,29.3813,29.5078,4845.052163107,0
FPXE.US,D,20220107,000000,29.3813,29.3813,29.1743,29.1743,2149.2858997022,0
FPXE.US,D,20220110,000000,28.2316,28.3495,28.094,28.3495,1591.6113386052,0
FPXE.US,D,20220111,000000,28.4379,32.5848,28.433,28.8703,92477.299982782,0
FPXE.US,D,20220112,000000,29.3272,29.3321,29.1684,29.2417,5334.5438855297,0
FPXE.US,D,20220113,000000,29.2585,29.2831,28.6465,28.6465,8464.8485386945,0
FPXE.US,D,20220114,000000,28.2709,28.2709,28.035,28.156,6375.604243198,0
FPXE.US,D,20220118,000000,27.416,27.5241,27.3276,27.3298,6739.9244856664,0
FPXE.US,D,20220119,000000,27.4946,27.6912,27.3964,27.3964,5475.9978344211,0
FPXE.US,D,20220120,000000,27.7992,27.7992,27.298,27.33,773.41727451404,0
FPXE.US,D,20220121,000000,27.0229,27.0229,26.6053,26.6102,18861.204955056,0
FPXE.US,D,20220124,000000,25.5391,26.0304,25.1657,26.0304,9575.1093893455,0
FPXE.US,D,20220125,000000,25.6668,25.6668,25.4605,25.6251,1399.2746742853,0
FPXE.US,D,20220126,000000,25.942,26.0894,25.716,25.7259,5346.7557372326,0
FPXE.US,D,20220127,000000,25.6865,25.6865,25.3917,25.3917,9929.2530887283,0
FPXE.US,D,20220128,000000,25.0723,25.5489,25.0626,25.5391,5736.5173374153,0
FPXE.US,D,20220131,000000,25.6865,26.3645,25.6865,26.3547,7071.6797902606,0
FPXE.US,D,20220201,000000,26.8363,26.9295,26.7183,26.9295,10938.76616283,0
FPXE.US,D,20220203,000000,26.6201,26.6201,26.3371,26.3371,1484.7576362052,0
FPXE.US,D,20220204,000000,26.2557,26.5316,26.2557,26.453,1613.9997333938,0
FPXE.US,D,20220207,000000,26.2958,26.4628,26.2958,26.3154,1382.9922053481,0
FPXE.US,D,20220208,000000,26.001,26.2269,26.001,26.2269,4342.3309346729,0
FPXE.US,D,20220209,000000,26.846,27.0568,26.846,27.0568,1013.5836913368,0
FPXE.US,D,20220210,000000,26.4824,26.9246,26.4824,26.5611,1279.1914658739,0
FPXE.US,D,20220211,000000,26.2466,26.2466,25.7652,25.7652,653.33406610265,0
FPXE.US,D,20220214,000000,25.5981,25.5981,25.49,25.49,1062.4310981482,0
FPXE.US,D,20220215,000000,26.1386,26.2369,26.1386,26.1779,1164.1965290053,0
FPXE.US,D,20220216,000000,26.081,26.3576,26.0648,26.3576,964.73628452541,0
FPXE.US,D,20220217,000000,25.8536,25.9224,25.6485,25.6485,838.54715026259,0
FPXE.US,D,20220218,000000,25.4605,25.4605,25.0183,25.1362,9305.4309975742,0
FPXE.US,D,20220222,000000,25.0773,25.0773,24.8119,24.8294,296.13740379419,0
FPXE.US,D,20220223,000000,24.8119,24.8119,24.2813,24.2813,6371.5336259637,0
FPXE.US,D,20220224,000000,23.3281,24.2666,23.0628,24.1995,2607.2303385592,0
FPXE.US,D,20220225,000000,24.3599,24.5417,24.3599,24.5417,1153.0023316111,0
FPXE.US,D,20220228,000000,24.5761,24.5761,24.4288,24.4681,6315.5626389923,0
FPXE.US,D,20220301,000000,24.4091,24.4091,23.6622,23.8194,2275.475033965,0
FPXE.US,D,20220302,000000,23.8686,24.2224,23.7998,24.2224,10780.012090694,0
FPXE.US,D,20220303,000000,23.9767,23.9767,23.1611,23.1611,3355.2062553589,0
FPXE.US,D,20220304,000000,22.4045,22.4045,21.6282,21.9462,4037.0346421016,0
FPXE.US,D,20220307,000000,21.923,21.923,20.9502,21.1074,5263.3080839298,0
FPXE.US,D,20220308,000000,21.2253,21.8837,21.0877,21.399,61583.35048318,0
FPXE.US,D,20220309,000000,22.5814,22.8859,22.3651,22.8859,1541.7462774852,0
FPXE.US,D,20220310,000000,22.4143,22.4143,22.1686,22.1981,3427.4597112675,0
FPXE.US,D,20220311,000000,22.601,22.6945,22.3362,22.4242,1771.7361512223,0
FPXE.US,D,20220314,000000,22.4929,22.7296,22.4929,22.6894,1648.5999798852,0
FPXE.US,D,20220315,000000,22.5125,22.5125,22.1512,22.4536,2579.7536722278,0
FPXE.US,D,20220316,000000,23.2299,23.7015,23.2299,23.7015,515.95073444555,0
FPXE.US,D,20220317,000000,24.1143,24.2519,24.1143,24.2519,453.87382162271,0
FPXE.US,D,20220318,000000,24.075,24.7579,24.075,24.7579,559.70986971411,0
FPXE.US,D,20220321,000000,24.2813,24.2912,24.2813,24.2912,652.31641179408,0
FPXE.US,D,20220323,000000,24.3992,24.3992,24.075,24.171,2254.104293485,0
FPXE.US,D,20220324,000000,24.0947,24.2322,24.0947,24.2322,534.26851199983,0
FPXE.US,D,20220329,000000,24.9397,25.0705,24.9103,25.0705,1606.8761532338,0
FPXE.US,D,20220330,000000,25.1559,25.1559,25.1559,25.1559,164.85999798852,0
FPXE.US,D,20220331,000000,25.0183,25.0183,24.6253,24.6253,411.13234066273,0
FPXE.US,D,20220404,000000,25.1657,25.1657,25.105,25.105,625.85739977123,0
FPXE.US,D,20220406,000000,24.2813,24.2813,24.2813,24.2813,409.09703204558,0
FPXE.US,D,20220407,000000,24.0258,24.0258,24.0258,24.0258,1229.3264047539,0
FPXE.US,D,20220408,000000,23.9865,24.0357,23.9669,23.9669,1549.8875119538,0
FPXE.US,D,20220411,000000,23.7507,23.7507,23.6525,23.6525,603.46900498267,0
FPXE.US,D,20220412,000000,23.7057,23.7057,23.4771,23.4771,351.09073645703,0
FPXE.US,D,20220413,000000,23.8116,23.8194,23.7704,23.7801,2923.7208285248,0
FPXE.US,D,20220414,000000,23.7998,23.7998,23.5935,23.5935,2622.4951531877,0
FPXE.US,D,20220418,000000,23.4166,23.5149,23.4166,23.5149,1517.3225740795,0
FPXE.US,D,20220420,000000,23.7605,23.7605,23.6236,23.6236,137.3833316571,0
FPXE.US,D,20220421,000000,23.6132,23.6132,23.2299,23.2512,1797.1775089366,0
FPXE.US,D,20220422,000000,22.7246,22.7246,22.7246,22.7246,27.47666633142,0
FPXE.US,D,20220425,000000,22.4438,22.611,22.3651,22.611,1042.0780119768,0
FPXE.US,D,20220426,000000,22.1096,22.1096,21.5496,21.5496,439.62666130272,0
FPXE.US,D,20220427,000000,21.7559,21.7559,21.638,21.7032,1553.9581291881,0
FPXE.US,D,20220428,000000,21.5594,21.9328,21.5594,21.9328,222.86629357707,0
FPXE.US,D,20220429,000000,22.1244,22.1244,21.6333,21.6333,181.14246692566,0
FPXE.US,D,20220502,000000,21.5201,21.6576,21.3726,21.6376,616.69851099409,0
FPXE.US,D,20220503,000000,21.6773,21.7362,21.6773,21.7362,347.02011922275,0
FPXE.US,D,20220504,000000,21.7916,22.2079,21.7916,22.2079,399.93814326844,0
FPXE.US,D,20220505,000000,21.7166,21.7166,21.2154,21.2328,418.25592082272,0
FPXE.US,D,20220506,000000,20.9895,20.9895,20.7634,20.7634,1260.8736883196,0
FPXE.US,D,20220509,000000,19.997,19.997,19.997,19.997,87.518270537115,0
FPXE.US,D,20220510,000000,20.3016,20.3212,20.1621,20.1621,1339.2330700796,0
FPXE.US,D,20220511,000000,20.1935,20.1936,19.8984,19.8984,728.64048493691,0
FPXE.US,D,20220512,000000,20.2328,20.2328,19.8496,20.067,1632.3175109481,0
FPXE.US,D,20220513,000000,20.4391,20.7831,20.4391,20.7831,898.58875446829,0
FPXE.US,D,20220516,000000,20.7045,20.9284,20.5669,20.8323,2553.2946602049,0
FPXE.US,D,20220517,000000,21.4512,21.4512,21.4512,21.4512,110.92431963425,0
FPXE.US,D,20220518,000000,21.1172,21.1172,20.7241,20.7241,207.60147894851,0
FPXE.US,D,20220519,000000,21.2007,21.2007,21.2007,21.2007,49.865061119984,0
FPXE.US,D,20220520,000000,21.186,21.186,21.186,21.186,48.847406811413,0
FPXE.US,D,20220523,000000,21.5004,21.5008,21.3629,21.4611,1040.0427033597,0
FPXE.US,D,20220524,000000,21.0975,21.0975,21.0975,21.0975,11.194197394282,0
FPXE.US,D,20220525,000000,20.9305,21.1467,20.9305,21.1467,504.75653705127,0
FPXE.US,D,20220526,000000,21.5201,21.5472,21.4857,21.5472,915.888877714,0
FPXE.US,D,20220527,000000,21.7854,22.0409,21.7854,22.0409,2529.8886111078,0
FPXE.US,D,20220531,000000,22.0114,22.0114,22.0114,22.0114,107.87135670854,0
FPXE.US,D,20220601,000000,22.0016,22.0016,21.6086,21.6086,137.3833316571,0
FPXE.US,D,20220602,000000,21.8051,22.3406,21.8051,22.3406,1047.1662835197,0
FPXE.US,D,20220603,000000,21.864,21.9596,21.864,21.9596,146.54222043424,0
FPXE.US,D,20220606,000000,22.1454,22.1454,22.1454,22.1454,23.406049097135,0
FPXE.US,D,20220607,000000,21.8345,22.1539,21.8345,22.1539,101.76543085711,0
FPXE.US,D,20220608,000000,22.0703,22.0703,22.0703,22.0703,7.1235801599977,0
FPXE.US,D,20220609,000000,21.245,21.245,21.245,21.245,20.353086171422,0
FPXE.US,D,20220610,000000,20.9305,20.9305,20.4588,20.5669,659.43999195408,0
FPXE.US,D,20220613,000000,19.8889,19.8889,19.4663,19.5056,1134.6845540568,0
FPXE.US,D,20220614,000000,19.486,19.486,19.1814,19.1888,231.00752804564,0
FPXE.US,D,20220615,000000,19.4762,19.4762,19.4762,19.4762,222.86629357707,0
FPXE.US,D,20220616,000000,18.7785,18.7785,18.6507,18.6802,2040.3968886851,0
FPXE.US,D,20220617,000000,19.034,19.034,19.034,19.034,116.01259117711,0
FPXE.US,D,20220621,000000,19.26,19.26,19.26,19.26,178.08950399994,0
FPXE.US,D,20220622,000000,19.1912,19.2305,19.0241,19.0241,3156.7636651876,0
FPXE.US,D,20220623,000000,18.9554,19.0078,18.8964,19.0078,203.53086171422,0
FPXE.US,D,20220624,000000,19.2432,19.5417,19.2432,19.5417,214.070949729,0
FPXE.US,D,20220627,000000,19.8104,19.8999,19.7208,19.8104,4581.922346547,0
FPXE.US,D,20220628,000000,19.8203,19.8203,19.5318,19.5318,1065.32960898,0
FPXE.US,D,20220629,000000,19.4024,19.4024,19.4024,19.4024,124.623463692,0
FPXE.US,D,20220630,000000,19.0343,19.2731,19.0343,19.2731,518.594413428,0
FPXE.US,D,20220701,000000,19.084,19.3029,19.084,19.3029,235.176536322,0
FPXE.US,D,20220705,000000,18.7557,18.9646,18.6462,18.9149,2082.417877176,0
FPXE.US,D,20220706,000000,18.8963,18.8963,18.8963,18.8963,100.5027933,0
FPXE.US,D,20220707,000000,19.1039,19.4323,19.1039,19.4323,657.288268182,0
FPXE.US,D,20220708,000000,19.492,19.492,19.4675,19.4675,108.543016764,0
FPXE.US,D,20220711,000000,19.3527,19.3527,19.2333,19.2333,410.051396664,0
FPXE.US,D,20220712,000000,19.0442,19.0442,19.0442,19.0442,5.025139665,0
FPXE.US,D,20220713,000000,19.0415,19.0584,19.0415,19.0584,196.985474868,0
FPXE.US,D,20220714,000000,18.7258,18.7258,18.4174,18.6661,801.007262601,0
FPXE.US,D,20220715,000000,18.9726,18.9726,18.8154,18.946,7305.548044977,0
FPXE.US,D,20220718,000000,19.3726,19.3726,19.3228,19.3228,739.700558688,0
FPXE.US,D,20220719,000000,19.7308,19.9497,19.7308,19.88,1270.355307312,0
FPXE.US,D,20220720,000000,19.9027,19.9298,19.7805,19.7805,468.343016778,0
FPXE.US,D,20220721,000000,19.6611,19.9994,19.6611,19.9397,1717.592737497,0
FPXE.US,D,20220722,000000,19.9112,19.9112,19.9112,19.9112,15.075418995,0
FPXE.US,D,20220725,000000,20.0691,20.0691,20.0458,20.0458,618.092178795,0
FPXE.US,D,20220726,000000,19.89,19.89,19.7606,19.7606,102.512849166,0
FPXE.US,D,20220727,000000,20.2979,20.2979,20.2482,20.2482,112.563128496,0
FPXE.US,D,20220728,000000,20.5467,20.5467,20.5467,20.5467,107.537988831,0
FPXE.US,D,20220729,000000,20.7755,20.9049,20.7755,20.875,809.047486065,0
FPXE.US,D,20220801,000000,20.8023,20.8023,20.7954,20.7954,104.522905032,0
FPXE.US,D,20220802,000000,20.7059,20.7059,20.6462,20.6462,1281.410614575,0
FPXE.US,D,20220803,000000,20.8452,20.9347,20.8452,20.9139,594.976536336,0
FPXE.US,D,20220804,000000,21.0641,21.0641,21.0392,21.0392,100.5027933,0
FPXE.US,D,20220805,000000,20.7656,20.9148,20.6808,20.875,807.037430199,0
FPXE.US,D,20220808,000000,20.9646,20.9646,20.786,20.8253,2282.418435843,0
FPXE.US,D,20220809,000000,20.6961,20.6961,20.6961,20.6961,1.005027933,0
FPXE.US,D,20220810,000000,21.0939,21.1238,21.0541,21.074,1496.486592237,0
FPXE.US,D,20220811,000000,21.2034,21.2034,21.0989,21.0989,239.196648054,0
FPXE.US,D,20220812,000000,21.1856,21.1856,21.1856,21.1856,97.487709501,0
FPXE.US,D,20220815,000000,20.9148,20.9148,20.278,20.278,141.708938553,0
FPXE.US,D,20220816,000000,20.9347,21.079,20.9347,21.079,2418.097206798,0
FPXE.US,D,20220817,000000,20.9359,20.9359,20.9359,20.9359,74.372067042,0
FPXE.US,D,20220818,000000,20.6959,20.7059,20.6959,20.7059,632.162569857,0
FPXE.US,D,20220819,000000,20.323,20.3676,20.323,20.3641,2187.945810141,0
FPXE.US,D,20220822,000000,20.0591,20.0591,19.88,19.88,209.045810064,0
FPXE.US,D,20220823,000000,20.0591,20.0591,19.9497,19.9497,211.05586593,0
FPXE.US,D,20220824,000000,20.0492,20.1089,20.0492,20.1089,643.21787712,0
FPXE.US,D,20220825,000000,20.4173,20.4173,20.4173,20.4173,14.070391062,0
FPXE.US,D,20220826,000000,19.7899,19.7899,19.7899,19.7899,3.015083799,0
FPXE.US,D,20220829,000000,19.7507,19.7606,19.7507,19.7507,384.925698339,0
FPXE.US,D,20220830,000000,19.5119,19.5417,19.5119,19.5417,205.025698332,0
FPXE.US,D,20220831,000000,19.4223,19.4254,19.4223,19.4254,207.035754198,0
FPXE.US,D,20220901,000000,19.1736,19.1736,18.9447,19.1338,1411.059217932,0
FPXE.US,D,20220902,000000,18.8452,18.8452,18.8452,18.8452,2.010055866,0
FPXE.US,D,20220906,000000,18.9945,18.9945,18.9007,18.9547,2588.951955408,0
FPXE.US,D,20220907,000000,19.0442,19.2631,19.0442,19.2631,1839.20111739,0
FPXE.US,D,20220908,000000,18.9845,19.0871,18.9845,19.0871,402.0111732,0
FPXE.US,D,20220909,000000,19.4721,19.6213,19.4721,19.5716,867.339106179,0
FPXE.US,D,20220912,000000,19.8104,19.9497,19.8104,19.88,1290.455865972,0
FPXE.US,D,20220914,000000,19.2963,19.2963,19.2963,19.2963,2.010055866,0
FPXE.US,D,20220915,000000,19.293,19.293,19.1636,19.1636,271.35754191,0
FPXE.US,D,20220916,000000,18.8154,18.8154,18.7955,18.7955,130.65363129,0
FPXE.US,D,20220919,000000,18.5666,18.7364,18.5666,18.7364,922.615642494,0
FPXE.US,D,20220920,000000,18.5069,18.5069,18.3577,18.3776,336.684357555,0
FPXE.US,D,20220921,000000,18.3676,18.3676,18.1189,18.1189,2079.402793377,0
FPXE.US,D,20220922,000000,17.9895,17.9895,17.8901,17.9,742.715642487,0
FPXE.US,D,20220923,000000,17.41,17.41,16.92,17.0558,7377,0
FPXE.US,D,20220926,000000,16.84,17.05,16.75,16.8088,3156,0
FPXE.US,D,20220927,000000,16.94,16.94,16.85,16.85,715,0
FPXE.US,D,20220928,000000,16.98,17.25,16.98,17.2,1347,0
FPXE.US,D,20220929,000000,16.9,16.92,16.81,16.92,2440,0
FPXE.US,D,20220930,000000,16.9857,16.9857,16.9857,16.9857,50,0
FPXE.US,D,20221003,000000,17.35,17.44,17.35,17.44,2301,0
FPXE.US,D,20221004,000000,17.87,18.03,17.87,18.03,763,0
FPXE.US,D,20221005,000000,17.76,17.8,17.53,17.8,644,0
FPXE.US,D,20221006,000000,17.62,17.63,17.556,17.556,1301,0
FPXE.US,D,20221007,000000,17.315,17.315,17.1651,17.1651,226,0
FPXE.US,D,20221010,000000,16.96,17.04,16.94,17.017,2101,0
FPXE.US,D,20221011,000000,16.83,16.83,16.62,16.6713,903,0
FPXE.US,D,20221012,000000,16.65,16.65,16.62,16.62,1288,0
FPXE.US,D,20221013,000000,17.17,17.2,17.14,17.2,1361,0
FPXE.US,D,20221014,000000,16.97,16.97,16.951,16.951,130,0
FPXE.US,D,20221017,000000,17.44,17.44,17.44,17.44,5,0
FPXE.US,D,20221018,000000,17.64,17.64,17.64,17.64,10,0
FPXE.US,D,20221019,000000,17.32,17.32,17.17,17.2,597,0
FPXE.US,D,20221020,000000,17.12,17.12,17.07,17.07,324,0
FPXE.US,D,20221021,000000,17.45,17.45,17.45,17.45,3,0
FPXE.US,D,20221024,000000,17.28,17.3,17.28,17.3,102,0
FPXE.US,D,20221025,000000,17.44,17.78,17.44,17.78,342,0
FPXE.US,D,20221026,000000,18.09,18.09,18.09,18.09,58,0
FPXE.US,D,20221027,000000,17.93,17.97,17.93,17.97,103,0
FPXE.US,D,20221028,000000,18.021,18.1086,18.021,18.1086,555,0
FPXE.US,D,20221031,000000,18.08,18.08,18.08,18.08,12,0
FPXE.US,D,20221101,000000,18.47,18.47,18.33,18.3493,4387,0
FPXE.US,D,20221102,000000,18.3,18.3,17.98,18.01,502,0
FPXE.US,D,20221103,000000,17.98,18,17.92,17.92,432,0
FPXE.US,D,20221104,000000,18.45,18.6,18.39,18.6,981,0
FPXE.US,D,20221107,000000,18.64,18.73,18.64,18.73,146,0
FPXE.US,D,20221108,000000,18.92,18.92,18.84,18.84,453,0
FPXE.US,D,20221109,000000,18.4634,18.4634,18.4634,18.4634,1,0
FPXE.US,D,20221110,000000,19.2584,19.43,19.2584,19.43,736,0
FPXE.US,D,20221111,000000,19.68,19.8207,19.68,19.8006,1736,0
FPXE.US,D,20221114,000000,19.63,19.75,19.6,19.6,519,0
FPXE.US,D,20221115,000000,19.84,19.84,19.84,19.84,52,0
FPXE.US,D,20221116,000000,19.94,19.94,19.83,19.86,724,0
FPXE.US,D,20221117,000000,19.775,19.91,19.775,19.91,713,0
FPXE.US,D,20221118,000000,19.81,19.81,19.81,19.81,12,0
FPXE.US,D,20221121,000000,19.61,19.72,19.61,19.72,158,0
FPXE.US,D,20221122,000000,19.83,19.9,19.83,19.9,165,0
FPXE.US,D,20221123,000000,20.14,20.1626,20.14,20.1626,285,0
FPXE.US,D,20221125,000000,20.21,20.21,20.2,20.2,112,0
FPXE.US,D,20221128,000000,19.87,19.87,19.87,19.87,28,0
FPXE.US,D,20221129,000000,19.94,19.94,19.89,19.89,231,0
FPXE.US,D,20221130,000000,20.11,20.54,20.11,20.54,2328,0
FPXE.US,D,20221201,000000,20.57,20.62,20.57,20.62,509,0
FPXE.US,D,20221202,000000,20.635,20.635,20.635,20.635,3,0
FPXE.US,D,20221205,000000,20.48,20.48,20.4,20.4116,513,0
FPXE.US,D,20221206,000000,20.13,20.13,20.13,20.13,4,0
FPXE.US,D,20221207,000000,20.19,20.21,20.1316,20.1316,501,0
FPXE.US,D,20221208,000000,20.31,20.31,20.31,20.31,103,0
FPXE.US,D,20221209,000000,20.36,20.36,20.2651,20.2651,122,0
FPXE.US,D,20221212,000000,20.31,20.56,20.31,20.56,2400,0
FPXE.US,D,20221213,000000,20.8,20.85,20.8,20.82,1415,0
FPXE.US,D,20221214,000000,20.9,20.98,20.86,20.915,1200,0
FPXE.US,D,20221215,000000,20.41,20.45,20.41,20.45,1183,0
FPXE.US,D,20221216,000000,20.11,20.11,20.11,20.11,2,0
FPXE.US,D,20221219,000000,20.0997,20.0997,20.0997,20.0997,3,0
FPXE.US,D,20221220,000000,20.06,20.1092,20.06,20.1092,231,0
FPXE.US,D,20221221,000000,20.395,20.395,20.35,20.35,103,0
FPXE.US,D,20221222,000000,20.15,20.15,20.15,20.15,6,0
FPXE.US,D,20221223,000000,20.09,20.105,20.09,20.105,193,0
FPXE.US,D,20221227,000000,20.12,20.1265,20.12,20.1265,198,0
FPXE.US,D,20221228,000000,19.89,19.89,19.8,19.8,165,0
FPXE.US,D,20221229,000000,19.97,20.2156,19.97,20.18,2381,0
FPXE.US,D,20221230,000000,20.0404,20.0404,19.96,20.0228,480,0
FPXE.US,D,20230103,000000,20.08,20.08,20,20,3513,0
FPXE.US,D,20230104,000000,20.22,20.22,20.22,20.22,83,0
FPXE.US,D,20230105,000000,19.96,19.96,19.96,19.96,1,0
FPXE.US,D,20230106,000000,20.4734,20.4734,20.4734,20.4734,1,0
FPXE.US,D,20230109,000000,20.57,20.575,20.57,20.575,101,0
FPXE.US,D,20230110,000000,20.55,20.66,20.55,20.66,1025,0
FPXE.US,D,20230111,000000,20.7959,20.7959,20.7959,20.7959,24,0
FPXE.US,D,20230112,000000,20.91,21.12,20.91,21.08,1786,0
FPXE.US,D,20230113,000000,21.24,21.24,21.24,21.24,204,0
FPXE.US,D,20230117,000000,21.3,21.3,21.3,21.3,115,0
FPXE.US,D,20230118,000000,21.15,21.15,21.15,21.15,163,0
FPXE.US,D,20230119,000000,20.9765,20.9765,20.9765,20.9765,2,0
FPXE.US,D,20230120,000000,21.21,21.21,21.21,21.21,2,0
FPXE.US,D,20230123,000000,21.285,21.285,21.285,21.285,1,0
FPXE.US,D,20230124,000000,21.16,21.2375,21.16,21.2317,2673,0
FPXE.US,D,20230125,000000,21.295,21.295,21.295,21.295,15,0
FPXE.US,D,20230126,000000,21.4,21.4,21.4,21.4,3,0
FPXE.US,D,20230127,000000,21.21,21.5,21.21,21.42,1076,0
FPXE.US,D,20230130,000000,21.2239,21.2239,21.21,21.21,371,0
FPXE.US,D,20230131,000000,21.33,21.3855,21.33,21.3855,250,0
FPXE.US,D,20230201,000000,21.37,21.71,21.35,21.71,1308,0
FPXE.US,D,20230202,000000,21.66,21.97,21.14,21.68,49897,0
FPXE.US,D,20230203,000000,21.53,21.53,21.53,21.53,3,0
FPXE.US,D,20230206,000000,21.315,21.3165,21.29,21.3165,444,0
FPXE.US,D,20230207,000000,21.21,21.565,21.06,21.565,2491,0
FPXE.US,D,20230208,000000,21.64,21.69,21.57,21.6,1023,0
FPXE.US,D,20230209,000000,21.71,21.71,21.62,21.62,104,0
FPXE.US,D,20230210,000000,21.4765,21.4765,21.4765,21.4765,9,0
FPXE.US,D,20230213,000000,21.71,21.84,21.71,21.84,145,0
FPXE.US,D,20230214,000000,21.7,21.91,21.7,21.88,702,0
FPXE.US,D,20230215,000000,21.97,21.97,21.97,21.97,3,0
FPXE.US,D,20230216,000000,21.7903,21.85,21.69,21.69,503,0
FPXE.US,D,20230217,000000,21.78,21.78,21.78,21.78,88,0
FPXE.US,D,20230221,000000,21.42,21.42,21.39,21.39,110,0
FPXE.US,D,20230222,000000,21.25,21.25,21.25,21.25,4,0
FPXE.US,D,20230223,000000,21.405,21.405,21.405,21.405,10,0
FPXE.US,D,20230224,000000,20.93,21.05,20.93,21.05,802,0
FPXE.US,D,20230227,000000,21.35,21.35,21.35,21.35,50,0
FPXE.US,D,20230228,000000,21.3238,21.3238,21.27,21.27,133,0
FPXE.US,D,20230301,000000,21.39,21.43,21.39,21.42,602,0
FPXE.US,D,20230302,000000,21.22,21.25,21.16,21.25,481,0
FPXE.US,D,20230303,000000,21.59,21.59,21.59,21.59,1,0
FPXE.US,D,20230306,000000,21.56,21.56,21.56,21.56,2,0
FPXE.US,D,20230307,000000,21.3,21.3,21.25,21.25,203,0
FPXE.US,D,20230308,000000,21.34,21.3408,21.3,21.3408,1803,0
FPXE.US,D,20230309,000000,21.02,21.02,21.02,21.02,7,0
FPXE.US,D,20230310,000000,20.768,20.77,20.73,20.73,226,0
FPXE.US,D,20230313,000000,20.4,20.61,20.4,20.51,872,0
FPXE.US,D,20230314,000000,20.96,21.03,20.7806,21.03,890,0
FPXE.US,D,20230315,000000,20.36,20.36,19.96,20.35,1690,0
FPXE.US,D,20230316,000000,20.46,20.68,20.46,20.68,310,0
FPXE.US,D,20230317,000000,20.3101,20.45,20.29,20.408,1180,0
FPXE.US,D,20230320,000000,20.64,20.64,20.64,20.64,12,0
FPXE.US,D,20230321,000000,21.001,21.17,21.001,21.17,536,0
FPXE.US,D,20230322,000000,21.17,21.26,21.0351,21.0351,2457,0
FPXE.US,D,20230323,000000,21.27,21.34,21.15,21.22,617,0
FPXE.US,D,20230324,000000,20.96,20.97,20.81,20.97,555,0
FPXE.US,D,20230327,000000,21.06,21.1509,21.06,21.1509,202,0
FPXE.US,D,20230328,000000,21.19,21.19,21.19,21.19,2,0
FPXE.US,D,20230329,000000,21.5054,21.5054,21.5054,21.5054,143,0
FPXE.US,D,20230330,000000,21.69,21.7,21.68,21.7,2774,0
FPXE.US,D,20230331,000000,21.76,21.76,21.76,21.76,92,0
FPXE.US,D,20230403,000000,21.8501,21.97,21.8501,21.97,363,0
FPXE.US,D,20230404,000000,22.01,22.01,21.88,21.88,752,0
FPXE.US,D,20230405,000000,21.72,21.72,21.52,21.56,1091,0
FPXE.US,D,20230406,000000,21.6847,21.6847,21.6847,21.6847,41,0
FPXE.US,D,20230410,000000,21.65,21.6787,21.65,21.6787,161,0
FPXE.US,D,20230411,000000,21.76,21.86,21.76,21.8204,882,0
FPXE.US,D,20230412,000000,21.89,22.02,21.89,21.9071,501,0
FPXE.US,D,20230413,000000,22.11,22.28,22.11,22.28,630,0
FPXE.US,D,20230414,000000,22.31,22.33,22.245,22.33,372,0
FPXE.US,D,20230417,000000,22.255,22.36,22.255,22.36,343,0
FPXE.US,D,20230418,000000,22.38,22.43,22.35,22.39,6203,0
FPXE.US,D,20230419,000000,22.24,22.275,22.22,22.22,703,0
FPXE.US,D,20230420,000000,22.15,22.17,22.075,22.09,4731,0
FPXE.US,D,20230421,000000,22.15,22.315,22.1213,22.315,1058,0
FPXE.US,D,20230424,000000,22.225,22.28,22.225,22.28,167,0
FPXE.US,D,20230425,000000,22.0988,22.175,22.03,22.03,356,0
FPXE.US,D,20230426,000000,21.89,21.89,21.89,21.89,2,0
FPXE.US,D,20230427,000000,21.865,22.04,21.865,22.04,265,0
FPXE.US,D,20230428,000000,21.87,22.1,21.87,22.1,1801,0
FPXE.US,D,20230501,000000,22.18,22.18,22.145,22.145,504,0
FPXE.US,D,20230502,000000,21.94,21.94,21.69,21.79,750,0
FPXE.US,D,20230503,000000,21.66,21.83,21.66,21.67,1102,0
FPXE.US,D,20230504,000000,21.39,21.41,21.39,21.41,313,0
FPXE.US,D,20230505,000000,21.85,21.91,21.85,21.91,1102,0
FPXE.US,D,20230508,000000,22,22,22,22,9,0
FPXE.US,D,20230509,000000,21.75,21.755,21.71,21.735,702,0
FPXE.US,D,20230510,000000,21.66,21.77,21.66,21.74,585,0
FPXE.US,D,20230511,000000,21.66,21.74,21.66,21.74,706,0
FPXE.US,D,20230512,000000,21.65,21.71,21.65,21.71,137,0
FPXE.US,D,20230515,000000,21.81,21.86,21.81,21.86,443,0
FPXE.US,D,20230516,000000,21.6427,21.67,21.62,21.62,363,0
FPXE.US,D,20230517,000000,21.69,21.75,21.69,21.71,315,0
FPXE.US,D,20230518,000000,21.64,21.779,21.64,21.779,200,0
FPXE.US,D,20230519,000000,21.94,21.98,21.94,21.9721,1500,0
FPXE.US,D,20230522,000000,22.01,22.04,21.97,21.9855,5575,0
FPXE.US,D,20230523,000000,21.88,21.88,21.68,21.7,1802,0
FPXE.US,D,20230524,000000,21.48,21.48,21.27,21.275,861,0
FPXE.US,D,20230525,000000,21.15,21.18,21.15,21.18,102,0
FPXE.US,D,20230526,000000,21.34,21.4,21.34,21.38,403,0
FPXE.US,D,20230530,000000,21.175,21.175,21.175,21.175,24,0
FPXE.US,D,20230531,000000,20.96,21.01,20.86,21.01,4546,0
FPXE.US,D,20230601,000000,20.95,21.25,20.95,21.21,302,0
FPXE.US,D,20230602,000000,21.42,21.4915,21.42,21.4915,524,0
FPXE.US,D,20230605,000000,21.44,21.49,21.42,21.475,541,0
FPXE.US,D,20230606,000000,21.28,21.4701,21.28,21.47,1791,0
FPXE.US,D,20230607,000000,21.47,21.47,21.43,21.435,1802,0
FPXE.US,D,20230608,000000,21.68,21.69,21.65,21.67,404,0
FPXE.US,D,20230609,000000,21.64,21.69,21.62,21.69,448,0
FPXE.US,D,20230612,000000,21.75,21.75,21.75,21.75,16,0
FPXE.US,D,20230613,000000,21.8525,21.8655,21.85,21.8655,542,0
FPXE.US,D,20230614,000000,22,22,21.88,21.88,422,0
FPXE.US,D,20230615,000000,21.89,22.09,21.89,22.09,463,0
FPXE.US,D,20230616,000000,22.24,22.24,22.1772,22.1772,300,0
FPXE.US,D,20230620,000000,21.68,21.6863,21.6701,21.6863,677,0
FPXE.US,D,20230621,000000,21.67,21.72,21.67,21.7022,517,0
FPXE.US,D,20230622,000000,21.53,21.67,21.46,21.47,5538,0
FPXE.US,D,20230623,000000,20.82,20.82,20.82,20.82,29,0
FPXE.US,D,20230626,000000,20.88,20.88,20.88,20.88,8,0
FPXE.US,D,20230627,000000,20.95,20.95,20.95,20.95,261,0
FPXE.US,D,20230628,000000,21.13,21.13,21.13,21.13,3,0
FPXE.US,D,20230629,000000,21.2,21.23,21.2,21.23,478,0
FPXE.US,D,20230630,000000,21.66,21.67,21.66,21.67,165,0
FPXE.US,D,20230703,000000,21.58,21.58,21.58,21.58,134,0
FPXE.US,D,20230705,000000,21.4,21.4,21.4,21.4,3,0
FPXE.US,D,20230706,000000,21.0226,21.0226,21.0226,21.0226,10,0
FPXE.US,D,20230707,000000,21.3,21.3601,21.28,21.3,711,0
FPXE.US,D,20230710,000000,21.32,21.52,21.32,21.52,165,0
FPXE.US,D,20230711,000000,21.5203,21.62,21.5203,21.62,1679,0
FPXE.US,D,20230712,000000,22.1455,22.15,22.1301,22.15,240,0
FPXE.US,D,20230713,000000,22.37,22.5,22.37,22.4881,264,0
FPXE.US,D,20230714,000000,22.36,22.36,22.29,22.29,101,0
FPXE.US,D,20230717,000000,22.47,22.47,22.47,22.47,56,0
FPXE.US,D,20230718,000000,22.595,22.595,22.595,22.595,153,0
FPXE.US,D,20230719,000000,22.65,22.65,22.65,22.65,4,0
FPXE.US,D,20230720,000000,22.51,22.5132,22.445,22.445,342,0
FPXE.US,D,20230721,000000,22.44,22.49,22.42,22.42,1633,0
FPXE.US,D,20230724,000000,22.32,22.32,22.28,22.28,110,0
FPXE.US,D,20230725,000000,22.18,22.18,22.18,22.18,2,0
FPXE.US,D,20230726,000000,22.12,22.16,22.12,22.16,322,0
FPXE.US,D,20230727,000000,22.29,22.29,22.02,22.02,105,0
FPXE.US,D,20230728,000000,22.3108,22.3108,22.3108,22.3108,1,0
FPXE.US,D,20230731,000000,22.37,22.37,22.37,22.37,9,0
FPXE.US,D,20230801,000000,22.327,22.327,22.327,22.327,2,0
FPXE.US,D,20230802,000000,22.17,22.17,22.05,22.05,232,0
FPXE.US,D,20230803,000000,21.8942,21.945,21.8942,21.945,173,0
FPXE.US,D,20230804,000000,21.93,21.93,21.93,21.93,172,0
FPXE.US,D,20230807,000000,21.94,21.94,21.94,21.94,105,0
FPXE.US,D,20230808,000000,22.2,22.2,22.2,22.2,82,0
FPXE.US,D,20230809,000000,22.055,22.055,22.055,22.055,1,0
FPXE.US,D,20230810,000000,21.88,21.88,21.88,21.88,12,0
FPXE.US,D,20230811,000000,21.79,21.79,21.79,21.79,9,0
FPXE.US,D,20230814,000000,21.76,21.76,21.76,21.76,3,0
FPXE.US,D,20230815,000000,21.59,21.59,21.53,21.53,102,0
FPXE.US,D,20230816,000000,21.39,21.39,21.39,21.39,2,0
FPXE.US,D,20230817,000000,21.24,21.24,21.24,21.24,13,0
FPXE.US,D,20230818,000000,21.07,21.07,21.07,21.07,3,0
FPXE.US,D,20230821,000000,21.19,21.19,21.19,21.19,61,0
FPXE.US,D,20230822,000000,21.11,21.11,21.11,21.11,74,0
FPXE.US,D,20230823,000000,21.3,21.3,21.3,21.3,24,0
FPXE.US,D,20230824,000000,21.01,21.01,21.01,21.01,13,0
FPXE.US,D,20230825,000000,21.1542,21.1542,21.1542,21.1542,6,0
FPXE.US,D,20230828,000000,21.345,21.345,21.345,21.345,11,0
FPXE.US,D,20230829,000000,21.79,21.79,21.79,21.79,52,0
FPXE.US,D,20230830,000000,21.73,21.73,21.73,21.73,18,0
FPXE.US,D,20230831,000000,21.63,21.63,21.63,21.63,17,0
FPXE.US,D,20230901,000000,21.66,21.66,21.66,21.66,2,0
FPXE.US,D,20230905,000000,21.66,21.66,21.5,21.5,226,0
FPXE.US,D,20230906,000000,21.56,21.56,21.56,21.56,151,0
FPXE.US,D,20230907,000000,21.36,21.47,21.36,21.47,122,0
FPXE.US,D,20230908,000000,21.44,21.44,21.44,21.44,3,0
FPXE.US,D,20230911,000000,21.69,21.76,21.69,21.76,105,0
FPXE.US,D,20230912,000000,21.57,21.57,21.52,21.52,105,0
FPXE.US,D,20230913,000000,21.34,21.34,21.33,21.33,123,0
FPXE.US,D,20230914,000000,21.41,21.44,21.41,21.44,402,0
FPXE.US,D,20230915,000000,21.36,21.36,21.36,21.36,2,0
FPXE.US,D,20230918,000000,21.18,21.28,21.18,21.24,203,0
FPXE.US,D,20230919,000000,21.25,21.25,21.25,21.25,94,0
FPXE.US,D,20230920,000000,21.5,21.5,21.25,21.25,385,0
FPXE.US,D,20230921,000000,20.7683,20.7683,20.7683,20.7683,1,0
FPXE.US,D,20230922,000000,20.81,20.81,20.81,20.81,5,0
FPXE.US,D,20230925,000000,20.725,20.725,20.725,20.725,2,0
FPXE.US,D,20230926,000000,20.58,20.58,20.46,20.46,320,0
FPXE.US,D,20230927,000000,20.5,20.54,20.47,20.47,243,0
FPXE.US,D,20230928,000000,20.7,20.75,20.7,20.75,107,0
FPXE.US,D,20230929,000000,20.98,20.98,20.67,20.73,885,0
FPXE.US,D,20231002,000000,20.49,20.49,20.49,20.49,23,0
FPXE.US,D,20231003,000000,20.16,20.16,20.16,20.16,2,0
FPXE.US,D,20231004,000000,20.32,20.32,20.32,20.32,24,0
FPXE.US,D,20231005,000000,20.34,20.41,20.34,20.41,107,0
FPXE.US,D,20231006,000000,20.84,20.84,20.84,20.84,3,0
FPXE.US,D,20231009,000000,20.57,20.69,20.57,20.69,626,0
FPXE.US,D,20231010,000000,20.87,20.87,20.87,20.87,2,0
FPXE.US,D,20231011,000000,21.06,21.06,21.06,21.06,3,0
FPXE.US,D,20231012,000000,20.93,20.93,20.93,20.93,21,0
FPXE.US,D,20231013,000000,20.68,20.68,20.68,20.68,3,0
FPXE.US,D,20231016,000000,20.8561,20.8561,20.8561,20.8561,5,0
FPXE.US,D,20231017,000000,20.77,20.77,20.77,20.77,1,0
FPXE.US,D,20231018,000000,20.365,20.365,20.365,20.365,18,0
FPXE.US,D,20231019,000000,19.95,19.95,19.95,19.95,3,0
FPXE.US,D,20231020,000000,19.74,19.74,19.74,19.74,1,0
FPXE.US,D,20231023,000000,19.74,19.74,19.74,19.74,10,0
FPXE.US,D,20231024,000000,19.97,19.97,19.97,19.97,22,0
FPXE.US,D,20231025,000000,19.63,19.63,19.63,19.63,62,0
FPXE.US,D,20231026,000000,19.36,19.36,19.36,19.36,30,0
FPXE.US,D,20231027,000000,19.2514,19.2514,19.2514,19.2514,1,0
FPXE.US,D,20231030,000000,19.705,19.705,19.705,19.705,10,0
FPXE.US,D,20231031,000000,19.71,19.79,19.62,19.79,1153,0
FPXE.US,D,20231101,000000,19.83,19.9489,19.83,19.9489,698,0
FPXE.US,D,20231102,000000,20.3465,20.3465,20.3465,20.3465,52,0
FPXE.US,D,20231103,000000,20.64,20.64,20.625,20.625,228,0
FPXE.US,D,20231106,000000,20.56,20.58,20.56,20.58,103,0
FPXE.US,D,20231107,000000,20.56,20.59,20.56,20.59,162,0
FPXE.US,D,20231108,000000,20.67,20.67,20.66,20.66,120,0
FPXE.US,D,20231109,000000,20.44,20.44,20.44,20.44,2,0
FPXE.US,D,20231110,000000,20.62,20.62,20.62,20.62,4,0
FPXE.US,D,20231113,000000,20.61,20.685,20.61,20.685,102,0
FPXE.US,D,20231114,000000,21.2609,21.2609,21.2609,21.2609,1,0
FPXE.US,D,20231115,000000,21.17,21.17,21.07,21.07,102,0
FPXE.US,D,20231116,000000,20.915,20.915,20.915,20.915,1,0
FPXE.US,D,20231117,000000,21.17,21.17,21.17,21.17,71,0
FPXE.US,D,20231120,000000,21.48,21.48,21.48,21.48,66,0
FPXE.US,D,20231121,000000,21.24,21.24,21.24,21.24,2,0
FPXE.US,D,20231122,000000,21.315,21.315,21.315,21.315,1,0
FPXE.US,D,20231124,000000,21.5,21.63,21.5,21.63,213,0
FPXE.US,D,20231127,000000,21.5411,21.5411,21.5411,21.5411,113,0
FPXE.US,D,20231128,000000,21.43,21.43,21.43,21.43,3,0
FPXE.US,D,20231129,000000,21.53,21.53,21.5,21.5,127,0
FPXE.US,D,20231130,000000,21.41,21.41,21.41,21.41,2,0
FPXE.US,D,20231201,000000,21.645,21.645,21.645,21.645,2,0
FPXE.US,D,20231204,000000,21.47,21.57,21.47,21.57,565,0
FPXE.US,D,20231205,000000,21.51,21.51,21.51,21.51,36,0
FPXE.US,D,20231206,000000,21.36,21.36,21.36,21.36,80,0
FPXE.US,D,20231207,000000,21.34,21.4161,21.34,21.4161,143,0
FPXE.US,D,20231208,000000,21.5369,21.5369,21.5369,21.5369,176,0
FPXE.US,D,20231211,000000,21.54,21.54,21.54,21.54,135,0
FPXE.US,D,20231212,000000,21.57,21.57,21.57,21.57,177,0
FPXE.US,D,20231213,000000,21.54,21.84,21.54,21.84,406,0
FPXE.US,D,20231214,000000,22.24,22.24,22.24,22.24,81,0
FPXE.US,D,20231215,000000,22.19,22.2012,22.15,22.15,450,0
FPXE.US,D,20231218,000000,22.21,22.235,22.21,22.235,135,0
FPXE.US,D,20231219,000000,22.35,22.44,22.35,22.44,358,0
FPXE.US,D,20231220,000000,22.46,22.4767,22.12,22.12,2844,0
FPXE.US,D,20231221,000000,22.4,22.4,22.4,22.4,191,0
FPXE.US,D,20231222,000000,22.3,22.3,22.1,22.3,1538,0
FPXE.US,D,20231226,000000,22.4,22.47,22.4,22.47,203,0
FPXE.US,D,20231227,000000,22.58,22.58,22.54,22.57,539,0
FPXE.US,D,20231228,000000,22.5382,22.5382,22.5382,22.5382,18,0
FPXE.US,D,20231229,000000,22.45,22.45,22.4339,22.4339,792,0
FPXE.US,D,20240102,000000,21.9,21.9,21.9,21.9,152,0
FPXE.US,D,20240103,000000,21.64,21.64,21.64,21.64,7,0
FPXE.US,D,20240104,000000,21.77,21.77,21.77,21.77,7,0
FPXE.US,D,20240105,000000,21.71,21.71,21.71,21.71,125,0
FPXE.US,D,20240108,000000,22.1272,22.1272,22.1272,22.1272,104,0
FPXE.US,D,20240109,000000,22.06,22.06,22.06,22.06,61,0
FPXE.US,D,20240110,000000,22.1056,22.16,22.1056,22.16,339,0
FPXE.US,D,20240111,000000,22.1197,22.1197,22.1197,22.1197,68,0
FPXE.US,D,20240112,000000,22.205,22.21,22.2,22.21,384,0
FPXE.US,D,20240116,000000,21.94,21.94,21.94,21.94,67,0
FPXE.US,D,20240117,000000,21.84,21.84,21.84,21.84,26,0
FPXE.US,D,20240118,000000,21.97,21.97,21.97,21.97,68,0
FPXE.US,D,20240119,000000,22.09,22.09,22.09,22.09,36,0
FPXE.US,D,20240122,000000,22.22,22.22,22,22.1646,8712,0
FPXE.US,D,20240123,000000,22.19,22.19,22.19,22.19,27,0
FPXE.US,D,20240124,000000,22.52,22.52,22.29,22.29,1406,0
FPXE.US,D,20240125,000000,22.345,22.345,22.345,22.345,1,0
FPXE.US,D,20240126,000000,22.37,22.37,22.37,22.37,132,0
FPXE.US,D,20240129,000000,22.5721,22.5721,22.5721,22.5721,61,0
FPXE.US,D,20240130,000000,22.64,22.64,22.64,22.64,44,0
FPXE.US,D,20240131,000000,22.495,22.495,22.495,22.495,1,0
FPXE.US,D,20240201,000000,22.71,22.71,22.71,22.71,2,0
FPXE.US,D,20240202,000000,22.56,22.56,22.56,22.56,4,0
FPXE.US,D,20240205,000000,22.54,22.54,22.54,22.54,2,0
FPXE.US,D,20240206,000000,22.68,22.68,22.68,22.68,26,0
FPXE.US,D,20240207,000000,22.87,22.87,22.87,22.87,224,0
FPXE.US,D,20240208,000000,23.2,23.603,23.2,23.52,3657,0
FPXE.US,D,20240209,000000,23.612,23.68,23.612,23.6503,404,0
FPXE.US,D,20240212,000000,23.7503,24.18,22.97,24.1374,2639,0
FPXE.US,D,20240213,000000,23.54,23.54,23.35,23.35,953,0
FPXE.US,D,20240214,000000,23.7256,23.87,23.7256,23.87,227,0
FPXE.US,D,20240215,000000,24.08,24.08,24.08,24.08,12,0
FPXE.US,D,20240216,000000,24.0349,24.0349,24.005,24.005,125,0
FPXE.US,D,20240220,000000,23.82,23.82,23.82,23.82,104,0
FPXE.US,D,20240221,000000,23.8,23.8,23.8,23.8,162,0
FPXE.US,D,20240222,000000,24.14,24.26,24.12,24.12,1539,0
FPXE.US,D,20240223,000000,24.2399,24.2576,24.2399,24.2576,133,0
FPXE.US,D,20240226,000000,24.6169,24.6169,24.6169,24.6169,79,0
FPXE.US,D,20240227,000000,24.45,24.45,24.45,24.45,4,0
FPXE.US,D,20240228,000000,24.45,24.45,24.45,24.45,8,0
FPXE.US,D,20240229,000000,24.6399,24.6713,24.4949,24.6713,407,0
FPXE.US,D,20240301,000000,25.0069,25.05,25.0069,25.05,377,0
FPXE.US,D,20240304,000000,25.05,25.05,24.92,24.96,1117,0
FPXE.US,D,20240305,000000,24.61,24.61,24.61,24.61,46,0
FPXE.US,D,20240306,000000,24.97,24.97,24.92,24.92,264,0
FPXE.US,D,20240307,000000,25.26,25.26,25.26,25.26,9,0
FPXE.US,D,20240308,000000,24.87,24.87,24.87,24.87,46,0
FPXE.US,D,20240311,000000,24.77,24.7833,24.27,24.78,2824,0
FPXE.US,D,20240312,000000,24.87,25.08,24.87,25.08,191,0
FPXE.US,D,20240313,000000,25.29,25.29,25.29,25.29,11,0
FPXE.US,D,20240314,000000,25.35,25.35,25.26,25.26,229,0
FPXE.US,D,20240315,000000,25.13,25.13,25.13,25.13,3,0
FPXE.US,D,20240318,000000,25.1,25.1,25.1,25.1,128,0
FPXE.US,D,20240319,000000,25.16,25.16,25.16,25.16,7,0
FPXE.US,D,20240320,000000,25.52,25.52,25.52,25.52,2,0
FPXE.US,D,20240321,000000,25.441,25.5068,25.441,25.48,696,0
FPXE.US,D,20240322,000000,25.39,25.39,25.34,25.34,1006,0
FPXE.US,D,20240325,000000,25.45,25.45,25.45,25.45,117,0
FPXE.US,D,20240326,000000,25.515,25.515,25.39,25.39,196,0
FPXE.US,D,20240327,000000,25.41,25.41,25.41,25.41,51,0
FPXE.US,D,20240328,000000,25.3256,25.3256,25.3256,25.3256,16,0
FPXE.US,D,20240401,000000,25.22,25.22,25.22,25.22,146,0
FPXE.US,D,20240402,000000,25.06,25.06,25.06,25.06,15,0
FPXE.US,D,20240403,000000,25.205,25.33,25.205,25.33,289,0
FPXE.US,D,20240404,000000,25.45,25.4768,24.99,24.99,561,0
FPXE.US,D,20240405,000000,25.285,25.285,25.285,25.285,11,0
FPXE.US,D,20240408,000000,25.54,25.54,25.54,25.54,33,0
FPXE.US,D,20240409,000000,25.6,25.6,25.19,25.19,277,0
FPXE.US,D,20240410,000000,24.8,24.8,24.8,24.8,13,0
FPXE.US,D,20240411,000000,25.02,25.02,25.02,25.02,126,0
FPXE.US,D,20240412,000000,24.46,24.46,24.46,24.46,27,0
FPXE.US,D,20240415,000000,24.285,24.285,24.285,24.285,56,0
FPXE.US,D,20240416,000000,24.01,24.01,24.01,24.01,121,0
FPXE.US,D,20240417,000000,23.865,23.865,23.865,23.865,27,0
FPXE.US,D,20240418,000000,23.6,23.6,23.6,23.6,138,0
FPXE.US,D,20240419,000000,23.46,23.4754,23.38,23.38,771,0
FPXE.US,D,20240422,000000,23.5353,23.6,23.5353,23.6,231,0
FPXE.US,D,20240423,000000,24.21,24.21,24.21,24.21,6,0
FPXE.US,D,20240424,000000,24.13,24.13,24.13,24.13,28,0
FPXE.US,D,20240425,000000,24.015,24.015,24.015,24.015,7,0
FPXE.US,D,20240426,000000,24.37,24.37,24.37,24.37,4,0
FPXE.US,D,20240429,000000,24.45,24.45,24.45,24.45,49,0
FPXE.US,D,20240430,000000,24.12,24.12,24.12,24.12,5,0
FPXE.US,D,20240501,000000,23.99,24.0136,23.93,24.0136,734,0
FPXE.US,D,20240502,000000,24.23,24.23,24.23,24.23,4,0
FPXE.US,D,20240503,000000,24.6,24.6,24.6,24.6,8,0
FPXE.US,D,20240506,000000,24.8281,24.8281,24.8281,24.8281,119,0
FPXE.US,D,20240507,000000,24.91,24.91,24.91,24.91,6,0
FPXE.US,D,20240508,000000,24.91,24.91,24.91,24.91,36,0
FPXE.US,D,20240509,000000,25,25,24.99,24.99,131,0
FPXE.US,D,20240510,000000,25.11,25.15,25.11,25.15,130,0
FPXE.US,D,20240513,000000,25.2,25.24,25.17,25.195,2812,0
FPXE.US,D,20240514,000000,25.42,25.445,25.42,25.445,102,0
FPXE.US,D,20240515,000000,25.95,25.95,25.95,25.95,180,0
FPXE.US,D,20240516,000000,25.83,25.83,25.7309,25.7309,178,0
FPXE.US,D,20240517,000000,25.695,25.695,25.695,25.695,153,0
FPXE.US,D,20240520,000000,25.7556,25.7556,25.7556,25.7556,76,0
FPXE.US,D,20240521,000000,25.7701,25.95,25.7701,25.95,1663,0
FPXE.US,D,20240522,000000,25.87,25.87,25.7475,25.81,649,0
FPXE.US,D,20240523,000000,26.01,26.01,25.74,25.74,22306,0
FPXE.US,D,20240524,000000,26.04,26.055,26.04,26.055,143,0
FPXE.US,D,20240528,000000,26.08,26.08,26.08,26.08,21828,0
FPXE.US,D,20240529,000000,25.7,25.7,25.7,25.7,71,0
FPXE.US,D,20240530,000000,25.89,25.89,25.84,25.865,424,0
FPXE.US,D,20240531,000000,25.77,25.99,25.77,25.99,141,0
FPXE.US,D,20240603,000000,26.11,26.11,26,26.05,354,0
FPXE.US,D,20240604,000000,25.79,25.79,25.79,25.79,160,0
FPXE.US,D,20240605,000000,26.0381,26.26,26.02,26.26,2051,0
FPXE.US,D,20240606,000000,26.24,26.26,26.24,26.26,305,0
FPXE.US,D,20240607,000000,25.86,25.86,25.86,25.86,48,0
FPXE.US,D,20240610,000000,25.9764,26.01,25.9764,26.01,288,0
FPXE.US,D,20240611,000000,25.95,25.95,25.95,25.95,207,0
FPXE.US,D,20240612,000000,26.6398,26.6398,26.54,26.54,227,0
FPXE.US,D,20240613,000000,26.0901,26.22,26.09,26.22,615,0
FPXE.US,D,20240614,000000,25.6538,25.7491,25.6538,25.7491,221,0
FPXE.US,D,20240617,000000,25.89,25.89,25.89,25.89,51,0
FPXE.US,D,20240618,000000,25.94,26.14,25.94,26.14,1165,0
FPXE.US,D,20240620,000000,26.0139,26.076,25.9512,25.9512,272,0
FPXE.US,D,20240621,000000,25.6799,25.77,25.6799,25.77,237,0
FPXE.US,D,20240624,000000,25.79,25.79,25.79,25.79,36,0
FPXE.US,D,20240625,000000,25.75,25.83,25.75,25.83,1042,0
FPXE.US,D,20240626,000000,25.84,25.84,25.84,25.84,89,0
FPXE.US,D,20240627,000000,25.5,25.56,25.5,25.56,414,0
FPXE.US,D,20240628,000000,25.51,25.55,25.49,25.49,665,0
FPXE.US,D,20240701,000000,25.38,25.38,25.38,25.38,30,0
FPXE.US,D,20240702,000000,25.3225,25.41,25.3225,25.41,451,0
FPXE.US,D,20240703,000000,25.7,25.7,25.7,25.7,25,0
FPXE.US,D,20240705,000000,26.04,26.04,26.04,26.04,9,0
FPXE.US,D,20240708,000000,26.06,26.06,26.06,26.06,84,0
FPXE.US,D,20240709,000000,25.99,26.355,25.93,25.93,1219,0
FPXE.US,D,20240710,000000,26.17,26.17,26.17,26.17,71,0
FPXE.US,D,20240711,000000,26.14,26.14,26.14,26.14,25,0
FPXE.US,D,20240712,000000,26.38,26.41,26.36,26.36,810,0
FPXE.US,D,20240715,000000,26.23,26.23,26.23,26.23,137,0
FPXE.US,D,20240716,000000,26.36,26.36,26.36,26.36,43,0
FPXE.US,D,20240717,000000,26.017,26.017,26.017,26.017,5,0
FPXE.US,D,20240718,000000,25.88,25.88,25.88,25.88,8,0
FPXE.US,D,20240719,000000,25.81,25.81,25.8,25.8,1824,0
FPXE.US,D,20240722,000000,26.2,26.26,26.2,26.26,341,0
FPXE.US,D,20240723,000000,26.3,26.3,26.3,26.3,20,0
FPXE.US,D,20240724,000000,25.73,25.73,25.73,25.73,15,0
FPXE.US,D,20240725,000000,25.42,25.42,25.29,25.29,230,0
FPXE.US,D,20240726,000000,25.6099,25.6099,25.59,25.59,208,0
FPXE.US,D,20240729,000000,25.43,25.43,25.43,25.43,1,0
FPXE.US,D,20240730,000000,25.3355,25.3355,25.3355,25.3355,162,0
FPXE.US,D,20240731,000000,25.73,25.73,25.73,25.73,28,0
FPXE.US,D,20240801,000000,24.814,24.97,24.81,24.97,931,0
FPXE.US,D,20240802,000000,24.23,24.32,24.17,24.32,1237,0
FPXE.US,D,20240805,000000,23.6829,23.6829,23.6829,23.6829,15,0
FPXE.US,D,20240806,000000,23.7,23.86,23.47,23.86,1067,0
FPXE.US,D,20240807,000000,23.84,23.84,23.84,23.84,129,0
FPXE.US,D,20240808,000000,24.03,24.37,24.03,24.37,247,0
FPXE.US,D,20240809,000000,24.69,24.69,24.69,24.69,63,0
FPXE.US,D,20240812,000000,24.6206,24.71,24.6206,24.71,431,0
FPXE.US,D,20240813,000000,24.8406,25.06,24.8406,25.06,40848,0
FPXE.US,D,20240814,000000,25.27,25.27,25.17,25.2,873,0
FPXE.US,D,20240815,000000,25.61,25.65,25.61,25.65,115,0
FPXE.US,D,20240816,000000,25.78,25.78,25.78,25.78,60,0
FPXE.US,D,20240819,000000,25.95,26.03,25.95,26.03,133,0
FPXE.US,D,20240820,000000,25.97,25.97,25.97,25.97,6,0
FPXE.US,D,20240821,000000,26.22,26.22,26.22,26.22,2,0
FPXE.US,D,20240822,000000,26.092,26.092,26.092,26.092,5,0
FPXE.US,D,20240823,000000,26.57,26.57,26.57,26.57,12,0
FPXE.US,D,20240826,000000,26.4,26.4,26.4,26.4,75,0
FPXE.US,D,20240827,000000,26.36,26.49,26.35,26.49,1021,0
FPXE.US,D,20240828,000000,26.2203,26.2203,26.2203,26.2203,7,0
FPXE.US,D,20240829,000000,26.31,26.39,26.31,26.39,329,0
FPXE.US,D,20240830,000000,26.56,26.61,26.56,26.61,108,0
FPXE.US,D,20240903,000000,25.72,25.72,25.72,25.72,22,0
FPXE.US,D,20240904,000000,25.58,25.62,25.58,25.62,360,0
FPXE.US,D,20240905,000000,25.48,25.48,25.37,25.45,211,0
FPXE.US,D,20240906,000000,25.19,25.23,25.13,25.13,1033,0
FPXE.US,D,20240909,000000,25.4711,25.4711,25.4013,25.4013,391,0
FPXE.US,D,20240910,000000,25.41,25.41,25.41,25.41,9,0
FPXE.US,D,20240911,000000,25.32,25.65,25.32,25.65,114,0
FPXE.US,D,20240912,000000,25.995,25.995,25.995,25.995,8,0
FPXE.US,D,20240913,000000,26.3,26.3,26.28,26.28,307,0
FPXE.US,D,20240916,000000,26.43,26.43,26.43,26.43,4,0
FPXE.US,D,20240917,000000,26.39,26.39,26.39,26.39,9,0
FPXE.US,D,20240918,000000,26.41,26.41,26.41,26.41,9,0
FPXE.US,D,20240919,000000,26.67,26.69,26.67,26.69,113,0
FPXE.US,D,20240920,000000,26.52,26.52,26.52,26.52,2,0
FPXE.US,D,20240923,000000,26.6,26.62,26.59,26.62,603,0
FPXE.US,D,20240924,000000,26.57,26.71,26.57,26.71,112,0
FPXE.US,D,20240925,000000,26.78,26.78,26.7,26.7,205,0
FPXE.US,D,20240926,000000,26.97,26.97,26.96,26.96,116,0
FPXE.US,D,20240927,000000,26.8996,28.04,26.72,26.7651,5618,0
FPXE.US,D,20240930,000000,26.61,26.63,26.53,26.63,750,0
FPXE.US,D,20241001,000000,26.26,26.26,26.26,26.26,24,0
FPXE.US,D,20241002,000000,26.23,26.249,26.23,26.249,139,0
FPXE.US,D,20241003,000000,26.16,26.16,26.16,26.16,4,0
FPXE.US,D,20241004,000000,26.3,26.44,26.3,26.44,204,0
FPXE.US,D,20241007,000000,26.165,26.165,26.1,26.1,123,0
FPXE.US,D,20241008,000000,26.25,26.35,26.25,26.35,330,0
FPXE.US,D,20241009,000000,26.44,26.46,26.44,26.46,843,0
FPXE.US,D,20241010,000000,26.43,26.4441,26.43,26.4441,1321,0
FPXE.US,D,20241011,000000,26.69,26.69,26.69,26.69,4,0
FPXE.US,D,20241014,000000,26.7898,26.7898,26.7898,26.7898,2,0
FPXE.US,D,20241015,000000,26.47,26.47,26.47,26.47,53,0
FPXE.US,D,20241016,000000,26.43,26.46,26.43,26.4422,418,0
FPXE.US,D,20241017,000000,26.49,26.49,26.47,26.47,201,0
FPXE.US,D,20241018,000000,26.5891,26.5891,26.5891,26.5891,1,0
FPXE.US,D,20241021,000000,26.45,26.45,26.45,26.45,106,0
FPXE.US,D,20241022,000000,26.24,26.33,26.24,26.33,373,0
FPXE.US,D,20241023,000000,25.9,25.96,25.9,25.96,2892,0
FPXE.US,D,20241024,000000,26.04,26.0801,26.04,26.0801,112,0
FPXE.US,D,20241025,000000,26.2623,26.28,26.18,26.18,1373,0
FPXE.US,D,20241028,000000,26.39,26.4,26.3827,26.3827,514,0
FPXE.US,D,20241029,000000,26.52,26.52,26.52,26.52,271,0
FPXE.US,D,20241030,000000,26.38,26.38,26.3179,26.3179,624,0
FPXE.US,D,20241031,000000,26.02,26.02,26.02,26.02,53,0
FPXE.US,D,20241101,000000,26.17,26.17,26.17,26.17,819,0
