<TICKER>,<PER>,<DATE>,<TIME>,<OPEN>,<HIGH>,<LOW>,<CLOSE>,<VOL>,<OPENINT>
GNOM.US,D,20190410,000000,15.273,15.353,15.273,15.343,106532,0
GNOM.US,D,20190411,000000,15.363,15.363,15.032,15.033,31567,0
GNOM.US,D,20190412,000000,15.183,15.183,14.993,14.993,16539,0
GNOM.US,D,20190415,000000,15.073,15.083,14.776,14.883,9507,0
GNOM.US,D,20190416,000000,14.973,15.023,14.893,14.923,40383,0
GNOM.US,D,20190417,000000,14.853,14.853,14.165,14.165,21864,0
GNOM.US,D,20190418,000000,14.235,14.245,13.896,14.08,11326,0
GNOM.US,D,20190422,000000,14.155,14.225,14.025,14.145,5676,0
GNOM.US,D,20190423,000000,14.155,14.51,14.125,14.51,3483,0
GNOM.US,D,20190424,000000,14.595,14.595,14.365,14.405,4451,0
GNOM.US,D,20190425,000000,14.355,14.485,14.31,14.482,6294,0
GNOM.US,D,20190426,000000,14.425,14.489,14.425,14.489,2651,0
GNOM.US,D,20190429,000000,14.554,14.646,14.525,14.525,5992,0
GNOM.US,D,20190430,000000,14.577,14.577,14.313,14.313,4442,0
GNOM.US,D,20190501,000000,14.255,14.355,14.245,14.265,7121,0
GNOM.US,D,20190502,000000,14.025,14.285,14.025,14.175,4791,0
GNOM.US,D,20190503,000000,14.315,14.485,14.275,14.455,9278,0
GNOM.US,D,20190506,000000,14.225,14.475,14.195,14.475,2308,0
GNOM.US,D,20190507,000000,14.203,14.215,13.981,13.981,14470,0
GNOM.US,D,20190508,000000,13.936,13.999,13.856,13.916,9841,0
GNOM.US,D,20190509,000000,13.786,13.936,13.573,13.936,1228,0
GNOM.US,D,20190510,000000,13.886,14.065,13.741,14.036,6554,0
GNOM.US,D,20190513,000000,13.696,13.696,13.403,13.436,8537,0
GNOM.US,D,20190514,000000,13.616,13.636,13.486,13.636,2168,0
GNOM.US,D,20190515,000000,13.546,13.796,13.546,13.796,1955,0
GNOM.US,D,20190516,000000,14.005,14.058,13.966,14.015,1678,0
GNOM.US,D,20190517,000000,13.78,14.005,13.78,13.806,15004,0
GNOM.US,D,20190520,000000,13.716,13.716,13.458,13.496,2634,0
GNOM.US,D,20190521,000000,13.626,13.806,13.626,13.794,2013,0
GNOM.US,D,20190522,000000,13.856,13.856,13.746,13.766,2370,0
GNOM.US,D,20190523,000000,13.476,13.579,13.476,13.579,2770,0
GNOM.US,D,20190524,000000,13.746,13.746,13.74,13.74,473,0
GNOM.US,D,20190528,000000,13.876,13.942,13.876,13.942,1901,0
GNOM.US,D,20190529,000000,13.538,13.696,13.538,13.636,2821,0
GNOM.US,D,20190530,000000,13.655,13.655,13.593,13.593,5917,0
GNOM.US,D,20190531,000000,13.376,13.402,13.29,13.296,4457,0
GNOM.US,D,20190603,000000,13.376,13.536,13.376,13.399,3050,0
GNOM.US,D,20190604,000000,13.476,13.786,13.476,13.786,1690,0
GNOM.US,D,20190605,000000,13.826,13.826,13.755,13.755,571,0
GNOM.US,D,20190606,000000,13.785,13.785,13.765,13.765,1722,0
GNOM.US,D,20190607,000000,13.876,14.049,13.876,14.049,1659,0
GNOM.US,D,20190610,000000,14.223,14.265,14.222,14.222,3727,0
GNOM.US,D,20190611,000000,14.205,14.205,13.826,13.889,4939,0
GNOM.US,D,20190612,000000,13.961,13.961,13.961,13.961,424,0
GNOM.US,D,20190613,000000,14.205,14.257,14.175,14.23,1973,0
GNOM.US,D,20190614,000000,14.244,14.244,14.185,14.185,686,0
GNOM.US,D,20190617,000000,14.266,14.667,14.266,14.667,7487,0
GNOM.US,D,20190618,000000,14.883,14.983,14.883,14.963,12199,0
GNOM.US,D,20190619,000000,14.983,14.983,14.913,14.933,760,0
GNOM.US,D,20190620,000000,15.163,15.177,14.93,14.948,9595,0
GNOM.US,D,20190621,000000,14.983,14.983,14.764,14.944,5941,0
GNOM.US,D,20190624,000000,15.083,15.083,14.595,14.608,5525,0
GNOM.US,D,20190625,000000,14.595,14.625,14.512,14.512,7685,0
GNOM.US,D,20190626,000000,14.535,14.538,14.396,14.396,4301,0
GNOM.US,D,20190627,000000,14.585,14.605,14.585,14.605,244,0
GNOM.US,D,20190628,000000,14.725,15.093,14.725,15.093,2074,0
GNOM.US,D,20190701,000000,15.303,15.303,15.083,15.113,12793,0
GNOM.US,D,20190702,000000,15.063,15.083,14.973,14.993,2153,0
GNOM.US,D,20190703,000000,15.093,15.093,15.053,15.063,1009,0
GNOM.US,D,20190705,000000,15.063,15.073,14.963,14.963,3948,0
GNOM.US,D,20190708,000000,14.754,14.754,14.615,14.635,3129,0
GNOM.US,D,20190709,000000,14.675,14.928,14.675,14.913,14303,0
GNOM.US,D,20190710,000000,15.003,15.106,14.912,14.933,4423,0
GNOM.US,D,20190711,000000,14.933,14.943,14.693,14.693,6614,0
GNOM.US,D,20190712,000000,14.584,14.655,14.584,14.629,3905,0
GNOM.US,D,20190715,000000,14.655,14.655,14.516,14.555,3113,0
GNOM.US,D,20190716,000000,14.685,14.685,14.631,14.633,1844,0
GNOM.US,D,20190717,000000,14.645,14.779,14.625,14.774,1940,0
GNOM.US,D,20190718,000000,14.725,14.903,14.725,14.903,3724,0
GNOM.US,D,20190719,000000,14.983,14.983,14.699,14.699,7350,0
GNOM.US,D,20190722,000000,14.764,14.919,14.764,14.862,2437,0
GNOM.US,D,20190723,000000,14.744,14.791,14.738,14.791,2090,0
GNOM.US,D,20190724,000000,14.813,14.953,14.802,14.953,2976,0
GNOM.US,D,20190725,000000,14.883,14.903,14.695,14.695,5419,0
GNOM.US,D,20190726,000000,14.759,14.823,14.759,14.784,710,0
GNOM.US,D,20190729,000000,15.043,15.043,14.863,14.884,1841,0
GNOM.US,D,20190730,000000,14.883,15.083,14.873,15.083,704,0
GNOM.US,D,20190731,000000,15.083,15.119,14.925,14.934,2675,0
GNOM.US,D,20190801,000000,15.003,15.173,14.774,14.903,17703,0
GNOM.US,D,20190802,000000,14.715,14.764,14.295,14.385,14414,0
GNOM.US,D,20190805,000000,14.265,14.265,13.798,13.896,5120,0
GNOM.US,D,20190806,000000,14.056,14.07,14.056,14.07,612,0
GNOM.US,D,20190807,000000,14.135,14.372,14.135,14.372,1942,0
GNOM.US,D,20190808,000000,14.445,14.535,14.345,14.535,4204,0
GNOM.US,D,20190809,000000,14.355,14.408,14.325,14.408,3365,0
GNOM.US,D,20190812,000000,14.045,14.045,14.045,14.045,900,0
GNOM.US,D,20190813,000000,13.936,14.085,13.936,14.085,1537,0
GNOM.US,D,20190814,000000,13.826,13.882,13.826,13.846,3009,0
GNOM.US,D,20190815,000000,13.906,13.906,13.87,13.87,533,0
GNOM.US,D,20190816,000000,13.925,14.145,13.925,14.095,1960,0
GNOM.US,D,20190819,000000,14.275,14.354,14.185,14.328,6828,0
GNOM.US,D,20190820,000000,14.154,14.205,14.046,14.046,3195,0
GNOM.US,D,20190821,000000,14.244,14.244,14.244,14.244,369,0
GNOM.US,D,20190822,000000,13.987,13.987,13.987,13.987,542,0
GNOM.US,D,20190823,000000,13.869,13.986,13.626,13.626,6340,0
GNOM.US,D,20190826,000000,13.676,13.676,13.586,13.586,1238,0
GNOM.US,D,20190827,000000,13.671,13.676,13.492,13.492,2170,0
GNOM.US,D,20190828,000000,13.386,13.567,13.386,13.567,1445,0
GNOM.US,D,20190829,000000,13.692,13.692,13.692,13.692,1053,0
GNOM.US,D,20190903,000000,13.57,13.57,13.353,13.353,356,0
GNOM.US,D,20190904,000000,13.416,13.426,13.236,13.386,22962,0
GNOM.US,D,20190905,000000,13.376,13.515,13.366,13.472,16608,0
GNOM.US,D,20190906,000000,13.526,13.526,13.406,13.406,4307,0
GNOM.US,D,20190909,000000,13.336,13.336,13.067,13.109,7885,0
GNOM.US,D,20190910,000000,13.077,13.312,13.077,13.285,1674,0
GNOM.US,D,20190911,000000,13.486,13.556,13.476,13.551,8388,0
GNOM.US,D,20190912,000000,13.675,13.675,13.504,13.616,5190,0
GNOM.US,D,20190913,000000,13.546,13.566,13.504,13.504,16336,0
GNOM.US,D,20190916,000000,13.496,13.636,13.496,13.586,4679,0
GNOM.US,D,20190917,000000,13.586,13.635,13.586,13.616,1813,0
GNOM.US,D,20190918,000000,13.586,13.586,13.336,13.406,7382,0
GNOM.US,D,20190919,000000,13.456,13.531,13.437,13.437,1710,0
GNOM.US,D,20190920,000000,13.406,13.5,13.406,13.452,3774,0
GNOM.US,D,20190923,000000,13.486,13.506,13.316,13.336,10904,0
GNOM.US,D,20190924,000000,13.177,13.177,12.917,12.917,947,0
GNOM.US,D,20190925,000000,12.966,12.966,12.79,12.917,2219,0
GNOM.US,D,20190926,000000,12.877,12.877,12.5,12.5,2133,0
GNOM.US,D,20190927,000000,12.626,12.626,12.379,12.396,1618,0
GNOM.US,D,20190930,000000,12.398,12.491,12.389,12.483,2626,0
GNOM.US,D,20191001,000000,12.417,12.478,12.063,12.063,19334,0
GNOM.US,D,20191002,000000,11.979,12.029,11.861,12.029,3915,0
GNOM.US,D,20191003,000000,12.119,12.119,12.079,12.079,1869,0
GNOM.US,D,20191004,000000,12.339,12.52,12.339,12.52,722,0
GNOM.US,D,20191007,000000,12.508,12.617,12.504,12.52,1505,0
GNOM.US,D,20191009,000000,12.269,12.269,12.095,12.095,1946,0
GNOM.US,D,20191010,000000,12.27,12.27,12.259,12.259,2270,0
GNOM.US,D,20191011,000000,12.398,12.478,12.398,12.427,1568,0
GNOM.US,D,20191014,000000,12.478,12.478,12.428,12.428,713,0
GNOM.US,D,20191015,000000,12.69,12.696,12.69,12.696,333,0
GNOM.US,D,20191016,000000,12.672,12.672,12.631,12.662,8863,0
GNOM.US,D,20191018,000000,12.787,12.797,12.639,12.652,2813,0
GNOM.US,D,20191021,000000,12.872,12.872,12.872,12.872,438,0
GNOM.US,D,20191022,000000,13.037,13.177,13.037,13.077,1020,0
GNOM.US,D,20191023,000000,13.027,13.127,12.963,13.127,878,0
GNOM.US,D,20191024,000000,12.955,12.955,12.955,12.955,193,0
GNOM.US,D,20191025,000000,12.897,13.137,12.897,13.137,2509,0
GNOM.US,D,20191028,000000,13.157,13.326,13.157,13.317,1068,0
GNOM.US,D,20191029,000000,13.241,13.306,13.241,13.281,1952,0
GNOM.US,D,20191030,000000,13.256,13.256,13.256,13.256,529,0
GNOM.US,D,20191031,000000,13.189,13.189,13.189,13.189,112,0
GNOM.US,D,20191101,000000,13.484,13.516,13.484,13.516,2750,0
GNOM.US,D,20191104,000000,13.676,13.676,13.447,13.459,2511,0
GNOM.US,D,20191107,000000,13.206,13.386,13.206,13.346,4009,0
GNOM.US,D,20191108,000000,13.276,13.486,13.276,13.486,1651,0
GNOM.US,D,20191111,000000,13.426,13.426,13.426,13.426,720,0
GNOM.US,D,20191112,000000,13.506,13.586,13.506,13.538,2821,0
GNOM.US,D,20191113,000000,13.625,13.87,13.613,13.78,1198,0
GNOM.US,D,20191114,000000,13.664,13.706,13.616,13.69,4804,0
GNOM.US,D,20191115,000000,13.796,14.241,13.796,13.905,1966,0
GNOM.US,D,20191118,000000,13.881,13.971,13.876,13.928,8834,0
GNOM.US,D,20191119,000000,14.125,14.449,14.125,14.44,2961,0
GNOM.US,D,20191120,000000,14.435,14.475,14.369,14.45,2912,0
GNOM.US,D,20191121,000000,14.305,14.415,14.305,14.415,1978,0
GNOM.US,D,20191122,000000,14.417,14.525,14.417,14.525,936,0
GNOM.US,D,20191125,000000,14.735,15.108,14.735,15.108,2032,0
GNOM.US,D,20191126,000000,15.253,15.373,15.183,15.338,18808,0
GNOM.US,D,20191127,000000,15.429,15.469,15.423,15.456,2051,0
GNOM.US,D,20191129,000000,15.493,15.667,15.493,15.627,4375,0
GNOM.US,D,20191202,000000,15.652,15.652,15.243,15.34,12207,0
GNOM.US,D,20191203,000000,15.692,16.072,15.692,16.002,20542,0
GNOM.US,D,20191204,000000,16.022,16.022,15.888,15.997,5421,0
GNOM.US,D,20191205,000000,15.872,16.022,15.872,15.95,5270,0
GNOM.US,D,20191206,000000,16.152,16.242,16.071,16.186,26698,0
GNOM.US,D,20191209,000000,16.302,16.312,15.846,15.846,16262,0
GNOM.US,D,20191210,000000,15.862,16.082,15.822,16.062,4456,0
GNOM.US,D,20191211,000000,16.132,16.132,15.806,15.821,14866,0
GNOM.US,D,20191212,000000,15.859,15.982,15.832,15.918,10066,0
GNOM.US,D,20191213,000000,16.132,16.302,16.092,16.177,18802,0
GNOM.US,D,20191216,000000,16.136,16.302,16.105,16.279,15017,0
GNOM.US,D,20191217,000000,16.342,16.342,16.152,16.152,5403,0
GNOM.US,D,20191218,000000,16.172,16.172,16,16.042,7985,0
GNOM.US,D,20191219,000000,16.072,16.112,15.972,16.095,13897,0
GNOM.US,D,20191220,000000,15.997,16.032,15.922,15.979,11192,0
GNOM.US,D,20191223,000000,16.022,16.222,15.942,16.165,2745,0
GNOM.US,D,20191224,000000,16.152,16.333,16.152,16.333,4042,0
GNOM.US,D,20191226,000000,16.142,16.142,15.992,16.023,5159,0
GNOM.US,D,20191227,000000,15.972,15.972,15.861,15.861,7141,0
GNOM.US,D,20191230,000000,15.852,15.852,15.463,15.533,7038,0
GNOM.US,D,20191231,000000,15.621,15.652,15.573,15.583,3835,0
GNOM.US,D,20200102,000000,15.692,15.692,15.429,15.512,5918,0
GNOM.US,D,20200103,000000,15.323,15.553,15.323,15.398,3720,0
GNOM.US,D,20200106,000000,15.323,15.408,15.22,15.408,7331,0
GNOM.US,D,20200107,000000,15.453,15.578,15.453,15.538,1519,0
GNOM.US,D,20200108,000000,15.662,15.712,15.592,15.692,2794,0
GNOM.US,D,20200109,000000,15.822,15.888,15.772,15.801,5070,0
GNOM.US,D,20200110,000000,16.022,16.232,15.981,15.981,25136,0
GNOM.US,D,20200113,000000,16.142,16.142,15.563,15.679,17633,0
GNOM.US,D,20200114,000000,15.682,16.072,15.682,15.988,6432,0
GNOM.US,D,20200115,000000,16.022,16.192,16.022,16.102,2935,0
GNOM.US,D,20200116,000000,16.272,16.322,16.222,16.322,11915,0
GNOM.US,D,20200117,000000,16.421,16.421,16.212,16.257,5819,0
GNOM.US,D,20200121,000000,16.152,16.172,15.792,15.803,5935,0
GNOM.US,D,20200122,000000,15.792,15.822,15.682,15.687,12495,0
GNOM.US,D,20200123,000000,15.632,15.632,15.423,15.423,1260,0
GNOM.US,D,20200124,000000,15.473,15.502,15.133,15.174,4345,0
GNOM.US,D,20200127,000000,14.813,14.963,14.763,14.943,16306,0
GNOM.US,D,20200128,000000,15.043,15.135,15.043,15.069,4348,0
GNOM.US,D,20200129,000000,15.203,15.293,15.133,15.14,16742,0
GNOM.US,D,20200130,000000,15.023,15.023,14.765,14.799,1596,0
GNOM.US,D,20200131,000000,14.695,14.695,14.5,14.5,5192,0
GNOM.US,D,20200203,000000,14.745,14.843,14.745,14.818,3513,0
GNOM.US,D,20200204,000000,15.093,15.319,15.093,15.278,2354,0
GNOM.US,D,20200205,000000,15.493,15.563,15.474,15.474,10566,0
GNOM.US,D,20200206,000000,15.523,15.523,15.352,15.503,5951,0
GNOM.US,D,20200207,000000,15.31,15.373,15.283,15.286,1032,0
GNOM.US,D,20200210,000000,15.293,15.682,15.293,15.682,8892,0
GNOM.US,D,20200211,000000,15.862,15.862,15.74,15.752,7264,0
GNOM.US,D,20200212,000000,15.819,16.012,15.802,16.007,2041,0
GNOM.US,D,20200213,000000,15.887,15.976,15.872,15.872,4538,0
GNOM.US,D,20200214,000000,15.942,15.972,15.87,15.938,6753,0
GNOM.US,D,20200218,000000,15.887,15.942,15.812,15.889,5107,0
GNOM.US,D,20200219,000000,15.972,16.012,15.872,15.942,7913,0
GNOM.US,D,20200220,000000,15.872,15.872,15.583,15.801,4436,0
GNOM.US,D,20200221,000000,15.643,15.662,15.548,15.617,2515,0
GNOM.US,D,20200224,000000,15.283,15.283,14.835,14.963,8794,0
GNOM.US,D,20200225,000000,15.064,15.064,14.378,14.413,5459,0
GNOM.US,D,20200226,000000,14.465,14.745,14.33,14.453,18895,0
GNOM.US,D,20200227,000000,14.225,14.695,13.936,14.116,21423,0
GNOM.US,D,20200228,000000,13.776,14.375,13.773,14.351,8742,0
GNOM.US,D,20200302,000000,14.445,14.679,14.145,14.679,6249,0
GNOM.US,D,20200303,000000,14.805,14.833,14.263,14.472,7652,0
GNOM.US,D,20200304,000000,14.766,15.081,14.757,15.081,4408,0
GNOM.US,D,20200305,000000,14.943,15.119,14.943,14.953,3610,0
GNOM.US,D,20200306,000000,14.625,14.635,14.407,14.525,4148,0
GNOM.US,D,20200309,000000,13.836,14.11,13.486,13.511,6102,0
GNOM.US,D,20200310,000000,13.816,13.876,13.097,13.763,11746,0
GNOM.US,D,20200311,000000,13.476,13.495,12.935,12.935,6371,0
GNOM.US,D,20200312,000000,12.269,12.269,11.495,11.495,7680,0
GNOM.US,D,20200313,000000,12.199,12.199,10.95,12.031,7039,0
GNOM.US,D,20200316,000000,10.722,11.186,10.722,10.913,3608,0
GNOM.US,D,20200317,000000,10.752,11.15,10.277,11.013,10453,0
GNOM.US,D,20200318,000000,10.332,11.09,10.143,10.557,10288,0
GNOM.US,D,20200319,000000,10.552,11.39,10.552,11.38,5765,0
GNOM.US,D,20200320,000000,11.58,11.779,11.26,11.34,8455,0
GNOM.US,D,20200323,000000,11.42,11.42,10.92,11.198,9570,0
GNOM.US,D,20200324,000000,11.639,11.974,11.639,11.974,36438,0
GNOM.US,D,20200325,000000,12.049,12.417,11.999,12.144,21158,0
GNOM.US,D,20200326,000000,12.359,12.786,12.359,12.698,75615,0
GNOM.US,D,20200327,000000,12.438,12.518,12.109,12.359,21203,0
GNOM.US,D,20200330,000000,12.349,12.554,12.239,12.554,13596,0
GNOM.US,D,20200331,000000,12.628,12.738,12.438,12.438,47383,0
GNOM.US,D,20200401,000000,12.319,12.488,11.988,11.988,15959,0
GNOM.US,D,20200402,000000,12.103,12.668,12.103,12.423,55719,0
GNOM.US,D,20200403,000000,12.468,12.488,12.113,12.209,9817,0
GNOM.US,D,20200406,000000,12.608,12.918,12.608,12.918,26324,0
GNOM.US,D,20200407,000000,13.226,13.366,12.763,12.79,14962,0
GNOM.US,D,20200408,000000,12.847,13.115,12.77,13.115,21146,0
GNOM.US,D,20200409,000000,13.346,13.436,13.168,13.331,17579,0
GNOM.US,D,20200413,000000,13.396,13.396,13.131,13.349,8509,0
GNOM.US,D,20200414,000000,13.556,13.926,13.556,13.926,13547,0
GNOM.US,D,20200415,000000,13.626,13.671,13.456,13.561,15043,0
GNOM.US,D,20200416,000000,13.715,13.886,13.595,13.865,15617,0
GNOM.US,D,20200417,000000,14.245,14.378,14.145,14.378,36683,0
GNOM.US,D,20200420,000000,14.295,15.05,14.295,14.784,18004,0
GNOM.US,D,20200421,000000,14.595,14.715,14.215,14.405,248210,0
GNOM.US,D,20200422,000000,14.625,14.709,14.435,14.641,25684,0
GNOM.US,D,20200423,000000,14.735,15.064,14.665,14.735,70136,0
GNOM.US,D,20200424,000000,14.754,15.088,14.715,15.054,11081,0
GNOM.US,D,20200427,000000,15.203,15.483,15.173,15.318,17231,0
GNOM.US,D,20200428,000000,15.473,15.473,14.754,14.803,13427,0
GNOM.US,D,20200429,000000,15.013,15.043,14.793,14.863,40144,0
GNOM.US,D,20200430,000000,14.843,14.843,14.502,14.502,9597,0
GNOM.US,D,20200501,000000,14.265,14.265,13.836,14.015,17613,0
GNOM.US,D,20200504,000000,13.995,14.595,13.906,14.572,67636,0
GNOM.US,D,20200505,000000,14.933,15.163,14.813,14.993,23518,0
GNOM.US,D,20200506,000000,15.024,15.187,14.995,15.053,5133,0
GNOM.US,D,20200507,000000,15.163,15.203,15.033,15.073,13567,0
GNOM.US,D,20200508,000000,15.173,15.243,15.026,15.144,57989,0
GNOM.US,D,20200511,000000,15.073,15.992,15.073,15.922,34196,0
GNOM.US,D,20200512,000000,15.982,16.401,15.672,15.696,31943,0
GNOM.US,D,20200513,000000,15.722,15.892,14.846,15.233,19241,0
GNOM.US,D,20200514,000000,15.123,15.323,14.903,15.263,8560,0
GNOM.US,D,20200515,000000,15.253,16.042,15.253,15.911,15195,0
GNOM.US,D,20200518,000000,16.561,16.661,16.352,16.431,20668,0
GNOM.US,D,20200519,000000,16.481,16.481,16.152,16.152,9577,0
GNOM.US,D,20200520,000000,16.392,16.591,16.355,16.552,41468,0
GNOM.US,D,20200521,000000,16.571,16.681,16.337,16.631,12255,0
GNOM.US,D,20200522,000000,16.621,16.88,16.541,16.86,67092,0
GNOM.US,D,20200526,000000,17.299,17.329,16.601,16.601,22988,0
GNOM.US,D,20200527,000000,16.681,16.681,15.972,16.577,20185,0
GNOM.US,D,20200528,000000,16.701,16.79,16.312,16.344,18390,0
GNOM.US,D,20200529,000000,16.421,16.48,16.032,16.48,9988,0
GNOM.US,D,20200601,000000,16.691,16.8,16.409,16.726,16109,0
GNOM.US,D,20200602,000000,16.471,16.95,16.471,16.933,11766,0
GNOM.US,D,20200603,000000,16.93,16.98,16.74,16.75,14372,0
GNOM.US,D,20200604,000000,16.611,16.84,16.382,16.382,6902,0
GNOM.US,D,20200605,000000,16.641,16.717,16.411,16.411,10409,0
GNOM.US,D,20200608,000000,16.661,16.763,16.441,16.68,20681,0
GNOM.US,D,20200609,000000,16.571,16.95,16.571,16.76,13525,0
GNOM.US,D,20200610,000000,16.81,17.02,16.671,16.86,63446,0
GNOM.US,D,20200611,000000,16.571,16.571,15.805,15.845,49820,0
GNOM.US,D,20200612,000000,16.172,16.182,15.553,15.683,6773,0
GNOM.US,D,20200615,000000,15.842,16.441,15.804,16.371,34658,0
GNOM.US,D,20200616,000000,16.84,16.92,16.372,16.78,32650,0
GNOM.US,D,20200617,000000,16.885,17.052,16.81,16.869,11589,0
GNOM.US,D,20200618,000000,16.96,17.249,16.905,17.04,15113,0
GNOM.US,D,20200619,000000,17.219,17.459,17.047,17.299,15085,0
GNOM.US,D,20200622,000000,17.389,17.909,17.249,17.884,17749,0
GNOM.US,D,20200623,000000,18.038,18.418,18.003,18.138,41647,0
GNOM.US,D,20200624,000000,17.969,18.038,17.389,17.509,21800,0
GNOM.US,D,20200625,000000,17.358,17.788,17.358,17.73,8493,0
GNOM.US,D,20200626,000000,17.839,17.839,17.12,17.269,22037,0
GNOM.US,D,20200629,000000,17.204,17.479,17.075,17.249,17313,0
GNOM.US,D,20200630,000000,17.249,17.559,17.17,17.529,14982,0
GNOM.US,D,20200701,000000,17.549,18.038,17.529,17.929,7053,0
GNOM.US,D,20200702,000000,18.128,18.214,17.889,18.118,31948,0
GNOM.US,D,20200706,000000,18.208,18.376,18.018,18.123,29820,0
GNOM.US,D,20200707,000000,18.168,18.746,18.065,18.331,91165,0
GNOM.US,D,20200708,000000,18.438,18.796,18.438,18.674,28222,0
GNOM.US,D,20200709,000000,18.806,18.938,18.385,18.747,35994,0
GNOM.US,D,20200710,000000,18.767,18.767,18.348,18.425,20152,0
GNOM.US,D,20200713,000000,18.508,18.874,17.919,17.919,44434,0
GNOM.US,D,20200714,000000,17.949,18.278,17.699,18.123,14245,0
GNOM.US,D,20200715,000000,18.498,18.777,18.498,18.668,55263,0
GNOM.US,D,20200716,000000,18.568,18.618,18.308,18.447,23283,0
GNOM.US,D,20200717,000000,18.588,18.757,18.458,18.648,13530,0
GNOM.US,D,20200720,000000,18.777,19.126,18.777,19.024,46933,0
GNOM.US,D,20200721,000000,19.136,19.136,18.553,18.56,19866,0
GNOM.US,D,20200722,000000,18.638,18.668,18.418,18.538,27491,0
GNOM.US,D,20200723,000000,18.578,18.796,18.128,18.206,13956,0
GNOM.US,D,20200724,000000,18.098,18.098,17.714,17.749,18531,0
GNOM.US,D,20200727,000000,17.979,18.328,17.889,18.303,25972,0
GNOM.US,D,20200728,000000,18.268,18.268,17.699,17.7,33384,0
GNOM.US,D,20200729,000000,17.759,17.829,17.513,17.513,7821,0
GNOM.US,D,20200730,000000,17.469,17.949,17.449,17.859,30453,0
GNOM.US,D,20200731,000000,17.899,17.959,17.449,17.585,10984,0
GNOM.US,D,20200803,000000,17.719,18.358,17.719,18.333,23022,0
GNOM.US,D,20200804,000000,18.358,18.358,18.108,18.267,13708,0
GNOM.US,D,20200805,000000,18.328,18.517,18.283,18.517,24097,0
GNOM.US,D,20200806,000000,18.648,18.648,18.246,18.303,20269,0
GNOM.US,D,20200807,000000,18.158,18.358,18.018,18.138,24914,0
GNOM.US,D,20200810,000000,18.318,18.383,18.178,18.298,37264,0
GNOM.US,D,20200811,000000,18.278,18.368,17.769,17.769,24566,0
GNOM.US,D,20200812,000000,17.859,17.989,17.709,17.914,69192,0
GNOM.US,D,20200813,000000,17.949,18.258,17.949,18.188,23845,0
GNOM.US,D,20200814,000000,18.188,18.188,17.833,17.895,24069,0
GNOM.US,D,20200817,000000,17.919,18.583,17.899,18.568,38094,0
GNOM.US,D,20200818,000000,18.687,18.687,18.443,18.652,31420,0
GNOM.US,D,20200819,000000,18.428,18.493,18.218,18.277,18148,0
GNOM.US,D,20200820,000000,18.188,18.188,17.939,18.027,69104,0
GNOM.US,D,20200821,000000,19.845,19.845,17.869,17.969,15112,0
GNOM.US,D,20200824,000000,18.168,18.318,17.484,18.318,115326,0
GNOM.US,D,20200825,000000,17.509,17.759,17.449,17.721,163994,0
GNOM.US,D,20200826,000000,17.799,17.869,17.622,17.659,31733,0
GNOM.US,D,20200827,000000,17.619,17.619,17.269,17.429,27734,0
GNOM.US,D,20200828,000000,17.449,17.604,17.383,17.569,19962,0
GNOM.US,D,20200831,000000,17.709,17.929,17.569,17.699,305449,0
GNOM.US,D,20200901,000000,17.769,17.769,17.589,17.589,32161,0
GNOM.US,D,20200902,000000,17.679,17.759,17.469,17.729,50652,0
GNOM.US,D,20200903,000000,17.779,17.779,16.81,16.944,52611,0
GNOM.US,D,20200904,000000,17.02,17.02,15.792,16.542,51764,0
GNOM.US,D,20200908,000000,16.242,16.651,16.152,16.29,17810,0
GNOM.US,D,20200909,000000,16.461,16.765,16.461,16.699,18369,0
GNOM.US,D,20200910,000000,16.73,16.94,16.421,16.441,6432,0
GNOM.US,D,20200911,000000,16.501,16.658,16.242,16.322,7199,0
GNOM.US,D,20200914,000000,16.591,17.15,16.591,17.095,14953,0
GNOM.US,D,20200915,000000,17.229,17.469,17.229,17.289,68604,0
GNOM.US,D,20200916,000000,17.529,17.928,17.529,17.749,14135,0
GNOM.US,D,20200917,000000,17.679,17.824,17.579,17.694,19569,0
GNOM.US,D,20200918,000000,17.859,17.899,17.469,17.819,7887,0
GNOM.US,D,20200921,000000,17.559,17.569,17.173,17.344,92999,0
GNOM.US,D,20200922,000000,17.419,17.769,17.219,17.749,12181,0
GNOM.US,D,20200923,000000,17.769,17.829,17.374,17.374,7326,0
GNOM.US,D,20200924,000000,17.349,17.465,16.95,17.304,27179,0
GNOM.US,D,20200925,000000,17.329,17.734,17.269,17.729,20957,0
GNOM.US,D,20200928,000000,17.969,17.97,17.674,17.769,14221,0
GNOM.US,D,20200929,000000,17.809,18.168,17.809,18.038,23891,0
GNOM.US,D,20200930,000000,18.118,18.251,17.814,17.949,16924,0
GNOM.US,D,20201001,000000,17.989,18.197,17.969,18.11,16911,0
GNOM.US,D,20201002,000000,17.879,18.178,17.709,17.755,12211,0
GNOM.US,D,20201005,000000,17.969,18.57,17.969,18.57,20958,0
GNOM.US,D,20201006,000000,18.618,18.986,18.507,18.618,26406,0
GNOM.US,D,20201007,000000,18.826,19.286,18.826,19.206,26842,0
GNOM.US,D,20201008,000000,19.566,19.605,19.316,19.366,59057,0
GNOM.US,D,20201009,000000,19.496,19.754,19.436,19.705,25240,0
GNOM.US,D,20201012,000000,19.835,19.88,19.655,19.665,23745,0
GNOM.US,D,20201013,000000,19.695,19.884,19.645,19.845,15194,0
GNOM.US,D,20201014,000000,19.805,19.945,19.276,19.336,20487,0
GNOM.US,D,20201015,000000,19.136,19.376,18.976,19.256,8449,0
GNOM.US,D,20201016,000000,19.406,19.685,19.336,19.336,59397,0
GNOM.US,D,20201019,000000,19.516,19.546,19.206,19.256,39396,0
GNOM.US,D,20201020,000000,19.306,19.306,18.966,18.989,26137,0
GNOM.US,D,20201021,000000,18.856,18.886,18.403,18.458,13886,0
GNOM.US,D,20201022,000000,18.568,18.928,18.568,18.915,19854,0
GNOM.US,D,20201023,000000,19.016,19.016,18.687,18.846,38017,0
GNOM.US,D,20201026,000000,18.727,19.006,18.548,18.775,53248,0
GNOM.US,D,20201027,000000,18.856,19.216,18.856,19.126,20886,0
GNOM.US,D,20201028,000000,18.787,18.787,18.428,18.498,19186,0
GNOM.US,D,20201029,000000,18.548,18.757,18.338,18.648,23234,0
GNOM.US,D,20201030,000000,18.478,18.628,17.839,18.03,59074,0
GNOM.US,D,20201102,000000,18.248,18.298,17.769,18.108,8031,0
GNOM.US,D,20201103,000000,18.198,18.628,18.138,18.544,46465,0
GNOM.US,D,20201104,000000,18.558,19.605,18.558,19.506,39752,0
GNOM.US,D,20201105,000000,19.645,19.786,19.396,19.695,21357,0
GNOM.US,D,20201106,000000,19.536,19.63,19.406,19.446,17925,0
GNOM.US,D,20201109,000000,19.965,20.07,19.466,19.466,26411,0
GNOM.US,D,20201110,000000,19.416,19.566,18.966,19.376,34932,0
GNOM.US,D,20201111,000000,19.576,19.929,19.576,19.866,12243,0
GNOM.US,D,20201112,000000,19.885,20.295,19.825,19.938,34990,0
GNOM.US,D,20201113,000000,20.105,20.375,20.105,20.215,16223,0
GNOM.US,D,20201116,000000,20.325,20.325,19.975,20.122,22669,0
GNOM.US,D,20201117,000000,20.155,20.324,19.901,20.301,38521,0
GNOM.US,D,20201118,000000,20.424,20.511,19.895,19.935,49015,0
GNOM.US,D,20201119,000000,20.065,20.285,19.975,20.185,28381,0
GNOM.US,D,20201120,000000,20.275,20.345,19.905,20.295,32871,0
GNOM.US,D,20201123,000000,20.454,20.454,20.095,20.295,20593,0
GNOM.US,D,20201124,000000,20.454,20.454,20.125,20.125,25508,0
GNOM.US,D,20201125,000000,20.245,20.276,20.134,20.205,20148,0
GNOM.US,D,20201127,000000,20.464,21.462,20.464,21.462,19029,0
GNOM.US,D,20201130,000000,21.312,21.312,20.629,20.993,66589,0
GNOM.US,D,20201201,000000,21.232,21.602,21.183,21.502,51228,0
GNOM.US,D,20201202,000000,21.362,21.542,21.143,21.542,14138,0
GNOM.US,D,20201203,000000,21.562,21.982,21.562,21.857,39614,0
GNOM.US,D,20201204,000000,21.952,22.266,21.852,22.221,46515,0
GNOM.US,D,20201207,000000,23.529,23.529,22.221,22.321,60714,0
GNOM.US,D,20201208,000000,22.411,22.74,22.271,22.74,118010,0
GNOM.US,D,20201209,000000,23.479,23.479,22.441,22.73,83993,0
GNOM.US,D,20201210,000000,22.74,23.958,22.74,23.948,97434,0
GNOM.US,D,20201211,000000,23.828,24.028,23.459,23.768,48740,0
GNOM.US,D,20201214,000000,24.178,24.941,23.948,23.988,178574,0
GNOM.US,D,20201215,000000,24.218,24.278,23.679,24.008,104301,0
GNOM.US,D,20201216,000000,24.078,24.178,23.718,23.788,74450,0
GNOM.US,D,20201217,000000,23.898,23.993,23.638,23.878,50245,0
GNOM.US,D,20201218,000000,24.093,24.258,23.998,24.138,51263,0
GNOM.US,D,20201221,000000,24.716,25.255,23.668,25.106,119226,0
GNOM.US,D,20201222,000000,25.465,25.955,25.39,25.825,129448,0
GNOM.US,D,20201223,000000,26.034,26.034,25.255,25.945,127426,0
GNOM.US,D,20201224,000000,25.925,26.144,25.355,25.533,48987,0
GNOM.US,D,20201228,000000,26.034,26.064,25.116,25.205,148030,0
GNOM.US,D,20201229,000000,25.205,25.233,23.444,23.988,224447,0
GNOM.US,D,20201230,000000,24.278,24.642,24.108,24.238,147093,0
GNOM.US,D,20201231,000000,24.218,24.228,23.558,23.608,50086,0
GNOM.US,D,20210104,000000,23.888,23.988,23.428,23.728,101295,0
GNOM.US,D,20210105,000000,23.678,24.168,23.598,24.133,133862,0
GNOM.US,D,20210106,000000,23.988,24.94,23.988,24.597,116132,0
GNOM.US,D,20210107,000000,24.877,26.127,24.877,26.127,158183,0
GNOM.US,D,20210108,000000,25.731,26.706,25.357,25.897,193610,0
GNOM.US,D,20210111,000000,25.767,25.867,24.999,25.257,127891,0
GNOM.US,D,20210112,000000,25.507,25.767,25.137,25.387,111067,0
GNOM.US,D,20210113,000000,25.457,25.973,25.327,25.427,129372,0
GNOM.US,D,20210114,000000,25.557,26.516,25.557,26.307,230842,0
GNOM.US,D,20210115,000000,26.437,27.136,26.187,26.297,196589,0
GNOM.US,D,20210119,000000,26.956,26.956,26.542,26.726,387151,0
GNOM.US,D,20210120,000000,27.026,27.286,26.726,26.806,377616,0
GNOM.US,D,20210121,000000,26.886,26.886,25.887,25.907,175300,0
GNOM.US,D,20210122,000000,25.877,26.317,25.787,26.297,93339,0
GNOM.US,D,20210125,000000,26.387,26.556,25.537,26.277,199955,0
GNOM.US,D,20210126,000000,26.262,26.487,25.117,25.117,184831,0
GNOM.US,D,20210127,000000,24.747,25.347,23.868,24.558,228837,0
GNOM.US,D,20210128,000000,24.677,25.377,24.651,25.057,92495,0
GNOM.US,D,20210129,000000,24.937,25.477,24.398,24.799,62472,0
GNOM.US,D,20210201,000000,25.107,25.587,24.917,25.467,137155,0
GNOM.US,D,20210202,000000,25.957,26.496,25.843,26.377,184889,0
GNOM.US,D,20210203,000000,26.616,26.776,26.057,26.057,247004,0
GNOM.US,D,20210204,000000,25.967,26.649,25.617,26.537,188820,0
GNOM.US,D,20210205,000000,26.766,27.036,26.606,27.016,90577,0
GNOM.US,D,20210208,000000,27.386,27.93,27.226,27.876,626755,0
GNOM.US,D,20210209,000000,27.996,28.056,27.566,27.656,233827,0
GNOM.US,D,20210210,000000,28.306,28.436,26.986,27.416,227085,0
GNOM.US,D,20210211,000000,27.716,27.886,27.096,27.456,177904,0
GNOM.US,D,20210212,000000,27.376,27.686,26.898,27.556,210756,0
GNOM.US,D,20210216,000000,27.896,27.896,26.487,26.586,606272,0
GNOM.US,D,20210217,000000,26.497,26.497,25.687,26.347,194157,0
GNOM.US,D,20210218,000000,26.117,26.117,25.367,25.767,102376,0
GNOM.US,D,20210219,000000,26.187,26.666,26.015,26.357,120145,0
GNOM.US,D,20210222,000000,26.127,26.137,24.977,25.027,169769,0
GNOM.US,D,20210223,000000,24.318,24.616,22.993,24.388,324476,0
GNOM.US,D,20210224,000000,24.438,25.047,24.118,24.627,137952,0
GNOM.US,D,20210225,000000,24.677,24.857,23.508,23.758,141204,0
GNOM.US,D,20210226,000000,23.898,24.298,23.148,23.868,162469,0
GNOM.US,D,20210301,000000,24.318,25.057,24.318,24.927,193371,0
GNOM.US,D,20210302,000000,24.977,24.977,24.338,24.368,121087,0
GNOM.US,D,20210303,000000,24.258,24.308,22.998,22.998,646128,0
GNOM.US,D,20210304,000000,22.778,23.113,21.579,21.859,232714,0
GNOM.US,D,20210305,000000,22.129,22.199,20.292,21.999,232933,0
GNOM.US,D,20210308,000000,22.189,22.519,21.139,21.299,130226,0
GNOM.US,D,20210309,000000,21.979,23.037,21.889,22.858,155962,0
GNOM.US,D,20210310,000000,23.118,23.648,22.628,22.628,172659,0
GNOM.US,D,20210311,000000,23.158,23.788,23.158,23.708,99219,0
GNOM.US,D,20210312,000000,23.328,23.478,22.808,23.438,89079,0
GNOM.US,D,20210315,000000,23.398,24.087,23.378,24.038,103187,0
GNOM.US,D,20210316,000000,24.188,24.308,23.138,23.558,78992,0
GNOM.US,D,20210317,000000,23.298,24.116,22.938,23.778,48137,0
GNOM.US,D,20210318,000000,23.548,23.548,22.668,22.748,65652,0
GNOM.US,D,20210319,000000,22.838,23.388,22.723,23.348,72517,0
GNOM.US,D,20210322,000000,23.528,24.115,23.388,23.858,83968,0
GNOM.US,D,20210323,000000,23.688,23.688,22.599,22.648,88136,0
GNOM.US,D,20210324,000000,22.768,22.768,21.384,21.389,88401,0
GNOM.US,D,20210325,000000,21.109,21.809,20.729,21.759,353325,0
GNOM.US,D,20210326,000000,21.909,21.909,21.024,21.569,140738,0
GNOM.US,D,20210329,000000,21.409,21.548,20.919,21.069,94972,0
GNOM.US,D,20210330,000000,20.889,21.639,20.62,21.429,151173,0
GNOM.US,D,20210331,000000,21.719,22.628,21.669,22.469,120413,0
GNOM.US,D,20210401,000000,22.898,23.405,22.599,22.638,105422,0
GNOM.US,D,20210405,000000,23.018,23.178,22.818,23.038,202869,0
GNOM.US,D,20210406,000000,23.048,23.438,22.809,22.828,139756,0
GNOM.US,D,20210407,000000,22.818,22.818,21.989,22.009,53788,0
GNOM.US,D,20210408,000000,22.309,22.725,22.209,22.399,441426,0
GNOM.US,D,20210409,000000,22.359,22.359,21.839,22.009,111732,0
GNOM.US,D,20210412,000000,22.019,22.019,21.339,21.709,65528,0
GNOM.US,D,20210413,000000,21.739,22.439,21.739,22.349,148372,0
GNOM.US,D,20210414,000000,22.509,23.078,22.489,22.539,89506,0
GNOM.US,D,20210415,000000,22.798,23.498,22.678,22.848,111772,0
GNOM.US,D,20210416,000000,22.848,22.848,22.079,22.289,135917,0
GNOM.US,D,20210419,000000,22.079,22.321,21.539,21.849,136414,0
GNOM.US,D,20210420,000000,21.779,22.039,21.359,21.749,33338,0
GNOM.US,D,20210421,000000,21.759,22.349,21.589,22.349,86543,0
GNOM.US,D,20210422,000000,22.409,22.958,22.149,22.519,81707,0
GNOM.US,D,20210423,000000,22.549,22.828,22.469,22.778,43141,0
GNOM.US,D,20210426,000000,22.958,23.638,22.778,23.578,74402,0
GNOM.US,D,20210427,000000,23.648,23.668,23.298,23.538,78056,0
GNOM.US,D,20210428,000000,23.448,23.668,23.188,23.448,45072,0
GNOM.US,D,20210429,000000,23.448,23.448,22.599,22.858,181822,0
GNOM.US,D,20210430,000000,22.638,22.968,22.404,22.499,72579,0
GNOM.US,D,20210503,000000,22.698,22.698,21.929,21.969,107183,0
GNOM.US,D,20210504,000000,21.799,21.799,21.079,21.339,82966,0
GNOM.US,D,20210505,000000,21.399,21.559,20.999,21.079,142626,0
GNOM.US,D,20210506,000000,21.039,21.039,20.39,20.809,108183,0
GNOM.US,D,20210507,000000,21.019,21.609,21.019,21.139,512298,0
GNOM.US,D,20210510,000000,21.089,21.089,20.15,20.2,99725,0
GNOM.US,D,20210511,000000,19.53,20.65,19.34,20.39,443877,0
GNOM.US,D,20210512,000000,20.09,20.31,19.9,19.96,92300,0
GNOM.US,D,20210513,000000,20.07,20.356,19.325,19.74,105418,0
GNOM.US,D,20210514,000000,20,20.759,20,20.625,69043,0
GNOM.US,D,20210517,000000,20.57,20.699,20.32,20.54,37339,0
GNOM.US,D,20210518,000000,20.669,21.347,20.669,20.891,33193,0
GNOM.US,D,20210519,000000,20.4,20.705,20.35,20.58,61410,0
GNOM.US,D,20210520,000000,20.809,21.369,20.789,21.209,77767,0
GNOM.US,D,20210521,000000,21.349,21.413,21.009,21.009,36387,0
GNOM.US,D,20210524,000000,21.209,21.309,21.009,21.089,35667,0
GNOM.US,D,20210525,000000,21.149,21.279,20.959,21.039,82819,0
GNOM.US,D,20210526,000000,21.289,21.429,21.134,21.399,73114,0
GNOM.US,D,20210527,000000,21.459,21.579,21.219,21.579,70383,0
GNOM.US,D,20210528,000000,21.629,22.04,21.489,21.489,82142,0
GNOM.US,D,20210601,000000,21.759,21.759,21.264,21.449,49864,0
GNOM.US,D,20210602,000000,21.479,21.559,21.184,21.359,93872,0
GNOM.US,D,20210603,000000,21.339,21.349,20.989,21.159,57741,0
GNOM.US,D,20210604,000000,21.269,21.459,21.159,21.269,75550,0
GNOM.US,D,20210607,000000,21.309,22.297,21.309,22.119,108459,0
GNOM.US,D,20210608,000000,22.359,22.469,21.841,22.289,72915,0
GNOM.US,D,20210609,000000,22.499,22.817,22.439,22.549,74966,0
GNOM.US,D,20210610,000000,22.628,23.118,22.479,23.118,100639,0
GNOM.US,D,20210611,000000,23.258,23.268,22.954,23.148,87197,0
GNOM.US,D,20210614,000000,23.348,23.508,23.268,23.338,90871,0
GNOM.US,D,20210615,000000,23.458,23.458,22.768,22.818,70008,0
GNOM.US,D,20210616,000000,22.868,22.868,22.119,22.717,131948,0
GNOM.US,D,20210617,000000,22.589,23.038,22.589,22.798,39048,0
GNOM.US,D,20210618,000000,22.728,22.798,22.589,22.788,32286,0
GNOM.US,D,20210621,000000,22.798,23.078,22.499,22.958,54869,0
GNOM.US,D,20210622,000000,23.038,23.038,22.688,22.958,51183,0
GNOM.US,D,20210623,000000,22.958,23.368,22.958,23.278,200847,0
GNOM.US,D,20210624,000000,23.528,23.838,23.478,23.778,192158,0
GNOM.US,D,20210625,000000,23.908,24.008,23.678,23.958,41313,0
GNOM.US,D,20210628,000000,24.957,24.987,24.498,24.667,131012,0
GNOM.US,D,20210629,000000,24.717,24.866,24.408,24.687,81697,0
GNOM.US,D,20210630,000000,24.627,25.402,24.304,24.877,127679,0
GNOM.US,D,20210701,000000,24.987,25.147,24.488,25.146,88100,0
GNOM.US,D,20210702,000000,24.987,25.667,24.398,24.568,187219,0
GNOM.US,D,20210706,000000,24.398,24.478,23.948,24.008,118303,0
GNOM.US,D,20210707,000000,24.198,24.278,23.518,23.778,72935,0
GNOM.US,D,20210708,000000,23.328,23.878,23.044,23.728,65149,0
GNOM.US,D,20210709,000000,23.948,24.088,23.553,24.088,53175,0
GNOM.US,D,20210712,000000,24.278,24.278,23.798,23.798,55101,0
GNOM.US,D,20210713,000000,23.698,23.808,23.218,23.308,96205,0
GNOM.US,D,20210714,000000,23.378,23.458,22.638,22.728,65128,0
GNOM.US,D,20210715,000000,22.628,22.798,22.229,22.628,101328,0
GNOM.US,D,20210716,000000,22.668,22.968,22.518,22.708,117938,0
GNOM.US,D,20210719,000000,22.359,22.967,22.35,22.758,71433,0
GNOM.US,D,20210720,000000,22.798,23.328,22.668,23.308,33800,0
GNOM.US,D,20210721,000000,23.238,23.578,22.939,23.546,41531,0
GNOM.US,D,20210722,000000,23.538,23.658,23.218,23.408,28547,0
GNOM.US,D,20210723,000000,23.398,23.398,22.808,22.968,80644,0
GNOM.US,D,20210726,000000,22.778,22.878,22.329,22.349,75193,0
GNOM.US,D,20210727,000000,22.239,22.239,21.669,22.119,245104,0
GNOM.US,D,20210728,000000,22.189,22.978,22.189,22.788,93038,0
GNOM.US,D,20210729,000000,23.008,23.108,22.788,22.838,51669,0
GNOM.US,D,20210730,000000,22.758,23.188,22.758,22.918,67882,0
GNOM.US,D,20210802,000000,22.998,23.083,22.779,22.828,40365,0
GNOM.US,D,20210803,000000,22.958,22.998,22.748,22.998,66074,0
GNOM.US,D,20210804,000000,23.128,23.488,23.008,23.468,152350,0
GNOM.US,D,20210805,000000,23.508,24.488,23.468,24.448,106208,0
GNOM.US,D,20210806,000000,24.298,24.947,23.758,24.078,117744,0
GNOM.US,D,20210809,000000,23.898,24.28,23.748,23.818,138325,0
GNOM.US,D,20210810,000000,24.028,24.088,23.468,23.598,49195,0
GNOM.US,D,20210811,000000,23.478,23.678,23.018,23.248,83944,0
GNOM.US,D,20210812,000000,23.228,23.357,23.148,23.288,33532,0
GNOM.US,D,20210813,000000,23.338,23.348,22.864,22.968,190734,0
GNOM.US,D,20210816,000000,22.828,22.838,22.398,22.609,35186,0
GNOM.US,D,20210817,000000,22.369,22.688,22.249,22.648,66435,0
GNOM.US,D,20210818,000000,22.619,22.818,22.309,22.309,52904,0
GNOM.US,D,20210819,000000,22.219,22.362,21.949,21.979,514522,0
GNOM.US,D,20210820,000000,21.819,22.509,21.819,22.409,66206,0
GNOM.US,D,20210823,000000,22.848,23.278,22.828,23.248,82424,0
GNOM.US,D,20210824,000000,23.408,23.668,23.108,23.628,56344,0
GNOM.US,D,20210825,000000,23.568,23.888,23.508,23.778,97426,0
GNOM.US,D,20210826,000000,23.788,23.91,23.397,23.472,70862,0
GNOM.US,D,20210827,000000,23.508,24.348,23.503,24.048,61287,0
GNOM.US,D,20210830,000000,24.088,24.318,23.943,24.008,68800,0
GNOM.US,D,20210831,000000,24.068,24.188,23.888,24.108,178521,0
GNOM.US,D,20210901,000000,24.158,24.607,24.058,24.548,66415,0
GNOM.US,D,20210902,000000,24.677,25.037,24.441,25.017,112683,0
GNOM.US,D,20210903,000000,24.977,24.987,24.66,24.807,107239,0
GNOM.US,D,20210907,000000,24.787,24.848,24.238,24.278,70378,0
GNOM.US,D,20210908,000000,24.238,24.277,23.818,23.948,103829,0
GNOM.US,D,20210909,000000,24.018,24.338,23.898,24.018,47050,0
GNOM.US,D,20210910,000000,24.188,24.218,23.8,23.928,59957,0
GNOM.US,D,20210913,000000,23.958,24.038,23.398,23.498,96299,0
GNOM.US,D,20210914,000000,23.678,23.938,23.298,23.348,94224,0
GNOM.US,D,20210915,000000,23.348,23.528,23.218,23.448,65742,0
GNOM.US,D,20210916,000000,23.398,23.598,23.148,23.468,41643,0
GNOM.US,D,20210917,000000,23.688,24.208,23.398,24.208,27389,0
GNOM.US,D,20210920,000000,23.448,23.708,23.148,23.238,98942,0
GNOM.US,D,20210921,000000,23.488,23.807,23.458,23.588,47561,0
GNOM.US,D,20210922,000000,23.648,23.828,23.568,23.668,105544,0
GNOM.US,D,20210923,000000,23.758,23.998,23.63,23.988,43312,0
GNOM.US,D,20210924,000000,23.768,23.768,23.348,23.368,53179,0
GNOM.US,D,20210927,000000,23.318,23.358,22.948,23.208,45577,0
GNOM.US,D,20210928,000000,22.868,22.868,22.269,22.279,84603,0
GNOM.US,D,20210929,000000,22.289,22.404,21.836,21.879,55587,0
GNOM.US,D,20210930,000000,22.049,22.399,22.019,22.129,73893,0
GNOM.US,D,20211001,000000,22.139,22.208,21.659,22.059,92602,0
GNOM.US,D,20211004,000000,21.979,21.979,21.239,21.239,40492,0
GNOM.US,D,20211005,000000,21.449,21.739,21.382,21.499,91980,0
GNOM.US,D,20211006,000000,21.259,21.528,21.239,21.389,58886,0
GNOM.US,D,20211007,000000,21.529,21.969,21.509,21.769,50338,0
GNOM.US,D,20211008,000000,21.559,21.559,21.013,21.079,70677,0
GNOM.US,D,20211011,000000,20.999,21.299,20.879,21.019,47948,0
GNOM.US,D,20211012,000000,21.219,21.489,21.219,21.319,36736,0
GNOM.US,D,20211013,000000,21.249,21.399,21.179,21.234,54060,0
GNOM.US,D,20211014,000000,21.439,21.819,21.439,21.642,85540,0
GNOM.US,D,20211015,000000,21.719,21.769,21.439,21.449,78627,0
GNOM.US,D,20211018,000000,21.349,21.399,21.199,21.259,145410,0
GNOM.US,D,20211019,000000,21.429,21.834,21.409,21.689,58937,0
GNOM.US,D,20211020,000000,21.829,21.882,21.609,21.619,49260,0
GNOM.US,D,20211021,000000,21.609,21.869,21.609,21.649,52382,0
GNOM.US,D,20211022,000000,21.669,21.679,21.439,21.639,42711,0
GNOM.US,D,20211025,000000,21.639,21.832,21.489,21.769,20578,0
GNOM.US,D,20211026,000000,21.959,21.959,21.599,21.629,98903,0
GNOM.US,D,20211027,000000,21.629,21.639,21.309,21.309,40840,0
GNOM.US,D,20211028,000000,21.299,21.837,21.139,21.809,451019,0
GNOM.US,D,20211029,000000,21.719,21.719,21.272,21.419,50993,0
GNOM.US,D,20211101,000000,21.299,21.999,21.299,21.939,46370,0
GNOM.US,D,20211102,000000,21.839,21.879,21.615,21.829,44581,0
GNOM.US,D,20211103,000000,21.949,22.279,21.789,22.259,93372,0
GNOM.US,D,20211104,000000,22.319,22.514,22.199,22.369,46649,0
GNOM.US,D,20211105,000000,22.409,22.614,22.074,22.299,64147,0
GNOM.US,D,20211108,000000,22.299,22.539,22.294,22.409,134305,0
GNOM.US,D,20211109,000000,22.349,22.349,21.939,21.959,56910,0
GNOM.US,D,20211110,000000,21.949,22.152,21.389,21.469,208743,0
GNOM.US,D,20211111,000000,21.589,21.788,21.539,21.669,49906,0
GNOM.US,D,20211112,000000,21.689,21.759,21.419,21.579,172460,0
GNOM.US,D,20211115,000000,21.679,21.679,20.999,21.009,131871,0
GNOM.US,D,20211116,000000,21.009,21.269,20.949,21.229,200165,0
GNOM.US,D,20211117,000000,21.159,21.249,20.819,20.919,144428,0
GNOM.US,D,20211118,000000,21.389,21.609,21.099,21.189,137719,0
GNOM.US,D,20211119,000000,21.169,21.504,21.129,21.439,112985,0
GNOM.US,D,20211122,000000,21.499,21.559,20.909,20.939,119767,0
GNOM.US,D,20211123,000000,20.789,20.789,20.188,20.62,191328,0
GNOM.US,D,20211124,000000,20.54,20.839,20.322,20.799,349707,0
GNOM.US,D,20211126,000000,20.789,21.049,20.569,20.749,126250,0
GNOM.US,D,20211129,000000,21.039,21.159,20.47,20.52,99918,0
GNOM.US,D,20211130,000000,20.37,20.789,20.19,20.61,51196,0
GNOM.US,D,20211201,000000,20.61,20.779,19.83,19.87,227950,0
GNOM.US,D,20211202,000000,19.77,20.27,19.69,20.14,58910,0
GNOM.US,D,20211203,000000,20.24,20.28,19.304,19.41,85138,0
GNOM.US,D,20211206,000000,19.22,19.44,18.76,19.42,135806,0
GNOM.US,D,20211207,000000,19.78,20.693,19.78,20.53,54851,0
GNOM.US,D,20211208,000000,20.659,21.059,20.38,20.899,55007,0
GNOM.US,D,20211209,000000,20.899,20.909,20.2,20.2,38543,0
GNOM.US,D,20211210,000000,20.15,20.49,19.915,19.94,53049,0
GNOM.US,D,20211213,000000,19.97,20.32,19.7,20.09,257241,0
GNOM.US,D,20211214,000000,19.75,20.1,19.63,19.87,249880,0
GNOM.US,D,20211215,000000,19.85,20.46,19.52,20.37,94038,0
GNOM.US,D,20211216,000000,20.57,20.59,19.49,19.52,103702,0
GNOM.US,D,20211217,000000,19.34,20.63,19.24,20.56,99881,0
GNOM.US,D,20211220,000000,20.39,20.6,20.05,20.33,204767,0
GNOM.US,D,20211221,000000,20.46,20.64,20.25,20.64,135776,0
GNOM.US,D,20211222,000000,20.51,20.64,20.31,20.54,65176,0
GNOM.US,D,20211223,000000,20.49,20.689,20.253,20.61,94798,0
GNOM.US,D,20211227,000000,20.5,20.52,19.99,20.02,138662,0
GNOM.US,D,20211228,000000,19.93,20.41,19.76,19.76,230700,0
GNOM.US,D,20211229,000000,19.69,19.732,19.49,19.67,160013,0
GNOM.US,D,20211230,000000,19.61,20.335,19.61,19.98,139485,0
GNOM.US,D,20211231,000000,20.11,20.37,19.8238,19.85,165276,0
GNOM.US,D,20220103,000000,19.75,20,19.295,19.98,104336,0
GNOM.US,D,20220104,000000,19.98,19.98,18.88,19.13,227972,0
GNOM.US,D,20220105,000000,19.05,19.18,18.12,18.12,194660,0
GNOM.US,D,20220106,000000,18.07,18.32,17.661,18.11,99162,0
GNOM.US,D,20220107,000000,18.19,18.59,17.78,17.81,96707,0
GNOM.US,D,20220110,000000,17.68,17.87,17.33,17.87,177783,0
GNOM.US,D,20220111,000000,17.79,18.0605,17.61,18,56752,0
GNOM.US,D,20220112,000000,18.15,18.27,17.6,17.63,58620,0
GNOM.US,D,20220113,000000,17.57,17.61,16.97,17.03,67256,0
GNOM.US,D,20220114,000000,16.84,17.239,16.58,17.22,382586,0
GNOM.US,D,20220118,000000,16.81,16.88,16.2,16.24,152592,0
GNOM.US,D,20220119,000000,16.35,16.58,16.02,16.06,102143,0
GNOM.US,D,20220120,000000,16.26,16.7,15.915,15.96,63362,0
GNOM.US,D,20220121,000000,15.76,16.07,15.61,15.64,153127,0
GNOM.US,D,20220124,000000,15.27,15.95,14.74,15.9,192374,0
GNOM.US,D,20220125,000000,15.6,15.955,15.3238,15.62,124005,0
GNOM.US,D,20220126,000000,15.82,16.25,15.25,15.3,82491,0
GNOM.US,D,20220127,000000,15.4,15.59,14.77,14.84,155814,0
GNOM.US,D,20220128,000000,14.59,15.28,14.532,15.28,309796,0
GNOM.US,D,20220131,000000,15.35,16.18,15.35,16.14,94532,0
GNOM.US,D,20220201,000000,16.36,16.579,16,16.53,363268,0
GNOM.US,D,20220202,000000,16.54,16.54,16.02,16.11,401848,0
GNOM.US,D,20220203,000000,15.8,16.01,15.64,15.65,178258,0
GNOM.US,D,20220204,000000,15.6,16.0081,15.49,15.88,29041,0
GNOM.US,D,20220207,000000,15.93,16.46,15.93,16.22,72820,0
GNOM.US,D,20220208,000000,16.09,16.16,15.7901,16.07,74253,0
GNOM.US,D,20220209,000000,16.26,16.8,16.26,16.76,38171,0
GNOM.US,D,20220210,000000,16.4,17.02,16.17,16.29,126600,0
GNOM.US,D,20220211,000000,16.25,16.57,15.8114,15.91,79252,0
GNOM.US,D,20220214,000000,15.895,15.98,15.63,15.68,53481,0
GNOM.US,D,20220215,000000,15.99,16.34,15.99,16.31,38091,0
GNOM.US,D,20220216,000000,16.11,16.26,15.91,16.15,60194,0
GNOM.US,D,20220217,000000,16.03,16.06,15.41,15.45,95268,0
GNOM.US,D,20220218,000000,15.49,15.57,15.13,15.18,45235,0
GNOM.US,D,20220222,000000,15,15.2383,14.9019,14.97,311840,0
GNOM.US,D,20220223,000000,15.2,15.2,14.56,14.58,318877,0
GNOM.US,D,20220224,000000,14.06,15.22,14.06,15.17,147435,0
GNOM.US,D,20220225,000000,15.29,15.52,15.0135,15.49,90264,0
GNOM.US,D,20220228,000000,15.34,15.67,15.27,15.46,923154,0
GNOM.US,D,20220301,000000,15.46,15.61,15.145,15.29,87449,0
GNOM.US,D,20220302,000000,15.29,15.46,15.1,15.36,67634,0
GNOM.US,D,20220303,000000,15.32,15.34,14.72,14.84,50187,0
GNOM.US,D,20220304,000000,14.76,14.92,14.369,14.47,86294,0
GNOM.US,D,20220307,000000,14.36,14.5,14.11,14.16,290982,0
GNOM.US,D,20220308,000000,14.06,14.79,13.93,14.36,74522,0
GNOM.US,D,20220309,000000,14.54,14.86,14.51,14.81,74147,0
GNOM.US,D,20220310,000000,14.64,14.678,14.35,14.6,117948,0
GNOM.US,D,20220311,000000,14.69,14.74,14,14.01,40655,0
GNOM.US,D,20220314,000000,13.97,14.05,13.25,13.33,96418,0
GNOM.US,D,20220315,000000,13.37,13.588,13.26,13.56,100640,0
GNOM.US,D,20220316,000000,13.91,14.52,13.91,14.52,59379,0
GNOM.US,D,20220317,000000,14.47,15.02,14.3699,15,38610,0
GNOM.US,D,20220318,000000,14.86,15.39,14.86,15.35,61496,0
GNOM.US,D,20220321,000000,15.42,15.42,14.92,15.05,60788,0
GNOM.US,D,20220322,000000,15.09,15.4944,15.05,15.39,31298,0
GNOM.US,D,20220323,000000,15.29,15.46,15,15,97159,0
GNOM.US,D,20220324,000000,15.13,15.27,14.79,15.22,87370,0
GNOM.US,D,20220325,000000,15.14,15.14,14.761,14.86,33971,0
GNOM.US,D,20220328,000000,14.92,15.15,14.67,14.92,33495,0
GNOM.US,D,20220329,000000,15.12,15.63,15.12,15.55,92498,0
GNOM.US,D,20220330,000000,15.51,15.6867,15.15,15.17,48778,0
GNOM.US,D,20220331,000000,15.13,15.2662,15.005,15.03,30465,0
GNOM.US,D,20220401,000000,15.1,15.59,15.0976,15.55,31483,0
GNOM.US,D,20220404,000000,15.7,15.9401,15.65,15.9,44215,0
GNOM.US,D,20220405,000000,15.92,15.95,15.44,15.44,49312,0
GNOM.US,D,20220406,000000,15.23,15.33,14.99,15.26,37387,0
GNOM.US,D,20220407,000000,15.18,15.35,15.03,15.25,47615,0
GNOM.US,D,20220408,000000,15.19,15.3008,14.98,15.08,29908,0
GNOM.US,D,20220411,000000,14.87,14.9654,14.6301,14.68,29635,0
GNOM.US,D,20220412,000000,14.84,15.12,14.6247,14.7,36809,0
GNOM.US,D,20220413,000000,14.55,14.97,14.49,14.9,37403,0
GNOM.US,D,20220414,000000,14.93,14.93,14.4785,14.5,24428,0
GNOM.US,D,20220418,000000,14.45,14.45,13.86,13.88,90217,0
GNOM.US,D,20220419,000000,13.93,14.218,13.8,14.07,50609,0
GNOM.US,D,20220420,000000,14.14,14.1988,13.86,14.03,43809,0
GNOM.US,D,20220421,000000,14.16,14.28,13.5075,13.53,60402,0
GNOM.US,D,20220422,000000,13.46,13.62,13.35,13.39,46301,0
GNOM.US,D,20220425,000000,13.33,13.58,13.25,13.57,77566,0
GNOM.US,D,20220426,000000,13.52,13.54,13.016,13.02,198549,0
GNOM.US,D,20220427,000000,13.01,13.15,12.87,12.94,51693,0
GNOM.US,D,20220428,000000,13.11,13.135,12.505,13.02,82001,0
GNOM.US,D,20220429,000000,12.99,13.34,12.735,12.74,58424,0
GNOM.US,D,20220502,000000,12.71,13.17,12.68,13.13,49040,0
GNOM.US,D,20220503,000000,13.18,13.3075,13.09,13.19,50876,0
GNOM.US,D,20220504,000000,13.2,13.525,12.75,13.49,251459,0
GNOM.US,D,20220505,000000,13.29,13.29,12.511,12.7,55933,0
GNOM.US,D,20220506,000000,12.54,12.54,12.031,12.13,132279,0
GNOM.US,D,20220509,000000,11.92,11.92,11.06,11.09,426154,0
GNOM.US,D,20220510,000000,11.43,11.68,11.08,11.46,205894,0
GNOM.US,D,20220511,000000,11.4,11.55,10.795,10.83,471786,0
GNOM.US,D,20220512,000000,10.78,11.322,10.71,11.17,4143370,0
GNOM.US,D,20220513,000000,11.39,11.95,11.39,11.81,226194,0
GNOM.US,D,20220516,000000,11.75,11.96,11.55,11.6,83436,0
GNOM.US,D,20220517,000000,11.9,12.04,11.7,12.03,223097,0
GNOM.US,D,20220518,000000,11.77,12,11.49,11.55,95970,0
GNOM.US,D,20220519,000000,11.61,12.115,11.57,11.94,150719,0
GNOM.US,D,20220520,000000,12.09,12.22,11.59,12.09,101362,0
GNOM.US,D,20220523,000000,12.18,12.26,11.96,12.04,66159,0
GNOM.US,D,20220524,000000,11.83,11.87,11.45,11.55,264035,0
GNOM.US,D,20220525,000000,11.51,11.66,11.3224,11.53,84649,0
GNOM.US,D,20220526,000000,11.54,11.85,11.51,11.73,110235,0
GNOM.US,D,20220527,000000,11.82,12.42,11.75,12.4,46578,0
GNOM.US,D,20220531,000000,12.4,12.42,11.83,12,253169,0
GNOM.US,D,20220601,000000,12.02,12.18,11.53,11.7,112143,0
GNOM.US,D,20220602,000000,11.7,12.1803,11.61,12.1,74043,0
GNOM.US,D,20220603,000000,11.95,12.13,11.875,12.04,68010,0
GNOM.US,D,20220606,000000,12.31,12.31,11.82,11.89,64817,0
GNOM.US,D,20220607,000000,11.73,12.36,11.73,12.35,101033,0
GNOM.US,D,20220608,000000,12.37,12.78,12.33,12.57,57352,0
GNOM.US,D,20220609,000000,12.45,12.452,12.05,12.06,95788,0
GNOM.US,D,20220610,000000,11.78,11.78,11.28,11.37,102116,0
GNOM.US,D,20220613,000000,11.07,11.07,10.565,10.66,130966,0
GNOM.US,D,20220614,000000,10.74,10.74,10.48,10.71,92468,0
GNOM.US,D,20220615,000000,10.76,11.21,10.74,11.12,199176,0
GNOM.US,D,20220616,000000,10.75,10.862,10.5101,10.81,85701,0
GNOM.US,D,20220617,000000,10.93,11.52,10.93,11.25,220347,0
GNOM.US,D,20220621,000000,11.44,11.8617,11.44,11.55,133543,0
GNOM.US,D,20220622,000000,11.34,11.9742,11.32,11.79,59950,0
GNOM.US,D,20220623,000000,11.81,12.62,11.81,12.59,195852,0
GNOM.US,D,20220624,000000,12.79,12.9088,12.4101,12.87,180657,0
GNOM.US,D,20220627,000000,12.86,12.93,12.49,12.71,63194,0
GNOM.US,D,20220628,000000,12.72,12.75,12.23,12.29,375739,0
GNOM.US,D,20220629,000000,12.24,12.42,12.04,12.35,134943,0
GNOM.US,D,20220630,000000,12.21,12.45,11.971,12.22,74927,0
GNOM.US,D,20220701,000000,12.27,12.63,12.2209,12.61,99516,0
GNOM.US,D,20220705,000000,12.47,13.45,12.43,13.45,146132,0
GNOM.US,D,20220706,000000,13.45,13.7806,13.36,13.48,130047,0
GNOM.US,D,20220707,000000,13.51,14.11,13.47,14.09,1053456,0
GNOM.US,D,20220708,000000,13.88,14.2642,13.8,14.09,93614,0
GNOM.US,D,20220711,000000,13.98,14.02,13.55,13.57,88018,0
GNOM.US,D,20220712,000000,13.6,13.83,13.17,13.77,99888,0
GNOM.US,D,20220713,000000,13.51,14.1987,13.41,14.06,115026,0
GNOM.US,D,20220714,000000,14.02,14.02,13.735,13.87,126015,0
GNOM.US,D,20220715,000000,13.99,14.09,13.64,14.09,82068,0
GNOM.US,D,20220718,000000,14.26,14.46,13.7,13.72,83489,0
GNOM.US,D,20220719,000000,13.85,14.26,13.6769,14.2502,112784,0
GNOM.US,D,20220720,000000,14.25,14.81,14.25,14.6,86843,0
GNOM.US,D,20220721,000000,14.56,14.77,14.5,14.66,73480,0
GNOM.US,D,20220722,000000,14.71,14.71,14.02,14.09,63582,0
GNOM.US,D,20220725,000000,14.05,14.09,13.8,14.04,59527,0
GNOM.US,D,20220726,000000,14,14.37,13.75,13.95,79624,0
GNOM.US,D,20220727,000000,14.1,14.46,13.895,14.4,85573,0
GNOM.US,D,20220728,000000,14.44,14.48,13.99,14.4,49400,0
GNOM.US,D,20220729,000000,14.41,14.41,14.09,14.24,52331,0
GNOM.US,D,20220801,000000,14.03,14.295,13.9,13.96,66511,0
GNOM.US,D,20220802,000000,13.87,14.4,13.87,14.22,138425,0
GNOM.US,D,20220803,000000,14.76,15.25,14.76,14.97,107719,0
GNOM.US,D,20220804,000000,14.86,15.4,14.8338,15.34,65769,0
GNOM.US,D,20220805,000000,15.11,15.63,15.09,15.6,67429,0
GNOM.US,D,20220808,000000,15.56,15.75,15.33,15.54,97371,0
GNOM.US,D,20220809,000000,15.44,15.44,14.8,15,145173,0
GNOM.US,D,20220810,000000,15.33,16.15,15.13,16.1,90405,0
GNOM.US,D,20220811,000000,16.14,16.75,15.66,15.73,173077,0
GNOM.US,D,20220812,000000,15.75,16.25,15.75,16.15,184510,0
GNOM.US,D,20220815,000000,16.13,16.3,16,16.28,138635,0
GNOM.US,D,20220816,000000,16.17,16.17,15.59,15.67,262853,0
GNOM.US,D,20220817,000000,15.49,15.53,15.099,15.14,129229,0
GNOM.US,D,20220818,000000,15.15,15.15,14.67,14.9,150126,0
GNOM.US,D,20220819,000000,14.64,14.75,14.3235,14.4,189960,0
GNOM.US,D,20220822,000000,14.18,14.38,14.002,14.08,98205,0
GNOM.US,D,20220823,000000,14.14,14.34,13.86,14.2849,57266,0
GNOM.US,D,20220824,000000,14.32,14.87,14.16,14.82,91089,0
GNOM.US,D,20220825,000000,14.98,15.03,14.76,15.03,58298,0
GNOM.US,D,20220826,000000,15.07,15.07,14.1301,14.15,69182,0
GNOM.US,D,20220829,000000,13.97,14.2,13.89,13.91,736497,0
GNOM.US,D,20220830,000000,13.98,14.08,13.61,13.79,208457,0
GNOM.US,D,20220831,000000,14.01,14.06,13.77,13.83,151067,0
GNOM.US,D,20220901,000000,13.76,14.02,13.52,14.01,81642,0
GNOM.US,D,20220902,000000,14.13,14.13,13.57,13.63,147168,0
GNOM.US,D,20220906,000000,13.62,13.67,13.315,13.34,105130,0
GNOM.US,D,20220907,000000,13.32,13.95,13.32,13.93,56409,0
GNOM.US,D,20220908,000000,13.8,14.34,13.78,14.318,46958,0
GNOM.US,D,20220909,000000,14.41,14.655,14.35,14.51,49805,0
GNOM.US,D,20220912,000000,14.51,14.61,14.3627,14.6,131086,0
GNOM.US,D,20220913,000000,14.06,14.06,13.6652,13.73,56997,0
GNOM.US,D,20220914,000000,13.74,13.97,13.61,13.91,37765,0
GNOM.US,D,20220915,000000,13.83,14.305,13.83,14.185,44592,0
GNOM.US,D,20220916,000000,14.01,14.01,13.44,13.64,211074,0
GNOM.US,D,20220919,000000,13.48,13.492,13.13,13.47,53064,0
GNOM.US,D,20220920,000000,13.28,13.54,13.28,13.38,45233,0
GNOM.US,D,20220921,000000,13.4,13.57,12.9,12.91,47752,0
GNOM.US,D,20220922,000000,12.82,12.82,12.48,12.57,51148,0
GNOM.US,D,20220923,000000,12.38,12.43,12.08,12.2302,65122,0
GNOM.US,D,20220926,000000,12.21,12.45,12.04,12.05,105732,0
GNOM.US,D,20220927,000000,12.3,12.5,12.2014,12.3,100431,0
GNOM.US,D,20220928,000000,12.47,12.92,12.47,12.85,44401,0
GNOM.US,D,20220929,000000,12.71,12.73,12.337,12.45,93646,0
GNOM.US,D,20220930,000000,12.46,12.98,12.46,12.55,57127,0
GNOM.US,D,20221003,000000,12.73,12.8,12.4,12.58,83605,0
GNOM.US,D,20221004,000000,12.84,13.21,12.84,13.21,122598,0
GNOM.US,D,20221005,000000,12.98,13.185,12.78,13.14,75159,0
GNOM.US,D,20221006,000000,13.09,13.27,13.03,13.23,84050,0
GNOM.US,D,20221007,000000,13,13,12.4701,12.51,155617,0
GNOM.US,D,20221010,000000,12.45,12.45,12.0512,12.19,92928,0
GNOM.US,D,20221011,000000,12.15,12.36,11.83,12.1149,150181,0
GNOM.US,D,20221012,000000,12.23,12.4331,12.09,12.36,44155,0
GNOM.US,D,20221013,000000,11.96,12.55,11.9,12.49,315429,0
GNOM.US,D,20221014,000000,12.69,12.81,12.11,12.15,147222,0
GNOM.US,D,20221017,000000,12.34,12.6486,12.34,12.595,55575,0
GNOM.US,D,20221018,000000,12.91,13,12.55,12.72,37255,0
GNOM.US,D,20221019,000000,12.58,12.58,12.055,12.12,51213,0
GNOM.US,D,20221020,000000,12.07,12.44,12.03,12.0769,51603,0
GNOM.US,D,20221021,000000,12.11,12.49,12.01,12.48,33353,0
GNOM.US,D,20221024,000000,12.49,12.49,12.12,12.27,43170,0
GNOM.US,D,20221025,000000,12.35,12.801,12.35,12.76,37795,0
GNOM.US,D,20221026,000000,12.77,13.4752,12.744,13.17,27020,0
GNOM.US,D,20221027,000000,13.16,13.17,12.79,12.82,800088,0
GNOM.US,D,20221028,000000,12.86,13.33,12.7667,13.33,42467,0
GNOM.US,D,20221031,000000,13.22,13.33,13.11,13.15,41057,0
GNOM.US,D,20221101,000000,13.36,13.41,13.16,13.27,25130,0
GNOM.US,D,20221102,000000,13.25,13.5542,12.96,12.97,26144,0
GNOM.US,D,20221103,000000,12.85,13.0601,12.6601,12.87,18011,0
GNOM.US,D,20221104,000000,13.08,13.08,12.45,12.71,60121,0
GNOM.US,D,20221107,000000,12.69,12.7,12.4,12.52,67169,0
GNOM.US,D,20221108,000000,12.53,12.87,12.42,12.68,39614,0
GNOM.US,D,20221109,000000,12.55,12.6269,12.1901,12.21,27490,0
GNOM.US,D,20221110,000000,12.85,13.3,12.85,13.28,72885,0
GNOM.US,D,20221111,000000,13.2,13.97,13.2,13.81,512718,0
GNOM.US,D,20221114,000000,13.76,13.84,13.54,13.56,36114,0
GNOM.US,D,20221115,000000,13.92,14.0602,13.53,13.72,44658,0
GNOM.US,D,20221116,000000,13.7,13.7,13.3401,13.42,29508,0
GNOM.US,D,20221117,000000,13.17,13.2,12.92,13.11,24073,0
GNOM.US,D,20221118,000000,13.295,13.295,12.98,13.02,19938,0
GNOM.US,D,20221121,000000,13.03,13.03,12.765,12.84,76731,0
GNOM.US,D,20221122,000000,12.85,12.955,12.622,12.94,59256,0
GNOM.US,D,20221123,000000,12.98,13.16,12.97,13.03,23524,0
GNOM.US,D,20221125,000000,13.05,13.05,12.9,13.04,13992,0
GNOM.US,D,20221128,000000,13.02,13.2,12.8035,12.88,71405,0
GNOM.US,D,20221129,000000,12.88,13.03,12.77,12.78,97598,0
GNOM.US,D,20221130,000000,12.94,13.5,12.875,13.5,56819,0
GNOM.US,D,20221201,000000,13.48,13.559,13.27,13.51,55425,0
GNOM.US,D,20221202,000000,13.27,13.71,13.19,13.7,76624,0
GNOM.US,D,20221205,000000,13.6,13.6,13.075,13.21,69669,0
GNOM.US,D,20221206,000000,13.22,13.22,12.82,12.93,274508,0
GNOM.US,D,20221207,000000,12.92,13.07,12.91,13,70165,0
GNOM.US,D,20221208,000000,13.13,13.23,12.9029,13.22,35301,0
GNOM.US,D,20221209,000000,13.2,13.2099,12.91,12.92,51369,0
GNOM.US,D,20221212,000000,12.91,13.18,12.81,13.18,56009,0
GNOM.US,D,20221213,000000,13.67,13.77,13.2336,13.44,416394,0
GNOM.US,D,20221214,000000,13.39,13.61,13.33,13.45,58862,0
GNOM.US,D,20221215,000000,13.2,13.3,13.07,13.0932,39153,0
GNOM.US,D,20221216,000000,12.96,13.09,12.81,13.07,32144,0
GNOM.US,D,20221219,000000,12.99,13.021,12.51,12.57,658453,0
GNOM.US,D,20221220,000000,12.5,12.792,12.5,12.74,537881,0
GNOM.US,D,20221221,000000,12.81,13.14,12.74,13.0203,66689,0
GNOM.US,D,20221222,000000,12.87,12.98,12.6416,12.98,92516,0
GNOM.US,D,20221223,000000,12.93,12.93,12.58,12.65,63927,0
GNOM.US,D,20221227,000000,12.6,12.6,12.255,12.29,106621,0
GNOM.US,D,20221228,000000,12.27,12.38,12.11,12.11,67544,0
GNOM.US,D,20221229,000000,12.28,12.77,12.28,12.67,114857,0
GNOM.US,D,20221230,000000,12.54,12.68,12.4,12.65,58462,0
GNOM.US,D,20230103,000000,12.87,12.9138,12.44,12.5191,71594,0
GNOM.US,D,20230104,000000,12.71,12.9,12.5817,12.8441,155991,0
GNOM.US,D,20230105,000000,12.7,12.8464,12.58,12.81,63264,0
GNOM.US,D,20230106,000000,12.92,12.92,12.51,12.79,60228,0
GNOM.US,D,20230109,000000,12.83,12.85,12.59,12.59,125641,0
GNOM.US,D,20230110,000000,12.59,12.97,12.59,12.97,70012,0
GNOM.US,D,20230111,000000,13.03,13.2572,12.9082,13.205,96679,0
GNOM.US,D,20230112,000000,13.24,13.39,12.885,13.37,46675,0
GNOM.US,D,20230113,000000,13.3,13.665,13.3,13.6,48264,0
GNOM.US,D,20230117,000000,13.53,13.6618,13.45,13.5596,35724,0
GNOM.US,D,20230118,000000,13.68,13.96,13.47,13.49,68129,0
GNOM.US,D,20230119,000000,13.41,13.41,13.08,13.12,48238,0
GNOM.US,D,20230120,000000,13.0648,13.4431,13.0648,13.43,56255,0
GNOM.US,D,20230123,000000,13.48,13.68,13.48,13.65,64518,0
GNOM.US,D,20230124,000000,13.56,13.74,13.5,13.61,66327,0
GNOM.US,D,20230125,000000,13.47,13.62,13.2782,13.62,54512,0
GNOM.US,D,20230126,000000,13.75,13.75,13.5322,13.71,46447,0
GNOM.US,D,20230127,000000,13.65,13.885,13.63,13.8298,64314,0
GNOM.US,D,20230130,000000,13.66,13.66,13.32,13.36,111962,0
GNOM.US,D,20230131,000000,13.37,13.58,13.33,13.58,167981,0
GNOM.US,D,20230201,000000,13.63,13.9307,13.38,13.8,24933,0
GNOM.US,D,20230202,000000,13.99,14.36,13.92,14.18,284700,0
GNOM.US,D,20230203,000000,13.93,14.147,13.82,13.88,63000,0
GNOM.US,D,20230206,000000,13.74,13.78,13.5617,13.61,43175,0
GNOM.US,D,20230207,000000,13.51,13.79,13.38,13.78,47216,0
GNOM.US,D,20230208,000000,13.73,13.74,13.31,13.3305,38063,0
GNOM.US,D,20230209,000000,13.46,13.5799,13.05,13.07,145715,0
GNOM.US,D,20230210,000000,13.04,13.05,12.89,12.99,30463,0
GNOM.US,D,20230213,000000,12.93,13.24,12.8545,13.22,78455,0
GNOM.US,D,20230214,000000,13.06,13.29,12.8701,13.14,53282,0
GNOM.US,D,20230215,000000,13.02,13.3,12.98,13.29,35739,0
GNOM.US,D,20230216,000000,13.17,13.419,13.01,13.17,39544,0
GNOM.US,D,20230217,000000,13.1,13.34,13.02,13.32,30702,0
GNOM.US,D,20230221,000000,13.13,13.13,12.61,12.61,65745,0
GNOM.US,D,20230222,000000,12.67,12.845,12.6018,12.77,563094,0
GNOM.US,D,20230223,000000,12.85,12.85,12.44,12.64,72822,0
GNOM.US,D,20230224,000000,12.41,12.51,12.36,12.38,36852,0
GNOM.US,D,20230227,000000,12.59,12.59,12.43,12.49,72460,0
GNOM.US,D,20230228,000000,12.45,12.702,12.45,12.63,184166,0
GNOM.US,D,20230301,000000,12.71,12.86,12.675,12.74,36499,0
GNOM.US,D,20230302,000000,12.67,12.96,12.66,12.95,68360,0
GNOM.US,D,20230303,000000,12.98,13.2599,12.96,13.21,39324,0
GNOM.US,D,20230306,000000,13.22,13.22,12.77,12.83,131118,0
GNOM.US,D,20230307,000000,12.77,12.8238,12.61,12.61,24654,0
GNOM.US,D,20230308,000000,12.6,12.662,12.5,12.58,29854,0
GNOM.US,D,20230309,000000,12.6,12.65,12.15,12.23,60806,0
GNOM.US,D,20230310,000000,12.18,12.18,11.5501,11.79,208305,0
GNOM.US,D,20230313,000000,11.7,12.32,11.7,12.14,45961,0
GNOM.US,D,20230314,000000,12.41,12.48,12.18,12.28,45720,0
GNOM.US,D,20230315,000000,12.14,12.27,12.06,12.27,40914,0
GNOM.US,D,20230316,000000,12.2,12.5,12.06,12.395,19315,0
GNOM.US,D,20230317,000000,12.17,12.17,11.86,11.9502,87856,0
GNOM.US,D,20230320,000000,11.98,12.035,11.86,11.985,38404,0
GNOM.US,D,20230321,000000,12.14,12.222,12.075,12.19,21542,0
GNOM.US,D,20230322,000000,12.18,12.2,11.83,11.83,57472,0
GNOM.US,D,20230323,000000,11.95,12.1383,11.72,11.83,36169,0
GNOM.US,D,20230324,000000,11.78,11.955,11.63,11.93,34938,0
GNOM.US,D,20230327,000000,12.02,12.09,11.905,11.95,58249,0
GNOM.US,D,20230328,000000,11.95,11.95,11.7201,11.73,75931,0
GNOM.US,D,20230329,000000,11.86,12.039,11.84,12.0018,154531,0
GNOM.US,D,20230330,000000,12.12,12.13,11.82,11.92,37421,0
GNOM.US,D,20230331,000000,12,12.32,11.95,12.32,28413,0
GNOM.US,D,20230403,000000,12.26,12.285,12.13,12.285,13110,0
GNOM.US,D,20230404,000000,12.32,12.32,12.0893,12.1542,42200,0
GNOM.US,D,20230405,000000,12.1,12.19,12.03,12.06,330603,0
GNOM.US,D,20230406,000000,12,12.28,12,12.2313,53424,0
GNOM.US,D,20230410,000000,12.17,12.2165,12.03,12.1339,41832,0
GNOM.US,D,20230411,000000,12.17,12.2885,12.1558,12.1828,1194536,0
GNOM.US,D,20230412,000000,12.36,12.38,12.15,12.17,62940,0
GNOM.US,D,20230413,000000,12.26,12.7,12.26,12.68,100746,0
GNOM.US,D,20230414,000000,12.58,12.71,12.44,12.53,59857,0
GNOM.US,D,20230417,000000,12.56,12.7351,12.53,12.66,73617,0
GNOM.US,D,20230418,000000,12.71,12.71,12.41,12.4883,98061,0
GNOM.US,D,20230419,000000,12.4,12.72,12.4,12.6596,56408,0
GNOM.US,D,20230420,000000,12.56,12.56,12.3629,12.39,111247,0
GNOM.US,D,20230421,000000,12.47,12.58,12.38,12.55,42502,0
GNOM.US,D,20230424,000000,12.54,12.594,12.362,12.4582,42199,0
GNOM.US,D,20230425,000000,12.4,12.44,12.064,12.0816,92950,0
GNOM.US,D,20230426,000000,12.1,12.1,11.94,11.99,57212,0
GNOM.US,D,20230427,000000,12.06,12.12,11.92,12.0426,60630,0
GNOM.US,D,20230428,000000,12.01,12.374,11.935,12.26,102128,0
GNOM.US,D,20230501,000000,12.27,12.3999,12.23,12.38,124278,0
GNOM.US,D,20230502,000000,12.34,12.34,12.0641,12.1,113006,0
GNOM.US,D,20230503,000000,12.13,12.5894,12.0001,12.43,68898,0
GNOM.US,D,20230504,000000,12.42,12.73,12.31,12.6933,108368,0
GNOM.US,D,20230505,000000,12.77,12.93,12.72,12.88,58543,0
GNOM.US,D,20230508,000000,12.9,12.9,12.63,12.73,72625,0
GNOM.US,D,20230509,000000,12.5,12.77,12.5,12.7407,29842,0
GNOM.US,D,20230510,000000,12.92,13,12.83,12.8506,56643,0
GNOM.US,D,20230511,000000,12.81,12.81,12.6,12.735,84378,0
GNOM.US,D,20230512,000000,12.74,12.75,12.5,12.5944,59473,0
GNOM.US,D,20230515,000000,12.74,13.12,12.69,13.07,105323,0
GNOM.US,D,20230516,000000,12.98,13.1135,12.6,12.67,40225,0
GNOM.US,D,20230517,000000,12.73,12.77,12.48,12.76,46852,0
GNOM.US,D,20230518,000000,12.69,12.727,12.4599,12.6975,40924,0
GNOM.US,D,20230519,000000,12.73,12.849,12.625,12.735,29838,0
GNOM.US,D,20230522,000000,12.74,13.0587,12.74,13,55561,0
GNOM.US,D,20230523,000000,13.01,13.33,13,13.05,45003,0
GNOM.US,D,20230524,000000,12.95,13.038,12.52,12.64,82665,0
GNOM.US,D,20230525,000000,12.7,12.7,12.21,12.32,29877,0
GNOM.US,D,20230526,000000,12.35,12.415,12.29,12.38,73764,0
GNOM.US,D,20230530,000000,12.4,12.5415,12.1725,12.2,37695,0
GNOM.US,D,20230531,000000,12.17,12.3049,12.0257,12.22,56614,0
GNOM.US,D,20230601,000000,12.26,12.455,12.145,12.4,42378,0
GNOM.US,D,20230602,000000,12.58,12.78,12.46,12.78,49718,0
GNOM.US,D,20230605,000000,12.71,12.7399,12.6353,12.68,27235,0
GNOM.US,D,20230606,000000,12.72,12.94,12.69,12.87,32686,0
GNOM.US,D,20230607,000000,12.91,12.96,12.7501,12.86,102407,0
GNOM.US,D,20230608,000000,12.83,12.83,12.6788,12.75,61520,0
GNOM.US,D,20230609,000000,12.84,12.84,12.64,12.66,23628,0
GNOM.US,D,20230612,000000,12.77,12.9,12.65,12.7559,25986,0
GNOM.US,D,20230613,000000,12.82,13.0799,12.82,13.02,16352,0
GNOM.US,D,20230614,000000,12.99,13.02,12.63,12.74,15107,0
GNOM.US,D,20230615,000000,12.74,12.9,12.7,12.9,22869,0
GNOM.US,D,20230616,000000,12.98,13,12.75,12.76,12005,0
GNOM.US,D,20230620,000000,12.65,12.7582,12.5001,12.69,32247,0
GNOM.US,D,20230621,000000,12.57,12.57,12.31,12.4191,20595,0
GNOM.US,D,20230622,000000,12.35,12.9424,12.29,12.375,60321,0
GNOM.US,D,20230623,000000,12.21,12.21,12.04,12.155,51526,0
GNOM.US,D,20230626,000000,12.16,12.18,12.09,12.09,24143,0
GNOM.US,D,20230627,000000,12.11,12.11,11.9232,12.01,23709,0
GNOM.US,D,20230628,000000,12,12.24,11.97,12.22,54073,0
GNOM.US,D,20230629,000000,12.25,12.25,12.0601,12.09,58215,0
GNOM.US,D,20230630,000000,12.25,12.28,12.11,12.12,24503,0
GNOM.US,D,20230703,000000,12.12,12.1603,12.045,12.1,20774,0
GNOM.US,D,20230705,000000,12.03,12.1,11.92,12.01,78383,0
GNOM.US,D,20230706,000000,11.97,11.97,11.69,11.79,38417,0
GNOM.US,D,20230707,000000,11.77,11.93,11.77,11.82,25987,0
GNOM.US,D,20230710,000000,11.82,12.28,11.82,12.2,34208,0
GNOM.US,D,20230711,000000,12.23,12.33,12.19,12.31,51318,0
GNOM.US,D,20230712,000000,12.5,12.53,12.365,12.445,25490,0
GNOM.US,D,20230713,000000,12.55,12.5786,12.46,12.48,60452,0
GNOM.US,D,20230714,000000,12.47,12.47,12.1646,12.26,282880,0
GNOM.US,D,20230717,000000,12.26,12.4439,12.2261,12.29,38572,0
GNOM.US,D,20230718,000000,12.33,12.44,12.2756,12.32,47187,0
GNOM.US,D,20230719,000000,12.35,12.57,12.35,12.4225,72912,0
GNOM.US,D,20230720,000000,12.41,12.41,12.23,12.25,24393,0
GNOM.US,D,20230721,000000,12.34,12.55,12.24,12.5,121873,0
GNOM.US,D,20230724,000000,12.48,12.5782,12.19,12.235,44871,0
GNOM.US,D,20230725,000000,12.21,12.2895,12.21,12.22,24168,0
GNOM.US,D,20230726,000000,12.18,12.3001,12.17,12.25,26208,0
GNOM.US,D,20230727,000000,12.35,12.36,12.015,12.04,48450,0
GNOM.US,D,20230728,000000,12.16,12.3361,12.16,12.3115,21422,0
GNOM.US,D,20230731,000000,12.32,12.365,12.2,12.27,42213,0
GNOM.US,D,20230801,000000,12.2,12.2,11.99,12.06,104377,0
GNOM.US,D,20230802,000000,11.95,11.95,11.76,11.84,49453,0
GNOM.US,D,20230803,000000,11.84,11.84,11.6803,11.69,29886,0
GNOM.US,D,20230804,000000,11.72,11.83,11.65,11.67,194575,0
GNOM.US,D,20230807,000000,11.67,11.67,11.26,11.32,66998,0
GNOM.US,D,20230808,000000,11.23,11.36,11.2,11.35,3372010,0
GNOM.US,D,20230809,000000,11.39,11.52,11.31,11.35,53173,0
GNOM.US,D,20230810,000000,11.42,11.52,11.2757,11.31,52619,0
GNOM.US,D,20230811,000000,11.27,11.3532,11.25,11.3,240862,0
GNOM.US,D,20230814,000000,11.27,11.32,11.1,11.32,54396,0
GNOM.US,D,20230815,000000,11.25,11.272,11.1718,11.2,36762,0
GNOM.US,D,20230816,000000,11.16,11.16,10.96,10.96,38944,0
GNOM.US,D,20230817,000000,10.98,10.98,10.8351,10.8499,53408,0
GNOM.US,D,20230818,000000,10.72,10.92,10.7007,10.8,83157,0
GNOM.US,D,20230821,000000,10.8,11.03,10.775,10.99,19635,0
GNOM.US,D,20230822,000000,11.03,11.055,10.919,11,39481,0
GNOM.US,D,20230823,000000,11.03,11.15,11.03,11.12,24527,0
GNOM.US,D,20230824,000000,11.16,11.16,10.95,10.97,469337,0
GNOM.US,D,20230825,000000,10.97,11.1099,10.9008,11.06,16460,0
GNOM.US,D,20230828,000000,11.09,11.16,10.9873,11.02,65176,0
GNOM.US,D,20230829,000000,11.01,11.27,11.004,11.24,41938,0
GNOM.US,D,20230830,000000,11.24,11.34,11.23,11.34,17951,0
GNOM.US,D,20230831,000000,11.36,11.36,11.22,11.23,110451,0
GNOM.US,D,20230901,000000,11.29,11.42,11.29,11.39,45554,0
GNOM.US,D,20230905,000000,11.34,11.34,11.1404,11.165,26424,0
GNOM.US,D,20230906,000000,11.15,11.17,11.04,11.17,18152,0
GNOM.US,D,20230907,000000,11.06,11.06,10.955,11.03,18351,0
GNOM.US,D,20230908,000000,11.03,11.03,10.85,10.9,56013,0
GNOM.US,D,20230911,000000,11,11.03,10.89,10.98,22620,0
GNOM.US,D,20230912,000000,10.96,11.05,10.93,10.99,16485,0
GNOM.US,D,20230913,000000,11.06,11.2,11.04,11.09,53436,0
GNOM.US,D,20230914,000000,11.04,11.09,10.97,11.03,13658,0
GNOM.US,D,20230915,000000,10.99,11.06,10.88,10.89,59730,0
GNOM.US,D,20230918,000000,10.88,10.88,10.61,10.62,60993,0
GNOM.US,D,20230919,000000,10.64,10.64,10.5072,10.58,34895,0
GNOM.US,D,20230920,000000,10.61,10.63,10.46,10.48,21214,0
GNOM.US,D,20230921,000000,10.38,10.38,10.211,10.31,4930439,0
GNOM.US,D,20230922,000000,10.31,10.31,10.16,10.18,155141,0
GNOM.US,D,20230925,000000,10.13,10.13,10.02,10.07,86736,0
GNOM.US,D,20230926,000000,10.07,10.185,10.07,10.08,123200,0
GNOM.US,D,20230927,000000,10.17,10.27,10.12,10.23,86890,0
GNOM.US,D,20230928,000000,10.22,10.2291,10.0417,10.18,215796,0
GNOM.US,D,20230929,000000,10.28,10.28,10.13,10.17,46119,0
GNOM.US,D,20231002,000000,10.13,10.13,9.86,9.91,76063,0
GNOM.US,D,20231003,000000,9.87,9.9199,9.78,9.87,82009,0
GNOM.US,D,20231004,000000,9.9,9.9,9.675,9.755,75169,0
GNOM.US,D,20231005,000000,9.72,9.9537,9.66,9.93,48798,0
GNOM.US,D,20231006,000000,9.86,10.02,9.81,9.93,38937,0
GNOM.US,D,20231009,000000,9.84,9.904,9.71,9.88,36165,0
GNOM.US,D,20231010,000000,9.88,10.154,9.88,10.14,54175,0
GNOM.US,D,20231011,000000,10.18,10.2,10,10.07,54995,0
GNOM.US,D,20231012,000000,10.08,10.08,9.63,9.65,96214,0
GNOM.US,D,20231013,000000,9.65,9.74,9.57,9.72,25676,0
GNOM.US,D,20231016,000000,9.72,9.8553,9.58,9.78,37910,0
GNOM.US,D,20231017,000000,9.69,9.92,9.68,9.79,47058,0
GNOM.US,D,20231018,000000,9.71,9.71,9.39,9.42,51340,0
GNOM.US,D,20231019,000000,9.4,9.4,9.2152,9.22,43377,0
GNOM.US,D,20231020,000000,9.16,9.29,9.15,9.17,108633,0
GNOM.US,D,20231023,000000,9.14,9.24,9.0101,9.16,37179,0
GNOM.US,D,20231024,000000,9.26,9.37,9.26,9.31,257537,0
GNOM.US,D,20231025,000000,9.23,9.23,8.99,8.99,71954,0
GNOM.US,D,20231026,000000,9,9.125,8.98,9.02,8730142,0
GNOM.US,D,20231027,000000,9.09,9.09,8.77,8.77,78100,0
GNOM.US,D,20231030,000000,8.87,8.9155,8.725,8.88,239524,0
GNOM.US,D,20231031,000000,8.73,8.9,8.63,8.85,281468,0
GNOM.US,D,20231101,000000,8.91,9.04,8.8,9.04,78136,0
GNOM.US,D,20231102,000000,9.1,9.26,9.1,9.23,27982,0
GNOM.US,D,20231103,000000,9.37,9.86,9.37,9.8,69402,0
GNOM.US,D,20231106,000000,9.93,9.93,9.6395,9.69,69120,0
GNOM.US,D,20231107,000000,9.75,10.0528,9.6901,10.05,133516,0
GNOM.US,D,20231108,000000,10.05,10.05,9.67,9.7,51578,0
GNOM.US,D,20231109,000000,9.8,9.8,9.37,9.4,42307,0
GNOM.US,D,20231110,000000,9.4,9.43,9.17,9.42,42372,0
GNOM.US,D,20231113,000000,9.34,9.35,9.07,9.34,80946,0
GNOM.US,D,20231114,000000,9.68,9.93,9.68,9.9278,44437,0
GNOM.US,D,20231115,000000,9.97,10.275,9.97,10.06,155729,0
GNOM.US,D,20231116,000000,10.06,10.06,9.84,9.9354,108475,0
GNOM.US,D,20231117,000000,10.02,10.32,10.02,10.32,71886,0
GNOM.US,D,20231120,000000,10.35,10.65,10.33,10.54,61690,0
GNOM.US,D,20231121,000000,10.52,10.52,10.3,10.3,111737,0
GNOM.US,D,20231122,000000,10.42,10.49,10.38,10.4548,49600,0
GNOM.US,D,20231124,000000,10.49,10.66,10.48,10.5541,23793,0
GNOM.US,D,20231127,000000,10.55,10.55,10.38,10.47,56342,0
GNOM.US,D,20231128,000000,10.45,10.525,10.35,10.525,89842,0
GNOM.US,D,20231129,000000,10.6,10.79,10.5404,10.58,34900,0
GNOM.US,D,20231130,000000,10.64,10.69,10.39,10.4157,53577,0
GNOM.US,D,20231201,000000,10.42,10.71,10.22,10.7,120150,0
GNOM.US,D,20231204,000000,10.68,10.86,10.61,10.81,158290,0
GNOM.US,D,20231205,000000,10.76,10.76,10.61,10.65,42202,0
GNOM.US,D,20231206,000000,10.71,10.92,10.65,10.73,74074,0
GNOM.US,D,20231207,000000,10.8,10.81,10.66,10.8096,42460,0
GNOM.US,D,20231208,000000,10.8,10.98,10.58,10.58,114311,0
GNOM.US,D,20231211,000000,10.57,10.57,10.395,10.53,54459,0
GNOM.US,D,20231212,000000,10.408,10.6,10.34,10.5381,144936,0
GNOM.US,D,20231213,000000,10.59,11.11,10.48,11.0969,93452,0
GNOM.US,D,20231214,000000,11.36,11.66,11.36,11.5068,148337,0
GNOM.US,D,20231215,000000,11.58,11.63,11.27,11.33,603008,0
GNOM.US,D,20231218,000000,11.34,11.405,11.17,11.2498,66911,0
GNOM.US,D,20231219,000000,11.33,11.68,11.33,11.65,85460,0
GNOM.US,D,20231220,000000,11.61,11.6101,11.12,11.132,81181,0
GNOM.US,D,20231221,000000,11.3,11.46,11.26,11.3738,62855,0
GNOM.US,D,20231222,000000,11.47,11.72,11.4,11.6,65596,0
GNOM.US,D,20231226,000000,11.59,11.79,11.59,11.75,70239,0
GNOM.US,D,20231227,000000,11.74,11.87,11.67,11.7717,68811,0
GNOM.US,D,20231228,000000,11.8,11.89,11.7,11.77,76628,0
GNOM.US,D,20231229,000000,11.74,11.7699,11.55,11.5581,50206,0
GNOM.US,D,20240102,000000,11.5,11.8647,11.48,11.68,63841,0
GNOM.US,D,20240103,000000,11.58,11.67,11.22,11.285,116521,0
GNOM.US,D,20240104,000000,11.28,11.37,11.25,11.33,37325,0
GNOM.US,D,20240105,000000,11.22,11.37,11.03,11.32,41618,0
GNOM.US,D,20240108,000000,11.26,11.69,11.13,11.69,36275,0
GNOM.US,D,20240109,000000,11.62,11.7283,11.5,11.64,29792,0
GNOM.US,D,20240110,000000,11.62,11.64,11.5,11.62,55281,0
GNOM.US,D,20240111,000000,11.56,11.56,11.37,11.47,20714,0
GNOM.US,D,20240112,000000,11.53,11.58,11.3203,11.34,24075,0
GNOM.US,D,20240116,000000,11.22,11.22,11.06,11.14,46190,0
GNOM.US,D,20240117,000000,11.01,11.01,10.84,10.9421,45386,0
GNOM.US,D,20240118,000000,11,11.0099,10.75,10.87,32381,0
GNOM.US,D,20240119,000000,10.83,10.88,10.74,10.85,41709,0
GNOM.US,D,20240122,000000,10.89,11.15,10.86,11.05,72036,0
GNOM.US,D,20240123,000000,11.1,11.14,10.96,11.11,33369,0
GNOM.US,D,20240124,000000,11.25,11.25,10.94,10.94,31537,0
GNOM.US,D,20240125,000000,11.07,11.1,10.9502,11.02,25908,0
GNOM.US,D,20240126,000000,11.05,11.14,10.89,10.89,34594,0
GNOM.US,D,20240129,000000,10.9,11.2401,10.78,11.23,33210,0
GNOM.US,D,20240130,000000,11.16,11.18,10.98,10.98,64127,0
GNOM.US,D,20240131,000000,10.93,11.08,10.74,10.75,34648,0
GNOM.US,D,20240201,000000,10.84,10.9999,10.7001,10.95,31264,0
GNOM.US,D,20240202,000000,10.81,10.8422,10.59,10.79,73278,0
GNOM.US,D,20240205,000000,10.68,10.86,10.59,10.8,114134,0
GNOM.US,D,20240206,000000,10.82,11.18,10.78,11.18,56832,0
GNOM.US,D,20240207,000000,11.12,11.12,10.92,10.99,55710,0
GNOM.US,D,20240208,000000,10.97,11.161,10.935,11.1,22045,0
GNOM.US,D,20240209,000000,11.17,11.25,11.1093,11.21,52213,0
GNOM.US,D,20240212,000000,11.22,11.51,11.22,11.51,52341,0
GNOM.US,D,20240213,000000,11.1,11.155,10.8101,10.89,86590,0
GNOM.US,D,20240214,000000,11.03,11.26,11,11.25,28320,0
GNOM.US,D,20240215,000000,11.31,11.53,11.31,11.44,48170,0
GNOM.US,D,20240216,000000,11.36,11.56,11.36,11.43,53860,0
GNOM.US,D,20240220,000000,11.32,11.43,11.16,11.26,55831,0
GNOM.US,D,20240221,000000,11.25,11.28,11.1,11.27,39893,0
GNOM.US,D,20240222,000000,11.27,11.571,11.27,11.46,26162,0
GNOM.US,D,20240223,000000,11.47,11.5499,11.41,11.46,22753,0
GNOM.US,D,20240226,000000,11.42,11.7,11.42,11.7,38771,0
GNOM.US,D,20240227,000000,11.84,12.27,11.77,12.23,143602,0
GNOM.US,D,20240228,000000,12.17,12.34,12.145,12.22,127366,0
GNOM.US,D,20240229,000000,12.43,12.5338,11.98,11.98,129220,0
GNOM.US,D,20240301,000000,12.07,12.44,12.051,12.29,78679,0
GNOM.US,D,20240304,000000,12.4,12.4,11.95,12.07,115811,0
GNOM.US,D,20240305,000000,12.05,12.077,11.82,11.89,157267,0
GNOM.US,D,20240306,000000,11.99,12,11.87,11.95,73057,0
GNOM.US,D,20240307,000000,12,12.1099,11.87,11.92,452135,0
GNOM.US,D,20240308,000000,12,12.2,11.816,11.91,49095,0
GNOM.US,D,20240311,000000,11.92,12.1,11.82,11.84,327940,0
GNOM.US,D,20240312,000000,11.84,11.84,11.59,11.62,43086,0
GNOM.US,D,20240313,000000,11.62,11.84,11.6,11.76,325001,0
GNOM.US,D,20240314,000000,11.71,11.71,11.27,11.37,28281,0
GNOM.US,D,20240315,000000,11.37,11.51,11.37,11.47,54781,0
GNOM.US,D,20240318,000000,11.5,11.5,11.35,11.35,22156,0
GNOM.US,D,20240319,000000,11.31,11.4297,11.29,11.39,19214,0
GNOM.US,D,20240320,000000,11.36,11.525,11.23,11.45,31175,0
GNOM.US,D,20240321,000000,11.56,11.7,11.46,11.46,30024,0
GNOM.US,D,20240322,000000,11.47,11.47,11.26,11.32,60790,0
GNOM.US,D,20240325,000000,11.34,11.39,11.25,11.29,251013,0
GNOM.US,D,20240326,000000,11.34,11.39,11.2,11.2,30400,0
GNOM.US,D,20240327,000000,11.34,11.43,11.13,11.43,26636,0
GNOM.US,D,20240328,000000,11.48,11.48,11.345,11.38,42576,0
GNOM.US,D,20240401,000000,11.42,11.42,11.18,11.36,50145,0
GNOM.US,D,20240402,000000,11.16,11.16,10.92,10.95,69798,0
GNOM.US,D,20240403,000000,10.9,10.99,10.82,10.9206,49749,0
GNOM.US,D,20240404,000000,11.04,11.09,10.77,10.77,45541,0
GNOM.US,D,20240405,000000,10.77,10.94,10.6601,10.87,43346,0
GNOM.US,D,20240408,000000,10.89,10.92,10.81,10.87,30365,0
GNOM.US,D,20240409,000000,10.96,11.18,10.96,11.18,44206,0
GNOM.US,D,20240410,000000,10.84,10.8798,10.75,10.84,120885,0
GNOM.US,D,20240411,000000,10.9,10.97,10.7766,10.88,85160,0
GNOM.US,D,20240412,000000,10.81,10.86,10.51,10.55,29348,0
GNOM.US,D,20240415,000000,10.57,10.57,10.1945,10.25,69680,0
GNOM.US,D,20240416,000000,10.15,10.15,10,10,51601,0
GNOM.US,D,20240417,000000,10.06,10.06,9.8802,9.8881,36845,0
GNOM.US,D,20240418,000000,9.88,9.9,9.7601,9.7805,26364,0
GNOM.US,D,20240419,000000,9.74,9.82,9.575,9.67,62864,0
GNOM.US,D,20240422,000000,9.75,9.9801,9.73,9.89,89024,0
GNOM.US,D,20240423,000000,9.95,10.18,9.94,10.0254,64550,0
GNOM.US,D,20240424,000000,10.03,10.0581,9.885,9.94,189368,0
GNOM.US,D,20240425,000000,9.79,9.79,9.57,9.6902,37073,0
GNOM.US,D,20240426,000000,9.73,9.85,9.65,9.8,49547,0
GNOM.US,D,20240429,000000,9.87,10.1,9.87,10,29279,0
GNOM.US,D,20240430,000000,9.93,10,9.84,9.85,33421,0
GNOM.US,D,20240501,000000,9.85,10.34,9.85,10.11,38380,0
GNOM.US,D,20240502,000000,10.28,10.35,10.14,10.32,63288,0
GNOM.US,D,20240503,000000,10.49,10.63,10.4101,10.42,89350,0
GNOM.US,D,20240506,000000,10.52,10.52,10.37,10.47,49903,0
GNOM.US,D,20240507,000000,10.51,10.51,10.325,10.4,61364,0
GNOM.US,D,20240508,000000,10.37,10.39,10.23,10.32,69112,0
GNOM.US,D,20240509,000000,10.35,10.45,10.31,10.44,53117,0
GNOM.US,D,20240510,000000,10.58,10.605,10.39,10.42,36370,0
GNOM.US,D,20240513,000000,10.49,10.72,10.49,10.605,69522,0
GNOM.US,D,20240514,000000,10.74,10.92,10.74,10.81,67970,0
GNOM.US,D,20240515,000000,10.94,11,10.871,10.92,50479,0
GNOM.US,D,20240516,000000,10.93,10.93,10.8003,10.92,58430,0
GNOM.US,D,20240517,000000,10.87,10.9,10.7867,10.85,38772,0
GNOM.US,D,20240520,000000,10.81,10.87,10.76,10.79,34624,0
GNOM.US,D,20240521,000000,10.75,10.78,10.66,10.69,43806,0
GNOM.US,D,20240522,000000,10.62,10.91,10.62,10.83,26885,0
GNOM.US,D,20240523,000000,10.85,10.85,10.5,10.55,92511,0
GNOM.US,D,20240524,000000,10.57,10.615,10.53,10.5554,29469,0
GNOM.US,D,20240528,000000,10.56,10.57,10.26,10.32,69001,0
GNOM.US,D,20240529,000000,10.18,10.18,10.06,10.14,33086,0
GNOM.US,D,20240530,000000,10.14,10.22,10.1,10.21,41561,0
GNOM.US,D,20240531,000000,10.25,10.3714,10.12,10.15,61133,0
GNOM.US,D,20240603,000000,10.18,10.4,10.13,10.29,68066,0
GNOM.US,D,20240604,000000,10.29,10.41,10.22,10.2864,50073,0
GNOM.US,D,20240605,000000,10.36,10.57,10.24,10.56,48307,0
GNOM.US,D,20240606,000000,10.57,10.58,10.49,10.5,33824,0
GNOM.US,D,20240607,000000,10.41,10.47,10.36,10.42,48998,0
GNOM.US,D,20240610,000000,10.31,10.4403,10.21,10.42,42941,0
GNOM.US,D,20240611,000000,10.34,10.53,10.27,10.5,76574,0
GNOM.US,D,20240612,000000,10.77,10.94,10.76,10.83,40399,0
GNOM.US,D,20240613,000000,10.8,10.87,10.68,10.7,59612,0
GNOM.US,D,20240614,000000,10.59,10.66,10.43,10.46,63116,0
GNOM.US,D,20240617,000000,10.41,10.45,10.34,10.3601,30751,0
GNOM.US,D,20240618,000000,10.35,10.35,10.15,10.17,71543,0
GNOM.US,D,20240620,000000,10.11,10.23,10.02,10.15,126301,0
GNOM.US,D,20240621,000000,10.33,10.48,10.33,10.4,68370,0
GNOM.US,D,20240624,000000,10.63,10.8799,10.63,10.8,52271,0
GNOM.US,D,20240625,000000,10.75,10.79,10.69,10.69,27882,0
GNOM.US,D,20240626,000000,10.67,10.67,10.5,10.546,98066,0
GNOM.US,D,20240627,000000,10.53,10.5758,10.43,10.5168,63927,0
GNOM.US,D,20240628,000000,10.54,10.54,10.3489,10.44,28120,0
GNOM.US,D,20240701,000000,10.45,10.63,10.34,10.41,66807,0
GNOM.US,D,20240702,000000,10.4,10.4,10.29,10.32,75910,0
GNOM.US,D,20240703,000000,10.38,10.46,10.32,10.3438,24891,0
GNOM.US,D,20240705,000000,10.32,10.4099,10.23,10.405,44582,0
GNOM.US,D,20240708,000000,10.45,10.5183,10.3901,10.43,40177,0
GNOM.US,D,20240709,000000,10.45,10.48,10.36,10.48,54600,0
GNOM.US,D,20240710,000000,10.48,10.63,10.47,10.62,59891,0
GNOM.US,D,20240711,000000,10.78,11.14,10.78,11.04,68086,0
GNOM.US,D,20240712,000000,11.19,11.325,11.125,11.27,46690,0
GNOM.US,D,20240715,000000,11.39,11.41,11.26,11.37,93174,0
GNOM.US,D,20240716,000000,11.44,11.83,11.4,11.7952,51888,0
GNOM.US,D,20240717,000000,11.67,11.83,11.5,11.6,162427,0
GNOM.US,D,20240718,000000,11.57,11.7,11.18,11.23,81125,0
GNOM.US,D,20240719,000000,11.25,11.26,11.13,11.1877,19468,0
GNOM.US,D,20240722,000000,11.28,11.46,11.2166,11.46,32420,0
GNOM.US,D,20240723,000000,11.42,11.61,11.41,11.5595,58506,0
GNOM.US,D,20240724,000000,11.48,11.62,11.46,11.485,20680,0
GNOM.US,D,20240725,000000,11.48,11.86,11.44,11.61,49967,0
GNOM.US,D,20240726,000000,11.68,11.88,11.64,11.72,54067,0
GNOM.US,D,20240729,000000,11.75,11.75,11.56,11.63,41555,0
GNOM.US,D,20240730,000000,11.66,11.755,11.51,11.57,23580,0
GNOM.US,D,20240731,000000,11.66,11.86,11.51,11.63,40886,0
GNOM.US,D,20240801,000000,11.63,11.69,11.37,11.39,40848,0
GNOM.US,D,20240802,000000,11.12,11.2,10.898,11.08,90051,0
GNOM.US,D,20240805,000000,10.5,10.87,10.4,10.75,101916,0
GNOM.US,D,20240806,000000,10.89,11.11,10.75,10.96,47281,0
GNOM.US,D,20240807,000000,11.2,11.2,10.76,10.81,84444,0
GNOM.US,D,20240808,000000,10.84,11.12,10.8,11.1,56909,0
GNOM.US,D,20240809,000000,11.25,11.25,11.0489,11.1,48188,0
GNOM.US,D,20240812,000000,11.08,11.08,10.9,11.01,183542,0
GNOM.US,D,20240813,000000,11.1,11.25,11.07,11.24,23336,0
GNOM.US,D,20240814,000000,11.23,11.28,10.965,10.98,45238,0
GNOM.US,D,20240815,000000,11.12,11.33,11.12,11.297,95977,0
GNOM.US,D,20240816,000000,11.28,11.38,11.22,11.37,59242,0
GNOM.US,D,20240819,000000,11.4,11.6,11.36,11.58,70135,0
GNOM.US,D,20240820,000000,11.57,11.6094,11.46,11.49,55145,0
GNOM.US,D,20240821,000000,11.52,11.67,11.48,11.65,54628,0
GNOM.US,D,20240822,000000,11.64,11.67,11.34,11.34,59934,0
GNOM.US,D,20240823,000000,11.45,11.61,11.38,11.55,43648,0
GNOM.US,D,20240826,000000,11.59,11.6,11.47,11.52,30392,0
GNOM.US,D,20240827,000000,11.45,11.48,11.315,11.48,39938,0
GNOM.US,D,20240828,000000,11.42,11.5,11.313,11.4,24137,0
GNOM.US,D,20240829,000000,11.44,11.6037,11.41,11.49,11339,0
GNOM.US,D,20240830,000000,11.46,11.5,11.2799,11.38,47966,0
GNOM.US,D,20240903,000000,11.33,11.41,11.03,11.07,142414,0
GNOM.US,D,20240904,000000,11,11.09,10.91,10.97,21698,0
GNOM.US,D,20240905,000000,10.98,11.03,10.88,10.98,35803,0
GNOM.US,D,20240906,000000,10.96,11.03,10.59,10.68,25114,0
GNOM.US,D,20240909,000000,10.71,10.88,10.71,10.84,14024,0
GNOM.US,D,20240910,000000,10.83,10.9391,10.77,10.92,10174,0
GNOM.US,D,20240911,000000,10.91,10.98,10.76,10.98,14386,0
GNOM.US,D,20240912,000000,10.94,11.06,10.81,11,14447,0
GNOM.US,D,20240913,000000,11.05,11.3406,11.05,11.3406,15623,0
GNOM.US,D,20240916,000000,11.35,11.36,11.235,11.25,30237,0
GNOM.US,D,20240917,000000,11.36,11.53,11.35,11.44,71614,0
GNOM.US,D,20240918,000000,11.42,11.65,11.35,11.35,12195,0
GNOM.US,D,20240919,000000,11.62,11.678962,11.52,11.56,46029,0
GNOM.US,D,20240920,000000,11.54,11.54,11.27,11.32,22570,0
GNOM.US,D,20240923,000000,11.33,11.33,11.06,11.06,21006,0
GNOM.US,D,20240924,000000,11.1,11.14,11,11.0559,68090,0
GNOM.US,D,20240925,000000,11.05,11.08,10.84,10.86,94483,0
GNOM.US,D,20240926,000000,11.04,11.13,10.87,11.02,121447,0
GNOM.US,D,20240927,000000,11.1,11.23,11.09,11.149,110038,0
GNOM.US,D,20240930,000000,11.14,11.29,11.13,11.25,25806,0
GNOM.US,D,20241001,000000,11.27,11.27,10.94,11.12,75292,0
GNOM.US,D,20241002,000000,11.05,11.11,10.94,11.1,34922,0
GNOM.US,D,20241003,000000,11.03,11.03,10.83,10.86,47188,0
GNOM.US,D,20241004,000000,11,11.02,10.935,11.02,25375,0
GNOM.US,D,20241007,000000,10.99,10.99,10.83,10.88,24169,0
GNOM.US,D,20241008,000000,10.86,10.96,10.85,10.9,37044,0
GNOM.US,D,20241009,000000,10.88,10.89,10.74,10.7796,95358,0
GNOM.US,D,20241010,000000,10.67,10.725,10.59,10.7,54116,0
GNOM.US,D,20241011,000000,10.69,11,10.69,10.986,31381,0
GNOM.US,D,20241014,000000,11,11.13,10.88,11.13,50867,0
GNOM.US,D,20241015,000000,11.12,11.12,10.9699,10.98,27020,0
GNOM.US,D,20241016,000000,11.02,11.12,11,11.12,12081,0
GNOM.US,D,20241017,000000,11.12,11.12,10.9,10.9,32890,0
GNOM.US,D,20241018,000000,10.95,11,10.9,10.975,23819,0
GNOM.US,D,20241021,000000,10.97,10.97,10.71,10.77,21334,0
GNOM.US,D,20241022,000000,10.73,10.8,10.71,10.8,39881,0
GNOM.US,D,20241023,000000,10.76,10.79,10.57,10.64,30652,0
GNOM.US,D,20241024,000000,10.64,10.655,10.5,10.51,25585,0
GNOM.US,D,20241025,000000,10.58,10.6299,10.49,10.49,23481,0
GNOM.US,D,20241028,000000,10.56,10.73,10.56,10.653,18786,0
GNOM.US,D,20241029,000000,10.63,10.63,10.55,10.5978,17353,0
GNOM.US,D,20241030,000000,10.56,10.698,10.56,10.5773,31581,0
GNOM.US,D,20241031,000000,10.53,10.55,10.3755,10.38,39010,0
GNOM.US,D,20241101,000000,10.42,10.51,10.37,10.51,28818,0
GNOM.US,D,20241104,000000,10.51,10.65,10.39,10.63,39385,0
