<TICKER>,<PER>,<DATE>,<TIME>,<OPEN>,<HIGH>,<LOW>,<CLOSE>,<VOL>,<OPENINT>
GXTG.US,D,20191105,000000,25.5318,25.5318,25.3271,25.3271,2551.4086955448,0
GXTG.US,D,20191106,000000,25.1404,25.1404,25.1404,25.1404,166.2220735716,0
GXTG.US,D,20191107,000000,25.4799,25.5109,25.435,25.5109,939.2548494588,0
GXTG.US,D,20191108,000000,25.3671,25.3671,25.3671,25.3671,452.6046822552,0
GXTG.US,D,20191111,000000,25.3101,25.396,25.3101,25.396,3436.5913042032,0
GXTG.US,D,20191112,000000,25.393,25.393,25.2053,25.2392,2344.1317724766,0
GXTG.US,D,20191118,000000,25.5518,25.5518,25.5169,25.5169,1317.7605350616,0
GXTG.US,D,20191119,000000,25.444,25.4789,25.3671,25.4789,4133.5224078528,0
GXTG.US,D,20191120,000000,25.4639,25.4639,25.3331,25.3331,2150.8735785048,0
GXTG.US,D,20191125,000000,25.7456,25.8344,25.7456,25.8344,1062.4193979486,0
GXTG.US,D,20191126,000000,25.8444,25.9053,25.8444,25.9053,530.709030078,0
GXTG.US,D,20191127,000000,26.0571,26.0581,26.0212,26.0212,320.428093632,0
GXTG.US,D,20191129,000000,26.0102,26.0102,26.0102,26.0102,448.5993310848,0
GXTG.US,D,20191202,000000,25.5998,25.5998,25.5668,25.5808,1127.5063544676,0
GXTG.US,D,20191203,000000,25.4539,25.5119,25.4539,25.5119,1641.1926420714,0
GXTG.US,D,20191204,000000,25.7855,25.7855,25.6766,25.6766,575.769230745,0
GXTG.US,D,20191205,000000,25.7256,25.7256,25.7256,25.7256,181.2421404606,0
GXTG.US,D,20191209,000000,25.8924,26.126,25.7266,25.7266,6092.1391301784,0
GXTG.US,D,20191210,000000,25.8145,25.8145,25.7026,25.7026,2118.8307691416,0
GXTG.US,D,20191211,000000,26.946,26.946,25.6577,25.7935,942.2588628366,0
GXTG.US,D,20191212,000000,26.0002,26.0821,26.0002,26.0821,321.4294314246,0
GXTG.US,D,20191213,000000,26.146,26.2249,26.146,26.178,3418.5672239364,0
GXTG.US,D,20191216,000000,26.4007,26.4007,26.3767,26.3767,574.7678929524,0
GXTG.US,D,20191217,000000,26.4217,26.4656,26.4217,26.4336,455.608695633,0
GXTG.US,D,20191218,000000,26.4606,26.4676,26.4286,26.4286,12321.461537943,0
GXTG.US,D,20191219,000000,26.5954,26.6154,26.5515,26.5515,1178.5745818902,0
GXTG.US,D,20191220,000000,26.6643,26.6643,26.6054,26.6434,1281.712374528,0
GXTG.US,D,20191223,000000,26.6873,26.7622,26.6843,26.7163,1699.2702340422,0
GXTG.US,D,20191224,000000,26.7522,26.7522,26.6593,26.7143,570.762541782,0
GXTG.US,D,20191227,000000,26.8581,26.9659,26.8581,26.882,2995.0013376666,0
GXTG.US,D,20191230,000000,26.946,26.946,26.946,26.946,288.3852842688,0
GXTG.US,D,20191231,000000,26.6533,26.7063,26.6533,26.7063,224.2996655424,0
GXTG.US,D,20200102,000000,27.0928,27.1856,27.0928,27.1856,242.3237458092,0
GXTG.US,D,20200103,000000,26.9669,27.0049,26.9659,26.9659,699.9351170274,0
GXTG.US,D,20200106,000000,26.7622,26.9669,26.7622,26.9669,575.769230745,0
GXTG.US,D,20200107,000000,27.1427,27.2116,27.0848,27.1517,2055.7464882078,0
GXTG.US,D,20200109,000000,27.4213,27.4653,27.4213,27.4373,5301.0822740244,0
GXTG.US,D,20200114,000000,27.9117,27.9696,27.9097,27.9097,336.4494983136,0
GXTG.US,D,20200115,000000,28.0625,28.0714,27.9306,27.9306,4910.5605349104,0
GXTG.US,D,20200116,000000,28.1104,28.1553,28.1104,28.1553,110.147157186,0
GXTG.US,D,20200117,000000,28.1993,28.2282,28.1993,28.2282,2953.94648817,0
GXTG.US,D,20200121,000000,28.0724,28.1014,28.0335,28.0525,11524.396655033,0
GXTG.US,D,20200122,000000,28.2143,28.2862,28.1104,28.1104,3354.48160521,0
GXTG.US,D,20200123,000000,27.9736,28.0824,27.9736,28.0824,698.9337792348,0
GXTG.US,D,20200124,000000,28.2762,28.2762,27.7748,27.7748,1354.8100333878,0
GXTG.US,D,20200127,000000,27.1227,27.1886,26.877,27.1447,5021.709029889,0
GXTG.US,D,20200129,000000,27.67,27.67,27.5861,27.5861,2045.7331102818,0
GXTG.US,D,20200130,000000,27.3864,27.3864,27.0948,27.2695,1900.5391303548,0
GXTG.US,D,20200131,000000,26.9559,26.9559,26.8411,26.8411,786.050167191,0
GXTG.US,D,20200203,000000,27.2406,27.2785,27.2406,27.2585,599.8013377674,0
GXTG.US,D,20200205,000000,28.2113,28.2113,28.0135,28.0135,5707.62541782,0
GXTG.US,D,20200206,000000,28.2682,28.2682,28.1493,28.2033,5920.9103676438,0
GXTG.US,D,20200207,000000,27.9936,28.0145,27.8567,27.8697,1129.5090300528,0
GXTG.US,D,20200210,000000,27.8567,28.5977,27.8368,28.0774,3471.6381269442,0
GXTG.US,D,20200211,000000,28.374,28.428,28.3641,28.374,1695.2648828718,0
GXTG.US,D,20200212,000000,28.6986,28.7276,28.6297,28.7276,7298.7511702614,0
GXTG.US,D,20200213,000000,28.6197,28.6627,28.6197,28.6587,1573.1016721746,0
GXTG.US,D,20200214,000000,28.7366,28.7366,28.7086,28.7086,76832.648826198,0
GXTG.US,D,20200218,000000,28.7366,28.7366,28.5708,28.6587,76963.824077029,0
GXTG.US,D,20200219,000000,28.9822,29.0122,28.8734,28.9623,5765.7030097908,0
GXTG.US,D,20200220,000000,29.139,29.159,28.7186,28.9643,37605.240801093,0
GXTG.US,D,20200221,000000,28.5328,28.5518,28.4829,28.5019,1769.3638795242,0
GXTG.US,D,20200224,000000,27.4263,27.4553,27.3674,27.3804,1817.428093569,0
GXTG.US,D,20200225,000000,27.2985,27.2985,26.7812,26.7812,600.80267556,0
GXTG.US,D,20200226,000000,26.926,26.926,26.7123,26.7123,971.297658822,0
GXTG.US,D,20200227,000000,25.9972,26.3897,25.5958,25.7156,4280.719063365,0
GXTG.US,D,20200228,000000,24.7159,25.5278,24.7159,25.4929,2718.632106909,0
GXTG.US,D,20200302,000000,25.382,26.2409,25.382,26.2409,4144.5371235714,0
GXTG.US,D,20200303,000000,26.2209,26.7712,25.4979,25.7226,5873.8474913916,0
GXTG.US,D,20200304,000000,26.0362,26.5555,26.0362,26.5265,8213.9739126978,0
GXTG.US,D,20200305,000000,26.1241,26.2519,25.7426,25.9443,2852.8113711174,0
GXTG.US,D,20200306,000000,25.2732,25.6257,25.0415,25.421,2001.6742474074,0
GXTG.US,D,20200309,000000,19.3531,24.0858,19.3531,23.6204,4498.0093643592,0
GXTG.US,D,20200310,000000,24.0219,24.4613,23.6783,24.4613,7512.0361200852,0
GXTG.US,D,20200311,000000,23.4926,23.5815,23.0482,23.3178,1941.5939798514,0
GXTG.US,D,20200312,000000,21.1537,21.5162,21.0658,21.0808,2888.859531651,0
GXTG.US,D,20200313,000000,21.0858,22.2303,21.0858,22.1963,2195.9337791718,0
GXTG.US,D,20200316,000000,20.6454,20.6554,19.4919,19.4919,2855.8153844952,0
GXTG.US,D,20200317,000000,19.5029,20.2948,19.5029,20.2948,821.096989932,0
GXTG.US,D,20200318,000000,19.5978,19.5978,17.8771,18.723,2449.2722406996,0
GXTG.US,D,20200319,000000,19.0905,19.3841,19.0905,19.3841,396.5297658696,0
GXTG.US,D,20200320,000000,20.0871,20.0871,18.9806,18.9806,3209.287625283,0
GXTG.US,D,20200323,000000,18.8658,18.8658,18.5901,18.5901,2124.8387958972,0
GXTG.US,D,20200324,000000,20.3228,20.5984,20.1071,20.5984,917.2254180216,0
GXTG.US,D,20200325,000000,21.0269,21.8677,21.0239,21.2336,941.257525044,0
GXTG.US,D,20200326,000000,21.654,22.2203,21.654,22.0924,760.0153845834,0
GXTG.US,D,20200327,000000,21.5562,21.6041,21.5562,21.6041,457.6113712182,0
GXTG.US,D,20200331,000000,21.9656,21.9656,21.5811,21.5811,911.217391266,0
GXTG.US,D,20200401,000000,21.0079,21.1257,20.6614,20.6614,925.2361203624,0
GXTG.US,D,20200402,000000,20.8901,20.8901,20.8901,20.8901,349.4668896174,0
GXTG.US,D,20200403,000000,21.0139,21.0139,20.5285,20.6274,694.9284280644,0
GXTG.US,D,20200406,000000,21.7908,22.1154,21.7908,22.1154,1468.9625417442,0
GXTG.US,D,20200407,000000,22.9543,22.9543,22.2163,22.2163,6168.240802416,0
GXTG.US,D,20200408,000000,22.5039,22.7486,22.5039,22.7486,1308.7484949282,0
GXTG.US,D,20200409,000000,23.189,23.2399,23.189,23.2399,440.588628744,0
GXTG.US,D,20200413,000000,23.14,23.188,23.1211,23.1211,1371.832775862,0
GXTG.US,D,20200414,000000,23.6584,23.91,23.6584,23.91,878.1732441102,0
GXTG.US,D,20200415,000000,23.15,23.3937,23.15,23.3887,470.628762522,0
GXTG.US,D,20200416,000000,23.7662,23.7662,23.4446,23.7063,1725.3050166498,0
GXTG.US,D,20200417,000000,24.0928,24.3065,24.0838,24.3065,1671.2327758494,0
GXTG.US,D,20200420,000000,23.8361,23.8361,23.8361,23.8361,1530.0441470928,0
GXTG.US,D,20200421,000000,23.9729,23.9729,23.4636,23.5155,4405.88628744,0
GXTG.US,D,20200423,000000,24.3824,24.5112,24.2635,24.2635,1265.6909698464,0
GXTG.US,D,20200427,000000,25.1953,25.3031,25.0814,25.2402,2593.464882834,0
GXTG.US,D,20200428,000000,25.2292,25.3711,25.0834,25.0834,557.7451504782,0
GXTG.US,D,20200429,000000,25.7895,25.9283,25.7895,25.9283,654.8749163604,0
GXTG.US,D,20200430,000000,25.7106,25.8314,25.4699,25.4699,278.3719063428,0
GXTG.US,D,20200501,000000,24.7549,24.7549,24.653,24.653,188.2515050088,0
GXTG.US,D,20200504,000000,24.4613,25.1364,24.4613,24.9836,1493.9959865592,0
GXTG.US,D,20200505,000000,25.6207,25.6836,25.4769,25.4769,2094.7986621192,0
GXTG.US,D,20200506,000000,25.7036,25.7525,25.5958,25.6447,1162.5531772086,0
GXTG.US,D,20200507,000000,26.4276,26.7013,26.2609,26.2609,2081.7812708154,0
GXTG.US,D,20200508,000000,26.5425,26.7662,26.4966,26.7662,909.2147156808,0
GXTG.US,D,20200511,000000,26.936,27.0828,26.936,27.0828,384.5137123584,0
GXTG.US,D,20200512,000000,27.0928,27.1227,26.4107,26.4107,1508.0147156556,0
GXTG.US,D,20200513,000000,26.0362,26.2719,25.9183,26.152,3311.4240801282,0
GXTG.US,D,20200514,000000,25.9293,26.146,25.9293,26.146,510.682274226,0
GXTG.US,D,20200515,000000,26.2109,26.4177,26.2109,26.3617,1063.4207357412,0
GXTG.US,D,20200518,000000,27.0828,27.3474,27.0828,27.2605,876.170568525,0
GXTG.US,D,20200519,000000,27.3963,27.652,27.1966,27.1966,3329.448160395,0
GXTG.US,D,20200520,000000,27.691,27.8667,27.671,27.7449,5201.949832557,0
GXTG.US,D,20200521,000000,27.652,27.8178,27.3864,27.6021,3859.1558526804,0
GXTG.US,D,20200522,000000,27.4003,27.8268,27.4003,27.648,6858.1625415174,0
GXTG.US,D,20200526,000000,28.427,28.5218,28.1793,28.1793,12591.822741945,0
GXTG.US,D,20200527,000000,27.8467,27.9926,27.8368,27.9926,1319.7632106468,0
GXTG.US,D,20200528,000000,28.4629,28.4629,28.0625,28.0625,1359.8167223508,0
GXTG.US,D,20200529,000000,28.0625,28.4739,26.6144,28.4739,5418.2387957586,0
GXTG.US,D,20200601,000000,28.6297,28.9822,28.6297,28.9742,3107.1511704378,0
GXTG.US,D,20200602,000000,29.1091,29.2948,29.1091,29.2808,2673.571906242,0
GXTG.US,D,20200603,000000,29.6034,29.6853,29.6034,29.6553,729.9752508054,0
GXTG.US,D,20200604,000000,29.7342,29.7342,29.2459,29.3447,1626.1725751824,0
GXTG.US,D,20200605,000000,29.6084,29.9599,29.6084,29.894,2278.043478165,0
GXTG.US,D,20200609,000000,29.9409,30.1377,29.9409,30.0268,1121.498327712,0
GXTG.US,D,20200610,000000,30.2236,30.2236,30.1307,30.1557,3838.1277590358,0
GXTG.US,D,20200612,000000,29.3238,29.3238,28.6447,29.0012,2974.9745818146,0
GXTG.US,D,20200615,000000,29.0212,29.4905,28.8744,29.3777,1909.5511704882,0
GXTG.US,D,20200616,000000,30.2146,30.2146,29.877,29.877,554.7411371004,0
GXTG.US,D,20200617,000000,30.1656,30.2236,30.1557,30.1756,2845.8020065692,0
GXTG.US,D,20200619,000000,30.4013,30.7229,30.1077,30.1337,2813.759197206,0
GXTG.US,D,20200622,000000,30.3524,30.5581,30.3524,30.5481,1114.4889631638,0
GXTG.US,D,20200623,000000,30.9186,31.0075,30.8797,30.8797,6937.2682271328,0
GXTG.US,D,20200624,000000,30.7918,30.7918,29.922,30.1467,2004.6782607852,0
GXTG.US,D,20200626,000000,29.902,30.0877,29.902,29.9549,16290.764547809,0
GXTG.US,D,20200629,000000,32.1869,32.1869,29.906,29.906,4495.0053509814,0
GXTG.US,D,20200630,000000,30.2775,30.5821,30.2006,30.5821,2664.5598661086,0
GXTG.US,D,20200701,000000,30.8457,30.8967,29.4456,30.8447,58824.58996408,0
GXTG.US,D,20200702,000000,31.1983,31.1983,31.1683,31.1683,561.7505016486,0
GXTG.US,D,20200706,000000,31.1383,32.1869,31.1383,32.0202,2333.117056758,0
GXTG.US,D,20200707,000000,33.1367,33.1367,31.9133,31.9133,2578.444815945,0
GXTG.US,D,20200708,000000,33.0388,33.0388,32.148,32.3927,4248.6762540018,0
GXTG.US,D,20200709,000000,32.6054,32.6054,32.4466,32.4935,2359.1518393656,0
GXTG.US,D,20200710,000000,32.5584,32.5584,32.4616,32.5305,2474.3056855146,0
GXTG.US,D,20200713,000000,32.8041,33.1556,32.0042,32.0042,2756.6829430278,0
GXTG.US,D,20200714,000000,31.7855,32.0731,31.7855,32.0731,588.7866220488,0
GXTG.US,D,20200715,000000,32.4845,32.6373,32.4845,32.6184,3512.6929764408,0
GXTG.US,D,20200716,000000,32.4126,32.4126,31.9463,31.9463,2597.4702340044,0
GXTG.US,D,20200717,000000,31.9722,32.118,31.9722,32.118,743.9939799018,0
GXTG.US,D,20200720,000000,32.8401,32.888,32.8401,32.881,972.2989966146,0
GXTG.US,D,20200721,000000,33.1267,33.1267,32.7951,32.7951,4894.5391302288,0
GXTG.US,D,20200722,000000,32.0691,33.0777,32.0691,32.7702,3126.1765884972,0
GXTG.US,D,20200723,000000,33.0688,33.0688,32.5265,32.5265,576.7705685376,0
GXTG.US,D,20200724,000000,31.9912,31.9912,31.9912,31.9912,554.7411371004,0
GXTG.US,D,20200727,000000,32.3148,32.6673,32.158,32.6673,5682.591973005,0
GXTG.US,D,20200728,000000,32.5684,32.5884,32.3837,32.3837,2474.3056855146,0
GXTG.US,D,20200729,000000,32.912,33.0777,32.858,33.0777,910.2160534734,0
GXTG.US,D,20200730,000000,32.8041,32.863,32.8041,32.863,816.090300969,0
GXTG.US,D,20200731,000000,33.1556,33.2645,32.9309,33.0857,4206.6200667126,0
GXTG.US,D,20200803,000000,34.1453,34.1453,33.8367,33.9785,7428.9250832994,0
GXTG.US,D,20200804,000000,34.6157,34.6157,33.8297,33.9396,7608.1645481748,0
GXTG.US,D,20200805,000000,34.4639,34.7036,34.4639,34.5468,6502.6876251444,0
GXTG.US,D,20200806,000000,34.5568,34.6946,34.4489,34.6167,6086.1311034228,0
GXTG.US,D,20200807,000000,34.6157,34.6157,34.38,34.38,4092.4675583562,0
GXTG.US,D,20200810,000000,34.4689,34.4689,34.1164,34.1164,2319.0983276616,0
GXTG.US,D,20200811,000000,34.1064,34.405,33.9785,33.9785,30911.297657562,0
GXTG.US,D,20200812,000000,34.0375,34.5568,34.0375,34.42,23395.256186306,0
GXTG.US,D,20200813,000000,34.5068,34.6157,34.398,34.398,3164.227424616,0
GXTG.US,D,20200814,000000,34.4289,34.4289,34.2142,34.2282,3223.3063543794,0
GXTG.US,D,20200817,000000,34.5568,34.8024,34.5568,34.7735,2412.2227423734,0
GXTG.US,D,20200818,000000,35.155,35.155,34.7345,34.8873,23846.859530769,0
GXTG.US,D,20200819,000000,34.9972,35.155,34.8154,35.0072,12179.271571394,0
GXTG.US,D,20200820,000000,34.9093,34.9093,34.4689,34.6646,2357.1491637804,0
GXTG.US,D,20200821,000000,34.5947,34.6257,34.5248,34.6157,3559.755852693,0
GXTG.US,D,20200824,000000,35.155,35.155,34.8604,34.9193,4022.3739128742,0
GXTG.US,D,20200825,000000,35.0861,35.3397,35.0072,35.3397,4026.3792640446,0
GXTG.US,D,20200826,000000,35.3207,35.7122,35.3207,35.5704,5534.3939797002,0
GXTG.US,D,20200827,000000,35.868,35.868,35.4476,35.5065,11247.026086483,0
GXTG.US,D,20200828,000000,35.6433,35.6433,35.5135,35.6054,11956.974581437,0
GXTG.US,D,20200831,000000,35.5554,36.8777,35.4476,35.5464,50559.547823959,0
GXTG.US,D,20200901,000000,35.7222,35.7711,35.4965,35.6433,8894.8836116658,0
GXTG.US,D,20200902,000000,36.1237,36.2026,35.4775,35.5854,4357.8220733952,0
GXTG.US,D,20200903,000000,35.3597,35.5464,34.0494,34.3401,26288.121069128,0
GXTG.US,D,20200904,000000,34.2242,34.2242,32.4416,33.8128,23069.821403711,0
GXTG.US,D,20200908,000000,33.4892,33.4892,32.3417,32.3837,7586.1351167376,0
GXTG.US,D,20200909,000000,32.853,33.2295,32.853,33.0318,8594.4822738858,0
GXTG.US,D,20200910,000000,32.9999,33.4203,32.4995,32.6943,3232.3183945128,0
GXTG.US,D,20200911,000000,32.5784,32.7552,32.2948,32.3437,2389.1919731436,0
GXTG.US,D,20200914,000000,32.7841,33.0538,32.7841,33.0538,2252.0086955574,0
GXTG.US,D,20200915,000000,33.8617,33.8617,33.3624,33.4792,3997.3404680592,0
GXTG.US,D,20200916,000000,33.7049,33.9396,33.5871,33.5871,1629.1765885602,0
GXTG.US,D,20200917,000000,33.3913,33.3913,33.1656,33.2755,1979.6448159702,0
GXTG.US,D,20200918,000000,33.5281,33.5281,33.2725,33.2725,897.1986621696,0
GXTG.US,D,20200921,000000,32.9899,32.9899,32.3148,32.8111,4452.9491636922,0
GXTG.US,D,20200922,000000,32.7652,33.1497,32.7252,33.1497,926.237458155,0
GXTG.US,D,20200923,000000,33.1556,33.1556,32.3297,32.3297,996.331103637,0
GXTG.US,D,20200924,000000,32.0691,32.118,31.7565,32.0242,9346.4869561284,0
GXTG.US,D,20200925,000000,32.1869,32.6184,32.1869,32.5754,1889.5244146362,0
GXTG.US,D,20200928,000000,33.1656,33.1656,32.7452,32.8041,9259.3705681722,0
GXTG.US,D,20200929,000000,33.1906,33.1906,33.1906,33.1906,602.8053511452,0
GXTG.US,D,20200930,000000,33.2256,33.4592,33.1077,33.2555,22218.684280001,0
GXTG.US,D,20201001,000000,33.5381,33.657,33.5102,33.657,817.0916387616,0
GXTG.US,D,20201002,000000,32.9309,33.4832,32.9309,33.2295,7537.0695649002,0
GXTG.US,D,20201005,000000,33.5242,34.0814,33.5242,34.0764,1514.0227424112,0
GXTG.US,D,20201006,000000,34.3241,34.5468,33.8178,33.8178,2364.1585283286,0
GXTG.US,D,20201007,000000,34.3321,34.7725,34.3321,34.6806,14298.102340535,0
GXTG.US,D,20201008,000000,35.2528,35.4965,35.0072,35.4146,2948.939799207,0
GXTG.US,D,20201009,000000,35.9179,36.0458,35.8201,35.9769,4034.3899663854,0
GXTG.US,D,20201012,000000,36.1726,36.602,36.1726,36.4263,4757.3558526426,0
GXTG.US,D,20201013,000000,36.4073,36.4273,36.3284,36.4123,902.2053511326,0
GXTG.US,D,20201014,000000,36.3384,36.3384,35.9859,35.9859,4413.8969897808,0
GXTG.US,D,20201015,000000,35.4965,35.5554,35.096,35.5095,2780.7150500502,0
GXTG.US,D,20201016,000000,35.7272,35.8001,35.5784,35.5784,936.250836081,0
GXTG.US,D,20201019,000000,35.8391,35.9769,35.8391,35.9769,690.923076894,0
GXTG.US,D,20201020,000000,35.9279,35.9279,35.6723,35.6723,9361.5070230174,0
GXTG.US,D,20201021,000000,35.7612,35.7612,35.4576,35.4576,3618.8347824564,0
GXTG.US,D,20201022,000000,35.5265,35.5954,35.5265,35.5444,1724.3036788572,0
GXTG.US,D,20201023,000000,35.4376,35.6134,35.4376,35.5814,1802.40802668,0
GXTG.US,D,20201026,000000,39.0208,39.1396,34.7535,34.8504,9737.0086952424,0
GXTG.US,D,20201027,000000,35.2718,35.2998,35.2229,35.2808,2226.9752507424,0
GXTG.US,D,20201028,000000,34.4739,34.4739,34.2192,34.2402,1925.5725751698,0
GXTG.US,D,20201029,000000,34.4589,34.8304,34.38,34.8304,2925.9090299772,0
GXTG.US,D,20201030,000000,34.38,34.38,33.4512,33.674,5956.9585281774,0
GXTG.US,D,20201102,000000,34.2442,34.4689,34.1174,34.4689,1969.6314380442,0
GXTG.US,D,20201103,000000,34.6746,35.105,34.6746,35.105,1035.3832775484,0
GXTG.US,D,20201104,000000,35.5474,36.0937,35.3986,35.908,4003.3484948148,0
GXTG.US,D,20201105,000000,36.8827,37.6906,36.8827,37.6906,1910.5525082808,0
GXTG.US,D,20201106,000000,38.4645,39.2765,37.9642,38.6892,25690.322406946,0
GXTG.US,D,20201109,000000,41.2738,41.2738,38.5085,38.5704,18141.236788534,0
GXTG.US,D,20201110,000000,38.4246,38.4246,36.9166,37.2392,7736.3357856276,0
GXTG.US,D,20201111,000000,37.8074,37.8663,37.338,37.7295,4590.1324412784,0
GXTG.US,D,20201112,000000,37.7195,38.11,37.4898,37.4898,10707.305016272,0
GXTG.US,D,20201113,000000,37.8763,37.9043,37.8004,37.8893,3685.9244145606,0
GXTG.US,D,20201116,000000,38.3757,38.3757,37.8574,38.0731,33308.500333046,0
GXTG.US,D,20201117,000000,37.9353,38.2978,37.9293,38.2339,6855.1585281396,0
GXTG.US,D,20201118,000000,38.4985,38.4985,38.0631,38.0631,9293.4160531206,0
GXTG.US,D,20201119,000000,37.9452,38.2578,37.9452,38.1889,3336.4575249432,0
GXTG.US,D,20201120,000000,38.3557,38.7282,38.3557,38.5035,22782.437457235,0
GXTG.US,D,20201123,000000,38.6793,38.884,38.6593,38.7661,11443.288293833,0
GXTG.US,D,20201124,000000,39.1686,39.9715,39.1686,39.7568,10091.482273823,0
GXTG.US,D,20201125,000000,39.6,39.8846,39.5311,39.8497,4171.5732439716,0
GXTG.US,D,20201127,000000,40.1473,41.0581,40.1473,40.9213,17771.743143065,0
GXTG.US,D,20201130,000000,41.127,41.6962,40.5008,41.6073,21286.438795091,0
GXTG.US,D,20201201,000000,42.8996,42.8996,41.3237,41.3237,10259.70702298,0
GXTG.US,D,20201202,000000,41.2358,41.5444,40.7455,41.5444,3915.230769066,0
GXTG.US,D,20201203,000000,41.7242,42.2345,41.7242,42.0867,6641.8735783158,0
GXTG.US,D,20201204,000000,42.2734,42.8007,42.2734,42.3214,10820.456186836,0
GXTG.US,D,20201207,000000,42.2834,42.607,42.2834,42.4193,16793.436119695,0
GXTG.US,D,20201208,000000,42.5181,42.8067,42.4342,42.7858,7072.4488291338,0
GXTG.US,D,20201209,000000,42.4492,43.0274,41.4985,41.8131,25665.288962131,0
GXTG.US,D,20201210,000000,41.4016,42.623,41.3866,42.623,5991.0040131258,0
GXTG.US,D,20201211,000000,42.3613,42.3613,41.881,42.2045,5323.1117054616,0
GXTG.US,D,20201214,000000,42.4682,43.0354,42.3613,42.3613,9313.4428089726,0
GXTG.US,D,20201215,000000,42.6449,42.8317,42.3513,42.8317,12764.052842272,0
GXTG.US,D,20201216,000000,44.2009,44.2009,43.1643,43.2422,13797.433444235,0
GXTG.US,D,20201217,000000,43.32,43.4678,43.2152,43.357,9337.474915995,0
GXTG.US,D,20201218,000000,43.4189,43.6836,43.4189,43.5657,6279.3892973946,0
GXTG.US,D,20201221,000000,44.2508,44.2508,43.0854,43.7025,9893.217390888,0
GXTG.US,D,20201222,000000,43.9672,44.4366,43.9432,44.2608,11826.800668399,0
GXTG.US,D,20201223,000000,44.9459,44.9459,44.0651,44.5554,21028.0936446,0
GXTG.US,D,20201224,000000,44.4765,44.4765,43.8074,43.9762,6756.0260866722,0
GXTG.US,D,20201228,000000,44.4565,44.4905,43.6836,43.6836,13927.607357273,0
GXTG.US,D,20201229,000000,43.5078,43.6366,42.597,42.9535,13679.275584709,0
GXTG.US,D,20201230,000000,43.1653,43.6866,43.1653,43.5757,7259.69899635,0
GXTG.US,D,20201231,000000,44.2468,44.2468,42.9735,43.0165,8729.6628758868,0
GXTG.US,D,20210104,000000,44.6792,44.6792,43.5897,43.8533,21606.866888723,0
GXTG.US,D,20210105,000000,43.8833,44.9758,43.8733,44.9589,6276.3852840168,0
GXTG.US,D,20210106,000000,44.9948,46.1942,44.9948,45.5451,11149.896320601,0
GXTG.US,D,20210107,000000,45.4272,47.0301,45.4272,46.8513,43176.684279119,0
GXTG.US,D,20210108,000000,46.9901,47.2758,46.5577,46.9172,13361.851504454,0
GXTG.US,D,20210111,000000,46.4009,47.2318,46.0754,46.8004,10020.387290548,0
GXTG.US,D,20210112,000000,47.069,47.5015,47.0001,47.5015,16793.436119695,0
GXTG.US,D,20210113,000000,47.4915,48.4712,47.4915,48.0377,32921.983945103,0
GXTG.US,D,20210114,000000,48.8007,50.059,48.8007,49.8034,47505.467556529,0
GXTG.US,D,20210115,000000,50.3446,51.1216,49.1742,49.4908,29650.613376679,0
GXTG.US,D,20210119,000000,51.0327,51.0327,49.2741,50.3297,40202.711035097,0
GXTG.US,D,20210120,000000,50.6303,50.9738,50.3247,50.7181,25205.674915327,0
GXTG.US,D,20210121,000000,51.1795,51.1795,49.8044,50.2278,29267.101002113,0
GXTG.US,D,20210122,000000,50.8749,50.8749,49.2231,50.1329,20358.198661351,0
GXTG.US,D,20210125,000000,50.2558,50.5374,48.7168,49.5677,27145.266219593,0
GXTG.US,D,20210126,000000,49.8923,50.1379,49.5577,49.6466,20028.758527585,0
GXTG.US,D,20210127,000000,49.0664,49.5367,47.9449,48.615,55759.494980931,0
GXTG.US,D,20210128,000000,48.6529,49.5937,48.6529,49.0853,17960.995985866,0
GXTG.US,D,20210129,000000,49.1353,49.1353,47.6493,47.9638,142409.25952578,0
GXTG.US,D,20210201,000000,48.2495,49.0564,48.1905,49.0164,13359.848828869,0
GXTG.US,D,20210202,000000,49.8323,51.8786,49.8323,51.6319,32199.018058846,0
GXTG.US,D,20210203,000000,53.5104,53.6882,52.8823,53.048,46004.462205422,0
GXTG.US,D,20210204,000000,53.2947,53.7081,52.7345,53.5504,48680.036787249,0
GXTG.US,D,20210205,000000,54.0028,54.1146,53.2258,53.9029,27635.921737967,0
GXTG.US,D,20210208,000000,55.0154,56.4615,54.603,56.4615,164948.37189941,0
GXTG.US,D,20210209,000000,58.2311,60.3513,57.534,59.7171,132485.00066332,0
GXTG.US,D,20210210,000000,62.2837,65.3426,60.0836,64.1921,131310.4314326,0
GXTG.US,D,20210211,000000,64.1332,64.1332,56.7571,57.0417,268915.27222949,0
GXTG.US,D,20210212,000000,55.8133,58.1103,54.8296,56.1968,130893.87491088,0
GXTG.US,D,20210216,000000,57.4252,57.8187,56.7471,57.6519,63495.830766559,0
GXTG.US,D,20210217,000000,57.0916,57.0916,55.1532,55.8513,49934.713041377,0
GXTG.US,D,20210218,000000,56.058,56.058,53.9638,53.9828,74862.016050361,0
GXTG.US,D,20210219,000000,54.4552,55.3609,54.1995,54.9075,39886.288292636,0
GXTG.US,D,20210222,000000,54.0916,54.1006,52.7245,52.7345,37405.974580366,0
GXTG.US,D,20210223,000000,51.1416,51.6988,47.9638,51.604,87526.936451166,0
GXTG.US,D,20210224,000000,51.6619,52.5667,51.0916,52.361,28637.259530567,0
GXTG.US,D,20210225,000000,52.3709,52.7444,49.8273,49.9612,34612.242139012,0
GXTG.US,D,20210226,000000,49.9012,50.4905,48.7807,49.6266,90886.424745339,0
GXTG.US,D,20210301,000000,50.796,51.4642,50.6692,51.3373,98761.946484138,0
GXTG.US,D,20210302,000000,51.4462,51.5151,50.6492,50.6492,16753.382607991,0
GXTG.US,D,20210303,000000,50.5214,50.5214,48.5231,48.6529,41211.058192246,0
GXTG.US,D,20210304,000000,48.0228,48.3383,45.7907,46.4169,131565.77256971,0
GXTG.US,D,20210305,000000,46.7055,46.8733,44.0531,46.8633,50844.92909485,0
GXTG.US,D,20210308,000000,46.4409,46.8923,45.2595,45.2595,27220.366554038,0
GXTG.US,D,20210309,000000,46.8044,48.0138,46.8044,47.7681,21709.003343568,0
GXTG.US,D,20210310,000000,48.7418,48.7418,47.2758,47.4645,58198.753843705,0
GXTG.US,D,20210311,000000,48.5151,49.6436,48.5151,49.6366,30005.086955259,0
GXTG.US,D,20210312,000000,48.8487,49.2931,48.2405,49.2931,33089.207356467,0
GXTG.US,D,20210315,000000,49.2142,49.8923,48.9775,49.7844,14180.945818801,0
GXTG.US,D,20210316,000000,50.1579,50.1579,48.9875,49.2681,19499.0508353,0
GXTG.US,D,20210317,000000,48.7907,50.0181,48.4162,49.6775,17818.806019317,0
GXTG.US,D,20210318,000000,49.2731,49.2731,47.6103,47.6103,26169.963209601,0
GXTG.US,D,20210319,000000,47.9349,48.584,47.7701,48.4752,37237.749831209,0
GXTG.US,D,20210322,000000,49.6566,49.6566,48.3773,48.614,26058.814714622,0
GXTG.US,D,20210323,000000,48.2105,48.3283,47.3187,47.4625,40832.552506643,0
GXTG.US,D,20210324,000000,47.5214,47.5214,45.8567,45.8567,33332.532440069,0
GXTG.US,D,20210325,000000,45.4372,46.1742,44.9159,46.0804,27128.243477119,0
GXTG.US,D,20210326,000000,46.4499,46.5877,45.4732,46.5877,18334.494982506,0
GXTG.US,D,20210329,000000,46.1253,46.3061,45.4682,45.7188,16379.883611351,0
GXTG.US,D,20210330,000000,45.1706,46.0873,45.1266,45.8497,15101.175250201,0
GXTG.US,D,20210331,000000,46.322,47.2957,46.322,47.1319,17011.727758481,0
GXTG.US,D,20210401,000000,47.9938,48.5441,47.817,48.1016,21408.602005788,0
GXTG.US,D,20210405,000000,48.8686,48.8686,48.1995,48.3673,16332.820735099,0
GXTG.US,D,20210406,000000,48.5251,49.0354,48.4462,48.5101,12508.711705159,0
GXTG.US,D,20210407,000000,48.3273,48.3653,47.7971,47.875,11048.761203548,0
GXTG.US,D,20210408,000000,48.1216,48.6829,48.1216,48.5301,9910.2401333622,0
GXTG.US,D,20210409,000000,48.2794,48.604,48.2005,48.604,15253.378594676,0
GXTG.US,D,20210412,000000,48.4752,48.4752,47.6303,47.9229,15089.159196689,0
GXTG.US,D,20210413,000000,47.9738,48.9186,47.9738,48.8886,18514.735785174,0
GXTG.US,D,20210414,000000,48.9875,49.2821,48.574,48.614,21234.369229876,0
GXTG.US,D,20210415,000000,48.8586,49.1742,48.8586,49.1443,30250.414714446,0
GXTG.US,D,20210416,000000,49.2042,49.2042,48.4662,48.584,20134.900333601,0
GXTG.US,D,20210419,000000,48.4851,48.8107,48.0847,48.3673,11371.191972766,0
GXTG.US,D,20210420,000000,48.1516,48.3873,47.2738,47.5124,18095.175250075,0
GXTG.US,D,20210421,000000,47.2068,48.1316,47.0301,48.0927,14297.101002743,0
GXTG.US,D,20210422,000000,48.584,49.0444,48.0657,48.3293,17601.515718323,0
GXTG.US,D,20210423,000000,48.2495,49.1742,48.2495,49.1353,10639.214046375,0
GXTG.US,D,20210426,000000,49.301,50.079,49.301,50.069,14744.698996035,0
GXTG.US,D,20210427,000000,50.1579,50.1579,49.6266,49.7544,14147.901671645,0
GXTG.US,D,20210428,000000,49.6666,49.9612,49.4299,49.8723,15970.336454177,0
GXTG.US,D,20210429,000000,50.2068,50.2068,48.8516,49.3999,8855.8314377544,0
GXTG.US,D,20210430,000000,49.0264,49.1842,48.4462,48.7118,30966.371236155,0
GXTG.US,D,20210503,000000,48.8886,48.8886,47.7971,47.7971,10959.642140007,0
GXTG.US,D,20210504,000000,47.5414,47.5414,46.1842,46.6266,31091.53846023,0
GXTG.US,D,20210505,000000,47.069,47.109,46.324,46.5677,19938.638126251,0
GXTG.US,D,20210506,000000,46.2731,46.2731,45.3683,45.604,64358.98394378,0
GXTG.US,D,20210507,000000,46.1153,46.9422,46.1153,46.6566,18559.795985841,0
GXTG.US,D,20210510,000000,46.6466,46.6466,45.2994,45.3383,17557.456855448,0
GXTG.US,D,20210511,000000,43.7355,45.2395,43.381,45.0837,15673.940467568,0
GXTG.US,D,20210512,000000,44.3057,44.7951,43.7704,43.8533,12859.179932569,0
GXTG.US,D,20210513,000000,43.8533,44.0621,42.8846,43.2831,18171.276922312,0
GXTG.US,D,20210514,000000,43.5188,44.817,43.5188,44.6393,10428.933109929,0
GXTG.US,D,20210517,000000,44.7092,44.7092,44.2568,44.4785,5043.7384613262,0
GXTG.US,D,20210518,000000,44.6303,45.4572,44.6303,45.1726,15588.826755197,0
GXTG.US,D,20210519,000000,44.1489,44.7881,44.1489,44.6992,8649.5558524788,0
GXTG.US,D,20210520,000000,45.2794,46.0654,45.2794,45.9685,28065.495650993,0
GXTG.US,D,20210521,000000,46.1742,46.2831,45.8916,46.0075,12780.074246954,0
GXTG.US,D,20210524,000000,46.1742,46.5088,46.1742,46.2331,18911.265551044,0
GXTG.US,D,20210525,000000,46.5967,46.7255,46.4009,46.5877,8010.7023408,0
GXTG.US,D,20210526,000000,46.8333,47.1969,46.7155,47.1,6134.1953174676,0
GXTG.US,D,20210527,000000,47.3057,47.3836,46.9971,47.2568,14248.035450905,0
GXTG.US,D,20210528,000000,47.5114,47.9938,47.4915,47.7092,41488.428760796,0
GXTG.US,D,20210601,000000,48.3583,48.3773,47.5214,47.9588,10361.843477825,0
GXTG.US,D,20210602,000000,47.867,48.0208,47.7281,47.9349,8551.424748804,0
GXTG.US,D,20210603,000000,47.9439,47.9439,47.3646,47.4915,8720.6508357534,0
GXTG.US,D,20210604,000000,47.8949,47.9628,47.837,47.867,5924.9157188142,0
GXTG.US,D,20210607,000000,48.1016,48.5251,47.8021,48.3583,10875.529765429,0
GXTG.US,D,20210608,000000,48.8107,48.8107,48.1516,48.618,5000.6809362444,0
GXTG.US,D,20210609,000000,48.8397,49.0064,48.554,48.6929,10931.604681814,0
GXTG.US,D,20210610,000000,48.8586,49.1742,48.6829,49.1742,20683.633443946,0
GXTG.US,D,20210611,000000,49.2731,49.5377,49.1742,49.4688,11774.731103183,0
GXTG.US,D,20210614,000000,49.6466,49.8823,49.6466,49.7405,13105.509029549,0
GXTG.US,D,20210615,000000,50.059,50.059,49.2142,49.2231,47894.987957851,0
GXTG.US,D,20210616,000000,49.311,49.311,48.5071,48.8107,9840.1464878802,0
GXTG.US,D,20210617,000000,49.0064,49.5567,49.0064,49.4738,5905.8903007548,0
GXTG.US,D,20210618,000000,49.5277,49.5477,49.1642,49.4199,8452.2923073366,0
GXTG.US,D,20210621,000000,49.4199,49.7255,48.9166,49.7255,64993.832104288,0
GXTG.US,D,20210622,000000,49.4099,49.7435,49.341,49.7435,10328.799330669,0
GXTG.US,D,20210623,000000,49.9012,50.3736,49.9012,50.2658,11102.833444349,0
GXTG.US,D,20210624,000000,50.5214,50.9448,50.5214,50.9448,14212.988628164,0
GXTG.US,D,20210625,000000,51.1116,51.1116,50.6682,51.0038,19887.569898829,0
GXTG.US,D,20210628,000000,51.3273,51.4951,51.2295,51.3962,14209.984614787,0
GXTG.US,D,20210629,000000,51.545,51.547,51.0128,51.3663,14871.868895695,0
GXTG.US,D,20210630,000000,51.4562,51.4562,50.8739,50.8739,5764.7016719982,0
GXTG.US,D,20210701,000000,50.8839,51.1695,50.7172,50.9778,7480.9946485146,0
GXTG.US,D,20210702,000000,51.1606,51.1606,50.6872,50.8989,9617.849497923,0
GXTG.US,D,20210706,000000,50.9139,50.9289,50.3716,50.6622,9613.8441467526,0
GXTG.US,D,20210707,000000,51.1206,51.2484,50.3327,50.6383,11906.907691807,0
GXTG.US,D,20210708,000000,49.7315,50.1849,49.6626,50.086,13323.800668336,0
GXTG.US,D,20210709,000000,50.4905,50.8839,50.2638,50.81,16611.192641441,0
GXTG.US,D,20210712,000000,51.1006,51.2784,50.7861,51.0417,4581.120401145,0
GXTG.US,D,20210713,000000,50.865,51.0817,50.3816,50.3816,6615.8387957082,0
GXTG.US,D,20210714,000000,50.7661,50.7661,49.6715,49.6915,13905.577925836,0
GXTG.US,D,20210715,000000,49.5737,49.6626,48.9395,49.0773,10174.593310609,0
GXTG.US,D,20210716,000000,49.1692,49.357,48.5211,48.6619,6845.1451502136,0
GXTG.US,D,20210719,000000,48.0657,48.5091,47.6023,48.1146,20238.038126239,0
GXTG.US,D,20210720,000000,48.4602,49.5218,48.2035,49.3959,27395.600667743,0
GXTG.US,D,20210721,000000,49.7704,50.2438,49.7704,50.2438,6036.0642137928,0
GXTG.US,D,20210722,000000,50.3027,50.3027,50.0171,50.076,10047.423410948,0
GXTG.US,D,20210723,000000,50.3816,50.3816,49.5897,49.9212,15000.040133148,0
GXTG.US,D,20210726,000000,49.9182,49.9522,49.5237,49.8104,16902.581939088,0
GXTG.US,D,20210727,000000,49.4359,49.4359,48.1366,48.7058,10965.650166763,0
GXTG.US,D,20210728,000000,49.1203,50.1549,49.1203,50.089,23698.661537464,0
GXTG.US,D,20210729,000000,50.4116,50.6472,50.1649,50.2538,25821.497657776,0
GXTG.US,D,20210730,000000,49.7704,50.1399,49.7455,49.8982,17199.97926349,0
GXTG.US,D,20210802,000000,50.2238,50.5564,50.1549,50.2438,13306.777925861,0
GXTG.US,D,20210803,000000,50.1549,50.1549,49.4209,49.7315,9417.581939403,0
GXTG.US,D,20210804,000000,50.116,50.4705,50.116,50.2588,10079.466220312,0
GXTG.US,D,20210805,000000,50.4205,51.2484,50.4116,51.2235,15156.248828794,0
GXTG.US,D,20210806,000000,51.2395,51.2395,50.7861,50.9139,17416.268226692,0
GXTG.US,D,20210809,000000,50.9438,51.2784,50.9438,51.1156,6588.802675308,0
GXTG.US,D,20210810,000000,51.2484,51.2794,50.6472,50.845,7102.4889629118,0
GXTG.US,D,20210811,000000,50.9828,51.1995,50.6972,50.9319,13308.780601447,0
GXTG.US,D,20210812,000000,50.9139,51.0028,50.6872,50.9928,10102.496989541,0
GXTG.US,D,20210813,000000,50.8739,50.9528,50.5514,50.7172,10287.744481172,0
GXTG.US,D,20210816,000000,50.3916,50.3916,49.5937,49.8893,13596.164547923,0
GXTG.US,D,20210817,000000,49.337,49.347,48.8247,49.2231,10362.844815617,0
GXTG.US,D,20210818,000000,49.4648,49.8593,49.4159,49.5267,11479.336454366,0
GXTG.US,D,20210819,000000,49.0614,49.2831,48.8736,48.9425,8463.3070230552,0
GXTG.US,D,20210820,000000,48.8347,49.6026,48.8347,49.5727,8160.90300969,0
GXTG.US,D,20210823,000000,50.046,50.8939,50.046,50.7911,12313.450835602,0
GXTG.US,D,20210824,000000,51.1106,51.6829,51.0417,51.4871,9970.3204009182,0
GXTG.US,D,20210825,000000,51.4851,51.7418,51.4851,51.6829,7968.6461535108,0
GXTG.US,D,20210826,000000,51.7518,51.8007,50.9628,50.9628,6702.9551836644,0
GXTG.US,D,20210827,000000,51.1705,52.1642,51.1705,52.0174,15204.313042838,0
GXTG.US,D,20210830,000000,52.333,52.5297,52.0274,52.358,13668.26086899,0
GXTG.US,D,20210831,000000,52.333,52.4558,52.1612,52.303,4176.5799329346,0
GXTG.US,D,20210901,000000,52.3819,53.082,52.3819,52.9522,12471.662206833,0
GXTG.US,D,20210902,000000,53.1998,53.3776,53.052,53.1509,27620.901671078,0
GXTG.US,D,20210903,000000,53.4365,53.4365,53.1309,53.1309,8693.6147153532,0
GXTG.US,D,20210907,000000,53.4665,53.5843,53.082,53.2198,6599.8173910266,0
GXTG.US,D,20210908,000000,52.9931,52.9931,52.0673,52.2441,17181.955183223,0
GXTG.US,D,20210909,000000,52.1552,52.7964,52.1552,52.2441,8545.4167220484,0
GXTG.US,D,20210910,000000,52.6486,52.6486,52.0374,52.0374,16911.593979221,0
GXTG.US,D,20210913,000000,52.2151,52.2151,51.1206,51.5191,16227.680266876,0
GXTG.US,D,20210914,000000,51.7218,51.7807,51.2145,51.3183,13822.46688905,0
GXTG.US,D,20210915,000000,51.2584,51.6229,51.0317,51.6229,4213.6294312608,0
GXTG.US,D,20210916,000000,51.4262,51.6429,51.0817,51.564,6867.1745816508,0
GXTG.US,D,20210917,000000,51.545,51.8007,51.1606,51.8007,9143.2153842306,0
GXTG.US,D,20210920,000000,50.5693,50.6672,49.4449,50.2538,31757.428092309,0
GXTG.US,D,20210921,000000,50.7661,50.9089,50.3716,50.5294,43926.686285777,0
GXTG.US,D,20210922,000000,50.8939,51.3463,50.816,51.0028,9802.0956517614,0
GXTG.US,D,20210923,000000,51.3962,51.9485,51.3962,51.8496,5189.9337790458,0
GXTG.US,D,20210924,000000,51.3373,51.4751,51.1606,51.1606,7615.173912723,0
GXTG.US,D,20210927,000000,50.9628,51.1506,50.825,50.9239,11716.653511213,0
GXTG.US,D,20210928,000000,50.3227,50.3227,49.1103,49.1103,36192.353175734,0
GXTG.US,D,20210929,000000,49.2681,49.347,48.5391,48.6959,9463.6434778626,0
GXTG.US,D,20210930,000000,48.6959,49.4648,48.6959,49.1003,35756.771235953,0
GXTG.US,D,20211001,000000,49.0214,49.2681,48.3613,49.2281,32868.913042095,0
GXTG.US,D,20211004,000000,48.8437,48.8437,47.3457,47.3856,9918.250835703,0
GXTG.US,D,20211005,000000,47.7601,48.4722,47.6712,48.2425,8581.464882582,0
GXTG.US,D,20211006,000000,47.6612,48.3124,47.6612,48.3124,8882.8675581546,0
GXTG.US,D,20211007,000000,48.7947,49.4648,48.7947,49.2092,16520.070902315,0
GXTG.US,D,20211008,000000,49.1492,49.1492,48.3124,48.4991,7424.919732129,0
GXTG.US,D,20211011,000000,48.3513,48.7658,48.2035,48.2035,28038.459530593,0
GXTG.US,D,20211012,000000,48.3913,48.7648,48.3124,48.578,26688.656186168,0
GXTG.US,D,20211013,000000,49.2122,49.2581,49.0114,49.2581,7779.3933107094,0
GXTG.US,D,20211014,000000,49.5737,50.1948,49.5737,50.1749,15081.148494349,0
GXTG.US,D,20211015,000000,50.4405,50.4405,50.1699,50.2538,11054.769230304,0
GXTG.US,D,20211018,000000,50.076,50.4795,50.0361,50.4405,11924.931772073,0
GXTG.US,D,20211019,000000,50.6383,51.4052,50.6383,51.3473,14028.742474326,0
GXTG.US,D,20211020,000000,51.4851,51.584,51.1656,51.3673,10926.597992851,0
GXTG.US,D,20211021,000000,51.0128,51.5001,51.0128,51.3853,10347.824748728,0
GXTG.US,D,20211022,000000,51.2484,51.2484,50.6383,50.7561,14627.542474301,0
GXTG.US,D,20211025,000000,50.9239,51.3962,50.6872,51.3423,12833.145149962,0
GXTG.US,D,20211026,000000,51.2145,51.4062,50.6872,50.8819,10236.67625375,0
GXTG.US,D,20211027,000000,50.825,50.825,50.0171,50.0171,13969.663544563,0
GXTG.US,D,20211028,000000,49.9682,50.8929,49.9582,50.6992,7438.9384612254,0
GXTG.US,D,20211029,000000,50.5883,50.6572,50.2737,50.5594,9835.1397989172,0
GXTG.US,D,20211101,000000,50.5594,51.3962,50.5594,51.2934,5805.7565214948,0
GXTG.US,D,20211102,000000,51.2484,51.2484,50.7172,51.0028,24796.127758154,0
GXTG.US,D,20211103,000000,50.835,51.5151,50.5693,51.5151,19820.480266724,0
GXTG.US,D,20211104,000000,51.4851,51.9046,51.4851,51.7218,7017.3752505408,0
GXTG.US,D,20211105,000000,52.0074,52.0074,50.9039,51.0567,19898.584614547,0
GXTG.US,D,20211108,000000,51.3273,52.1652,51.3273,52.0863,39372.602005032,0
GXTG.US,D,20211109,000000,52.0863,52.0863,51.2684,51.599,20092.844146312,0
GXTG.US,D,20211110,000000,51.1106,51.1705,49.8793,50.2138,8402.2254177066,0
GXTG.US,D,20211111,000000,50.7072,50.7461,50.5174,50.7361,9088.1418056376,0
GXTG.US,D,20211112,000000,50.9928,51.3873,50.8,51.3773,10686.276922627,0
GXTG.US,D,20211115,000000,51.4851,51.4851,50.6872,50.7072,12425.600668373,0
GXTG.US,D,20211116,000000,50.6383,50.9039,50.4855,50.8,6026.0508358668,0
GXTG.US,D,20211117,000000,50.835,50.835,49.9382,49.9382,11616.519731953,0
GXTG.US,D,20211118,000000,50.2638,50.2638,49.1742,49.4359,10257.704347394,0
GXTG.US,D,20211119,000000,49.2781,49.8004,49.2781,49.4229,75603.006016885,0
GXTG.US,D,20211122,000000,49.4948,49.7205,47.9469,48.6519,18475.683611263,0
GXTG.US,D,20211123,000000,48.0757,48.2704,47.2668,47.5823,21331.498995758,0
GXTG.US,D,20211124,000000,47.4845,48.1046,46.9122,48.1026,11420.257524603,0
GXTG.US,D,20211126,000000,47.4935,47.859,47.2078,47.5923,5646.5438124714,0
GXTG.US,D,20211129,000000,47.9868,48.0168,47.2578,47.6323,23686.645483953,0
GXTG.US,D,20211130,000000,47.4156,47.9079,46.5477,47.0311,11239.015384142,0
GXTG.US,D,20211201,000000,47.7701,47.7701,45.5421,45.5421,18153.252842045,0
GXTG.US,D,20211202,000000,45.4732,46.0744,45.3553,46.0254,33747.086286205,0
GXTG.US,D,20211203,000000,45.8976,45.8976,44.123,44.3107,57918.379261777,0
GXTG.US,D,20211206,000000,44.4286,44.9609,43.7585,44.872,14195.96588569,0
GXTG.US,D,20211207,000000,45.5521,46.7944,45.5521,46.4838,27047.135115919,0
GXTG.US,D,20211208,000000,46.7255,47.3656,46.366,47.1979,10756.370568109,0
GXTG.US,D,20211209,000000,46.9522,47.2867,45.9306,46.1143,14886.888962584,0
GXTG.US,D,20211210,000000,46.1632,46.1632,45.2664,45.572,41663.662874501,0
GXTG.US,D,20211213,000000,45.4342,45.616,44.6453,45.1586,12986.349832229,0
GXTG.US,D,20211214,000000,44.4975,44.6263,43.9462,44.2808,9120.1846150008,0
GXTG.US,D,20211215,000000,44.1829,45.0937,43.5907,44.872,37242.756520172,0
GXTG.US,D,20211216,000000,45.2175,45.3583,43.8573,44.0641,121897.85618216,0
GXTG.US,D,20211217,000000,43.5128,44.9119,43.2262,44.833,39810.186620398,0
GXTG.US,D,20211220,000000,43.8873,44.113,43.5717,43.7145,45540.842807448,0
GXTG.US,D,20211221,000000,44.1919,44.9658,44.1919,44.853,29066.833443593,0
GXTG.US,D,20211222,000000,44.9319,45.1875,44.6263,45.1676,34630.266219278,0
GXTG.US,D,20211223,000000,45.0198,45.5331,44.853,45.5311,38279.141135513,0
GXTG.US,D,20211227,000000,45.3943,45.3943,44.9708,45.1875,60407.70501418,0
GXTG.US,D,20211228,000000,45.0597,45.2964,44.5474,44.5474,36688.015383071,0
GXTG.US,D,20211229,000000,44.6063,44.6063,43.9063,44.3007,15719.000668235,0
GXTG.US,D,20211230,000000,44.88,45.3294,44.8101,44.9798,29701.681604101,0
GXTG.US,D,20211231,000000,44.82,45.0997,44.3906,44.4006,20553.459530908,0
GXTG.US,D,20220103,000000,44.5005,44.8899,44.0211,44.7002,55948.747823732,0
GXTG.US,D,20220104,000000,44.7701,44.7701,43.1921,43.7015,15804.114380606,0
GXTG.US,D,20220105,000000,43.5318,43.5318,41.7342,41.7343,23294.121069254,0
GXTG.US,D,20220106,000000,41.5944,42.0138,41.0401,41.4745,66685.09163599,0
GXTG.US,D,20220107,000000,41.6343,42.2435,41.2348,41.2348,20665.609363679,0
GXTG.US,D,20220110,000000,40.8154,41.2298,40.1962,41.1849,36741.086286079,0
GXTG.US,D,20220111,000000,41.0451,42.1336,41.0451,41.9239,109699.55919271,0
GXTG.US,D,20220112,000000,42.5231,42.5941,41.8854,41.9139,73143.72039826,0
GXTG.US,D,20220113,000000,42.0338,42.0338,40.5358,40.6355,16378.882273558,0
GXTG.US,D,20220114,000000,40.4359,40.6007,39.8177,40.5358,15815.129096324,0
GXTG.US,D,20220118,000000,39.9565,40.1463,39.2485,39.4372,49777.503007939,0
GXTG.US,D,20220119,000000,39.5171,39.9266,38.9878,38.9878,40489.093643781,0
GXTG.US,D,20220120,000000,39.4372,40.4259,38.9579,39.1177,44784.832774035,0
GXTG.US,D,20220121,000000,38.7681,38.878,37.8178,37.8643,16460.991972551,0
GXTG.US,D,20220124,000000,36.8008,37.8394,35.7522,37.8294,19807.462875421,0
GXTG.US,D,20220125,000000,37.2502,37.6596,36.7908,37.0904,16669.270233412,0
GXTG.US,D,20220126,000000,37.7894,38.1889,36.596,36.8607,12166.25418009,0
GXTG.US,D,20220127,000000,37.2801,37.2901,35.8121,35.8321,12860.181270362,0
GXTG.US,D,20220128,000000,36.1217,36.8407,35.4046,36.8407,35228.064881461,0
GXTG.US,D,20220131,000000,36.7309,38.7781,36.7309,38.7781,10924.595317266,0
GXTG.US,D,20220201,000000,39.0278,39.2874,38.6405,39.1476,11383.208026277,0
GXTG.US,D,20220202,000000,39.3973,39.4173,38.5384,38.6483,15973.340467555,0
GXTG.US,D,20220203,000000,37.8294,37.8993,36.9805,36.9805,132636.20267,0
GXTG.US,D,20220204,000000,37.0105,38.2289,37.0105,37.9093,34124.590634015,0
GXTG.US,D,20220207,000000,38.099,38.4885,37.9143,38.159,19388.903678114,0
GXTG.US,D,20220208,000000,37.8893,38.1577,37.6097,38.0679,17990.034781852,0
GXTG.US,D,20220209,000000,38.6982,39.607,38.6982,39.2775,19473.016052692,0
GXTG.US,D,20220210,000000,38.838,39.8567,38.5984,38.6882,49613.283609952,0
GXTG.US,D,20220211,000000,38.6683,39.0378,37.6097,37.7295,33751.091637376,0
GXTG.US,D,20220214,000000,37.4898,37.9193,37.32,37.34,9842.1491634654,0
GXTG.US,D,20220215,000000,37.9492,38.6483,37.9492,38.5768,17651.582607953,0
GXTG.US,D,20220216,000000,38.3787,38.6766,38.0541,38.6183,145404.26086345,0
GXTG.US,D,20220217,000000,38.2588,38.2588,36.9606,36.9705,7581.1284277746,0
GXTG.US,D,20220218,000000,36.9206,37.1803,36.1416,36.1616,19174.617390497,0
GXTG.US,D,20220222,000000,35.7622,36.1716,35.3727,35.5225,18660.931102894,0
GXTG.US,D,20220223,000000,35.9719,36.1217,34.7603,34.9033,14578.476922463,0
GXTG.US,D,20220224,000000,33.625,35.9819,33.2755,35.6623,17978.01872834,0
GXTG.US,D,20220225,000000,36.2315,36.6909,35.8021,36.6909,4811.428093443,0
GXTG.US,D,20220228,000000,36.2415,37.2302,36.2415,37.0161,25800.469564132,0
GXTG.US,D,20220301,000000,36.9606,37.0504,36.1716,36.4013,19192.641470764,0
GXTG.US,D,20220302,000000,36.2615,36.5291,35.902,36.3514,16064.462206682,0
GXTG.US,D,20220303,000000,36.7908,36.7908,35.4126,35.5924,6456.6260866848,0
GXTG.US,D,20220304,000000,35.123,35.4924,34.2342,34.5138,10234.673578165,0
GXTG.US,D,20220307,000000,34.2841,34.2841,33.0258,33.0258,22604.199330152,0
GXTG.US,D,20220308,000000,33.1357,33.9246,32.8361,33.3254,12716.98996602,0
GXTG.US,D,20220309,000000,34.1743,34.7024,34.1743,34.5238,11745.692307198,0
GXTG.US,D,20220310,000000,34.0345,34.2542,33.8447,34.0944,17467.336454114,0
GXTG.US,D,20220311,000000,34.4939,34.4939,33.2755,33.2855,10566.116387515,0
GXTG.US,D,20220314,000000,32.9659,32.9659,31.8375,31.9323,11378.201337314,0
GXTG.US,D,20220315,000000,32.0771,32.6563,31.9473,32.6563,10043.418059778,0
GXTG.US,D,20220316,000000,33.5951,34.9089,33.5951,34.9089,33726.058192561,0
GXTG.US,D,20220317,000000,34.6337,35.5524,34.6337,35.5225,57444.746485877,0
GXTG.US,D,20220318,000000,35.3128,36.606,35.3128,36.5511,8832.8006685246,0
GXTG.US,D,20220321,000000,36.5037,36.5037,35.8421,36.2315,6200.2836117792,0
GXTG.US,D,20220322,000000,36.4313,37.1703,36.4313,37.0604,13581.144481034,0
GXTG.US,D,20220323,000000,36.7708,37.1703,36.4263,36.4912,7667.2434779382,0
GXTG.US,D,20220324,000000,36.7009,37.2302,36.4812,37.0904,21379.563209803,0
GXTG.US,D,20220325,000000,37.2502,37.2502,36.4612,36.7109,5806.7578592874,0
GXTG.US,D,20220328,000000,36.8906,36.8945,36.2914,36.8945,16673.275584583,0
GXTG.US,D,20220329,000000,37.2302,37.963,37.2302,37.9577,6850.1518391766,0
GXTG.US,D,20220330,000000,37.8094,38.3931,37.4998,37.4998,8616.511705323,0
GXTG.US,D,20220331,000000,37.4898,37.4898,37.3261,37.3458,4309.7578593504,0
GXTG.US,D,20220401,000000,37.5498,37.9473,37.4299,37.6496,6921.2468224512,0
GXTG.US,D,20220404,000000,38.0791,38.5684,38.0791,38.4086,10589.147156745,0
GXTG.US,D,20220405,000000,38.6982,38.6982,37.5388,37.5697,4027.3806018372,0
GXTG.US,D,20220406,000000,37.0604,37.0604,36.3414,36.601,4523.0428091742,0
GXTG.US,D,20220407,000000,36.601,36.601,35.7422,36.1217,15723.006019405,0
GXTG.US,D,20220408,000000,34.4539,36.1843,34.0644,35.6723,52783.519061324,0
GXTG.US,D,20220411,000000,35.4026,35.4226,34.967,35.1829,7237.6695649128,0
GXTG.US,D,20220412,000000,35.4526,35.4526,34.7136,34.8284,4909.5591971178,0
GXTG.US,D,20220413,000000,34.9333,35.6024,34.9333,35.4725,5508.3591970926,0
GXTG.US,D,20220414,000000,35.4925,35.4925,34.9033,35.0313,4153.5491637048,0
GXTG.US,D,20220418,000000,34.6636,34.6636,34.1343,34.3141,8335.1357856024,0
GXTG.US,D,20220419,000000,34.3041,35.0732,34.3041,35.0333,12298.430768713,0
GXTG.US,D,20220420,000000,35.0731,35.0731,34.0844,34.2642,18155.255517631,0
GXTG.US,D,20220421,000000,34.414,34.414,33.0058,33.0058,14101.840133186,0
GXTG.US,D,20220422,000000,33.1257,33.1257,32.3567,32.5864,9673.9244143086,0
GXTG.US,D,20220425,000000,32.0671,32.4666,31.9991,32.3567,16078.480935778,0
GXTG.US,D,20220426,000000,32.0971,32.0971,31.0585,31.0585,7118.5103675934,0
GXTG.US,D,20220427,000000,31.408,31.6958,31.3593,31.6377,47472.423409373,0
GXTG.US,D,20220428,000000,32.117,32.3617,31.2332,32.0172,63848.301669554,0
GXTG.US,D,20220429,000000,32.5664,32.5664,31.7825,31.8674,4064.4301001634,0
GXTG.US,D,20220502,000000,31.7475,32.2069,31.4879,32.2069,19384.898326943,0
GXTG.US,D,20220503,000000,32.117,32.3466,31.9972,32.2968,24906.27491534,0
GXTG.US,D,20220504,000000,32.147,33.1057,31.6376,32.9659,4152.5478259122,0
GXTG.US,D,20220505,000000,32.7462,32.7462,31.3482,31.6477,22217.682942209,0
GXTG.US,D,20220506,000000,31.3081,31.3081,30.5192,30.7389,7639.2060197454,0
GXTG.US,D,20220509,000000,30.0099,30.0848,28.8798,29.0272,23701.665550842,0
GXTG.US,D,20220510,000000,29.7702,29.88,28.6816,29.1324,22313.811370298,0
GXTG.US,D,20220511,000000,28.6517,29.7003,28.402,28.402,17210.993979209,0
GXTG.US,D,20220512,000000,28.0625,29.0362,27.8429,28.5613,8026.7237454816,0
GXTG.US,D,20220513,000000,29.1011,30.2695,29.1011,30.2695,123489.98327239,0
GXTG.US,D,20220516,000000,30.0198,30.225,29.5704,29.5704,12245.359865705,0
GXTG.US,D,20220517,000000,30.629,30.8178,30.1947,30.6091,10538.078929322,0
GXTG.US,D,20220518,000000,30.4293,30.8078,29.9152,29.9699,18351.51772498,0
GXTG.US,D,20220519,000000,29.92,31.0366,29.92,30.8288,19187.634781801,0
GXTG.US,D,20220520,000000,31.1983,31.1983,30.0099,30.8687,7854.4936451544,0
GXTG.US,D,20220523,000000,31.0185,31.0185,30.5891,30.9586,15425.608695003,0
GXTG.US,D,20220524,000000,30.4093,30.4093,29.6136,29.9599,10952.632775459,0
GXTG.US,D,20220525,000000,29.824,30.3776,29.7103,30.2795,6948.2829428514,0
GXTG.US,D,20220526,000000,30.1297,31.1883,30.1297,31.1583,114941.56253697,0
GXTG.US,D,20220527,000000,31.1583,31.8274,31.1383,31.6277,15228.345149861,0
GXTG.US,D,20220531,000000,31.8574,31.9373,31.2881,31.2881,29672.642808116,0
GXTG.US,D,20220601,000000,31.6477,31.6477,30.664,30.7389,7360.8341134026,0
GXTG.US,D,20220602,000000,30.9586,32.2269,30.9586,32.2269,38533.480934833,0
GXTG.US,D,20220603,000000,31.8873,31.9572,31.4424,31.4579,12102.168561364,0
GXTG.US,D,20220606,000000,32.0571,32.132,31.6377,31.9273,48022.157857511,0
GXTG.US,D,20220607,000000,31.428,32.147,31.428,32.147,12362.51638744,0
GXTG.US,D,20220608,000000,31.9173,32.2169,31.8374,31.8374,126044.39598132,0
GXTG.US,D,20220609,000000,31.6377,31.6377,30.639,30.639,8455.2963207144,0
GXTG.US,D,20220610,000000,30.4593,30.4593,29.8602,30.1696,10570.121738686,0
GXTG.US,D,20220613,000000,29.2808,29.2808,28.3221,28.3221,4715.2996653534,0
GXTG.US,D,20220614,000000,28.8414,28.9613,28.442,28.9613,16821.473577887,0
GXTG.US,D,20220615,000000,28.9712,29.3707,28.6816,29.1706,10333.806019632,0
GXTG.US,D,20220616,000000,28.5818,28.6017,27.8727,28.0151,12336.481604832,0
GXTG.US,D,20220617,000000,28.3621,29.0012,28.3531,28.8,20550.45551753,0
GXTG.US,D,20220621,000000,29.2708,29.6304,29.161,29.181,127490.32775383,0
GXTG.US,D,20220622,000000,28.9613,29.4506,28.8514,29.1551,18726.018059413,0
GXTG.US,D,20220623,000000,29.3507,30.0498,29.3108,30.0498,7571.1150498486,0
GXTG.US,D,20220624,000000,30.5591,31.0684,30.5292,31.0684,3550.7438125596,0
GXTG.US,D,20220627,000000,30.9586,30.9586,30.5991,30.5991,18894.242808569,0
GXTG.US,D,20220628,000000,30.8987,30.9486,29.9,29.9,9301.4267554614,0
GXTG.US,D,20220629,000000,29.77,29.77,29.2401,29.3,13607,0
GXTG.US,D,20220630,000000,29.26,29.27,28.78,28.96,4736,0
GXTG.US,D,20220701,000000,28.971,29.3191,28.971,29.3191,3162,0
GXTG.US,D,20220705,000000,28.87,30.02,28.86,30.02,109478,0
GXTG.US,D,20220706,000000,29.77,29.96,29.618,29.96,4873,0
GXTG.US,D,20220707,000000,29.84,30.8465,29.84,30.7,9238,0
GXTG.US,D,20220708,000000,30.34,30.8691,30.25,30.57,3880,0
GXTG.US,D,20220711,000000,30.2,30.2,29.3,29.31,13430,0
GXTG.US,D,20220712,000000,29.29,29.29,28.85,29.15,92803,0
GXTG.US,D,20220713,000000,28.47,29.2407,28.45,29.06,6227,0
GXTG.US,D,20220714,000000,28.8,29.02,28.53,29.02,6905,0
GXTG.US,D,20220715,000000,29.12,29.4,28.87,29.4,11472,0
GXTG.US,D,20220718,000000,29.84,30.1322,29.4492,29.57,4924,0
GXTG.US,D,20220719,000000,29.91,30.24,29.8299,30.24,13273,0
GXTG.US,D,20220720,000000,30.39,30.87,30.39,30.64,3092,0
GXTG.US,D,20220721,000000,30.9382,31.12,30.8965,31.06,3133,0
GXTG.US,D,20220722,000000,30.93,30.93,30.1601,30.48,9851,0
GXTG.US,D,20220725,000000,30.42,30.44,30.05,30.44,4919,0
GXTG.US,D,20220726,000000,30.25,30.25,29.44,29.44,6030,0
GXTG.US,D,20220727,000000,29.9,30.6499,29.9,30.47,5464,0
GXTG.US,D,20220728,000000,30.7899,31.02,30.39,31.02,4743,0
GXTG.US,D,20220729,000000,30.59,30.98,30.59,30.9606,2075,0
GXTG.US,D,20220801,000000,30.87,31.315,30.87,31.23,6435,0
GXTG.US,D,20220802,000000,30.93,31.575,30.93,31,11195,0
GXTG.US,D,20220803,000000,31.43,32.11,31.43,32.11,5264,0
GXTG.US,D,20220804,000000,32,32.32,32,32.32,15045,0
GXTG.US,D,20220805,000000,31.82,32.295,31.82,32.14,2353,0
GXTG.US,D,20220808,000000,32.45,33,32.45,32.81,4937,0
GXTG.US,D,20220809,000000,32.56,32.56,32.02,32.31,15318,0
GXTG.US,D,20220810,000000,32.86,33.32,32.8,33.11,5057,0
GXTG.US,D,20220811,000000,33.6,33.99,33.0086,33.24,9537,0
GXTG.US,D,20220812,000000,33.3,33.8,33.2975,33.8,4834,0
GXTG.US,D,20220815,000000,33.48,34,33.48,34,4571,0
GXTG.US,D,20220816,000000,33.77,33.77,33.25,33.4,6706,0
GXTG.US,D,20220817,000000,33.07,33.2,32.79,32.79,16104,0
GXTG.US,D,20220818,000000,32.54,32.82,32.51,32.51,20024,0
GXTG.US,D,20220819,000000,32.3,32.3,31.45,31.5,13910,0
GXTG.US,D,20220822,000000,31.23,31.374,31.06,31.34,16013,0
GXTG.US,D,20220823,000000,31.53,31.53,31.19,31.19,1741,0
GXTG.US,D,20220824,000000,31.56,31.66,31.44,31.44,1447,0
GXTG.US,D,20220825,000000,31.69,31.99,31.69,31.99,3154,0
GXTG.US,D,20220826,000000,32.01,32.01,30.88,31.16,4578,0
GXTG.US,D,20220829,000000,30.48,30.86,30.48,30.51,7279,0
GXTG.US,D,20220830,000000,30.71,30.76,30.0601,30.1,1898,0
GXTG.US,D,20220831,000000,30.37,30.62,30.1,30.26,7923,0
GXTG.US,D,20220901,000000,29.87,29.87,28.92,29.3452,4572,0
GXTG.US,D,20220902,000000,29.5,29.66,29,29.28,2408,0
GXTG.US,D,20220906,000000,29.19,29.19,28.48,28.48,11425,0
GXTG.US,D,20220907,000000,28.795,29.61,28.795,29.61,9604,0
GXTG.US,D,20220908,000000,29.27,30.32,29.27,30.32,8028,0
GXTG.US,D,20220909,000000,30.79,31.38,30.79,31.38,6418,0
GXTG.US,D,20220912,000000,31.47,31.76,31.38,31.5,4855,0
GXTG.US,D,20220913,000000,30.66,30.66,29.83,30.15,2484,0
GXTG.US,D,20220914,000000,29.81,30.24,29.81,29.98,1746,0
GXTG.US,D,20220915,000000,30.05,30.23,29.57,29.89,3992,0
GXTG.US,D,20220916,000000,29.45,29.45,28.71,28.96,6456,0
GXTG.US,D,20220919,000000,28.66,29.12,28.52,29.12,64745,0
GXTG.US,D,20220920,000000,28.55,28.63,28.1,28.1,7442,0
GXTG.US,D,20220921,000000,28.18,28.59,27.9,27.9,5278,0
GXTG.US,D,20220922,000000,27.77,27.77,27.04,27.2713,17513,0
GXTG.US,D,20220923,000000,26.68,26.68,26.07,26.17,9656,0
GXTG.US,D,20220926,000000,26.09,26.5201,26.001,26.17,11748,0
GXTG.US,D,20220927,000000,26.45,26.82,26,26.37,7591,0
GXTG.US,D,20220928,000000,26.28,27.18,26.11,26.99,3787,0
GXTG.US,D,20220929,000000,26.5,26.5,25.91,26.29,2727,0
GXTG.US,D,20220930,000000,26.05,26.62,25.91,25.91,7342,0
GXTG.US,D,20221003,000000,26.07,26.69,26.07,26.36,73202,0
GXTG.US,D,20221004,000000,27.1,28.09,27.1,28.09,21496,0
GXTG.US,D,20221005,000000,27.56,27.68,27,27.56,11544,0
GXTG.US,D,20221006,000000,27.61,28.04,27.32,27.56,48333,0
GXTG.US,D,20221007,000000,27.47,27.47,26.18,26.41,8820,0
GXTG.US,D,20221010,000000,26.12,26.12,25.26,25.5591,29488,0
GXTG.US,D,20221011,000000,25.5,25.54,24.9007,25.18,9626,0
GXTG.US,D,20221012,000000,25.1,25.4,25.0801,25.4,5294,0
GXTG.US,D,20221013,000000,24.56,25.64,24.49,25.5727,7268,0
GXTG.US,D,20221014,000000,25.78,25.91,24.64,24.86,26627,0
GXTG.US,D,20221017,000000,25.31,25.87,25.31,25.66,6789,0
GXTG.US,D,20221018,000000,26.32,26.32,25.6,26.04,4660,0
GXTG.US,D,20221019,000000,25.67,25.67,25.06,25.19,117118,0
GXTG.US,D,20221020,000000,25.4,25.585,24.97,25.02,10687,0
GXTG.US,D,20221021,000000,24.94,25.65,24.79,25.58,6167,0
GXTG.US,D,20221024,000000,25.36,25.61,24.94,25.61,8042,0
GXTG.US,D,20221025,000000,25.63,27,25.63,27,8952,0
GXTG.US,D,20221026,000000,27.45,27.8,27.03,27.3,8139,0
GXTG.US,D,20221027,000000,27.21,27.22,26.692,26.91,20534,0
GXTG.US,D,20221028,000000,26.66,26.92,26.28,26.92,7156,0
GXTG.US,D,20221031,000000,26.73,26.95,26.47,26.95,5010,0
GXTG.US,D,20221101,000000,27.36,27.48,26.58,26.58,9449,0
GXTG.US,D,20221102,000000,26.2373,26.9,25.7201,25.92,10517,0
GXTG.US,D,20221103,000000,25.59,25.95,25.55,25.55,2759,0
GXTG.US,D,20221104,000000,26.28,26.38,25.81,26.38,5161,0
GXTG.US,D,20221107,000000,26.31,26.31,26.055,26.187,8439,0
GXTG.US,D,20221108,000000,26.08,26.62,25.78,25.81,6658,0
GXTG.US,D,20221109,000000,25.57,25.57,24.77,24.85,12870,0
GXTG.US,D,20221110,000000,25.88,26.88,25.81,26.88,5165,0
GXTG.US,D,20221111,000000,26.87,27.55,26.54,27.2,6138,0
GXTG.US,D,20221114,000000,27.2,27.32,26.88,27.12,7092,0
GXTG.US,D,20221115,000000,27.66,27.79,27.28,27.28,5274,0
GXTG.US,D,20221116,000000,27.15,27.15,26.445,26.66,10258,0
GXTG.US,D,20221117,000000,26.07,26.39,25.8,26.26,8617,0
GXTG.US,D,20221118,000000,26.23,26.23,25.63,25.63,1717,0
GXTG.US,D,20221121,000000,25.464,25.464,25.1,25.38,3546,0
GXTG.US,D,20221122,000000,25.13,25.4,25.02,25.4,4295,0
GXTG.US,D,20221123,000000,25.46,25.69,25.36,25.36,9243,0
GXTG.US,D,20221125,000000,25.49,25.69,25.43,25.69,4550,0
GXTG.US,D,20221128,000000,25.24,25.24,24.72,24.72,3487,0
GXTG.US,D,20221129,000000,24.98,25.23,24.96,24.96,15836,0
GXTG.US,D,20221130,000000,25.26,26.25,25.09,26.25,6552,0
GXTG.US,D,20221201,000000,26.6,26.6,26.19,26.28,11907,0
GXTG.US,D,20221202,000000,25.73,26.92,25.73,26.92,15722,0
GXTG.US,D,20221205,000000,26.58,26.66,25.94,25.94,7730,0
GXTG.US,D,20221206,000000,26.08,26.08,25.09,25.56,17258,0
GXTG.US,D,20221207,000000,25.29,25.33,24.89,24.89,14840,0
GXTG.US,D,20221208,000000,25.05,25.46,25.05,25.46,6011,0
GXTG.US,D,20221209,000000,25.17,25.19,25,25.03,5639,0
GXTG.US,D,20221212,000000,24.85,25.13,24.85,25.01,7156,0
GXTG.US,D,20221213,000000,25.89,26.21,25.05,25.48,12574,0
GXTG.US,D,20221214,000000,25.27,25.549,25.185,25.2,18064,0
GXTG.US,D,20221215,000000,25.03,25.03,24.53,24.73,11333,0
GXTG.US,D,20221216,000000,24.6,24.6,23.9601,24.42,8818,0
GXTG.US,D,20221219,000000,24.26,24.26,23.461,23.71,3381,0
GXTG.US,D,20221220,000000,23.63,23.79,23.36,23.565,8055,0
GXTG.US,D,20221221,000000,23.58,23.784,23.43,23.5,12213,0
GXTG.US,D,20221222,000000,23.46,23.46,22.86,23.33,10695,0
GXTG.US,D,20221223,000000,23.25,23.27,22.95,23.02,14657,0
GXTG.US,D,20221227,000000,23.16,23.16,22.67,22.67,13332,0
GXTG.US,D,20221228,000000,22.76,22.77,22.36,22.61,50832,0
GXTG.US,D,20221229,000000,22.56,22.92,22.55,22.8,46788,0
GXTG.US,D,20221230,000000,22.52,22.77,22.52,22.75,52567,0
GXTG.US,D,20230103,000000,23,23.1836,22.6,22.68,66384,0
GXTG.US,D,20230104,000000,23.03,23.65,23.03,23.58,4421,0
GXTG.US,D,20230105,000000,23.32,23.475,23.16,23.44,28025,0
GXTG.US,D,20230106,000000,23.52,23.74,23.07,23.62,5925,0
GXTG.US,D,20230109,000000,23.95,24.42,23.95,24.02,8478,0
GXTG.US,D,20230110,000000,24.07,24.79,24.07,24.79,3594,0
GXTG.US,D,20230111,000000,24.72,25,24.72,25,4025,0
GXTG.US,D,20230112,000000,25.11,26,24.831,26,15287,0
GXTG.US,D,20230113,000000,25.73,26.3,25.61,26.3,8976,0
GXTG.US,D,20230117,000000,26.34,26.65,26.1275,26.65,9022,0
GXTG.US,D,20230118,000000,26.67,26.76,25.8,26,4909,0
GXTG.US,D,20230119,000000,25.66,25.7399,25.33,25.41,2990,0
GXTG.US,D,20230120,000000,25.72,26.4,25.72,26.4,1585,0
GXTG.US,D,20230123,000000,26.25,26.96,26.25,26.95,10982,0
GXTG.US,D,20230124,000000,26.86,26.89,26.582,26.86,12717,0
GXTG.US,D,20230125,000000,26.33,26.84,25.98,26.53,13317,0
GXTG.US,D,20230126,000000,26.9,27.05,26.625,26.9,297245,0
GXTG.US,D,20230127,000000,26.81,27.63,26.81,27.63,11265,0
GXTG.US,D,20230130,000000,27.05,27.43,26.6,26.6,10665,0
GXTG.US,D,20230131,000000,26.7,27.21,26.7,27.07,9891,0
GXTG.US,D,20230201,000000,27.18,28.04,26.89,28.04,7105,0
GXTG.US,D,20230202,000000,28.42,29,28.42,28.89,20619,0
GXTG.US,D,20230203,000000,28.33,28.68,27.78,27.93,4514,0
GXTG.US,D,20230206,000000,27.4813,27.55,27.18,27.33,2044,0
GXTG.US,D,20230207,000000,27.34,27.76,27.04,27.7,8699,0
GXTG.US,D,20230208,000000,27.61,27.69,27.1925,27.27,6930,0
GXTG.US,D,20230209,000000,27.53,27.53,26.18,26.23,8838,0
GXTG.US,D,20230210,000000,26.08,26.2,25.86,26.06,3765,0
GXTG.US,D,20230213,000000,25.7174,26.24,25.7174,25.95,12440,0
GXTG.US,D,20230214,000000,25.84,26.51,25.84,26.51,18605,0
GXTG.US,D,20230215,000000,26.17,27.07,26.17,26.92,4108,0
GXTG.US,D,20230216,000000,26.92,27.16,26.67,26.77,11088,0
GXTG.US,D,20230217,000000,26.46,26.46,25.9,26.23,19801,0
GXTG.US,D,20230221,000000,25.95,25.95,25.31,25.31,4394,0
GXTG.US,D,20230222,000000,25.57,25.57,25.14,25.46,17264,0
GXTG.US,D,20230223,000000,25.77,25.77,25.02,25.52,285757,0
GXTG.US,D,20230224,000000,24.69,24.85,24.63,24.7,32529,0
GXTG.US,D,20230227,000000,25.14,25.16,24.87,24.99,5071,0
GXTG.US,D,20230228,000000,25.01,25.26,25.01,25.18,11244,0
GXTG.US,D,20230301,000000,25.2962,25.2962,24.93,25.2,3960,0
GXTG.US,D,20230302,000000,24.79,25.23,24.6917,25.23,1686,0
GXTG.US,D,20230303,000000,25.08,25.56,25.08,25.56,3415,0
GXTG.US,D,20230306,000000,25.63,25.77,25.28,25.28,1922,0
GXTG.US,D,20230307,000000,25.29,25.355,24.84,25.04,9481,0
GXTG.US,D,20230308,000000,24.97,24.97,24.77,24.82,5187,0
GXTG.US,D,20230309,000000,24.98,24.98,24.1,24.1,4025,0
GXTG.US,D,20230310,000000,23.89,23.97,23.51,23.72,4995,0
GXTG.US,D,20230313,000000,23.47,24.02,23.47,24.02,5329,0
GXTG.US,D,20230314,000000,24.39,24.4515,24.03,24.25,5713,0
GXTG.US,D,20230315,000000,24.07,24.07,23.7537,23.88,2927,0
GXTG.US,D,20230316,000000,23.9,24.5001,23.9,24.38,11890,0
GXTG.US,D,20230317,000000,24.44,24.44,24.16,24.27,7290,0
GXTG.US,D,20230320,000000,24.45,24.5181,24.29,24.32,4424,0
GXTG.US,D,20230321,000000,24.79,25.02,24.79,25.02,913,0
GXTG.US,D,20230322,000000,25.02,25.1,24.53,24.53,1601,0
GXTG.US,D,20230323,000000,24.49,24.96,24.18,24.49,4411,0
GXTG.US,D,20230324,000000,24.18,24.51,24.18,24.51,4315,0
GXTG.US,D,20230327,000000,24.53,24.54,24.23,24.43,4432,0
GXTG.US,D,20230328,000000,24.34,24.35,24.08,24.35,16558,0
GXTG.US,D,20230329,000000,24.55,24.9,24.55,24.9,4441,0
GXTG.US,D,20230330,000000,24.98,25.15,24.98,25.06,1683,0
GXTG.US,D,20230331,000000,25.1638,25.49,25.1638,25.46,8139,0
GXTG.US,D,20230403,000000,25.36,25.41,25.05,25.41,4239,0
GXTG.US,D,20230404,000000,25.22,25.22,24.9363,24.99,1637,0
GXTG.US,D,20230405,000000,24.97,24.97,24.55,24.71,4830,0
GXTG.US,D,20230406,000000,24.51,24.83,24.45,24.74,17736,0
GXTG.US,D,20230410,000000,24.59,25.23,24.59,25.23,2415,0
GXTG.US,D,20230411,000000,25.22,25.5,25.22,25.48,7721,0
GXTG.US,D,20230412,000000,25.49,25.59,25.01,25.17,4292,0
GXTG.US,D,20230413,000000,25.32,25.93,25.32,25.93,2283,0
GXTG.US,D,20230414,000000,25.9,26,25.55,25.77,2196,0
GXTG.US,D,20230417,000000,25.57,25.9,25.57,25.9,3103,0
GXTG.US,D,20230418,000000,25.93,25.93,25.71,25.88,4592,0
GXTG.US,D,20230419,000000,25.58,25.6,25.4492,25.58,1906,0
GXTG.US,D,20230420,000000,25.25,25.25,24.85,25,2191,0
GXTG.US,D,20230421,000000,24.94,24.94,24.71,24.89,9152,0
GXTG.US,D,20230424,000000,24.86,24.86,24.5604,24.84,4733,0
GXTG.US,D,20230425,000000,24.53,24.5324,24.23,24.31,1765,0
GXTG.US,D,20230426,000000,24.43,24.5999,24.21,24.36,1821,0
GXTG.US,D,20230427,000000,24.53,24.95,24.53,24.93,3527,0
GXTG.US,D,20230428,000000,24.82,25.03,24.82,25.03,4361,0
GXTG.US,D,20230501,000000,24.89,25.0899,24.71,24.78,1958,0
GXTG.US,D,20230502,000000,24.59,24.59,24.23,24.47,15579,0
GXTG.US,D,20230503,000000,24.37,24.61,24.26,24.47,6602,0
GXTG.US,D,20230504,000000,24.3,24.7,24.3,24.7,4581,0
GXTG.US,D,20230505,000000,24.85,25.36,24.85,25.36,41705,0
GXTG.US,D,20230508,000000,25.26,25.26,25.0476,25.18,4294,0
GXTG.US,D,20230509,000000,24.93,25.2,24.93,25.12,21950,0
GXTG.US,D,20230510,000000,25.24,25.46,25.24,25.41,1847,0
GXTG.US,D,20230511,000000,25.26,25.26,24.77,24.9,4528,0
GXTG.US,D,20230512,000000,24.93,24.93,24.552,24.66,2438,0
GXTG.US,D,20230515,000000,24.75,25.35,24.75,25.35,15063,0
GXTG.US,D,20230516,000000,25.12,25.12,24.9719,25.06,1804,0
GXTG.US,D,20230517,000000,25.05,25.57,25.05,25.57,2566,0
GXTG.US,D,20230518,000000,25.38,25.5,25.1895,25.5,2098,0
GXTG.US,D,20230519,000000,25.66,25.66,25.475,25.52,4363,0
GXTG.US,D,20230522,000000,25.48,26.09,25.48,26.09,4170,0
GXTG.US,D,20230523,000000,25.77,26.18,25.57,25.68,20118,0
GXTG.US,D,20230524,000000,25.43,25.43,25.05,25.3,10030,0
GXTG.US,D,20230525,000000,25.43,25.43,24.869,25.13,16176,0
GXTG.US,D,20230526,000000,25.03,25.31,25.03,25.25,4263,0
GXTG.US,D,20230530,000000,25.33,25.49,25.175,25.49,3681,0
GXTG.US,D,20230531,000000,25.24,25.24,24.875,25.23,5794,0
GXTG.US,D,20230601,000000,25.25,25.81,25.25,25.69,3578,0
GXTG.US,D,20230602,000000,25.81,25.95,25.7801,25.95,2557,0
GXTG.US,D,20230605,000000,25.79,25.87,25.5501,25.73,7978,0
GXTG.US,D,20230606,000000,25.55,25.95,25.55,25.95,1122,0
GXTG.US,D,20230607,000000,25.99,26.14,25.54,25.74,3904,0
GXTG.US,D,20230608,000000,25.6,25.83,25.5,25.81,5474,0
GXTG.US,D,20230609,000000,25.84,25.84,25.46,25.69,4447,0
GXTG.US,D,20230612,000000,25.6,25.97,25.6,25.97,3756,0
GXTG.US,D,20230613,000000,26.05,26.36,26.05,26.35,8636,0
GXTG.US,D,20230614,000000,26.25,26.41,26.0378,26.41,16358,0
GXTG.US,D,20230615,000000,25.88,26.545,25.88,26.5,10224,0
GXTG.US,D,20230616,000000,26.52,26.56,26.415,26.56,2690,0
GXTG.US,D,20230620,000000,26.31,26.65,26.135,26.63,41357,0
GXTG.US,D,20230621,000000,26.45,26.5682,26.34,26.48,2957,0
GXTG.US,D,20230622,000000,26.2,26.41,26,26.41,4079,0
GXTG.US,D,20230623,000000,26.02,26.2199,25.95,26.07,2069,0
GXTG.US,D,20230626,000000,26.18,26.18,25.71,25.88,5740,0
GXTG.US,D,20230627,000000,25.78,26.38,25.78,26.38,11498,0
GXTG.US,D,20230628,000000,26.17,26.47,26.1038,26.47,36828,0
GXTG.US,D,20230629,000000,26.27,26.38,26.245,26.38,1233,0
GXTG.US,D,20230630,000000,26.62,26.7499,26.45,26.66,31236,0
GXTG.US,D,20230703,000000,26.73,27.43,26.73,27.43,2221,0
GXTG.US,D,20230705,000000,27.15,27.35,27.12,27.35,2690,0
GXTG.US,D,20230706,000000,26.94,26.94,26.36,26.82,6248,0
GXTG.US,D,20230707,000000,26.71,27.42,26.71,27.32,7599,0
GXTG.US,D,20230710,000000,27.19,27.7414,27.13,27.71,5463,0
GXTG.US,D,20230711,000000,27.91,28.26,27.91,28.11,8442,0
GXTG.US,D,20230712,000000,28.63,28.73,28.321,28.37,14448,0
GXTG.US,D,20230713,000000,29.075,29.82,29.075,29.82,12384,0
GXTG.US,D,20230714,000000,29.63,29.63,28.76,28.88,6321,0
GXTG.US,D,20230717,000000,28.92,29.1,28.7135,28.73,3829,0
GXTG.US,D,20230718,000000,28.79,28.97,28.66,28.97,6308,0
GXTG.US,D,20230719,000000,28.94,29.17,28.83,29,7206,0
GXTG.US,D,20230720,000000,28.9,29.0626,28.21,28.24,5374,0
GXTG.US,D,20230721,000000,28.54,28.54,27.95,28.34,6919,0
GXTG.US,D,20230724,000000,28.17,28.17,27.87,27.97,2977,0
GXTG.US,D,20230725,000000,28.39,28.39,28.07,28.07,1188,0
GXTG.US,D,20230726,000000,28.1301,28.4,28.1301,28.4,1683,0
GXTG.US,D,20230727,000000,28.61,28.61,27.78,27.98,2746,0
GXTG.US,D,20230728,000000,28.09,28.56,28.09,28.4,4178,0
GXTG.US,D,20230731,000000,28.48,28.98,28.48,28.8406,2700,0
GXTG.US,D,20230801,000000,28.59,28.59,28.2,28.36,2381,0
GXTG.US,D,20230802,000000,28.15,28.15,27.61,27.645,6276,0
GXTG.US,D,20230803,000000,27.4291,27.67,27.38,27.38,903,0
GXTG.US,D,20230804,000000,27.495,27.6353,27.04,27.04,2645,0
GXTG.US,D,20230807,000000,27.17,27.17,26.5721,26.82,3031,0
GXTG.US,D,20230808,000000,26.66,27.08,26.52,26.96,4979,0
GXTG.US,D,20230809,000000,27.05,27.05,26.5615,26.69,16154,0
GXTG.US,D,20230810,000000,26.81,26.9,26.39,26.39,3399,0
GXTG.US,D,20230811,000000,26.29,26.32,26.22,26.22,1778,0
GXTG.US,D,20230814,000000,26.09,26.21,25.77,26.18,4082,0
GXTG.US,D,20230815,000000,26.09,26.09,25.7004,25.73,2189,0
GXTG.US,D,20230816,000000,25.57,25.57,25.21,25.21,2547,0
GXTG.US,D,20230817,000000,25.32,25.32,24.71,24.8,4777,0
GXTG.US,D,20230818,000000,24.39,24.64,24.39,24.46,2296,0
GXTG.US,D,20230821,000000,24.52,24.69,24.44,24.69,10589,0
GXTG.US,D,20230822,000000,24.81,24.81,24.46,24.46,3202,0
GXTG.US,D,20230823,000000,24.8894,25.05,24.8894,25.05,4319,0
GXTG.US,D,20230824,000000,24.93,24.93,24.47,24.62,22503,0
GXTG.US,D,20230825,000000,24.46,24.6,24.29,24.4,13732,0
GXTG.US,D,20230828,000000,24.605,24.81,24.5501,24.67,15624,0
GXTG.US,D,20230829,000000,24.6,25.78,24.6,25.59,3927,0
GXTG.US,D,20230830,000000,25.48,25.83,25.48,25.7,8467,0
GXTG.US,D,20230831,000000,25.88,25.9258,25.52,25.69,1715,0
GXTG.US,D,20230901,000000,25.83,25.9028,25.5,25.5,11444,0
GXTG.US,D,20230905,000000,25.42,25.68,25.42,25.5525,4520,0
GXTG.US,D,20230906,000000,25.55,25.55,25.2051,25.25,6957,0
GXTG.US,D,20230907,000000,24.94,25.1432,24.94,25.01,2260,0
GXTG.US,D,20230908,000000,24.99,25.0449,24.9273,25,2697,0
GXTG.US,D,20230911,000000,25.21,25.75,25.21,25.68,3587,0
GXTG.US,D,20230912,000000,25.62,25.84,25.37,25.39,4353,0
GXTG.US,D,20230913,000000,25.39,25.4599,25.25,25.25,2465,0
GXTG.US,D,20230914,000000,25.35,25.69,25.35,25.46,5976,0
GXTG.US,D,20230915,000000,25.39,25.7,25.29,25.51,3737,0
GXTG.US,D,20230918,000000,25.25,25.25,24.85,24.85,1267,0
GXTG.US,D,20230919,000000,24.85,24.85,24.59,24.74,1809,0
GXTG.US,D,20230920,000000,24.73,24.73,24.29,24.29,28318,0
GXTG.US,D,20230921,000000,23.9274,23.9274,23.7227,23.79,1505,0
GXTG.US,D,20230922,000000,23.9751,23.9751,23.64,23.64,3457,0
GXTG.US,D,20230925,000000,23.54,23.85,23.54,23.69,3432,0
GXTG.US,D,20230926,000000,23.5901,23.5901,23.3574,23.53,3600,0
GXTG.US,D,20230927,000000,23.377,23.4699,23.15,23.3655,4291,0
GXTG.US,D,20230928,000000,23.42,23.6,23.2796,23.6,4819,0
GXTG.US,D,20230929,000000,23.69,23.69,23.5,23.5,473,0
GXTG.US,D,20231002,000000,23.2355,23.2355,22.926,23.09,1224,0
GXTG.US,D,20231003,000000,22.645,22.69,22.45,22.45,4497,0
GXTG.US,D,20231004,000000,22.67,22.67,22.3201,22.5706,29868,0
GXTG.US,D,20231005,000000,22.5,22.5087,22.395,22.5,1994,0
GXTG.US,D,20231006,000000,22.23,22.81,22.23,22.81,985,0
GXTG.US,D,20231009,000000,22.43,22.6298,22.43,22.56,3243,0
GXTG.US,D,20231010,000000,22.75,23.31,22.75,23.31,3217,0
GXTG.US,D,20231011,000000,23.35,23.35,23.08,23.11,5233,0
GXTG.US,D,20231012,000000,23.26,23.26,22.6601,22.91,7178,0
GXTG.US,D,20231013,000000,22.7866,22.7866,22.58,22.58,42893,0
GXTG.US,D,20231016,000000,22.82,22.95,22.73,22.95,10017,0
GXTG.US,D,20231017,000000,22.87,23,22.8,22.83,10106,0
GXTG.US,D,20231018,000000,22.55,22.55,22.08,22.27,4634,0
GXTG.US,D,20231019,000000,22.01,22.01,21.74,21.89,6965,0
GXTG.US,D,20231020,000000,21.6175,21.67,21.41,21.56,6559,0
GXTG.US,D,20231023,000000,21.5771,21.5771,21.43,21.43,587,0
GXTG.US,D,20231024,000000,21.5807,21.89,21.5807,21.89,4279,0
GXTG.US,D,20231025,000000,21.2401,21.3419,21.1201,21.14,2448,0
GXTG.US,D,20231026,000000,21.305,21.305,21.02,21.1729,4491,0
GXTG.US,D,20231027,000000,21.21,21.2101,20.88,20.9,6069,0
GXTG.US,D,20231030,000000,21.2,21.2,20.9201,21.15,7430,0
GXTG.US,D,20231031,000000,21.06,21.2,21.05,21.12,4125,0
GXTG.US,D,20231101,000000,21.1,21.1771,21.0101,21.1771,122423,0
GXTG.US,D,20231102,000000,21.77,21.83,21.65,21.83,2566,0
GXTG.US,D,20231103,000000,22.4294,22.53,22.4294,22.53,3133,0
GXTG.US,D,20231106,000000,22.6,22.6,22.26,22.42,2223,0
GXTG.US,D,20231107,000000,22.3396,22.4,22.2604,22.27,2311,0
GXTG.US,D,20231108,000000,22.3144,22.3144,22.12,22.21,5845,0
GXTG.US,D,20231109,000000,22.2261,22.27,21.88,21.97,3519,0
GXTG.US,D,20231110,000000,21.67,21.935,21.64,21.84,6569,0
GXTG.US,D,20231113,000000,21.97,22.04,21.9405,22.04,2269,0
GXTG.US,D,20231114,000000,22.7509,22.88,22.7509,22.88,2776,0
GXTG.US,D,20231115,000000,22.96,23.29,22.9163,23.29,3684,0
GXTG.US,D,20231116,000000,23.04,23.04,22.61,22.65,8175,0
GXTG.US,D,20231117,000000,22.92,23.05,22.803,23.03,3126,0
GXTG.US,D,20231120,000000,23.03,23.36,23.03,23.36,4379,0
GXTG.US,D,20231121,000000,23.14,23.14,22.9008,22.94,8350,0
GXTG.US,D,20231122,000000,23.05,23.05,22.93,22.9777,4812,0
GXTG.US,D,20231124,000000,23.085,23.085,22.98,22.98,314,0
GXTG.US,D,20231127,000000,22.9104,23.02,22.84,23,7896,0
GXTG.US,D,20231128,000000,22.86,23.1,22.86,23.01,34246,0
GXTG.US,D,20231129,000000,23.3519,23.3519,23.11,23.11,5055,0
GXTG.US,D,20231130,000000,23.21,23.21,22.9477,23.0188,4367,0
GXTG.US,D,20231201,000000,23.01,23.67,22.91,23.66,13875,0
GXTG.US,D,20231204,000000,23.3909,23.61,23.2801,23.61,4544,0
GXTG.US,D,20231205,000000,23.28,23.28,23.175,23.175,3365,0
GXTG.US,D,20231206,000000,23.39,23.48,23.2,23.2,2730,0
GXTG.US,D,20231207,000000,23.31,23.48,23.2405,23.34,4724,0
GXTG.US,D,20231208,000000,23.31,23.415,23.3,23.415,1296,0
GXTG.US,D,20231211,000000,23.29,23.29,23.16,23.18,3874,0
GXTG.US,D,20231212,000000,22.93,23.1099,22.93,23.03,7460,0
GXTG.US,D,20231213,000000,23,23.7029,22.8534,23.65,4624,0
GXTG.US,D,20231214,000000,24,24.5,24,24.28,6619,0
GXTG.US,D,20231215,000000,24.41,24.41,24.12,24.33,16148,0
GXTG.US,D,20231218,000000,24.24,24.3,24.0105,24.03,3322,0
GXTG.US,D,20231219,000000,24.6099,24.68,24.43,24.68,83263,0
GXTG.US,D,20231220,000000,24.46,24.7,23.96,23.97,18235,0
GXTG.US,D,20231221,000000,24.38,24.5585,24.3001,24.5375,13321,0
GXTG.US,D,20231222,000000,24.74,24.92,24.66,24.66,17698,0
GXTG.US,D,20231226,000000,24.61,25.005,24.61,24.91,6014,0
GXTG.US,D,20231227,000000,25.095,25.1916,25.01,25.05,3698,0
GXTG.US,D,20231228,000000,24.75,25.1127,24.75,24.96,6089,0
GXTG.US,D,20231229,000000,24.83,24.83,24.6,24.6,1706,0
GXTG.US,D,20240102,000000,24.32,24.64,24.2518,24.31,2930,0
GXTG.US,D,20240103,000000,23.9,24.0976,23.7491,23.91,4989,0
GXTG.US,D,20240104,000000,24.05,24.05,23.72,23.88,5519,0
GXTG.US,D,20240105,000000,23.63,23.739,23.6,23.69,8393,0
GXTG.US,D,20240108,000000,23.78,24.12,23.7,24.12,10647,0
GXTG.US,D,20240109,000000,23.93,23.96,23.79,23.94,6590,0
GXTG.US,D,20240110,000000,23.6,23.92,23.6,23.92,16389,0
GXTG.US,D,20240111,000000,23.5983,23.89,23.5983,23.82,27543,0
GXTG.US,D,20240112,000000,23.76,23.815,23.56,23.59,46183,0
GXTG.US,D,20240116,000000,23.33,23.33,23.14,23.2,11755,0
GXTG.US,D,20240117,000000,22.82,22.869,22.66,22.86,12648,0
GXTG.US,D,20240118,000000,22.89,22.89,22.6605,22.72,30136,0
GXTG.US,D,20240119,000000,22.7465,22.9189,22.68,22.8,6594,0
GXTG.US,D,20240122,000000,22.81,22.99,22.7349,22.81,32767,0
GXTG.US,D,20240123,000000,22.98,23.11,22.8562,22.96,3054,0
GXTG.US,D,20240124,000000,23.33,23.33,22.87,22.87,2420,0
GXTG.US,D,20240125,000000,22.98,22.98,22.78,22.88,7463,0
GXTG.US,D,20240126,000000,23.005,23.005,22.82,22.82,2355,0
GXTG.US,D,20240129,000000,22.69,23.122,22.6768,23,7073,0
GXTG.US,D,20240130,000000,22.74,22.8,22.7,22.7,2408,0
GXTG.US,D,20240131,000000,22.755,22.755,22.505,22.54,2702,0
GXTG.US,D,20240201,000000,22.55,22.82,22.55,22.66,1369,0
GXTG.US,D,20240202,000000,22.62,22.62,22.24,22.54,8421,0
GXTG.US,D,20240205,000000,22.0101,22.1313,21.99,22.1302,8714,0
GXTG.US,D,20240206,000000,22.29,22.7,22.29,22.7,12911,0
GXTG.US,D,20240207,000000,22.77,22.81,22.63,22.63,10893,0
GXTG.US,D,20240208,000000,22.68,22.91,22.68,22.9,5917,0
GXTG.US,D,20240209,000000,22.6737,22.935,22.6737,22.87,119064,0
GXTG.US,D,20240212,000000,22.91,23.35,22.91,23.2374,21480,0
GXTG.US,D,20240213,000000,22.64,22.7,22.41,22.65,10494,0
GXTG.US,D,20240214,000000,22.75,23.12,22.75,23,3593,0
GXTG.US,D,20240215,000000,23.21,23.49,23.1901,23.49,1966,0
GXTG.US,D,20240216,000000,23.37,23.49,23.32,23.47,2862,0
GXTG.US,D,20240220,000000,23.25,23.25,22.8219,23.08,4329,0
GXTG.US,D,20240221,000000,22.94,22.99,22.8036,22.99,3810,0
GXTG.US,D,20240222,000000,23.1,23.26,22.9779,23.06,9015,0
GXTG.US,D,20240223,000000,23.14,23.22,23.03,23.1442,5169,0
GXTG.US,D,20240226,000000,23.22,23.28,23.13,23.2609,4662,0
GXTG.US,D,20240227,000000,23.35,23.66,23.35,23.54,5639,0
GXTG.US,D,20240228,000000,23.35,23.57,23.35,23.41,5250,0
GXTG.US,D,20240229,000000,23.5901,23.99,23.5801,23.63,6159,0
GXTG.US,D,20240301,000000,23.77,24.16,23.77,24.16,14723,0
GXTG.US,D,20240304,000000,24.1,24.1,23.77,23.8,7611,0
GXTG.US,D,20240305,000000,23.59,23.59,23.27,23.29,5769,0
GXTG.US,D,20240306,000000,23.7239,23.84,23.72,23.74,7956,0
GXTG.US,D,20240307,000000,23.896,24.085,23.82,24.07,2274,0
GXTG.US,D,20240308,000000,24.11,24.1964,24.01,24.02,3954,0
GXTG.US,D,20240311,000000,24.25,24.47,24.11,24.47,9440,0
GXTG.US,D,20240312,000000,24.33,24.33,24.07,24.12,6933,0
GXTG.US,D,20240313,000000,24.37,24.4051,24.26,24.37,3631,0
GXTG.US,D,20240314,000000,24.36,24.36,23.68,23.91,1406,0
GXTG.US,D,20240315,000000,23.75,23.8229,23.72,23.78,4502,0
GXTG.US,D,20240318,000000,23.82,24.03,23.82,24.02,9957,0
GXTG.US,D,20240319,000000,23.58,23.92,23.58,23.73,5265,0
GXTG.US,D,20240320,000000,23.785,24.29,23.68,24.29,11244,0
GXTG.US,D,20240321,000000,24.28,24.28,24.08,24.1,4751,0
GXTG.US,D,20240322,000000,23.94,23.9461,23.83,23.83,2130,0
GXTG.US,D,20240325,000000,23.7401,23.83,23.67,23.7,28233,0
GXTG.US,D,20240326,000000,23.7855,23.7895,23.62,23.62,25268,0
GXTG.US,D,20240327,000000,23.77,24.01,23.77,23.94,3113,0
GXTG.US,D,20240328,000000,24.03,24.14,23.98,24.14,1228,0
GXTG.US,D,20240401,000000,24.15,24.15,23.84,23.98,32201,0
GXTG.US,D,20240402,000000,23.76,23.91,23.73,23.91,2480,0
GXTG.US,D,20240403,000000,23.69,23.9,23.55,23.85,3862,0
GXTG.US,D,20240404,000000,24.1,24.1,23.68,23.85,737,0
GXTG.US,D,20240405,000000,23.8,23.84,23.59,23.755,21180,0
GXTG.US,D,20240408,000000,23.77,24.06,23.77,23.84,13352,0
GXTG.US,D,20240409,000000,24.11,24.44,24.11,24.44,1390,0
GXTG.US,D,20240410,000000,23.6,23.72,23.6,23.63,4228,0
GXTG.US,D,20240411,000000,23.63,23.87,23.54,23.87,5875,0
GXTG.US,D,20240412,000000,23.57,23.57,23.1,23.14,1783,0
GXTG.US,D,20240415,000000,23.1,23.125,22.92,22.92,571,0
GXTG.US,D,20240416,000000,22.41,22.58,22.35,22.4,3090,0
GXTG.US,D,20240417,000000,22.65,22.69,22.56,22.69,1113,0
GXTG.US,D,20240418,000000,22.615,22.695,22.45,22.45,2215,0
GXTG.US,D,20240419,000000,22.33,22.33,22.277,22.277,734,0
GXTG.US,D,20240422,000000,22.39,22.6099,22.39,22.57,11143,0
GXTG.US,D,20240423,000000,22.5078,22.767,22.5078,22.6,26233,0
GXTG.US,D,20240424,000000,22.58,22.58,22.44,22.525,9665,0
GXTG.US,D,20240425,000000,22.4,22.55,22.1401,22.55,4827,0
GXTG.US,D,20240426,000000,22.59,22.8846,22.59,22.86,7733,0
GXTG.US,D,20240429,000000,23.04,23.37,23.0201,23.37,5768,0
GXTG.US,D,20240430,000000,23.05,23.05,22.69,22.69,2137,0
GXTG.US,D,20240501,000000,22.91,23.1451,22.61,22.92,3545,0
GXTG.US,D,20240502,000000,23.2974,23.3739,23.29,23.31,2590,0
GXTG.US,D,20240503,000000,23.75,23.75,23.53,23.7,20930,0
GXTG.US,D,20240506,000000,23.805,23.81,23.62,23.81,3265,0
GXTG.US,D,20240507,000000,23.8502,23.89,23.76,23.89,1917,0
GXTG.US,D,20240508,000000,23.4762,23.515,23.38,23.46,1056,0
GXTG.US,D,20240509,000000,23.71,23.99,23.71,23.99,6711,0
GXTG.US,D,20240510,000000,24.01,24.01,23.692,23.7827,7921,0
GXTG.US,D,20240513,000000,23.78,24.031,23.77,23.8,6361,0
GXTG.US,D,20240514,000000,24.05,24.2045,24.05,24.2045,78157,0
GXTG.US,D,20240515,000000,24.0621,24.37,23.96,24.2,5522,0
GXTG.US,D,20240516,000000,24.22,24.34,24.2,24.34,1960,0
GXTG.US,D,20240517,000000,24.2801,24.3,24.2801,24.29,641,0
GXTG.US,D,20240520,000000,24.3575,24.48,24.33,24.48,1064,0
GXTG.US,D,20240521,000000,24.13,24.3199,24.13,24.16,508,0
GXTG.US,D,20240522,000000,24.16,24.4647,24.16,24.38,1968,0
GXTG.US,D,20240523,000000,23.975,24.01,23.63,23.7,4168,0
GXTG.US,D,20240524,000000,23.7428,24.09,23.7428,24.07,9778,0
GXTG.US,D,20240528,000000,24.02,24.09,23.77,23.84,10228,0
GXTG.US,D,20240529,000000,23.8,23.8,23.5512,23.6273,4339,0
GXTG.US,D,20240530,000000,23.71,23.8302,23.71,23.77,1431,0
GXTG.US,D,20240531,000000,23.83,24.0023,23.6,23.73,5880,0
GXTG.US,D,20240603,000000,23.75,23.89,23.73,23.89,6092,0
GXTG.US,D,20240604,000000,23.71,23.88,23.67,23.85,10359,0
GXTG.US,D,20240605,000000,23.86,24.12,23.86,24,13888,0
GXTG.US,D,20240606,000000,23.85,23.925,23.85,23.9,14637,0
GXTG.US,D,20240607,000000,23.5,23.5,23.39,23.41,4182,0
GXTG.US,D,20240610,000000,23.34,23.63,23.34,23.63,1177,0
GXTG.US,D,20240611,000000,23.2804,23.53,23.2804,23.53,1106,0
GXTG.US,D,20240612,000000,23.77,23.93,23.59,23.59,10662,0
GXTG.US,D,20240613,000000,23.59,23.59,23.3,23.4,13243,0
GXTG.US,D,20240614,000000,23.23,23.23,23.05,23.17,3184,0
GXTG.US,D,20240617,000000,23.02,23.05,22.9667,23.01,1066,0
GXTG.US,D,20240618,000000,23.1,23.19,23.08,23.19,2476,0
GXTG.US,D,20240620,000000,22.96,22.97,22.82,22.87,12066,0
GXTG.US,D,20240621,000000,22.8155,22.845,22.8,22.84,1835,0
GXTG.US,D,20240624,000000,22.95,23.1328,22.95,23.09,689,0
GXTG.US,D,20240625,000000,22.86,22.86,22.77,22.79,11786,0
GXTG.US,D,20240626,000000,22.82,22.97,22.82,22.97,11101,0
GXTG.US,D,20240627,000000,22.62,22.77,22.6,22.67,4310,0
GXTG.US,D,20240628,000000,22.65,22.695,22.46,22.47,14868,0
GXTG.US,D,20240701,000000,22.61,22.63,22.46,22.53,3099,0
GXTG.US,D,20240702,000000,22.47,22.52,22.34,22.41,3928,0
GXTG.US,D,20240703,000000,22.55,22.93,22.55,22.93,1951,0
GXTG.US,D,20240705,000000,22.87,22.95,22.8,22.95,14455,0
GXTG.US,D,20240708,000000,22.92,22.92,22.8,22.85,5384,0
GXTG.US,D,20240709,000000,22.85,22.97,22.85,22.97,2892,0
GXTG.US,D,20240710,000000,22.92,23.14,22.92,23.04,10944,0
GXTG.US,D,20240711,000000,23.5,23.57,23.49,23.53,3779,0
GXTG.US,D,20240712,000000,23.99,23.99,23.86,23.86,2969,0
GXTG.US,D,20240715,000000,23.705,23.76,23.581,23.6,7035,0
GXTG.US,D,20240716,000000,23.69,24.025,23.69,23.99,5952,0
GXTG.US,D,20240717,000000,23.64,23.74,23.64,23.74,290,0
GXTG.US,D,20240718,000000,23.77,23.77,23.25,23.25,2761,0
GXTG.US,D,20240719,000000,23.26,23.34,23.19,23.34,1073,0
GXTG.US,D,20240722,000000,23.21,23.45,23.21,23.35,3568,0
GXTG.US,D,20240723,000000,23.255,23.26,23.12,23.26,570,0
GXTG.US,D,20240724,000000,23.1,23.1746,22.81,22.81,1441,0
GXTG.US,D,20240725,000000,23.07,23.2,22.9,23.01,14497,0
GXTG.US,D,20240726,000000,23.17,23.245,23.17,23.18,1932,0
GXTG.US,D,20240729,000000,23.22,23.22,22.95,23.1,13090,0
GXTG.US,D,20240730,000000,23.06,23.06,22.87,22.87,596,0
GXTG.US,D,20240731,000000,23.21,23.48,23.21,23.46,10900,0
GXTG.US,D,20240801,000000,23.35,23.35,22.8495,22.89,2364,0
GXTG.US,D,20240802,000000,22.58,22.61,22.41,22.61,14066,0
GXTG.US,D,20240805,000000,21.57,22.045,21.41,21.8,4863,0
GXTG.US,D,20240806,000000,22.01,22.2351,22.01,22.16,6597,0
GXTG.US,D,20240807,000000,22.44,22.44,21.95,21.95,12745,0
GXTG.US,D,20240808,000000,22.15,22.51,22.15,22.37,3083,0
GXTG.US,D,20240809,000000,22.32,22.43,22.29,22.43,17594,0
GXTG.US,D,20240812,000000,22.34,22.34,22.22,22.23,11597,0
GXTG.US,D,20240813,000000,22.6,22.79,22.6,22.79,2543,0
GXTG.US,D,20240814,000000,22.71,22.71,22.45,22.46,4937,0
GXTG.US,D,20240815,000000,22.78,22.9036,22.78,22.85,3138,0
GXTG.US,D,20240816,000000,22.82,23,22.76,23,6142,0
GXTG.US,D,20240819,000000,23.01,23.28,23.01,23.23,3564,0
GXTG.US,D,20240820,000000,23.23,23.23,23.07,23.13,3067,0
GXTG.US,D,20240821,000000,23.24,23.4301,23.24,23.4301,1291,0
GXTG.US,D,20240822,000000,23.39,23.39,22.96,22.96,2221,0
GXTG.US,D,20240823,000000,23.17,23.57,23.17,23.57,2221,0
GXTG.US,D,20240826,000000,23.55,23.7,23.44,23.44,5964,0
GXTG.US,D,20240827,000000,23.3437,23.54,23.32,23.54,4374,0
GXTG.US,D,20240828,000000,23.07,23.24,23.07,23.24,656,0
GXTG.US,D,20240829,000000,23.35,23.49,23.31,23.31,2015,0
GXTG.US,D,20240830,000000,23.49,23.49,23.26,23.48,7903,0
GXTG.US,D,20240903,000000,23.17,23.17,22.62,22.68,25391,0
GXTG.US,D,20240904,000000,22.63,22.8041,22.63,22.8041,983,0
GXTG.US,D,20240905,000000,22.985,23,22.86,22.99,2397,0
GXTG.US,D,20240906,000000,22.86,22.86,22.29,22.31,3137,0
GXTG.US,D,20240909,000000,22.51,22.63,22.51,22.61,1836,0
GXTG.US,D,20240910,000000,22.41,22.52,22.35,22.52,1925,0
GXTG.US,D,20240911,000000,22.87,23.18,22.77,23.18,2492,0
GXTG.US,D,20240912,000000,23.12,23.15,22.9859,23.15,1692,0
GXTG.US,D,20240913,000000,23.35,23.35,23.26,23.3,1259,0
GXTG.US,D,20240916,000000,23.41,23.4327,23.32,23.4327,1704,0
GXTG.US,D,20240917,000000,23.58,23.62,23.55,23.55,1103,0
GXTG.US,D,20240918,000000,23.5101,23.64,23.4651,23.55,2857,0
GXTG.US,D,20240919,000000,23.9,23.95,23.8486,23.8486,619,0
GXTG.US,D,20240920,000000,23.41,23.51,23.41,23.51,1233,0
GXTG.US,D,20240923,000000,23.6468,23.6468,23.601,23.6258,2158,0
GXTG.US,D,20240924,000000,24.15,24.41,24.15,24.41,3495,0
GXTG.US,D,20240925,000000,24.08,24.08,23.92,23.93,30888,0
GXTG.US,D,20240926,000000,24.56,24.84,24.56,24.84,2044,0
GXTG.US,D,20240927,000000,25.1564,25.1564,25.03,25.03,445,0
GXTG.US,D,20240930,000000,25.49,25.505,25.24,25.42,2280,0
GXTG.US,D,20241001,000000,25.115,25.3821,25.115,25.34,705,0
GXTG.US,D,20241002,000000,25.52,25.7,25.52,25.64,1783,0
GXTG.US,D,20241003,000000,25.34,25.34,25.22,25.34,1453,0
GXTG.US,D,20241004,000000,25.63,25.76,25.57,25.76,1562,0
GXTG.US,D,20241007,000000,25.89,26.12,25.89,26.06,2713,0
GXTG.US,D,20241008,000000,25.48,25.48,25.48,25.48,767,0
GXTG.US,D,20241009,000000,25.07,25.1679,25.07,25.07,624,0
GXTG.US,D,20241010,000000,24.9301,25.11,24.91,24.92,2419,0
GXTG.US,D,20241011,000000,25.16,25.2,25.16,25.2,224,0
GXTG.US,D,20241014,000000,24.99,25.12,24.99,25.12,1427,0
GXTG.US,D,20241015,000000,24.84,24.84,24.5,24.5,662,0
GXTG.US,D,20241016,000000,24.72,24.7623,24.69,24.69,705,0
GXTG.US,D,20241017,000000,24.4557,24.4557,24.39202,24.45,2177,0
GXTG.US,D,20241018,000000,24.83,24.83,24.73,24.76,2776,0
GXTG.US,D,20241021,000000,24.8,24.8,24.59,24.74,806,0
GXTG.US,D,20241022,000000,24.68,24.82,24.68,24.82,2749,0
GXTG.US,D,20241023,000000,24.58,24.725,24.43,24.52,2332,0
GXTG.US,D,20241024,000000,24.51,24.6,24.38,24.49,3131,0
GXTG.US,D,20241025,000000,24.89,25.02,24.865,24.88,1808,0
GXTG.US,D,20241028,000000,25.14,25.2,25.07,25.09,4609,0
GXTG.US,D,20241029,000000,24.98,24.98,24.77,24.86,981,0
GXTG.US,D,20241030,000000,24.8832,24.8832,24.6911,24.81,2814,0
GXTG.US,D,20241031,000000,24.62,24.78,24.62,24.78,770,0
GXTG.US,D,20241101,000000,24.705,24.705,24.65,24.65,1528,0
GXTG.US,D,20241104,000000,24.82,25.09,24.82,24.985,4413,0
