<TICKER>,<PER>,<DATE>,<TIME>,<OPEN>,<HIGH>,<LOW>,<CLOSE>,<VOL>,<OPENINT>
HERD.US,D,20190507,000000,22.8699,22.8699,22.7814,22.7814,597.6300486159,0
HERD.US,D,20190508,000000,22.8228,22.8228,22.8228,22.8228,220.92967725664,0
HERD.US,D,20190513,000000,22.0212,22.0212,22.0212,22.0212,219.91156814486,0
HERD.US,D,20190516,000000,22.472,22.472,22.472,22.472,109.95578407243,0
HERD.US,D,20190517,000000,22.3444,22.3444,22.3444,22.3444,109.95578407243,0
HERD.US,D,20190528,000000,21.6803,21.6803,21.6803,21.6803,216.85724080952,0
HERD.US,D,20190529,000000,21.2639,21.2639,21.2414,21.2414,270.81702373395,0
HERD.US,D,20190530,000000,21.3062,21.3062,21.3062,21.3062,310.52327909344,0
HERD.US,D,20190606,000000,21.6529,21.6529,21.6529,21.6529,109.95578407243,0
HERD.US,D,20190607,000000,21.8916,21.9201,21.8916,21.9201,759.50939738919,0
HERD.US,D,20190613,000000,22.0693,22.0693,22.0693,22.0693,544.68837480324,0
HERD.US,D,20190617,000000,21.8435,21.8435,21.8435,21.8435,188.35018567962,0
HERD.US,D,20190620,000000,22.362,22.362,22.362,22.362,216.85724080952,0
HERD.US,D,20190625,000000,22.2472,22.2472,22.2472,22.2472,623.08277641044,0
HERD.US,D,20190626,000000,22.2501,22.2501,22.2501,22.2501,212.78480436239,0
HERD.US,D,20190627,000000,22.3434,22.3434,22.3434,22.3434,429.64204517191,0
HERD.US,D,20190628,000000,22.4436,22.4436,22.4436,22.4436,280.99811485177,0
HERD.US,D,20190701,000000,22.6027,22.6027,22.6027,22.6027,431.67826339546,0
HERD.US,D,20190703,000000,22.6832,22.6832,22.6832,22.6832,108.93767496064,0
HERD.US,D,20190705,000000,22.6223,22.6223,22.6223,22.6223,494.80102832593,0
HERD.US,D,20190708,000000,22.5064,22.5123,22.4779,22.4779,2477.0594689651,0
HERD.US,D,20190710,000000,22.4927,22.5771,22.4927,22.5584,4992.8070841777,0
HERD.US,D,20190711,000000,22.5025,22.5025,22.5025,22.5025,108.93767496064,0
HERD.US,D,20190712,000000,22.6754,22.7343,22.6754,22.7343,2476.0413598532,0
HERD.US,D,20190715,000000,22.7127,22.7127,22.7127,22.7127,565.05055703888,0
HERD.US,D,20190716,000000,22.6872,22.6872,22.6774,22.6774,768.67237939523,0
HERD.US,D,20190717,000000,22.5025,22.5025,22.5025,22.5025,931.56983728031,0
HERD.US,D,20190724,000000,22.7461,22.7461,22.7461,22.7461,1319.4694088692,0
HERD.US,D,20190725,000000,22.6509,22.6509,22.6509,22.6509,206.6761496917,0
HERD.US,D,20190729,000000,22.642,22.642,22.642,22.642,424.551499613,0
HERD.US,D,20190730,000000,22.642,22.642,22.642,22.642,273.87135106929,0
HERD.US,D,20190731,000000,22.6783,22.6862,22.6223,22.6223,1367.3205371229,0
HERD.US,D,20190801,000000,22.4652,22.4652,22.1224,22.1695,4148.7946305107,0
HERD.US,D,20190805,000000,21.3493,21.3493,21.2581,21.2581,733.03856048287,0
HERD.US,D,20190806,000000,21.4731,21.4731,21.4731,21.4731,652.6079406521,0
HERD.US,D,20190807,000000,21.3523,21.482,21.3092,21.482,1003.8555842168,0
HERD.US,D,20190812,000000,21.6214,21.6214,21.3621,21.3621,311.54138820522,0
HERD.US,D,20190813,000000,21.6244,21.6244,21.6244,21.6244,159.84313054974,0
HERD.US,D,20190816,000000,21.2305,21.2531,21.2305,21.2531,278.9618966282,0
HERD.US,D,20190819,000000,21.535,21.535,21.535,21.535,269.79891462217,0
HERD.US,D,20190827,000000,21.2492,21.2492,21.2129,21.2129,248.41862327475,0
HERD.US,D,20190828,000000,21.2669,21.2669,21.2581,21.2581,9078.4789497579,0
HERD.US,D,20190830,000000,21.5576,21.5576,21.5467,21.5467,1091.41296783,0
HERD.US,D,20190904,000000,21.6725,21.6725,21.6725,21.6725,341.06655244689,0
HERD.US,D,20190905,000000,22.142,22.142,22.087,22.09,834.84947166105,0
HERD.US,D,20190909,000000,22.3002,22.3503,22.3002,22.3503,889.82736369725,0
HERD.US,D,20190910,000000,22.586,22.586,22.5791,22.584,687.22365045269,0
HERD.US,D,20190911,000000,22.8256,22.8256,22.8031,22.8031,352.26575267649,0
HERD.US,D,20190917,000000,22.914,22.914,22.914,22.914,459.16720941357,0
HERD.US,D,20190919,000000,22.859,22.8826,22.8168,22.8168,1024.2177664525,0
HERD.US,D,20190920,000000,22.7431,22.7431,22.7431,22.7431,108.93767496064,0
HERD.US,D,20190923,000000,22.7245,22.7245,22.7245,22.7245,862.33841767915,0
HERD.US,D,20190925,000000,22.5909,22.5909,22.5909,22.5909,340.04844333511,0
HERD.US,D,20191002,000000,21.8926,21.8926,21.8474,21.8474,392.99011714776,0
HERD.US,D,20191010,000000,22.0733,22.0733,22.0733,22.0733,107.91956584887,0
HERD.US,D,20191015,000000,22.6596,22.6596,22.6596,22.6596,214.82102258595,0
HERD.US,D,20191018,000000,22.6499,22.6499,22.6499,22.6499,107.91956584887,0
HERD.US,D,20191021,000000,22.8365,22.8365,22.8365,22.8365,127.26363897272,0
HERD.US,D,20191022,000000,22.8178,23.0702,22.8178,23.0603,750.34641538316,0
HERD.US,D,20191023,000000,23.0536,23.0536,23.0536,23.0536,322.74058843482,0
HERD.US,D,20191029,000000,23.3688,23.3688,23.3688,23.3688,267.7626963986,0
HERD.US,D,20191104,000000,23.6409,23.6978,23.6409,23.691,1520.0369038902,0
HERD.US,D,20191111,000000,23.7901,23.7901,23.7901,23.7901,111.992002296,0
HERD.US,D,20191112,000000,23.8118,23.8118,23.7715,23.7715,345.13898889402,0
HERD.US,D,20191113,000000,23.7234,23.7234,23.5848,23.5947,2407.8280493639,0
HERD.US,D,20191115,000000,23.7332,23.7332,23.7214,23.7214,378.73658958281,0
HERD.US,D,20191118,000000,23.7047,23.7047,23.6723,23.6723,3488.0418169643,0
HERD.US,D,20191119,000000,23.6409,23.7038,23.6409,23.6635,832.81325343748,0
HERD.US,D,20191120,000000,23.6212,23.6212,23.4179,23.4847,540.61593835612,0
HERD.US,D,20191121,000000,23.4356,23.4445,23.4356,23.4445,657.69848621101,0
HERD.US,D,20191122,000000,23.5662,23.5662,23.5329,23.5329,1127.0467867424,0
HERD.US,D,20191125,000000,23.855,23.8747,23.855,23.86,270.81702373395,0
HERD.US,D,20191126,000000,23.8648,23.8648,23.8402,23.8402,643.44495864607,0
HERD.US,D,20191127,000000,23.9454,23.9522,23.9208,23.9522,650.57172242855,0
HERD.US,D,20191129,000000,23.9208,23.9208,23.8039,23.8039,266.74458728682,0
HERD.US,D,20191203,000000,23.3324,23.4356,23.3324,23.4356,305.43273353453,0
HERD.US,D,20191204,000000,23.6674,23.6674,23.6262,23.6262,148.64393032014,0
HERD.US,D,20191206,000000,23.8835,23.9021,23.857,23.8697,1164.7168238783,0
HERD.US,D,20191209,000000,23.9208,23.9208,23.9208,23.9208,321.72247932304,0
HERD.US,D,20191210,000000,23.8186,23.8186,23.7951,23.7951,311.54138820522,0
HERD.US,D,20191211,000000,23.855,23.8973,23.855,23.8973,404.18931737735,0
HERD.US,D,20191212,000000,24.2293,24.2293,24.1546,24.2193,654.64415887567,0
HERD.US,D,20191218,000000,24.3657,24.3825,24.3657,24.3825,214.82102258595,0
HERD.US,D,20191219,000000,24.4149,24.4149,24.4149,24.4149,629.19143108113,0
HERD.US,D,20191223,000000,24.4256,24.4512,24.4256,24.4512,133.37229364341,0
HERD.US,D,20191224,000000,24.4512,24.4512,24.4286,24.4286,275.90756929286,0
HERD.US,D,20191230,000000,24.4905,24.4905,24.3677,24.3677,437.78691806616,0
HERD.US,D,20191231,000000,24.4433,24.4581,24.3972,24.4581,1573.9966868146,0
HERD.US,D,20200102,000000,24.5573,24.5573,24.4797,24.5435,348.19331622936,0
HERD.US,D,20200106,000000,24.4336,24.4336,24.3491,24.4149,1613.7029421741,0
HERD.US,D,20200107,000000,24.3825,24.4011,24.3579,24.4011,670.93390466418,0
HERD.US,D,20200108,000000,24.41,24.4905,24.41,24.4905,638.35441308716,0
HERD.US,D,20200114,000000,24.6133,24.6133,24.5897,24.5897,494.80102832593,0
HERD.US,D,20200116,000000,24.7999,24.8235,24.7636,24.8235,368.555498465,0
HERD.US,D,20200117,000000,24.847,24.847,24.8421,24.8421,258.59971439257,0
HERD.US,D,20200124,000000,24.302,24.302,24.2577,24.2577,1850.9223652192,0
HERD.US,D,20200127,000000,23.8903,23.9091,23.8256,23.8256,2895.5023139073,0
HERD.US,D,20200128,000000,23.9885,24.0623,23.964,24.0485,1703.2965440109,0
HERD.US,D,20200204,000000,23.4111,23.4111,23.4111,23.4111,106.90145673709,0
HERD.US,D,20200205,000000,23.9866,24.1192,23.9866,24.1192,267.7626963986,0
HERD.US,D,20200206,000000,24.1163,24.1163,24.1163,24.1163,108.93767496064,0
HERD.US,D,20200211,000000,23.9818,24.0112,23.9689,23.9689,1596.3950872738,0
HERD.US,D,20200213,000000,24.134,24.134,24.134,24.134,110.97389318421,0
HERD.US,D,20200214,000000,24.0013,24.0013,24.0013,24.0013,117.0825478549,0
HERD.US,D,20200218,000000,23.8422,23.8472,23.8275,23.8472,349.21142534115,0
HERD.US,D,20200219,000000,24.0043,24.02,23.9748,24.02,504.98211944375,0
HERD.US,D,20200220,000000,23.9965,23.9965,23.9738,23.9847,404.18931737735,0
HERD.US,D,20200224,000000,23.2225,23.2225,23.2225,23.2225,1873.3207656784,0
HERD.US,D,20200225,000000,22.6596,22.6596,22.6596,22.6596,108.93767496064,0
HERD.US,D,20200226,000000,22.4897,22.4897,22.1509,22.1509,1038.4712940174,0
HERD.US,D,20200227,000000,21.4475,21.4475,21.3406,21.3406,108.93767496064,0
HERD.US,D,20200228,000000,21.0438,21.1087,20.9947,21.1087,2448.5524138351,0
HERD.US,D,20200306,000000,20.6176,20.9466,20.6176,20.9466,266.74458728682,0
HERD.US,D,20200309,000000,19.5794,19.5794,19.1836,19.1836,108.93767496064,0
HERD.US,D,20200310,000000,19.1856,19.7946,19.1856,19.7946,2247.9849188141,0
HERD.US,D,20200312,000000,18.2554,18.2554,16.8213,16.8213,11326.463868572,0
HERD.US,D,20200313,000000,17.3911,17.8448,16.899,17.8448,11920.02148074,0
HERD.US,D,20200316,000000,16.5729,16.5729,16.5542,16.5542,4658.8672955134,0
HERD.US,D,20200323,000000,15.0907,15.0907,14.9542,15.0514,638.35441308716,0
HERD.US,D,20200324,000000,16.3008,16.5277,16.2821,16.5277,3708.9714942209,0
HERD.US,D,20200326,000000,17.6159,17.841,17.4638,17.841,3609.1968012663,0
HERD.US,D,20200406,000000,17.6002,17.7398,17.6002,17.7398,465.27586408427,0
HERD.US,D,20200407,000000,18.4086,18.4086,17.9137,17.9137,544.68837480324,0
HERD.US,D,20200408,000000,18.4764,18.5029,18.3251,18.5029,3307.836504179,0
HERD.US,D,20200409,000000,18.826,18.8684,18.826,18.8684,900.00845481507,0
HERD.US,D,20200413,000000,18.4421,18.5943,18.4283,18.5903,2115.6307342825,0
HERD.US,D,20200414,000000,18.8457,18.9685,18.826,18.9429,3871.868952106,0
HERD.US,D,20200415,000000,18.2397,18.2672,18.1748,18.1748,264.70836906326,0
HERD.US,D,20200416,000000,18.4951,18.4951,18.4951,18.4951,292.19731508137,0
HERD.US,D,20200420,000000,18.723,18.723,18.4096,18.4096,1277.7269352861,0
HERD.US,D,20200421,000000,17.8026,17.9107,17.8026,17.9107,188.35018567962,0
HERD.US,D,20200422,000000,18.2063,18.2397,18.2063,18.2397,212.78480436239,0
HERD.US,D,20200424,000000,18.4086,18.6551,18.391,18.6551,1429.4251929416,0
HERD.US,D,20200428,000000,19.3938,19.4801,19.3938,19.4586,313.57760642879,0
HERD.US,D,20200429,000000,20.2317,20.3004,20.2317,20.3004,212.78480436239,0
HERD.US,D,20200504,000000,18.8163,18.996,18.8163,18.996,313.57760642879,0
HERD.US,D,20200507,000000,19.2798,19.2798,19.1679,19.1679,161.8793487733,0
HERD.US,D,20200511,000000,19.6668,19.6668,19.6109,19.6472,370.59171668856,0
HERD.US,D,20200513,000000,18.7583,18.7769,18.6541,18.6541,1002.837475105,0
HERD.US,D,20200514,000000,18.6747,18.7632,18.5294,18.7632,5256.4973441292,0
HERD.US,D,20200518,000000,19.8761,19.9693,19.7799,19.9458,8803.5894895769,0
HERD.US,D,20200519,000000,19.9409,19.9595,19.6728,19.6728,6667.5965730587,0
HERD.US,D,20200520,000000,19.9979,20.0351,19.9979,20.0351,984.51151109296,0
HERD.US,D,20200522,000000,19.7425,19.8838,19.7425,19.8838,524.32619256761,0
HERD.US,D,20200526,000000,20.5283,20.5283,20.4654,20.4654,2194.0251358897,0
HERD.US,D,20200527,000000,21.0391,21.1303,21.0381,21.1303,2064.7252786934,0
HERD.US,D,20200529,000000,20.8681,20.8868,20.819,20.819,529.41673812652,0
HERD.US,D,20200601,000000,20.8868,21.1991,20.8868,21.0979,2171.6267354305,0
HERD.US,D,20200603,000000,21.4348,22.0379,21.4348,22.0379,660.75281354636,0
HERD.US,D,20200608,000000,23.3089,23.3924,23.3089,23.3924,238.23753215693,0
HERD.US,D,20200609,000000,22.9769,22.9769,22.9013,22.9013,421.49717227765,0
HERD.US,D,20200610,000000,22.5624,22.6065,22.4436,22.4485,2498.4397603125,0
HERD.US,D,20200616,000000,21.7944,22.0969,21.7944,21.9102,269.79891462217,0
HERD.US,D,20200617,000000,21.8435,21.8906,21.7737,21.7737,4179.3379038641,0
HERD.US,D,20200622,000000,21.4829,21.6558,21.4829,21.6558,105.8833476253,0
HERD.US,D,20200623,000000,21.7884,21.7884,21.7472,21.7472,156.78880321439,0
HERD.US,D,20200701,000000,21.5684,21.5684,21.3729,21.3729,401.13499004201,0
HERD.US,D,20200702,000000,21.5291,21.6332,21.5291,21.5576,237.21942304515,0
HERD.US,D,20200706,000000,21.7226,21.814,21.7226,21.814,212.78480436239,0
HERD.US,D,20200714,000000,21.7187,21.8572,21.7187,21.8572,1053.7429306942,0
HERD.US,D,20200715,000000,22.1941,22.1941,22.1941,22.1941,106.90145673709,0
HERD.US,D,20200728,000000,22.6566,22.6852,22.5545,22.5545,580.3221937156,0
HERD.US,D,20200803,000000,22.7333,22.7501,22.7293,22.7293,460.18531852536,0
HERD.US,D,20200804,000000,22.858,22.9101,22.857,22.9101,263.69025995148,0
HERD.US,D,20200813,000000,23.7293,23.7293,23.5908,23.5908,105.8833476253,0
HERD.US,D,20200814,000000,23.6733,23.6733,23.6733,23.6733,108.93767496064,0
HERD.US,D,20200817,000000,23.7391,23.7489,23.7174,23.7174,378.73658958281,0
HERD.US,D,20200826,000000,23.5976,23.6349,23.5976,23.6349,581.34030282739,0
HERD.US,D,20200828,000000,23.5986,23.7097,23.5976,23.7097,263.69025995148,0
HERD.US,D,20200831,000000,23.5976,23.5976,23.5377,23.5377,343.10277067045,0
HERD.US,D,20200901,000000,23.3227,23.3855,23.2941,23.3855,2115.6307342825,0
HERD.US,D,20200904,000000,22.8295,22.8295,22.8295,22.8295,156.78880321439,0
HERD.US,D,20200911,000000,22.8375,22.8375,22.8247,22.8247,395.02633537132,0
HERD.US,D,20200914,000000,23.1075,23.1114,23.0752,23.1114,1595.376978162,0
HERD.US,D,20200915,000000,23.2175,23.2175,23.2175,23.2175,156.78880321439,0
HERD.US,D,20200916,000000,23.3914,23.3914,23.3914,23.3914,146.60771209657,0
HERD.US,D,20200917,000000,23.1615,23.1979,23.1615,23.1979,658.7165953228,0
HERD.US,D,20200922,000000,22.4052,22.4052,22.4052,22.4052,553.85135680928,0
HERD.US,D,20200923,000000,22.3296,22.3296,22.0281,22.0281,2797.7638391763,0
HERD.US,D,20200924,000000,21.9269,22.0645,21.9269,22.0645,3144.9390462939,0
HERD.US,D,20200928,000000,22.6047,22.6047,22.6047,22.6047,183.25964012071,0
HERD.US,D,20201002,000000,22.4161,22.923,22.4161,22.8384,473.42073697852,0
HERD.US,D,20201009,000000,23.8305,23.8903,23.7342,23.7538,8705.8510148458,0
HERD.US,D,20201013,000000,23.6006,23.6527,23.6006,23.6527,610.86546706905,0
HERD.US,D,20201015,000000,23.3904,23.3904,23.3904,23.3904,517.19942878513,0
HERD.US,D,20201019,000000,23.686,23.686,23.3433,23.3433,262.67215083969,0
HERD.US,D,20201021,000000,23.1989,23.4101,23.1989,23.3708,1149.4451872016,0
HERD.US,D,20201027,000000,22.7293,22.7638,22.6556,22.696,1621.8478150684,0
HERD.US,D,20201029,000000,22.0615,22.1557,22.0526,22.1361,873.53761790875,0
HERD.US,D,20201104,000000,23.0839,23.1538,23.0496,23.0496,741.18343337713,0
HERD.US,D,20201112,000000,24.1359,24.2027,24.0691,24.1408,1764.3830907178,0
HERD.US,D,20201113,000000,24.5671,24.6811,24.5671,24.6811,628.17332196935,0
HERD.US,D,20201119,000000,25.1299,25.1398,25.1299,25.1398,284.05244218711,0
HERD.US,D,20201123,000000,25.8518,25.8518,25.676,25.7035,1437.5700658359,0
HERD.US,D,20201124,000000,26.2594,26.3439,26.2594,26.3439,1095.4854042771,0
HERD.US,D,20201125,000000,26.1249,26.2201,26.1171,26.2201,315.61382465234,0
HERD.US,D,20201130,000000,25.9256,25.9256,25.7134,25.7251,892.88169103261,0
HERD.US,D,20201201,000000,25.9805,26.1288,25.9805,26.1288,165.95178522043,0
HERD.US,D,20201211,000000,27.004,27.004,27.004,27.004,20.362182235635,0
HERD.US,D,20201215,000000,26.8911,27.0826,26.8174,27.0826,2954.5526423907,0
HERD.US,D,20201217,000000,27.1984,27.1984,27.1984,27.1984,9.1629820060358,0
HERD.US,D,20201218,000000,27.1022,27.1583,27.1022,27.1583,491.74670099059,0
HERD.US,D,20201221,000000,26.8812,26.8812,26.8812,26.8812,154.75258499083,0
HERD.US,D,20201223,000000,27.0914,27.0914,27.0658,27.0658,1778.6366182828,0
HERD.US,D,20201229,000000,27.279,27.279,27.279,27.279,23.416509570981,0
HERD.US,D,20201230,000000,27.1365,27.1365,27.1365,27.1365,108.93767496064,0
HERD.US,D,20201231,000000,27.2938,27.2938,27.2938,27.2938,11.1992002296,0
HERD.US,D,20210106,000000,28.1326,28.2819,28.1326,28.2819,660.75281354636,0
HERD.US,D,20210108,000000,28.6885,28.6885,28.6885,28.6885,37.670037135925,0
HERD.US,D,20210112,000000,28.7788,28.9193,28.7563,28.9193,302.37840619919,0
HERD.US,D,20210114,000000,29.265,29.2749,29.1128,29.1128,30960.698089283,0
HERD.US,D,20210121,000000,29.1786,29.1786,29.153,29.153,186.31396745607,0
HERD.US,D,20210125,000000,29.2837,29.2837,29.2248,29.2248,854.1935447849,0
HERD.US,D,20210129,000000,28.546,28.546,28.11,28.11,733.03856048287,0
HERD.US,D,20210201,000000,28.4538,28.5373,28.4282,28.5373,531.45295635008,0
HERD.US,D,20210202,000000,28.659,28.659,28.548,28.548,159.84313054974,0
HERD.US,D,20210203,000000,28.4724,28.6934,28.4704,28.6934,599.66626683945,0
HERD.US,D,20210204,000000,28.9576,28.9576,28.877,28.936,316.63193376413,0
HERD.US,D,20210208,000000,29.3721,29.5519,29.3721,29.5519,130.31796630806,0
HERD.US,D,20210210,000000,29.5537,29.6501,29.5537,29.6118,352.26575267649,0
HERD.US,D,20210216,000000,29.9388,29.9388,29.8229,29.8229,1344.9221366637,0
HERD.US,D,20210217,000000,29.7444,29.7561,29.7444,29.7561,890.84547280904,0
HERD.US,D,20210218,000000,29.5066,29.6019,29.4595,29.4595,30271.438220606,0
HERD.US,D,20210222,000000,29.6697,29.8092,29.6697,29.8092,177.15098545002,0
HERD.US,D,20210223,000000,29.5735,29.7404,29.5735,29.7404,253.50916883366,0
HERD.US,D,20210303,000000,30.093,30.1127,29.8396,29.8396,3878.9957158885,0
HERD.US,D,20210304,000000,29.7168,29.7464,29.3524,29.3524,831.79514432569,0
HERD.US,D,20210308,000000,30.1882,30.3887,30.1882,30.3887,147.62582120835,0
HERD.US,D,20210310,000000,30.9879,30.9879,30.8238,30.9093,362.4468437943,0
HERD.US,D,20210311,000000,31.2746,31.3041,31.1833,31.1833,637.33630397538,0
HERD.US,D,20210312,000000,31.3041,31.4023,31.1784,31.4023,555.88757503284,0
HERD.US,D,20210315,000000,31.6302,31.6302,31.4878,31.5782,701.47717801763,0
HERD.US,D,20210316,000000,31.4691,31.4691,31.4662,31.4662,397.06255359489,0
HERD.US,D,20210317,000000,31.698,31.699,31.5635,31.5635,1234.9663525913,0
HERD.US,D,20210318,000000,31.4397,31.6401,31.4397,31.4397,1472.1857756364,0
HERD.US,D,20210319,000000,30.9682,31.5339,30.9584,31.4279,1078.1775493769,0
HERD.US,D,20210322,000000,31.2079,31.2657,31.198,31.2657,487.67426454347,0
HERD.US,D,20210323,000000,31.0831,31.0831,31.0153,31.0153,299.32407886383,0
HERD.US,D,20210324,000000,30.9869,30.9869,30.7265,30.7265,1135.1916596367,0
HERD.US,D,20210325,000000,30.4663,30.9623,30.4663,30.9623,710.64016002366,0
HERD.US,D,20210401,000000,31.641,31.641,31.641,31.641,141.51716653766,0
HERD.US,D,20210405,000000,32.0173,32.1792,32.0173,32.1792,923.42496438606,0
HERD.US,D,20210408,000000,31.8444,31.8444,31.8444,31.8444,212.78480436239,0
HERD.US,D,20210409,000000,31.8855,32.1321,31.8855,32.1321,1145.3727507545,0
HERD.US,D,20210412,000000,32.1812,32.191,32.1115,32.1115,659.73470443458,0
HERD.US,D,20210414,000000,32.2009,32.2578,32.1232,32.1232,876.5919452441,0
HERD.US,D,20210415,000000,32.3944,32.3944,32.3885,32.3885,786.9983434073,0
HERD.US,D,20210416,000000,32.8177,32.8177,32.6929,32.7165,966.18554708089,0
HERD.US,D,20210419,000000,32.6154,32.6154,32.4897,32.5182,824.66838054323,0
HERD.US,D,20210420,000000,32.471,32.471,32.471,32.471,437.78691806616,0
HERD.US,D,20210422,000000,32.2687,32.2687,32.1626,32.1626,1202.3868610143,0
HERD.US,D,20210423,000000,32.5082,32.5082,32.5082,32.5082,302.37840619919,0
HERD.US,D,20210427,000000,32.6243,32.6243,32.5819,32.5819,210.74858613882,0
HERD.US,D,20210428,000000,32.6213,32.634,32.6154,32.634,1577.05101415,0
HERD.US,D,20210429,000000,32.7793,32.7793,32.7126,32.7126,702.49528712942,0
HERD.US,D,20210430,000000,32.3836,32.3836,32.1812,32.2283,791.07077985443,0
HERD.US,D,20210503,000000,32.5505,32.6586,32.5505,32.6586,1550.5801772436,0
HERD.US,D,20210504,000000,32.4081,32.5054,32.4081,32.5054,382.80902602994,0
HERD.US,D,20210505,000000,32.7783,32.7793,32.7411,32.7411,482.58371898456,0
HERD.US,D,20210506,000000,32.7215,32.9749,32.7215,32.9749,302.37840619919,0
HERD.US,D,20210510,000000,33.3382,33.3382,33.188,33.188,498.87346477306,0
HERD.US,D,20210514,000000,32.8364,33.0692,32.8364,33.0692,694.35041423516,0
HERD.US,D,20210517,000000,33.0878,33.0878,33.0878,33.0878,259.61782350435,0
HERD.US,D,20210518,000000,33.0781,33.0781,32.8354,32.8354,162.89745788508,0
HERD.US,D,20210520,000000,32.8089,32.8089,32.8089,32.8089,76.358183383632,0
HERD.US,D,20210521,000000,32.9139,32.9139,32.8511,32.8511,689.25986867625,0
HERD.US,D,20210524,000000,33.1349,33.1349,33.0004,33.0004,354.30197090005,0
HERD.US,D,20210525,000000,32.8128,32.8364,32.7028,32.7676,3258.9672668134,0
HERD.US,D,20210526,000000,33.0161,33.0593,32.968,32.968,868.44707234984,0
HERD.US,D,20210527,000000,33.3186,33.3186,33.3186,33.3186,436.76880895437,0
HERD.US,D,20210528,000000,33.2028,33.2028,33.2028,33.2028,214.82102258595,0
HERD.US,D,20210601,000000,33.2607,33.2655,33.2607,33.2655,2674.5726366507,0
HERD.US,D,20210602,000000,33.3382,33.3579,33.246,33.3382,2992.2226795266,0
HERD.US,D,20210604,000000,33.406,33.406,33.406,33.406,537.56161102077,0
HERD.US,D,20210607,000000,33.6762,33.793,33.4865,33.793,5528.3324769749,0
HERD.US,D,20210608,000000,33.8677,34.4846,33.8677,34.4846,1770.4917453885,0
HERD.US,D,20210609,000000,34.6976,34.7546,33.9453,34.0602,18269.968010924,0
HERD.US,D,20210611,000000,33.6762,33.6762,33.3285,33.5504,18859.453186645,0
HERD.US,D,20210615,000000,33.184,33.4149,33.184,33.4149,293.21542419314,0
HERD.US,D,20210618,000000,32.7282,32.7282,32.7282,32.7282,263.69025995148,0
HERD.US,D,20210621,000000,32.634,32.634,32.6243,32.6243,483.60182809633,0
HERD.US,D,20210622,000000,32.7696,32.9199,32.7696,32.9199,801.25187097224,0
HERD.US,D,20210623,000000,33.0781,33.0781,32.8618,32.8618,316.63193376413,0
HERD.US,D,20210624,000000,32.3158,33.1683,32.3158,33.1683,344.12087978224,0
HERD.US,D,20210625,000000,33.2725,33.2774,33.2351,33.2351,487.67426454347,0
HERD.US,D,20210628,000000,33.3304,33.3304,33.1969,33.1969,177.15098545002,0
HERD.US,D,20210629,000000,33.2528,33.4267,33.1773,33.1773,581.34030282739,0
HERD.US,D,20210630,000000,33.0603,33.1399,33.0603,33.1399,211.76669525061,0
HERD.US,D,20210702,000000,33.5239,33.5534,33.5239,33.5336,837.90379899639,0
HERD.US,D,20210706,000000,33.0308,33.0308,33.0308,33.0308,287.10676952246,0
HERD.US,D,20210712,000000,33.243,33.3943,33.243,33.3943,7504.4822629433,0
HERD.US,D,20210713,000000,33.2822,33.2921,33.0918,33.0918,239.25564126872,0
HERD.US,D,20210715,000000,32.8658,32.9248,32.852,32.852,876.5919452441,0
HERD.US,D,20210719,000000,31.9779,32.0938,31.8227,32.0938,7618.5104834629,0
HERD.US,D,20210720,000000,32.7077,32.7077,32.6566,32.6566,305.43273353453,0
HERD.US,D,20210721,000000,33.5043,33.5043,33.5043,33.5043,159.84313054974,0
HERD.US,D,20210722,000000,33.0652,33.0682,32.6979,32.8118,987.56583842831,0
HERD.US,D,20210723,000000,32.9081,33.1084,32.9081,33.1084,149.66203943192,0
HERD.US,D,20210728,000000,33.2145,33.2145,33.1537,33.1537,522.28997434404,0
HERD.US,D,20210730,000000,33.2971,33.2971,33.2538,33.2538,104.86523851352,0
HERD.US,D,20210803,000000,33.5622,33.5622,33.4277,33.4788,3033.9651531096,0
HERD.US,D,20210805,000000,33.3019,33.5622,33.3019,33.411,312.559497317,0
HERD.US,D,20210806,000000,33.572,33.572,33.3883,33.3963,491.74670099059,0
HERD.US,D,20210809,000000,33.2921,33.5534,33.2921,33.4464,1137.2278778602,0
HERD.US,D,20210811,000000,33.7655,33.9413,33.7655,33.9413,311.54138820522,0
HERD.US,D,20210812,000000,33.9296,33.9296,33.9296,33.9296,340.04844333511,0
HERD.US,D,20210813,000000,34.0318,34.0318,33.9256,33.9256,810.41485297828,0
HERD.US,D,20210816,000000,33.8815,33.9227,33.8815,33.9227,439.82313628972,0
HERD.US,D,20210817,000000,33.3786,33.7273,33.3786,33.7273,386.88146247707,0
HERD.US,D,20210820,000000,33.3983,33.3983,33.1369,33.2646,1165.7349329901,0
HERD.US,D,20210823,000000,33.408,33.5346,33.3983,33.5346,402.1530991538,0
HERD.US,D,20210824,000000,33.7754,33.7754,33.6988,33.6988,1667.6627250985,0
HERD.US,D,20210825,000000,33.8195,33.8195,33.7636,33.7636,115.04632963134,0
HERD.US,D,20210827,000000,33.9874,34.0072,33.8637,33.8637,401.13499004201,0
HERD.US,D,20210830,000000,34.1427,34.1427,33.9403,33.9403,948.8776921806,0
HERD.US,D,20210903,000000,33.8334,34.1103,33.8334,34.1103,208.71236791526,0
HERD.US,D,20210907,000000,34.183,34.183,33.8137,33.8137,604.75681239836,0
HERD.US,D,20210908,000000,33.4758,33.4758,33.4562,33.4659,702.49528712942,0
HERD.US,D,20210909,000000,33.7557,33.7557,33.7046,33.7046,1665.6265068749,0
HERD.US,D,20210913,000000,33.4709,33.4748,33.4709,33.4748,105.8833476253,0
HERD.US,D,20210915,000000,33.4277,33.4277,33.3638,33.408,1924.2262212676,0
HERD.US,D,20210917,000000,33.2725,33.2725,33.2725,33.2725,258.59971439257,0
HERD.US,D,20210920,000000,32.6537,32.854,32.6468,32.854,1098.5397316126,0
HERD.US,D,20210921,000000,32.7597,32.8728,32.7597,32.8728,196.49505857388,0
HERD.US,D,20210922,000000,33.1084,33.2311,33.1084,33.2311,195.4769494621,0
HERD.US,D,20210923,000000,33.6664,33.736,33.6664,33.736,1579.0872323736,0
HERD.US,D,20210927,000000,33.9797,33.9993,33.9561,33.9561,1828.52396476,0
HERD.US,D,20210928,000000,33.4542,33.4542,33.4542,33.4542,343.10277067045,0
HERD.US,D,20211004,000000,32.9277,32.9277,32.7263,32.7263,999.78314776969,0
HERD.US,D,20211006,000000,32.4405,32.631,32.4405,32.631,268.78080551038,0
HERD.US,D,20211012,000000,33.0377,33.0377,32.8284,32.8284,174.09665811468,0
HERD.US,D,20211014,000000,33.3756,33.3756,33.3589,33.3589,217.8753499213,0
HERD.US,D,20211020,000000,33.7174,33.7174,33.6909,33.6909,358.37440734718,0
HERD.US,D,20211021,000000,33.6339,33.7469,33.6339,33.7469,117.0825478549,0
HERD.US,D,20211022,000000,33.7813,33.8294,33.7813,33.8294,190.38640390319,0
HERD.US,D,20211025,000000,34.0474,34.0474,34.0092,34.0092,666.86146821706,0
HERD.US,D,20211026,000000,34.3598,34.3598,33.5956,33.5956,989.60205665187,0
HERD.US,D,20211101,000000,33.7675,34.1427,33.7675,34.0238,699.44095979406,0
HERD.US,D,20211102,000000,34.2085,34.2085,34.1064,34.1064,300.34218797562,0
HERD.US,D,20211104,000000,34.6427,34.7016,34.5945,34.7016,881.682490803,0
HERD.US,D,20211109,000000,35.0817,35.0817,34.9403,34.9403,913.24387326824,0
HERD.US,D,20211110,000000,34.7988,34.7988,34.7988,34.7988,154.75258499083,0
HERD.US,D,20211111,000000,35.1494,35.1494,35.1494,35.1494,389.93578981241,0
HERD.US,D,20211116,000000,35.1985,35.1985,35.0031,35.0876,2388.48397624,0
HERD.US,D,20211117,000000,34.9157,34.9157,34.9157,34.9157,773.76292495413,0
HERD.US,D,20211119,000000,34.6574,34.6574,34.4914,34.4914,579.30408460382,0
HERD.US,D,20211122,000000,34.9393,34.9393,34.6623,34.7743,1814.2704371951,0
HERD.US,D,20211124,000000,34.4629,34.5896,34.4384,34.5896,278.9618966282,0
HERD.US,D,20211126,000000,33.8922,33.9316,33.5907,33.8431,786.9983434073,0
HERD.US,D,20211129,000000,33.9021,33.9649,33.8922,33.9649,363.46495290609,0
HERD.US,D,20211130,000000,33.8048,33.8048,33.6437,33.8048,890.84547280904,0
HERD.US,D,20211201,000000,33.1517,33.1517,33.1517,33.1517,468.33019141961,0
HERD.US,D,20211202,000000,33.3953,33.3953,33.3953,33.3953,102.82902028996,0
HERD.US,D,20211206,000000,33.8146,33.8146,33.6879,33.7724,1697.1878893402,0
HERD.US,D,20211207,000000,34.6132,34.6132,34.4335,34.4335,153.73447587905,0
HERD.US,D,20211208,000000,34.4766,34.4766,34.4432,34.4432,1058.833476253,0
HERD.US,D,20211210,000000,34.3313,34.3313,34.2743,34.2743,200.56749502101,0
HERD.US,D,20211213,000000,34.8282,34.8282,33.7754,33.8972,777.83536140127,0
HERD.US,D,20211215,000000,33.7076,34.1015,33.7076,34.1015,382.80902602994,0
HERD.US,D,20211216,000000,34.3892,34.3892,34.3892,34.3892,338.01222511154,0
HERD.US,D,20211220,000000,33.5416,33.5416,33.1467,33.4208,1263.4734077212,0
HERD.US,D,20211227,000000,34.8883,34.8883,34.8883,34.8883,311.54138820522,0
HERD.US,D,20211228,000000,34.9667,34.9667,34.7526,34.7526,381.79091691816,0
HERD.US,D,20211230,000000,34.898,34.952,34.8063,34.8063,1341.8678093284,0
HERD.US,D,20220103,000000,35.1633,35.1928,34.8685,34.992,700.45906890585,0
HERD.US,D,20220104,000000,35.4481,35.4968,35.4186,35.4968,1281.7993717332,0
HERD.US,D,20220105,000000,35.8704,35.8704,35.3597,35.3597,702.49528712942,0
HERD.US,D,20220110,000000,34.8883,35.0846,34.8883,35.0846,858.26598123202,0
HERD.US,D,20220112,000000,35.7428,35.7428,35.6349,35.6349,769.69048850701,0
HERD.US,D,20220113,000000,35.8213,35.8606,35.6117,35.6117,1056.7972580295,0
HERD.US,D,20220118,000000,35.6151,35.6151,35.2419,35.3597,1130.1011140778,0
HERD.US,D,20220120,000000,34.7801,34.7901,34.2673,34.2673,2728.5324195751,0
HERD.US,D,20220121,000000,33.8176,33.9847,33.8176,33.9847,394.00822625954,0
HERD.US,D,20220124,000000,32.806,33.739,32.806,33.739,1325.5780635399,0
HERD.US,D,20220125,000000,33.5671,33.5671,33.5671,33.5671,500.90968299662,0
HERD.US,D,20220126,000000,34.2301,34.3874,33.3166,33.6302,1006.9099115522,0
HERD.US,D,20220128,000000,33.3462,33.7891,33.3462,33.7891,685.18743222912,0
HERD.US,D,20220131,000000,33.7881,34.2235,33.7881,34.2235,205.65804057992,0
HERD.US,D,20220201,000000,34.3578,34.7901,34.3578,34.6518,3033.9651531096,0
HERD.US,D,20220202,000000,34.6328,34.8952,34.6328,34.8952,989.60205665187,0
HERD.US,D,20220203,000000,34.6363,34.6721,34.5935,34.5935,1752.1657813764,0
HERD.US,D,20220209,000000,35.3597,35.3597,35.3597,35.3597,268.78080551038,0
HERD.US,D,20220210,000000,35.6739,35.6739,35.6739,35.6739,445.93179096041,0
HERD.US,D,20220211,000000,34.7464,34.7464,34.7464,34.7464,1116.8656956246,0
HERD.US,D,20220217,000000,34.8291,34.8291,34.5679,34.5679,109.95578407243,0
HERD.US,D,20220218,000000,34.6034,34.6034,34.6034,34.6034,211.76669525061,0
HERD.US,D,20220223,000000,33.798,33.798,33.56,33.56,326.81302488194,0
HERD.US,D,20220224,000000,32.7764,33.022,32.7764,33.022,350.22953445293,0
HERD.US,D,20220225,000000,34.1417,34.2399,34.0435,34.0435,1826.4877465364,0
HERD.US,D,20220301,000000,34.2104,34.2104,33.8357,33.8357,857.24787212025,0
HERD.US,D,20220302,000000,34.3874,34.7114,34.3864,34.7114,10545.574179836,0
HERD.US,D,20220303,000000,34.623,34.623,34.3628,34.3736,4485.7887465104,0
HERD.US,D,20220304,000000,34.2007,34.2007,33.906,33.906,707.58583268832,0
HERD.US,D,20220307,000000,33.9207,33.9207,33.2037,33.2675,427.60582694834,0
HERD.US,D,20220308,000000,33.6801,33.6801,33.1399,33.1399,616.97412173975,0
HERD.US,D,20220309,000000,33.6487,34.0042,33.6487,33.8486,2697.9891462217,0
HERD.US,D,20220310,000000,33.4444,33.4444,33.4051,33.4051,324.77680665838,0
HERD.US,D,20220314,000000,33.3462,33.3462,33.3118,33.3118,138.46283920232,0
HERD.US,D,20220316,000000,34.1957,34.3772,34.1957,34.3772,601.70248506302,0
HERD.US,D,20220317,000000,34.1417,34.1417,34.1417,34.1417,211.76669525061,0
HERD.US,D,20220318,000000,35.0061,35.0993,35.0061,35.0993,336.99411599976,0
HERD.US,D,20220322,000000,35.2124,35.2712,35.1633,35.2712,101082.96316325,0
HERD.US,D,20220324,000000,35.2389,35.2568,35.173,35.2568,43146.446048199,0
HERD.US,D,20220330,000000,35.6756,35.6756,35.3006,35.3006,310.32630450482,0
HERD.US,D,20220331,000000,35.1037,35.1037,34.7914,34.7914,260.63353025405,0
HERD.US,D,20220401,000000,34.9015,34.9656,34.9015,34.9656,1030.364462016,0
HERD.US,D,20220404,000000,35.8038,35.8038,35.0199,35.0541,972.55858176511,0
HERD.US,D,20220405,000000,34.8976,34.8976,34.4255,34.4255,741.33506076152,0
HERD.US,D,20220407,000000,33.9796,34.4907,33.9106,34.3296,1120.6227662674,0
HERD.US,D,20220408,000000,34.7437,34.7437,34.5308,34.5308,567.91742000882,0
HERD.US,D,20220411,000000,34.3641,34.3641,34.2015,34.2015,237.30835050369,0
HERD.US,D,20220413,000000,34.6304,34.9115,34.6304,34.8917,672.37365976044,0
HERD.US,D,20220418,000000,34.6896,34.7865,34.6371,34.6371,320.46768700498,0
HERD.US,D,20220420,000000,35.3206,35.3206,35.227,35.227,122.71072825191,0
HERD.US,D,20220421,000000,34.5565,34.5565,34.5565,34.5565,3.0424147500473,0
HERD.US,D,20220422,000000,33.9303,33.9303,33.7922,33.7922,232.23765925361,0
HERD.US,D,20220425,000000,33.0329,33.8317,33.0329,33.8317,1670.2856977759,0
HERD.US,D,20220426,000000,32.8456,32.8456,32.8456,32.8456,44.622083000693,0
HERD.US,D,20220427,000000,33.0083,33.0083,33.0083,33.0083,5.0706912500788,0
HERD.US,D,20220428,000000,33.5063,33.7922,33.5063,33.7922,186.6014380029,0
HERD.US,D,20220429,000000,33.5354,33.5354,32.8555,32.8555,266.71835975414,0
HERD.US,D,20220502,000000,32.9705,33.4175,32.747,33.4175,267.73249800416,0
HERD.US,D,20220503,000000,33.8907,33.8907,33.8218,33.8218,743.36333726155,0
HERD.US,D,20220504,000000,33.621,34.6273,33.621,34.6273,160.23384350249,0
HERD.US,D,20220505,000000,33.4353,33.514,33.3879,33.514,406.66943825632,0
HERD.US,D,20220506,000000,33.3762,33.3762,33.3762,33.3762,207.89834125323,0
HERD.US,D,20220509,000000,32.9837,32.9837,32.392,32.4117,837.67819451301,0
HERD.US,D,20220510,000000,32.4117,32.4117,32.3069,32.3069,1269.7010890197,0
HERD.US,D,20220511,000000,32.6188,32.6188,32.0667,32.0667,1686.5119097762,0
HERD.US,D,20220512,000000,32.037,32.037,31.6329,32.037,1128.7358722675,0
HERD.US,D,20220513,000000,32.8555,32.8555,32.8555,32.8555,14.197935500221,0
HERD.US,D,20220516,000000,33.2992,33.2992,32.9846,33.1315,996.89789976548,0
HERD.US,D,20220517,000000,33.881,33.9599,33.7739,33.9599,1146.9903607678,0
HERD.US,D,20220518,000000,35.5967,35.7052,32.5991,32.6046,6917.4370033574,0
HERD.US,D,20220519,000000,32.7152,32.7152,32.7152,32.7152,24.339318000378,0
HERD.US,D,20220520,000000,32.6309,32.6309,32.6309,32.6309,85.187613001323,0
HERD.US,D,20220523,000000,33.1902,33.1902,33.1271,33.1271,214.99730900334,0
HERD.US,D,20220524,000000,32.8111,32.8111,32.8111,32.8111,144.00763150224,0
HERD.US,D,20220525,000000,33.1879,33.4375,33.1879,33.4375,144.00763150224,0
HERD.US,D,20220526,000000,34.0836,34.0836,34.0836,34.0836,16.226212000252,0
HERD.US,D,20220527,000000,34.6438,34.6438,34.6438,34.6438,49.692774250772,0
HERD.US,D,20220531,000000,34.1867,34.1867,34.1867,34.1867,16.226212000252,0
HERD.US,D,20220601,000000,34.1666,34.1666,34.1666,34.1666,6.0848295000945,0
HERD.US,D,20220602,000000,34.5613,34.6599,34.5613,34.6106,1072.9582685167,0
HERD.US,D,20220603,000000,34.2656,34.443,34.2163,34.4036,11510.469137679,0
HERD.US,D,20220606,000000,34.5755,34.5755,34.4134,34.4134,672.37365976044,0
HERD.US,D,20220607,000000,34.7683,34.9755,34.7683,34.9755,927.93649876441,0
HERD.US,D,20220608,000000,34.5308,34.5308,34.3543,34.3543,621.66674725966,0
HERD.US,D,20220609,000000,34.2642,34.2642,33.7084,33.7084,4313.129977317,0
HERD.US,D,20220610,000000,33.2203,33.2203,32.7649,32.858,1487.7408127731,0
HERD.US,D,20220613,000000,32.7865,32.7865,31.2384,31.3859,6004.7125783433,0
HERD.US,D,20220614,000000,31.5539,31.5539,31.3271,31.3539,911.71028676416,0
HERD.US,D,20220615,000000,31.6476,31.6476,31.6476,31.6476,43.607944750677,0
HERD.US,D,20220616,000000,30.6627,30.6627,30.337,30.337,1286.94143927,0
HERD.US,D,20220617,000000,30.3214,30.3214,30.1537,30.2276,3812.1456818092,0
HERD.US,D,20220621,000000,31.0905,31.0905,30.7798,30.8012,2816.2619202937,0
HERD.US,D,20220622,000000,30.5579,30.5579,30.358,30.358,825.50853551282,0
HERD.US,D,20220623,000000,30.2523,30.263,29.9913,30.263,809.28232351257,0
HERD.US,D,20220624,000000,31.0954,31.0954,31.0954,31.0954,69.5651375655,0
HERD.US,D,20220627,000000,31.1434,31.4127,31.1434,31.2399,464.7757741695,0
HERD.US,D,20220628,000000,31.0656,31.0656,30.9069,30.9069,387.145113408,0
HERD.US,D,20220629,000000,30.6093,30.6093,30.5498,30.5532,986.010210711,0
HERD.US,D,20220630,000000,29.9844,30.4804,29.9844,30.1583,16321.594377505,0
HERD.US,D,20220701,000000,30.3911,30.3911,29.9184,30.2487,26202.868483005,0
HERD.US,D,20220705,000000,30.5895,30.5895,29.5976,29.9557,929.551548339,0
HERD.US,D,20220706,000000,29.6174,29.767,29.6174,29.767,100.81903995,0
HERD.US,D,20220707,000000,29.796,30.7878,29.796,30.7878,3512.535351858,0
HERD.US,D,20220708,000000,30.8672,30.8672,30.7085,30.7227,6958.530137349,0
HERD.US,D,20220711,000000,30.5696,30.5696,30.2373,30.2458,6630.8682575115,0
HERD.US,D,20220712,000000,30.3663,30.4505,30.1778,30.1778,1035.4115402865,0
HERD.US,D,20220713,000000,30.034,30.3812,30.034,30.179,28877.597612878,0
HERD.US,D,20220714,000000,29.8356,29.8852,29.2928,29.8852,1373.155324119,0
HERD.US,D,20220715,000000,30.5299,30.5299,30.034,30.2637,711.782422047,0
HERD.US,D,20220718,000000,30.8077,30.9961,30.4867,30.4867,930.5597387385,0
HERD.US,D,20220719,000000,31.2243,31.5813,31.2243,31.4876,4970.378669535,0
HERD.US,D,20220720,000000,31.7202,31.8095,31.2144,31.8095,2929.801300947,0
HERD.US,D,20220721,000000,31.8293,31.8293,31.1946,31.7004,965.846402721,0
HERD.US,D,20220722,000000,31.7797,31.7797,31.3156,31.3156,144.1712271285,0
HERD.US,D,20220725,000000,31.5913,31.6607,31.3968,31.5422,709.766041248,0
HERD.US,D,20220726,000000,31.2421,31.2421,31.1711,31.1711,1438.6877000865,0
HERD.US,D,20220727,000000,31.3631,31.8893,31.3631,31.8893,2648.5161794865,0
HERD.US,D,20220728,000000,31.9247,32.2261,31.9247,32.1321,1053.5589674775,0
HERD.US,D,20220729,000000,32.0621,32.5392,32.0621,32.5392,408.3171117975,0
HERD.US,D,20220801,000000,32.6823,32.6823,32.5438,32.5438,135.097513533,0
HERD.US,D,20220802,000000,32.236,32.2476,32.236,32.2476,1025.3296362915,0
HERD.US,D,20220803,000000,32.3947,32.5553,32.2955,32.5553,1572.77702322,0
HERD.US,D,20220804,000000,32.6641,32.6641,32.5086,32.5086,583.7422413105,0
HERD.US,D,20220805,000000,32.5977,32.5977,32.5977,32.5977,30.245711985,0
HERD.US,D,20220808,000000,33.0741,33.0741,32.8057,32.8057,1915.56175905,0
HERD.US,D,20220809,000000,32.5534,32.5534,32.34,32.34,284.309692659,0
HERD.US,D,20220810,000000,33.1287,33.1287,33.1287,33.1287,9.0737135955,0
HERD.US,D,20220811,000000,33.3766,33.3766,33.2725,33.2725,346.817497428,0
HERD.US,D,20220812,000000,33.5254,33.704,33.5254,33.6304,2230.117163694,0
HERD.US,D,20220815,000000,33.575,33.575,33.3655,33.4064,708.7578508485,0
HERD.US,D,20220816,000000,35.2017,35.2017,33.7332,33.7332,4004.532266814,0
HERD.US,D,20220817,000000,33.3148,33.5155,33.0791,33.208,3391.552503918,0
HERD.US,D,20220818,000000,33.3469,33.362,33.3469,33.362,126.0237999375,0
HERD.US,D,20220819,000000,32.9013,32.9013,32.9013,32.9013,139.130275131,0
HERD.US,D,20220822,000000,32.3587,32.3587,32.3153,32.3153,336.735593433,0
HERD.US,D,20220823,000000,32.4892,32.4892,32.4892,32.4892,23.1883791885,0
HERD.US,D,20220824,000000,32.4573,32.4573,32.4573,32.4573,250.031219076,0
HERD.US,D,20220825,000000,32.9799,32.9799,32.9799,32.9799,77.6306607615,0
HERD.US,D,20220826,000000,32.4343,32.4443,32.0802,32.0802,1522.367503245,0
HERD.US,D,20220829,000000,32.0376,32.0376,31.9655,31.9655,314075.50601384,0
HERD.US,D,20220830,000000,31.8293,31.8293,31.4276,31.4718,6353.615897649,0
HERD.US,D,20220831,000000,31.4226,31.4226,31.1861,31.1861,1942.7828998365,0
HERD.US,D,20220901,000000,30.7482,30.8363,30.7482,30.8363,210.7117934955,0
HERD.US,D,20220902,000000,31.2494,31.2494,30.7017,30.7017,15565.45157788,0
HERD.US,D,20220906,000000,30.4277,30.4277,30.4277,30.4277,77.6306607615,0
HERD.US,D,20220907,000000,30.4309,30.8527,30.4309,30.8527,1798.611672708,0
HERD.US,D,20220908,000000,30.9861,30.9861,30.8989,30.8989,215.752745493,0
HERD.US,D,20220909,000000,31.5714,31.6251,31.4722,31.6251,911.404121148,0
HERD.US,D,20220912,000000,32.0475,32.1765,31.9484,31.9484,257.0885518725,0
HERD.US,D,20220913,000000,31.4127,31.4127,30.7382,30.7482,757.1509900245,0
HERD.US,D,20220914,000000,30.7482,30.7482,30.7178,30.7178,427.472729388,0
HERD.US,D,20220915,000000,30.5696,30.5696,30.4357,30.4357,1124.1322954425,0
HERD.US,D,20220916,000000,30.1183,30.208,29.8456,30.208,1045.4934442815,0
HERD.US,D,20220919,000000,30.2076,30.3275,30.1679,30.3275,1638.3093991875,0
HERD.US,D,20220920,000000,30.0538,30.0538,29.7265,30.0241,7655.1897034035,0
HERD.US,D,20220921,000000,30.005,30.1927,29.5422,29.5422,4693.1263096725,0
HERD.US,D,20220922,000000,29.3248,29.3248,29.2504,29.3026,75680.820528867,0
HERD.US,D,20220923,000000,29,29,27.89,28.2671,4080,0
HERD.US,D,20220926,000000,28.45,28.45,27.9663,27.9663,2608,0
HERD.US,D,20220927,000000,28.48,28.48,28.07,28.23,460,0
HERD.US,D,20220928,000000,28.38,28.8956,28.38,28.8956,13362,0
HERD.US,D,20220929,000000,28.31,28.432,28.22,28.3528,20285,0
HERD.US,D,20220930,000000,28.557,28.61,28.26,28.26,1115,0
HERD.US,D,20221003,000000,28.7551,29.175,28.7551,28.93,3127,0
HERD.US,D,20221004,000000,29.9644,30.125,29.92,30.125,7871,0
HERD.US,D,20221005,000000,30.16,30.16,30.0218,30.0218,391,0
HERD.US,D,20221006,000000,29.86,29.86,29.86,29.86,20,0
HERD.US,D,20221007,000000,29.395,29.5,29.285,29.285,700,0
HERD.US,D,20221010,000000,29.18,29.32,29.18,29.32,3104,0
HERD.US,D,20221011,000000,29.0114,29.0114,29.0114,29.0114,2,0
HERD.US,D,20221012,000000,28.85,28.97,28.69,28.79,11663,0
HERD.US,D,20221013,000000,29,29.765,29,29.765,2508,0
HERD.US,D,20221014,000000,29.41,29.41,29.0059,29.0059,877,0
HERD.US,D,20221017,000000,29.6355,29.7999,29.625,29.74,3390,0
HERD.US,D,20221018,000000,29.74,29.74,29.74,29.74,155,0
HERD.US,D,20221019,000000,29.7551,29.7551,29.2901,29.5204,341,0
HERD.US,D,20221020,000000,29.361,29.4794,29.334,29.4794,1326,0
HERD.US,D,20221021,000000,30.22,30.22,30.22,30.22,4,0
HERD.US,D,20221024,000000,30.3902,30.41,30.25,30.41,534,0
HERD.US,D,20221025,000000,30.69,31.04,30.69,30.9323,59403,0
HERD.US,D,20221026,000000,31.57,31.57,31.24,31.28,1800,0
HERD.US,D,20221027,000000,31.15,31.26,30.9163,30.9163,4054,0
HERD.US,D,20221028,000000,30.97,31.46,30.97,31.3522,966,0
HERD.US,D,20221031,000000,31.0801,31.1,31.08,31.1,351,0
HERD.US,D,20221101,000000,31.45,31.74,31.45,31.6131,5717,0
HERD.US,D,20221102,000000,31.3,31.3,30.7626,30.7626,255,0
HERD.US,D,20221103,000000,30.69,30.69,30.245,30.5926,666,0
HERD.US,D,20221104,000000,31.1501,31.4,31.1501,31.4,799,0
HERD.US,D,20221107,000000,31.61,31.9108,31.61,31.9108,2667,0
HERD.US,D,20221108,000000,31.915,32.37,31.83,32.0986,6342,0
HERD.US,D,20221109,000000,31.325,31.325,31.325,31.325,56,0
HERD.US,D,20221110,000000,32.305,32.8766,32.305,32.8766,834,0
HERD.US,D,20221111,000000,33.3099,33.4914,33.3099,33.4491,1816,0
HERD.US,D,20221114,000000,33.68,33.79,33.3183,33.3183,15089,0
HERD.US,D,20221115,000000,33.77,33.95,33.585,33.6392,5070,0
HERD.US,D,20221116,000000,33.33,33.33,33.2008,33.2008,48549,0
HERD.US,D,20221117,000000,32.94,33.13,32.49,33.1192,9532,0
HERD.US,D,20221118,000000,33.209,33.2313,33.2008,33.2214,2559,0
HERD.US,D,20221121,000000,32.75,32.96,32.6932,32.94,5597,0
HERD.US,D,20221122,000000,33.1758,33.56,33.1758,33.44,15487,0
HERD.US,D,20221123,000000,33.26,33.74,33.26,33.56,14220,0
HERD.US,D,20221125,000000,33.81,33.83,33.71,33.75,4018,0
HERD.US,D,20221128,000000,33.4472,33.54,33.15,33.2324,17512,0
HERD.US,D,20221129,000000,33.46,33.5994,33.37,33.515,28893,0
HERD.US,D,20221130,000000,33.44,34.03,33.265,34.01,11187,0
HERD.US,D,20221201,000000,34.299,34.3,33.99,34.0619,8438,0
HERD.US,D,20221202,000000,33.67,34.13,31.51,34.085,12745,0
HERD.US,D,20221205,000000,34.39,34.39,33.3981,33.55,59619,0
HERD.US,D,20221206,000000,33.31,33.31,33.01,33.05,2926,0
HERD.US,D,20221207,000000,33.22,33.39,33.145,33.205,34525,0
HERD.US,D,20221208,000000,33.279,33.42,33.19,33.2574,7551,0
HERD.US,D,20221209,000000,33.39,33.41,32.99,32.99,2664,0
HERD.US,D,20221212,000000,33.01,33.26,33.01,33.2071,2355,0
HERD.US,D,20221213,000000,34.3299,34.3299,33.5,33.5,22616,0
HERD.US,D,20221214,000000,34.02,34.02,33.42,33.61,13003,0
HERD.US,D,20221215,000000,33.0463,33.0463,32.6,32.7276,6768,0
HERD.US,D,20221216,000000,32.23,32.42,32.23,32.28,1873,0
HERD.US,D,20221219,000000,32.29,32.29,32.13,32.165,1662,0
HERD.US,D,20221220,000000,32.35,32.53,32.29,32.43,23662,0
HERD.US,D,20221221,000000,32.68,32.96,32.68,32.91,4815,0
HERD.US,D,20221222,000000,32.47,32.53,32.1401,32.4793,46978,0
HERD.US,D,20221223,000000,32.66,32.66,32.37,32.5701,3143,0
HERD.US,D,20221227,000000,32.605,32.68,32.53,32.6205,11724,0
HERD.US,D,20221228,000000,32.785,32.785,31.85,31.85,7977,0
HERD.US,D,20221229,000000,32.4,32.48,32.315,32.33,6182,0
HERD.US,D,20221230,000000,32.259,32.34,32.14,32.14,7931,0
HERD.US,D,20230103,000000,32.55,32.55,31.91,32.07,9080,0
HERD.US,D,20230104,000000,33.09,33.09,32.0794,32.33,14646,0
HERD.US,D,20230105,000000,32.17,32.2853,32.08,32.08,10978,0
HERD.US,D,20230106,000000,32.7092,33.08,32.7,33.0153,17676,0
HERD.US,D,20230109,000000,33.3389,33.439,33.08,33.08,3302,0
HERD.US,D,20230110,000000,33.06,33.3,32.9,33.2543,3895,0
HERD.US,D,20230111,000000,33.43,33.5,33.3175,33.5,4408,0
HERD.US,D,20230112,000000,33.37,34.01,33.37,33.9158,10760,0
HERD.US,D,20230113,000000,33.8712,33.99,33.8575,33.985,1337,0
HERD.US,D,20230117,000000,34.09,34.18,33.9065,33.9065,6364,0
HERD.US,D,20230118,000000,34.31,34.31,33.65,33.65,816,0
HERD.US,D,20230119,000000,33.62,33.65,33.27,33.625,8602,0
HERD.US,D,20230120,000000,33.82,34.0321,33.789,34.0321,45645,0
HERD.US,D,20230123,000000,34.157,34.4399,34.157,34.37,7186,0
HERD.US,D,20230124,000000,35.71,35.71,33.96,34.24,16175,0
HERD.US,D,20230125,000000,33.95,34.35,33.79,34.2,26344,0
HERD.US,D,20230126,000000,34.279,34.71,34.2226,34.71,12246,0
HERD.US,D,20230127,000000,34.505,34.74,34.505,34.6,8270,0
HERD.US,D,20230130,000000,34.54,34.54,34.16,34.16,6683,0
HERD.US,D,20230131,000000,34.29,34.58,34.29,34.58,1297,0
HERD.US,D,20230201,000000,34.5,34.9,34.2,34.69,23629,0
HERD.US,D,20230202,000000,34.842,34.998,34.54,34.8155,52678,0
HERD.US,D,20230203,000000,36.35,36.35,34.6,34.6,10704,0
HERD.US,D,20230206,000000,34.34,34.3585,34.16,34.215,5323,0
HERD.US,D,20230207,000000,34.1303,34.75,34.1235,34.65,6416,0
HERD.US,D,20230208,000000,34.42,35.1,34.33,34.36,105460,0
HERD.US,D,20230209,000000,34.5527,34.6,34.06,34.1093,34110,0
HERD.US,D,20230210,000000,34.37,34.465,34.2964,34.465,2108,0
HERD.US,D,20230213,000000,34.54,34.7399,34.54,34.6872,4402,0
HERD.US,D,20230214,000000,34.52,34.96,34.456,34.82,71610,0
HERD.US,D,20230215,000000,34.47,34.68,34.45,34.54,23956,0
HERD.US,D,20230216,000000,34.68,34.78,34.4379,34.4379,14564,0
HERD.US,D,20230217,000000,34.1299,34.249,34.06,34.155,3780,0
HERD.US,D,20230221,000000,34.13,34.13,33.675,33.675,7863,0
HERD.US,D,20230222,000000,33.58,33.8,33.495,33.5163,17418,0
HERD.US,D,20230223,000000,33.94,33.94,33.3111,33.77,14027,0
HERD.US,D,20230224,000000,35.02,35.02,33.17,33.4262,1105,0
HERD.US,D,20230227,000000,33.91,33.91,33.605,33.68,957,0
HERD.US,D,20230228,000000,33.65,33.6515,33.4989,33.4989,4018,0
HERD.US,D,20230301,000000,33.85,33.93,33.78,33.88,5441,0
HERD.US,D,20230302,000000,33.9599,34.14,33.9599,34.13,8630,0
HERD.US,D,20230303,000000,35.69,35.69,34.28,34.62,3774,0
HERD.US,D,20230306,000000,34.71,34.71,34.1804,34.28,6946,0
HERD.US,D,20230307,000000,34.0974,34.0974,33.59,33.59,9401,0
HERD.US,D,20230308,000000,33.7237,33.79,33.5003,33.6812,4361,0
HERD.US,D,20230309,000000,33.78,33.78,33.31,33.31,3644,0
HERD.US,D,20230310,000000,33.2399,33.3673,32.67,32.87,19977,0
HERD.US,D,20230313,000000,32.51,32.53,32.25,32.3437,3613,0
HERD.US,D,20230314,000000,33,33,32.4896,32.6005,9610,0
HERD.US,D,20230315,000000,32.89,32.89,31.3354,31.73,18575,0
HERD.US,D,20230316,000000,31.76,32.04,31.7447,31.96,10582,0
HERD.US,D,20230317,000000,31.61,31.7,31.565,31.565,3635,0
HERD.US,D,20230320,000000,31.97,32.29,31.97,32.115,3245,0
HERD.US,D,20230321,000000,32.66,32.78,32.54,32.63,18530,0
HERD.US,D,20230322,000000,32.93,32.93,32.32,32.32,9224,0
HERD.US,D,20230323,000000,32.605,32.68,32.0428,32.1505,17039,0
HERD.US,D,20230324,000000,31.55,32.24,31.55,32.0889,18389,0
HERD.US,D,20230327,000000,31.94,32.46,31.94,32.38,11904,0
HERD.US,D,20230328,000000,32.62,32.79,32.62,32.72,10075,0
HERD.US,D,20230329,000000,32.93,33,32.82,33,5615,0
HERD.US,D,20230330,000000,33,33.23,33,33.23,7880,0
HERD.US,D,20230331,000000,33.47,33.56,33.335,33.56,6368,0
HERD.US,D,20230403,000000,33.94,34.04,33.76,34.04,22970,0
HERD.US,D,20230404,000000,34.71,34.71,33.36,33.56,46017,0
HERD.US,D,20230405,000000,34.03,34.03,33.3,33.57,12044,0
HERD.US,D,20230406,000000,33.41,33.52,33.29,33.43,12661,0
HERD.US,D,20230410,000000,33.4,33.72,33.4,33.6958,6578,0
HERD.US,D,20230411,000000,34.15,34.15,33.78,34.06,7387,0
HERD.US,D,20230412,000000,34.23,34.3,33.9452,33.9452,8757,0
HERD.US,D,20230413,000000,34.25,34.36,34.14,34.36,2179,0
HERD.US,D,20230414,000000,34.5,34.59,34.065,34.235,20432,0
HERD.US,D,20230417,000000,34.2745,34.31,34.13,34.215,6546,0
HERD.US,D,20230418,000000,34.2,34.4,34.1201,34.275,13128,0
HERD.US,D,20230419,000000,34.09,34.21,33.89,34.1226,17437,0
HERD.US,D,20230420,000000,33.9,34.05,33.8899,33.895,18068,0
HERD.US,D,20230421,000000,33.6,33.81,33.56,33.76,9127,0
HERD.US,D,20230424,000000,33.94,33.94,33.6901,33.88,49512,0
HERD.US,D,20230425,000000,33.35,33.35,33.175,33.29,3757,0
HERD.US,D,20230426,000000,33.38,33.38,32.93,32.99,5219,0
HERD.US,D,20230427,000000,32.9819,33.252,32.91,33.19,8434,0
HERD.US,D,20230428,000000,33.53,33.61,33.53,33.555,7172,0
HERD.US,D,20230501,000000,33.41,33.68,33.36,33.38,3877,0
HERD.US,D,20230502,000000,33,33.585,32.48,32.96,164198,0
HERD.US,D,20230503,000000,33.72,33.72,32.64,32.7,20696,0
HERD.US,D,20230504,000000,32.6,32.6,32.2801,32.49,15730,0
HERD.US,D,20230505,000000,33.09,33.276,32.988,33.19,10072,0
HERD.US,D,20230508,000000,33.38,33.62,33.1201,33.25,32464,0
HERD.US,D,20230509,000000,33.12,33.22,32.974,33.11,4615,0
HERD.US,D,20230510,000000,32.9898,33.11,32.7501,32.86,17304,0
HERD.US,D,20230511,000000,32.67,32.75,32.5547,32.75,5465,0
HERD.US,D,20230512,000000,32.74,32.76,32.5601,32.76,1833,0
HERD.US,D,20230515,000000,32.5,33.1088,32.5,32.86,111573,0
HERD.US,D,20230516,000000,32.6609,32.6609,32.59,32.59,30525,0
HERD.US,D,20230517,000000,33.29,33.29,32.39,32.815,7040,0
HERD.US,D,20230518,000000,32.71,33.16,32.6518,33.01,40924,0
HERD.US,D,20230519,000000,33.1,33.16,32.9,33.0595,7586,0
HERD.US,D,20230522,000000,33.12,33.25,33.12,33.19,3438,0
HERD.US,D,20230523,000000,33.06,33.31,32.92,33.05,17905,0
HERD.US,D,20230524,000000,32.91,32.91,32.521,32.6,2808,0
HERD.US,D,20230525,000000,32.36,32.4299,32.11,32.345,6522,0
HERD.US,D,20230526,000000,32.4757,32.61,32.4,32.4,34053,0
HERD.US,D,20230530,000000,32.04,32.2299,32.03,32.08,8172,0
HERD.US,D,20230531,000000,31.77,31.79,31.57,31.7716,8934,0
HERD.US,D,20230601,000000,31.82,32.24,31.82,32.06,14368,0
HERD.US,D,20230602,000000,32.5001,33.05,32.5001,32.87,5738,0
HERD.US,D,20230605,000000,32.7615,32.96,32.63,32.63,28051,0
HERD.US,D,20230606,000000,32.8083,33.19,32.8083,33.165,15191,0
HERD.US,D,20230607,000000,33.455,33.62,33.42,33.545,3325,0
HERD.US,D,20230608,000000,33.4947,33.7199,33.43,33.54,4147,0
HERD.US,D,20230609,000000,33.46,33.675,33.398,33.485,4336,0
HERD.US,D,20230612,000000,33.26,33.43,33.26,33.38,5197,0
HERD.US,D,20230613,000000,33.91,33.95,33.84,33.95,7251,0
HERD.US,D,20230614,000000,34.25,34.25,33.585,33.715,5292,0
HERD.US,D,20230615,000000,33.02,34.37,33.02,34.05,13704,0
HERD.US,D,20230616,000000,34.89,34.89,33.96,34.14,5026,0
HERD.US,D,20230620,000000,33.785,33.785,33.5,33.6359,15057,0
HERD.US,D,20230621,000000,33.68,33.8899,33.5,33.68,11381,0
HERD.US,D,20230622,000000,33.5,33.61,33.39,33.39,15787,0
HERD.US,D,20230623,000000,33.13,33.13,32.78,32.79,14000,0
HERD.US,D,20230626,000000,33,33.29,33,33.01,6116,0
HERD.US,D,20230627,000000,33.35,33.47,33.28,33.29,4845,0
HERD.US,D,20230628,000000,33.255,33.54,33.21,33.445,33942,0
HERD.US,D,20230629,000000,33.6257,33.84,33.62,33.7,10355,0
HERD.US,D,20230630,000000,33.9467,34.15,33.9365,34,3778,0
HERD.US,D,20230703,000000,33.84,34.31,33.84,34.22,1477,0
HERD.US,D,20230705,000000,34.27,34.27,33.935,33.98,2834,0
HERD.US,D,20230706,000000,33.02,33.39,33.02,33.21,2771,0
HERD.US,D,20230707,000000,33.5117,33.97,33.5117,33.7,2358,0
HERD.US,D,20230710,000000,33.74,33.98,33.74,33.96,7898,0
HERD.US,D,20230711,000000,34.23,34.52,34.17,34.51,6928,0
HERD.US,D,20230712,000000,34.8194,34.8999,34.72,34.7778,19221,0
HERD.US,D,20230713,000000,34.9,35.13,34.9,35.0799,12631,0
HERD.US,D,20230714,000000,34.91,34.91,34.53,34.68,12672,0
HERD.US,D,20230717,000000,34.44,34.74,34.44,34.53,8369,0
HERD.US,D,20230718,000000,35.085,35.0885,35,35.0885,7296,0
HERD.US,D,20230719,000000,35.1808,35.31,35.11,35.29,7278,0
HERD.US,D,20230720,000000,35.31,35.39,35.1701,35.2918,11403,0
HERD.US,D,20230721,000000,35.03,35.2799,35.021,35.2,82467,0
HERD.US,D,20230724,000000,35.08,35.6499,35.08,35.45,8267,0
HERD.US,D,20230725,000000,35.66,35.8,35.66,35.685,4406,0
HERD.US,D,20230726,000000,35.88,36.25,35.51,35.66,8576,0
HERD.US,D,20230727,000000,35.88,35.88,35.475,35.53,5096,0
HERD.US,D,20230728,000000,35.81,35.859,35.685,35.77,6652,0
HERD.US,D,20230731,000000,35.98,36.1027,35.98,36.1,10554,0
HERD.US,D,20230801,000000,35.6101,35.91,35.6101,35.91,4213,0
HERD.US,D,20230802,000000,35.5,35.5,35.22,35.47,4396,0
HERD.US,D,20230803,000000,35.13,35.57,35.13,35.4036,4739,0
HERD.US,D,20230804,000000,35.83,35.93,35.57,35.57,6125,0
HERD.US,D,20230807,000000,35.72,35.93,35.68,35.76,18576,0
HERD.US,D,20230808,000000,35.274,35.72,35.23,35.6813,11282,0
HERD.US,D,20230809,000000,36.43,36.43,35.8455,35.92,15494,0
HERD.US,D,20230810,000000,36.26,36.32,35.72,35.72,13890,0
HERD.US,D,20230811,000000,35.64,35.93,35.64,35.89,6101,0
HERD.US,D,20230814,000000,35.4994,35.74,35.4994,35.71,5825,0
HERD.US,D,20230815,000000,36.4,36.4,35.14,35.27,3727,0
HERD.US,D,20230816,000000,35.36,35.39,35.03,35.03,2635,0
HERD.US,D,20230817,000000,35.34,35.359,34.9,34.97,6177,0
HERD.US,D,20230818,000000,34.79,35.1299,34.79,35.1,7126,0
HERD.US,D,20230821,000000,35.14,35.1519,34.948,35.08,14378,0
HERD.US,D,20230822,000000,35.5,35.5,34.94,34.99,17406,0
HERD.US,D,20230823,000000,34.8001,35.04,34.8001,34.96,55196,0
HERD.US,D,20230824,000000,34.86,34.89,34.6123,34.6123,17083,0
HERD.US,D,20230825,000000,34.68,34.83,34.4501,34.83,2791,0
HERD.US,D,20230828,000000,35.68,35.68,34.8901,35.11,10084,0
HERD.US,D,20230829,000000,35.175,35.44,35.115,35.36,13162,0
HERD.US,D,20230830,000000,35.81,35.81,35.44,35.58,13871,0
HERD.US,D,20230831,000000,35.35,35.6,35.35,35.44,32172,0
HERD.US,D,20230901,000000,35.92,35.92,35.7829,35.91,4095,0
HERD.US,D,20230905,000000,36.83,36.83,35.4669,35.56,32700,0
HERD.US,D,20230906,000000,35.4,35.5632,35.13,35.2909,13794,0
HERD.US,D,20230907,000000,35.27,35.27,35.06,35.14,13664,0
HERD.US,D,20230908,000000,35.31,35.3506,35.15,35.33,4349,0
HERD.US,D,20230911,000000,35.4004,35.53,35.23,35.3,3155,0
HERD.US,D,20230912,000000,35.34,35.54,35.34,35.43,4407,0
HERD.US,D,20230913,000000,37.15,37.15,35.1103,35.26,22770,0
HERD.US,D,20230914,000000,35.64,35.7899,35.59,35.69,8904,0
HERD.US,D,20230915,000000,35.66,35.67,35.392,35.46,2215,0
HERD.US,D,20230918,000000,35.44,35.4809,35.32,35.36,9776,0
HERD.US,D,20230919,000000,35.555,35.555,35.2765,35.32,3225,0
HERD.US,D,20230920,000000,35.639,35.66,35.25,35.25,6144,0
HERD.US,D,20230921,000000,35,35.01,34.81,34.81,8285,0
HERD.US,D,20230922,000000,34.95,34.95,34.3,34.39,11326,0
HERD.US,D,20230925,000000,34.38,34.56,34.18,34.55,15602,0
HERD.US,D,20230926,000000,34.58,34.58,34.04,34.19,18044,0
HERD.US,D,20230927,000000,34.42,34.609,34.28,34.51,21533,0
HERD.US,D,20230928,000000,34.89,34.93,34.69,34.89,14247,0
HERD.US,D,20230929,000000,34.78,34.9399,34.57,34.58,5644,0
HERD.US,D,20231002,000000,34.09,34.13,33.87,34.06,11331,0
HERD.US,D,20231003,000000,34.1,34.1,33.43,33.7,4745,0
HERD.US,D,20231004,000000,33.87,33.87,33.2362,33.4,5622,0
HERD.US,D,20231005,000000,33.33,33.43,33.24,33.43,23830,0
HERD.US,D,20231006,000000,33.71,33.88,33.29,33.81,7904,0
HERD.US,D,20231009,000000,33.95,34.33,33.95,34.29,6612,0
HERD.US,D,20231010,000000,34.31,34.77,34.31,34.53,6050,0
HERD.US,D,20231011,000000,34.87,34.87,34.34,34.64,17171,0
HERD.US,D,20231012,000000,34.9,34.9,34.055,34.26,11839,0
HERD.US,D,20231013,000000,34.57,34.57,34.31,34.36,3322,0
HERD.US,D,20231016,000000,34.82,34.82,34.493,34.71,8968,0
HERD.US,D,20231017,000000,34.44,34.92,34.44,34.86,13008,0
HERD.US,D,20231018,000000,34.65,34.65,34.48,34.52,6862,0
HERD.US,D,20231019,000000,34.31,34.43,34.1999,34.21,6860,0
HERD.US,D,20231020,000000,34.4,34.4,33.84,33.84,7768,0
HERD.US,D,20231023,000000,34.09,34.09,33.38,33.55,11729,0
HERD.US,D,20231024,000000,33.97,36.99,33.4935,33.65,213442,0
HERD.US,D,20231025,000000,33.58,33.58,33.3387,33.49,30118,0
HERD.US,D,20231026,000000,33.36,33.43,33.135,33.34,13562,0
HERD.US,D,20231027,000000,33.8,33.8,32.94,33.03,8416,0
HERD.US,D,20231030,000000,33.03,33.41,32.95,33.22,9850,0
HERD.US,D,20231031,000000,33.19,33.32,33.04,33.32,27222,0
HERD.US,D,20231101,000000,33.4,33.56,33.07,33.54,33276,0
HERD.US,D,20231102,000000,34.01,34.25,33.8279,34.25,12698,0
HERD.US,D,20231103,000000,34.24,34.65,34.24,34.53,6448,0
HERD.US,D,20231106,000000,34.69,34.69,34.1,34.27,29713,0
HERD.US,D,20231107,000000,34.07,34.07,33.78,33.88,10398,0
HERD.US,D,20231108,000000,33.8,33.93,33.5,33.62,10010,0
HERD.US,D,20231109,000000,34.36,34.36,33.3,33.4,19412,0
HERD.US,D,20231110,000000,33.59,33.71,33.32,33.61,5442,0
HERD.US,D,20231113,000000,33.56,33.81,33.5502,33.8,6720,0
HERD.US,D,20231114,000000,34.61,34.7,34.32,34.65,18295,0
HERD.US,D,20231115,000000,34.91,34.91,34.66,34.66,5619,0
HERD.US,D,20231116,000000,34.91,34.91,34.02,34.32,10097,0
HERD.US,D,20231117,000000,34.38,34.86,34.38,34.82,14334,0
HERD.US,D,20231120,000000,34.56,34.98,34.56,34.95,13806,0
HERD.US,D,20231121,000000,34.69,34.85,34.32,34.69,239035,0
HERD.US,D,20231122,000000,34.64,34.7299,34.5,34.71,6815,0
HERD.US,D,20231124,000000,34.78,34.97,34.78,34.97,3309,0
HERD.US,D,20231127,000000,34.84,34.88,34.76,34.88,2074,0
HERD.US,D,20231128,000000,35.01,35.02,34.705,34.88,11698,0
HERD.US,D,20231129,000000,34.78,35.02,34.72,34.82,20952,0
HERD.US,D,20231130,000000,35.24,35.24,34.81,35.07,5956,0
HERD.US,D,20231201,000000,35.01,35.58,34.945,35.58,54808,0
HERD.US,D,20231204,000000,35.54,35.54,35.35,35.51,6540,0
HERD.US,D,20231205,000000,35.58,35.58,35.12,35.18,23649,0
HERD.US,D,20231206,000000,35.46,35.46,34.81,34.94,10271,0
HERD.US,D,20231207,000000,35.36,35.36,34.9653,35.12,16377,0
HERD.US,D,20231208,000000,35.12,35.3168,35.1031,35.3,6488,0
HERD.US,D,20231211,000000,35.325,35.41,35.22,35.41,7212,0
HERD.US,D,20231212,000000,35.11,35.27,35.0501,35.21,6586,0
HERD.US,D,20231213,000000,35.1,35.8,34.9265,35.8,4851,0
HERD.US,D,20231214,000000,35.84,36.59,35.84,36.36,11399,0
HERD.US,D,20231215,000000,36.19,36.4289,36.19,36.2747,11978,0
HERD.US,D,20231218,000000,36.4,36.4,36.25,36.33,8517,0
HERD.US,D,20231219,000000,36.63,36.84,36.53,36.84,11698,0
HERD.US,D,20231220,000000,36.9,37.01,36.37,36.37,9998,0
HERD.US,D,20231221,000000,36.83,36.89,36.608,36.89,13126,0
HERD.US,D,20231222,000000,37.08,37.14,36.9,37.02,25150,0
HERD.US,D,20231226,000000,37.24,37.32,37.1299,37.25,6446,0
HERD.US,D,20231227,000000,37.27,38.05,37.12,38.05,8094,0
HERD.US,D,20231228,000000,37.46,37.46,36.88,36.9,18850,0
HERD.US,D,20231229,000000,37.35,37.74,36.68,37.74,78036,0
HERD.US,D,20240102,000000,36.92,36.92,36.52,36.87,56118,0
HERD.US,D,20240103,000000,36.04,36.6,36.04,36.45,10289,0
HERD.US,D,20240104,000000,36.69,37.27,36.405,37.27,5269,0
HERD.US,D,20240105,000000,36.56,36.6061,36.35,36.55,14016,0
HERD.US,D,20240108,000000,36.49,37.33,36.18,37.33,21033,0
HERD.US,D,20240109,000000,36.84,36.84,36.2119,36.51,7499,0
HERD.US,D,20240110,000000,36.3584,37.07,36.2542,37.07,6125,0
HERD.US,D,20240111,000000,36.81,37.05,36.1061,37.05,8491,0
HERD.US,D,20240112,000000,36.97,37.01,36.28,36.28,9289,0
HERD.US,D,20240116,000000,36.01,36.92,35.85,36.92,12031,0
HERD.US,D,20240117,000000,35.76,36.25,35.52,36.25,6621,0
HERD.US,D,20240118,000000,36.15,36.15,35.45,35.51,17642,0
HERD.US,D,20240119,000000,35.68,36.88,35.51,36.88,16445,0
HERD.US,D,20240122,000000,36.49,36.89,36.16,36.89,7469,0
HERD.US,D,20240123,000000,36.59,36.59,36,36.02,10026,0
HERD.US,D,20240124,000000,36.65,36.65,36.1101,36.49,10979,0
HERD.US,D,20240125,000000,36.54,36.54,36.21,36.3,5171,0
HERD.US,D,20240126,000000,36.5367,36.75,36.36,36.75,30389,0
HERD.US,D,20240129,000000,36.75,37.33,36.443,37.33,14016,0
HERD.US,D,20240130,000000,36.56,36.92,36.56,36.85,4888,0
HERD.US,D,20240131,000000,36.71,36.86,36.33,36.4113,12486,0
HERD.US,D,20240201,000000,36.07,36.88,36.07,36.34,47308,0
HERD.US,D,20240202,000000,36.4,36.9,36.4,36.7088,13862,0
HERD.US,D,20240205,000000,36.77,36.77,36.0001,36.58,12583,0
HERD.US,D,20240206,000000,36.36,36.62,36.36,36.4704,12813,0
HERD.US,D,20240207,000000,36.99,36.99,36.53,36.635,9626,0
HERD.US,D,20240208,000000,36.52,36.73,36.52,36.708,11874,0
HERD.US,D,20240209,000000,36.58,36.815,36.52,36.745,7488,0
HERD.US,D,20240212,000000,36.94,37.31,36.94,37.125,12427,0
HERD.US,D,20240213,000000,37.06,37.06,36.15,36.3739,13425,0
HERD.US,D,20240214,000000,36.94,36.95,36.49,36.95,11486,0
HERD.US,D,20240215,000000,37.42,37.42,37.0016,37.3319,10218,0
HERD.US,D,20240216,000000,37.01,37.38,37.01,37.0696,5019,0
HERD.US,D,20240220,000000,37.21,37.21,36.8,36.9,12088,0
HERD.US,D,20240221,000000,35.94,37.03,35.94,36.9,8510,0
HERD.US,D,20240222,000000,37.26,37.44,36.92,36.92,2725,0
HERD.US,D,20240223,000000,36.9,37.48,36.9,37.42,11749,0
HERD.US,D,20240226,000000,37.42,37.73,37.31,37.34,9716,0
HERD.US,D,20240227,000000,37.57,38.35,37.4001,38.35,7327,0
HERD.US,D,20240228,000000,37.8,37.8,37.3601,37.4,5826,0
HERD.US,D,20240229,000000,37.93,37.93,37.52,37.75,13161,0
HERD.US,D,20240301,000000,37.84,38.09,37.84,38.08,6382,0
HERD.US,D,20240304,000000,38.24,38.24,37.7,37.7,11929,0
HERD.US,D,20240305,000000,37.78,37.9,37.57,37.6,5294,0
HERD.US,D,20240306,000000,38.13,38.13,37.8194,37.86,2299,0
HERD.US,D,20240307,000000,38.84,38.84,38.15,38.15,6434,0
HERD.US,D,20240308,000000,38.42,38.45,37.89,38,11275,0
HERD.US,D,20240311,000000,38.4,38.4,37.72,37.9933,8155,0
HERD.US,D,20240312,000000,38.01,38.2,38.01,38.1398,7001,0
HERD.US,D,20240313,000000,38.28,38.52,38.23,38.47,3017,0
HERD.US,D,20240314,000000,38.31,38.345,37.93,38,5658,0
HERD.US,D,20240315,000000,37.95,38.234,37.95,38.13,7921,0
HERD.US,D,20240318,000000,38.53,38.53,38.1555,38.215,10083,0
HERD.US,D,20240319,000000,38.1801,38.47,38.1801,38.41,9870,0
HERD.US,D,20240320,000000,38.395,38.89,38.395,38.874,8603,0
HERD.US,D,20240321,000000,38.88,39.17,38.47,38.93,18080,0
HERD.US,D,20240322,000000,39.09,39.09,38.7,38.85,18850,0
HERD.US,D,20240325,000000,38.63,38.96,38.63,38.7803,9033,0
HERD.US,D,20240326,000000,39.24,39.24,38.6478,38.6478,13136,0
HERD.US,D,20240327,000000,39.04,39.135,38.795,39.1342,5785,0
HERD.US,D,20240328,000000,39.26,39.35,39.19,39.2904,10367,0
HERD.US,D,20240401,000000,39.19,39.33,39.14,39.18,33172,0
HERD.US,D,20240402,000000,39.12,39.12,38.65,38.89,9914,0
HERD.US,D,20240403,000000,38.93,39.24,38.93,39.1764,25142,0
HERD.US,D,20240404,000000,39.55,39.56,38.71,38.85,22788,0
HERD.US,D,20240405,000000,38.96,39.21,38.8,39.0389,30545,0
HERD.US,D,20240408,000000,39.08,39.23,39.08,39.0903,6275,0
HERD.US,D,20240409,000000,39.39,39.39,38.9311,39.26,33330,0
HERD.US,D,20240410,000000,38.66,38.7,38.43,38.5114,15547,0
HERD.US,D,20240411,000000,38.53,38.65,38.3844,38.6191,4300,0
HERD.US,D,20240412,000000,38.31,38.5756,38.02,38.02,3192,0
HERD.US,D,20240415,000000,38.11,38.54,37.75,37.94,6464,0
HERD.US,D,20240416,000000,37.65,37.66,37.4274,37.46,6422,0
HERD.US,D,20240417,000000,37.62,37.62,37.33,37.3897,8006,0
HERD.US,D,20240418,000000,37.3713,37.72,37.22,37.2531,10143,0
HERD.US,D,20240419,000000,37.18,37.49,37.18,37.442,9967,0
HERD.US,D,20240422,000000,37.36,37.93,37.36,37.71,6171,0
HERD.US,D,20240423,000000,37.65,38.26,37.65,38.1495,10133,0
HERD.US,D,20240424,000000,38,38.22,37.96,38.0826,15112,0
HERD.US,D,20240425,000000,37.81,37.945,37.575,37.8905,8724,0
HERD.US,D,20240426,000000,38,38.2213,38,38.1581,18157,0
HERD.US,D,20240429,000000,38.12,38.42,38.12,38.37,3521,0
HERD.US,D,20240430,000000,38.25,38.25,37.6492,37.66,4822,0
HERD.US,D,20240501,000000,37.47,37.79,37.23,37.33,11364,0
HERD.US,D,20240502,000000,37.59,37.87,37.58,37.8,7680,0
HERD.US,D,20240503,000000,38.29,38.29,37.951,38.016,13574,0
HERD.US,D,20240506,000000,38.35,38.38,38.28,38.3067,8602,0
HERD.US,D,20240507,000000,38.4503,38.4503,38.28,38.35,1655,0
HERD.US,D,20240508,000000,38.1791,38.28,38.179,38.21,3570,0
HERD.US,D,20240509,000000,38.29,38.67,38.29,38.668,3840,0
HERD.US,D,20240510,000000,38.89,38.89,38.58,38.67,4107,0
HERD.US,D,20240513,000000,38.67,38.82,38.62,38.6606,20410,0
HERD.US,D,20240514,000000,38.83,38.86,38.755,38.85,33430,0
HERD.US,D,20240515,000000,38.99,39.1757,38.98,39.1757,82067,0
HERD.US,D,20240516,000000,39.01,39.12,38.87,38.87,11478,0
HERD.US,D,20240517,000000,38.81,38.93,38.81,38.9104,11038,0
HERD.US,D,20240520,000000,39.0251,39.08,38.96,39.01,4977,0
HERD.US,D,20240521,000000,38.93,39.04,38.88,39.03,7812,0
HERD.US,D,20240522,000000,38.8,38.8,38.4596,38.5235,5771,0
HERD.US,D,20240523,000000,38.505,38.515,38.15,38.27,8560,0
HERD.US,D,20240524,000000,38.42,38.69,38.42,38.6284,2560,0
HERD.US,D,20240528,000000,38.8182,38.8828,38.6659,38.6659,4071,0
HERD.US,D,20240529,000000,38.22,38.35,38.15,38.15,7018,0
HERD.US,D,20240530,000000,38.26,38.55,38.26,38.4876,4752,0
HERD.US,D,20240531,000000,38.69,38.94,38.4859,38.9258,6724,0
HERD.US,D,20240603,000000,39.14,39.14,38.43,38.6955,41185,0
HERD.US,D,20240604,000000,38.47,38.52,38.11,38.2143,4671,0
HERD.US,D,20240605,000000,38.16,38.38,38.14,38.38,15116,0
HERD.US,D,20240606,000000,38.47,38.47,38.3,38.38,12434,0
HERD.US,D,20240607,000000,38.24,38.24,38,38.0632,3486,0
HERD.US,D,20240610,000000,38.04,38.21,38,38.1873,7323,0
HERD.US,D,20240611,000000,37.73,38.07,37.73,37.95,15769,0
HERD.US,D,20240612,000000,37.98,38.6499,37.98,38.14,16333,0
HERD.US,D,20240613,000000,38.2,38.2,37.71,37.92,9953,0
HERD.US,D,20240614,000000,37.46,37.609,37.322,37.4,16483,0
HERD.US,D,20240617,000000,37.56,37.78,37.36,37.7039,15827,0
HERD.US,D,20240618,000000,37.8,37.86,37.75,37.8222,46836,0
HERD.US,D,20240620,000000,37.91,37.99,37.81,37.8243,7679,0
HERD.US,D,20240621,000000,37.75,37.75,37.62,37.7161,18398,0
HERD.US,D,20240624,000000,38.15,38.15,38,38.0357,8486,0
HERD.US,D,20240625,000000,37.77,37.83,37.68,37.7251,10944,0
HERD.US,D,20240626,000000,37.5,37.58,37.49,37.5759,8216,0
HERD.US,D,20240627,000000,37.3,37.55,37.064,37.44,556643,0
HERD.US,D,20240628,000000,37.11,37.32,37.071,37.1684,12090,0
HERD.US,D,20240701,000000,37.235,37.235,37.07,37.1259,4508,0
HERD.US,D,20240702,000000,37.08,37.1061,36.94,37.1061,59242,0
HERD.US,D,20240703,000000,37.51,37.51,37.2813,37.36,12389,0
HERD.US,D,20240705,000000,37.56,37.56,37.08,37.45,6782,0
HERD.US,D,20240708,000000,37.38,37.38,37.14,37.14,13395,0
HERD.US,D,20240709,000000,36.85,37.13,36.75,36.75,16246,0
HERD.US,D,20240710,000000,36.99,37.25,36.98,37.25,6228,0
HERD.US,D,20240711,000000,37.53,37.9799,37.53,37.81,7429,0
HERD.US,D,20240712,000000,38.1406,38.37,38.14,38.14,7438,0
HERD.US,D,20240715,000000,38.14,38.46,38.14,38.15,5517,0
HERD.US,D,20240716,000000,38.4,39,38.3427,38.9774,8681,0
HERD.US,D,20240717,000000,39.02,39.03,38.87,38.8865,2096,0
HERD.US,D,20240718,000000,39.2,39.2,38.63,38.64,5143,0
HERD.US,D,20240719,000000,38.68,38.68,38.24,38.4,2153,0
HERD.US,D,20240722,000000,38.38,38.69,38.38,38.5,6163,0
HERD.US,D,20240723,000000,38.45,38.595,38.39,38.57,12587,0
HERD.US,D,20240724,000000,38.5,38.51,38.0309,38.0339,7635,0
HERD.US,D,20240725,000000,38.14,38.625,38,38.2987,4842,0
HERD.US,D,20240726,000000,38.69,39.07,38.69,39.07,5310,0
HERD.US,D,20240729,000000,38.9,38.995,38.76,38.84,2270,0
HERD.US,D,20240730,000000,39.05,39.08,38.88,39.08,2656,0
HERD.US,D,20240731,000000,39.335,39.7099,39.2,39.2,9754,0
HERD.US,D,20240801,000000,39.28,39.28,38.285,38.42,27545,0
HERD.US,D,20240802,000000,37.4201,37.85,37.42,37.85,2077,0
HERD.US,D,20240805,000000,36.38,36.86,36.29,36.53,13664,0
HERD.US,D,20240806,000000,36.76,37.16,36.76,36.88,14193,0
HERD.US,D,20240807,000000,37.2201,37.2201,36.7156,36.7156,4318,0
HERD.US,D,20240808,000000,37.28,37.41,37.205,37.3722,11657,0
HERD.US,D,20240809,000000,37.53,37.54,37.25,37.49,3390,0
HERD.US,D,20240812,000000,37.41,37.41,37.2401,37.2494,4205,0
HERD.US,D,20240813,000000,37.21,37.71,37.21,37.69,4884,0
HERD.US,D,20240814,000000,37.7101,37.76,37.58,37.6941,2613,0
HERD.US,D,20240815,000000,38.09,38.2708,38.09,38.2009,3411,0
HERD.US,D,20240816,000000,38.28,38.42,38.1799,38.2975,9794,0
HERD.US,D,20240819,000000,38.32,38.7,38.32,38.6114,7477,0
HERD.US,D,20240820,000000,38.5,38.5,38.314,38.38,4702,0
HERD.US,D,20240821,000000,38.63,38.825,38.63,38.825,6752,0
HERD.US,D,20240822,000000,38.98,38.98,38.57,38.76,4240,0
HERD.US,D,20240823,000000,38.63,39.4,38.63,39.31,3749,0
HERD.US,D,20240826,000000,39.545,39.67,39.34,39.34,3933,0
HERD.US,D,20240827,000000,39.334,39.39,39.24,39.3489,12034,0
HERD.US,D,20240828,000000,39.12,39.31,39.03,39.03,4023,0
HERD.US,D,20240829,000000,39.4,39.55,39.35,39.39,8198,0
HERD.US,D,20240830,000000,39.57,39.57,39.2,39.4709,29220,0
HERD.US,D,20240903,000000,39.41,39.41,38.59,38.67,43638,0
HERD.US,D,20240904,000000,38.33,38.54,38.33,38.34,2652,0
HERD.US,D,20240905,000000,38.46,38.52,38.2783,38.2783,3739,0
HERD.US,D,20240906,000000,38.22,38.42,37.8001,37.8408,15333,0
HERD.US,D,20240909,000000,38.29,38.29,37.95,38.27,4482,0
HERD.US,D,20240910,000000,38.16,38.16,37.54,37.63,27290,0
HERD.US,D,20240911,000000,37.4178,37.7656,37.12,37.7656,5307,0
HERD.US,D,20240912,000000,37.965,38.16,37.95,38.1072,4066,0
HERD.US,D,20240913,000000,38.2,38.750645,38.2,38.61,1380,0
HERD.US,D,20240916,000000,38.9,39.0885,38.8011,39.0885,3584,0
HERD.US,D,20240917,000000,39.2249,39.379782,39.08,39.08,3344,0
HERD.US,D,20240918,000000,39.2273,39.63,39.11,39.52,3754,0
HERD.US,D,20240919,000000,39.774,39.87,39.72,39.7775,9430,0
HERD.US,D,20240920,000000,39.76,39.76,39.361,39.4664,9480,0
HERD.US,D,20240923,000000,39.58,39.66,39.01,39.01,16406,0
HERD.US,D,20240924,000000,39.905,39.905,39.805,39.8344,11665,0
HERD.US,D,20240925,000000,39.67,39.72,39.361,39.3763,3674,0
HERD.US,D,20240926,000000,39.61,39.82,39.61,39.7805,7331,0
HERD.US,D,20240927,000000,40.08624,40.08624,39.74,39.74,3050,0
HERD.US,D,20240930,000000,39.76,40.04,39.53,40.04,28694,0
HERD.US,D,20241001,000000,39.89,39.89,39.455,39.6497,7750,0
HERD.US,D,20241002,000000,39.73,39.73,39.5401,39.6081,3609,0
HERD.US,D,20241003,000000,39.49,39.669,39.23,39.5185,4343,0
HERD.US,D,20241004,000000,39.79,39.8716,39.695,39.8716,5987,0
HERD.US,D,20241007,000000,39.92,39.92,39.65,39.7324,3928,0
HERD.US,D,20241008,000000,39.59,39.59,39.415,39.44,2466,0
HERD.US,D,20241009,000000,39.57,39.68,39.57,39.6376,5751,0
HERD.US,D,20241010,000000,39.31,39.63,39.31,39.51,60295,0
HERD.US,D,20241011,000000,39.65,39.92,39.65,39.8699,27591,0
HERD.US,D,20241014,000000,39.67,39.9919,39.67,39.9919,532,0
HERD.US,D,20241015,000000,39.69,39.9,39.56,39.65,10584,0
HERD.US,D,20241016,000000,39.65,39.8875,39.65,39.79,9047,0
HERD.US,D,20241017,000000,39.73,39.86,39.73,39.77,6727,0
HERD.US,D,20241018,000000,39.7507,39.93,39.7507,39.81,4765,0
HERD.US,D,20241021,000000,39.75,39.75,39.4006,39.47,22083,0
HERD.US,D,20241022,000000,39.41,39.41,39.16,39.1818,5299,0
HERD.US,D,20241023,000000,39.0499,39.0799,38.59,38.74,7359,0
HERD.US,D,20241024,000000,39.33,39.33,38.768,38.96,22464,0
HERD.US,D,20241025,000000,39.62,39.62,38.85,38.91,27595,0
HERD.US,D,20241028,000000,38.92,39.21,38.92,39.09,21382,0
HERD.US,D,20241029,000000,39.91,39.91,38.75,38.8704,13335,0
HERD.US,D,20241030,000000,39,39,38.73,38.77,29322,0
HERD.US,D,20241031,000000,38.81,38.81,38.5169,38.5909,28117,0
HERD.US,D,20241101,000000,38.86,38.98,38.7107,38.7107,12963,0
HERD.US,D,20241104,000000,38.71,39.095,38.71,38.89,16933,0
