<TICKER>,<PER>,<DATE>,<TIME>,<OPEN>,<HIGH>,<LOW>,<CLOSE>,<VOL>,<OPENINT>
HERO.US,D,20191104,000000,15.3223,15.3223,15.2634,15.2634,556.2937062765,0
HERO.US,D,20191105,000000,15.3722,15.3722,15.1477,15.2435,1402.2610722177,0
HERO.US,D,20191106,000000,15.1637,15.1637,15.0659,15.1058,1153.6829836473,0
HERO.US,D,20191107,000000,15.1417,15.1547,15.0958,15.1347,1528.5547785075,0
HERO.US,D,20191108,000000,15.1447,15.2235,15.1447,15.2235,2220.1631700945,0
HERO.US,D,20191111,000000,15.0459,15.1148,15.0459,15.1148,11895.664335296,0
HERO.US,D,20191112,000000,15.429,15.429,15.2355,15.2355,1383.216783174,0
HERO.US,D,20191113,000000,15.3422,15.3422,15.1537,15.1537,5719.3006991238,0
HERO.US,D,20191114,000000,15.1148,15.1547,15.1148,15.1547,303.7062936969,0
HERO.US,D,20191115,000000,15.2036,15.2534,15.1966,15.2135,1366.1771561349,0
HERO.US,D,20191118,000000,15.2245,15.2245,15.1876,15.2235,1755.0815850273,0
HERO.US,D,20191120,000000,15.3722,15.3722,15.3622,15.3622,481.118881104,0
HERO.US,D,20191121,000000,15.3123,15.3462,15.3123,15.3323,1905.4312353723,0
HERO.US,D,20191122,000000,15.4171,15.437,15.3522,15.3522,948.2051281758,0
HERO.US,D,20191125,000000,15.6066,15.6066,15.5168,15.5388,702.6340326123,0
HERO.US,D,20191126,000000,15.5358,15.5378,15.5358,15.5378,217.5058274991,0
HERO.US,D,20191127,000000,15.5867,15.7154,15.5797,15.6755,3396.8997667947,0
HERO.US,D,20191129,000000,15.5478,15.5966,15.5368,15.5368,1031.3986013667,0
HERO.US,D,20191202,000000,15.5278,15.5278,15.4939,15.4939,736.7132866905,0
HERO.US,D,20191203,000000,15.3911,15.5079,15.3831,15.4749,2213.1468530784,0
HERO.US,D,20191206,000000,15.8231,15.8231,15.5378,15.7383,11783.403263039,0
HERO.US,D,20191209,000000,15.7343,15.7343,15.5966,15.5966,609.4172493984,0
HERO.US,D,20191210,000000,15.7343,15.7343,15.6804,15.6804,664.5454545249,0
HERO.US,D,20191213,000000,15.9598,15.9897,15.9448,15.9448,1439.3473193028,0
HERO.US,D,20191216,000000,16.0576,16.0576,15.9897,16.0246,2049.7668997035,0
HERO.US,D,20191217,000000,15.9897,16.0197,15.9897,16.0197,379.8834498717,0
HERO.US,D,20191218,000000,16.0197,16.0197,15.9798,15.9798,2968.9044288126,0
HERO.US,D,20191219,000000,16.0336,16.0646,16.0286,16.0436,2755.4079253227,0
HERO.US,D,20191220,000000,16.0286,16.1324,16.0286,16.1324,3477.0862469787,0
HERO.US,D,20191223,000000,16.1962,16.1962,16.1374,16.1673,2336.4335663613,0
HERO.US,D,20191224,000000,16.1863,16.1863,16.0885,16.1424,1723.0069929537,0
HERO.US,D,20191226,000000,16.1573,16.2362,16.1384,16.2062,2117.9254078599,0
HERO.US,D,20191227,000000,16.2262,16.2411,16.1962,16.1962,3777.7855476687,0
HERO.US,D,20191230,000000,16.2651,16.2651,16.1075,16.1075,2261.2587411888,0
HERO.US,D,20191231,000000,16.1304,16.1304,16.1304,16.1304,532.2377622213,0
HERO.US,D,20200102,000000,16.3738,16.4916,16.3738,16.4686,3640.4662003536,0
HERO.US,D,20200103,000000,16.4317,16.5115,16.4187,16.4616,4076.4801863541,0
HERO.US,D,20200106,000000,16.3539,16.5464,16.3539,16.5335,3053.1002330058,0
HERO.US,D,20200107,000000,16.6492,16.6492,16.5614,16.6153,1395.2447552016,0
HERO.US,D,20200108,000000,16.737,16.8467,16.6891,16.7968,5134.9417247829,0
HERO.US,D,20200109,000000,16.8757,16.9365,16.8697,16.9365,4492.4475523086,0
HERO.US,D,20200110,000000,16.9645,16.9744,16.8437,16.8527,4016.3403262161,0
HERO.US,D,20200113,000000,17.1031,17.1919,17.0183,17.1869,8975.8741255965,0
HERO.US,D,20200114,000000,17.1221,17.153,16.9944,17.1031,13650.745920324,0
HERO.US,D,20200115,000000,17.1131,17.152,17.0792,17.1081,5603.030302857,0
HERO.US,D,20200116,000000,17.2219,17.2219,17.0932,17.162,3270.6060605049,0
HERO.US,D,20200117,000000,17.2219,17.2219,17.0642,17.172,6908.0652678516,0
HERO.US,D,20200121,000000,17.142,17.142,16.9994,16.9994,10893.333332996,0
HERO.US,D,20200122,000000,17.154,17.154,17.0193,17.0193,1281.9813519417,0
HERO.US,D,20200123,000000,17.0243,17.0642,17.0243,17.0443,2352.4708623981,0
HERO.US,D,20200124,000000,17.1819,17.1819,16.8866,16.8866,4926.4568763045,0
HERO.US,D,20200127,000000,16.4736,16.748,16.4337,16.5913,8281.2587410026,0
HERO.US,D,20200128,000000,16.6981,16.8667,16.6981,16.8577,4871.328671178,0
HERO.US,D,20200129,000000,17.0143,17.0143,16.8268,16.8268,6506.1305359293,0
HERO.US,D,20200130,000000,16.5903,16.738,16.5275,16.738,2652.1678320858,0
HERO.US,D,20200131,000000,16.5015,16.5015,16.3459,16.3788,1264.9417249026,0
HERO.US,D,20200203,000000,16.6203,16.6262,16.6003,16.6153,4889.3706292194,0
HERO.US,D,20200204,000000,16.7081,16.9804,16.7081,16.9615,23674.055943324,0
HERO.US,D,20200205,000000,16.9744,17.1311,16.9744,17.0193,3559.2773891673,0
HERO.US,D,20200206,000000,17.0742,17.2578,17.0742,17.2578,2041.7482516851,0
HERO.US,D,20200207,000000,17.2219,17.2219,16.9445,17.0183,3962.2144520919,0
HERO.US,D,20200210,000000,17.0143,17.165,16.9645,17.165,897748.78785102,0
HERO.US,D,20200211,000000,17.3396,17.3396,17.181,17.1869,3460.0466199396,0
HERO.US,D,20200212,000000,17.2408,17.3984,17.2408,17.3645,8668.1585078904,0
HERO.US,D,20200213,000000,17.3595,17.5381,17.2907,17.2907,8727.2960370261,0
HERO.US,D,20200214,000000,17.4882,17.6349,17.4533,17.6259,5025.6876455322,0
HERO.US,D,20200218,000000,17.5661,17.5661,17.3984,17.4214,9514.1258738316,0
HERO.US,D,20200219,000000,17.7327,17.8703,17.6648,17.7327,10594.638694311,0
HERO.US,D,20200220,000000,17.7426,17.9103,17.609,17.6738,178842.91374738,0
HERO.US,D,20200221,000000,17.7127,17.7127,17.4882,17.5082,6267.5757573819,0
HERO.US,D,20200224,000000,16.9355,17.2019,16.8777,16.9704,881752.58738531,0
HERO.US,D,20200225,000000,17.5661,17.5661,16.748,16.748,24815.710954943,0
HERO.US,D,20200226,000000,16.748,17.2219,16.748,16.9694,915883.96267563,0
HERO.US,D,20200227,000000,16.738,16.8966,16.2461,16.3539,15962.121211628,0
HERO.US,D,20200228,000000,15.9598,16.5015,15.871,16.5015,9988.2284379195,0
HERO.US,D,20200302,000000,16.7869,16.9056,16.3439,16.6203,10321.002330683,0
HERO.US,D,20200303,000000,16.9355,16.9645,16.5484,16.6213,3882.0279719079,0
HERO.US,D,20200304,000000,17.0932,17.4384,17.0443,17.4384,9796.7832164802,0
HERO.US,D,20200305,000000,16.8767,17.2907,16.8767,17.2248,10335.034964715,0
HERO.US,D,20200306,000000,16.7579,16.9355,16.6302,16.9355,5748.3682981905,0
HERO.US,D,20200309,000000,15.7732,16.3838,15.7662,16.0576,947318.06523876,0
HERO.US,D,20200310,000000,16.6003,16.6003,16.1015,16.5734,152203.96269926,0
HERO.US,D,20200311,000000,16.1174,16.285,15.861,15.9199,4430.303030166,0
HERO.US,D,20200312,000000,15.2016,15.3502,14.6688,14.6788,10479.370629046,0
HERO.US,D,20200313,000000,15.6645,15.6645,14.7975,15.4879,4451.3519812143,0
HERO.US,D,20200316,000000,13.8427,14.6299,13.7699,14.4134,13214.731934323,0
HERO.US,D,20200317,000000,14.57,15.2016,13.9644,15.01,13627.692307271,0
HERO.US,D,20200318,000000,14.3735,14.7576,13.9006,14.2189,9451.981351689,0
HERO.US,D,20200319,000000,14.3685,14.4324,14.2857,14.4314,11389.487179135,0
HERO.US,D,20200320,000000,14.7975,15.1527,13.9405,14.1809,90347.109554315,0
HERO.US,D,20200323,000000,14.0682,14.4822,13.8826,14.2558,11458.648018294,0
HERO.US,D,20200324,000000,15.3402,15.8131,15.1886,15.3153,6196.4102562186,0
HERO.US,D,20200325,000000,15.4969,15.6944,15.014,15.1716,17685.128204581,0
HERO.US,D,20200326,000000,15.448,15.88,15.448,15.8271,10834.195803861,0
HERO.US,D,20200327,000000,15.6745,15.8311,15.4181,15.6914,16859.207458686,0
HERO.US,D,20200330,000000,15.9997,16.0476,15.861,15.9927,11558.881118524,0
HERO.US,D,20200331,000000,16.0576,16.305,15.9897,16.1274,10691.864801534,0
HERO.US,D,20200401,000000,15.861,16.2062,15.7633,15.9438,10167.645687331,0
HERO.US,D,20200402,000000,15.8131,16.2362,15.8131,16.1743,13452.284381868,0
HERO.US,D,20200403,000000,16.1075,16.6003,16.0097,16.0705,9336.7132864245,0
HERO.US,D,20200406,000000,16.8667,16.8667,16.5265,16.7081,13285.897435487,0
HERO.US,D,20200407,000000,17.3106,17.3106,16.5414,16.6552,18809.743589162,0
HERO.US,D,20200408,000000,16.6592,16.6592,16.4147,16.5464,5946.8298366459,0
HERO.US,D,20200409,000000,16.9156,16.9844,16.5414,16.6412,10705.897435566,0
HERO.US,D,20200413,000000,16.7679,16.9255,16.5315,16.8368,27715.454544597,0
HERO.US,D,20200414,000000,17.2807,17.5381,17.1051,17.3396,21642.331001662,0
HERO.US,D,20200415,000000,17.0842,17.5261,17.0443,17.3226,15067.039626574,0
HERO.US,D,20200416,000000,17.6449,17.9242,17.586,17.9202,35374.265733172,0
HERO.US,D,20200417,000000,18.1667,18.1667,17.5381,17.8075,22984.452213741,0
HERO.US,D,20200420,000000,17.9302,17.9302,17.7127,17.7586,40804.895103633,0
HERO.US,D,20200421,000000,17.7816,17.7816,17.0902,17.3845,29980.722609795,0
HERO.US,D,20200422,000000,17.7127,17.7127,17.3206,17.5651,16618.648018134,0
HERO.US,D,20200423,000000,17.7816,17.7816,17.4753,17.4882,36673.286712152,0
HERO.US,D,20200424,000000,17.6449,17.7915,17.3895,17.6359,133605.71095158,0
HERO.US,D,20200427,000000,17.7327,17.999,17.7327,17.8115,24063.962703218,0
HERO.US,D,20200428,000000,18.3642,18.3642,17.6159,17.6159,13406.177155763,0
HERO.US,D,20200429,000000,17.8703,18.018,17.7327,17.9103,21766.620045947,0
HERO.US,D,20200430,000000,17.576,17.7556,17.4783,17.5182,18959.090908505,0
HERO.US,D,20200501,000000,17.4583,17.4583,17.0243,17.2019,23302.19114147,0
HERO.US,D,20200504,000000,17.0343,17.3595,17.0343,17.2707,888622.56407508,0
HERO.US,D,20200505,000000,17.5471,17.8504,17.5381,17.6349,20386.41025578,0
HERO.US,D,20200506,000000,17.7127,18.008,17.7127,17.8165,32038.508157517,0
HERO.US,D,20200507,000000,18.1966,18.2255,17.9601,18.1916,19620.629370022,0
HERO.US,D,20200508,000000,18.1966,18.4719,18.1966,18.439,32182.843821848,0
HERO.US,D,20200511,000000,18.453,18.6296,18.2455,18.5617,25838.088577289,0
HERO.US,D,20200512,000000,18.7972,18.9548,18.6016,18.6106,52213.426571812,0
HERO.US,D,20200513,000000,18.7972,18.9149,18.3841,18.5138,20797.365966723,0
HERO.US,D,20200514,000000,18.5917,18.7164,18.3442,18.7164,22379.044288352,0
HERO.US,D,20200515,000000,18.7383,18.9488,18.6425,18.9488,25437.156176369,0
HERO.US,D,20200518,000000,19.4187,19.5754,19.0825,19.5175,59384.102562266,0
HERO.US,D,20200519,000000,19.3689,19.6941,19.3599,19.5953,43301.701630362,0
HERO.US,D,20200520,000000,19.9595,20.0632,19.724,19.7679,53848.228436563,0
HERO.US,D,20200521,000000,19.9595,19.9595,19.5075,19.8118,36085.920744805,0
HERO.US,D,20200522,000000,19.9495,19.9744,19.6472,19.8507,31514.289043314,0
HERO.US,D,20200526,000000,20.2947,20.2947,19.7629,19.9106,56446.270394525,0
HERO.US,D,20200527,000000,20.0483,20.0483,19.0047,19.6452,1749619.8833958,0
HERO.US,D,20200528,000000,19.6552,19.8018,19.4187,19.4487,30257.36596643,0
HERO.US,D,20200529,000000,19.5853,20.156,19.5175,20.0932,44481.445220069,0
HERO.US,D,20200601,000000,20.2159,20.61,20.2159,20.5441,58804.755242936,0
HERO.US,D,20200602,000000,20.6798,20.7586,20.2757,20.7317,46223.496502067,0
HERO.US,D,20200603,000000,20.9352,21.014,20.5122,20.6997,61279.510487615,0
HERO.US,D,20200604,000000,20.9053,20.9053,20.2159,20.4623,50299.976688421,0
HERO.US,D,20200605,000000,20.61,20.6898,20.3536,20.6559,32708.065267054,0
HERO.US,D,20200608,000000,20.8853,20.8853,20.4423,20.6997,34736.783215709,0
HERO.US,D,20200609,000000,20.7586,20.7855,20.578,20.7387,33506.923075887,0
HERO.US,D,20200610,000000,21.2405,21.3492,20.9512,21.3492,60839.487177605,0
HERO.US,D,20200611,000000,21.0829,21.1826,20.6,20.7197,66524.708622651,0
HERO.US,D,20200612,000000,21.2205,21.2405,20.7097,21.024,57146.899765132,0
HERO.US,D,20200615,000000,20.8275,21.448,20.6898,21.4271,64308.554776566,0
HERO.US,D,20200616,000000,21.9009,21.9009,21.3003,21.6535,109244.05594068,0
HERO.US,D,20200617,000000,21.8321,22.3938,21.8321,22.294,143164.94172051,0
HERO.US,D,20200618,000000,22.3339,22.3888,22.1763,22.3539,601502.84380424,0
HERO.US,D,20200619,000000,22.6203,22.6442,22.4038,22.5215,117844.05594041,0
HERO.US,D,20200622,000000,22.6901,22.758,22.4926,22.738,96118.531465559,0
HERO.US,D,20200623,000000,23.0732,23.2508,22.8867,23.0134,140016.62004229,0
HERO.US,D,20200624,000000,23.1331,23.1331,22.3988,22.6302,95476.037293084,0
HERO.US,D,20200625,000000,22.5604,22.8278,22.3439,22.8278,74434.1025618,0
HERO.US,D,20200626,000000,22.8577,22.8577,22.4437,22.7001,55032.983681282,0
HERO.US,D,20200629,000000,22.75,22.7799,22.3459,22.6422,81912.494169961,0
HERO.US,D,20200630,000000,22.7699,22.9186,22.6522,22.75,68592.517480396,0
HERO.US,D,20200701,000000,22.72,23.2119,22.72,23.18,94035.687642779,0
HERO.US,D,20200702,000000,23.6469,23.7167,23.4603,23.4892,103667.08624388,0
HERO.US,D,20200706,000000,24.3273,24.3273,23.6569,23.8644,459859.44054522,0
HERO.US,D,20200707,000000,23.8145,24.0799,23.7307,23.8544,95591.305358349,0
HERO.US,D,20200708,000000,23.9532,24.2076,23.9532,24.1996,106733.21677992,0
HERO.US,D,20200709,000000,24.7812,24.7812,24.2195,24.6236,191517.38927147,0
HERO.US,D,20200710,000000,24.6436,24.6436,24.3472,24.4849,128116.94638298,0
HERO.US,D,20200713,000000,24.6914,24.7413,23.7666,23.8245,211120.97901445,0
HERO.US,D,20200714,000000,23.5591,23.8195,23.0253,23.8145,144896.96969249,0
HERO.US,D,20200715,000000,24.022,24.032,23.4693,23.6668,165794.56875944,0
HERO.US,D,20200716,000000,23.2428,23.2428,22.9086,23.0652,108777.97202461,0
HERO.US,D,20200717,000000,23.183,23.2249,22.9575,23.0752,69825.384613225,0
HERO.US,D,20200720,000000,23.3127,23.7067,23.164,23.6768,121643.89277013,0
HERO.US,D,20200721,000000,24.022,24.022,23.7267,23.7756,355831.51514051,0
HERO.US,D,20200722,000000,23.6569,23.8245,23.4603,23.5391,98181.328668292,0
HERO.US,D,20200723,000000,23.6768,23.6768,22.9964,23.1351,99378.111885038,0
HERO.US,D,20200724,000000,22.8597,23.0742,22.5724,22.9575,106193.96270068,0
HERO.US,D,20200727,000000,23.1351,23.5391,23.1351,23.4992,188106.45687064,0
HERO.US,D,20200728,000000,23.4104,23.5591,23.2628,23.3127,58247.459205658,0
HERO.US,D,20200729,000000,23.4304,23.7566,23.4304,23.6968,92792.797199927,0
HERO.US,D,20200730,000000,23.3516,23.7566,23.3456,23.7466,249862.07458435,0
HERO.US,D,20200731,000000,23.9432,24.0898,23.7566,24.0799,319631.32866144,0
HERO.US,D,20200803,000000,24.6336,25.0576,24.5149,25.0177,1212057.7388902,0
HERO.US,D,20200804,000000,25.1354,25.4607,24.9977,25.4607,405450.90907837,0
HERO.US,D,20200805,000000,25.8358,25.8757,25.6432,25.7659,247188.85780121,0
HERO.US,D,20200806,000000,26.2787,26.2887,25.8757,26.0822,232948.74125154,0
HERO.US,D,20200807,000000,26.0722,26.0722,25.3948,25.6283,177031.70162623,0
HERO.US,D,20200810,000000,25.756,25.7959,25.1743,25.2541,111206.62004318,0
HERO.US,D,20200811,000000,24.9878,24.9878,24.4191,24.4261,195870.51281445,0
HERO.US,D,20200812,000000,24.7314,25.0965,24.6725,25.0965,168334.47551927,0
HERO.US,D,20200813,000000,25.4806,25.5794,25.2342,25.3719,157770.90908603,0
HERO.US,D,20200814,000000,25.3719,25.4607,25.2342,25.3419,111171.5384581,0
HERO.US,D,20200817,000000,25.5105,25.8258,25.4906,25.8258,151697.78554309,0
HERO.US,D,20200818,000000,26.0333,26.2688,25.9445,26.2488,201734.14917791,0
HERO.US,D,20200819,000000,26.3775,26.4264,26.1221,26.2089,171430.67598537,0
HERO.US,D,20200820,000000,26.0622,26.172,25.8757,26.162,102978.4848453,0
HERO.US,D,20200821,000000,26.162,26.167,26.0233,26.1221,77494.219111822,0
HERO.US,D,20200824,000000,26.614,26.7327,26.3675,26.614,191983.47318754,0
HERO.US,D,20200825,000000,26.5551,26.6628,26.2777,26.6628,312048.69462904,0
HERO.US,D,20200826,000000,26.7526,27.0879,26.7526,26.9791,406770.9790084,0
HERO.US,D,20200827,000000,26.9991,27.0978,26.5252,26.614,113484.91841141,0
HERO.US,D,20200828,000000,26.7427,26.8105,26.5751,26.7227,159655.29137035,0
HERO.US,D,20200831,000000,26.8704,26.8903,26.614,26.7726,1423240.8624268,0
HERO.US,D,20200901,000000,26.9691,27.3532,26.9103,27.3532,149924.66200002,0
HERO.US,D,20200902,000000,27.8371,27.9249,27.3034,27.5408,189812.42423655,0
HERO.US,D,20200903,000000,27.5009,27.5508,26.2827,26.585,504123.37993779,0
HERO.US,D,20200904,000000,26.4464,26.5451,25.4317,26.3286,347489.11420837,0
HERO.US,D,20200908,000000,25.5983,25.7959,25.1983,25.3719,145709.86013535,0
HERO.US,D,20200909,000000,25.7959,26.152,25.728,26.0822,140349.39393505,0
HERO.US,D,20200910,000000,26.2887,26.4962,25.6781,25.7959,129156.36363237,0
HERO.US,D,20200911,000000,26.0523,26.1321,25.5594,25.8258,62620.629368693,0
HERO.US,D,20200914,000000,26.2388,26.5062,26.1221,26.3865,114102.35430883,0
HERO.US,D,20200915,000000,26.7726,26.8654,26.6439,26.8305,100573.89277078,0
HERO.US,D,20200916,000000,27.0879,27.0879,26.614,26.7227,336090.60605021,0
HERO.US,D,20200917,000000,26.3675,26.6828,26.2189,26.6828,164096.62004154,0
HERO.US,D,20200918,000000,26.9691,26.9791,26.3286,26.6728,95667.482514524,0
HERO.US,D,20200921,000000,26.2388,26.7726,26.1321,26.7726,107487.97202465,0
HERO.US,D,20200922,000000,26.8305,26.8803,26.4264,26.8404,160053.21677827,0
HERO.US,D,20200923,000000,26.8305,26.9202,26.3286,26.4264,142411.18880678,0
HERO.US,D,20200924,000000,26.0922,26.4863,26.0233,26.2688,325410.7692207,0
HERO.US,D,20200925,000000,26.3865,26.6439,26.1321,26.5651,318234.07924424,0
HERO.US,D,20200928,000000,26.8105,26.8105,26.5351,26.7826,306846.59672711,0
HERO.US,D,20200929,000000,26.8404,26.8504,26.594,26.6728,313564.21910452,0
HERO.US,D,20200930,000000,26.7028,26.9791,26.614,26.7726,146071.70162718,0
HERO.US,D,20201001,000000,26.9602,27.2934,26.9602,27.2265,193254.42889845,0
HERO.US,D,20201002,000000,26.5651,26.9891,26.5252,26.6339,146026.59673208,0
HERO.US,D,20201005,000000,26.8025,26.9791,26.7327,26.9602,167231.91141674,0
HERO.US,D,20201006,000000,26.9202,27.0978,26.6628,26.7127,169298.71794348,0
HERO.US,D,20201007,000000,27.0579,27.0879,26.8903,26.9891,203910.2097839,0
HERO.US,D,20201008,000000,27.1467,27.1966,26.9502,26.9791,67999.137527034,0
HERO.US,D,20201009,000000,27.0779,27.2644,27.048,27.2644,78420.372957947,0
HERO.US,D,20201012,000000,27.5109,27.6495,27.442,27.5208,170129.65034439,0
HERO.US,D,20201013,000000,27.5897,27.5897,27.2285,27.5308,131094.87179082,0
HERO.US,D,20201014,000000,27.5997,27.7084,27.1298,27.2734,166755.80419065,0
HERO.US,D,20201015,000000,26.8205,26.9602,26.6628,26.9103,214437.69230106,0
HERO.US,D,20201016,000000,27.0679,27.1078,26.8604,26.8604,135816.85314265,0
HERO.US,D,20201019,000000,27.0879,27.1767,26.6628,26.7526,221723.63635678,0
HERO.US,D,20201020,000000,26.9202,27.019,26.7127,26.8604,464849.04427467,0
HERO.US,D,20201021,000000,26.8105,26.9791,26.6239,26.7477,80378.927736442,0
HERO.US,D,20201022,000000,27.028,27.0779,26.595,26.8105,234794.03262677,0
HERO.US,D,20201023,000000,26.8803,27.009,26.614,26.8404,76489.883447518,0
HERO.US,D,20201026,000000,26.5651,26.7826,26.3296,26.5252,197700.76922465,0
HERO.US,D,20201027,000000,26.8504,27.1467,26.8165,27.1268,187608.2983625,0
HERO.US,D,20201028,000000,26.8504,26.8903,26.4264,26.4962,192112.77388683,0
HERO.US,D,20201029,000000,26.7526,27.0879,26.7526,26.9602,101328.64801551,0
HERO.US,D,20201030,000000,26.6239,26.6339,26.0233,26.1221,129822.9137489,0
HERO.US,D,20201102,000000,26.3087,26.4264,25.9246,26.1221,65693.776221744,0
HERO.US,D,20201103,000000,26.3576,26.7925,26.3187,26.6728,126740.74591683,0
HERO.US,D,20201104,000000,27.1078,27.5947,27.048,27.5408,169693.63635839,0
HERO.US,D,20201105,000000,28.2711,28.321,27.905,28.1624,184659.44055373,0
HERO.US,D,20201106,000000,28.1624,28.3379,27.7972,28.2911,265870.30302208,0
HERO.US,D,20201109,000000,28.6841,28.6841,26.9202,26.9891,525986.22375995,0
HERO.US,D,20201110,000000,26.5551,26.5551,25.6692,25.8358,1480359.6969239,0
HERO.US,D,20201111,000000,25.8557,26.162,25.8557,26.0722,199513.98600782,0
HERO.US,D,20201112,000000,26.4563,26.6489,26.3556,26.4164,170654.87178959,0
HERO.US,D,20201113,000000,26.8105,26.9003,26.5521,26.8205,179157.6456821,0
HERO.US,D,20201116,000000,26.7726,26.7726,26.4164,26.6628,211411.65500512,0
HERO.US,D,20201117,000000,26.7526,26.8105,26.4164,26.5351,140604.98834064,0
HERO.US,D,20201118,000000,26.7826,26.7826,26.1421,26.1421,122224.24242046,0
HERO.US,D,20201119,000000,26.3576,27.1068,26.3576,27.019,163183.49649845,0
HERO.US,D,20201120,000000,27.1078,27.3483,27.1078,27.3233,160917.22610225,0
HERO.US,D,20201123,000000,27.3233,27.3832,27.028,27.2455,149420.48950587,0
HERO.US,D,20201124,000000,27.3433,27.3931,27.0579,27.2066,228391.14218408,0
HERO.US,D,20201125,000000,27.1078,27.3034,27.0829,27.2734,161263.03029804,0
HERO.US,D,20201127,000000,27.9349,28.1813,27.8571,28.1813,226842.54078552,0
HERO.US,D,20201130,000000,28.32,28.4277,27.9199,28.2312,306741.35197186,0
HERO.US,D,20201201,000000,28.3679,28.3779,27.9568,28.0736,195777.29603124,0
HERO.US,D,20201202,000000,27.8571,27.9947,27.6196,27.9947,148121.46852689,0
HERO.US,D,20201203,000000,28.2013,28.4078,28.0935,28.1025,137527.83216358,0
HERO.US,D,20201204,000000,28.2911,28.6692,28.2911,28.6642,139410.2097859,0
HERO.US,D,20201207,000000,28.6343,28.9216,28.3779,28.9016,237146.50348917,0
HERO.US,D,20201208,000000,28.9994,29.2269,28.9316,29.2269,133220.8158467,0
HERO.US,D,20201209,000000,29.4623,29.4723,28.6841,28.9016,240683.72959629,0
HERO.US,D,20201210,000000,29.0792,29.0792,28.6542,29.0493,135854.94172074,0
HERO.US,D,20201211,000000,29.0892,29.4224,29.0892,29.2368,131350.4661964,0
HERO.US,D,20201214,000000,29.3755,29.5711,29.3356,29.4124,247918.55477089,0
HERO.US,D,20201215,000000,29.5421,29.5711,29.3655,29.5322,131278.29836424,0
HERO.US,D,20201216,000000,29.601,29.9761,29.601,29.9462,132269.60372551,0
HERO.US,D,20201217,000000,30.4101,30.6406,30.3602,30.6356,260277.29602925,0
HERO.US,D,20201218,000000,30.7733,31.0307,30.7633,31.0107,250220.90908317,0
HERO.US,D,20201221,000000,30.8132,30.8132,30.2026,30.6555,275232.07458356,0
HERO.US,D,20201222,000000,30.5667,30.6346,30.2315,30.4301,384641.51513962,0
HERO.US,D,20201223,000000,30.5568,30.6256,30.2525,30.3902,155364.31234951,0
HERO.US,D,20201224,000000,30.4101,30.4959,30.2226,30.3902,111689.74358629,0
HERO.US,D,20201228,000000,30.5568,30.5568,29.8275,30.044,223316.34031943,0
HERO.US,D,20201229,000000,30.1826,30.5019,30.1238,30.3802,118985.71095203,0
HERO.US,D,20201230,000000,30.6575,31.0845,30.6276,31.0845,130794.17249013,0
HERO.US,D,20201231,000000,31.0945,31.1334,30.6545,30.8062,126043.12353923,0
HERO.US,D,20210104,000000,31.1334,31.323,30.6575,30.876,256696.96968903,0
HERO.US,D,20210105,000000,31.2332,31.7091,31.0546,31.7091,300159.04427976,0
HERO.US,D,20210106,000000,31.4218,31.6492,31.1534,31.2631,293974.66199557,0
HERO.US,D,20210107,000000,31.1733,31.6792,31.1235,31.6792,239958.04195062,0
HERO.US,D,20210108,000000,32.0563,32.3346,31.8877,32.3247,207871.42190499,0
HERO.US,D,20210111,000000,31.9864,32.195,31.749,31.8478,211061.84148531,0
HERO.US,D,20210112,000000,32.0363,32.1161,31.6093,31.9276,273667.43588897,0
HERO.US,D,20210113,000000,32.1161,32.5631,31.9475,32.4234,136874.31235008,0
HERO.US,D,20210114,000000,32.7507,33.038,32.6409,32.7008,2139905.5244093,0
HERO.US,D,20210115,000000,32.612,32.6409,32.0463,32.2847,162599.13752411,0
HERO.US,D,20210119,000000,32.7407,32.9592,32.6409,32.8594,291906.85313782,0
HERO.US,D,20210120,000000,33.2076,33.3163,33.039,33.2275,369384.03262261,0
HERO.US,D,20210121,000000,33.2275,33.2764,32.9492,33.2176,240813.03029558,0
HERO.US,D,20210122,000000,33.2375,33.7124,33.2375,33.6935,301949.20744987,0
HERO.US,D,20210125,000000,34.5275,34.5744,33.3423,33.8222,754901.58505824,0
HERO.US,D,20210126,000000,33.7523,33.7523,33.0679,33.1278,324115.75756573,0
HERO.US,D,20210127,000000,32.9392,33.1677,32.3765,32.5631,506440.7692151,0
HERO.US,D,20210128,000000,32.5631,32.9981,32.3446,32.7108,287681.02563213,0
HERO.US,D,20210129,000000,32.2947,32.4234,31.8478,32.0762,245761.53845394,0
HERO.US,D,20210201,000000,32.8694,33.0879,32.7407,33.029,431701.95802861,0
HERO.US,D,20210202,000000,33.3163,33.5548,33.0779,33.5149,460386.66665243,0
HERO.US,D,20210203,000000,33.7423,33.902,33.5418,33.7523,378928.22842651,0
HERO.US,D,20210204,000000,33.9409,33.9409,33.5348,33.8022,219239.86013308,0
HERO.US,D,20210205,000000,34.319,34.6861,34.2083,34.5864,393400.88576872,0
HERO.US,D,20210208,000000,35.1321,35.2828,35.0224,35.2608,492654.70860947,0
HERO.US,D,20210209,000000,35.5192,35.6958,35.2708,35.609,260266.27038822,0
HERO.US,D,20210210,000000,35.8554,36.0979,35.3606,35.9652,379046.50348478,0
HERO.US,D,20210211,000000,36.472,36.7005,36.0649,36.6007,307775.75756624,0
HERO.US,D,20210212,000000,36.3124,36.7024,36.1637,36.6605,216292.00465531,0
HERO.US,D,20210216,000000,36.7892,36.9369,36.2784,36.6007,971709.79017974,0
HERO.US,D,20210217,000000,36.1238,36.1238,35.4204,35.7576,347862.98367222,0
HERO.US,D,20210218,000000,35.1421,35.4993,34.9435,35.4593,239060.95570356,0
HERO.US,D,20210219,000000,35.7477,36.0051,35.619,35.7377,208546.99300054,0
HERO.US,D,20210222,000000,34.8538,35.1421,34.1993,34.2392,372486.24707473,0
HERO.US,D,20210223,000000,33.2375,33.9608,32.5032,33.8521,403839.16082667,0
HERO.US,D,20210224,000000,33.466,33.6396,32.8814,33.5049,192935.68763972,0
HERO.US,D,20210225,000000,33.7723,33.912,32.7507,32.8993,333402.35430204,0
HERO.US,D,20210226,000000,32.8993,32.8993,32.1161,32.3945,296198.83448967,0
HERO.US,D,20210301,000000,33.2375,33.4161,32.8574,33.4061,476871.00231625,0
HERO.US,D,20210302,000000,33.5448,33.6935,33.039,33.0679,193358.67132269,0
HERO.US,D,20210303,000000,33.1278,33.2375,32.3047,32.4434,336926.55010613,0
HERO.US,D,20210304,000000,32.0263,32.2448,30.876,31.2132,516640.48949451,0
HERO.US,D,20210305,000000,31.4816,31.5215,30.1387,31.1634,425680.95569779,0
HERO.US,D,20210308,000000,30.7563,31.0047,29.596,29.6649,609325.03494619,0
HERO.US,D,20210309,000000,30.5378,31.4118,30.4879,31.3719,287550.72260183,0
HERO.US,D,20210310,000000,31.5993,31.5993,30.4301,30.5478,1325801.2587003,0
HERO.US,D,20210311,000000,31.3818,31.5694,31.2232,31.4916,1236610.8391226,0
HERO.US,D,20210312,000000,31.3719,31.4517,30.9648,31.4517,229712.21444511,0
HERO.US,D,20210315,000000,31.4517,31.4517,31.1484,31.3619,1369941.9113795,0
HERO.US,D,20210316,000000,31.8976,32.183,31.6762,31.8577,861559.62701298,0
HERO.US,D,20210317,000000,31.4716,31.6383,30.9568,31.5016,954210.09321058,0
HERO.US,D,20210318,000000,31.1235,31.1534,30.5837,30.6865,1746241.025587,0
HERO.US,D,20210319,000000,30.9648,31.313,30.8062,31.2831,330604.84847462,0
HERO.US,D,20210322,000000,31.333,31.6891,31.2831,31.4716,200344.91840872,0
HERO.US,D,20210323,000000,31.4118,31.5016,31.1534,31.2531,77165.454543068,0
HERO.US,D,20210324,000000,31.2033,31.2033,30.3004,30.3303,308048.39159886,0
HERO.US,D,20210325,000000,30.0519,30.4101,29.9063,30.3802,207219.9067535,0
HERO.US,D,20210326,000000,30.6575,30.896,30.4001,30.8661,92236.503493651,0
HERO.US,D,20210329,000000,30.7563,30.9,30.5578,30.7463,86360.839158168,0
HERO.US,D,20210330,000000,30.6675,30.8561,30.3802,30.7763,47049.417247962,0
HERO.US,D,20210331,000000,30.9149,31.3809,30.9149,31.1733,85548.951046305,0
HERO.US,D,20210401,000000,31.749,32.0263,31.6692,31.8677,117297.78554416,0
HERO.US,D,20210405,000000,32.3646,32.4234,31.9136,32.2349,120343.86946015,0
HERO.US,D,20210406,000000,32.2448,32.4434,32.1311,32.3247,70786.620044431,0
HERO.US,D,20210407,000000,32.186,32.2748,31.9176,32.156,542758.22842144,0
HERO.US,D,20210408,000000,32.592,32.7108,32.5302,32.612,226239.13752214,0
HERO.US,D,20210409,000000,32.5731,32.612,32.3446,32.5531,91798.484845646,0
HERO.US,D,20210412,000000,32.2448,32.4534,32.0563,32.4534,197380.02330392,0
HERO.US,D,20210413,000000,32.622,32.9492,32.5232,32.8993,123503.2167794,0
HERO.US,D,20210414,000000,33.1477,33.1876,32.7806,32.8005,133121.58507747,0
HERO.US,D,20210415,000000,33.1477,33.1916,32.9193,33.1078,124189.81351597,0
HERO.US,D,20210416,000000,33.2076,33.2275,32.9392,33.0579,116313.4964999,0
HERO.US,D,20210419,000000,33.1078,33.1876,32.6509,32.8205,203253.6829774,0
HERO.US,D,20210420,000000,32.4733,32.592,32.0663,32.2249,174552.93705754,0
HERO.US,D,20210421,000000,32.0663,32.4434,31.9076,32.4045,446314.94171114,0
HERO.US,D,20210422,000000,32.4234,32.7407,32.3456,32.4434,229602.96036586,0
HERO.US,D,20210423,000000,32.7207,32.9891,32.6808,32.9492,95938.111885145,0
HERO.US,D,20210426,000000,32.6609,33.0679,32.6509,33.039,138334.70862043,0
HERO.US,D,20210427,000000,33.1777,33.1777,32.8005,32.8305,105131.49183824,0
HERO.US,D,20210428,000000,32.8305,32.8993,32.5531,32.6908,87268.951046252,0
HERO.US,D,20210429,000000,32.8893,32.8893,32.3546,32.5431,138126.22377195,0
HERO.US,D,20210430,000000,32.4633,32.4643,32.0473,32.156,80199.51048703,0
HERO.US,D,20210503,000000,32.156,32.2648,31.8677,31.8877,100840.51281739,0
HERO.US,D,20210504,000000,31.749,31.749,30.8152,31.0247,146270.16316564,0
HERO.US,D,20210505,000000,31.4517,31.6293,31.1634,31.333,169212.51747728,0
HERO.US,D,20210506,000000,31.0047,31.1933,30.7862,31.1045,125587.06293318,0
HERO.US,D,20210507,000000,31.4218,31.728,31.3519,31.5495,67224.335662256,0
HERO.US,D,20210510,000000,31.4317,31.4696,30.7663,30.7862,283308.85780009,0
HERO.US,D,20210511,000000,30.0031,30.7563,29.9312,30.6775,787920.372936,0
HERO.US,D,20210512,000000,30.1417,30.2904,29.5162,29.606,434940.48949704,0
HERO.US,D,20210513,000000,29.6249,29.7347,28.8428,29.1101,246824.00931638,0
HERO.US,D,20210514,000000,29.3486,29.9532,29.3486,29.8833,164240.95570588,0
HERO.US,D,20210517,000000,29.6649,29.6848,29.3965,29.596,49158.321676801,0
HERO.US,D,20210518,000000,29.8245,30.4301,29.8045,30.1816,112200.93239746,0
HERO.US,D,20210519,000000,29.6748,30.2904,29.606,30.2116,92593.333330469,0
HERO.US,D,20210520,000000,30.5677,31.1434,30.5578,31.0945,143525.78088134,0
HERO.US,D,20210521,000000,31.4118,31.4916,31.0247,31.1145,98100.139857106,0
HERO.US,D,20210524,000000,31.303,31.4517,31.2033,31.3719,84497.505824892,0
HERO.US,D,20210525,000000,31.6193,31.6392,31.3818,31.5305,92156.317013467,0
HERO.US,D,20210526,000000,31.729,31.8777,31.6293,31.729,71300.815848611,0
HERO.US,D,20210527,000000,31.729,31.9775,31.5305,31.9076,163921.21211614,0
HERO.US,D,20210528,000000,31.9864,32.2608,31.9864,32.156,69118.741256603,0
HERO.US,D,20210601,000000,32.2149,32.3346,31.9376,32.195,126797.87878396,0
HERO.US,D,20210602,000000,31.9964,32.0663,31.754,31.8178,100985.85081273,0
HERO.US,D,20210603,000000,31.749,31.749,31.3629,31.4018,323870.18647017,0
HERO.US,D,20210604,000000,31.749,32.0263,31.5594,31.9775,147224.38227983,0
HERO.US,D,20210607,000000,32.2847,32.2847,31.8777,32.0762,72784.265732015,0
HERO.US,D,20210608,000000,32.2448,32.3945,32.1161,32.2149,88115.920743195,0
HERO.US,D,20210609,000000,32.3646,32.4434,32.0962,32.0962,67521.025638937,0
HERO.US,D,20210610,000000,32.195,32.588,32.195,32.5731,84719.020976401,0
HERO.US,D,20210611,000000,32.4234,32.6698,32.4234,32.612,37145.384614236,0
HERO.US,D,20210614,000000,32.612,32.7606,32.5631,32.6908,147464.94172038,0
HERO.US,D,20210615,000000,32.5731,32.617,32.0972,32.1161,123721.7249379,0
HERO.US,D,20210616,000000,31.7979,31.8667,31.331,31.6392,189310.2564044,0
HERO.US,D,20210617,000000,31.313,31.9964,31.2332,31.8478,88917.785545035,0
HERO.US,D,20210618,000000,31.9964,32.0663,31.749,31.759,55496.060604344,0
HERO.US,D,20210621,000000,31.6792,31.6792,31.1045,31.4617,778561.60836753,0
HERO.US,D,20210622,000000,31.4617,31.6193,31.2931,31.4517,96446.293703311,0
HERO.US,D,20210623,000000,31.3619,31.6043,31.318,31.3818,497993.12352772,0
HERO.US,D,20210624,000000,31.5495,31.8378,31.5215,31.729,347110.2330895,0
HERO.US,D,20210625,000000,32.0263,32.0463,31.6203,31.6991,258662.54078454,0
HERO.US,D,20210628,000000,31.7979,32.1381,31.749,32.0563,86667.552444872,0
HERO.US,D,20210629,000000,32.2748,32.4534,32.0962,32.4534,273736.59672813,0
HERO.US,D,20210630,000000,32.3446,32.4134,32.0862,32.0862,83222.540789967,0
HERO.US,D,20210701,000000,32.1461,32.166,31.5993,31.7979,79252.307689856,0
HERO.US,D,20210702,000000,32.1261,32.2069,31.9076,32.186,71226.64335444,0
HERO.US,D,20210706,000000,32.186,32.186,31.7879,31.9475,137849.58041532,0
HERO.US,D,20210707,000000,31.9575,32.0663,31.4607,31.5495,134515.82750167,0
HERO.US,D,20210708,000000,30.8501,31.0835,30.7922,31.0037,86982.284379594,0
HERO.US,D,20210709,000000,31.1324,31.5405,31.0835,31.4706,96861.258738263,0
HERO.US,D,20210712,000000,31.4806,31.5894,31.322,31.4108,87206.806524109,0
HERO.US,D,20210713,000000,31.4806,31.7749,31.4806,31.5794,93865.291372388,0
HERO.US,D,20210714,000000,31.6692,31.7679,31.312,31.3809,80162.424239945,0
HERO.US,D,20210715,000000,31.4208,31.4806,30.9419,31.0636,85364.522141882,0
HERO.US,D,20210716,000000,31.1035,31.3409,30.8651,30.895,115188.88111532,0
HERO.US,D,20210719,000000,30.6765,30.9339,30.3981,30.7553,132286.64335255,0
HERO.US,D,20210720,000000,30.8351,31.0237,30.5468,30.9638,64475.94405395,0
HERO.US,D,20210721,000000,31.0137,31.3609,31.0037,31.3609,62280.839158913,0
HERO.US,D,20210722,000000,31.5495,31.6442,31.3809,31.5495,70989.090906895,0
HERO.US,D,20210723,000000,31.4008,31.4008,31.0486,31.2921,75769.207456864,0
HERO.US,D,20210726,000000,30.8651,30.9838,30.6665,30.7054,87841.282048565,0
HERO.US,D,20210727,000000,30.4281,30.447,29.6928,30.0699,186000.55943481,0
HERO.US,D,20210728,000000,30.2196,30.7354,30.1697,30.6366,122841.67831788,0
HERO.US,D,20210729,000000,30.875,30.9938,30.7453,30.8152,202222.28437603,0
HERO.US,D,20210730,000000,30.5169,30.5169,30.2196,30.2684,126453.07691917,0
HERO.US,D,20210802,000000,30.5368,30.7354,30.3782,30.5268,249871.09556337,0
HERO.US,D,20210803,000000,29.8225,29.8225,29.2658,29.5042,175983.26339782,0
HERO.US,D,20210804,000000,29.604,29.7926,29.5042,29.594,173314.0559387,0
HERO.US,D,20210805,000000,29.5342,29.594,29.2957,29.3157,156078.97435415,0
HERO.US,D,20210806,000000,29.0772,29.167,28.8488,28.9485,138813.82283953,0
HERO.US,D,20210809,000000,29.0672,29.3845,28.8986,29.2458,296443.40325423,0
HERO.US,D,20210810,000000,29.0872,29.2458,28.8188,28.8587,103050.65267747,0
HERO.US,D,20210811,000000,28.8088,28.9455,28.6003,28.7989,190550.13985425,0
HERO.US,D,20210812,000000,28.8787,29.0373,28.74,29.0373,103242.0978989,0
HERO.US,D,20210813,000000,28.9874,29.0164,28.8787,28.8887,68827.062934934,0
HERO.US,D,20210816,000000,28.6402,28.6791,28.322,28.4916,120808.95104521,0
HERO.US,D,20210817,000000,28.303,28.6303,28.1045,28.4816,127563.65966971,0
HERO.US,D,20210818,000000,28.6602,28.7989,28.5115,28.5315,56750.979019224,0
HERO.US,D,20210819,000000,28.4217,28.756,28.323,28.5804,160373.962699,0
HERO.US,D,20210820,000000,28.5704,28.8587,28.5704,28.7739,82693.310020752,0
HERO.US,D,20210823,000000,29.0672,29.4843,29.0672,29.4244,88122.937060211,0
HERO.US,D,20210824,000000,29.6229,29.8963,29.613,29.8614,73794.615382333,0
HERO.US,D,20210825,000000,29.8315,29.9213,29.7926,29.8813,90977.575754762,0
HERO.US,D,20210826,000000,29.8614,29.8614,29.5441,29.604,64984.125872116,0
HERO.US,D,20210827,000000,29.5342,29.7626,29.4942,29.7626,52955.151513514,0
HERO.US,D,20210830,000000,29.7826,29.7826,29.4553,29.7028,144464.9650305,0
HERO.US,D,20210831,000000,29.8225,30.2146,29.8125,30.1597,90936.480183668,0
HERO.US,D,20210901,000000,30.3981,30.7144,30.3283,30.5169,85376.550113909,0
HERO.US,D,20210902,000000,30.6366,30.7054,30.4819,30.5568,52540.186478561,0
HERO.US,D,20210903,000000,30.7354,30.9538,30.4969,30.895,76107.995335641,0
HERO.US,D,20210907,000000,31.1723,31.332,30.8351,30.9339,317413.17015335,0
HERO.US,D,20210908,000000,30.8451,30.8451,30.3652,30.448,77461.142188746,0
HERO.US,D,20210909,000000,29.8813,30.1397,29.7926,29.9811,72277.086244851,0
HERO.US,D,20210910,000000,29.9811,30.4181,29.9013,30.0899,60381.421909554,0
HERO.US,D,20210913,000000,30.0699,30.0699,29.7526,29.8714,57557.855476075,0
HERO.US,D,20210914,000000,29.8614,29.9043,29.6988,29.7127,61983.14685123,0
HERO.US,D,20210915,000000,29.613,29.7127,29.4075,29.7127,107013.86946056,0
HERO.US,D,20210916,000000,29.3157,29.4144,29.2159,29.4144,109680.06992668,0
HERO.US,D,20210917,000000,29.2758,29.3496,29.0333,29.2059,85885.734263078,0
HERO.US,D,20210920,000000,28.4716,28.73,28.0845,28.332,92916.08391321,0
HERO.US,D,20210921,000000,28.4716,28.4716,28.1733,28.2332,73083.962701702,0
HERO.US,D,20210922,000000,28.2332,28.4916,28.1334,28.4118,109584.84848146,0
HERO.US,D,20210923,000000,28.5115,28.73,28.4816,28.6502,142909.34731493,0
HERO.US,D,20210924,000000,28.5604,28.6801,28.4617,28.6103,46361.818180384,0
HERO.US,D,20210927,000000,28.3519,28.4517,28.1334,28.293,107279.48717617,0
HERO.US,D,20210928,000000,27.9748,28.0247,27.6076,27.7064,144389.79020532,0
HERO.US,D,20210929,000000,27.6675,27.9848,27.5179,27.5179,134348.43822428,0
HERO.US,D,20210930,000000,27.7064,28.0347,27.7064,27.8261,110663.35663993,0
HERO.US,D,20211001,000000,27.6675,27.7513,27.2684,27.7264,102934.3822812,0
HERO.US,D,20211004,000000,27.2595,27.2595,26.7347,26.7935,131435.6643316,0
HERO.US,D,20211005,000000,26.9222,27.3592,26.9222,27.2305,110257.412584,0
HERO.US,D,20211006,000000,26.8424,27.2106,26.7267,27.1108,145922.35430784,0
HERO.US,D,20211007,000000,27.449,28.0307,27.449,27.9249,305135.61770618,0
HERO.US,D,20211008,000000,27.9449,28.0546,27.8162,27.905,65789.999997965,0
HERO.US,D,20211011,000000,27.9149,28.1284,27.7064,27.7064,37038.13519699,0
HERO.US,D,20211012,000000,27.7463,27.9149,27.5598,27.6376,87954.545451825,0
HERO.US,D,20211013,000000,27.866,28.2432,27.866,28.2432,116187.20279361,0
HERO.US,D,20211014,000000,28.3918,28.4816,28.3419,28.4317,184758.67132296,0
HERO.US,D,20211015,000000,28.5215,28.6801,28.4417,28.5215,484452.63401765,0
HERO.US,D,20211018,000000,28.4617,28.7889,28.4617,28.7101,69471.561769413,0
HERO.US,D,20211019,000000,29.1072,29.3705,29.1072,29.2658,75258.018645691,0
HERO.US,D,20211020,000000,29.2857,29.3456,29.0772,29.2458,181801.79486617,0
HERO.US,D,20211021,000000,29.1959,29.5242,29.1939,29.4344,86590.372957695,0
HERO.US,D,20211022,000000,29.7926,29.9113,29.5102,29.5342,301486.13052681,0
HERO.US,D,20211025,000000,29.5342,29.584,29.2957,29.5242,130190.76922674,0
HERO.US,D,20211026,000000,29.8714,30.041,29.5441,29.6229,86889.06759638,0
HERO.US,D,20211027,000000,29.5541,29.7726,29.3755,29.4045,182943.44987779,0
HERO.US,D,20211028,000000,29.4045,29.4843,29.2458,29.4045,87589.696966988,0
HERO.US,D,20211029,000000,29.3157,29.3655,29.177,29.2957,148598.57808398,0
HERO.US,D,20211101,000000,29.4942,30.1088,29.4942,30.031,341384.91840436,0
HERO.US,D,20211102,000000,30.011,30.036,29.8145,29.9512,313139.23075955,0
HERO.US,D,20211103,000000,29.7427,29.7926,29.5042,29.7926,85575.011652365,0
HERO.US,D,20211104,000000,29.6529,30.0599,29.6529,29.9312,86864.009321323,0
HERO.US,D,20211105,000000,30.2984,30.3183,29.9412,30.0899,103079.72027653,0
HERO.US,D,20211108,000000,30.3582,30.468,30.2355,30.3483,69311.188809045,0
HERO.US,D,20211109,000000,30.6954,30.8351,30.438,30.5667,264089.16083099,0
HERO.US,D,20211110,000000,30.477,30.8351,30.2495,30.4081,234410.13985289,0
HERO.US,D,20211111,000000,31.1524,31.322,31.0736,31.2422,101908.99766585,0
HERO.US,D,20211112,000000,31.2522,31.4297,31.1135,31.3409,111601.53845809,0
HERO.US,D,20211115,000000,31.6293,31.6293,31.0436,31.2422,100922.70395958,0
HERO.US,D,20211116,000000,31.6293,31.8976,31.4108,31.4607,489807.08623194,0
HERO.US,D,20211117,000000,31.2522,31.2621,30.8451,30.895,88458.717945982,0
HERO.US,D,20211118,000000,31.1424,31.2422,30.9439,31.0736,117387.99533436,0
HERO.US,D,20211119,000000,31.0436,31.1324,30.7852,30.895,87182.750580054,0
HERO.US,D,20211122,000000,30.7653,30.8052,30.0609,30.0998,191878.22843229,0
HERO.US,D,20211123,000000,29.8913,29.9911,29.4045,29.6629,151107.41258274,0
HERO.US,D,20211124,000000,29.3356,29.7127,29.2658,29.6828,292453.12353408,0
HERO.US,D,20211126,000000,29.5441,29.7826,29.3945,29.5541,59483.333331494,0
HERO.US,D,20211129,000000,29.8514,29.8514,29.4843,29.6928,104549.1375259,0
HERO.US,D,20211130,000000,29.5541,29.7926,29.0074,29.2957,102724.89510172,0
HERO.US,D,20211201,000000,29.6429,29.6429,28.4417,28.4417,402854.87178241,0
HERO.US,D,20211202,000000,28.4417,28.7201,28.2332,28.4118,128250.25640629,0
HERO.US,D,20211203,000000,28.3719,28.4118,27.8361,28.1234,103754.28904108,0
HERO.US,D,20211206,000000,27.9249,28.1234,27.4779,28.0247,102069.37062621,0
HERO.US,D,20211207,000000,28.6502,28.9675,28.4317,28.9675,111088.34498491,0
HERO.US,D,20211208,000000,28.9675,29.2359,28.7001,29.2259,168978.97435375,0
HERO.US,D,20211209,000000,29.0573,29.2259,28.6203,28.6203,270688.50815014,0
HERO.US,D,20211210,000000,28.6801,28.749,28.2831,28.3918,73122.05127979,0
HERO.US,D,20211213,000000,28.0845,28.2132,27.7264,27.7463,86457.062934389,0
HERO.US,D,20211214,000000,27.3492,27.6505,27.3193,27.449,137939.79020552,0
HERO.US,D,20211215,000000,27.4091,27.866,27.1976,27.866,228292.91374585,0
HERO.US,D,20211216,000000,27.9449,28.1205,27.3393,27.4979,142531.46852706,0
HERO.US,D,20211217,000000,27.2106,27.5578,27.1427,27.2894,141351.72493735,0
HERO.US,D,20211220,000000,27.022,27.3792,27.012,27.2305,146909.65034511,0
HERO.US,D,20211221,000000,27.6865,28.1334,27.5677,28.0446,110703.44988003,0
HERO.US,D,20211222,000000,28.0446,28.303,28.0446,28.303,124477.48251363,0
HERO.US,D,20211223,000000,28.1234,28.303,27.9249,28.2631,105550.4661972,0
HERO.US,D,20211227,000000,28.1534,28.3589,28.1035,28.313,92610.372957509,0
HERO.US,D,20211228,000000,28.322,28.4916,28.2132,28.2232,405952.07457952,0
HERO.US,D,20211229,000000,28.0746,28.1843,27.886,27.9947,108314.89510154,0
HERO.US,D,20211230,000000,27.9249,28.5534,27.875,28.3938,90023.356640572,0
HERO.US,D,20211231,000000,28.3539,28.3768,28.1344,28.1643,41416.317015036,0
HERO.US,D,20220103,000000,28.3739,28.4836,28.1743,28.3838,91818.531465691,0
HERO.US,D,20220104,000000,28.2541,28.2541,27.6356,27.7852,87880.372957655,0
HERO.US,D,20220105,000000,27.456,27.7154,26.8474,26.8873,157347.92540306,0
HERO.US,D,20220106,000000,26.3885,26.7974,26.2488,26.4783,799958.36827363,0
HERO.US,D,20220107,000000,26.4883,26.7277,26.2795,26.4982,68393.053610938,0
HERO.US,D,20220110,000000,26.5581,26.5681,26.0593,26.4883,171332.44754715,0
HERO.US,D,20220111,000000,26.3885,26.9871,26.2887,26.9572,98507.086244039,0
HERO.US,D,20220112,000000,27.3063,27.4261,27.0569,27.3363,138353.75290947,0
HERO.US,D,20220113,000000,27.3363,27.3363,26.3985,26.5082,253661.91141407,0
HERO.US,D,20220114,000000,26.3386,26.4683,26.1391,26.3486,159280.41957549,0
HERO.US,D,20220118,000000,26.6379,26.9173,26.4583,26.4783,174116.92307154,0
HERO.US,D,20220119,000000,26.8973,27.0769,26.7177,26.7477,163970.32633525,0
HERO.US,D,20220120,000000,27.4959,27.7254,27.007,27.1567,88792.494169748,0
HERO.US,D,20220121,000000,27.1367,27.2265,26.598,26.6379,81047.482514976,0
HERO.US,D,20220124,000000,26.0992,26.0992,25.1372,26.0094,202302.47085621,0
HERO.US,D,20220125,000000,25.72,26.0094,25.5405,25.7799,565963.19345569,0
HERO.US,D,20220126,000000,26.2987,26.3187,25.6402,25.72,86798.857806173,0
HERO.US,D,20220127,000000,25.7699,25.7699,25.2112,25.2412,191972.44754651,0
HERO.US,D,20220128,000000,25.0616,25.4407,24.8022,25.4407,92541.21211835,0
HERO.US,D,20220131,000000,25.7101,26.4883,25.4906,26.4284,96839.207456212,0
HERO.US,D,20220201,000000,26.6678,26.6678,26.2738,26.6379,82493.846151295,0
HERO.US,D,20220202,000000,26.7876,26.9361,26.5581,26.8374,63328.275056316,0
HERO.US,D,20220203,000000,26.3586,26.5182,26.0792,26.0792,127469.4405555,0
HERO.US,D,20220204,000000,26.3985,27.0968,26.3283,26.9372,153645.31468056,0
HERO.US,D,20220207,000000,27.1168,27.2565,26.9372,27.047,253749.11421127,0
HERO.US,D,20220208,000000,26.9073,27.1865,26.6279,27.0968,86151.351978687,0
HERO.US,D,20220209,000000,27.5558,27.895,27.4424,27.895,49249.533798011,0
HERO.US,D,20220210,000000,27.2465,27.7653,26.8873,27.1767,83074.195801626,0
HERO.US,D,20220211,000000,27.0869,27.2265,26.5381,26.6678,57912.680650889,0
HERO.US,D,20220214,000000,26.5439,26.7876,26.4384,26.618,141368.76456439,0
HERO.US,D,20220215,000000,26.8873,27.2565,26.8332,27.2066,149395.43123081,0
HERO.US,D,20220216,000000,26.6479,26.7776,26.4683,26.6778,68430.139858023,0
HERO.US,D,20220217,000000,26.4284,26.5082,25.9595,25.9894,65830.093238057,0
HERO.US,D,20220218,000000,26.159,26.2388,25.7101,25.8298,72108.694636464,0
HERO.US,D,20220222,000000,25.5504,25.6502,25.1713,25.311,133162.68064856,0
HERO.US,D,20220223,000000,25.4407,25.6602,25.0217,25.291,71733.822841604,0
HERO.US,D,20220224,000000,24.2934,25.4407,24.1437,25.3409,126374.89510099,0
HERO.US,D,20220225,000000,25.5804,25.8797,25.311,25.8198,55836.853145126,0
HERO.US,D,20220228,000000,25.5405,25.9695,25.5205,25.7799,54206.060604384,0
HERO.US,D,20220301,000000,25.7799,25.9994,25.331,25.4507,71762.890440671,0
HERO.US,D,20220302,000000,25.6289,25.72,25.3709,25.6003,43916.130534772,0
HERO.US,D,20220303,000000,25.5704,25.5704,24.7124,24.902,431613.7529004,0
HERO.US,D,20220304,000000,24.463,24.5627,24.024,24.0938,166881.09556593,0
HERO.US,D,20220307,000000,23.9242,24.0539,23.3605,23.3655,101549.16083602,0
HERO.US,D,20220308,000000,23.4753,23.8245,23.146,23.4553,205983.03029666,0
HERO.US,D,20220309,000000,24.014,24.4629,24.014,24.453,98066.060603027,0
HERO.US,D,20220310,000000,24.0539,24.0539,23.6648,23.7546,45035.734264341,0
HERO.US,D,20220311,000000,24.0539,24.1337,23.3356,23.3356,132070.13985605,0
HERO.US,D,20220314,000000,23.2259,23.2658,22.6472,22.727,277891.25873266,0
HERO.US,D,20220315,000000,22.5574,22.9764,22.3484,22.8867,2053075.5943421,0
HERO.US,D,20220316,000000,23.6748,24.6426,23.6748,24.6426,90981.585078771,0
HERO.US,D,20220317,000000,24.4031,24.6226,24.1936,24.6226,103513.72960053,0
HERO.US,D,20220318,000000,24.473,25.3509,24.473,25.2611,114299.81351628,0
HERO.US,D,20220321,000000,24.872,24.9818,24.6027,24.8421,35564.708623609,0
HERO.US,D,20220322,000000,25.0217,25.5405,24.9419,25.4607,84433.356640745,0
HERO.US,D,20220323,000000,25.2811,25.7786,25.1514,25.4207,35548.671327572,0
HERO.US,D,20220324,000000,25.3409,25.3409,24.882,25.291,154210.62936586,0
HERO.US,D,20220325,000000,25.301,25.301,24.8831,25.2013,53280.909089261,0
HERO.US,D,20220328,000000,25.0117,25.2811,24.902,25.1913,35990.699299586,0
HERO.US,D,20220329,000000,25.7001,25.9196,25.6203,25.8298,127561.65500771,0
HERO.US,D,20220330,000000,25.5903,25.8797,25.3908,25.4307,68594.5221424,0
HERO.US,D,20220331,000000,25.2811,25.4706,24.9419,25.0416,24855.804195035,0
HERO.US,D,20220401,000000,25.4108,25.4706,25.1985,25.3808,46018.018646595,0
HERO.US,D,20220404,000000,25.7101,26.2089,25.7101,26.1191,39964.941723706,0
HERO.US,D,20220405,000000,26.1291,26.1291,25.5804,25.6303,81690.979018452,0
HERO.US,D,20220406,000000,25.3609,25.3609,25.0017,25.1514,73796.620044337,0
HERO.US,D,20220407,000000,25.1115,25.2062,24.6725,24.892,92252.540789687,0
HERO.US,D,20220408,000000,24.7224,24.7902,24.5328,24.5627,73486.899764627,0
HERO.US,D,20220411,000000,24.3433,24.6825,24.3433,24.443,296763.14684397,0
HERO.US,D,20220412,000000,24.4231,24.7024,24.1537,24.2535,64473.939391945,0
HERO.US,D,20220413,000000,24.2535,24.6126,24.2036,24.5029,74318.834496536,0
HERO.US,D,20220414,000000,24.4231,24.4231,24.0639,24.1337,87391.235428532,0
HERO.US,D,20220418,000000,23.7546,23.8045,23.4863,23.6748,61295.547783652,0
HERO.US,D,20220419,000000,23.2558,23.7846,23.2558,23.7047,81781.188808659,0
HERO.US,D,20220420,000000,23.595,23.595,23.0962,23.186,61970.1165482,0
HERO.US,D,20220421,000000,23.146,23.2857,22.5474,22.5774,93309.999997114,0
HERO.US,D,20220422,000000,22.5275,22.9266,22.5275,22.5275,79570.046617586,0
HERO.US,D,20220425,000000,22.5125,22.7769,22.4477,22.727,147756.62004205,0
HERO.US,D,20220426,000000,22.7071,22.7071,22.0686,22.0686,55923.053611324,0
HERO.US,D,20220427,000000,22.0187,22.3679,21.889,21.9389,101399.81351668,0
HERO.US,D,20220428,000000,21.899,22.1583,21.6695,22.0386,105356.01398276,0
HERO.US,D,20220429,000000,22.3579,22.6273,22.0186,22.0586,52852.913751279,0
HERO.US,D,20220502,000000,21.879,22.2781,21.7792,22.1184,123959.27738544,0
HERO.US,D,20220503,000000,22.1484,22.4889,22.1484,22.4177,42722.354311033,0
HERO.US,D,20220504,000000,22.3379,22.8966,22.1085,22.8966,127541.60838766,0
HERO.US,D,20220505,000000,22.4078,22.6758,21.7393,21.7792,115134.75524119,0
HERO.US,D,20220506,000000,21.8491,21.859,21.4061,21.4999,50511.468529906,0
HERO.US,D,20220509,000000,21.1707,21.2505,20.4723,20.5222,160518.29836333,0
HERO.US,D,20220510,000000,20.8215,20.8215,20.3276,20.5421,278764.28903567,0
HERO.US,D,20220511,000000,20.5421,21.0709,20.4723,20.4922,109303.19346981,0
HERO.US,D,20220512,000000,20.1331,20.9312,20.1331,20.6519,269064.73192641,0
HERO.US,D,20220513,000000,20.9811,21.4999,20.9512,21.4899,63218.018646063,0
HERO.US,D,20220516,000000,21.1707,21.5298,21.1707,21.2205,79456.783214326,0
HERO.US,D,20220517,000000,22.0087,22.0835,21.7493,22.0785,111434.1491807,0
HERO.US,D,20220518,000000,22.0386,22.2328,21.859,21.9189,207515.59439918,0
HERO.US,D,20220519,000000,21.9089,22.6173,21.9089,22.3679,230070.04661293,0
HERO.US,D,20220520,000000,22.5474,22.757,22.0985,22.4577,109311.21211783,0
HERO.US,D,20220523,000000,22.5175,22.737,22.4277,22.5674,103875.57109236,0
HERO.US,D,20220524,000000,22.298,22.3868,22.0986,22.2282,107493.98601066,0
HERO.US,D,20220525,000000,22.2082,22.5674,22.2082,22.4876,77650.582748181,0
HERO.US,D,20220526,000000,22.3379,22.9166,22.3379,22.9066,50428.275056715,0
HERO.US,D,20220527,000000,22.9365,23.0962,22.8567,23.0463,25556.433565643,0
HERO.US,D,20220531,000000,23.2458,23.3057,22.9964,23.0762,75847.389275043,0
HERO.US,D,20220601,000000,23.1959,23.3157,22.8368,22.9166,96519.463866479,0
HERO.US,D,20220602,000000,22.8467,23.5252,22.8467,23.5252,101861.88810874,0
HERO.US,D,20220603,000000,23.0263,23.0263,22.7969,22.8767,70000.792538627,0
HERO.US,D,20220606,000000,23.146,23.2757,22.8767,22.9565,45093.869462475,0
HERO.US,D,20220607,000000,22.8368,23.3456,22.8268,23.166,36917.855476714,0
HERO.US,D,20220608,000000,23.3955,23.605,23.3467,23.4054,72857.435895182,0
HERO.US,D,20220609,000000,23.2957,23.3855,22.9365,22.9465,28573.449882566,0
HERO.US,D,20220610,000000,22.7769,22.8767,22.5474,22.6173,36446.759905633,0
HERO.US,D,20220613,000000,21.7792,21.9389,21.4999,21.5797,251706.36362858,0
HERO.US,D,20220614,000000,21.5198,21.7892,21.3803,21.5099,33575.081584043,0
HERO.US,D,20220615,000000,21.3901,21.9289,21.2804,21.7792,151332.93705826,0
HERO.US,D,20220616,000000,21.0609,21.1406,20.7717,20.9013,438866.62003305,0
HERO.US,D,20220617,000000,21.0609,21.2505,20.9013,21.011,107287.50582419,0
HERO.US,D,20220621,000000,21.3802,21.6096,21.2106,21.47,491766.64334143,0
HERO.US,D,20220622,000000,21.1307,21.5198,21.1307,21.3203,43116.270394937,0
HERO.US,D,20220623,000000,21.5997,21.6595,20.9512,21.3901,114176.526803,0
HERO.US,D,20220624,000000,21.9089,22.298,21.9089,22.2082,69211.958039817,0
HERO.US,D,20220627,000000,22.2382,22.2382,21.8491,21.9389,130132.63402861,0
HERO.US,D,20220628,000000,21.9189,22.0087,21.45,21.45,92344.755241899,0
HERO.US,D,20220629,000000,21.38,22.249,21.1804,21.37,22564,0
HERO.US,D,20220630,000000,20.84,21.03,20.645,20.91,98509,0
HERO.US,D,20220701,000000,21.1,21.16,20.73,21.14,459421,0
HERO.US,D,20220705,000000,20.81,21.43,20.75,21.26,126780,0
HERO.US,D,20220706,000000,21.49,21.5,21.24,21.25,75050,0
HERO.US,D,20220707,000000,21.44,21.71,21.4,21.71,31149,0
HERO.US,D,20220708,000000,21.42,21.73,21.35,21.63,159987,0
HERO.US,D,20220711,000000,21.29,21.29,20.92,20.92,95902,0
HERO.US,D,20220712,000000,21.05,21.17,20.85,20.89,54701,0
HERO.US,D,20220713,000000,20.6,20.99,20.6,20.91,15260,0
HERO.US,D,20220714,000000,20.62,20.77,20.47,20.61,205645,0
HERO.US,D,20220715,000000,20.8,20.8,20.5508,20.73,85089,0
HERO.US,D,20220718,000000,21.04,21.29,20.9,20.92,88642,0
HERO.US,D,20220719,000000,21.12,21.3,21.02,21.27,38391,0
HERO.US,D,20220720,000000,21.37,21.6,21.3502,21.44,1659923,0
HERO.US,D,20220721,000000,21.82,22.14,21.77,22.05,43837,0
HERO.US,D,20220722,000000,22.14,22.25,21.74,21.82,99576,0
HERO.US,D,20220725,000000,21.82,21.9,21.71,21.9,85300,0
HERO.US,D,20220726,000000,21.72,21.72,21.45,21.48,73426,0
HERO.US,D,20220727,000000,21.48,22.01,21.42,22.01,51423,0
HERO.US,D,20220728,000000,21.8,21.96,21.575,21.96,25644,0
HERO.US,D,20220729,000000,21.77,21.92,21.6,21.88,55616,0
HERO.US,D,20220801,000000,21.79,22.06,21.79,21.82,25767,0
HERO.US,D,20220802,000000,21.62,21.9546,21.62,21.72,39725,0
HERO.US,D,20220803,000000,22,22.4,21.9412,22.38,62308,0
HERO.US,D,20220804,000000,22.52,22.66,22.4,22.61,64965,0
HERO.US,D,20220805,000000,22.35,22.73,22.32,22.7,25671,0
HERO.US,D,20220808,000000,22.5,22.93,22.37,22.63,25262,0
HERO.US,D,20220809,000000,22.51,22.57,22.17,22.17,46124,0
HERO.US,D,20220810,000000,22.38,22.74,22.32,22.73,40034,0
HERO.US,D,20220811,000000,22.96,23.4,22.62,22.68,135515,0
HERO.US,D,20220812,000000,22.61,22.94,22.52,22.94,71830,0
HERO.US,D,20220815,000000,22.7,22.9,22.4,22.62,24795,0
HERO.US,D,20220816,000000,22.61,22.8291,22.36,22.71,46857,0
HERO.US,D,20220817,000000,22.53,22.64,22.315,22.34,52699,0
HERO.US,D,20220818,000000,22.47,22.47,22.05,22.05,85201,0
HERO.US,D,20220819,000000,21.77,21.77,21.37,21.45,86479,0
HERO.US,D,20220822,000000,21.2,21.3501,20.97,20.97,30098,0
HERO.US,D,20220823,000000,20.92,21.2,20.83,20.99,177623,0
HERO.US,D,20220824,000000,20.69,21.0468,20.6,20.82,31296,0
HERO.US,D,20220825,000000,21.12,21.42,20.9501,21.37,84568,0
HERO.US,D,20220826,000000,21.7,21.7,20.82,20.88,16484,0
HERO.US,D,20220829,000000,20.63,20.93,20.62,20.72,1004903,0
HERO.US,D,20220830,000000,20.91,20.91,20.47,20.56,33442,0
HERO.US,D,20220831,000000,20.83,21.01,20.71,20.75,323100,0
HERO.US,D,20220901,000000,20.5,20.5345,20.18,20.43,103559,0
HERO.US,D,20220902,000000,20.47,20.4815,20,20.13,41247,0
HERO.US,D,20220906,000000,20.03,20.1699,19.7877,19.85,122246,0
HERO.US,D,20220907,000000,19.64,19.94,19.52,19.89,21166,0
HERO.US,D,20220908,000000,19.64,19.87,19.59,19.84,66598,0
HERO.US,D,20220909,000000,20.19,20.61,20.19,20.61,16424,0
HERO.US,D,20220912,000000,20.63,20.75,20.5301,20.74,23585,0
HERO.US,D,20220913,000000,20.24,20.32,19.92,19.92,33598,0
HERO.US,D,20220914,000000,19.97,20.08,19.8291,19.97,30516,0
HERO.US,D,20220915,000000,19.84,20.0791,19.63,19.72,167642,0
HERO.US,D,20220916,000000,19.4,19.45,19.19,19.2,96746,0
HERO.US,D,20220919,000000,18.94,19.14,18.8883,19.14,51458,0
HERO.US,D,20220920,000000,18.95,19.01,18.78,18.84,37602,0
HERO.US,D,20220921,000000,18.81,18.96,18.52,18.56,34035,0
HERO.US,D,20220922,000000,18.49,18.4959,18.28,18.4,23433,0
HERO.US,D,20220923,000000,17.97,18,17.73,17.87,88525,0
HERO.US,D,20220926,000000,17.89,18.12,17.78,17.79,53833,0
HERO.US,D,20220927,000000,18.14,18.29,17.8501,17.98,36078,0
HERO.US,D,20220928,000000,17.81,18.3199,17.81,18.24,57788,0
HERO.US,D,20220929,000000,17.95,18.08,17.63,17.77,98083,0
HERO.US,D,20220930,000000,17.74,18.0899,17.71,17.81,19421,0
HERO.US,D,20221003,000000,17.86,18.2125,17.72,18.16,22537,0
HERO.US,D,20221004,000000,18.6,18.91,18.6,18.91,89219,0
HERO.US,D,20221005,000000,18.39,18.52,18.181,18.4,34820,0
HERO.US,D,20221006,000000,18.48,18.66,18.33,18.44,30064,0
HERO.US,D,20221007,000000,18.31,18.31,17.88,17.96,15304,0
HERO.US,D,20221010,000000,17.91,17.931,17.625,17.7,14723,0
HERO.US,D,20221011,000000,17.49,17.56,17.3,17.32,37437,0
HERO.US,D,20221012,000000,17.22,17.34,17.11,17.25,29616,0
HERO.US,D,20221013,000000,16.67,17.31,16.57,17.3,26517,0
HERO.US,D,20221014,000000,17.54,17.57,17.01,17.01,15161,0
HERO.US,D,20221017,000000,17.54,17.75,17.54,17.58,28519,0
HERO.US,D,20221018,000000,18.08,18.27,17.753,17.92,31187,0
HERO.US,D,20221019,000000,17.59,17.62,17.32,17.39,24921,0
HERO.US,D,20221020,000000,17.35,17.74,17.285,17.42,64223,0
HERO.US,D,20221021,000000,17.24,17.54,17.0686,17.54,16009,0
HERO.US,D,20221024,000000,17.23,17.24,16.895,17.14,28640,0
HERO.US,D,20221025,000000,17.32,17.65,17.23,17.57,15853,0
HERO.US,D,20221026,000000,17.56,17.94,17.5,17.65,30161,0
HERO.US,D,20221027,000000,17.7,17.75,17.51,17.57,16638,0
HERO.US,D,20221028,000000,17.45,17.59,17.34,17.56,39482,0
HERO.US,D,20221031,000000,17.48,17.6,17.4,17.5,25877,0
HERO.US,D,20221101,000000,17.93,18.02,17.63,17.66,20384,0
HERO.US,D,20221102,000000,17.82,18.11,17.5,17.54,44346,0
HERO.US,D,20221103,000000,17.25,17.51,17.19,17.27,32430,0
HERO.US,D,20221104,000000,17.79,17.91,17.53,17.79,15330,0
HERO.US,D,20221107,000000,17.82,17.89,17.64,17.77,57150,0
HERO.US,D,20221108,000000,17.73,17.9401,17.54,17.65,56453,0
HERO.US,D,20221109,000000,17.19,17.27,16.82,16.82,26680,0
HERO.US,D,20221110,000000,17.53,18.09,17.53,17.94,52826,0
HERO.US,D,20221111,000000,18.47,19.0861,18.46,19.05,43743,0
HERO.US,D,20221114,000000,18.84,18.87,18.61,18.66,21579,0
HERO.US,D,20221115,000000,19.19,19.4,19.0806,19.23,39274,0
HERO.US,D,20221116,000000,19.19,19.19,18.8601,18.88,22013,0
HERO.US,D,20221117,000000,18.75,18.925,18.65,18.81,29870,0
HERO.US,D,20221118,000000,18.84,18.84,18.5514,18.72,31529,0
HERO.US,D,20221121,000000,18.47,18.47,18.09,18.24,21043,0
HERO.US,D,20221122,000000,18.07,18.205,17.96,18.16,15997,0
HERO.US,D,20221123,000000,18.36,18.71,18.33,18.38,13448,0
HERO.US,D,20221125,000000,18.64,18.64,18.48,18.56,9417,0
HERO.US,D,20221128,000000,18.45,18.665,18.3,18.43,33961,0
HERO.US,D,20221129,000000,18.44,18.625,18.44,18.47,19014,0
HERO.US,D,20221130,000000,18.63,19.23,18.35,19.23,54024,0
HERO.US,D,20221201,000000,19.24,19.42,18.78,19.31,91066,0
HERO.US,D,20221202,000000,18.97,19.61,18.97,19.39,71297,0
HERO.US,D,20221205,000000,19.41,19.47,18.79,18.79,85245,0
HERO.US,D,20221206,000000,18.96,18.96,18.5501,18.61,55795,0
HERO.US,D,20221207,000000,18.64,18.7301,18.492,18.73,23142,0
HERO.US,D,20221208,000000,18.76,18.93,18.61,18.88,26441,0
HERO.US,D,20221209,000000,19,19.1499,18.88,18.88,24393,0
HERO.US,D,20221212,000000,19.09,19.09,18.83,18.98,19558,0
HERO.US,D,20221213,000000,19.57,19.67,18.9492,19.05,40478,0
HERO.US,D,20221214,000000,19.16,19.4,19.03,19.11,25219,0
HERO.US,D,20221215,000000,19,19,18.3,18.39,19237,0
HERO.US,D,20221216,000000,18.38,18.53,18.1416,18.5,49816,0
HERO.US,D,20221219,000000,18.47,18.5,18.02,18.02,28499,0
HERO.US,D,20221220,000000,18.11,18.4,18.08,18.4,81387,0
HERO.US,D,20221221,000000,18.35,18.75,18.33,18.75,61821,0
HERO.US,D,20221222,000000,18.5,18.52,18.1612,18.49,122689,0
HERO.US,D,20221223,000000,18.31,18.3829,18.09,18.35,75077,0
HERO.US,D,20221227,000000,18.35,18.4788,18.11,18.21,354381,0
HERO.US,D,20221228,000000,18.29,18.5,18.01,18.01,51185,0
HERO.US,D,20221229,000000,18.15,18.89,18.15,18.79,107609,0
HERO.US,D,20221230,000000,18.56,18.7833,18.55,18.75,59900,0
HERO.US,D,20230103,000000,18.93,19.12,18.67,18.95,92222,0
HERO.US,D,20230104,000000,19.16,19.38,19.05,19.05,13253,0
HERO.US,D,20230105,000000,18.88,19.05,18.845,19.04,16619,0
HERO.US,D,20230106,000000,19.04,19.27,18.8496,19.27,16738,0
HERO.US,D,20230109,000000,19.24,19.4599,19.21,19.26,25481,0
HERO.US,D,20230110,000000,19.19,19.6205,19.09,19.56,18402,0
HERO.US,D,20230111,000000,19.51,19.6,19.39,19.59,14319,0
HERO.US,D,20230112,000000,19.43,19.46,19.06,19.46,35963,0
HERO.US,D,20230113,000000,19.27,19.57,19.27,19.49,17198,0
HERO.US,D,20230117,000000,19.6,19.64,19.45,19.58,19272,0
HERO.US,D,20230118,000000,19.96,20.12,19.55,19.56,42217,0
HERO.US,D,20230119,000000,19.4782,19.5312,19.2995,19.37,14673,0
HERO.US,D,20230120,000000,19.43,19.76,19.38,19.67,49881,0
HERO.US,D,20230123,000000,19.79,20.19,19.79,20.19,182726,0
HERO.US,D,20230124,000000,20.05,20.12,20.02,20.12,18594,0
HERO.US,D,20230125,000000,19.99,20.28,19.86,20.28,18016,0
HERO.US,D,20230126,000000,20.54,20.625,20.115,20.58,30567,0
HERO.US,D,20230127,000000,20.45,20.7135,20.23,20.55,170943,0
HERO.US,D,20230130,000000,20.31,20.31,20.04,20.04,139781,0
HERO.US,D,20230131,000000,20.17,20.411,20.04,20.37,101409,0
HERO.US,D,20230201,000000,20.23,20.74,20.0456,20.58,73503,0
HERO.US,D,20230202,000000,20.88,21.09,20.71,20.98,39742,0
HERO.US,D,20230203,000000,20.74,20.74,20.26,20.27,74583,0
HERO.US,D,20230206,000000,20.07,20.07,19.69,19.76,32937,0
HERO.US,D,20230207,000000,19.88,20.22,19.8,20.09,24311,0
HERO.US,D,20230208,000000,20.07,20.15,19.81,19.81,41266,0
HERO.US,D,20230209,000000,20.05,20.48,19.965,20.01,241569,0
HERO.US,D,20230210,000000,19.92,19.92,19.58,19.71,49759,0
HERO.US,D,20230213,000000,19.54,19.915,19.5,19.81,24932,0
HERO.US,D,20230214,000000,19.79,19.96,19.6,19.89,33817,0
HERO.US,D,20230215,000000,19.88,20.4,19.712,20.29,30012,0
HERO.US,D,20230216,000000,20.26,20.61,20.26,20.45,14200,0
HERO.US,D,20230217,000000,20.23,20.27,20.03,20.27,25288,0
HERO.US,D,20230221,000000,20.01,20.0337,19.705,19.72,17995,0
HERO.US,D,20230222,000000,19.67,19.77,19.6,19.68,15430,0
HERO.US,D,20230223,000000,19.83,19.83,19.3503,19.65,120176,0
HERO.US,D,20230224,000000,19.06,19.12,18.86,18.88,46031,0
HERO.US,D,20230227,000000,19.04,19.04,18.8901,18.95,19582,0
HERO.US,D,20230228,000000,18.9,18.9686,18.86,18.87,6667,0
HERO.US,D,20230301,000000,19.13,19.13,18.91,19.05,22489,0
HERO.US,D,20230302,000000,18.93,19.4158,18.8605,19.41,17556,0
HERO.US,D,20230303,000000,19.48,19.858,19.2785,19.76,51087,0
HERO.US,D,20230306,000000,19.82,19.94,19.68,19.68,12388,0
HERO.US,D,20230307,000000,19.52,19.6111,19.22,19.24,77155,0
HERO.US,D,20230308,000000,19.32,19.42,19.2,19.39,85759,0
HERO.US,D,20230309,000000,19.38,19.4074,18.98,19.1,33070,0
HERO.US,D,20230310,000000,19.04,19.05,18.78,18.82,15644,0
HERO.US,D,20230313,000000,18.87,19.22,18.8,19.09,28146,0
HERO.US,D,20230314,000000,19.23,19.4,19.13,19.32,17214,0
HERO.US,D,20230315,000000,18.85,19.0515,18.73,18.99,21518,0
HERO.US,D,20230316,000000,19.07,19.6,19.07,19.6,10853,0
HERO.US,D,20230317,000000,19.79,19.79,19.5,19.61,9141,0
HERO.US,D,20230320,000000,19.59,19.7199,19.5,19.63,10387,0
HERO.US,D,20230321,000000,19.72,19.81,19.5785,19.77,55070,0
HERO.US,D,20230322,000000,19.8,19.99,19.66,19.66,7202,0
HERO.US,D,20230323,000000,19.79,20.11,19.6842,19.72,25351,0
HERO.US,D,20230324,000000,19.9,20,19.7695,19.94,150935,0
HERO.US,D,20230327,000000,19.94,19.98,19.8045,19.86,9533,0
HERO.US,D,20230328,000000,19.77,19.8,19.6528,19.77,27175,0
HERO.US,D,20230329,000000,19.86,20.05,19.722,20.05,242429,0
HERO.US,D,20230330,000000,20.13,20.24,19.9652,20.15,17042,0
HERO.US,D,20230331,000000,20.07,20.34,20.07,20.34,208223,0
HERO.US,D,20230403,000000,20.24,20.41,20.13,20.35,11483,0
HERO.US,D,20230404,000000,20.43,20.55,20.302,20.48,17968,0
HERO.US,D,20230405,000000,20.38,20.38,20.0588,20.28,11244,0
HERO.US,D,20230406,000000,20.12,20.3073,20.02,20.22,13662,0
HERO.US,D,20230410,000000,20.02,20.28,19.986,20.2,18670,0
HERO.US,D,20230411,000000,20.2,20.26,20.14,20.24,13901,0
HERO.US,D,20230412,000000,20.38,20.38,20.03,20.13,13897,0
HERO.US,D,20230413,000000,20.32,20.5399,20.32,20.5,11324,0
HERO.US,D,20230414,000000,20.44,20.55,20.31,20.42,8776,0
HERO.US,D,20230417,000000,20.09,20.32,20.09,20.25,12374,0
HERO.US,D,20230418,000000,20.53,20.55,20.3419,20.46,18802,0
HERO.US,D,20230419,000000,20.22,20.388,20.22,20.29,14111,0
HERO.US,D,20230420,000000,20.16,20.34,20.13,20.14,28757,0
HERO.US,D,20230421,000000,20,20.19,20,20.15,13458,0
HERO.US,D,20230424,000000,20.17,20.17,20.0301,20.12,9264,0
HERO.US,D,20230425,000000,20.03,20.0998,19.81,19.82,12263,0
HERO.US,D,20230426,000000,19.96,19.96,19.66,19.77,13759,0
HERO.US,D,20230427,000000,19.78,20.0686,19.671,20.06,33884,0
HERO.US,D,20230428,000000,20.01,20.13,20.01,20.13,8499,0
HERO.US,D,20230501,000000,19.96,20.14,19.91,20.03,31236,0
HERO.US,D,20230502,000000,19.91,19.91,19.62,19.72,16356,0
HERO.US,D,20230503,000000,19.81,19.98,19.73,19.82,18468,0
HERO.US,D,20230504,000000,19.72,19.98,19.7101,19.89,45077,0
HERO.US,D,20230505,000000,19.94,20.2,19.8516,20.2,11145,0
HERO.US,D,20230508,000000,20.12,20.3,20.12,20.2,12115,0
HERO.US,D,20230509,000000,20.04,20.24,20.04,20.23,14020,0
HERO.US,D,20230510,000000,20.23,20.3,20.1,20.25,26726,0
HERO.US,D,20230511,000000,20.33,20.5,20.33,20.42,20598,0
HERO.US,D,20230512,000000,20.43,20.43,20.12,20.2,5699,0
HERO.US,D,20230515,000000,20.24,20.47,20.151,20.47,10908,0
HERO.US,D,20230516,000000,20.16,20.16,19.93,20.07,30461,0
HERO.US,D,20230517,000000,20.13,20.35,20.07,20.35,48319,0
HERO.US,D,20230518,000000,20.4,20.53,20.35,20.46,22215,0
HERO.US,D,20230519,000000,20.49,20.52,20.3,20.36,40370,0
HERO.US,D,20230522,000000,20.48,20.6,20.42,20.55,83826,0
HERO.US,D,20230523,000000,20.25,20.39,20.1,20.17,9560,0
HERO.US,D,20230524,000000,19.68,19.7882,19.53,19.68,12850,0
HERO.US,D,20230525,000000,19.59,19.74,19.3569,19.4,149923,0
HERO.US,D,20230526,000000,19.48,19.72,19.3645,19.59,38426,0
HERO.US,D,20230530,000000,19.72,19.72,19.4872,19.51,34063,0
HERO.US,D,20230531,000000,19.44,19.7,19.332,19.59,26436,0
HERO.US,D,20230601,000000,19.75,19.99,19.632,19.99,14595,0
HERO.US,D,20230602,000000,20.12,20.305,19.97,20.07,12833,0
HERO.US,D,20230605,000000,19.83,20.25,19.83,20.2,16127,0
HERO.US,D,20230606,000000,20.22,20.42,20.17,20.38,15608,0
HERO.US,D,20230607,000000,20.2,20.33,19.8801,19.92,16321,0
HERO.US,D,20230608,000000,19.71,19.98,19.6501,19.98,11618,0
HERO.US,D,20230609,000000,20.05,20.2899,20,20.17,11747,0
HERO.US,D,20230612,000000,20.04,20.32,20.04,20.23,11215,0
HERO.US,D,20230613,000000,20.36,20.58,20.341,20.57,35904,0
HERO.US,D,20230614,000000,20.63,20.74,20.455,20.74,17879,0
HERO.US,D,20230615,000000,20.6,20.9,20.5,20.9,11068,0
HERO.US,D,20230616,000000,20.92,20.99,20.82,20.82,11855,0
HERO.US,D,20230620,000000,20.76,20.76,20.4572,20.58,27045,0
HERO.US,D,20230621,000000,20.43,20.568,20.08,20.32,60455,0
HERO.US,D,20230622,000000,20.24,20.36,20.129,20.35,46524,0
HERO.US,D,20230623,000000,19.99,20.039,19.85,19.9,12578,0
HERO.US,D,20230626,000000,20.17,20.17,19.88,20.13,10897,0
HERO.US,D,20230627,000000,20.26,20.645,20.26,20.61,21622,0
HERO.US,D,20230628,000000,20.58,20.7546,20.56,20.56,17691,0
HERO.US,D,20230629,000000,20.33,20.4399,20.29,20.3,9627,0
HERO.US,D,20230630,000000,20.33,20.5,20.33,20.49,11002,0
HERO.US,D,20230703,000000,20.39,20.5699,20.39,20.5,10928,0
HERO.US,D,20230705,000000,20.31,20.31,20.06,20.11,20991,0
HERO.US,D,20230706,000000,19.58,19.8,19.58,19.68,41799,0
HERO.US,D,20230707,000000,19.73,20.05,19.6985,19.9,10853,0
HERO.US,D,20230710,000000,19.8,20.0027,19.77,19.96,39860,0
HERO.US,D,20230711,000000,20.08,20.72,20.08,20.7,24218,0
HERO.US,D,20230712,000000,20.87,20.9748,20.76,20.91,24365,0
HERO.US,D,20230713,000000,21.14,21.441,21.01,21.38,25893,0
HERO.US,D,20230714,000000,21.34,21.448,21.1,21.12,39266,0
HERO.US,D,20230717,000000,21.14,21.48,21.02,21.37,11628,0
HERO.US,D,20230718,000000,21.42,21.4679,21.31,21.4,11114,0
HERO.US,D,20230719,000000,21.44,21.565,21.36,21.48,17827,0
HERO.US,D,20230720,000000,21.28,21.28,20.92,21.04,19435,0
HERO.US,D,20230721,000000,21.03,21.08,20.955,20.98,21726,0
HERO.US,D,20230724,000000,20.94,21.09,20.87,21.06,10248,0
HERO.US,D,20230725,000000,20.85,21,20.85,20.92,11661,0
HERO.US,D,20230726,000000,20.82,21.05,20.76,21.03,17620,0
HERO.US,D,20230727,000000,21.3,21.41,21.03,21.03,15707,0
HERO.US,D,20230728,000000,21.26,21.3832,21.1881,21.29,11233,0
HERO.US,D,20230731,000000,21.39,21.5,21.351,21.44,16409,0
HERO.US,D,20230801,000000,21.2,21.2531,21.14,21.15,35409,0
HERO.US,D,20230802,000000,20.75,20.778,20.4452,20.52,22675,0
HERO.US,D,20230803,000000,20.44,20.6705,20.44,20.54,22482,0
HERO.US,D,20230804,000000,20.58,20.73,20.44,20.5,32573,0
HERO.US,D,20230807,000000,20.45,20.59,20.33,20.39,195902,0
HERO.US,D,20230808,000000,20.03,20.1,19.92,20.1,11460,0
HERO.US,D,20230809,000000,20.06,20.06,19.68,19.7,6745,0
HERO.US,D,20230810,000000,19.83,20.19,19.83,19.97,24616,0
HERO.US,D,20230811,000000,19.84,19.8799,19.7303,19.84,13453,0
HERO.US,D,20230814,000000,19.74,19.88,19.7,19.87,11096,0
HERO.US,D,20230815,000000,19.84,19.84,19.6,19.6,10606,0
HERO.US,D,20230816,000000,19.49,19.51,19.27,19.34,10310,0
HERO.US,D,20230817,000000,19.43,19.5132,19.16,19.17,7869,0
HERO.US,D,20230818,000000,19.04,19.11,18.9601,19.09,11792,0
HERO.US,D,20230821,000000,19.05,19.2199,19.05,19.18,21252,0
HERO.US,D,20230822,000000,19.24,19.4692,19.24,19.28,26311,0
HERO.US,D,20230823,000000,19.23,19.46,19.23,19.46,19973,0
HERO.US,D,20230824,000000,19.33,19.36,19.07,19.07,22211,0
HERO.US,D,20230825,000000,19.13,19.28,18.9702,19.22,12669,0
HERO.US,D,20230828,000000,19.24,19.43,19.24,19.34,13026,0
HERO.US,D,20230829,000000,19.34,19.766,19.34,19.76,9276,0
HERO.US,D,20230830,000000,19.7,19.7794,19.64,19.71,12430,0
HERO.US,D,20230831,000000,19.74,19.82,19.6675,19.82,313593,0
HERO.US,D,20230901,000000,19.92,20.11,19.82,19.91,13799,0
HERO.US,D,20230905,000000,19.79,19.79,19.6336,19.69,14092,0
HERO.US,D,20230906,000000,19.73,19.73,19.57,19.63,7815,0
HERO.US,D,20230907,000000,19.33,19.58,19.33,19.5,17451,0
HERO.US,D,20230908,000000,19.47,19.54,19.37,19.39,9610,0
HERO.US,D,20230911,000000,19.44,19.64,19.44,19.64,24289,0
HERO.US,D,20230912,000000,19.53,19.605,19.34,19.51,6354,0
HERO.US,D,20230913,000000,19.39,19.39,19.21,19.28,12743,0
HERO.US,D,20230914,000000,19.34,19.5,19.28,19.46,9369,0
HERO.US,D,20230915,000000,19.31,19.39,19.26,19.29,19025,0
HERO.US,D,20230918,000000,19.23,19.2834,19.1101,19.22,26380,0
HERO.US,D,20230919,000000,19.04,19.23,19.02,19.08,202953,0
HERO.US,D,20230920,000000,18.97,19.0354,18.75,18.75,13402,0
HERO.US,D,20230921,000000,18.51,18.51,18.29,18.29,22645,0
HERO.US,D,20230922,000000,18.41,18.66,18.41,18.53,7623,0
HERO.US,D,20230925,000000,18.57,18.64,18.4978,18.61,10387,0
HERO.US,D,20230926,000000,18.43,18.4699,18.33,18.37,10776,0
HERO.US,D,20230927,000000,18.4,18.5546,18.271,18.38,10645,0
HERO.US,D,20230928,000000,18.33,18.4853,18.25,18.4,10045,0
HERO.US,D,20230929,000000,18.68,18.77,18.56,18.65,8541,0
HERO.US,D,20231002,000000,18.47,18.49,18.35,18.38,30033,0
HERO.US,D,20231003,000000,18.21,18.2625,18.07,18.16,72563,0
HERO.US,D,20231004,000000,18.08,18.1825,18,18.18,20434,0
HERO.US,D,20231005,000000,18.28,18.34,18.06,18.23,13481,0
HERO.US,D,20231006,000000,18.17,18.52,18.17,18.52,24323,0
HERO.US,D,20231009,000000,18.26,18.515,18.24,18.5,8401,0
HERO.US,D,20231010,000000,18.56,18.88,18.56,18.79,39300,0
HERO.US,D,20231011,000000,18.81,18.9279,18.7485,18.79,12945,0
HERO.US,D,20231012,000000,18.79,18.79,18.55,18.6,11043,0
HERO.US,D,20231013,000000,18.52,18.52,18.32,18.35,9123,0
HERO.US,D,20231016,000000,18.33,18.5,18.26,18.5,11710,0
HERO.US,D,20231017,000000,18.26,18.5425,18.21,18.44,17010,0
HERO.US,D,20231018,000000,18.24,18.4,18.13,18.17,30431,0
HERO.US,D,20231019,000000,18.13,18.2987,18.0501,18.11,8728,0
HERO.US,D,20231020,000000,18.06,18.11,17.95,17.98,10785,0
HERO.US,D,20231023,000000,17.83,18.05,17.75,17.92,9293,0
HERO.US,D,20231024,000000,18.14,18.455,18.05,18.42,25580,0
HERO.US,D,20231025,000000,18.22,18.22,17.92,17.93,17512,0
HERO.US,D,20231026,000000,17.89,18.079,17.75,17.88,57314,0
HERO.US,D,20231027,000000,17.97,17.99,17.82,17.82,11793,0
HERO.US,D,20231030,000000,17.98,18.0408,17.825,17.92,34350,0
HERO.US,D,20231031,000000,18.04,18.22,17.96,18.12,17752,0
HERO.US,D,20231101,000000,18.06,18.16,17.93,18.16,9024,0
HERO.US,D,20231102,000000,18.47,18.6199,18.47,18.56,7383,0
HERO.US,D,20231103,000000,18.93,19.225,18.93,19.21,8585,0
HERO.US,D,20231106,000000,19.32,19.35,19,19.03,13656,0
HERO.US,D,20231107,000000,19.02,19.2499,19,19.17,43202,0
HERO.US,D,20231108,000000,19.73,19.75,19.35,19.51,106315,0
HERO.US,D,20231109,000000,19.99,20.13,19.5501,19.56,75546,0
HERO.US,D,20231110,000000,19.47,19.8599,19.47,19.78,48026,0
HERO.US,D,20231113,000000,19.65,19.8,19.55,19.73,54624,0
HERO.US,D,20231114,000000,19.96,20.2,19.85,20.08,34179,0
HERO.US,D,20231115,000000,20.11,20.33,20.06,20.06,38606,0
HERO.US,D,20231116,000000,19.99,20.05,19.77,19.84,10809,0
HERO.US,D,20231117,000000,19.83,19.8952,19.7605,19.85,12017,0
HERO.US,D,20231120,000000,19.9,20.2,19.34,20.1,14616,0
HERO.US,D,20231121,000000,20.02,20.18,19.81,19.94,22245,0
HERO.US,D,20231122,000000,20.04,20.16,19.97,20.03,16807,0
HERO.US,D,20231124,000000,19.9,20.03,19.851,19.98,10157,0
HERO.US,D,20231127,000000,19.97,20.0681,19.911,19.99,34899,0
HERO.US,D,20231128,000000,19.93,20.03,19.852,19.96,14767,0
HERO.US,D,20231129,000000,20.04,20.1234,19.94,19.94,11939,0
HERO.US,D,20231130,000000,19.86,19.86,19.75,19.8,13810,0
HERO.US,D,20231201,000000,19.76,20.2,19.76,20.13,76252,0
HERO.US,D,20231204,000000,19.85,20.01,19.77,19.86,38157,0
HERO.US,D,20231205,000000,19.68,19.7999,19.659,19.78,12077,0
HERO.US,D,20231206,000000,19.9,20.0299,19.78,19.78,23904,0
HERO.US,D,20231207,000000,19.94,20.03,19.84,19.98,32363,0
HERO.US,D,20231208,000000,19.89,20.0731,19.84,19.95,24259,0
HERO.US,D,20231211,000000,19.85,19.98,19.812,19.91,22351,0
HERO.US,D,20231212,000000,19.86,20.05,19.74,19.99,17033,0
HERO.US,D,20231213,000000,19.99,20.408,19.88,20.35,34204,0
HERO.US,D,20231214,000000,20.38,20.655,20.07,20.53,98162,0
HERO.US,D,20231215,000000,20.4,20.53,20.29,20.3,18243,0
HERO.US,D,20231218,000000,20.23,20.3,20.135,20.23,37693,0
HERO.US,D,20231219,000000,20.32,20.68,20.32,20.6,63308,0
HERO.US,D,20231220,000000,20.54,20.62,20.23,20.23,20076,0
HERO.US,D,20231221,000000,20.39,20.62,20.39,20.59,30825,0
HERO.US,D,20231222,000000,19.82,19.9519,19.69,19.86,25803,0
HERO.US,D,20231226,000000,19.86,20.15,19.86,20.1,28841,0
HERO.US,D,20231227,000000,20.1,20.32,20.1,20.22,20766,0
HERO.US,D,20231228,000000,20.12,20.355,20.12,20.23,83930,0
HERO.US,D,20231229,000000,20.18,20.2882,20.1,20.17,26386,0
HERO.US,D,20240102,000000,20,20,19.71,19.74,84615,0
HERO.US,D,20240103,000000,19.53,19.67,19.53,19.61,78710,0
HERO.US,D,20240104,000000,19.61,19.8,19.551,19.66,23450,0
HERO.US,D,20240105,000000,19.67,19.75,19.501,19.55,11239,0
HERO.US,D,20240108,000000,19.54,19.825,19.52,19.8,27858,0
HERO.US,D,20240109,000000,19.82,19.91,19.82,19.91,18452,0
HERO.US,D,20240110,000000,19.97,20.15,19.97,20.11,14863,0
HERO.US,D,20240111,000000,20.06,20.21,19.92,20.19,66230,0
HERO.US,D,20240112,000000,20.18,20.32,20.0801,20.11,11214,0
HERO.US,D,20240116,000000,19.6,19.69,19.43,19.45,35992,0
HERO.US,D,20240117,000000,19.15,19.15,18.82,19.02,80805,0
HERO.US,D,20240118,000000,19.21,19.3238,19.09,19.23,22789,0
HERO.US,D,20240119,000000,19.25,19.316,19.12,19.27,23848,0
HERO.US,D,20240122,000000,19.19,19.48,19.19,19.41,22998,0
HERO.US,D,20240123,000000,19.67,19.8699,19.652,19.78,21475,0
HERO.US,D,20240124,000000,20.1,20.21,19.83,19.83,10732,0
HERO.US,D,20240125,000000,19.85,19.92,19.7243,19.89,17983,0
HERO.US,D,20240126,000000,19.82,19.95,19.81,19.81,34317,0
HERO.US,D,20240129,000000,19.84,20,19.76,19.98,33986,0
HERO.US,D,20240130,000000,20,20,19.74,19.74,25469,0
HERO.US,D,20240131,000000,19.59,19.86,19.56,19.59,13686,0
HERO.US,D,20240201,000000,19.62,19.8313,19.5909,19.77,13993,0
HERO.US,D,20240202,000000,19.94,20.17,19.852,20.12,24093,0
HERO.US,D,20240205,000000,20.21,20.21,19.85,20.01,33006,0
HERO.US,D,20240206,000000,20.14,20.44,20.14,20.39,18734,0
HERO.US,D,20240207,000000,20.39,20.5,20.29,20.42,56986,0
HERO.US,D,20240208,000000,20.41,20.55,20.41,20.48,60030,0
HERO.US,D,20240209,000000,20.44,20.49,20.31,20.49,84007,0
HERO.US,D,20240212,000000,20.47,20.765,20.47,20.56,21614,0
HERO.US,D,20240213,000000,20.32,20.32,20.0557,20.1,19882,0
HERO.US,D,20240214,000000,20.48,20.8913,20.461,20.85,26336,0
HERO.US,D,20240215,000000,20.83,21.24,20.83,21.1,88340,0
HERO.US,D,20240216,000000,21.06,21.1976,20.99,21.08,42468,0
HERO.US,D,20240220,000000,20.76,20.76,20.4278,20.5,26298,0
HERO.US,D,20240221,000000,20.56,20.57,20.3482,20.42,13590,0
HERO.US,D,20240222,000000,20.62,20.74,20.5532,20.67,19700,0
HERO.US,D,20240223,000000,20.61,20.62,20.51,20.51,16374,0
HERO.US,D,20240226,000000,20.43,20.62,20.37,20.6,124775,0
HERO.US,D,20240227,000000,20.55,20.67,20.4901,20.52,76484,0
HERO.US,D,20240228,000000,20.47,20.47,20.27,20.28,23959,0
HERO.US,D,20240229,000000,20.3,20.36,19.94,20.15,41817,0
HERO.US,D,20240301,000000,20.33,20.6,20.28,20.52,17479,0
HERO.US,D,20240304,000000,20.37,20.4764,20.1,20.19,18505,0
HERO.US,D,20240305,000000,20.09,20.09,19.73,19.84,15304,0
HERO.US,D,20240306,000000,20,20.17,19.98,20,20626,0
HERO.US,D,20240307,000000,20.17,20.4619,20.14,20.26,19103,0
HERO.US,D,20240308,000000,20.51,20.57,20.26,20.26,33664,0
HERO.US,D,20240311,000000,20.54,20.89,20.38,20.77,25966,0
HERO.US,D,20240312,000000,20.81,20.999,20.64,20.75,22095,0
HERO.US,D,20240313,000000,20.89,21.03,20.661,20.91,22646,0
HERO.US,D,20240314,000000,20.87,20.87,20.49,20.59,10979,0
HERO.US,D,20240315,000000,20.5,20.51,20.31,20.49,12446,0
HERO.US,D,20240318,000000,20.71,20.78,20.5001,20.65,27788,0
HERO.US,D,20240319,000000,20.6,20.65,20.36,20.61,22107,0
HERO.US,D,20240320,000000,20.61,20.99,20.61,20.92,18172,0
HERO.US,D,20240321,000000,20.91,20.9801,20.73,20.82,18805,0
HERO.US,D,20240322,000000,20.74,20.74,20.535,20.67,12699,0
HERO.US,D,20240325,000000,20.5,20.5,20.2219,20.39,28687,0
HERO.US,D,20240326,000000,20.5,20.5999,20.301,20.36,11525,0
HERO.US,D,20240327,000000,20.62,20.74,20.5255,20.64,16788,0
HERO.US,D,20240328,000000,20.64,20.76,20.59,20.7,10641,0
HERO.US,D,20240401,000000,20.61,20.69,20.43,20.47,20104,0
HERO.US,D,20240402,000000,20.42,20.43,20.1801,20.35,17604,0
HERO.US,D,20240403,000000,20.22,20.47,20.14,20.35,11475,0
HERO.US,D,20240404,000000,20.45,20.57,20.15,20.15,12091,0
HERO.US,D,20240405,000000,20.16,20.4,20.04,20.4,11063,0
HERO.US,D,20240408,000000,20.28,20.4851,20.26,20.36,20294,0
HERO.US,D,20240409,000000,20.49,20.64,20.3901,20.63,19869,0
HERO.US,D,20240410,000000,20.28,20.28,20.09,20.12,9551,0
HERO.US,D,20240411,000000,20.23,20.33,20.07,20.33,19778,0
HERO.US,D,20240412,000000,20.06,20.06,19.56,19.68,12751,0
HERO.US,D,20240415,000000,19.68,19.68,19.17,19.36,106404,0
HERO.US,D,20240416,000000,19.28,19.3565,19.08,19.29,62035,0
HERO.US,D,20240417,000000,19.32,19.41,19.21,19.21,10264,0
HERO.US,D,20240418,000000,19.32,19.49,19.21,19.29,8864,0
HERO.US,D,20240419,000000,19.16,19.16,18.85,19.07,6844,0
HERO.US,D,20240422,000000,19.23,19.43,19.09,19.43,13387,0
HERO.US,D,20240423,000000,19.33,19.55,19.211,19.45,18891,0
HERO.US,D,20240424,000000,19.62,19.65,19.45,19.62,5509,0
HERO.US,D,20240425,000000,19.29,19.43,19.07,19.37,15361,0
HERO.US,D,20240426,000000,19.5,19.77,19.5,19.61,10318,0
HERO.US,D,20240429,000000,19.83,20,19.65,20,19153,0
HERO.US,D,20240430,000000,19.77,19.77,19.39,19.46,38710,0
HERO.US,D,20240501,000000,19.505,19.76,19.4486,19.65,5165,0
HERO.US,D,20240502,000000,19.78,20.19,19.78,20.09,23303,0
HERO.US,D,20240503,000000,20.36,20.54,20.3123,20.54,12896,0
HERO.US,D,20240506,000000,20.54,20.67,20.43,20.67,11690,0
HERO.US,D,20240507,000000,20.7,20.7,20.55,20.6,13625,0
HERO.US,D,20240508,000000,20.48,20.48,20.22,20.25,12972,0
HERO.US,D,20240509,000000,20.39,20.64,20.32,20.61,10242,0
HERO.US,D,20240510,000000,20.77,20.87,20.65,20.71,17204,0
HERO.US,D,20240513,000000,20.83,21.03,20.79,20.83,22449,0
HERO.US,D,20240514,000000,21,21.15,20.84,21.15,23158,0
HERO.US,D,20240515,000000,21.13,21.28,20.91,21.19,19314,0
HERO.US,D,20240516,000000,21.16,21.3059,21.1,21.16,17206,0
HERO.US,D,20240517,000000,21.24,21.3999,21.22,21.22,11744,0
HERO.US,D,20240520,000000,21.46,21.5699,21.24,21.44,21249,0
HERO.US,D,20240521,000000,21.17,21.4,21.16,21.3,11179,0
HERO.US,D,20240522,000000,21.26,21.3517,21.11,21.12,10344,0
HERO.US,D,20240523,000000,21.11,21.11,20.55,20.59,16423,0
HERO.US,D,20240524,000000,20.68,20.9,20.53,20.74,114830,0
HERO.US,D,20240528,000000,20.6,20.71,20.4795,20.52,40750,0
HERO.US,D,20240529,000000,20.48,20.48,20.291,20.43,19124,0
HERO.US,D,20240530,000000,20.6,20.74,20.45,20.73,122850,0
HERO.US,D,20240531,000000,20.74,20.97,20.5501,20.88,107654,0
HERO.US,D,20240603,000000,20.92,21,20.63,20.97,47872,0
HERO.US,D,20240604,000000,21.11,21.23,20.27,21.16,60055,0
HERO.US,D,20240605,000000,21.17,21.3951,21.17,21.38,10370,0
HERO.US,D,20240606,000000,21.36,21.36,21.2601,21.28,12276,0
HERO.US,D,20240607,000000,21.17,21.17,20.95,21,11598,0
HERO.US,D,20240610,000000,20.89,20.9578,20.73,20.95,12735,0
HERO.US,D,20240611,000000,20.79,20.79,20.47,20.75,14377,0
HERO.US,D,20240612,000000,20.92,21,20.8,20.81,13474,0
HERO.US,D,20240613,000000,20.84,20.92,20.65,20.72,5808,0
HERO.US,D,20240614,000000,20.63,20.79,20.59,20.71,58573,0
HERO.US,D,20240617,000000,20.69,21.1,20.69,20.97,19090,0
HERO.US,D,20240618,000000,20.9,21.15,20.87,21.03,15761,0
HERO.US,D,20240620,000000,21.08,21.21,20.93,21.06,103480,0
HERO.US,D,20240621,000000,21.12,21.2,21.01,21.2,18980,0
HERO.US,D,20240624,000000,21.13,21.25,21.07,21.07,11587,0
HERO.US,D,20240625,000000,21.29,21.32,21.14,21.32,10732,0
HERO.US,D,20240626,000000,21.35,21.49,21.281,21.47,15260,0
HERO.US,D,20240627,000000,21.22,21.42,21.17,21.23,9809,0
HERO.US,D,20240628,000000,21.41,21.53,21.27,21.41,34755,0
HERO.US,D,20240701,000000,21.32,21.41,21.17,21.17,28433,0
HERO.US,D,20240702,000000,21.24,21.29,21.15,21.28,12979,0
HERO.US,D,20240703,000000,21.25,21.53,21.23,21.53,13428,0
HERO.US,D,20240705,000000,21.49,21.52,21.3608,21.44,19299,0
HERO.US,D,20240708,000000,21.5,21.65,21.46,21.65,11952,0
HERO.US,D,20240709,000000,21.88,21.98,21.7901,21.98,15485,0
HERO.US,D,20240710,000000,21.95,22.1,21.95,22.1,16625,0
HERO.US,D,20240711,000000,22.19,22.37,22.15,22.35,10973,0
HERO.US,D,20240712,000000,22.34,22.55,22.32,22.55,21411,0
HERO.US,D,20240715,000000,22.37,22.579,22.27,22.33,13635,0
HERO.US,D,20240716,000000,22.28,22.45,22.22,22.45,14566,0
HERO.US,D,20240717,000000,22.37,22.4,22.07,22.2,16050,0
HERO.US,D,20240718,000000,22.12,22.19,21.78,21.82,16800,0
HERO.US,D,20240719,000000,21.89,21.89,21.6001,21.86,7630,0
HERO.US,D,20240722,000000,21.89,22.1,21.79,22.1,13127,0
HERO.US,D,20240723,000000,21.89,21.96,21.69,21.81,10635,0
HERO.US,D,20240724,000000,21.66,21.94,21.43,21.45,13996,0
HERO.US,D,20240725,000000,21.55,21.85,20.51,21.6,11242,0
HERO.US,D,20240726,000000,21.95,22.05,21.84,21.93,12295,0
HERO.US,D,20240729,000000,22.04,22.14,22.02,22.02,6351,0
HERO.US,D,20240730,000000,21.99,22.1,21.82,21.89,10531,0
HERO.US,D,20240731,000000,22.16,22.34,22.16,22.31,9868,0
HERO.US,D,20240801,000000,22.08,22.08,21.47,21.57,14851,0
HERO.US,D,20240802,000000,21.48,21.48,21.11,21.39,12892,0
HERO.US,D,20240805,000000,20.29,20.75,20.21,20.55,27610,0
HERO.US,D,20240806,000000,20.41,20.8799,20.41,20.62,140391,0
HERO.US,D,20240807,000000,21.13,21.23,20.75,20.79,16634,0
HERO.US,D,20240808,000000,21.09,21.355,21,21.27,26109,0
HERO.US,D,20240809,000000,21.24,21.47,21.1383,21.2,21362,0
HERO.US,D,20240812,000000,21.38,21.49,21.21,21.45,16504,0
HERO.US,D,20240813,000000,21.6,21.9299,21.49,21.92,10243,0
HERO.US,D,20240814,000000,21.81,21.81,21.49,21.49,8878,0
HERO.US,D,20240815,000000,21.9,21.945,21.86,21.9,6758,0
HERO.US,D,20240816,000000,21.79,22.08,21.7517,21.79,11319,0
HERO.US,D,20240819,000000,22.12,22.51,22.07,22.51,11885,0
HERO.US,D,20240820,000000,22.47,22.55,22.33,22.43,19089,0
HERO.US,D,20240821,000000,22.61,22.9999,22.61,22.86,97558,0
HERO.US,D,20240822,000000,22.92,22.96,22.32,22.43,21580,0
HERO.US,D,20240823,000000,22.63,23.13,22.53,22.94,45513,0
HERO.US,D,20240826,000000,22.93,23.06,22.68,22.68,29148,0
HERO.US,D,20240827,000000,22.8,23,22.68,22.94,42102,0
HERO.US,D,20240828,000000,22.73,22.86,22.29,22.5,26790,0
HERO.US,D,20240829,000000,22.56,22.7188,22.32,22.59,83865,0
HERO.US,D,20240830,000000,22.63,22.63,22.42,22.42,23234,0
HERO.US,D,20240903,000000,22.18,22.67,22.05,22.06,24073,0
HERO.US,D,20240904,000000,22.03,22.33,21.97,21.97,6408,0
HERO.US,D,20240905,000000,22.34,22.49,22.24,22.49,9919,0
HERO.US,D,20240906,000000,22.35,22.3999,21.79,21.87,8810,0
HERO.US,D,20240909,000000,22.21,22.35,21.97,22.11,11273,0
HERO.US,D,20240910,000000,22.11,22.2,21.94,22.09,435351,0
HERO.US,D,20240911,000000,22.12,22.28,21.9,22.17,14236,0
HERO.US,D,20240912,000000,22.28,22.65,22.07,22.41,12700,0
HERO.US,D,20240913,000000,22.47,22.7,22.36,22.47,8242,0
HERO.US,D,20240916,000000,22.48,22.68,22.41,22.635,12202,0
HERO.US,D,20240917,000000,22.88,23.01,22.672,22.89,16252,0
HERO.US,D,20240918,000000,22.88,22.88,22.45,22.46,28542,0
HERO.US,D,20240919,000000,23.09,23.24,23.03,23.21,8788,0
HERO.US,D,20240920,000000,23.01,23.08,22.75,22.86,18213,0
HERO.US,D,20240923,000000,22.91,23.1,22.845,22.9,5644,0
HERO.US,D,20240924,000000,23.12,23.76,23.11,23.76,16487,0
HERO.US,D,20240925,000000,23.65,23.67,23.34,23.56,8481,0
HERO.US,D,20240926,000000,24.26,24.36,23.861,24.13,12765,0
HERO.US,D,20240927,000000,24,24.5,23.94,24.17,283315,0
HERO.US,D,20240930,000000,24.25,24.57,24.11,24.34,21919,0
HERO.US,D,20241001,000000,24.27,24.43,23.935,24.3658,594171,0
HERO.US,D,20241002,000000,24.44,24.569,24.21,24.5,14458,0
HERO.US,D,20241003,000000,24.39,24.39,24.06,24.22,10101,0
HERO.US,D,20241004,000000,24.16,24.498,24.06,24.41,19954,0
HERO.US,D,20241007,000000,24.47,24.6,24.12,24.14,33951,0
HERO.US,D,20241008,000000,23.86,24.0643,23.68,24.05,24311,0
HERO.US,D,20241009,000000,23.76,23.94,23.6093,23.91,16433,0
HERO.US,D,20241010,000000,23.62,23.64,23.27,23.33,32103,0
HERO.US,D,20241011,000000,23.5,23.9099,23.5,23.82,23371,0
HERO.US,D,20241014,000000,23.63,23.7,23.52,23.54,6533,0
HERO.US,D,20241015,000000,23.5,23.57,23.162,23.34,7864,0
HERO.US,D,20241016,000000,23.28,23.47,23.11,23.25,527538,0
HERO.US,D,20241017,000000,23.32,23.32,22.9101,23.01,10420,0
HERO.US,D,20241018,000000,23.37,23.37,23.12,23.12,8549,0
HERO.US,D,20241021,000000,23.3,23.36,23.13,23.35,9807,0
HERO.US,D,20241022,000000,23.18,23.28,23,23.03,18619,0
HERO.US,D,20241023,000000,23.11,23.2,22.68,22.79,35286,0
HERO.US,D,20241024,000000,22.838,23.1,22.838,23.03,31071,0
HERO.US,D,20241025,000000,23.01,23.25,22.9,22.995,18737,0
HERO.US,D,20241028,000000,23.22,23.51,23.0726,23.42,8491,0
HERO.US,D,20241029,000000,23.48,23.66,23.37,23.4,5478,0
HERO.US,D,20241030,000000,23.45,23.61,23.192,23.26,9042,0
HERO.US,D,20241031,000000,23.44,23.72,23.2724,23.51,12392,0
HERO.US,D,20241101,000000,23.63,23.83,23.5,23.53,75794,0
HERO.US,D,20241104,000000,23.71,23.77,23.52,23.52,295665,0
