<TICKER>,<PER>,<DATE>,<TIME>,<OPEN>,<HIGH>,<LOW>,<CLOSE>,<VOL>,<OPENINT>
HLAL.US,D,20190717,000000,24.2266,24.2266,24.0039,24.0039,3944.7602174282,0
HLAL.US,D,20190718,000000,24.1391,24.1391,24.0138,24.1391,4618.4765940983,0
HLAL.US,D,20190719,000000,24.2167,24.2167,24.1092,24.148,6411.3665935055,0
HLAL.US,D,20190722,000000,24.1092,24.1242,24.0815,24.1092,15988.19461053,0
HLAL.US,D,20190723,000000,24.159,24.2615,24.149,24.2615,9615.0387965965,0
HLAL.US,D,20190724,000000,24.342,24.3619,24.3141,24.342,7902.5925436574,0
HLAL.US,D,20190725,000000,24.3141,24.3141,24.2416,24.2843,9971.0023747177,0
HLAL.US,D,20190726,000000,24.2635,24.2843,24.2366,24.2763,3326.3489164548,0
HLAL.US,D,20190729,000000,24.333,24.333,24.2067,24.3141,4662.7206546557,0
HLAL.US,D,20190730,000000,24.2366,24.2645,24.2366,24.2645,10017.257528937,0
HLAL.US,D,20190731,000000,24.4007,24.4007,24.149,24.149,7752.7660658606,0
HLAL.US,D,20190801,000000,24.0616,24.1968,23.7443,23.7443,6989.5560212447,0
HLAL.US,D,20190802,000000,23.7225,23.7225,23.4131,23.4231,3862.3053772984,0
HLAL.US,D,20190805,000000,23.0272,23.065,22.7369,22.7369,13354.667460531,0
HLAL.US,D,20190806,000000,22.8303,22.9905,22.8115,22.9547,10772.423198906,0
HLAL.US,D,20190807,000000,22.8403,22.8403,22.6603,22.8075,5538.5519443269,0
HLAL.US,D,20190808,000000,23.249,23.4519,23.249,23.4519,3075.967755573,0
HLAL.US,D,20190809,000000,23.4231,23.4231,23.2918,23.2918,1542.5088385253,0
HLAL.US,D,20190812,000000,23.1347,23.2391,23.0163,23.0163,2257.4526352603,0
HLAL.US,D,20190813,000000,23.5196,23.5395,23.4609,23.5126,5191.6382876833,0
HLAL.US,D,20190814,000000,23.0163,23.0352,22.7916,22.7916,9334.4912307891,0
HLAL.US,D,20190815,000000,22.7737,22.7757,22.6096,22.6096,8693.9578995371,0
HLAL.US,D,20190816,000000,22.9945,23.0959,22.9945,23.0959,2443.4787989677,0
HLAL.US,D,20190819,000000,23.4131,23.432,23.3843,23.4131,8234.4229978382,0
HLAL.US,D,20190820,000000,23.432,23.432,23.2868,23.2868,12361.187191651,0
HLAL.US,D,20190821,000000,23.4519,23.4599,23.4519,23.4599,2362.0295056688,0
HLAL.US,D,20190822,000000,23.5782,23.5782,23.3753,23.4897,4207.2079402802,0
HLAL.US,D,20190823,000000,23.4051,23.4519,22.717,22.717,3689.351322392,0
HLAL.US,D,20190826,000000,23.0551,23.0551,22.9189,22.9388,2190.0809975933,0
HLAL.US,D,20190827,000000,23.0262,23.0382,22.9388,22.9875,9638.1663737061,0
HLAL.US,D,20190828,000000,22.9288,23.0839,22.8602,23.0839,2875.8639362336,0
HLAL.US,D,20190829,000000,23.4032,23.4569,23.3843,23.4569,2079.4708461997,0
HLAL.US,D,20190830,000000,23.5395,23.5593,23.3654,23.3654,1657.1411772423,0
HLAL.US,D,20190903,000000,23.1626,23.249,23.1626,23.2192,5516.4299140481,0
HLAL.US,D,20190904,000000,23.4609,23.4698,23.432,23.432,4452.5613670079,0
HLAL.US,D,20190905,000000,23.7711,23.9252,23.7711,23.8865,15568.881582065,0
HLAL.US,D,20190906,000000,23.8955,23.9402,23.8865,23.9352,6861.8515737267,0
HLAL.US,D,20190909,000000,23.9551,24.0427,23.9153,23.9153,22550.393228662,0
HLAL.US,D,20190910,000000,23.8298,24.0138,23.8298,24.0138,10617.568986955,0
HLAL.US,D,20190911,000000,24.1092,24.3141,24.1092,24.3141,8656.7526667956,0
HLAL.US,D,20190912,000000,24.4593,24.4593,24.333,24.4295,12656.81795992,0
HLAL.US,D,20190913,000000,24.4395,24.4395,24.3201,24.3201,9798.0483198114,0
HLAL.US,D,20190916,000000,24.3519,24.3519,24.2565,24.3231,4937.234939478,0
HLAL.US,D,20190917,000000,24.333,24.333,24.2843,24.2942,7247.9815567734,0
HLAL.US,D,20190918,000000,24.3141,24.333,24.1281,24.333,3337.4099315942,0
HLAL.US,D,20190919,000000,24.3818,24.4295,24.3718,24.4007,8781.4404738211,0
HLAL.US,D,20190920,000000,24.4196,24.4196,24.2645,24.2645,7735.6717697361,0
HLAL.US,D,20190923,000000,24.2843,24.2843,24.2843,24.2843,675.72747033182,0
HLAL.US,D,20190924,000000,24.2843,24.2862,23.984,24.0039,10204.289239475,0
HLAL.US,D,20190925,000000,23.9631,24.158,23.9541,24.1441,2896.9804196815,0
HLAL.US,D,20190926,000000,24.0715,24.1082,24.0516,24.1082,7315.3531944404,0
HLAL.US,D,20190927,000000,24.0695,24.1381,23.9243,23.9442,20851.019084524,0
HLAL.US,D,20190930,000000,24.1082,24.1968,24.0983,24.1868,6706.9973617756,0
HLAL.US,D,20191001,000000,24.2743,24.2962,23.8855,23.8855,5059.9116528418,0
HLAL.US,D,20191002,000000,23.5951,23.5951,23.4201,23.4201,6717.0528300841,0
HLAL.US,D,20191003,000000,23.5464,23.5752,23.5365,23.5365,21827.405057281,0
HLAL.US,D,20191004,000000,23.6817,23.8756,23.6817,23.8756,2934.185652423,0
HLAL.US,D,20191007,000000,23.9143,23.984,23.8945,23.8945,4044.3093536824,0
HLAL.US,D,20191008,000000,23.5415,23.5951,23.4967,23.4967,5445.0360890577,0
HLAL.US,D,20191009,000000,23.5762,23.6916,23.5762,23.6419,14333.064526949,0
HLAL.US,D,20191010,000000,23.6618,23.8467,23.6618,23.788,4198.1580188026,0
HLAL.US,D,20191011,000000,24.1679,24.3141,24.1679,24.1839,15229.006753238,0
HLAL.US,D,20191014,000000,24.1729,24.1769,24.1301,24.148,3909.5660783484,0
HLAL.US,D,20191015,000000,24.2465,24.3917,24.2465,24.3042,10009.21315429,0
HLAL.US,D,20191016,000000,24.2167,24.3042,24.1868,24.1968,9990.1077645039,0
HLAL.US,D,20191017,000000,24.3141,24.3201,24.1968,24.2167,5224.8213331014,0
HLAL.US,D,20191018,000000,24.1888,24.1888,24.1281,24.158,2412.3068472114,0
HLAL.US,D,20191021,000000,24.1679,24.3141,24.1679,24.2942,7422.9467053415,0
HLAL.US,D,20191022,000000,24.333,24.4295,24.2843,24.2843,8012.1971482201,0
HLAL.US,D,20191023,000000,24.2565,24.3738,24.2465,24.333,11133.414511182,0
HLAL.US,D,20191024,000000,24.3768,24.4395,24.3718,24.3917,4505.855349043,0
HLAL.US,D,20191025,000000,24.4633,24.6343,24.4633,24.6245,2486.7173126943,0
HLAL.US,D,20191028,000000,24.7686,24.8064,24.7398,24.7497,3524.4416421325,0
HLAL.US,D,20191029,000000,24.7497,24.8263,24.7308,24.7308,9690.4548089103,0
HLAL.US,D,20191030,000000,24.8551,24.8551,24.6145,24.7497,7472.2185000532,0
HLAL.US,D,20191031,000000,24.6751,24.6751,24.6145,24.6145,3241.8829826634,0
HLAL.US,D,20191101,000000,24.9427,24.9486,24.9347,24.9486,1353.4660343253,0
HLAL.US,D,20191104,000000,25.0988,25.1674,25.0988,25.1386,18941.485652738,0
HLAL.US,D,20191105,000000,25.1446,25.1863,25.1446,25.1863,13809.174628076,0
HLAL.US,D,20191106,000000,25.1247,25.1376,25.052,25.061,14124.916332963,0
HLAL.US,D,20191107,000000,25.2539,25.2937,25.1882,25.1882,12079.634079012,0
HLAL.US,D,20191108,000000,25.245,25.245,25.1615,25.1962,10110.773384207,0
HLAL.US,D,20191111,000000,25.1276,25.2639,25.1276,25.2639,5175.5495383897,0
HLAL.US,D,20191112,000000,25.3603,25.3802,25.2599,25.2599,784.32652806372,0
HLAL.US,D,20191113,000000,25.2639,25.3166,25.2191,25.3146,9108.2431938476,0
HLAL.US,D,20191114,000000,25.2937,25.3216,25.2251,25.3027,3940.7380301048,0
HLAL.US,D,20191115,000000,25.4687,25.5463,25.409,25.5463,8199.2288587584,0
HLAL.US,D,20191118,000000,25.4488,25.5085,25.4488,25.5085,8364.138539018,0
HLAL.US,D,20191119,000000,25.5185,25.5275,25.4488,25.4876,8734.1797727711,0
HLAL.US,D,20191120,000000,25.4986,25.5016,25.3504,25.41,8252.5228407935,0
HLAL.US,D,20191121,000000,25.3702,25.4488,25.3603,25.42,4925.1683775078,0
HLAL.US,D,20191122,000000,25.4787,25.4936,25.4677,25.4677,10716.112576378,0
HLAL.US,D,20191125,000000,25.4986,25.6965,25.4986,25.6965,4810.5360387908,0
HLAL.US,D,20191126,000000,25.6925,25.7213,25.6726,25.6925,16467.840448845,0
HLAL.US,D,20191127,000000,25.787,25.8218,25.7213,25.8218,4985.5011873589,0
HLAL.US,D,20191129,000000,25.787,25.787,25.7302,25.7392,6450.5829199087,0
HLAL.US,D,20191202,000000,25.8069,25.8069,25.5185,25.5851,5311.2983605546,0
HLAL.US,D,20191203,000000,25.3126,25.3216,25.1674,25.3216,9926.7583141603,0
HLAL.US,D,20191204,000000,25.4598,25.5463,25.4598,25.5085,14509.035222348,0
HLAL.US,D,20191205,000000,25.5652,25.5652,25.4886,25.5652,9282.2027955848,0
HLAL.US,D,20191206,000000,25.777,25.8437,25.777,25.8437,4453.5669138387,0
HLAL.US,D,20191209,000000,25.8566,25.8566,25.7332,25.7332,11611.049255835,0
HLAL.US,D,20191210,000000,25.8079,25.8158,25.7273,25.7292,5216.7769584546,0
HLAL.US,D,20191211,000000,25.8168,25.8715,25.8128,25.8556,9447.1124758444,0
HLAL.US,D,20191212,000000,25.8168,26.138,25.8168,26.129,5426.9362461024,0
HLAL.US,D,20191213,000000,26.1111,26.2007,26.0892,26.148,7950.8587915382,0
HLAL.US,D,20191216,000000,26.2146,26.4403,26.2146,26.4205,12660.840147244,0
HLAL.US,D,20191217,000000,26.4006,26.4175,26.3668,26.3727,10231.439003909,0
HLAL.US,D,20191218,000000,26.4205,26.4205,26.3329,26.3628,8362.1274453563,0
HLAL.US,D,20191219,000000,26.4304,26.4304,26.3628,26.4155,9336.5023244508,0
HLAL.US,D,20191220,000000,26.5945,26.6045,26.5607,26.5756,6698.9529871288,0
HLAL.US,D,20191223,000000,26.6919,26.7208,26.6045,26.7118,15607.092361637,0
HLAL.US,D,20191224,000000,26.7795,26.7795,26.682,26.7108,6317.8507382363,0
HLAL.US,D,20191226,000000,26.8182,26.8182,26.7596,26.8053,4135.8141152898,0
HLAL.US,D,20191227,000000,26.9545,26.9545,26.8083,26.8083,19738.884289604,0
HLAL.US,D,20191230,000000,26.7695,26.7695,26.5657,26.6045,20456.844726832,0
HLAL.US,D,20191231,000000,26.6621,26.7208,26.5945,26.7208,9166.564910037,0
HLAL.US,D,20200102,000000,26.9257,26.9695,26.8182,26.9615,23646.43927429,0
HLAL.US,D,20200103,000000,26.8282,26.8481,26.7596,26.7596,39169.065702136,0
HLAL.US,D,20200106,000000,26.6531,26.8083,26.6243,26.7885,14287.814919561,0
HLAL.US,D,20200107,000000,26.868,26.868,26.7228,26.7983,8247.4951066392,0
HLAL.US,D,20200108,000000,26.868,26.9833,26.7695,26.8729,10902.138740086,0
HLAL.US,D,20200109,000000,27.0698,27.0778,26.9833,27.0778,9615.0387965965,0
HLAL.US,D,20200110,000000,27.2061,27.2061,26.9932,27.03,21676.573032653,0
HLAL.US,D,20200113,000000,27.1087,27.2598,27.0907,27.2518,25023.032885726,0
HLAL.US,D,20200114,000000,27.3245,27.3344,27.1971,27.2449,17388.921345905,0
HLAL.US,D,20200115,000000,27.2847,27.3522,27.2329,27.2329,6115.7358252353,0
HLAL.US,D,20200116,000000,27.4975,27.4975,27.3622,27.4488,15694.574935921,0
HLAL.US,D,20200117,000000,27.4677,27.5075,27.4677,27.4876,11026.826547111,0
HLAL.US,D,20200121,000000,27.4488,27.5075,27.41,27.4139,22291.967693134,0
HLAL.US,D,20200122,000000,27.5164,27.5561,27.4627,27.4637,14765.449664215,0
HLAL.US,D,20200123,000000,27.41,27.4567,27.2946,27.4567,25970.258000386,0
HLAL.US,D,20200124,000000,27.6158,27.6158,27.2349,27.2598,13079.147628878,0
HLAL.US,D,20200127,000000,26.9346,26.9346,26.7885,26.8083,19655.423902643,0
HLAL.US,D,20200128,000000,26.868,27.0788,26.868,27.0698,17074.185187849,0
HLAL.US,D,20200129,000000,27.1574,27.1872,27.044,27.044,13699.570023513,0
HLAL.US,D,20200130,000000,26.9257,27.0927,26.8282,27.0927,5964.9038006077,0
HLAL.US,D,20200131,000000,26.9346,26.9346,26.4215,26.4701,8545.1369685711,0
HLAL.US,D,20200203,000000,26.672,26.7695,26.6213,26.681,8116.7740186286,0
HLAL.US,D,20200204,000000,27.1087,27.225,27.0987,27.1286,16980.669332579,0
HLAL.US,D,20200205,000000,27.4289,27.4289,27.2847,27.4189,16135.004447833,0
HLAL.US,D,20200206,000000,27.5075,27.7023,27.4488,27.5263,8771.3850055126,0
HLAL.US,D,20200207,000000,27.5075,27.5075,27.2797,27.2797,4759.2531504174,0
HLAL.US,D,20200210,000000,27.2946,27.391,27.211,27.3841,8411.3992400679,0
HLAL.US,D,20200211,000000,27.5561,27.5929,27.4647,27.4876,11971.035021281,0
HLAL.US,D,20200212,000000,27.7212,27.7311,27.6437,27.7212,8838.7566431796,0
HLAL.US,D,20200213,000000,27.6437,27.7212,27.581,27.6497,10917.221942548,0
HLAL.US,D,20200214,000000,27.6536,27.6735,27.576,27.6606,3922.6381871494,0
HLAL.US,D,20200218,000000,27.6059,27.6059,27.3692,27.4826,13566.837841841,0
HLAL.US,D,20200219,000000,27.6934,27.755,27.6636,27.7341,27443.384107584,0
HLAL.US,D,20200220,000000,27.7789,27.7789,27.4776,27.6298,13089.203097186,0
HLAL.US,D,20200221,000000,27.4677,27.4677,27.3195,27.3195,2922.1190904528,0
HLAL.US,D,20200224,000000,26.8978,26.8978,26.323,26.3717,28415.747893016,0
HLAL.US,D,20200225,000000,26.5557,26.5557,25.5175,25.5552,52005.876544779,0
HLAL.US,D,20200226,000000,25.7292,25.949,25.4369,25.4369,24722.3743833,0
HLAL.US,D,20200227,000000,25.2629,25.2629,24.2922,24.2922,30827.049193396,0
HLAL.US,D,20200228,000000,23.7472,23.9521,23.2998,23.9422,39417.435769356,0
HLAL.US,D,20200302,000000,24.2823,25.2151,24.1261,25.2151,24705.280087176,0
HLAL.US,D,20200303,000000,25.051,25.4279,24.332,24.5817,22403.583391358,0
HLAL.US,D,20200304,000000,25.1366,25.1366,24.9218,25.051,13650.298228802,0
HLAL.US,D,20200305,000000,25.1466,25.2151,24.7298,24.7865,11988.129317405,0
HLAL.US,D,20200306,000000,24.156,24.4672,23.9025,24.4146,18495.022859841,0
HLAL.US,D,20200309,000000,22.5529,23.1835,22.1551,22.4535,15174.707224371,0
HLAL.US,D,20200310,000000,23.2321,23.4648,22.347,23.4211,57830.003789067,0
HLAL.US,D,20200311,000000,22.8821,22.8821,22.3371,22.3958,15349.67237294,0
HLAL.US,D,20200312,000000,21.1228,21.3775,20.2975,20.3073,24209.545499566,0
HLAL.US,D,20200313,000000,21.4251,21.9771,20.3073,21.8369,51995.82107647,0
HLAL.US,D,20200316,000000,20.6585,20.9458,19.5813,19.5813,34782.870425964,0
HLAL.US,D,20200317,000000,20.0259,20.8533,19.5028,20.4715,30434.885929364,0
HLAL.US,D,20200318,000000,19.5307,19.9782,18.8495,19.476,21884.72122664,0
HLAL.US,D,20200319,000000,19.4909,19.9385,19.107,19.6351,25245.258735343,0
HLAL.US,D,20200320,000000,19.9682,19.9682,18.8733,18.8942,39637.650525312,0
HLAL.US,D,20200323,000000,18.8216,18.8216,18.0738,18.4218,32282.075457638,0
HLAL.US,D,20200324,000000,19.4053,19.9682,19.4053,19.9682,20369.362152547,0
HLAL.US,D,20200325,000000,20.0637,20.8772,20.0448,20.184,22330.178472706,0
HLAL.US,D,20200326,000000,20.736,21.1626,20.736,21.0075,31322.783781006,0
HLAL.US,D,20200327,000000,20.92,21.0165,20.548,20.6852,13476.338627064,0
HLAL.US,D,20200330,000000,20.9588,21.4092,20.7628,21.3178,17866.556090559,0
HLAL.US,D,20200331,000000,21.4749,21.5127,21.0165,21.094,28880.310528869,0
HLAL.US,D,20200401,000000,20.4566,20.6266,20.1085,20.2129,10328.977046501,0
HLAL.US,D,20200402,000000,20.0299,20.6852,20.0299,20.6753,4545.0716754462,0
HLAL.US,D,20200403,000000,20.7439,20.7479,20.2368,20.4586,14648.806231836,0
HLAL.US,D,20200406,000000,21.3108,21.8588,21.3108,21.8588,12037.401112116,0
HLAL.US,D,20200407,000000,22.6186,22.6186,21.8289,21.8289,15535.698536647,0
HLAL.US,D,20200408,000000,22.179,22.2834,21.8886,22.2576,8945.3446072498,0
HLAL.US,D,20200409,000000,22.8512,23.0083,22.6971,22.707,8580.3311076509,0
HLAL.US,D,20200413,000000,22.7448,22.7448,22.2576,22.5201,16907.264413928,0
HLAL.US,D,20200414,000000,23.0591,23.4081,23.0591,23.4081,15090.241290579,0
HLAL.US,D,20200415,000000,23.0382,23.0382,22.7767,22.9268,8798.5347699455,0
HLAL.US,D,20200416,000000,23.2232,23.2232,22.7926,23.0581,14540.207174104,0
HLAL.US,D,20200417,000000,23.2819,23.5991,23.2819,23.5991,16883.131289987,0
HLAL.US,D,20200420,000000,23.3406,23.4877,23.262,23.2819,11868.469244534,0
HLAL.US,D,20200421,000000,22.7369,22.8215,22.4505,22.5201,14400.436164616,0
HLAL.US,D,20200422,000000,22.8215,23.0481,22.8215,23.0481,4298.7127018877,0
HLAL.US,D,20200423,000000,23.252,23.4479,23.1168,23.1168,10771.417652075,0
HLAL.US,D,20200424,000000,23.1198,23.438,23.1198,23.438,5956.8594259608,0
HLAL.US,D,20200427,000000,23.6528,23.7691,23.442,23.7691,12191.249777237,0
HLAL.US,D,20200428,000000,24.0437,24.0437,23.6777,23.7215,27933.085414208,0
HLAL.US,D,20200429,000000,24.161,24.4047,24.0675,24.2912,16538.228727005,0
HLAL.US,D,20200430,000000,24.327,24.327,23.9859,24.0387,19017.907211884,0
HLAL.US,D,20200501,000000,23.5652,23.5652,23.2819,23.3067,18210.45310671,0
HLAL.US,D,20200504,000000,23.2331,23.5066,23.1645,23.4967,14627.689748388,0
HLAL.US,D,20200505,000000,23.9461,24.0347,23.8487,23.966,18718.25425629,0
HLAL.US,D,20200506,000000,23.9859,24.0098,23.7393,23.7393,4541.0494881228,0
HLAL.US,D,20200507,000000,24.0437,24.0923,23.9551,23.9551,2231.3084176582,0
HLAL.US,D,20200508,000000,24.1709,24.4822,24.1709,24.4822,16278.797644645,0
HLAL.US,D,20200511,000000,24.3957,24.6095,24.3559,24.5797,5128.2888373397,0
HLAL.US,D,20200512,000000,24.6046,24.6046,24.1212,24.1212,6431.4775301225,0
HLAL.US,D,20200513,000000,23.9959,23.9959,23.4867,23.6031,11799.086513205,0
HLAL.US,D,20200514,000000,23.438,23.5166,23.1556,23.4181,10452.659306696,0
HLAL.US,D,20200515,000000,23.4768,23.8617,23.4768,23.8617,7786.9546581095,0
HLAL.US,D,20200518,000000,24.4047,24.7278,24.4047,24.7278,16574.428412916,0
HLAL.US,D,20200519,000000,24.7547,24.7547,24.4494,24.4494,5979.9870030704,0
HLAL.US,D,20200520,000000,24.8143,24.9407,24.8143,24.8332,5203.7048496535,0
HLAL.US,D,20200521,000000,24.9019,24.9019,24.6482,24.6482,3453.0478171421,0
HLAL.US,D,20200522,000000,24.515,24.6592,24.515,24.6592,2996.5295559357,0
HLAL.US,D,20200526,000000,25.2728,25.2728,24.8919,24.8919,9785.9817578412,0
HLAL.US,D,20200527,000000,25.1565,25.2052,24.7458,25.1982,16137.015541495,0
HLAL.US,D,20200528,000000,25.2629,25.5284,25.235,25.244,10902.138740086,0
HLAL.US,D,20200529,000000,25.244,25.409,25.0759,25.409,6697.947440298,0
HLAL.US,D,20200601,000000,25.3702,25.4787,25.2728,25.42,47319.022766182,0
HLAL.US,D,20200602,000000,25.5562,25.6736,25.4687,25.6736,100801.04205865,0
HLAL.US,D,20200603,000000,25.7889,26.0167,25.7889,26.0068,41548.189503929,0
HLAL.US,D,20200604,000000,25.9281,26.0446,25.7312,25.8546,18384.412708448,0
HLAL.US,D,20200605,000000,26.2683,26.679,26.2683,26.5687,12440.625391288,0
HLAL.US,D,20200608,000000,26.7566,26.8759,26.5517,26.856,20699.181513067,0
HLAL.US,D,20200609,000000,26.6501,26.8162,26.6114,26.7009,16269.747723168,0
HLAL.US,D,20200610,000000,26.7278,26.856,26.6591,26.8063,7674.3334130542,0
HLAL.US,D,20200611,000000,25.9978,26.0635,25.1515,25.1515,67718.551323656,0
HLAL.US,D,20200612,000000,25.6448,25.7889,24.9904,25.3802,15714.685872538,0
HLAL.US,D,20200615,000000,24.9904,25.6836,24.9307,25.5622,9929.7749546528,0
HLAL.US,D,20200616,000000,26.3479,26.3479,25.968,26.0306,14476.85772376,0
HLAL.US,D,20200617,000000,26.2096,26.2096,25.9988,25.9988,17020.891205813,0
HLAL.US,D,20200618,000000,25.7312,26.0635,25.7312,25.9869,3386.6817263059,0
HLAL.US,D,20200619,000000,26.3966,26.3966,25.8983,25.952,6589.3483825661,0
HLAL.US,D,20200622,000000,25.7989,26.1022,25.7989,26.0833,15116.385508182,0
HLAL.US,D,20200623,000000,26.4265,26.4265,26.2553,26.2553,5603.9124883322,0
HLAL.US,D,20200624,000000,26.0734,26.1221,25.4279,25.5602,16383.374515054,0
HLAL.US,D,20200625,000000,25.6149,25.779,25.3206,25.774,7610.9839627106,0
HLAL.US,D,20200626,000000,25.6736,25.6736,25.2927,25.3395,8592.3976696211,0
HLAL.US,D,20200629,000000,25.5861,25.6935,25.2828,25.6667,19193.877907282,0
HLAL.US,D,20200630,000000,25.606,26.141,25.606,26.141,16848.942697738,0
HLAL.US,D,20200701,000000,26.1022,26.2911,26.1022,26.1519,9264.1029526295,0
HLAL.US,D,20200702,000000,26.5418,26.5816,26.3031,26.3031,11553.733086477,0
HLAL.US,D,20200706,000000,26.7566,26.7865,26.6591,26.6919,13979.11204249,0
HLAL.US,D,20200707,000000,26.5915,26.8132,26.5119,26.5119,8632.6195428551,0
HLAL.US,D,20200708,000000,26.6591,26.7566,26.5169,26.5169,11357.651454462,0
HLAL.US,D,20200709,000000,26.6591,26.7467,26.3379,26.5418,5259.0099253503,0
HLAL.US,D,20200710,000000,26.5915,26.7636,26.493,26.7636,7083.0718765139,0
HLAL.US,D,20200713,000000,27.0987,27.2359,26.5418,26.5826,12619.612727179,0
HLAL.US,D,20200714,000000,26.5318,27.0161,26.4066,27.0111,16732.299265359,0
HLAL.US,D,20200715,000000,27.2956,27.392,27.2558,27.3403,6772.3579057809,0
HLAL.US,D,20200716,000000,27.2359,27.2369,27.1286,27.2369,5977.9759094087,0
HLAL.US,D,20200717,000000,27.2857,27.4507,27.2857,27.402,16219.470381625,0
HLAL.US,D,20200720,000000,27.3354,27.6377,27.3354,27.6377,12058.517595564,0
HLAL.US,D,20200721,000000,27.8316,27.8803,27.6367,27.6367,9667.3272318007,0
HLAL.US,D,20200722,000000,27.7491,27.8515,27.6467,27.8515,8304.8112759977,0
HLAL.US,D,20200723,000000,27.9301,27.9301,27.4408,27.4408,10699.018280254,0
HLAL.US,D,20200724,000000,27.0888,27.216,27.0509,27.1514,12368.226019466,0
HLAL.US,D,20200727,000000,27.1872,27.5045,27.1872,27.5045,11955.951818817,0
HLAL.US,D,20200728,000000,27.3433,27.4408,27.1673,27.1673,6972.4617251203,0
HLAL.US,D,20200729,000000,27.3532,27.6367,27.3532,27.6367,12484.869451845,0
HLAL.US,D,20200730,000000,27.3731,27.4796,27.2359,27.4796,5404.8142158237,0
HLAL.US,D,20200731,000000,27.6765,27.9679,27.4896,27.9679,8872.9452354285,0
HLAL.US,D,20200803,000000,28.2215,28.3398,28.1966,28.2712,8661.7804009498,0
HLAL.US,D,20200804,000000,28.3199,28.4164,28.1648,28.4164,19021.929399207,0
HLAL.US,D,20200805,000000,28.5556,28.6132,28.5188,28.5556,11440.106294591,0
HLAL.US,D,20200806,000000,28.661,28.7496,28.5357,28.7396,9467.2234124614,0
HLAL.US,D,20200807,000000,28.6033,28.7297,28.484,28.6302,7145.4157800266,0
HLAL.US,D,20200810,000000,28.8569,28.8868,28.6232,28.8868,11016.771078802,0
HLAL.US,D,20200811,000000,28.9256,28.9653,28.6132,28.6132,14179.215861829,0
HLAL.US,D,20200812,000000,28.8669,29.1205,28.7853,29.0996,15951.994924619,0
HLAL.US,D,20200813,000000,29.1006,29.199,29.0051,29.0718,26670.118594659,0
HLAL.US,D,20200814,000000,29.0708,29.0807,28.9951,29.0598,9570.7947360391,0
HLAL.US,D,20200817,000000,29.0907,29.2567,29.0907,29.2348,5701.4505309247,0
HLAL.US,D,20200818,000000,29.3939,29.3939,29.199,29.2916,14179.215861829,0
HLAL.US,D,20200819,000000,29.375,29.4427,29.2358,29.2358,15275.261907456,0
HLAL.US,D,20200820,000000,29.2189,29.4039,29.1891,29.4039,4831.6525222387,0
HLAL.US,D,20200821,000000,29.5212,29.745,29.4238,29.745,11542.672071338,0
HLAL.US,D,20200824,000000,30.1458,30.1458,29.8574,29.918,5265.0432063354,0
HLAL.US,D,20200825,000000,30.0483,30.0483,29.8525,29.9668,9784.9762110103,0
HLAL.US,D,20200826,000000,30.2631,30.3795,30.1239,30.3706,14819.749193081,0
HLAL.US,D,20200827,000000,30.4889,30.4889,30.2542,30.4491,14779.527319847,0
HLAL.US,D,20200828,000000,30.469,30.5048,30.3417,30.5048,9563.7559082231,0
HLAL.US,D,20200831,000000,30.6241,30.819,30.5277,30.7792,15188.784880004,0
HLAL.US,D,20200901,000000,30.7802,31.0349,30.7117,31.0349,14244.576405834,0
HLAL.US,D,20200902,000000,31.2198,31.2198,30.7117,31.2059,20982.745719366,0
HLAL.US,D,20200903,000000,30.8688,30.8688,29.7161,29.8405,33122.712608229,0
HLAL.US,D,20200904,000000,29.8435,30.0295,28.8321,29.3263,26421.748527438,0
HLAL.US,D,20200908,000000,28.8569,29.0777,28.5507,28.5785,25345.813418428,0
HLAL.US,D,20200909,000000,29.0807,29.4238,28.9902,29.3283,36526.48863066,0
HLAL.US,D,20200910,000000,29.6873,29.6873,28.7496,28.847,6908.1067279458,0
HLAL.US,D,20200911,000000,29.1394,29.1394,28.7496,28.8619,11907.685570937,0
HLAL.US,D,20200914,000000,29.2766,29.384,29.1791,29.3362,8232.4119041765,0
HLAL.US,D,20200915,000000,29.7848,29.7848,29.5113,29.6137,12530.119059233,0
HLAL.US,D,20200916,000000,29.6456,29.8146,29.4517,29.4517,5236.8878950716,0
HLAL.US,D,20200917,000000,29.0339,29.206,28.9455,29.206,8678.8746970743,0
HLAL.US,D,20200918,000000,29.2965,29.2965,28.7923,29.0439,17022.902299475,0
HLAL.US,D,20200921,000000,28.6321,28.8082,28.1737,28.8082,14692.044745563,0
HLAL.US,D,20200922,000000,28.8758,28.9752,28.6033,28.9186,8047.3912872999,0
HLAL.US,D,20200923,000000,29.0807,29.0807,28.2215,28.2215,6293.7176142959,0
HLAL.US,D,20200924,000000,28.1051,28.4263,27.9579,28.2911,4735.120026477,0
HLAL.US,D,20200925,000000,28.2712,28.7744,28.2712,28.7744,5727.5947485268,0
HLAL.US,D,20200928,000000,29.2985,29.3283,29.0897,29.2508,7217.8151518479,0
HLAL.US,D,20200929,000000,29.1811,29.3283,29.1106,29.1106,9493.3676300635,0
HLAL.US,D,20200930,000000,29.3184,29.6287,29.2398,29.4337,12169.127746958,0
HLAL.US,D,20201001,000000,29.7689,29.7689,29.4168,29.4656,6915.1455557618,0
HLAL.US,D,20201002,000000,28.9862,29.2786,28.9862,29.0907,19222.033218546,0
HLAL.US,D,20201005,000000,29.377,29.6526,29.377,29.6426,9564.7614550539,0
HLAL.US,D,20201006,000000,29.6814,29.7191,29.3432,29.3681,12386.325862421,0
HLAL.US,D,20201007,000000,29.6426,29.8872,29.6128,29.8455,4944.273767294,0
HLAL.US,D,20201008,000000,30.1607,30.1607,29.9956,30.0483,14556.295923398,0
HLAL.US,D,20201009,000000,30.3288,30.3765,30.1707,30.3208,8635.6361833477,0
HLAL.US,D,20201012,000000,30.7196,30.9473,30.5436,30.9175,16437.67404392,0
HLAL.US,D,20201013,000000,30.7495,30.7495,30.5148,30.5903,7252.0037440968,0
HLAL.US,D,20201014,000000,30.7296,30.7693,30.469,30.5416,7210.7763240319,0
HLAL.US,D,20201015,000000,30.2105,30.4431,30.2105,30.4431,28628.923821157,0
HLAL.US,D,20201016,000000,30.7097,30.7296,30.4262,30.4501,10460.703681342,0
HLAL.US,D,20201019,000000,30.5048,30.5048,29.8673,29.929,17239.094868109,0
HLAL.US,D,20201020,000000,30.1219,30.1607,30.0155,30.103,7009.6669578618,0
HLAL.US,D,20201021,000000,30.1219,30.1806,29.914,29.914,14051.511414311,0
HLAL.US,D,20201022,000000,30.0434,30.0592,29.8475,30.0165,6618.5092406608,0
HLAL.US,D,20201023,000000,30.1607,30.1607,29.8673,29.9817,8691.9468058754,0
HLAL.US,D,20201026,000000,29.7888,29.7888,29.3382,29.5431,16747.382467823,0
HLAL.US,D,20201027,000000,29.6088,29.6426,29.563,29.6177,4484.7388655951,0
HLAL.US,D,20201028,000000,29.1513,29.1513,28.4154,28.4154,20524.216364498,0
HLAL.US,D,20201029,000000,28.475,28.9762,28.3179,28.9762,8237.4396383307,0
HLAL.US,D,20201030,000000,28.485,28.485,28.0375,28.0832,16656.883253046,0
HLAL.US,D,20201102,000000,28.4949,28.7595,28.4929,28.659,18624.738401021,0
HLAL.US,D,20201103,000000,28.9663,29.3184,28.9663,29.2398,13178.696765132,0
HLAL.US,D,20201104,000000,29.563,30.0642,29.4855,29.8385,24129.101753098,0
HLAL.US,D,20201105,000000,30.3188,30.466,30.2422,30.3964,4878.9132232887,0
HLAL.US,D,20201106,000000,30.3964,30.4958,30.2402,30.4958,16817.770745982,0
HLAL.US,D,20201109,000000,31.6226,31.6226,30.646,30.646,23621.300603519,0
HLAL.US,D,20201110,000000,30.8081,30.8081,30.4759,30.5873,16369.296859422,0
HLAL.US,D,20201111,000000,30.818,30.8379,30.7296,30.8151,6890.0068849905,0
HLAL.US,D,20201112,000000,30.7594,30.8359,30.3964,30.5048,4778.3585402036,0
HLAL.US,D,20201113,000000,30.818,31.015,30.7505,30.9851,21055.145091187,0
HLAL.US,D,20201116,000000,31.3192,31.3391,31.0926,31.2616,23307.569992293,0
HLAL.US,D,20201117,000000,31.2994,31.368,31.1155,31.2387,12258.621414904,0
HLAL.US,D,20201118,000000,31.3093,31.3978,31.0209,31.0209,14279.770544914,0
HLAL.US,D,20201119,000000,30.8578,31.181,30.8578,31.1701,6610.4648660139,0
HLAL.US,D,20201120,000000,31.2497,31.2497,31.012,31.012,19821.339129734,0
HLAL.US,D,20201123,000000,31.2497,31.3093,31.004,31.1145,11521.55558789,0
HLAL.US,D,20201124,000000,31.4565,31.6226,31.2308,31.6127,16898.21449245,0
HLAL.US,D,20201125,000000,31.6415,31.6415,31.5142,31.5341,10941.355066489,0
HLAL.US,D,20201127,000000,31.6713,31.7399,31.5838,31.6216,10940.349519658,0
HLAL.US,D,20201130,000000,31.6713,31.7399,31.3491,31.6435,14516.074050163,0
HLAL.US,D,20201201,000000,31.9757,32.1915,31.9717,32.0542,17071.168547356,0
HLAL.US,D,20201202,000000,32.1517,32.1517,31.8781,32.0571,19693.634682216,0
HLAL.US,D,20201203,000000,32.271,32.271,32.0532,32.086,12106.783843445,0
HLAL.US,D,20201204,000000,32.271,32.4749,32.2312,32.4749,10744.267887643,0
HLAL.US,D,20201207,000000,32.5832,32.6131,32.5037,32.5545,20677.059482788,0
HLAL.US,D,20201208,000000,32.3874,32.7692,32.3874,32.7305,19090.306583705,0
HLAL.US,D,20201209,000000,32.8786,32.8786,32.2849,32.3775,24601.708763598,0
HLAL.US,D,20201210,000000,32.2212,32.5336,32.2212,32.5137,29069.353333069,0
HLAL.US,D,20201211,000000,32.4072,32.4172,32.0532,32.3168,17574.947509612,0
HLAL.US,D,20201214,000000,32.7016,32.7016,32.1775,32.2899,33775.312501451,0
HLAL.US,D,20201215,000000,32.5535,32.7602,32.446,32.7464,28101.011734959,0
HLAL.US,D,20201216,000000,32.7504,32.8488,32.7016,32.8488,19273.316106919,0
HLAL.US,D,20201217,000000,32.9751,33.0198,32.8786,33.0198,6327.9062065448,0
HLAL.US,D,20201218,000000,33.2108,33.2108,32.7305,32.9621,25563.011533892,0
HLAL.US,D,20201221,000000,32.6927,32.8289,32.3148,32.8289,40309.355808321,0
HLAL.US,D,20201222,000000,33.0437,33.0437,32.8488,32.9264,17682.541020514,0
HLAL.US,D,20201223,000000,33.0149,33.0248,32.8488,32.8488,16856.987072385,0
HLAL.US,D,20201224,000000,32.9175,33.0049,32.8637,32.9781,9087.1267103998,0
HLAL.US,D,20201228,000000,33.34,33.34,33.1909,33.1919,12555.257730004,0
HLAL.US,D,20201229,000000,33.4266,33.4266,33.0636,33.0845,18890.202764365,0
HLAL.US,D,20201230,000000,33.2506,33.2904,33.162,33.2098,8491.842986536,0
HLAL.US,D,20201231,000000,33.2804,33.3102,33.1242,33.3102,14326.025699133,0
HLAL.US,D,20210104,000000,33.5748,33.5748,32.6658,32.9611,53688.156392793,0
HLAL.US,D,20210105,000000,32.994,33.4664,32.994,33.357,18086.770846515,0
HLAL.US,D,20210106,000000,33.3102,33.8601,33.1531,33.524,36616.987845437,0
HLAL.US,D,20210107,000000,33.7926,34.1854,33.7727,34.1795,14525.123971642,0
HLAL.US,D,20210108,000000,34.4788,34.4987,34.1257,34.4519,13317.46222779,0
HLAL.US,D,20210111,000000,34.2152,34.4489,33.9885,34.258,28095.984000806,0
HLAL.US,D,20210112,000000,34.4887,34.4887,34.1755,34.439,29372.022929155,0
HLAL.US,D,20210113,000000,34.431,34.5484,34.2639,34.4847,20355.284496915,0
HLAL.US,D,20210114,000000,34.608,34.608,34.3664,34.3803,16638.78341009,0
HLAL.US,D,20210115,000000,34.3614,34.3912,33.9676,34.1068,17559.86430715,0
HLAL.US,D,20210119,000000,34.5086,34.5086,34.2988,34.3763,35410.331648416,0
HLAL.US,D,20210120,000000,34.5215,34.7751,34.5215,34.7611,20251.713173338,0
HLAL.US,D,20210121,000000,34.9511,34.9511,34.6478,34.8527,25449.384742006,0
HLAL.US,D,20210122,000000,34.785,34.8815,34.618,34.8815,21264.298832004,0
HLAL.US,D,20210125,000000,35.0805,35.2057,34.6667,35.0755,29020.081538358,0
HLAL.US,D,20210126,000000,35.3837,35.3837,34.9611,34.971,20577.510346534,0
HLAL.US,D,20210127,000000,34.7462,34.7462,34.0173,34.1058,23419.185690518,0
HLAL.US,D,20210128,000000,34.2152,34.5782,34.1953,34.1953,10653.768672866,0
HLAL.US,D,20210129,000000,34.1655,34.1655,33.3002,33.52,44452.208751426,0
HLAL.US,D,20210201,000000,33.9189,34.0561,33.5748,34.0202,21990.303643879,0
HLAL.US,D,20210202,000000,34.3812,34.5385,34.3276,34.432,29701.842289674,0
HLAL.US,D,20210203,000000,34.5086,34.5086,34.2241,34.2679,23668.561304569,0
HLAL.US,D,20210204,000000,34.4111,34.6279,34.3326,34.6279,19359.793134373,0
HLAL.US,D,20210205,000000,34.8626,34.8626,34.611,34.7165,30907.492939864,0
HLAL.US,D,20210208,000000,34.8149,34.9909,34.8149,34.975,27194.008493533,0
HLAL.US,D,20210209,000000,35.0009,35.0009,34.8815,34.9114,18357.262944014,0
HLAL.US,D,20210210,000000,35.0894,35.0894,34.6966,34.8049,17086.251749819,0
HLAL.US,D,20210211,000000,34.785,34.9611,34.6667,34.9213,8496.8707206903,0
HLAL.US,D,20210212,000000,34.8527,35.1291,34.7442,35.1291,12500.958201139,0
HLAL.US,D,20210216,000000,35.3539,35.3539,34.9114,34.9154,37247.46570838,0
HLAL.US,D,20210217,000000,34.785,34.787,34.5186,34.7741,25110.515460009,0
HLAL.US,D,20210218,000000,34.5782,34.6229,34.2749,34.5285,16410.524279487,0
HLAL.US,D,20210219,000000,34.8238,34.8238,34.4987,34.5434,27437.350826598,0
HLAL.US,D,20210222,000000,34.3614,34.3614,34.0511,34.0511,15959.033752435,0
HLAL.US,D,20210223,000000,33.8314,34.1158,33.1332,33.9786,28300.110007469,0
HLAL.US,D,20210224,000000,33.7627,34.3425,33.713,34.3425,11918.746586076,0
HLAL.US,D,20210225,000000,34.2739,34.2938,33.34,33.4802,17296.411037467,0
HLAL.US,D,20210226,000000,33.6831,33.7329,33.172,33.3659,22180.351994909,0
HLAL.US,D,20210301,000000,33.8115,34.2152,33.7767,34.1387,13373.772850317,0
HLAL.US,D,20210302,000000,34.2938,34.2938,33.8025,33.8025,21078.272668297,0
HLAL.US,D,20210303,000000,33.703,33.7428,33.4167,33.4167,16498.006853771,0
HLAL.US,D,20210304,000000,33.34,33.34,32.2461,32.6509,33322.816427569,0
HLAL.US,D,20210305,000000,33.0437,33.35,32.258,33.2983,25027.055073048,0
HLAL.US,D,20210308,000000,33.4167,33.4753,33.0238,33.0437,16999.774722365,0
HLAL.US,D,20210309,000000,33.3868,33.8552,33.3868,33.6632,10494.892273591,0
HLAL.US,D,20210310,000000,33.8214,33.9786,33.7906,33.7906,7439.0354546351,0
HLAL.US,D,20210311,000000,34.2052,34.3912,34.1357,34.2221,25713.84355852,0
HLAL.US,D,20210312,000000,34.066,34.1854,33.899,34.1755,41942.363861623,0
HLAL.US,D,20210315,000000,34.3027,34.4947,34.1615,34.4947,15936.911722156,0
HLAL.US,D,20210316,000000,34.6667,34.6667,34.426,34.4549,23814.365595043,0
HLAL.US,D,20210317,000000,34.3226,34.5921,34.1854,34.4957,7272.1146807139,0
HLAL.US,D,20210318,000000,34.3226,34.3226,33.882,33.888,9881.508706772,0
HLAL.US,D,20210319,000000,33.9686,34.0461,33.713,33.9288,17444.226421602,0
HLAL.US,D,20210322,000000,34.1257,34.421,34.0859,34.2918,11756.853546309,0
HLAL.US,D,20210323,000000,34.3127,34.3127,33.8502,33.9189,22580.559633588,0
HLAL.US,D,20210324,000000,34.1953,34.1953,33.7249,33.7249,11099.225918932,0
HLAL.US,D,20210325,000000,33.6235,33.9487,33.3997,33.9487,32946.741912831,0
HLAL.US,D,20210326,000000,33.9487,34.6568,33.9487,34.6568,18708.198787982,0
HLAL.US,D,20210329,000000,34.5782,34.6379,34.4101,34.4987,17781.084609937,0
HLAL.US,D,20210330,000000,34.4489,34.5086,34.2629,34.3803,25140.681864935,0
HLAL.US,D,20210331,000000,34.6279,34.8736,34.5484,34.8149,17484.448294836,0
HLAL.US,D,20210401,000000,34.9919,34.9919,34.8437,34.972,24933.539217779,0
HLAL.US,D,20210405,000000,35.2386,35.515,35.2386,35.4603,26849.105930551,0
HLAL.US,D,20210406,000000,35.515,35.5538,35.3857,35.3957,23783.193643286,0
HLAL.US,D,20210407,000000,35.505,35.505,35.2684,35.3121,11453.178403392,0
HLAL.US,D,20210408,000000,35.4851,35.5339,35.4395,35.505,73066.049370121,0
HLAL.US,D,20210409,000000,35.5339,35.7607,35.5239,35.7607,11373.740203755,0
HLAL.US,D,20210412,000000,35.9088,35.9088,35.6582,35.7607,8961.4333565434,0
HLAL.US,D,20210413,000000,35.8094,36.0102,35.7895,36.0102,17411.043376184,0
HLAL.US,D,20210414,000000,36.1545,36.1545,35.8044,35.8491,16378.3467809,0
HLAL.US,D,20210415,000000,36.1256,36.2828,36.0769,36.2539,14392.39178997,0
HLAL.US,D,20210416,000000,36.4508,36.4608,36.2449,36.3812,27246.296928736,0
HLAL.US,D,20210419,000000,36.4011,36.4011,36.0669,36.1644,25340.785684274,0
HLAL.US,D,20210420,000000,36.1744,36.224,35.8193,35.9188,30026.633916039,0
HLAL.US,D,20210421,000000,35.9476,36.3226,35.9476,36.3126,21903.826616426,0
HLAL.US,D,20210422,000000,36.3911,36.3911,35.9088,35.9874,19223.038765377,0
HLAL.US,D,20210423,000000,36.1644,36.4608,36.0072,36.3722,33097.573937459,0
HLAL.US,D,20210426,000000,36.3126,36.4309,36.3126,36.3911,17894.711401823,0
HLAL.US,D,20210427,000000,36.5592,36.5592,36.3126,36.3245,30938.664891621,0
HLAL.US,D,20210428,000000,36.3425,36.3425,36.234,36.234,9422.979351904,0
HLAL.US,D,20210429,000000,36.4309,36.4508,36.0968,36.2927,59574.627540593,0
HLAL.US,D,20210430,000000,36.1356,36.1842,35.9387,35.9675,24516.237282976,0
HLAL.US,D,20210503,000000,36.3027,36.3027,36.1445,36.1545,31366.022294733,0
HLAL.US,D,20210504,000000,36.047,36.047,35.5538,35.8591,41600.477939134,0
HLAL.US,D,20210505,000000,36.1057,36.1644,35.9675,36.0172,38349.545034992,0
HLAL.US,D,20210506,000000,36.0371,36.224,35.7875,36.224,25733.954495137,0
HLAL.US,D,20210507,000000,36.4309,36.5831,36.421,36.5394,23935.031214745,0
HLAL.US,D,20210510,000000,36.6975,36.6975,36.1256,36.1644,22092.869420626,0
HLAL.US,D,20210511,000000,35.683,35.8392,35.4355,35.7806,23828.443250674,0
HLAL.US,D,20210512,000000,35.5936,35.5936,34.9222,34.972,26873.239054491,0
HLAL.US,D,20210513,000000,35.1102,35.4652,35.1102,35.3459,28274.971336697,0
HLAL.US,D,20210514,000000,35.7109,35.8949,35.6442,35.8849,16687.049657971,0
HLAL.US,D,20210517,000000,35.879,35.879,35.5936,35.7507,21151.67758695,0
HLAL.US,D,20210518,000000,35.7806,35.7806,35.4851,35.4851,11934.835335369,0
HLAL.US,D,20210519,000000,35.0904,35.3857,34.9421,35.3857,11787.019951235,0
HLAL.US,D,20210520,000000,35.515,35.879,35.515,35.8094,11156.542088291,0
HLAL.US,D,20210521,000000,36.047,36.047,35.696,35.7706,14144.021722749,0
HLAL.US,D,20210524,000000,35.9476,36.1545,35.868,35.9874,19425.153678378,0
HLAL.US,D,20210525,000000,36.1256,36.1256,35.9038,35.9675,13908.72376433,0
HLAL.US,D,20210526,000000,35.9675,36.0271,35.9088,36.0072,17530.703449055,0
HLAL.US,D,20210527,000000,36.1445,36.1545,35.9576,35.9994,14089.722193883,0
HLAL.US,D,20210528,000000,36.1942,36.1942,36.0172,36.0172,15291.35065675,0
HLAL.US,D,20210601,000000,36.2638,36.2638,35.869,35.8889,17660.418990235,0
HLAL.US,D,20210602,000000,35.9974,35.9974,35.8242,35.879,17385.904705412,0
HLAL.US,D,20210603,000000,35.7895,35.8034,35.5448,35.696,16531.189899189,0
HLAL.US,D,20210604,000000,35.9387,36.1057,35.9387,36.0898,17077.201828341,0
HLAL.US,D,20210607,000000,36.2439,36.2439,35.9775,36.1157,15226.995659576,0
HLAL.US,D,20210608,000000,36.1256,36.1545,35.9576,36.0868,20247.690986014,0
HLAL.US,D,20210609,000000,36.0968,36.1744,36.0669,36.0769,9144.4428797583,0
HLAL.US,D,20210610,000000,36.2439,36.3722,36.1445,36.2828,12610.562805701,0
HLAL.US,D,20210611,000000,36.3722,36.3722,36.234,36.3415,13653.314869294,0
HLAL.US,D,20210614,000000,36.5205,36.5205,36.3524,36.5006,13964.028840026,0
HLAL.US,D,20210615,000000,36.5006,36.5006,36.3722,36.4011,25358.885527229,0
HLAL.US,D,20210616,000000,36.411,36.4757,36.0968,36.2439,12600.507337393,0
HLAL.US,D,20210617,000000,36.2439,36.3494,36.0072,36.2828,13327.517696098,0
HLAL.US,D,20210618,000000,36.1356,36.1356,35.8591,35.8889,14455.741240312,0
HLAL.US,D,20210621,000000,36.0172,36.3425,35.9576,36.2728,13281.262541879,0
HLAL.US,D,20210622,000000,36.3623,36.5394,36.224,36.5105,13698.564476682,0
HLAL.US,D,20210623,000000,36.411,36.6079,36.411,36.4906,11418.989811143,0
HLAL.US,D,20210624,000000,36.6875,36.7859,36.6875,36.7272,14242.565312173,0
HLAL.US,D,20210625,000000,36.9142,36.9142,36.8347,36.8347,12183.205402589,0
HLAL.US,D,20210628,000000,37.0028,37.0525,36.9242,37.0525,8600.4420442679,0
HLAL.US,D,20210629,000000,37.1917,37.1917,37.0724,37.1619,18835.9032355,0
HLAL.US,D,20210630,000000,37.1818,37.2216,37.143,37.2216,8899.0894530306,0
HLAL.US,D,20210701,000000,37.3389,37.3389,37.2017,37.309,30625.939827226,0
HLAL.US,D,20210702,000000,37.5368,37.6064,37.4374,37.6064,17140.551278684,0
HLAL.US,D,20210706,000000,37.7337,37.7337,37.2931,37.497,24775.668365336,0
HLAL.US,D,20210707,000000,37.7049,37.7049,37.3996,37.675,15457.265883841,0
HLAL.US,D,20210708,000000,37.2494,37.4572,37.0823,37.3876,15821.273836609,0
HLAL.US,D,20210709,000000,37.3976,37.7536,37.3976,37.7437,27425.284264628,0
HLAL.US,D,20210712,000000,37.666,37.8719,37.666,37.862,21729.867014688,0
HLAL.US,D,20210713,000000,37.862,37.8918,37.675,37.685,25649.488561345,0
HLAL.US,D,20210714,000000,37.862,37.9316,37.7437,37.7437,29685.753540381,0
HLAL.US,D,20210715,000000,37.8321,37.8321,37.4374,37.5865,16639.788956921,0
HLAL.US,D,20210716,000000,37.7735,37.7735,37.309,37.309,28397.648050061,0
HLAL.US,D,20210719,000000,36.9142,36.9142,36.5482,36.7859,37651.695534382,0
HLAL.US,D,20210720,000000,36.776,37.4671,36.776,37.4075,13469.299799249,0
HLAL.US,D,20210721,000000,37.4374,37.6164,37.4374,37.6164,32360.508110445,0
HLAL.US,D,20210722,000000,37.685,37.7536,37.5368,37.7536,20504.105427881,0
HLAL.US,D,20210723,000000,37.7536,38.0708,37.7437,38.0708,22267.834569193,0
HLAL.US,D,20210726,000000,38.0708,38.1395,38.044,38.1196,21599.145926678,0
HLAL.US,D,20210727,000000,38.041,38.1196,37.6362,37.9217,37958.387317791,0
HLAL.US,D,20210728,000000,37.9615,37.9814,37.7735,37.9217,23415.163503194,0
HLAL.US,D,20210729,000000,38.0808,38.2707,38.0808,38.217,16321.030611541,0
HLAL.US,D,20210730,000000,38.0858,38.3165,38.0858,38.2866,18525.189264767,0
HLAL.US,D,20210802,000000,38.5342,38.5442,38.2767,38.3264,9935.8082356379,0
HLAL.US,D,20210803,000000,38.406,38.6715,38.3056,38.6715,24409.649318907,0
HLAL.US,D,20210804,000000,38.6626,38.7014,38.5055,38.5442,12687.989911677,0
HLAL.US,D,20210805,000000,38.6327,38.6327,38.5254,38.5939,18302.963415149,0
HLAL.US,D,20210806,000000,38.7311,38.7311,38.5342,38.5939,22189.401916387,0
HLAL.US,D,20210809,000000,38.6427,38.6427,38.4945,38.5254,18483.961844702,0
HLAL.US,D,20210810,000000,38.6128,38.6128,38.4756,38.5154,11715.626126244,0
HLAL.US,D,20210811,000000,38.6914,38.6914,38.4955,38.6427,10895.09991227,0
HLAL.US,D,20210812,000000,38.6715,38.8704,38.5541,38.8704,11431.056373113,0
HLAL.US,D,20210813,000000,38.94,38.9887,38.8704,38.9887,17825.328670494,0
HLAL.US,D,20210816,000000,38.9788,39.1071,38.6765,39.1071,25193.97584697,0
HLAL.US,D,20210817,000000,38.9589,38.9688,38.6327,38.8704,26499.175633415,0
HLAL.US,D,20210818,000000,38.8505,38.8902,38.3264,38.3562,15160.629568739,0
HLAL.US,D,20210819,000000,38.1395,38.5055,38.1395,38.4259,18066.659909898,0
HLAL.US,D,20210820,000000,38.4856,38.6526,38.4756,38.6128,17783.095703599,0
HLAL.US,D,20210823,000000,38.8505,39.0256,38.7709,38.9579,22484.027137827,0
HLAL.US,D,20210824,000000,39.0772,39.0772,38.9788,39.0474,23946.092229884,0
HLAL.US,D,20210825,000000,39.117,39.117,38.9708,39.0673,12194.266417729,0
HLAL.US,D,20210826,000000,39.0086,39.0086,38.7809,38.8306,11584.905038234,0
HLAL.US,D,20210827,000000,38.94,39.117,38.8306,39.0574,22647.931271256,0
HLAL.US,D,20210830,000000,39.2056,39.4332,39.2056,39.3935,28641.995929958,0
HLAL.US,D,20210831,000000,39.4234,39.4234,39.1618,39.1757,19300.465871353,0
HLAL.US,D,20210901,000000,39.3547,39.3746,39.2454,39.295,25572.06145537,0
HLAL.US,D,20210902,000000,39.4035,39.5118,39.3726,39.482,43748.325969831,0
HLAL.US,D,20210903,000000,39.5417,39.5417,39.3746,39.4432,15548.770645448,0
HLAL.US,D,20210907,000000,39.5715,39.5715,39.2851,39.3647,35480.719926575,0
HLAL.US,D,20210908,000000,39.4035,39.4035,39.0782,39.2255,17291.383303312,0
HLAL.US,D,20210909,000000,39.2354,39.3,39.0037,39.0186,21776.122168907,0
HLAL.US,D,20210910,000000,39.2454,39.295,38.6128,38.6128,11916.735492414,0
HLAL.US,D,20210913,000000,38.7908,38.7908,38.4348,38.6327,28150.283529672,0
HLAL.US,D,20210914,000000,38.8406,38.8406,38.3662,38.4358,10800.57851017,0
HLAL.US,D,20210915,000000,38.406,38.8107,38.406,38.8107,12304.876569122,0
HLAL.US,D,20210916,000000,38.7709,38.7709,38.4259,38.7411,25822.442616252,0
HLAL.US,D,20210917,000000,38.7411,38.7411,38.2767,38.3463,16021.377655948,0
HLAL.US,D,20210920,000000,37.8819,37.9296,37.3289,37.7337,27477.572699832,0
HLAL.US,D,20210921,000000,38.0012,38.031,37.685,37.7924,17804.212187046,0
HLAL.US,D,20210922,000000,38.0012,38.2667,37.862,38.0808,42741.773592149,0
HLAL.US,D,20210923,000000,38.3562,38.6158,38.3562,38.5442,14098.772115361,0
HLAL.US,D,20210924,000000,38.3662,38.6039,38.3662,38.6039,9403.8739621178,0
HLAL.US,D,20210927,000000,38.584,38.584,38.396,38.4259,11532.616603029,0
HLAL.US,D,20210928,000000,38.207,38.207,37.7128,37.7526,26732.462498172,0
HLAL.US,D,20210929,000000,37.7526,37.9605,37.7526,37.7725,34993.029713612,0
HLAL.US,D,20210930,000000,37.9804,38.04,37.3468,37.3468,16971.619411102,0
HLAL.US,D,20211001,000000,37.5945,37.6929,37.0794,37.6541,26293.03853309,0
HLAL.US,D,20211004,000000,37.5547,37.6442,37.1241,37.2574,25552.956065584,0
HLAL.US,D,20211005,000000,37.4651,37.7218,37.4155,37.5249,14700.089120209,0
HLAL.US,D,20211006,000000,37.317,37.6243,37.0197,37.5945,36918.651894692,0
HLAL.US,D,20211007,000000,37.9804,38.1682,37.9107,37.9306,13975.089855166,0
HLAL.US,D,20211008,000000,38.1186,38.1186,37.7725,37.8212,16255.670067536,0
HLAL.US,D,20211011,000000,37.8411,38.0798,37.6243,37.6252,14305.914762516,0
HLAL.US,D,20211012,000000,37.8411,37.8411,37.5348,37.5348,8106.7185503201,0
HLAL.US,D,20211013,000000,37.5249,37.6929,37.4552,37.6442,22334.20066003,0
HLAL.US,D,20211014,000000,38.0599,38.3552,38.0579,38.3542,18621.721760528,0
HLAL.US,D,20211015,000000,38.5939,38.6248,38.4766,38.5641,12377.275940944,0
HLAL.US,D,20211018,000000,38.5641,38.7024,38.406,38.7024,20496.061053235,0
HLAL.US,D,20211019,000000,38.9798,39.117,38.8217,39.0782,30018.589541393,0
HLAL.US,D,20211020,000000,39.2175,39.3468,39.1478,39.3468,28834.055374651,0
HLAL.US,D,20211021,000000,39.3766,39.4352,39.2572,39.4352,10303.838375729,0
HLAL.US,D,20211022,000000,39.5039,39.5934,39.3458,39.469,19127.511816446,0
HLAL.US,D,20211025,000000,39.4939,39.8698,39.4939,39.8211,13109.314033803,0
HLAL.US,D,20211026,000000,40.0389,40.1384,39.9186,39.9544,11103.248106256,0
HLAL.US,D,20211027,000000,39.9891,39.9891,39.6431,39.6928,24343.28322807,0
HLAL.US,D,20211028,000000,39.6928,40.1285,39.6928,40.1285,16006.294453485,0
HLAL.US,D,20211029,000000,39.7824,40.2179,39.7824,40.1881,12889.099277847,0
HLAL.US,D,20211101,000000,40.4148,40.4646,40.2468,40.4447,17929.905540903,0
HLAL.US,D,20211102,000000,40.5044,40.741,40.4049,40.6635,26993.904674193,0
HLAL.US,D,20211103,000000,40.6824,40.8604,40.5719,40.8405,14534.17389312,0
HLAL.US,D,20211104,000000,41.1766,41.1766,41.0026,41.099,14890.13747124,0
HLAL.US,D,20211105,000000,41.3258,41.3258,41.0384,41.1567,20131.047553635,0
HLAL.US,D,20211108,000000,41.2065,41.2065,41.0692,41.1169,25199.003581124,0
HLAL.US,D,20211109,000000,41.0791,41.109,40.7509,40.8166,33081.485188164,0
HLAL.US,D,20211110,000000,40.7808,40.92,40.4347,40.6535,21588.084911538,0
HLAL.US,D,20211111,000000,40.93,40.93,40.6107,40.6436,18605.633011235,0
HLAL.US,D,20211112,000000,40.7907,40.8604,40.5849,40.8305,15876.578912305,0
HLAL.US,D,20211115,000000,40.9499,40.9499,40.7121,40.8007,22778.652359266,0
HLAL.US,D,20211116,000000,40.7111,41.2462,40.7111,41.1468,27366.962548438,0
HLAL.US,D,20211117,000000,41.1169,41.3755,41.1169,41.2462,18480.945204209,0
HLAL.US,D,20211118,000000,41.3158,41.3556,41.0096,41.3258,38531.549011376,0
HLAL.US,D,20211119,000000,41.4351,41.4849,41.3457,41.4132,13460.24987777,0
HLAL.US,D,20211122,000000,41.642,41.9881,41.4054,41.4054,15245.095502531,0
HLAL.US,D,20211123,000000,41.4849,41.5525,41.0295,41.3755,29361.967460847,0
HLAL.US,D,20211124,000000,41.2264,41.3755,41.0494,41.3357,17166.695496287,0
HLAL.US,D,20211126,000000,40.9698,40.9698,40.5839,40.6635,25011.971870586,0
HLAL.US,D,20211129,000000,41.109,41.3357,40.9101,41.2065,26584.647114036,0
HLAL.US,D,20211130,000000,41.0195,41.0692,40.5441,40.7509,37219.310397116,0
HLAL.US,D,20211201,000000,41.1567,41.4262,40.2955,40.2955,16459.796074199,0
HLAL.US,D,20211202,000000,40.1285,40.7708,40.0887,40.6167,27349.868252314,0
HLAL.US,D,20211203,000000,40.8405,40.93,39.9096,40.3154,30120.149771309,0
HLAL.US,D,20211206,000000,40.6535,40.8703,40.3551,40.7211,22667.036661042,0
HLAL.US,D,20211207,000000,41.3954,41.7276,41.3954,41.6519,10306.855016222,0
HLAL.US,D,20211208,000000,41.7812,41.9305,41.5972,41.9006,22491.065965642,0
HLAL.US,D,20211209,000000,41.8409,41.8708,41.5625,41.5625,23338.74194405,0
HLAL.US,D,20211210,000000,41.7912,41.9592,41.6579,41.9592,9471.2455997848,0
HLAL.US,D,20211213,000000,42.1671,42.1671,41.6718,41.6718,15249.117689855,0
HLAL.US,D,20211214,000000,41.4451,41.5336,41.0791,41.3158,7730.6440355819,0
HLAL.US,D,20211215,000000,41.2661,42.0378,41.1866,42.0179,11925.785413892,0
HLAL.US,D,20211216,000000,42.187,42.187,41.4162,41.5724,15992.216797853,0
HLAL.US,D,20211217,000000,41.3954,41.5724,41.0494,41.1866,25297.547170547,0
HLAL.US,D,20211220,000000,40.7609,40.7808,40.4248,40.7808,27324.729581543,0
HLAL.US,D,20211221,000000,41.0394,41.4451,40.7907,41.4451,16991.730347719,0
HLAL.US,D,20211222,000000,41.5147,41.9692,41.4938,41.9692,14822.765833574,0
HLAL.US,D,20211223,000000,42.1969,42.3749,42.1601,42.3064,12004.218066698,0
HLAL.US,D,20211227,000000,42.5131,43.0482,42.5131,43.0482,24088.879879864,0
HLAL.US,D,20211228,000000,43.2064,43.2064,42.8841,42.9189,17872.589371545,0
HLAL.US,D,20211229,000000,43.0681,43.1278,42.9537,43.088,20375.395433532,0
HLAL.US,D,20211230,000000,43.1676,43.2064,42.9687,42.9687,37509.913431232,0
HLAL.US,D,20211231,000000,42.8592,43.0184,42.8494,42.8494,10965.48819043,0
HLAL.US,D,20220103,000000,43.1278,43.2759,42.8494,43.2759,35475.69219242,0
HLAL.US,D,20220104,000000,43.4549,43.4599,42.8494,43.0184,55042.627973948,0
HLAL.US,D,20220105,000000,43.088,43.1178,42.2447,42.2447,45021.348257689,0
HLAL.US,D,20220106,000000,42.1352,42.3242,41.8678,42.0557,36925.690722508,0
HLAL.US,D,20220107,000000,42.0856,42.1651,41.6689,41.7882,423630.84655651,0
HLAL.US,D,20220110,000000,41.5207,41.8877,41.0841,41.8877,39295.764602823,0
HLAL.US,D,20220111,000000,41.8877,42.3441,41.6529,42.3441,41607.516766949,0
HLAL.US,D,20220112,000000,42.5122,42.6216,42.3341,42.4724,21121.511182024,0
HLAL.US,D,20220113,000000,42.6216,42.6216,41.7385,41.8081,22362.355971294,0
HLAL.US,D,20220114,000000,41.5695,41.9076,41.5108,41.9076,22496.093699797,0
HLAL.US,D,20220118,000000,41.5297,41.5297,41.104,41.1726,30535.44061245,0
HLAL.US,D,20220119,000000,41.3218,41.5108,40.7062,40.7291,37464.663823843,0
HLAL.US,D,20220120,000000,40.8961,41.3118,40.2995,40.2995,44079.150877181,0
HLAL.US,D,20220121,000000,40.3094,40.4387,39.6699,39.7048,43954.463070156,0
HLAL.US,D,20220124,000000,39.0692,39.8042,38.1375,39.7346,77020.865055857,0
HLAL.US,D,20220125,000000,39.3179,39.7645,38.7321,39.3179,36925.690722508,0
HLAL.US,D,20220126,000000,39.9226,40.1811,38.8217,39.2085,40641.186262501,0
HLAL.US,D,20220127,000000,39.5954,39.8281,38.7918,38.8814,59908.469088436,0
HLAL.US,D,20220128,000000,38.9907,39.844,38.6128,39.8141,36131.308726135,0
HLAL.US,D,20220131,000000,39.844,40.7062,39.7645,40.6962,30324.275777971,0
HLAL.US,D,20220201,000000,40.7758,41.0344,40.5182,41.0046,20334.168013468,0
HLAL.US,D,20220202,000000,41.0444,41.3417,40.9091,41.3118,20863.085646495,0
HLAL.US,D,20220203,000000,40.9449,41.104,40.6177,40.6774,15247.106596193,0
HLAL.US,D,20220204,000000,40.4885,40.923,40.2507,40.6376,24819.912425894,0
HLAL.US,D,20220207,000000,40.736,40.8057,40.4089,40.4984,29849.65767381,0
HLAL.US,D,20220208,000000,40.4785,40.8554,40.2796,40.8156,26037.629638054,0
HLAL.US,D,20220209,000000,41.1726,41.4014,41.1627,41.3914,34735.609724915,0
HLAL.US,D,20220210,000000,40.8554,41.3208,40.4984,40.6078,23268.35366589,0
HLAL.US,D,20220211,000000,40.6078,40.6774,39.7446,39.7942,27364.951454777,0
HLAL.US,D,20220214,000000,39.6948,39.8042,39.3577,39.6152,36698.437138735,0
HLAL.US,D,20220215,000000,39.9524,40.3591,39.9524,40.3591,60154.828061995,0
HLAL.US,D,20220216,000000,40.2209,40.5084,39.9822,40.3989,25240.231001189,0
HLAL.US,D,20220217,000000,40.191,40.191,39.5258,39.5656,28138.216967702,0
HLAL.US,D,20220218,000000,39.6351,39.6351,39.0494,39.2185,18537.255826737,0
HLAL.US,D,20220222,000000,39.0991,39.303,38.3751,38.7321,88392.594165951,0
HLAL.US,D,20220223,000000,38.9907,39.0007,38.0181,38.0479,30898.443018387,0
HLAL.US,D,20220224,000000,37.1051,38.6228,36.9958,38.574,53149.183291456,0
HLAL.US,D,20220225,000000,38.7719,39.486,38.6228,39.4661,21118.494541531,0
HLAL.US,D,20220228,000000,39.0395,39.6054,39.0295,39.5357,30297.126013538,0
HLAL.US,D,20220301,000000,39.5258,39.5626,38.7719,39.0106,23173.83226379,0
HLAL.US,D,20220302,000000,39.3278,39.9722,39.2681,39.8042,34690.360117526,0
HLAL.US,D,20220303,000000,39.9425,40.0319,39.4959,39.6152,10191.217130675,0
HLAL.US,D,20220304,000000,39.4274,39.472,39.0494,39.4274,22337.217300523,0
HLAL.US,D,20220307,000000,39.4561,39.4561,38.5144,38.5541,20993.806734505,0
HLAL.US,D,20220308,000000,38.5244,38.9907,38.226,38.3006,22108.958169919,0
HLAL.US,D,20220309,000000,38.9609,39.2482,38.7321,39.0991,27043.176468905,0
HLAL.US,D,20220310,000000,38.6924,38.7918,38.4109,38.752,11953.940725156,0
HLAL.US,D,20220311,000000,38.9609,38.9609,38.1961,38.1961,10484.836805282,0
HLAL.US,D,20220314,000000,38.1672,38.3592,37.6114,37.7307,21114.472354207,0
HLAL.US,D,20220315,000000,37.8391,38.4249,37.681,38.3652,17610.141648692,0
HLAL.US,D,20220316,000000,38.7918,39.1986,38.6785,39.1986,26252.816659856,0
HLAL.US,D,20220317,000000,39.1588,39.7048,39.1588,39.7048,10268.64423665,0
HLAL.US,D,20220318,000000,39.7446,40.3293,39.6054,40.3293,18211.458653541,0
HLAL.US,D,20220321,000000,40.3691,40.6744,40.1552,40.4536,17401.993454706,0
HLAL.US,D,20220322,000000,40.5292,40.9648,40.5292,40.915,16730.288171697,0
HLAL.US,D,20220323,000000,40.8156,40.9648,40.5381,40.568,10120.828852514,0
HLAL.US,D,20220324,000000,40.9051,41.1925,40.8256,41.1925,12951.44318136,0
HLAL.US,D,20220325,000000,41.2521,41.3964,41.0692,41.3815,16508.062322079,0
HLAL.US,D,20220328,000000,41.3516,41.7385,41.2402,41.7385,29183.985671787,0
HLAL.US,D,20220329,000000,42.0667,42.2755,41.818,42.256,30003.50633893,0
HLAL.US,D,20220330,000000,42.2556,42.2556,41.8777,42.0269,12595.479603238,0
HLAL.US,D,20220331,000000,41.997,42.0232,41.3556,41.3556,50992.285339281,0
HLAL.US,D,20220401,000000,41.4998,41.4998,41.0625,41.4004,17427.132125477,0
HLAL.US,D,20220404,000000,41.4998,41.828,41.4004,41.828,15715.691419369,0
HLAL.US,D,20220405,000000,41.6987,41.8578,41.0721,41.1318,15838.368132733,0
HLAL.US,D,20220406,000000,40.8832,41.0522,40.5627,40.8732,28867.238420068,0
HLAL.US,D,20220407,000000,40.8732,41.4104,40.753,41.3407,17780.079063106,0
HLAL.US,D,20220408,000000,41.1816,41.3299,40.9329,41.0821,9951.8969849316,0
HLAL.US,D,20220411,000000,40.8136,40.8136,40.2766,40.2766,15229.006753238,0
HLAL.US,D,20220412,000000,40.5749,40.8931,40.1871,40.1871,17790.134531415,0
HLAL.US,D,20220413,000000,40.2766,40.8534,40.2766,40.8534,11278.213254824,0
HLAL.US,D,20220414,000000,40.8136,40.8534,40.1771,40.1871,10646.729845049,0
HLAL.US,D,20220418,000000,40.1175,40.3462,39.9882,40.2368,16791.626528379,0
HLAL.US,D,20220419,000000,40.2169,40.8435,40.2169,40.8435,14590.484515647,0
HLAL.US,D,20220420,000000,41.0225,41.0822,40.8236,40.9429,15899.706489415,0
HLAL.US,D,20220421,000000,41.3805,41.4859,40.3561,40.4855,19439.23133401,0
HLAL.US,D,20220422,000000,40.386,40.386,39.3219,39.3219,32179.509680891,0
HLAL.US,D,20220425,000000,39.0534,39.4909,38.6528,39.471,35927.182719472,0
HLAL.US,D,20220426,000000,39.3617,39.3617,38.2976,38.3374,19163.711502357,0
HLAL.US,D,20220427,000000,38.3671,38.8147,38.2876,38.3374,26828.994993933,0
HLAL.US,D,20220428,000000,38.8844,39.5158,38.4169,39.3661,22756.530328987,0
HLAL.US,D,20220429,000000,39.2522,39.4511,38.1881,38.2876,43098.742717101,0
HLAL.US,D,20220502,000000,38.1682,38.4268,37.5918,38.4069,22734.408298708,0
HLAL.US,D,20220503,000000,38.4766,38.7849,38.3485,38.6755,16275.781004153,0
HLAL.US,D,20220504,000000,38.7948,39.9385,38.4816,39.9286,21817.349588972,0
HLAL.US,D,20220505,000000,39.5805,39.5805,38.118,38.5164,17518.636887085,0
HLAL.US,D,20220506,000000,38.3572,38.5958,37.7904,38.397,27036.137641088,0
HLAL.US,D,20220509,000000,37.7606,37.7606,36.7959,36.8556,41965.491438733,0
HLAL.US,D,20220510,000000,37.5119,37.5517,36.7715,37.1015,26710.340467893,0
HLAL.US,D,20220511,000000,37.0346,37.5318,36.2788,36.3782,22242.695898422,0
HLAL.US,D,20220512,000000,36.0003,36.6467,35.702,36.3484,21514.679992886,0
HLAL.US,D,20220513,000000,36.8954,37.4472,36.7959,37.3329,26208.572599299,0
HLAL.US,D,20220516,000000,37.2236,37.5119,37.0557,37.2136,19507.608518508,0
HLAL.US,D,20220517,000000,37.7805,37.9879,37.6015,37.9694,19635.312966026,0
HLAL.US,D,20220518,000000,37.7108,37.7108,36.3385,36.5274,25099.45444487,0
HLAL.US,D,20220519,000000,36.1694,36.597,36.1396,36.1794,37675.828658322,0
HLAL.US,D,20220520,000000,36.6467,36.6467,35.4996,36.2688,36890.496583427,0
HLAL.US,D,20220523,000000,36.5374,36.945,36.5374,36.9152,15977.13359539,0
HLAL.US,D,20220524,000000,36.4777,36.6965,36.0898,36.6368,17866.556090559,0
HLAL.US,D,20220525,000000,36.4578,37.0147,36.4578,36.8357,9864.4144106475,0
HLAL.US,D,20220526,000000,36.8357,37.7407,36.8357,37.6511,8263.5838559329,0
HLAL.US,D,20220527,000000,37.9296,38.6755,37.9296,38.6755,10586.397035198,0
HLAL.US,D,20220531,000000,38.5959,38.6462,38.1484,38.3671,18176.264514461,0
HLAL.US,D,20220601,000000,38.5065,38.5164,37.8658,38.1086,10019.268622599,0
HLAL.US,D,20220602,000000,38.1186,38.8446,37.9783,38.8446,10016.251982106,0
HLAL.US,D,20220603,000000,38.3075,38.4617,38.0622,38.0987,5392.7476538535,0
HLAL.US,D,20220606,000000,38.576,38.576,38.1136,38.218,8637.6472770094,0
HLAL.US,D,20220607,000000,37.9794,38.7499,37.9794,38.7054,8618.5418872232,0
HLAL.US,D,20220608,000000,38.6457,38.755,38.3324,38.387,18180.286701785,0
HLAL.US,D,20220609,000000,38.2478,38.387,37.4821,37.492,9447.1124758444,0
HLAL.US,D,20220610,000000,36.945,36.945,36.4379,36.4876,13329.528789759,0
HLAL.US,D,20220613,000000,35.5229,35.5737,34.9064,34.9859,16358.235844283,0
HLAL.US,D,20220614,000000,35.2545,35.2744,34.6379,34.9859,24234.684170338,0
HLAL.US,D,20220615,000000,35.2644,35.5926,34.8865,35.2744,29398.167146757,0
HLAL.US,D,20220616,000000,34.5484,34.5484,33.7777,34.0809,26945.638426312,0
HLAL.US,D,20220617,000000,33.9417,34.3495,33.7228,33.8522,24357.360883702,0
HLAL.US,D,20220621,000000,34.4688,34.9859,34.4688,34.8169,16791.626528379,0
HLAL.US,D,20220622,000000,34.4191,35.0655,34.4191,34.7373,30677.2227156,0
HLAL.US,D,20220623,000000,34.9114,35.1251,34.5583,35.0158,21466.413745005,0
HLAL.US,D,20220624,000000,35.4036,36.1794,35.4036,36.1794,71741.744193889,0
HLAL.US,D,20220627,000000,36.2887,36.2987,35.9506,36.0898,18774.564878818,0
HLAL.US,D,20220628,000000,36.2192,36.2192,35.2739,35.2739,8278.1245231223,0
HLAL.US,D,20220629,000000,35.3236,35.4331,35.1644,35.2838,5315.4061676331,0
HLAL.US,D,20220630,000000,34.9057,35.2169,34.5781,34.9754,15143.229369237,0
HLAL.US,D,20220701,000000,34.8958,35.2142,34.657,35.2142,17980.323642489,0
HLAL.US,D,20220705,000000,34.7863,35.3137,34.5575,35.3137,16630.618502929,0
HLAL.US,D,20220706,000000,35.3137,35.5823,35.1384,35.4236,15568.341263529,0
HLAL.US,D,20220707,000000,35.5823,36.1196,35.5823,36.0401,11044.869310321,0
HLAL.US,D,20220708,000000,35.9207,36.1851,35.8627,36.05,21875.675184509,0
HLAL.US,D,20220711,000000,35.8311,35.8568,35.5425,35.5757,5064.1580031581,0
HLAL.US,D,20220712,000000,35.3236,35.5414,35.0848,35.2142,4669.1958886034,0
HLAL.US,D,20220713,000000,34.6669,35.2241,34.657,35.0152,8304.2543322277,0
HLAL.US,D,20220714,000000,34.4888,35.0948,34.3594,35.0948,9088.1486053897,0
HLAL.US,D,20220715,000000,35.4828,35.6719,35.443,35.6719,15138.204405948,0
HLAL.US,D,20220718,000000,35.9704,36.0202,35.3336,35.3535,7968.5867844891,0
HLAL.US,D,20220719,000000,35.7515,36.2197,35.6023,36.2197,16549.214097639,0
HLAL.US,D,20220720,000000,36.2192,36.6172,36.1985,36.5774,4658.1409693665,0
HLAL.US,D,20220721,000000,36.5873,37.0749,36.3784,37.0749,8304.2543322277,0
HLAL.US,D,20220722,000000,37.0948,37.0948,36.5276,36.7266,9310.2519827856,0
HLAL.US,D,20220725,000000,36.7366,36.7366,36.5177,36.657,9846.9180621042,0
HLAL.US,D,20220726,000000,36.6072,36.6072,36.1793,36.3187,11256.922761138,0
HLAL.US,D,20220727,000000,36.7565,37.4033,36.7565,37.3635,13655.840235545,0
HLAL.US,D,20220728,000000,37.4729,37.8629,37.0711,37.8112,11826.753598167,0
HLAL.US,D,20220729,000000,37.9804,38.4381,37.9804,38.3883,26324.777681033,0
HLAL.US,D,20220801,000000,38.0799,38.4679,38.07,38.2391,21787.235830614,0
HLAL.US,D,20220802,000000,38.0998,38.4082,37.8709,38.0401,14761.332159235,0
HLAL.US,D,20220803,000000,38.259,38.6868,38.1595,38.6101,28967.90837131,0
HLAL.US,D,20220804,000000,38.657,38.657,38.4082,38.5873,13140.279002042,0
HLAL.US,D,20220805,000000,38.1197,38.5426,38.1197,38.448,8953.4795892311,0
HLAL.US,D,20220808,000000,38.5873,38.8871,38.4182,38.4182,16608.508664455,0
HLAL.US,D,20220809,000000,38.3087,38.4072,38.1726,38.2291,19555.147137418,0
HLAL.US,D,20220810,000000,38.9456,39.1048,38.7795,39.0948,19235.559472206,0
HLAL.US,D,20220811,000000,39.3436,39.463,39.0252,39.0749,32113.535390537,0
HLAL.US,D,20220812,000000,39.264,39.6819,39.1446,39.6719,18345.135977307,0
HLAL.US,D,20220815,000000,39.5625,39.9207,39.5034,39.9008,26886.568576799,0
HLAL.US,D,20220816,000000,39.8112,39.9804,39.6471,39.8411,30513.58707916,0
HLAL.US,D,20220817,000000,39.5525,39.9008,39.4926,39.6918,51001.367403109,0
HLAL.US,D,20220818,000000,39.6918,39.8213,39.6222,39.7913,15713.060206266,0
HLAL.US,D,20220819,000000,39.5326,39.5923,39.2444,39.2839,23415.323936412,0
HLAL.US,D,20220822,000000,38.856,38.856,38.3983,38.5077,27635.288106934,0
HLAL.US,D,20220823,000000,38.4082,38.7264,38.4082,38.458,38607.797945886,0
HLAL.US,D,20220824,000000,38.4841,38.6205,38.4082,38.5674,14325.165345707,0
HLAL.US,D,20220825,000000,38.735,39.065,38.6072,39.065,30739.710427187,0
HLAL.US,D,20220826,000000,39.0849,39.0849,37.7515,37.7814,27885.531278751,0
HLAL.US,D,20220829,000000,37.4331,37.662,37.3137,37.4281,35604.879884081,0
HLAL.US,D,20220830,000000,37.5426,37.5426,36.8162,36.9425,18360.210867175,0
HLAL.US,D,20220831,000000,37.055,37.1645,36.6968,36.6968,14164.366520443,0
HLAL.US,D,20220901,000000,36.3883,36.7465,36.1445,36.7465,27178.01644759,0
HLAL.US,D,20220902,000000,37.045,37.1744,36.2391,36.2988,32578.846991144,0
HLAL.US,D,20220906,000000,36.448,36.448,35.9704,36.1893,37850.03348183,0
HLAL.US,D,20220907,000000,36.1885,36.7366,36.1296,36.6371,21162.1303974,0
HLAL.US,D,20220908,000000,36.4978,36.9754,36.4978,36.9754,16129.127166637,0
HLAL.US,D,20220909,000000,37.264,37.7217,37.264,37.6705,14298.030543943,0
HLAL.US,D,20220912,000000,37.9505,38.2192,37.9505,38.1993,27727.747431461,0
HLAL.US,D,20220913,000000,37.3535,37.4033,36.4506,36.4679,16120.082232716,0
HLAL.US,D,20220914,000000,36.647,36.9352,36.4545,36.7366,19355.153598496,0
HLAL.US,D,20220915,000000,36.5376,36.6769,36.0998,36.1794,17171.304552879,0
HLAL.US,D,20220916,000000,35.8212,35.851,35.4978,35.7714,21347.049046454,0
HLAL.US,D,20220919,000000,35.4828,36.0898,35.4828,36.0898,33444.145669596,0
HLAL.US,D,20220920,000000,35.7814,35.8519,35.5823,35.7714,10934.320117952,0
HLAL.US,D,20220921,000000,35.9406,36.1794,35.1843,35.2328,25353.954773501,0
HLAL.US,D,20220922,000000,35.1445,35.2341,34.9256,35.0052,11710.174449851,0
HLAL.US,D,20220923,000000,34.6072,34.6072,33.9825,34.2988,31105.527754663,0
HLAL.US,D,20220926,000000,34.1794,34.6172,33.9803,34.0699,27910.656095199,0
HLAL.US,D,20220927,000000,34.5376,34.657,33.8908,34.05,27091.58707901,0
HLAL.US,D,20220928,000000,34.11,34.83,33.94,34.63,46754,0
HLAL.US,D,20220929,000000,34.31,34.31,33.64,33.85,24006,0
HLAL.US,D,20220930,000000,33.81,34.17,33.37,33.44,19228,0
HLAL.US,D,20221003,000000,33.71,34.26,33.6799,34.21,27274,0
HLAL.US,D,20221004,000000,34.81,35.25,34.81,35.25,24623,0
HLAL.US,D,20221005,000000,34.9,35.43,34.6875,35.31,10136,0
HLAL.US,D,20221006,000000,35.1,35.2,34.99,35.0321,13037,0
HLAL.US,D,20221007,000000,34.61,34.61,33.84,33.93,13307,0
HLAL.US,D,20221010,000000,34.01,34.01,33.42,33.64,24822,0
HLAL.US,D,20221011,000000,33.41,33.76,33.22,33.28,57948,0
HLAL.US,D,20221012,000000,33.35,33.41,33.1945,33.24,23349,0
HLAL.US,D,20221013,000000,32.55,34.24,32.55,34.12,49031,0
HLAL.US,D,20221014,000000,34.39,34.39,33.26,33.33,18917,0
HLAL.US,D,20221017,000000,33.95,34.22,33.93,34.15,29200,0
HLAL.US,D,20221018,000000,34.9,34.9,34.21,34.47,59601,0
HLAL.US,D,20221019,000000,34.31,34.44,34.0927,34.36,16564,0
HLAL.US,D,20221020,000000,34.28,34.67,34.03,34.07,21323,0
HLAL.US,D,20221021,000000,34.05,34.975,34.05,34.93,42361,0
HLAL.US,D,20221024,000000,35.03,35.4,34.8586,35.32,34979,0
HLAL.US,D,20221025,000000,35.4,35.92,35.4,35.89,55610,0
HLAL.US,D,20221026,000000,35.41,36.04,35.41,35.55,16494,0
HLAL.US,D,20221027,000000,35.55,35.55,35.05,35.07,12556,0
HLAL.US,D,20221028,000000,35.33,36.14,35.33,36.12,37054,0
HLAL.US,D,20221031,000000,35.88,36.03,35.83,35.88,52226,0
HLAL.US,D,20221101,000000,36.25,36.25,35.6207,35.77,14991,0
HLAL.US,D,20221102,000000,35.71,35.9493,34.77,34.78,68613,0
HLAL.US,D,20221103,000000,34.43,34.6661,34.32,34.43,17955,0
HLAL.US,D,20221104,000000,34.98,35.0095,34.24,34.85,14098,0
HLAL.US,D,20221107,000000,34.95,35.23,34.8299,35.18,33258,0
HLAL.US,D,20221108,000000,35.33,35.61,35.2,35.35,22932,0
HLAL.US,D,20221109,000000,35.19,35.28,34.53,34.59,44508,0
HLAL.US,D,20221110,000000,35.93,36.55,35.66,36.55,30112,0
HLAL.US,D,20221111,000000,36.61,37.0262,36.5,36.96,33244,0
HLAL.US,D,20221114,000000,36.86,37.2,36.75,36.79,24240,0
HLAL.US,D,20221115,000000,37.38,37.38,36.9,37.04,46915,0
HLAL.US,D,20221116,000000,36.89,36.89,36.62,36.7,20741,0
HLAL.US,D,20221117,000000,36.21,36.68,36.12,36.68,18932,0
HLAL.US,D,20221118,000000,36.96,36.96,36.53,36.74,20260,0
HLAL.US,D,20221121,000000,36.58,36.59,36.34,36.48,27866,0
HLAL.US,D,20221122,000000,36.75,37.09,36.59,37.08,21122,0
HLAL.US,D,20221123,000000,37.03,37.31,37.03,37.24,11692,0
HLAL.US,D,20221125,000000,37.22,37.25,37.15,37.22,8151,0
HLAL.US,D,20221128,000000,36.82,36.8899,36.47,36.49,42109,0
HLAL.US,D,20221129,000000,36.6,36.6312,36.25,36.42,31782,0
HLAL.US,D,20221130,000000,36.46,37.68,36.36,37.68,34145,0
HLAL.US,D,20221201,000000,37.75,37.7895,37.43,37.73,26519,0
HLAL.US,D,20221202,000000,37.15,37.7,37.15,37.66,16977,0
HLAL.US,D,20221205,000000,37.53,37.5984,36.86,37.04,57832,0
HLAL.US,D,20221206,000000,36.79,36.79,36.17,36.37,34013,0
HLAL.US,D,20221207,000000,36.3,36.45,36.16,36.27,18398,0
HLAL.US,D,20221208,000000,36.51,36.65,36.385,36.59,19135,0
HLAL.US,D,20221209,000000,36.48,36.69,36.26,36.27,10456,0
HLAL.US,D,20221212,000000,36.39,36.79,36.3268,36.79,24571,0
HLAL.US,D,20221213,000000,37.87,37.8792,36.8775,37.07,33082,0
HLAL.US,D,20221214,000000,37.18,37.44,36.73,36.93,33472,0
HLAL.US,D,20221215,000000,36.49,36.49,35.8202,35.97,21574,0
HLAL.US,D,20221216,000000,35.8,35.82,35.33,35.53,27112,0
HLAL.US,D,20221219,000000,35.58,35.58,35.04,35.21,32087,0
HLAL.US,D,20221220,000000,35.11,35.37,34.97,35.18,29276,0
HLAL.US,D,20221221,000000,35.52,35.9085,35.46,35.78,23830,0
HLAL.US,D,20221222,000000,35.5,35.5067,34.71,35.22,22867,0
HLAL.US,D,20221223,000000,35.13,35.35,34.94,35.35,13212,0
HLAL.US,D,20221227,000000,35.34,35.34,35.0409,35.19,57272,0
HLAL.US,D,20221228,000000,35.07,35.2091,34.57,34.57,34108,0
HLAL.US,D,20221229,000000,34.88,35.32,34.88,35.2385,18123,0
HLAL.US,D,20221230,000000,35.01,35.21,34.8417,35.21,36269,0
HLAL.US,D,20230103,000000,35.3,35.45,34.569,34.81,64424,0
HLAL.US,D,20230104,000000,34.84,35.14,34.69,34.96,43764,0
HLAL.US,D,20230105,000000,34.78,34.7855,34.5702,34.61,17016,0
HLAL.US,D,20230106,000000,34.83,35.42,34.61,35.28,19652,0
HLAL.US,D,20230109,000000,35.61,35.9166,35.3388,35.35,35794,0
HLAL.US,D,20230110,000000,35.37,35.59,35.2415,35.59,20867,0
HLAL.US,D,20230111,000000,35.81,36.05,35.6504,36.05,19213,0
HLAL.US,D,20230112,000000,36.15,36.33,35.9,36.19,26454,0
HLAL.US,D,20230113,000000,35.88,36.4,35.88,36.38,20499,0
HLAL.US,D,20230117,000000,36.39,36.53,36.26,36.34,29954,0
HLAL.US,D,20230118,000000,36.51,36.6538,35.84,35.88,38034,0
HLAL.US,D,20230119,000000,35.69,35.8373,35.4923,35.67,22824,0
HLAL.US,D,20230120,000000,35.76,36.3,35.7126,36.3,30897,0
HLAL.US,D,20230123,000000,36.37,36.96,36.37,36.79,36665,0
HLAL.US,D,20230124,000000,36.56,36.79,36.54,36.75,28663,0
HLAL.US,D,20230125,000000,36.33,36.68,36.0916,36.68,18538,0
HLAL.US,D,20230126,000000,37.14,37.35,36.9088,37.35,19514,0
HLAL.US,D,20230127,000000,37.27,37.6,37.2687,37.42,21839,0
HLAL.US,D,20230130,000000,37.09,37.26,36.78,36.78,32689,0
HLAL.US,D,20230131,000000,36.81,37.32,36.8,37.32,23175,0
HLAL.US,D,20230201,000000,37.27,37.95,37,37.76,78156,0
HLAL.US,D,20230202,000000,38.16,38.59,38.07,38.48,30435,0
HLAL.US,D,20230203,000000,38.06,38.75,38.052,38.29,44857,0
HLAL.US,D,20230206,000000,38.1,38.1489,37.91,37.9457,180047,0
HLAL.US,D,20230207,000000,37.96,38.61,37.9,38.58,234515,0
HLAL.US,D,20230208,000000,38.62,38.68,38.225,38.26,55752,0
HLAL.US,D,20230209,000000,38.69,38.69,37.94,37.99,25788,0
HLAL.US,D,20230210,000000,37.85,38.05,37.76,38.05,33024,0
HLAL.US,D,20230213,000000,38.08,38.49,38.08,38.49,24089,0
HLAL.US,D,20230214,000000,38.39,38.66,38.2,38.61,23814,0
HLAL.US,D,20230215,000000,38.43,38.64,38.33,38.64,41608,0
HLAL.US,D,20230216,000000,38.21,38.5,38.0268,38.05,19743,0
HLAL.US,D,20230217,000000,37.78,37.808,37.51,37.76,24292,0
HLAL.US,D,20230221,000000,37.37,37.57,37.06,37.06,37814,0
HLAL.US,D,20230222,000000,37.1,37.24,36.8712,36.9806,64998,0
HLAL.US,D,20230223,000000,37.38,37.3884,36.8788,37.28,20122,0
HLAL.US,D,20230224,000000,36.76,36.78,36.51,36.74,17512,0
HLAL.US,D,20230227,000000,37.04,37.1305,36.86,36.93,38678,0
HLAL.US,D,20230228,000000,36.93,37,36.78,36.78,41403,0
HLAL.US,D,20230301,000000,36.78,36.88,36.63,36.72,30731,0
HLAL.US,D,20230302,000000,36.55,37.01,36.5,37.01,13552,0
HLAL.US,D,20230303,000000,37.23,37.7,37.198,37.7,17371,0
HLAL.US,D,20230306,000000,37.76,38,37.7,37.7,62498,0
HLAL.US,D,20230307,000000,37.74,37.74,37.1,37.21,44926,0
HLAL.US,D,20230308,000000,37.23,37.23,36.98,37.1921,39997,0
HLAL.US,D,20230309,000000,37.38,37.53,36.64,36.67,29554,0
HLAL.US,D,20230310,000000,36.67,36.74,36.05,36.19,29141,0
HLAL.US,D,20230313,000000,35.86,36.64,35.8,36.29,41762,0
HLAL.US,D,20230314,000000,36.72,37.06,36.58,36.96,42933,0
HLAL.US,D,20230315,000000,36.39,36.75,36.18,36.75,41359,0
HLAL.US,D,20230316,000000,36.51,37.42,36.51,37.37,32925,0
HLAL.US,D,20230317,000000,37.39,37.4075,36.9876,37.12,13740,0
HLAL.US,D,20230320,000000,37.11,37.3324,37.04,37.33,38241,0
HLAL.US,D,20230321,000000,37.58,37.92,37.51,37.87,33293,0
HLAL.US,D,20230322,000000,37.91,38.2,37.39,37.39,26849,0
HLAL.US,D,20230323,000000,37.73,38.1,37.3289,37.6,33012,0
HLAL.US,D,20230324,000000,37.48,37.85,37.36,37.85,35941,0
HLAL.US,D,20230327,000000,37.9699,38,37.67,37.74,34395,0
HLAL.US,D,20230328,000000,37.69,37.69,37.45,37.64,28926,0
HLAL.US,D,20230329,000000,37.98,38.13,37.9064,38.13,61173,0
HLAL.US,D,20230330,000000,38.32,38.36,38.22,38.36,23759,0
HLAL.US,D,20230331,000000,38.45,38.98,38.45,38.97,27285,0
HLAL.US,D,20230403,000000,38.89,39.15,38.84,39.14,53799,0
HLAL.US,D,20230404,000000,39.17,39.27,38.81,38.96,32957,0
HLAL.US,D,20230405,000000,38.94,38.94,38.62,38.84,62170,0
HLAL.US,D,20230406,000000,38.73,39.04,38.59,39.03,66330,0
HLAL.US,D,20230410,000000,38.75,38.94,38.59,38.92,63466,0
HLAL.US,D,20230411,000000,38.92,38.98,38.81,38.86,38142,0
HLAL.US,D,20230412,000000,39.03,39.07,38.72,38.77,33246,0
HLAL.US,D,20230413,000000,38.89,39.41,38.89,39.4,28640,0
HLAL.US,D,20230414,000000,39.26,39.485,39.07,39.3,24884,0
HLAL.US,D,20230417,000000,39.28,39.3,39.03,39.24,39291,0
HLAL.US,D,20230418,000000,39.39,39.4482,39.16,39.25,39178,0
HLAL.US,D,20230419,000000,39,39.3,39,39.27,39956,0
HLAL.US,D,20230420,000000,38.91,39.17,38.85,39.01,37380,0
HLAL.US,D,20230421,000000,38.99,39.01,38.85,38.98,37597,0
HLAL.US,D,20230424,000000,38.94,39.0299,38.8,39.02,31922,0
HLAL.US,D,20230425,000000,38.82,38.82,38.34,38.36,39397,0
HLAL.US,D,20230426,000000,38.59,38.69,38.33,38.38,44286,0
HLAL.US,D,20230427,000000,38.72,39.26,38.71,39.25,36966,0
HLAL.US,D,20230428,000000,39.17,39.59,39.17,39.59,21787,0
HLAL.US,D,20230501,000000,39.54,39.7,39.49,39.56,96843,0
HLAL.US,D,20230502,000000,39.56,39.5714,38.975,39.17,80282,0
HLAL.US,D,20230503,000000,39.28,39.521,38.99,38.99,41619,0
HLAL.US,D,20230504,000000,38.93,38.95,38.62,38.75,30432,0
HLAL.US,D,20230505,000000,39.13,39.58,39.13,39.49,119584,0
HLAL.US,D,20230508,000000,39.44,39.53,39.35,39.53,34558,0
HLAL.US,D,20230509,000000,39.39,39.44,39.26,39.29,44255,0
HLAL.US,D,20230510,000000,39.48,39.63,39.169,39.55,47456,0
HLAL.US,D,20230511,000000,39.56,39.56,39.3256,39.56,38237,0
HLAL.US,D,20230512,000000,39.67,39.6742,39.24,39.49,20739,0
HLAL.US,D,20230515,000000,39.56,39.6,39.4,39.6,32094,0
HLAL.US,D,20230516,000000,39.51,39.6,39.47,39.47,67640,0
HLAL.US,D,20230517,000000,39.64,39.84,39.39,39.79,51407,0
HLAL.US,D,20230518,000000,39.8,40.23,39.75,40.21,31635,0
HLAL.US,D,20230519,000000,40.34,40.39,40.123,40.26,41090,0
HLAL.US,D,20230522,000000,40.31,40.44,40.3,40.3,59098,0
HLAL.US,D,20230523,000000,40.22,40.2473,39.831,39.9,27393,0
HLAL.US,D,20230524,000000,39.66,39.7697,39.51,39.63,30321,0
HLAL.US,D,20230525,000000,39.99,40.06,39.685,39.98,30068,0
HLAL.US,D,20230526,000000,39.99,40.55,39.99,40.52,26166,0
HLAL.US,D,20230530,000000,40.64,40.65,40.335,40.49,85770,0
HLAL.US,D,20230531,000000,40.3,40.41,40.17,40.32,44211,0
HLAL.US,D,20230601,000000,40.2,40.7,40.1832,40.67,20095,0
HLAL.US,D,20230602,000000,40.89,41.24,40.8802,41.21,41733,0
HLAL.US,D,20230605,000000,41.31,41.47,41.1,41.15,66451,0
HLAL.US,D,20230606,000000,41.12,41.22,41,41.21,36157,0
HLAL.US,D,20230607,000000,41.24,41.4,40.87,40.91,24387,0
HLAL.US,D,20230608,000000,40.92,41.2,40.92,41.17,76232,0
HLAL.US,D,20230609,000000,41.32,41.5,41.21,41.32,32026,0
HLAL.US,D,20230612,000000,41.34,41.75,41.3,41.75,40544,0
HLAL.US,D,20230613,000000,41.95,42.04,41.8401,41.99,59993,0
HLAL.US,D,20230614,000000,42.12,42.21,41.74,42.09,41464,0
HLAL.US,D,20230615,000000,42,42.78,41.94,42.66,44070,0
HLAL.US,D,20230616,000000,42.85,42.8801,42.49,42.55,30521,0
HLAL.US,D,20230620,000000,42.23,42.4,42.05,42.32,293172,0
HLAL.US,D,20230621,000000,42.21,42.21,41.9,41.93,61123,0
HLAL.US,D,20230622,000000,41.81,42.29,41.76,42.29,35053,0
HLAL.US,D,20230623,000000,41.92,42.1327,41.83,42.01,36815,0
HLAL.US,D,20230626,000000,42.04,42.1,41.64,41.68,37050,0
HLAL.US,D,20230627,000000,41.71,42.19,41.71,42.15,23807,0
HLAL.US,D,20230628,000000,42,42.2783,41.95,42.23,64443,0
HLAL.US,D,20230629,000000,42.16,42.28,42.0692,42.28,29048,0
HLAL.US,D,20230630,000000,42.53,42.8339,42.5126,42.78,20921,0
HLAL.US,D,20230703,000000,42.81,42.83,42.6853,42.83,61280,0
HLAL.US,D,20230705,000000,42.64,42.83,42.61,42.72,91328,0
HLAL.US,D,20230706,000000,42.4,42.46,42.12,42.44,62024,0
HLAL.US,D,20230707,000000,42.39,42.6835,42.2455,42.27,30970,0
HLAL.US,D,20230710,000000,42.2,42.26,41.9857,42.26,84967,0
HLAL.US,D,20230711,000000,42.31,42.48,42.138,42.41,56674,0
HLAL.US,D,20230712,000000,42.81,42.988,42.7,42.85,32383,0
HLAL.US,D,20230713,000000,43.07,43.32,43.0577,43.24,43745,0
HLAL.US,D,20230714,000000,43.33,43.39,43.15,43.25,25362,0
HLAL.US,D,20230717,000000,43.28,43.51,43.243,43.44,83005,0
HLAL.US,D,20230718,000000,43.38,43.8599,43.3174,43.78,46478,0
HLAL.US,D,20230719,000000,43.86,43.97,43.66,43.77,51964,0
HLAL.US,D,20230720,000000,43.68,43.8084,43.26,43.31,58527,0
HLAL.US,D,20230721,000000,43.54,43.54,43.3,43.34,22498,0
HLAL.US,D,20230724,000000,43.46,43.5988,43.38,43.53,63060,0
HLAL.US,D,20230725,000000,43.55,43.869,43.5118,43.75,29184,0
HLAL.US,D,20230726,000000,43.69,43.8589,43.56,43.76,38223,0
HLAL.US,D,20230727,000000,44.21,44.21,43.4,43.48,45622,0
HLAL.US,D,20230728,000000,43.82,44.145,43.7654,44.08,34297,0
HLAL.US,D,20230731,000000,44.11,44.14,43.95,44.12,73396,0
HLAL.US,D,20230801,000000,43.95,44.03,43.8401,43.98,56168,0
HLAL.US,D,20230802,000000,43.68,43.68,43.195,43.31,85793,0
HLAL.US,D,20230803,000000,43.08,43.34,43.0111,43.17,62474,0
HLAL.US,D,20230804,000000,43.16,43.3432,42.69,42.69,38513,0
HLAL.US,D,20230807,000000,42.91,42.98,42.73,42.97,126374,0
HLAL.US,D,20230808,000000,42.84,42.925,42.57,42.91,29677,0
HLAL.US,D,20230809,000000,43.01,43.01,42.59,42.63,66966,0
HLAL.US,D,20230810,000000,42.93,43.2,42.4827,42.61,47618,0
HLAL.US,D,20230811,000000,42.44,42.665,42.34,42.61,44373,0
HLAL.US,D,20230814,000000,42.53,42.88,42.42,42.88,46289,0
HLAL.US,D,20230815,000000,42.73,42.73,42.31,42.39,54922,0
HLAL.US,D,20230816,000000,42.31,42.47,42,42,39695,0
HLAL.US,D,20230817,000000,42.22,42.23,41.7301,41.76,53777,0
HLAL.US,D,20230818,000000,41.46,41.84,41.3738,41.76,26215,0
HLAL.US,D,20230821,000000,41.84,42.14,41.71,42.05,56317,0
HLAL.US,D,20230822,000000,42.34,42.34,42.0101,42.09,41933,0
HLAL.US,D,20230823,000000,42.18,42.7,42.18,42.57,32467,0
HLAL.US,D,20230824,000000,42.8,42.8,41.84,41.85,29412,0
HLAL.US,D,20230825,000000,41.94,42.325,41.7,42.2,18014,0
HLAL.US,D,20230828,000000,42.55,42.5645,42.3191,42.5,34701,0
HLAL.US,D,20230829,000000,42.49,43.22,42.49,43.19,36821,0
HLAL.US,D,20230830,000000,43.24,43.435,43.2,43.43,44775,0
HLAL.US,D,20230831,000000,43.52,43.6036,43.41,43.42,36398,0
HLAL.US,D,20230901,000000,43.76,43.76,43.42,43.59,19373,0
HLAL.US,D,20230905,000000,43.56,43.6589,43.4404,43.53,121323,0
HLAL.US,D,20230906,000000,43.48,43.48,42.99,43.19,36237,0
HLAL.US,D,20230907,000000,42.79,42.96,42.7357,42.91,41171,0
HLAL.US,D,20230908,000000,42.98,43.23,42.96,43.04,23027,0
HLAL.US,D,20230911,000000,43.4,43.43,43.1701,43.42,48870,0
HLAL.US,D,20230912,000000,43.3,43.3538,43,43,14380,0
HLAL.US,D,20230913,000000,43.06,43.18,42.9362,43.04,38525,0
HLAL.US,D,20230914,000000,43.34,43.4762,43.1996,43.43,24009,0
HLAL.US,D,20230915,000000,43.3,43.3,42.81,42.87,27182,0
HLAL.US,D,20230918,000000,42.9,43.0199,42.849,42.92,40563,0
HLAL.US,D,20230919,000000,42.78,42.9,42.634,42.87,22973,0
HLAL.US,D,20230920,000000,42.99,43,42.31,42.32,41397,0
HLAL.US,D,20230921,000000,42.04,42.04,41.67,41.7,33652,0
HLAL.US,D,20230922,000000,41.83,41.9561,41.58,41.6,19326,0
HLAL.US,D,20230925,000000,41.48,41.76,41.4,41.76,32895,0
HLAL.US,D,20230926,000000,41.5,41.5,41.07,41.18,47349,0
HLAL.US,D,20230927,000000,41.36,41.36,40.86,41.24,37494,0
HLAL.US,D,20230928,000000,41.2,41.68,41.1602,41.54,56448,0
HLAL.US,D,20230929,000000,41.8,41.87,41.3,41.44,52186,0
HLAL.US,D,20231002,000000,41.37,41.65,41.2583,41.61,93712,0
HLAL.US,D,20231003,000000,41.39,41.39,40.93,41.08,61918,0
HLAL.US,D,20231004,000000,41.09,41.47,41.04,41.395,50861,0
HLAL.US,D,20231005,000000,41.41,41.42,41.08,41.36,29951,0
HLAL.US,D,20231006,000000,41.16,42.05,41.0712,41.93,32774,0
HLAL.US,D,20231009,000000,41.79,42.24,41.73,42.24,33131,0
HLAL.US,D,20231010,000000,42.27,42.65,42.27,42.34,46521,0
HLAL.US,D,20231011,000000,42.51,42.55,42.26,42.54,22520,0
HLAL.US,D,20231012,000000,42.63,42.64,42.08,42.35,31302,0
HLAL.US,D,20231013,000000,42.48,42.51,41.89,42.04,21326,0
HLAL.US,D,20231016,000000,42.17,42.53,42.17,42.41,38395,0
HLAL.US,D,20231017,000000,42.18,42.61,42.1213,42.5,30608,0
HLAL.US,D,20231018,000000,42.38,42.3873,41.91,42.03,36473,0
HLAL.US,D,20231019,000000,42.02,42.095,41.57,41.59,16536,0
HLAL.US,D,20231020,000000,41.57,41.57,41.1095,41.11,27497,0
HLAL.US,D,20231023,000000,40.95,41.337,40.6911,41.02,33452,0
HLAL.US,D,20231024,000000,41.22,41.29,40.94,41.21,22319,0
HLAL.US,D,20231025,000000,41.06,41.06,40.5,40.59,23250,0
HLAL.US,D,20231026,000000,40.43,40.43,39.7957,39.88,34131,0
HLAL.US,D,20231027,000000,40.07,40.07,39.615,39.75,25892,0
HLAL.US,D,20231030,000000,39.95,40.195,39.8501,40.08,81700,0
HLAL.US,D,20231031,000000,40.2,40.3,39.9578,40.3,29701,0
HLAL.US,D,20231101,000000,40.44,40.87,40.41,40.81,58418,0
HLAL.US,D,20231102,000000,41.24,41.56,41.17,41.56,45585,0
HLAL.US,D,20231103,000000,41.7,41.9233,41.67,41.85,20682,0
HLAL.US,D,20231106,000000,41.96,42.06,41.8365,42.06,104091,0
HLAL.US,D,20231107,000000,42.06,42.26,41.9,42.2,29620,0
HLAL.US,D,20231108,000000,42.27,42.33,42.02,42.27,29546,0
HLAL.US,D,20231109,000000,42.34,42.34,41.78,41.85,20331,0
HLAL.US,D,20231110,000000,42.06,42.56,41.95,42.56,19883,0
HLAL.US,D,20231113,000000,42.46,42.5889,42.29,42.5,62663,0
HLAL.US,D,20231114,000000,43.07,43.37,43.07,43.32,44496,0
HLAL.US,D,20231115,000000,43.44,43.5305,43.32,43.39,46169,0
HLAL.US,D,20231116,000000,43.36,43.52,43.27,43.51,22398,0
HLAL.US,D,20231117,000000,43.45,43.5,43.28,43.46,25270,0
HLAL.US,D,20231120,000000,43.46,43.89,43.46,43.85,62626,0
HLAL.US,D,20231121,000000,43.79,43.79,43.6,43.74,20234,0
HLAL.US,D,20231122,000000,43.91,44.06,43.8101,43.96,29843,0
HLAL.US,D,20231124,000000,43.96,43.96,43.86,43.86,18735,0
HLAL.US,D,20231127,000000,43.85,43.9434,43.7436,43.85,41905,0
HLAL.US,D,20231128,000000,43.8,44.06,43.7688,43.95,34432,0
HLAL.US,D,20231129,000000,44.25,44.3092,43.835,43.89,52293,0
HLAL.US,D,20231130,000000,44.03,44.03,43.68,43.99,33095,0
HLAL.US,D,20231201,000000,43.81,44.14,43.7402,44.11,37907,0
HLAL.US,D,20231204,000000,43.71,43.79,43.4899,43.79,70625,0
HLAL.US,D,20231205,000000,43.66,43.96,43.6389,43.87,77970,0
HLAL.US,D,20231206,000000,44.07,44.07,43.6,43.64,27776,0
HLAL.US,D,20231207,000000,43.9,44.11,43.831,44.07,50821,0
HLAL.US,D,20231208,000000,43.95,44.27,43.935,44.27,24548,0
HLAL.US,D,20231211,000000,44.1,44.32,44.05,44.26,80114,0
HLAL.US,D,20231212,000000,44.24,44.47,44.12,44.47,27580,0
HLAL.US,D,20231213,000000,44.51,44.93,44.4099,44.88,38367,0
HLAL.US,D,20231214,000000,45.03,45.1999,44.87,45.09,44138,0
HLAL.US,D,20231215,000000,45.01,45.1599,44.99,45.07,20590,0
HLAL.US,D,20231218,000000,45.18,45.32,45.1256,45.21,46144,0
HLAL.US,D,20231219,000000,45.35,45.59,45.35,45.565,79266,0
HLAL.US,D,20231220,000000,45.58,45.7487,45,45,47968,0
HLAL.US,D,20231221,000000,45.38,45.49,45.17,45.49,30355,0
HLAL.US,D,20231222,000000,45.59,45.69,45.38,45.51,21745,0
HLAL.US,D,20231226,000000,45.59,45.7994,45.59,45.75,60884,0
HLAL.US,D,20231227,000000,45.6,45.67,45.51,45.67,65642,0
HLAL.US,D,20231228,000000,45.64,45.75,45.57,45.65,62444,0
HLAL.US,D,20231229,000000,45.65,45.65,45.2801,45.46,67315,0
HLAL.US,D,20240102,000000,45.08,45.12,44.76,44.97,105071,0
HLAL.US,D,20240103,000000,44.8,44.94,44.67,44.73,98780,0
HLAL.US,D,20240104,000000,44.66,44.8099,44.46,44.48,89103,0
HLAL.US,D,20240105,000000,44.49,44.7229,44.33,44.4415,44854,0
HLAL.US,D,20240108,000000,44.51,45.14,44.48,45.14,105390,0
HLAL.US,D,20240109,000000,44.92,45.17,44.8699,45.08,84085,0
HLAL.US,D,20240110,000000,45.11,45.43,45.11,45.35,27703,0
HLAL.US,D,20240111,000000,45.48,45.51,44.99,45.4,60922,0
HLAL.US,D,20240112,000000,45.44,45.5431,45.3188,45.4,31499,0
HLAL.US,D,20240116,000000,45.35,45.4299,45.06,45.25,107762,0
HLAL.US,D,20240117,000000,44.94,45.04,44.72,45.04,66985,0
HLAL.US,D,20240118,000000,45.31,45.52,45.2406,45.5,37130,0
HLAL.US,D,20240119,000000,45.71,46.07,45.57,46.05,39688,0
HLAL.US,D,20240122,000000,46.25,46.355,46.1,46.16,79621,0
HLAL.US,D,20240123,000000,46.24,46.33,46.09,46.33,68689,0
HLAL.US,D,20240124,000000,46.53,46.6599,46.32,46.35,45718,0
HLAL.US,D,20240125,000000,46.48,46.6,46.32,46.57,36942,0
HLAL.US,D,20240126,000000,46.48,46.5966,46.33,46.43,43606,0
HLAL.US,D,20240129,000000,46.49,46.81,46.385,46.81,61111,0
HLAL.US,D,20240130,000000,46.8,46.8,46.5,46.58,56817,0
HLAL.US,D,20240131,000000,46.2,46.2,45.602,45.61,75109,0
HLAL.US,D,20240201,000000,45.83,46.16,45.8,46.16,63652,0
HLAL.US,D,20240202,000000,46.17,46.81,46.1481,46.7,52087,0
HLAL.US,D,20240205,000000,46.6,46.72,46.3416,46.55,119790,0
HLAL.US,D,20240206,000000,46.68,46.74,46.5303,46.71,41762,0
HLAL.US,D,20240207,000000,46.97,47.15,46.92,47.14,38843,0
HLAL.US,D,20240208,000000,47.19,47.24,47.09,47.24,50463,0
HLAL.US,D,20240209,000000,47.33,47.53,47.2626,47.53,110772,0
HLAL.US,D,20240212,000000,47.52,47.615,47.3,47.38,72503,0
HLAL.US,D,20240213,000000,46.7,46.82,46.34,46.67,42403,0
HLAL.US,D,20240214,000000,46.9,47.11,46.6661,47.07,63190,0
HLAL.US,D,20240215,000000,47.09,47.31,46.9999,47.3,63135,0
HLAL.US,D,20240216,000000,47.35,47.35,46.97,47.01,34254,0
HLAL.US,D,20240220,000000,46.9,46.96,46.5448,46.82,92876,0
HLAL.US,D,20240221,000000,46.63,46.88,46.5,46.86,33217,0
HLAL.US,D,20240222,000000,47.42,47.7,47.25,47.62,51681,0
HLAL.US,D,20240223,000000,47.77,47.77,47.49,47.54,39125,0
HLAL.US,D,20240226,000000,47.56,47.56,47.32,47.33,61266,0
HLAL.US,D,20240227,000000,47.4,47.45,47.1814,47.45,38296,0
HLAL.US,D,20240228,000000,47.37,47.37,47.1871,47.32,46684,0
HLAL.US,D,20240229,000000,47.47,47.64,47.22,47.56,52677,0
HLAL.US,D,20240301,000000,47.64,48.0495,47.6361,47.99,46826,0
HLAL.US,D,20240304,000000,47.85,47.85,47.58,47.64,130350,0
HLAL.US,D,20240305,000000,47.31,47.31,46.7,46.92,91638,0
HLAL.US,D,20240306,000000,47.16,47.26,46.9012,47.04,117892,0
HLAL.US,D,20240307,000000,47.27,47.665,47.22,47.56,62636,0
HLAL.US,D,20240308,000000,47.59,47.82,47.33,47.38,56019,0
HLAL.US,D,20240311,000000,47.25,47.41,47.119,47.41,128139,0
HLAL.US,D,20240312,000000,47.6,47.91,47.3,47.88,45154,0
HLAL.US,D,20240313,000000,47.9,47.9,47.64,47.7,54493,0
HLAL.US,D,20240314,000000,47.93,47.93,47.55,47.82,33086,0
HLAL.US,D,20240315,000000,47.53,47.55,47.11,47.36,45537,0
HLAL.US,D,20240318,000000,47.78,48.0269,47.73,47.75,43143,0
HLAL.US,D,20240319,000000,47.71,48,47.5655,47.98,50955,0
HLAL.US,D,20240320,000000,48.04,48.41,47.89,48.41,54843,0
HLAL.US,D,20240321,000000,48.72,48.72,48.36,48.38,33295,0
HLAL.US,D,20240322,000000,48.3,48.42,48.25,48.35,41070,0
HLAL.US,D,20240325,000000,48.12,48.2,48.04,48.14,48961,0
HLAL.US,D,20240326,000000,48.18,48.2893,48,48.06,69950,0
HLAL.US,D,20240327,000000,48.31,48.48,48.1129,48.48,47020,0
HLAL.US,D,20240328,000000,48.52,48.52,48.33,48.36,47303,0
HLAL.US,D,20240401,000000,48.5,48.5594,48.315,48.44,113387,0
HLAL.US,D,20240402,000000,48.1,48.22,47.9396,48.22,112472,0
HLAL.US,D,20240403,000000,48.15,48.42,48.08,48.27,77346,0
HLAL.US,D,20240404,000000,48.64,48.72,47.73,47.79,69785,0
HLAL.US,D,20240405,000000,47.92,48.42,47.8501,48.2,65811,0
HLAL.US,D,20240408,000000,48.36,48.365,48.2,48.26,71322,0
HLAL.US,D,20240409,000000,48.46,48.5,48.05,48.5,39628,0
HLAL.US,D,20240410,000000,48.02,48.04,47.8299,48,57215,0
HLAL.US,D,20240411,000000,48.21,48.58,47.8807,48.49,20858,0
HLAL.US,D,20240412,000000,48.2,48.33,47.74,47.92,35842,0
HLAL.US,D,20240415,000000,48.13,48.13,47.12,47.17,81312,0
HLAL.US,D,20240416,000000,47.15,47.22,46.8868,46.97,76582,0
HLAL.US,D,20240417,000000,47.16,47.16,46.47,46.64,48828,0
HLAL.US,D,20240418,000000,46.68,46.7498,46.31,46.37,30327,0
HLAL.US,D,20240419,000000,46.37,46.37,45.8,45.9399,39839,0
HLAL.US,D,20240422,000000,46.16,46.4937,45.86,46.2,63996,0
HLAL.US,D,20240423,000000,46.47,46.842,46.3708,46.82,23231,0
HLAL.US,D,20240424,000000,47,47.0999,46.7625,47.04,30270,0
HLAL.US,D,20240425,000000,46.19,46.62,46.0216,46.62,34736,0
HLAL.US,D,20240426,000000,47.16,47.3,47.0815,47.14,28890,0
HLAL.US,D,20240429,000000,47.32,47.349,47.11,47.3,54347,0
HLAL.US,D,20240430,000000,47.23,47.28,46.48,46.48,69302,0
HLAL.US,D,20240501,000000,46.52,47.13,46.42,46.42,31365,0
HLAL.US,D,20240502,000000,46.88,46.89,46.39,46.83,76171,0
HLAL.US,D,20240503,000000,47.56,47.57,47.27,47.52,39003,0
HLAL.US,D,20240506,000000,47.72,47.98,47.6547,47.98,81113,0
HLAL.US,D,20240507,000000,48.06,48.1599,48.02,48.03,60167,0
HLAL.US,D,20240508,000000,47.83,48.01,47.8,47.97,62967,0
HLAL.US,D,20240509,000000,48.02,48.28,47.98,48.28,36274,0
HLAL.US,D,20240510,000000,48.34,48.34,48.0993,48.17,14952,0
HLAL.US,D,20240513,000000,48.35,48.35,48.17,48.29,59483,0
HLAL.US,D,20240514,000000,48.34,48.55,48.25,48.52,40340,0
HLAL.US,D,20240515,000000,48.74,49.21,48.7,49.21,34404,0
HLAL.US,D,20240516,000000,49.23,49.2976,49.06,49.1,47739,0
HLAL.US,D,20240517,000000,49.09,49.19,49.0237,49.19,27391,0
HLAL.US,D,20240520,000000,49.18,49.4,49.07,49.33,57150,0
HLAL.US,D,20240521,000000,49.27,49.5182,49.27,49.48,48779,0
HLAL.US,D,20240522,000000,49.52,49.53,49.25,49.46,35857,0
HLAL.US,D,20240523,000000,49.63,49.63,48.7,48.77,30302,0
HLAL.US,D,20240524,000000,49.03,49.2697,48.91,49.14,26483,0
HLAL.US,D,20240528,000000,49.2,49.2138,48.8688,49.09,85645,0
HLAL.US,D,20240529,000000,48.76,48.92,48.704,48.84,59025,0
HLAL.US,D,20240530,000000,48.55,48.55,48.2,48.25,72012,0
HLAL.US,D,20240531,000000,48.39,48.65,47.78,48.6,58541,0
HLAL.US,D,20240603,000000,48.69,48.83,48.185,48.64,145925,0
HLAL.US,D,20240604,000000,48.54,48.64,48.335,48.6,72677,0
HLAL.US,D,20240605,000000,48.8,49.14,48.7008,49.14,52899,0
HLAL.US,D,20240606,000000,49.14,49.2696,49.102,49.18,56518,0
HLAL.US,D,20240607,000000,49.2,49.419,49.1379,49.2,18709,0
HLAL.US,D,20240610,000000,49.13,49.32,49.085,49.32,55378,0
HLAL.US,D,20240611,000000,49.26,49.84,49.1591,49.83,29251,0
HLAL.US,D,20240612,000000,50.17,50.63,50.1403,50.29,37098,0
HLAL.US,D,20240613,000000,50.33,50.3346,50.04,50.22,36197,0
HLAL.US,D,20240614,000000,50.17,50.205,49.9958,50.17,19513,0
HLAL.US,D,20240617,000000,50.1,50.79,50.05,50.65,32769,0
HLAL.US,D,20240618,000000,50.65,50.71,50.42,50.59,38846,0
HLAL.US,D,20240620,000000,50.54,50.5497,50.26,50.44,67854,0
HLAL.US,D,20240621,000000,50.53,50.6198,50.4501,50.5,30214,0
HLAL.US,D,20240624,000000,50.53,50.8795,50.5102,50.55,69956,0
HLAL.US,D,20240625,000000,50.68,50.82,50.57,50.79,63692,0
HLAL.US,D,20240626,000000,50.66,50.96,50.66,50.88,42933,0
HLAL.US,D,20240627,000000,50.99,51.1,50.865,51.06,47052,0
HLAL.US,D,20240628,000000,51.13,51.26,50.59,50.63,54317,0
HLAL.US,D,20240701,000000,50.84,50.97,50.6271,50.95,112951,0
HLAL.US,D,20240702,000000,50.89,51.43,50.845,51.43,72761,0
HLAL.US,D,20240703,000000,51.41,51.635,51.38,51.63,57064,0
HLAL.US,D,20240705,000000,51.75,52.3,51.6601,52.3,92868,0
HLAL.US,D,20240708,000000,52.32,52.32,52.08,52.22,112819,0
HLAL.US,D,20240709,000000,52.33,52.33,52.07,52.1,60756,0
HLAL.US,D,20240710,000000,52.26,52.75,52.1961,52.72,51197,0
HLAL.US,D,20240711,000000,52.76,52.76,51.94,52.03,76665,0
HLAL.US,D,20240712,000000,52.1,52.6,52.04,52.28,67887,0
HLAL.US,D,20240715,000000,52.6,52.81,52.295,52.47,76065,0
HLAL.US,D,20240716,000000,52.53,52.64,52.36,52.63,79778,0
HLAL.US,D,20240717,000000,52.06,52.14,51.73,51.74,72198,0
HLAL.US,D,20240718,000000,51.95,51.95,51.1,51.29,69807,0
HLAL.US,D,20240719,000000,51.31,51.43,50.91,51.01,48725,0
HLAL.US,D,20240722,000000,51.54,51.69,51.2813,51.61,101401,0
HLAL.US,D,20240723,000000,51.63,51.699,51.385,51.44,64364,0
HLAL.US,D,20240724,000000,50.9,50.9,50.02,50.04,113623,0
HLAL.US,D,20240725,000000,50.15,50.5699,49.67,49.72,71024,0
HLAL.US,D,20240726,000000,50.04,50.51,49.88,50.23,39917,0
HLAL.US,D,20240729,000000,50.53,50.56,50.155,50.4,61340,0
HLAL.US,D,20240730,000000,50.49,50.55,49.8299,50.19,82303,0
HLAL.US,D,20240731,000000,50.79,50.9,50.49,50.69,91576,0
HLAL.US,D,20240801,000000,50.84,51.18,49.78,50.13,93534,0
HLAL.US,D,20240802,000000,49.65,49.74,49.01,49.27,73002,0
HLAL.US,D,20240805,000000,46.95,48.46,46.9214,47.83,306501,0
HLAL.US,D,20240806,000000,47.95,48.68,47.67,48,240724,0
HLAL.US,D,20240807,000000,48.53,48.9818,47.82,47.92,85182,0
HLAL.US,D,20240808,000000,48.3,48.98,48.26,48.94,43859,0
HLAL.US,D,20240809,000000,48.82,49.21,48.76,49.19,20144,0
HLAL.US,D,20240812,000000,49.28,49.2901,48.94,49.11,62843,0
HLAL.US,D,20240813,000000,49.36,49.83,49.3181,49.83,52787,0
HLAL.US,D,20240814,000000,49.79,49.9,49.5309,49.77,72671,0
HLAL.US,D,20240815,000000,50.23,50.61,50.23,50.61,50897,0
HLAL.US,D,20240816,000000,50.46,50.66,50.41,50.62,27826,0
HLAL.US,D,20240819,000000,50.65,51.03,50.55,51.03,94616,0
HLAL.US,D,20240820,000000,51.07,51.165,50.89,50.97,57861,0
HLAL.US,D,20240821,000000,51.06,51.19,50.95,51.17,47064,0
HLAL.US,D,20240822,000000,51.27,51.37,50.56,50.66,51735,0
HLAL.US,D,20240823,000000,50.97,51.2194,50.6997,51.08,37195,0
HLAL.US,D,20240826,000000,51.14,51.2,50.8197,50.94,73934,0
HLAL.US,D,20240827,000000,50.79,50.9978,50.79,50.96,39810,0
HLAL.US,D,20240828,000000,50.88,50.928,50.3507,50.6,46528,0
HLAL.US,D,20240829,000000,50.97,51.419,50.7957,50.88,104942,0
HLAL.US,D,20240830,000000,51,51.25,50.6997,51.24,33696,0
HLAL.US,D,20240903,000000,51.03,51.03,49.87,50.13,118748,0
HLAL.US,D,20240904,000000,49.94,50.14,49.8683,49.94,69635,0
HLAL.US,D,20240905,000000,49.98,50.3491,49.79,49.98,61787,0
HLAL.US,D,20240906,000000,50.03,50.145,49.06,49.11,48897,0
HLAL.US,D,20240909,000000,49.48,49.62,49.2773,49.5,87682,0
HLAL.US,D,20240910,000000,49.61,49.73,49.25,49.71,30291,0
HLAL.US,D,20240911,000000,49.76,50.16,48.96,50.13,40513,0
HLAL.US,D,20240912,000000,50.22,50.52,49.9523,50.52,49615,0
HLAL.US,D,20240913,000000,50.53,50.8597,50.4447,50.72,27251,0
HLAL.US,D,20240916,000000,50.61,50.81,50.54,50.81,61028,0
HLAL.US,D,20240917,000000,51.06,51.2395,50.73,51,60651,0
HLAL.US,D,20240918,000000,51.07,51.31,50.85,50.91,35447,0
HLAL.US,D,20240919,000000,51.84,52.1646,51.768,52.05,39197,0
HLAL.US,D,20240920,000000,52,52.06,51.67,51.85,32738,0
HLAL.US,D,20240923,000000,51.97,52.13,51.83,51.93,48843,0
HLAL.US,D,20240924,000000,52.15,52.15,51.745,51.98,60448,0
HLAL.US,D,20240925,000000,51.86,51.9503,51.71,51.79,36467,0
HLAL.US,D,20240926,000000,52.12,52.12,51.73,51.95,67440,0
HLAL.US,D,20240927,000000,52.09,52.21,51.93,51.97,93273,0
HLAL.US,D,20240930,000000,52.01,52.32,51.78,52.32,128159,0
HLAL.US,D,20241001,000000,52.25,52.25,51.4602,51.71,99889,0
HLAL.US,D,20241002,000000,51.61,51.73,51.33,51.59,31479,0
HLAL.US,D,20241003,000000,51.43,51.6107,51.271749,51.48,43068,0
HLAL.US,D,20241004,000000,51.83,51.85,51.47,51.84,35588,0
HLAL.US,D,20241007,000000,51.75,51.75,51.13,51.23,86964,0
HLAL.US,D,20241008,000000,51.35,51.6168,51.25,51.58,44738,0
HLAL.US,D,20241009,000000,51.55,51.87,51.465,51.86,58863,0
HLAL.US,D,20241010,000000,51.67,51.85,51.5501,51.66,63022,0
HLAL.US,D,20241011,000000,51.63,51.905,51.54,51.77,38306,0
HLAL.US,D,20241014,000000,51.91,52.32,51.91,52.28,69236,0
HLAL.US,D,20241015,000000,52.37,52.515,51.8665,52,74118,0
HLAL.US,D,20241016,000000,51.92,51.92,51.638,51.85,62521,0
HLAL.US,D,20241017,000000,52.22,52.22,51.78,51.83,84954,0
HLAL.US,D,20241018,000000,52.03,52.08,51.9452,52.06,49666,0
HLAL.US,D,20241021,000000,51.97,51.972,51.625,51.93,65126,0
HLAL.US,D,20241022,000000,51.64,52.017,51.57,51.96,41366,0
HLAL.US,D,20241023,000000,51.82,51.83,51.04,51.39,63139,0
HLAL.US,D,20241024,000000,51.62,51.66,51.42,51.64,39854,0
HLAL.US,D,20241025,000000,51.79,52.17,51.7399,51.82,78444,0
HLAL.US,D,20241028,000000,52.16,52.16,51.93,51.93,101602,0
HLAL.US,D,20241029,000000,51.94,52.28,51.82,52.18,74538,0
HLAL.US,D,20241030,000000,52.37,52.48,52.04,52.07,48575,0
HLAL.US,D,20241031,000000,51.5,51.5023,50.7,50.7,74490,0
HLAL.US,D,20241101,000000,50.79,51.1479,50.79,50.86,73667,0
HLAL.US,D,20241104,000000,50.72,50.8994,50.5,50.69,55240,0
