<TICKER>,<PER>,<DATE>,<TIME>,<OPEN>,<HIGH>,<LOW>,<CLOSE>,<VOL>,<OPENINT>
IBTE.US,D,20200302,000000,25.1042,25.1042,25.1042,25.1042,4440.2142633152,0
IBTE.US,D,20200303,000000,25.2067,25.2734,25.1738,25.2635,2822.8511493022,0
IBTE.US,D,20200306,000000,25.4486,25.4526,25.4088,25.4088,559.54736304674,0
IBTE.US,D,20200309,000000,25.592,25.592,25.5222,25.5222,10532.95170834,0
IBTE.US,D,20200310,000000,25.4824,25.4824,25.4824,25.4824,200.9146725482,0
IBTE.US,D,20200311,000000,25.3929,25.3929,25.3331,25.3331,720.2791010853,0
IBTE.US,D,20200312,000000,25.4526,25.4526,25.4526,25.4526,1928.7808564627,0
IBTE.US,D,20200313,000000,25.3729,26.7039,25.3033,25.3033,305161.25954656,0
IBTE.US,D,20200316,000000,25.5222,25.582,25.4626,25.582,27074.256699233,0
IBTE.US,D,20200317,000000,25.5124,25.5124,25.3073,25.3073,427.94825252767,0
IBTE.US,D,20200318,000000,25.2903,25.4327,25.134,25.1888,3837.4702456706,0
IBTE.US,D,20200319,000000,25.2435,25.3729,25.2435,25.2645,2422.0263775686,0
IBTE.US,D,20200320,000000,25.3839,25.5024,25.3839,25.4675,477.17234730198,0
IBTE.US,D,20200323,000000,25.5222,25.6437,25.5222,25.6437,729.32026134997,0
IBTE.US,D,20200324,000000,25.6118,25.6118,25.5024,25.5024,2829.8831628414,0
IBTE.US,D,20200325,000000,25.5522,25.5522,25.5153,25.5153,686.1236067521,0
IBTE.US,D,20200326,000000,25.592,25.6218,25.5522,25.5522,472.14948048827,0
IBTE.US,D,20200327,000000,25.591,25.6567,25.591,25.6567,444.02142633152,0
IBTE.US,D,20200330,000000,25.7213,25.7263,25.6616,25.6815,3946.9687422094,0
IBTE.US,D,20200331,000000,25.7513,25.7513,25.6915,25.6915,1155.2593671522,0
IBTE.US,D,20200401,000000,25.7413,25.7413,25.6915,25.7015,1154.2547937894,0
IBTE.US,D,20200402,000000,25.7313,25.7313,25.6865,25.6865,1448.5947890725,0
IBTE.US,D,20200403,000000,25.7513,25.7513,25.6915,25.6915,910.14346664335,0
IBTE.US,D,20200406,000000,25.6318,25.6417,25.6318,25.6417,198.90552582272,0
IBTE.US,D,20200407,000000,25.6517,25.6517,25.582,25.582,100.4573362741,0
IBTE.US,D,20200408,000000,25.6417,25.6417,25.592,25.6118,442.01227960604,0
IBTE.US,D,20200409,000000,25.6716,25.6915,25.6567,25.6567,735.34770152641,0
IBTE.US,D,20200413,000000,25.6716,25.6815,25.6118,25.6417,609.77603118379,0
IBTE.US,D,20200414,000000,25.6915,25.6915,25.6666,25.6666,192.87808564627,0
IBTE.US,D,20200416,000000,25.7114,25.7313,25.7114,25.7263,1219.5520623676,0
IBTE.US,D,20200417,000000,25.7611,25.7611,25.7114,25.7114,1016.6282430939,0
IBTE.US,D,20200420,000000,25.7313,25.7413,25.7114,25.7213,739.36599497738,0
IBTE.US,D,20200421,000000,25.7711,25.7711,25.7363,25.7363,369.68299748869,0
IBTE.US,D,20200422,000000,25.7313,25.7313,25.7065,25.7065,588.67999056623,0
IBTE.US,D,20200424,000000,25.6716,25.7313,25.6716,25.6815,762.47118232042,0
IBTE.US,D,20200428,000000,25.6716,25.7213,25.6716,25.7065,900.09773301594,0
IBTE.US,D,20200430,000000,25.7015,25.7711,25.7015,25.7164,4549.712759854,0
IBTE.US,D,20200504,000000,25.7213,25.7213,25.7065,25.7065,561.55650977222,0
IBTE.US,D,20200505,000000,25.7213,25.7213,25.7114,25.7114,170.77747166597,0
IBTE.US,D,20200506,000000,25.7114,25.7114,25.6905,25.7015,2092.5263145895,0
IBTE.US,D,20200508,000000,25.7811,25.801,25.7563,25.7563,1169.3233942305,0
IBTE.US,D,20200511,000000,25.7513,25.7513,25.7213,25.7213,299.36286209682,0
IBTE.US,D,20200513,000000,25.7513,25.7911,25.7513,25.7611,655.98640586987,0
IBTE.US,D,20200514,000000,25.8099,25.8099,25.7661,25.7661,1236.6298095342,0
IBTE.US,D,20200515,000000,25.7513,25.7811,25.7513,25.7731,419.91166562574,0
IBTE.US,D,20200518,000000,25.7711,25.7911,25.7164,25.7164,3398.4716861528,0
IBTE.US,D,20200522,000000,25.7681,25.7711,25.7661,25.7661,374.70586430239,0
IBTE.US,D,20200527,000000,25.7711,25.7711,25.7513,25.7513,962.38128150588,0
IBTE.US,D,20200528,000000,25.7413,25.7611,25.7413,25.7513,1597.2716467582,0
IBTE.US,D,20200529,000000,25.7611,25.7861,25.7611,25.7861,882.0154124866,0
IBTE.US,D,20200602,000000,25.7513,25.7513,25.7513,25.7513,234.06559351865,0
IBTE.US,D,20200603,000000,25.7114,25.7114,25.7005,25.7005,3224.6804943986,0
IBTE.US,D,20200604,000000,25.6805,25.6845,25.6805,25.6845,389.77446474351,0
IBTE.US,D,20200605,000000,25.6318,25.6318,25.6218,25.6318,955.34926796669,0
IBTE.US,D,20200608,000000,25.6218,25.6517,25.6218,25.6417,526.39644207628,0
IBTE.US,D,20200609,000000,25.6766,25.7015,25.6766,25.7015,300.36743545956,0
IBTE.US,D,20200611,000000,25.7711,25.7711,25.7463,25.7463,457.08088004716,0
IBTE.US,D,20200612,000000,25.7611,25.7611,25.7463,25.7463,236.07474024414,0
IBTE.US,D,20200615,000000,25.7611,25.7611,25.7413,25.7413,593.70285737993,0
IBTE.US,D,20200616,000000,25.7413,25.7413,25.7213,25.7313,657.99555259536,0
IBTE.US,D,20200617,000000,25.7513,25.7513,25.7363,25.7363,909.13889328061,0
IBTE.US,D,20200619,000000,25.7413,25.7611,25.7413,25.7463,1166.3096741423,0
IBTE.US,D,20200622,000000,25.7611,25.7611,25.7413,25.7413,1241.6526763479,0
IBTE.US,D,20200623,000000,25.7513,25.7513,25.7313,25.7463,2370.7931360688,0
IBTE.US,D,20200624,000000,25.7513,25.7611,25.7513,25.7611,916.17090681979,0
IBTE.US,D,20200625,000000,25.7661,25.7661,25.7611,25.7611,203.92839263642,0
IBTE.US,D,20200626,000000,25.7911,25.7911,25.7811,25.7811,233.06102015591,0
IBTE.US,D,20200630,000000,25.8109,25.8109,25.7961,25.7961,264.20279440088,0
IBTE.US,D,20200702,000000,25.7811,25.801,25.7811,25.801,145.66313759745,0
IBTE.US,D,20200706,000000,25.7811,25.7811,25.7711,25.7811,530.41473552725,0
IBTE.US,D,20200707,000000,25.7811,25.7911,25.7811,25.7911,265.20736776362,0
IBTE.US,D,20200708,000000,25.7711,25.801,25.7711,25.7911,644.93609887972,0
IBTE.US,D,20200709,000000,25.8109,25.8109,25.801,25.801,167.76375157775,0
IBTE.US,D,20200710,000000,25.805,25.805,25.7861,25.7861,2295.4501338632,0
IBTE.US,D,20200713,000000,25.7811,25.7911,25.7811,25.7911,1416.4484414648,0
IBTE.US,D,20200715,000000,25.7911,25.7961,25.7911,25.7961,1019.6419631821,0
IBTE.US,D,20200716,000000,25.801,25.8069,25.801,25.806,1555.0795655231,0
IBTE.US,D,20200717,000000,25.801,25.801,25.801,25.801,1520.9240711899,0
IBTE.US,D,20200720,000000,25.801,25.801,25.7961,25.801,840.82790461422,0
IBTE.US,D,20200721,000000,25.806,25.8109,25.806,25.8109,195.8918057345,0
IBTE.US,D,20200723,000000,25.8109,25.8109,25.8109,25.8109,451.05343987071,0
IBTE.US,D,20200724,000000,25.8209,25.8209,25.801,25.801,630.87207180135,0
IBTE.US,D,20200727,000000,25.8109,25.8109,25.7811,25.7911,546.48790933111,0
IBTE.US,D,20200728,000000,25.8209,25.8209,25.8159,25.8159,297.35371537134,0
IBTE.US,D,20200729,000000,25.8109,25.8309,25.8109,25.8309,596.71657746816,0
IBTE.US,D,20200730,000000,25.8508,25.8508,25.8309,25.8508,732.33398143819,0
IBTE.US,D,20200731,000000,25.8607,25.8607,25.8607,25.8607,201.91924591094,0
IBTE.US,D,20200803,000000,25.8508,25.8508,25.8458,25.8458,233.06102015591,0
IBTE.US,D,20200804,000000,25.8707,25.8707,25.8607,25.8607,283.28968829296,0
IBTE.US,D,20200805,000000,25.8408,25.8478,25.8408,25.8408,1170.3279675933,0
IBTE.US,D,20200806,000000,25.8607,25.8607,25.8408,25.8408,659.0001259581,0
IBTE.US,D,20200807,000000,25.8508,25.8508,25.8309,25.8309,588.67999056623,0
IBTE.US,D,20200810,000000,25.8209,25.8209,25.8209,25.8209,178.8140585679,0
IBTE.US,D,20200812,000000,25.7811,25.7811,25.7811,25.7811,293.33542192037,0
IBTE.US,D,20200813,000000,25.7811,25.7811,25.7611,25.7611,716.26080763433,0
IBTE.US,D,20200814,000000,25.7811,25.7811,25.7811,25.7811,1049.7791640643,0
IBTE.US,D,20200817,000000,25.801,25.801,25.7811,25.7811,300.36743545956,0
IBTE.US,D,20200818,000000,25.801,25.801,25.7961,25.7961,382.74245120432,0
IBTE.US,D,20200819,000000,25.8109,25.8109,25.7911,25.7911,467.12661367457,0
IBTE.US,D,20200820,000000,25.801,25.8109,25.801,25.801,1031.696843535,0
IBTE.US,D,20200821,000000,25.8109,25.8109,25.801,25.801,255.16163413621,0
IBTE.US,D,20200824,000000,25.801,25.801,25.7811,25.7911,477.17234730198,0
IBTE.US,D,20200825,000000,25.7811,25.7811,25.7811,25.7811,2552.6209147249,0
IBTE.US,D,20200826,000000,25.7911,25.7911,25.7811,25.7811,502.2866813705,0
IBTE.US,D,20200827,000000,25.8109,25.8109,25.7711,25.7711,1677.6375157775,0
IBTE.US,D,20200828,000000,25.806,25.8109,25.801,25.801,901.10230637868,0
IBTE.US,D,20200901,000000,25.801,25.8109,25.801,25.801,460.09460013538,0
IBTE.US,D,20200902,000000,25.7911,25.8109,25.7911,25.801,4314.6425929726,0
IBTE.US,D,20200903,000000,25.8209,25.8209,25.8109,25.8109,197.90095245998,0
IBTE.US,D,20200904,000000,25.7911,25.7911,25.7811,25.7811,842.8370513397,0
IBTE.US,D,20200908,000000,25.801,25.801,25.7861,25.7861,3899.7537941606,0
IBTE.US,D,20200909,000000,25.7811,25.7861,25.7811,25.7861,1680.6512358657,0
IBTE.US,D,20200911,000000,25.805,25.805,25.805,25.805,240.0930336951,0
IBTE.US,D,20200914,000000,25.8109,25.8109,25.7961,25.7961,170.77747166597,0
IBTE.US,D,20200915,000000,25.7961,25.801,25.7911,25.7911,279.271394842,0
IBTE.US,D,20200916,000000,25.801,25.801,25.7911,25.7911,30674.647631297,0
IBTE.US,D,20200917,000000,25.801,25.8109,25.7911,25.7911,661.00927268358,0
IBTE.US,D,20200918,000000,25.801,25.801,25.7911,25.7911,402.83391845914,0
IBTE.US,D,20200921,000000,25.8109,25.8109,25.7961,25.7961,4080.5769994539,0
IBTE.US,D,20200922,000000,25.8109,25.8109,25.801,25.801,339.54579660646,0
IBTE.US,D,20200923,000000,25.801,25.801,25.801,25.801,279.271394842,0
IBTE.US,D,20200925,000000,25.8209,25.8209,25.8109,25.8109,354.61439704757,0
IBTE.US,D,20200928,000000,25.8109,25.8109,25.8109,25.8109,397.81105164544,0
IBTE.US,D,20200929,000000,25.8209,25.8209,25.8109,25.8109,4036.3757714933,0
IBTE.US,D,20200930,000000,25.8109,25.8109,25.801,25.801,331.50920970453,0
IBTE.US,D,20201002,000000,25.7911,25.7911,25.7811,25.7911,1079.9163649466,0
IBTE.US,D,20201005,000000,25.7611,25.7611,25.7581,25.7581,2496.3648064114,0
IBTE.US,D,20201007,000000,25.7611,25.7611,25.7513,25.7513,266.21194112637,0
IBTE.US,D,20201008,000000,25.7611,25.7611,25.7611,25.7611,336.53207651824,0
IBTE.US,D,20201009,000000,25.7513,25.7513,25.7513,25.7513,449.04429314523,0
IBTE.US,D,20201012,000000,25.7711,25.7711,25.7661,25.7661,314.43146253793,0
IBTE.US,D,20201013,000000,25.7811,25.7811,25.7761,25.7761,207.94668608739,0
IBTE.US,D,20201014,000000,25.7811,25.7911,25.7811,25.7811,455.07173332167,0
IBTE.US,D,20201015,000000,25.7911,25.7911,25.7711,25.7711,602.7440176446,0
IBTE.US,D,20201016,000000,25.7811,25.7811,25.7711,25.7711,429.95739925315,0
IBTE.US,D,20201019,000000,25.7601,25.7711,25.7601,25.7611,1050.7837374271,0
IBTE.US,D,20201020,000000,25.7711,25.7711,25.7563,25.7563,137.62655069552,0
IBTE.US,D,20201021,000000,25.7611,25.7611,25.7513,25.7513,1284.8493309457,0
IBTE.US,D,20201022,000000,25.7313,25.7363,25.7313,25.7363,502.2866813705,0
IBTE.US,D,20201023,000000,25.7373,25.7413,25.7373,25.7413,859.9147985063,0
IBTE.US,D,20201026,000000,25.7611,25.7611,25.7513,25.7563,377.71958439062,0
IBTE.US,D,20201027,000000,25.7711,25.7711,25.7661,25.7661,695.16476701677,0
IBTE.US,D,20201028,000000,25.7711,25.7811,25.7661,25.7661,583.65712375252,0
IBTE.US,D,20201030,000000,25.7513,25.7513,25.7463,25.7463,1033.7059902605,0
IBTE.US,D,20201102,000000,25.7513,25.7513,25.7313,25.7313,1043.7517238879,0
IBTE.US,D,20201103,000000,25.7213,25.7313,25.7213,25.7213,805.66783691828,0
IBTE.US,D,20201104,000000,25.7611,25.7611,25.7611,25.7611,255.16163413621,0
IBTE.US,D,20201105,000000,25.7513,25.7563,25.7513,25.7563,268.22108785185,0
IBTE.US,D,20201106,000000,25.7273,25.7363,25.7273,25.7363,345.5732367829,0
IBTE.US,D,20201109,000000,25.7114,25.7114,25.6905,25.6965,1328.0459855436,0
IBTE.US,D,20201110,000000,25.6915,25.6915,25.6815,25.6815,285.29883501844,0
IBTE.US,D,20201112,000000,25.7213,25.7213,25.7164,25.7164,531.41930888999,0
IBTE.US,D,20201113,000000,25.7114,25.7114,25.7065,25.7065,186.85064546983,0
IBTE.US,D,20201116,000000,25.7015,25.7114,25.7015,25.7114,1423.480455004,0
IBTE.US,D,20201117,000000,25.7313,25.7313,25.7213,25.7213,942.28981425106,0
IBTE.US,D,20201119,000000,25.7313,25.7313,25.7213,25.7213,225.02443325398,0
IBTE.US,D,20201120,000000,25.7313,25.7313,25.7313,25.7313,298.35828873408,0
IBTE.US,D,20201123,000000,25.7213,25.7263,25.7213,25.7263,225.02443325398,0
IBTE.US,D,20201124,000000,25.7213,25.7313,25.7213,25.7263,613.79432463475,0
IBTE.US,D,20201130,000000,25.7611,25.7611,25.7513,25.7513,618.81719144846,0
IBTE.US,D,20201202,000000,25.6905,25.6905,25.6815,25.6815,310.41316908697,0
IBTE.US,D,20201203,000000,25.6965,25.7065,25.6915,25.7065,6224.3365555432,0
IBTE.US,D,20201204,000000,25.6915,25.6915,25.6716,25.6845,3039.8389956543,0
IBTE.US,D,20201207,000000,25.7114,25.7114,25.7065,25.7065,54162.577425543,0
IBTE.US,D,20201208,000000,25.7015,25.7114,25.7015,25.7015,7289.1843200487,0
IBTE.US,D,20201209,000000,25.6915,25.6965,25.6915,25.6965,454.06715995893,0
IBTE.US,D,20201210,000000,25.7015,25.7114,25.7015,25.7114,189.86436555805,0
IBTE.US,D,20201214,000000,25.7413,25.7413,25.7313,25.7363,891.05657275127,0
IBTE.US,D,20201215,000000,25.7313,25.7313,25.7313,25.7313,722.28824781078,0
IBTE.US,D,20201216,000000,25.7313,25.7413,25.7213,25.7313,1418.4575881903,0
IBTE.US,D,20201217,000000,25.7313,25.7313,25.7164,25.7184,597.7211508309,0
IBTE.US,D,20201218,000000,25.7114,25.7114,25.7114,25.7114,1.004573362741,0
IBTE.US,D,20201221,000000,25.7313,25.7313,25.7213,25.7213,956.35384132943,0
IBTE.US,D,20201222,000000,25.7223,25.7413,25.7213,25.7313,1684.6695293167,0
IBTE.US,D,20201223,000000,25.7313,25.7313,25.7213,25.7263,359.63726386128,0
IBTE.US,D,20201224,000000,25.7373,25.7373,25.7313,25.7313,208.95125945013,0
IBTE.US,D,20201229,000000,25.7363,25.7363,25.7363,25.7363,415.89337217477,0
IBTE.US,D,20201230,000000,25.7213,25.7363,25.7213,25.7363,142.64941750922,0
IBTE.US,D,20201231,000000,25.7513,25.7513,25.7313,25.7463,1531.97437818,0
IBTE.US,D,20210104,000000,25.7323,25.7463,25.7313,25.7463,406.85221191011,0
IBTE.US,D,20210105,000000,25.7611,25.7611,25.7363,25.7363,2222.1162783831,0
IBTE.US,D,20210106,000000,25.7213,25.7213,25.7015,25.7015,2749.5172938221,0
IBTE.US,D,20210107,000000,25.6915,25.6915,25.6915,25.6915,380.73330447884,0
IBTE.US,D,20210108,000000,25.6805,25.6815,25.6716,25.6766,3856.5571395627,0
IBTE.US,D,20210111,000000,25.6716,25.6716,25.6716,25.6716,288.31255510667,0
IBTE.US,D,20210112,000000,25.6517,25.6716,25.6517,25.6716,608.77145782105,0
IBTE.US,D,20210113,000000,25.6766,25.6915,25.6766,25.6815,12957.991805996,0
IBTE.US,D,20210114,000000,25.7015,25.7015,25.6716,25.6815,1116.0810060053,0
IBTE.US,D,20210115,000000,25.7015,25.7114,25.6915,25.7015,2584.7672623326,0
IBTE.US,D,20210119,000000,25.6965,25.7065,25.6965,25.7065,499.27296128228,0
IBTE.US,D,20210120,000000,25.7015,25.7114,25.7015,25.7114,607.76688445831,0
IBTE.US,D,20210121,000000,25.7213,25.7213,25.7114,25.7114,1196.4468750245,0
IBTE.US,D,20210122,000000,25.7184,25.7213,25.7114,25.7213,30978.028786844,0
IBTE.US,D,20210126,000000,25.7313,25.7313,25.7263,25.7263,221.00613980302,0
IBTE.US,D,20210127,000000,25.7413,25.7413,25.7313,25.7313,891.05657275127,0
IBTE.US,D,20210128,000000,25.7313,25.7313,25.7203,25.7213,4532.6350126874,0
IBTE.US,D,20210129,000000,25.7313,25.7313,25.7164,25.7263,6229.359422357,0
IBTE.US,D,20210201,000000,25.7313,25.7313,25.7164,25.7213,4250.3498977572,0
IBTE.US,D,20210202,000000,25.7114,25.7213,25.7065,25.7065,84333.933802107,0
IBTE.US,D,20210203,000000,25.7065,25.7114,25.7015,25.7065,3065.9579030855,0
IBTE.US,D,20210204,000000,25.7015,25.7114,25.7015,25.7015,6915.4830291091,0
IBTE.US,D,20210205,000000,25.7164,25.7213,25.7015,25.7015,7779.4161210663,0
IBTE.US,D,20210208,000000,25.7114,25.7114,25.6965,25.6965,7159.5943562551,0
IBTE.US,D,20210209,000000,25.7015,25.7015,25.6965,25.6965,3761.1226701023,0
IBTE.US,D,20210210,000000,25.7015,25.7213,25.7015,25.7114,4383.9581550017,0
IBTE.US,D,20210211,000000,25.7213,25.7213,25.7114,25.7114,868.95595877097,0
IBTE.US,D,20210212,000000,25.7065,25.7114,25.7015,25.7065,14169.507281462,0
IBTE.US,D,20210216,000000,25.6915,25.6915,25.6666,25.6666,8725.7242287683,0
IBTE.US,D,20210217,000000,25.6716,25.6815,25.6716,25.6766,1912.7076826589,0
IBTE.US,D,20210218,000000,25.6905,25.6915,25.6776,25.6815,4200.1212296201,0
IBTE.US,D,20210219,000000,25.6815,25.6815,25.6716,25.6716,3211.621040683,0
IBTE.US,D,20210222,000000,25.6666,25.6716,25.6616,25.6666,2660.1102645382,0
IBTE.US,D,20210223,000000,25.6815,25.6815,25.6666,25.6666,1920.7442695608,0
IBTE.US,D,20210224,000000,25.6616,25.6616,25.6517,25.6567,17629.257942742,0
IBTE.US,D,20210225,000000,25.6118,25.6118,25.5472,25.5472,17507.70456585,0
IBTE.US,D,20210226,000000,25.5522,25.6009,25.5522,25.6009,2044.3067931779,0
IBTE.US,D,20210301,000000,25.582,25.6019,25.582,25.6019,430.96197261589,0
IBTE.US,D,20210302,000000,25.6218,25.6218,25.6118,25.6118,4030.3483313169,0
IBTE.US,D,20210303,000000,25.6019,25.6019,25.572,25.582,1555.0795655231,0
IBTE.US,D,20210304,000000,25.6019,25.6019,25.5621,25.566,7041.0546994517,0
IBTE.US,D,20210305,000000,25.5611,25.582,25.5611,25.5621,3887.6989138077,0
IBTE.US,D,20210308,000000,25.5522,25.5522,25.5272,25.5272,1610.3311004738,0
IBTE.US,D,20210309,000000,25.5422,25.5422,25.5422,25.5422,882.0154124866,0
IBTE.US,D,20210310,000000,25.5522,25.571,25.5422,25.5621,4704.4170577161,0
IBTE.US,D,20210311,000000,25.572,25.582,25.5621,25.572,9016.0459306005,0
IBTE.US,D,20210312,000000,25.5422,25.5422,25.5412,25.5422,5033.9171206952,0
IBTE.US,D,20210315,000000,25.5522,25.5522,25.5422,25.5472,2609.8815964011,0
IBTE.US,D,20210316,000000,25.5621,25.5621,25.5422,25.5472,5359.3988902232,0
IBTE.US,D,20210317,000000,25.5482,25.572,25.5382,25.572,929.23036053543,0
IBTE.US,D,20210318,000000,25.5322,25.5522,25.5272,25.5522,15680.385619024,0
IBTE.US,D,20210319,000000,25.5472,25.5522,25.5472,25.5472,664.0229927718,0
IBTE.US,D,20210322,000000,25.5572,25.5621,25.5572,25.5572,1997.0918451291,0
IBTE.US,D,20210324,000000,25.572,25.582,25.572,25.582,1801.2000393946,0
IBTE.US,D,20210325,000000,25.572,25.587,25.572,25.587,2190.9745041381,0
IBTE.US,D,20210326,000000,25.563,25.577,25.563,25.577,299.36286209682,0
IBTE.US,D,20210329,000000,25.572,25.572,25.5621,25.5621,10599.25355028,0
IBTE.US,D,20210330,000000,25.5522,25.5522,25.5472,25.5522,3797.287311161,0
IBTE.US,D,20210331,000000,25.5522,25.5522,25.5422,25.5422,1488.7777235822,0
IBTE.US,D,20210401,000000,25.5472,25.5522,25.5472,25.5472,1684.6695293167,0
IBTE.US,D,20210405,000000,25.5124,25.5272,25.5124,25.5272,1382.2929471316,0
IBTE.US,D,20210406,000000,25.5472,25.5522,25.5472,25.5522,360.64183722402,0
IBTE.US,D,20210407,000000,25.572,25.572,25.5572,25.5572,514.34156172339,0
IBTE.US,D,20210408,000000,25.568,25.582,25.5621,25.572,10204.456218723,0
IBTE.US,D,20210409,000000,25.5422,25.5522,25.5422,25.5522,3630.528132946,0
IBTE.US,D,20210413,000000,25.5522,25.572,25.5472,25.567,2145.7687028148,0
IBTE.US,D,20210414,000000,25.5621,25.5621,25.5422,25.5572,2051.3388067171,0
IBTE.US,D,20210415,000000,25.573,25.592,25.572,25.582,15604.038043456,0
IBTE.US,D,20210416,000000,25.572,25.582,25.572,25.572,2177.9150504225,0
IBTE.US,D,20210419,000000,25.572,25.582,25.572,25.577,423.9299590767,0
IBTE.US,D,20210420,000000,25.592,25.592,25.592,25.592,341.55494333194,0
IBTE.US,D,20210421,000000,25.592,25.6019,25.586,25.597,8582.0702378964,0
IBTE.US,D,20210422,000000,25.587,25.6019,25.587,25.597,2740.4761335575,0
IBTE.US,D,20210426,000000,25.577,25.577,25.577,25.577,1888.5979219531,0
IBTE.US,D,20210427,000000,25.571,25.572,25.5621,25.5621,7182.6995435982,0
IBTE.US,D,20210428,000000,25.567,25.577,25.567,25.577,661.00927268358,0
IBTE.US,D,20210429,000000,25.567,25.582,25.567,25.577,2876.0935375275,0
IBTE.US,D,20210430,000000,25.58,25.582,25.577,25.577,5773.2831156725,0
IBTE.US,D,20210503,000000,25.572,25.592,25.5621,25.582,4916.3820372545,0
IBTE.US,D,20210504,000000,25.592,25.592,25.582,25.587,619.8217648112,0
IBTE.US,D,20210505,000000,25.592,25.6019,25.592,25.597,5300.1290618215,0
IBTE.US,D,20210506,000000,25.6019,25.6019,25.597,25.597,443.01685296878,0
IBTE.US,D,20210507,000000,25.6218,25.6218,25.6168,25.6168,44363.968845368,0
IBTE.US,D,20210510,000000,25.6168,25.6168,25.6049,25.6069,475.16320057649,0
IBTE.US,D,20210511,000000,25.6109,25.6109,25.599,25.6019,3018.7429550367,0
IBTE.US,D,20210512,000000,25.5621,25.582,25.5621,25.577,3367.3299119078,0
IBTE.US,D,20210513,000000,25.587,25.592,25.587,25.587,403.83849182188,0
IBTE.US,D,20210514,000000,25.592,25.597,25.592,25.597,3565.2308643678,0
IBTE.US,D,20210517,000000,25.592,25.597,25.592,25.597,572.60681676237,0
IBTE.US,D,20210518,000000,25.597,25.6019,25.597,25.597,6396.118600572,0
IBTE.US,D,20210519,000000,25.6019,25.6089,25.582,25.582,869.96053213371,0
IBTE.US,D,20210520,000000,25.6019,25.6019,25.6019,25.6019,2111.6132084816,0
IBTE.US,D,20210521,000000,25.597,25.597,25.597,25.597,1726.8616105518,0
IBTE.US,D,20210524,000000,25.6118,25.6118,25.6069,25.6069,3005.6835013211,0
IBTE.US,D,20210525,000000,25.6218,25.6218,25.6218,25.6218,556.53364295852,0
IBTE.US,D,20210526,000000,25.6138,25.6168,25.6138,25.6168,1408.4118545629,0
IBTE.US,D,20210527,000000,25.6128,25.6208,25.6118,25.6208,1362.2014798768,0
IBTE.US,D,20210601,000000,25.6069,25.6118,25.6069,25.6069,226.02900661673,0
IBTE.US,D,20210602,000000,25.6218,25.6218,25.6069,25.6069,3232.7170813005,0
IBTE.US,D,20210603,000000,25.6019,25.6019,25.587,25.587,2103.5766215797,0
IBTE.US,D,20210604,000000,25.6188,25.6188,25.6118,25.6118,1005.5779361037,0
IBTE.US,D,20210608,000000,25.6168,25.6168,25.6118,25.6168,1032.7014168978,0
IBTE.US,D,20210609,000000,25.6318,25.6318,25.6218,25.6218,560.55193640948,0
IBTE.US,D,20210611,000000,25.6218,25.6268,25.6218,25.6268,1107.0398457406,0
IBTE.US,D,20210615,000000,25.6019,25.6069,25.6019,25.6069,1282.8401842203,0
IBTE.US,D,20210616,000000,25.572,25.572,25.5472,25.5472,732.33398143819,0
IBTE.US,D,20210617,000000,25.5472,25.5522,25.5372,25.5372,479.18149402746,0
IBTE.US,D,20210621,000000,25.4974,25.5124,25.4974,25.5124,543.47418924288,0
IBTE.US,D,20210622,000000,25.5322,25.5322,25.5322,25.5322,162.74088476404,0
IBTE.US,D,20210623,000000,25.5372,25.5372,25.5173,25.5173,1874.5338948747,0
IBTE.US,D,20210624,000000,25.5222,25.5222,25.5124,25.5124,399.82019837092,0
IBTE.US,D,20210629,000000,25.5183,25.5222,25.5183,25.5183,196.89637909724,0
IBTE.US,D,20210630,000000,25.5272,25.5322,25.5232,25.5232,1212.5200488284,0
IBTE.US,D,20210701,000000,25.5024,25.5173,25.5024,25.5173,535.43760234095,0
IBTE.US,D,20210702,000000,25.5222,25.5372,25.5222,25.5372,271.23480794007,0
IBTE.US,D,20210706,000000,25.5621,25.5621,25.5572,25.5621,626.85377835039,0
IBTE.US,D,20210707,000000,25.567,25.567,25.567,25.567,1390.3295340335,0
IBTE.US,D,20210708,000000,25.59,25.6019,25.59,25.597,6256.482903151,0
IBTE.US,D,20210712,000000,25.572,25.572,25.5572,25.5572,3718.9305888672,0
IBTE.US,D,20210714,000000,25.5621,25.5621,25.5572,25.5572,294.33999528311,0
IBTE.US,D,20210715,000000,25.567,25.567,25.5572,25.5621,806.67241028102,0
IBTE.US,D,20210716,000000,25.5572,25.5572,25.5572,25.5572,244.11132714606,0
IBTE.US,D,20210720,000000,25.6218,25.6218,25.6019,25.6069,516313.53923446,0
IBTE.US,D,20210721,000000,25.597,25.6019,25.582,25.587,412337.18247067,0
IBTE.US,D,20210722,000000,25.6019,25.6118,25.597,25.597,229028.66267787,0
IBTE.US,D,20210723,000000,25.6019,25.6019,25.597,25.597,539.45589579192,0
IBTE.US,D,20210726,000000,25.597,25.597,25.597,25.597,334.52292979275,0
IBTE.US,D,20210727,000000,25.6118,25.6118,25.6019,25.6069,3641.5784399361,0
IBTE.US,D,20210728,000000,25.6069,25.6069,25.592,25.6069,3303.0372166924,0
IBTE.US,D,20210729,000000,25.599,25.6118,25.599,25.6019,2156.8190098049,0
IBTE.US,D,20210730,000000,25.6218,25.6218,25.6138,25.6198,42148.884580524,0
IBTE.US,D,20210802,000000,25.6308,25.6417,25.6218,25.6268,2654.0828243617,0
IBTE.US,D,20210803,000000,25.6268,25.6417,25.6268,25.6268,8517.777542681,0
IBTE.US,D,20210804,000000,25.6467,25.6467,25.6168,25.6168,2957.4639799095,0
IBTE.US,D,20210805,000000,25.6009,25.6019,25.582,25.592,7130.4617287356,0
IBTE.US,D,20210806,000000,25.582,25.582,25.577,25.577,8450.4711273773,0
IBTE.US,D,20210809,000000,25.582,25.582,25.5621,25.5621,3342.2155778393,0
IBTE.US,D,20210810,000000,25.5601,25.5601,25.5472,25.5472,1740.9256376302,0
IBTE.US,D,20210811,000000,25.5522,25.57,25.5522,25.5572,7139.5028890003,0
IBTE.US,D,20210812,000000,25.5621,25.572,25.5522,25.5572,37441.45380272,0
IBTE.US,D,20210813,000000,25.572,25.572,25.567,25.567,2220.1071316576,0
IBTE.US,D,20210816,000000,25.592,25.6019,25.582,25.582,3599.386358701,0
IBTE.US,D,20210817,000000,25.582,25.592,25.572,25.577,3431.6226071233,0
IBTE.US,D,20210818,000000,25.577,25.582,25.5621,25.567,1836.3601070906,0
IBTE.US,D,20210819,000000,25.577,25.582,25.567,25.567,9139.6084542176,0
IBTE.US,D,20210820,000000,25.572,25.572,25.567,25.567,4059.4809588364,0
IBTE.US,D,20210823,000000,25.571,25.571,25.567,25.567,1445.5810689843,0
IBTE.US,D,20210824,000000,25.5621,25.572,25.5621,25.567,27735.265971916,0
IBTE.US,D,20210825,000000,25.5621,25.5621,25.5572,25.5572,2045.3113665407,0
IBTE.US,D,20210826,000000,25.5621,25.5621,25.5572,25.5621,23620.533478129,0
IBTE.US,D,20210827,000000,25.577,25.587,25.572,25.587,2271.3403731574,0
IBTE.US,D,20210830,000000,25.587,25.6019,25.582,25.597,4148.8879881203,0
IBTE.US,D,20210831,000000,25.592,25.6019,25.592,25.597,7370.5547624307,0
IBTE.US,D,20210901,000000,25.583,25.592,25.583,25.587,1373.2517868669,0
IBTE.US,D,20210902,000000,25.592,25.592,25.582,25.587,14851.612594763,0
IBTE.US,D,20210903,000000,25.591,25.592,25.582,25.587,37129.031486907,0
IBTE.US,D,20210907,000000,25.582,25.582,25.573,25.577,7466.9938052539,0
IBTE.US,D,20210908,000000,25.572,25.592,25.572,25.587,41372.349371126,0
IBTE.US,D,20210909,000000,25.578,25.592,25.578,25.587,3527.0570765837,0
IBTE.US,D,20210910,000000,25.582,25.582,25.572,25.577,23213.681266219,0
IBTE.US,D,20210913,000000,25.59,25.59,25.577,25.577,1536.9972449937,0
IBTE.US,D,20210914,000000,25.582,25.592,25.582,25.587,1173.3416876815,0
IBTE.US,D,20210915,000000,25.592,25.592,25.572,25.587,17984.876913152,0
IBTE.US,D,20210916,000000,25.584,25.592,25.5621,25.577,1468.6862563273,0
IBTE.US,D,20210917,000000,25.5621,25.572,25.5522,25.5621,8926.6389013165,0
IBTE.US,D,20210920,000000,25.577,25.592,25.572,25.582,8192.2957731529,0
IBTE.US,D,20210921,000000,25.592,25.592,25.572,25.582,13035.343954927,0
IBTE.US,D,20210922,000000,25.572,25.582,25.5621,25.5621,2564.6757950778,0
IBTE.US,D,20210923,000000,25.5552,25.5552,25.5322,25.5422,20983.528400934,0
IBTE.US,D,20210924,000000,25.5402,25.5422,25.5222,25.5322,12075.97639351,0
IBTE.US,D,20210927,000000,25.5173,25.5262,25.5124,25.5222,3441.6683407507,0
IBTE.US,D,20210928,000000,25.5124,25.5322,25.5124,25.5222,5796.3883030156,0
IBTE.US,D,20210929,000000,25.5124,25.5422,25.5124,25.5322,3219.6576275849,0
IBTE.US,D,20210930,000000,25.5322,25.5422,25.5322,25.5372,3214.6347607712,0
IBTE.US,D,20211001,000000,25.5512,25.5522,25.5422,25.5522,874.98339894741,0
IBTE.US,D,20211004,000000,25.5422,25.5502,25.5322,25.5422,26494.617868932,0
IBTE.US,D,20211005,000000,25.5402,25.5422,25.5242,25.5322,10463.63614631,0
IBTE.US,D,20211006,000000,25.5332,25.5332,25.5222,25.5222,5441.773905968,0
IBTE.US,D,20211007,000000,25.5173,25.5322,25.5024,25.5074,5721.04530081,0
IBTE.US,D,20211008,000000,25.5124,25.5124,25.4924,25.4974,3902.7675142488,0
IBTE.US,D,20211011,000000,25.4327,25.5124,25.4327,25.4675,5958.1246144169,0
IBTE.US,D,20211012,000000,25.4814,25.4904,25.4626,25.4775,9873.9515823813,0
IBTE.US,D,20211013,000000,25.4705,25.4725,25.4556,25.4626,10752.95327478,0
IBTE.US,D,20211014,000000,25.4824,25.4824,25.4626,25.4725,7189.7315571374,0
IBTE.US,D,20211015,000000,25.4426,25.4626,25.4327,25.4377,3552.1714106522,0
IBTE.US,D,20211018,000000,25.4327,25.4327,25.4158,25.4177,11428.026574541,0
IBTE.US,D,20211019,000000,25.4327,25.4327,25.4277,25.4277,6549.8183250713,0
IBTE.US,D,20211020,000000,25.4426,25.4426,25.4327,25.4327,7469.0029519793,0
IBTE.US,D,20211021,000000,25.4108,25.4128,25.3879,25.3879,141115.43398431,0
IBTE.US,D,20211022,000000,25.3819,25.3929,25.3729,25.3779,9472.1222372849,0
IBTE.US,D,20211025,000000,25.4118,25.4128,25.3979,25.3979,65178.728921362,0
IBTE.US,D,20211026,000000,25.3919,25.3929,25.3829,25.3929,18192.82359924,0
IBTE.US,D,20211027,000000,25.3829,25.3929,25.3709,25.3879,15535.72705479,0
IBTE.US,D,20211028,000000,25.3929,25.3929,25.3879,25.3879,3489.8878621622,0
IBTE.US,D,20211029,000000,25.3719,25.4078,25.3689,25.3979,3641.5784399361,0
IBTE.US,D,20211101,000000,25.3779,25.3829,25.3689,25.3829,20301.423087633,0
IBTE.US,D,20211102,000000,25.4108,25.4307,25.4108,25.4177,5579.4004566635,0
IBTE.US,D,20211103,000000,25.3969,25.4227,25.3829,25.4128,9191.8462690802,0
IBTE.US,D,20211104,000000,25.4407,25.4526,25.4357,25.4526,8507.7318090535,0
IBTE.US,D,20211105,000000,25.4576,25.4626,25.4576,25.4626,1194.4377282991,0
IBTE.US,D,20211108,000000,25.4526,25.4526,25.4177,25.4177,10784.095049025,0
IBTE.US,D,20211109,000000,25.4416,25.4526,25.4416,25.4426,1868.5064546983,0
IBTE.US,D,20211110,000000,25.3929,25.3929,25.3679,25.3679,11467.204935689,0
IBTE.US,D,20211111,000000,25.363,25.363,25.3341,25.3431,12677.715837791,0
IBTE.US,D,20211112,000000,25.363,25.3829,25.363,25.3679,9371.6649010108,0
IBTE.US,D,20211115,000000,25.363,25.3729,25.3431,25.3581,39682.656974995,0
IBTE.US,D,20211116,000000,25.3709,25.3709,25.3541,25.3581,4015.2797308758,0
IBTE.US,D,20211117,000000,25.363,25.3829,25.3531,25.3729,5612.551377634,0
IBTE.US,D,20211118,000000,25.3819,25.3829,25.3729,25.3729,2150.7915696285,0
IBTE.US,D,20211119,000000,25.4028,25.4128,25.363,25.363,14200.649055706,0
IBTE.US,D,20211122,000000,25.3401,25.3401,25.3133,25.3133,8589.1022514356,0
IBTE.US,D,20211123,000000,25.3192,25.3321,25.3183,25.3231,15981.757627846,0
IBTE.US,D,20211124,000000,25.2933,25.3133,25.2933,25.3033,21078.962870395,0
IBTE.US,D,20211126,000000,25.3929,25.4128,25.3829,25.3879,10808.20480973,0
IBTE.US,D,20211129,000000,25.3909,25.4028,25.3829,25.3979,7628.7301166552,0
IBTE.US,D,20211130,000000,25.4327,25.4327,25.3679,25.3769,6237.3960092589,0
IBTE.US,D,20211201,000000,25.3381,25.367,25.3251,25.367,4662.224976481,0
IBTE.US,D,20211202,000000,25.3431,25.3431,25.3231,25.3321,6095.7511651124,0
IBTE.US,D,20211203,000000,25.3231,25.363,25.3133,25.3481,3017.738381674,0
IBTE.US,D,20211206,000000,25.3381,25.3381,25.3153,25.3231,4849.0756219508,0
IBTE.US,D,20211207,000000,25.3033,25.3033,25.2843,25.2883,11975.519057236,0
IBTE.US,D,20211208,000000,25.2833,25.2933,25.2784,25.2883,7481.0578323322,0
IBTE.US,D,20211209,000000,25.3013,25.3033,25.2883,25.2883,4372.9078480116,0
IBTE.US,D,20211210,000000,25.2963,25.3133,25.2933,25.2933,11102.544805014,0
IBTE.US,D,20211213,000000,25.2953,25.3133,25.2953,25.3033,3376.3710721725,0
IBTE.US,D,20211214,000000,25.2933,25.3083,25.2933,25.2983,15362.940436398,0
IBTE.US,D,20211215,000000,25.2913,25.2983,25.2833,25.2983,4691.3576040005,0
IBTE.US,D,20211216,000000,25.3221,25.3301,25.3153,25.3231,1134.1633265346,0
IBTE.US,D,20211217,000000,25.3431,25.3431,25.3183,25.3183,12058.898646343,0
IBTE.US,D,20211220,000000,25.3531,25.3531,25.3231,25.3231,10492.76877383,0
IBTE.US,D,20211221,000000,25.3113,25.3133,25.2933,25.2933,10014.591853165,0
IBTE.US,D,20211222,000000,25.2933,25.3133,25.2933,25.2933,9199.8828559821,0
IBTE.US,D,20211223,000000,25.2833,25.3033,25.2833,25.2983,17283.684705959,0
IBTE.US,D,20211227,000000,25.2833,25.2833,25.2734,25.2784,14207.681069246,0
IBTE.US,D,20211228,000000,25.2933,25.2933,25.2833,25.2883,17406.242656213,0
IBTE.US,D,20211229,000000,25.2744,25.3033,25.2744,25.2833,40971.524599392,0
IBTE.US,D,20211230,000000,25.2883,25.2983,25.2883,25.2983,1090.9666719367,0
IBTE.US,D,20211231,000000,25.3231,25.3231,25.2983,25.2983,9804.6360203522,0
IBTE.US,D,20220103,000000,25.2535,25.2833,25.2535,25.2635,17956.748858996,0
IBTE.US,D,20220104,000000,25.2833,25.2833,25.2635,25.2734,11018.160642543,0
IBTE.US,D,20220105,000000,25.2635,25.2635,25.2286,25.2286,7372.5639091562,0
IBTE.US,D,20220106,000000,25.2037,25.2137,25.1958,25.1988,12274.881919332,0
IBTE.US,D,20220107,000000,25.1838,25.2037,25.1838,25.1938,15627.143230799,0
IBTE.US,D,20220110,000000,25.1788,25.1838,25.1649,25.1689,5500.039161007,0
IBTE.US,D,20220111,000000,25.1639,25.1838,25.147,25.1788,344004.0931903,0
IBTE.US,D,20220112,000000,25.1838,25.1838,25.1639,25.1738,14580.377786823,0
IBTE.US,D,20220113,000000,25.1938,25.1988,25.1738,25.1988,2716.3663728517,0
IBTE.US,D,20220114,000000,25.1738,25.1798,25.144,25.149,5535.1992287029,0
IBTE.US,D,20220118,000000,25.1182,25.124,25.1042,25.1042,2774.6316278906,0
IBTE.US,D,20220119,000000,25.124,25.134,25.1202,25.124,3093.0813838795,0
IBTE.US,D,20220120,000000,25.124,25.124,25.0942,25.0942,12583.285941693,0
IBTE.US,D,20220121,000000,25.154,25.154,25.134,25.144,4274.459658463,0
IBTE.US,D,20220124,000000,25.144,25.1738,25.144,25.1689,55512.724025068,0
IBTE.US,D,20220125,000000,25.1639,25.1639,25.137,25.144,10997.064601925,0
IBTE.US,D,20220126,000000,25.144,25.154,25.0793,25.0793,3866.6028731901,0
IBTE.US,D,20220127,000000,25.0644,25.0744,25.0544,25.0544,13789.778550345,0
IBTE.US,D,20220128,000000,25.0544,25.0823,25.0544,25.0744,4514.5526921581,0
IBTE.US,D,20220131,000000,25.0544,25.0744,25.0544,25.0744,2681.2063051557,0
IBTE.US,D,20220201,000000,25.0744,25.0744,25.0544,25.0544,15777.82923521,0
IBTE.US,D,20220202,000000,25.0823,25.0942,25.0753,25.0842,5889.8136257505,0
IBTE.US,D,20220203,000000,25.0444,25.0544,25.0444,25.0484,10845.374024151,0
IBTE.US,D,20220204,000000,24.9847,24.9927,24.9748,24.9847,3577.2857447207,0
IBTE.US,D,20220207,000000,25.0046,25.0046,24.9847,24.9947,7700.0548254098,0
IBTE.US,D,20220208,000000,24.9668,24.9748,24.9649,24.9748,8473.5763147204,0
IBTE.US,D,20220209,000000,24.9599,24.9728,24.9559,24.9559,1880.5613350512,0
IBTE.US,D,20220210,000000,24.9041,24.9041,24.8265,24.8265,50450.678850216,0
IBTE.US,D,20220211,000000,24.8861,24.9061,24.8324,24.8861,17795.012547595,0
IBTE.US,D,20220214,000000,24.8463,24.8563,24.8165,24.8463,7966.2667665361,0
IBTE.US,D,20220215,000000,24.8364,24.8563,24.8265,24.8523,13511.511728866,0
IBTE.US,D,20220216,000000,24.8713,24.8763,24.8713,24.8763,13342.743403926,0
IBTE.US,D,20220217,000000,24.8861,24.9161,24.8861,24.9011,6731.6461037275,0
IBTE.US,D,20220218,000000,24.926,24.926,24.9051,24.9161,2995.6377676937,0
IBTE.US,D,20220222,000000,24.8861,24.8991,24.8663,24.8763,13145.847024828,0
IBTE.US,D,20220223,000000,24.8463,24.8852,24.8463,24.8493,18828.718537855,0
IBTE.US,D,20220224,000000,24.9081,24.9081,24.8723,24.8723,20845.901850239,0
IBTE.US,D,20220225,000000,24.8513,24.8663,24.8463,24.8663,43466.88483244,0
IBTE.US,D,20220228,000000,24.9359,24.9509,24.926,24.9509,12353.238641626,0
IBTE.US,D,20220301,000000,24.9847,25.0236,24.9847,25.0126,4937.478077872,0
IBTE.US,D,20220302,000000,24.9161,24.926,24.8881,24.8961,10311.945568537,0
IBTE.US,D,20220303,000000,24.8961,24.9061,24.8763,24.8861,6248.446316249,0
IBTE.US,D,20220304,000000,24.9359,24.9359,24.9091,24.9161,9878.974449195,0
IBTE.US,D,20220307,000000,24.8861,24.9011,24.8763,24.8861,3907.7903810625,0
IBTE.US,D,20220308,000000,24.8563,24.8633,24.8344,24.8364,9030.1099576789,0
IBTE.US,D,20220309,000000,24.8235,24.8265,24.8065,24.8165,48288.836973597,0
IBTE.US,D,20220310,000000,24.7966,24.7966,24.7767,24.7966,20667.087791671,0
IBTE.US,D,20220311,000000,24.7966,24.7966,24.7767,24.7866,2237.1848788242,0
IBTE.US,D,20220314,000000,24.7368,24.7468,24.707,24.717,7767.3612407134,0
IBTE.US,D,20220315,000000,24.7488,24.7488,24.717,24.717,7211.8321711177,0
IBTE.US,D,20220316,000000,24.717,24.717,24.6473,24.6871,14386.495127814,0
IBTE.US,D,20220317,000000,24.6772,24.6871,24.6672,24.6772,29680.120002183,0
IBTE.US,D,20220318,000000,24.6672,24.6772,24.6622,24.6622,65338.456086038,0
IBTE.US,D,20220321,000000,24.6254,24.6364,24.5677,24.5677,13791.787697071,0
IBTE.US,D,20220322,000000,24.5179,24.5388,24.5179,24.5378,12117.163901382,0
IBTE.US,D,20220323,000000,24.5776,24.5876,24.5477,24.5876,530640.76453387,0
IBTE.US,D,20220324,000000,24.5477,24.5677,24.5437,24.5577,22042.348725263,0
IBTE.US,D,20220325,000000,24.5079,24.5179,24.4482,24.4979,1429342.1405756,0
IBTE.US,D,20220328,000000,24.4482,24.4881,24.4482,24.4631,54964.226969012,0
IBTE.US,D,20220329,000000,24.4651,24.4781,24.4581,24.4781,51342.73999633,0
IBTE.US,D,20220330,000000,24.4651,24.4979,24.4581,24.4929,14469.874716922,0
IBTE.US,D,20220331,000000,24.4781,24.5179,24.4781,24.5179,45506.168758805,0
IBTE.US,D,20220401,000000,24.4383,24.4383,24.4084,24.4283,22022.257258008,0
IBTE.US,D,20220404,000000,24.4283,24.4383,24.4133,24.4383,53067.592460156,0
IBTE.US,D,20220405,000000,24.4383,24.4383,24.3686,24.3984,258666.59059882,0
IBTE.US,D,20220406,000000,24.3885,24.4183,24.3785,24.3984,131447.4199413,0
IBTE.US,D,20220407,000000,24.4213,24.4383,24.3984,24.4183,119068.06239224,0
IBTE.US,D,20220408,000000,24.3885,24.3984,24.3785,24.3885,156491.43387443,0
IBTE.US,D,20220411,000000,24.3785,24.3984,24.3686,24.3984,36063.179149039,0
IBTE.US,D,20220412,000000,24.4363,24.4681,24.4323,24.4681,82163.050765224,0
IBTE.US,D,20220413,000000,24.4979,24.5129,24.4731,24.4781,53385.037642783,0
IBTE.US,D,20220414,000000,24.4681,24.4681,24.4233,24.4482,90199.637667152,0
IBTE.US,D,20220418,000000,24.4383,24.4383,24.4183,24.4383,99807.377308407,0
IBTE.US,D,20220419,000000,24.3785,24.4064,24.3516,24.3586,162600.24449325,0
IBTE.US,D,20220420,000000,24.3686,24.3885,24.3586,24.3765,1279468.8360149,0
IBTE.US,D,20220421,000000,24.3387,24.3407,24.3008,24.3387,40367.776008385,0
IBTE.US,D,20220422,000000,24.269,24.3387,24.269,24.3298,80127.785132311,0
IBTE.US,D,20220425,000000,24.3686,24.4173,24.3646,24.3646,88344.190666169,0
IBTE.US,D,20220426,000000,24.4074,24.4383,24.4004,24.4233,74306.282495226,0
IBTE.US,D,20220427,000000,24.4283,24.4383,24.4014,24.4034,42462.311469699,0
IBTE.US,D,20220428,000000,24.3885,24.3885,24.3586,24.3885,34368.463886095,0
IBTE.US,D,20220429,000000,24.3456,24.3586,24.3387,24.3486,27933.166924376,0
IBTE.US,D,20220502,000000,24.3337,24.3486,24.3188,24.3288,63569.402394251,0
IBTE.US,D,20220503,000000,24.3387,24.3485,24.3088,24.3188,611873.58036519,0
IBTE.US,D,20220504,000000,24.2988,24.3885,24.2791,24.3885,63748.216452818,0
IBTE.US,D,20220505,000000,24.3496,24.3684,24.3288,24.3437,70302.053071341,0
IBTE.US,D,20220506,000000,24.347,24.3785,24.3428,24.3486,68785.147293602,0
IBTE.US,D,20220509,000000,24.3885,24.4183,24.382,24.4183,210581.68201786,0
IBTE.US,D,20220510,000000,24.4183,24.4283,24.393,24.4084,114766.47925298,0
IBTE.US,D,20220511,000000,24.3785,24.4084,24.3586,24.4084,131415.27359369,0
IBTE.US,D,20220512,000000,24.3984,24.4581,24.3984,24.4482,105442.02930002,0
IBTE.US,D,20220513,000000,24.4084,24.4283,24.4019,24.4283,44306.708163692,0
IBTE.US,D,20220516,000000,24.4482,24.4581,24.4283,24.4383,73291.663398858,0
IBTE.US,D,20220517,000000,24.3984,24.4084,24.3785,24.3984,102261.55003358,0
IBTE.US,D,20220518,000000,24.3759,24.4183,24.3749,24.4084,91202.201883167,0
IBTE.US,D,20220519,000000,24.4283,24.4581,24.4283,24.4482,29397.834887253,0
IBTE.US,D,20220520,000000,24.4581,24.4781,24.4383,24.4681,35081.710973641,0
IBTE.US,D,20220523,000000,24.4482,24.4558,24.4183,24.4333,106645.50818858,0
IBTE.US,D,20220524,000000,24.4881,24.5179,24.4681,24.5079,41523.035375537,0
IBTE.US,D,20220525,000000,24.5378,24.5378,24.5079,24.5229,24522.640357871,0
IBTE.US,D,20220526,000000,24.5477,24.5477,24.5179,24.5279,71605.989296179,0
IBTE.US,D,20220527,000000,24.5328,24.5577,24.5209,24.5577,30264.781699298,0
IBTE.US,D,20220531,000000,24.5179,24.5179,24.4781,24.5179,50996.162186185,0
IBTE.US,D,20220601,000000,24.5477,24.5477,24.4084,24.4183,67974.45658987,0
IBTE.US,D,20220602,000000,24.4354,24.4383,24.4183,24.4283,55692.542656998,0
IBTE.US,D,20220603,000000,24.4282,24.4283,24.4084,24.4183,71377.951142837,0
IBTE.US,D,20220606,000000,24.4105,24.4183,24.3885,24.3984,33905.355565872,0
IBTE.US,D,20220607,000000,24.4034,24.4136,24.3835,24.3885,43386.518963421,0
IBTE.US,D,20220608,000000,24.3805,24.3885,24.3706,24.3785,40349.693687855,0
IBTE.US,D,20220609,000000,24.3636,24.3636,24.3387,24.3486,73614.131448298,0
IBTE.US,D,20220610,000000,24.279,24.289,24.2311,24.2491,169106.86616373,0
IBTE.US,D,20220613,000000,24.1495,24.1695,24.0749,24.1047,244472.97355665,0
IBTE.US,D,20220614,000000,24.1197,24.1197,24.0599,24.0699,147868.17612866,0
IBTE.US,D,20220615,000000,24.1197,24.1794,24.0736,24.1545,48818.247135761,0
IBTE.US,D,20220616,000000,24.1297,24.2192,24.1297,24.2192,258249.69265328,0
IBTE.US,D,20220617,000000,24.2292,24.2292,24.1773,24.1844,768474.51273616,0
IBTE.US,D,20220621,000000,24.1794,24.1794,24.1645,24.1794,66968.878653767,0
IBTE.US,D,20220622,000000,24.2292,24.259,24.2292,24.259,295266.21192356,0
IBTE.US,D,20220623,000000,24.3098,24.3264,24.269,24.289,63617.621915662,0
IBTE.US,D,20220624,000000,24.269,24.2931,24.2591,24.279,55538.842932499,0
IBTE.US,D,20220627,000000,24.2491,24.269,24.2192,24.2491,98423.07521455,0
IBTE.US,D,20220628,000000,24.2392,24.2392,24.2214,24.2342,120197.20285197,0
IBTE.US,D,20220629,000000,24.2398,24.269,24.2372,24.269,83973.291964883,0
IBTE.US,D,20220630,000000,24.2988,24.3387,24.2988,24.3188,471767.74261043,0
IBTE.US,D,20220701,000000,24.3288,24.3846,24.3288,24.3387,36529.301189351,0
IBTE.US,D,20220705,000000,24.3486,24.3685,24.3387,24.3486,51472.329960123,0
IBTE.US,D,20220706,000000,24.335,24.335,24.269,24.279,159139.48925862,0
IBTE.US,D,20220707,000000,24.279,24.279,24.2392,24.259,40132.705841503,0
IBTE.US,D,20220708,000000,24.2392,24.2392,24.2093,24.2292,80425.138847682,0
IBTE.US,D,20220711,000000,24.2506,24.269,24.2372,24.2491,58043.244325812,0
IBTE.US,D,20220712,000000,24.259,24.279,24.2491,24.254,63547.30178027,0
IBTE.US,D,20220713,000000,24.2093,24.2491,24.1978,24.2242,38488.219246696,0
IBTE.US,D,20220714,000000,24.1794,24.2292,24.1695,24.2292,69644.057518745,0
IBTE.US,D,20220715,000000,24.2142,24.2392,24.2094,24.2392,228273.22350909,0
IBTE.US,D,20220718,000000,24.2093,24.2192,24.1914,24.2192,39621.377999868,0
IBTE.US,D,20220719,000000,24.2292,24.2292,24.1794,24.1894,107164.87261712,0
IBTE.US,D,20220720,000000,24.2192,24.2192,24.1794,24.1993,125472.21757971,0
IBTE.US,D,20220721,000000,24.2093,24.259,24.1993,24.259,276716.76478055,0
IBTE.US,D,20220722,000000,24.289,24.3295,24.289,24.3188,35071.665240014,0
IBTE.US,D,20220725,000000,24.279,24.3087,24.279,24.2988,92585.499403662,0
IBTE.US,D,20220726,000000,24.2988,24.3188,24.2793,24.289,139536.24465808,0
IBTE.US,D,20220727,000000,24.2988,24.3288,24.2691,24.3288,377747.71244477,0
IBTE.US,D,20220728,000000,24.3885,24.3885,24.3586,24.3785,51284.474741291,0
IBTE.US,D,20220729,000000,24.3486,24.3785,24.3486,24.3686,59028.730794661,0
IBTE.US,D,20220801,000000,24.3686,24.3785,24.3572,24.3785,54615.368352612,0
IBTE.US,D,20220802,000000,24.3698,24.3698,24.2825,24.2987,175897.41646734,0
IBTE.US,D,20220803,000000,24.2869,24.2987,24.2535,24.2937,56597.353433436,0
IBTE.US,D,20220804,000000,24.3047,24.3386,24.3047,24.3386,153220.37927551,0
IBTE.US,D,20220805,000000,24.2489,24.2587,24.2289,24.2389,115331.08026456,0
IBTE.US,D,20220808,000000,24.2489,24.2588,24.2425,24.2588,74648.756248464,0
IBTE.US,D,20220809,000000,24.2489,24.2489,24.2189,24.2389,134910.32590366,0
IBTE.US,D,20220810,000000,24.3087,24.3087,24.2523,24.2588,132973.45429205,0
IBTE.US,D,20220811,000000,24.2987,24.2987,24.2495,24.2588,310129.0352897,0
IBTE.US,D,20220812,000000,24.2888,24.2888,24.239,24.2588,113405.23638987,0
IBTE.US,D,20220815,000000,24.2888,24.2888,24.2688,24.2788,198631.59738683,0
IBTE.US,D,20220816,000000,24.2788,24.2788,24.2489,24.2688,109290.88799751,0
IBTE.US,D,20220817,000000,24.2289,24.2489,24.209,24.2489,239786.10904737,0
IBTE.US,D,20220818,000000,24.2688,24.2788,24.2489,24.2788,67772.461018636,0
IBTE.US,D,20220819,000000,24.2489,24.2688,24.2389,24.2688,96872.653705065,0
IBTE.US,D,20220822,000000,24.2489,24.2489,24.2189,24.2389,67426.591087992,0
IBTE.US,D,20220823,000000,24.2389,24.2738,24.2189,24.2489,156778.32821423,0
IBTE.US,D,20220824,000000,24.2389,24.2389,24.209,24.2189,129035.54969039,0
IBTE.US,D,20220825,000000,24.2189,24.2389,24.2189,24.2289,53398.307205358,0
IBTE.US,D,20220826,000000,24.2169,24.2289,24.204,24.2289,168000.55431172,0
IBTE.US,D,20220829,000000,24.209,24.2189,24.199,24.209,66806.030255908,0
IBTE.US,D,20220830,000000,24.1928,24.199,24.179,24.199,57234.957131667,0
IBTE.US,D,20220831,000000,24.189,24.209,24.179,24.199,92411.43286052,0
IBTE.US,D,20220901,000000,24.1243,24.1442,24.1142,24.1292,80213.753306457,0
IBTE.US,D,20220902,000000,24.179,24.179,24.1581,24.179,62874.14078348,0
IBTE.US,D,20220906,000000,24.1315,24.1471,24.1252,24.1391,110194.15990334,0
IBTE.US,D,20220907,000000,24.1391,24.1591,24.1391,24.1591,65762.405334746,0
IBTE.US,D,20220908,000000,24.1491,24.1491,24.1192,24.1391,94854.57784887,0
IBTE.US,D,20220909,000000,24.1391,24.1391,24.0992,24.1092,22758.241436408,0
IBTE.US,D,20220912,000000,24.1292,24.1292,24.0893,24.1092,80583.683754016,0
IBTE.US,D,20220913,000000,24.0394,24.0394,24.0194,24.0394,110591.15843243,0
IBTE.US,D,20220914,000000,24.0194,24.0293,23.9995,24.0194,83442.875180677,0
IBTE.US,D,20220915,000000,23.9845,23.9995,23.9795,23.9995,105664.7675942,0
IBTE.US,D,20220916,000000,23.9795,23.9995,23.9696,23.9995,1046379.8503488,0
IBTE.US,D,20220919,000000,23.9596,23.9696,23.9503,23.9696,348758.19519577,0
IBTE.US,D,20220920,000000,23.9696,23.9745,23.9496,23.9696,823522.31999378,0
IBTE.US,D,20220921,000000,23.9596,23.9696,23.8898,23.9346,131604.009871,0
IBTE.US,D,20220922,000000,23.9297,23.9297,23.8898,23.9097,925094.79466946,0
IBTE.US,D,20220923,000000,23.9097,23.9097,23.8698,23.8798,708350.64065378,0
IBTE.US,D,20220926,000000,23.8598,23.8798,23.8299,23.8399,463732.37779276,0
IBTE.US,D,20220927,000000,23.8399,23.8562,23.8199,23.8349,1377288.1495587,0
IBTE.US,D,20220928,000000,23.9197,23.9297,23.8898,23.9297,486904.66062441,0
IBTE.US,D,20220929,000000,23.8698,23.9097,23.8698,23.9097,1345562.352964,0
IBTE.US,D,20220930,000000,23.9097,23.9197,23.8798,23.8898,586475.0997885,0
IBTE.US,D,20221003,000000,23.8898,23.9197,23.8645,23.8748,387079.58098964,0
IBTE.US,D,20221004,000000,23.8874,23.9097,23.8798,23.8898,657001.4874723,0
IBTE.US,D,20221005,000000,23.8798,23.8798,23.8399,23.8648,1216845.6051227,0
IBTE.US,D,20221006,000000,23.8598,23.8798,23.8399,23.8499,761386.03506235,0
IBTE.US,D,20221007,000000,23.8299,23.8299,23.8118,23.8199,1807112.2413683,0
IBTE.US,D,20221010,000000,23.8,23.8199,23.7907,23.8199,126814.9644835,0
IBTE.US,D,20221011,000000,23.8399,23.8399,23.8156,23.8299,489525.251925,0
IBTE.US,D,20221012,000000,23.8299,23.8399,23.8199,23.8399,923088.74907172,0
IBTE.US,D,20221013,000000,23.7601,23.8,23.7402,23.7701,528236.61859719,0
IBTE.US,D,20221014,000000,23.8,23.81,23.7601,23.7701,444159.1472829,0
IBTE.US,D,20221017,000000,23.81,23.81,23.78,23.79,386778.82452821,0
IBTE.US,D,20221018,000000,23.81,23.81,23.78,23.8,965844.28762861,0
IBTE.US,D,20221019,000000,23.7701,23.7701,23.7501,23.7601,765399.12877936,0
IBTE.US,D,20221020,000000,23.7401,23.7601,23.7302,23.7401,558886.70958153,0
IBTE.US,D,20221021,000000,23.7701,23.8,23.7501,23.8,369342.96993757,0
IBTE.US,D,20221024,000000,23.79,23.8,23.7701,23.79,507270.88567091,0
IBTE.US,D,20221025,000000,23.8199,23.8299,23.8,23.81,313698.01196533,0
IBTE.US,D,20221026,000000,23.8199,23.838,23.8,23.8199,529591.02519517,0
IBTE.US,D,20221027,000000,23.8499,23.8598,23.83,23.8598,323595.90711099,0
IBTE.US,D,20221028,000000,23.8499,23.8499,23.8199,23.8299,432847.69676852,0
IBTE.US,D,20221031,000000,23.79,23.81,23.789,23.795,519154.77598355,0
IBTE.US,D,20221101,000000,23.84,23.84,23.77,23.79,704212,0
IBTE.US,D,20221102,000000,23.79,23.8281,23.755,23.77,497365,0
IBTE.US,D,20221103,000000,23.74,23.75,23.71,23.74,2230285,0
IBTE.US,D,20221104,000000,23.72,23.76,23.72,23.76,1485438,0
IBTE.US,D,20221107,000000,23.75,23.75,23.73,23.74,529600,0
IBTE.US,D,20221108,000000,23.75,23.7695,23.73,23.76,535477,0
IBTE.US,D,20221109,000000,23.77,23.8,23.75,23.8,3567088,0
IBTE.US,D,20221110,000000,23.87,23.9,23.87,23.89,1163601,0
IBTE.US,D,20221111,000000,23.89,23.9,23.8714,23.89,581270,0
IBTE.US,D,20221114,000000,23.87,23.87,23.8499,23.87,738426,0
IBTE.US,D,20221115,000000,23.88,23.9,23.87,23.89,6493997,0
IBTE.US,D,20221116,000000,23.89,23.9,23.88,23.9,5242237,0
IBTE.US,D,20221117,000000,23.88,23.88,23.85,23.87,620190,0
IBTE.US,D,20221118,000000,23.87,23.87,23.83,23.84,1115812,0
IBTE.US,D,20221121,000000,23.86,23.86,23.83,23.84,666384,0
IBTE.US,D,20221122,000000,23.84,23.85,23.83,23.85,1600188,0
IBTE.US,D,20221123,000000,23.82,23.87,23.82,23.87,711563,0
IBTE.US,D,20221125,000000,23.86,23.87,23.85,23.865,254541,0
IBTE.US,D,20221128,000000,23.88,23.89,23.87,23.88,864204,0
IBTE.US,D,20221129,000000,23.88,23.89,23.86,23.88,1166210,0
IBTE.US,D,20221130,000000,23.86,23.93,23.84,23.93,934909,0
IBTE.US,D,20221201,000000,23.89,23.92,23.87,23.92,1678142,0
IBTE.US,D,20221202,000000,23.89,23.91,23.87,23.91,2040795,0
IBTE.US,D,20221205,000000,23.9,23.9,23.85,23.86,905866,0
IBTE.US,D,20221206,000000,23.87,23.88,23.8588,23.88,748756,0
IBTE.US,D,20221207,000000,23.9,23.92,23.89,23.92,1520422,0
IBTE.US,D,20221208,000000,23.91,23.92,23.89,23.9,362528,0
IBTE.US,D,20221209,000000,23.91,23.91,23.89,23.9,477612,0
IBTE.US,D,20221212,000000,23.91,23.91,23.87,23.88,633174,0
IBTE.US,D,20221213,000000,23.96,23.96,23.93,23.94,740937,0
IBTE.US,D,20221214,000000,23.97,23.97,23.92,23.95,535391,0
IBTE.US,D,20221215,000000,23.88,23.88,23.85,23.87,911243,0
IBTE.US,D,20221216,000000,23.86,23.9,23.8401,23.9,1017842,0
IBTE.US,D,20221219,000000,23.89,23.89,23.87,23.87,396677,0
IBTE.US,D,20221220,000000,23.86,23.88,23.85,23.86,795154,0
IBTE.US,D,20221221,000000,23.9,23.9,23.88,23.89,628264,0
IBTE.US,D,20221222,000000,23.9,23.9,23.875,23.89,1103200,0
IBTE.US,D,20221223,000000,23.87,23.88,23.86,23.88,828148,0
IBTE.US,D,20221227,000000,23.87,23.87,23.84,23.84,592969,0
IBTE.US,D,20221228,000000,23.86,23.86,23.845,23.86,1582830,0
IBTE.US,D,20221229,000000,23.87,23.87,23.85,23.85,455589,0
IBTE.US,D,20221230,000000,23.85,23.85,23.835,23.85,630354,0
IBTE.US,D,20230103,000000,23.87,23.87,23.84,23.85,900932,0
IBTE.US,D,20230104,000000,23.86,23.8751,23.85,23.87,1049554,0
IBTE.US,D,20230105,000000,23.84,23.85,23.82,23.85,656472,0
IBTE.US,D,20230106,000000,23.87,23.91,23.8501,23.9,841643,0
IBTE.US,D,20230109,000000,23.91,23.93,23.91,23.93,500657,0
IBTE.US,D,20230110,000000,23.92,23.92,23.91,23.91,613207,0
IBTE.US,D,20230111,000000,23.92,23.92,23.9,23.92,1144179,0
IBTE.US,D,20230112,000000,23.94,23.96,23.94,23.95,790518,0
IBTE.US,D,20230113,000000,23.96,23.96,23.93,23.94,510243,0
IBTE.US,D,20230117,000000,23.93,23.95,23.9284,23.95,718213,0
IBTE.US,D,20230118,000000,23.98,23.98,23.96,23.98,614972,0
IBTE.US,D,20230119,000000,23.97,23.98,23.965,23.97,1247055,0
IBTE.US,D,20230120,000000,23.96,23.96,23.95,23.96,553661,0
IBTE.US,D,20230123,000000,23.95,23.95,23.93,23.93,674159,0
IBTE.US,D,20230124,000000,23.95,23.96,23.934,23.95,571636,0
IBTE.US,D,20230125,000000,23.96,23.9683,23.95,23.96,274745,0
IBTE.US,D,20230126,000000,23.96,23.96,23.95,23.95,539546,0
IBTE.US,D,20230127,000000,23.95,23.95,23.94,23.95,501455,0
IBTE.US,D,20230130,000000,23.95,23.95,23.92,23.95,674434,0
IBTE.US,D,20230131,000000,23.96,23.97,23.94,23.97,881122,0
IBTE.US,D,20230201,000000,23.89,23.91,23.86,23.91,815903,0
IBTE.US,D,20230202,000000,23.94,23.94,23.91,23.91,737971,0
IBTE.US,D,20230203,000000,23.88,23.885,23.85,23.86,548767,0
IBTE.US,D,20230206,000000,23.84,23.84,23.81,23.83,785281,0
IBTE.US,D,20230207,000000,23.84,23.85,23.82,23.83,487532,0
IBTE.US,D,20230208,000000,23.82,23.84,23.82,23.84,533247,0
IBTE.US,D,20230209,000000,23.84,23.85,23.82,23.83,473436,0
IBTE.US,D,20230210,000000,23.84,23.84,23.82,23.82,287228,0
IBTE.US,D,20230213,000000,23.81,23.82,23.81,23.82,404627,0
IBTE.US,D,20230214,000000,23.81,23.81,23.79,23.8,481679,0
IBTE.US,D,20230215,000000,23.8,23.81,23.79,23.8,517746,0
IBTE.US,D,20230216,000000,23.81,23.82,23.8,23.81,500960,0
IBTE.US,D,20230217,000000,23.81,23.82,23.7901,23.82,591534,0
IBTE.US,D,20230221,000000,23.81,23.81,23.78,23.79,643562,0
IBTE.US,D,20230222,000000,23.81,23.8179,23.79,23.8,434705,0
IBTE.US,D,20230223,000000,23.81,23.82,23.8,23.82,952461,0
IBTE.US,D,20230224,000000,23.8,23.8,23.78,23.79,682973,0
IBTE.US,D,20230227,000000,23.8,23.8,23.79,23.8,609244,0
IBTE.US,D,20230228,000000,23.8,23.8,23.79,23.8,413870,0
IBTE.US,D,20230301,000000,23.71,23.71,23.69,23.71,520511,0
IBTE.US,D,20230302,000000,23.7,23.71,23.69,23.71,920054,0
IBTE.US,D,20230303,000000,23.72,23.72,23.71,23.72,812710,0
IBTE.US,D,20230306,000000,23.73,23.73,23.71,23.72,458236,0
IBTE.US,D,20230307,000000,23.72,23.72,23.67,23.67,441334,0
IBTE.US,D,20230308,000000,23.69,23.69,23.66,23.67,650476,0
IBTE.US,D,20230309,000000,23.7,23.72,23.68,23.72,562576,0
IBTE.US,D,20230310,000000,23.78,23.8,23.76,23.8,939930,0
IBTE.US,D,20230313,000000,23.95,23.98,23.91,23.98,561536,0
IBTE.US,D,20230314,000000,23.92,23.93,23.87,23.93,936760,0
IBTE.US,D,20230315,000000,24.06,24.07,23.9903,24.02,956335,0
IBTE.US,D,20230316,000000,24.06,24.06,23.95,23.96,495029,0
IBTE.US,D,20230317,000000,24,24.06,23.98,24.05,472205,0
IBTE.US,D,20230320,000000,24.06,24.06,24.01,24.02,548553,0
IBTE.US,D,20230321,000000,23.97,23.9799,23.95,23.96,329545,0
IBTE.US,D,20230322,000000,23.95,24.02,23.94,24.02,537241,0
IBTE.US,D,20230323,000000,24.02,24.08,24.0193,24.06,697609,0
IBTE.US,D,20230324,000000,24.13,24.13,24.07,24.08,854826,0
IBTE.US,D,20230327,000000,24.04,24.04,24.02,24.03,325081,0
IBTE.US,D,20230328,000000,24.02,24.02,24,24.01,309703,0
IBTE.US,D,20230329,000000,24,24.01,23.9823,24.01,429766,0
IBTE.US,D,20230330,000000,24,24,23.98,24,389515,0
IBTE.US,D,20230331,000000,23.99,24.01,23.98,24.01,3664990,0
IBTE.US,D,20230403,000000,23.91,23.94,23.9,23.93,414226,0
IBTE.US,D,20230404,000000,23.91,23.98,23.91,23.97,625685,0
IBTE.US,D,20230405,000000,23.99,24.02,23.99,24.01,535148,0
IBTE.US,D,20230406,000000,24.01,24.01,23.99,23.99,434587,0
IBTE.US,D,20230410,000000,23.96,23.96,23.94,23.95,415627,0
IBTE.US,D,20230411,000000,23.96,23.96,23.94,23.95,688889,0
IBTE.US,D,20230412,000000,23.97,23.97,23.94,23.955,302912,0
IBTE.US,D,20230413,000000,23.96,23.98,23.96,23.97,335888,0
IBTE.US,D,20230414,000000,23.95,23.95,23.93,23.94,453522,0
IBTE.US,D,20230417,000000,23.93,23.93,23.91,23.91,466949,0
IBTE.US,D,20230418,000000,23.93,23.93,23.91,23.92,607212,0
IBTE.US,D,20230419,000000,23.92,23.92,23.9,23.91,327956,0
IBTE.US,D,20230420,000000,23.93,23.945,23.93,23.94,648442,0
IBTE.US,D,20230421,000000,23.96,23.96,23.93,23.93,600773,0
IBTE.US,D,20230424,000000,23.96,23.96,23.94,23.95,421827,0
IBTE.US,D,20230425,000000,23.99,24,23.96,23.99,631377,0
IBTE.US,D,20230426,000000,24.01,24.01,23.98,23.99,2514224,0
IBTE.US,D,20230427,000000,23.98,23.98,23.95,23.96,273247,0
IBTE.US,D,20230428,000000,23.95,23.96,23.95,23.96,401537,0
IBTE.US,D,20230501,000000,23.86,23.87,23.85,23.86,1154996,0
IBTE.US,D,20230502,000000,23.88,23.91,23.855,23.9,288420,0
IBTE.US,D,20230503,000000,23.92,23.93,23.9,23.93,630204,0
IBTE.US,D,20230504,000000,23.95,23.98,23.9201,23.95,1159034,0
IBTE.US,D,20230505,000000,23.95,23.95,23.91,23.92,589006,0
IBTE.US,D,20230508,000000,23.92,23.92,23.9,23.91,369587,0
IBTE.US,D,20230509,000000,23.9,23.91,23.9,23.91,1754291,0
IBTE.US,D,20230510,000000,23.93,23.945,23.92,23.94,435041,0
IBTE.US,D,20230511,000000,23.96,23.97,23.94,23.94,1859347,0
IBTE.US,D,20230512,000000,23.94,23.95,23.92,23.93,387262,0
IBTE.US,D,20230515,000000,23.92,23.93,23.92,23.93,289104,0
IBTE.US,D,20230516,000000,23.922,23.929,23.9,23.91,363497,0
IBTE.US,D,20230517,000000,23.91,23.9197,23.89,23.9,748381,0
IBTE.US,D,20230518,000000,23.9,23.9,23.87,23.885,607863,0
IBTE.US,D,20230519,000000,23.89,23.895,23.8601,23.88,358966,0
IBTE.US,D,20230522,000000,23.89,23.89,23.87,23.88,353062,0
IBTE.US,D,20230523,000000,23.88,23.88,23.86,23.88,750771,0
IBTE.US,D,20230524,000000,23.88,23.88,23.85,23.85,504253,0
IBTE.US,D,20230525,000000,23.85,23.86,23.83,23.85,565852,0
IBTE.US,D,20230526,000000,23.82,23.84,23.82,23.83,453193,0
IBTE.US,D,20230530,000000,23.85,23.85,23.84,23.85,311878,0
IBTE.US,D,20230531,000000,23.86,23.87,23.85,23.87,537262,0
IBTE.US,D,20230601,000000,23.81,23.81,23.78,23.8,888723,0
IBTE.US,D,20230602,000000,23.78,23.78,23.77,23.78,326688,0
IBTE.US,D,20230605,000000,23.77,23.7899,23.76,23.78,366038,0
IBTE.US,D,20230606,000000,23.78,23.78,23.77,23.78,473110,0
IBTE.US,D,20230607,000000,23.79,23.79,23.77,23.77,469729,0
IBTE.US,D,20230608,000000,23.8,23.8,23.786,23.8,304742,0
IBTE.US,D,20230609,000000,23.8,23.8,23.78,23.79,488661,0
IBTE.US,D,20230612,000000,23.79,23.79,23.78,23.79,306142,0
IBTE.US,D,20230613,000000,23.81,23.81,23.77,23.78,1119619,0
IBTE.US,D,20230614,000000,23.79,23.7981,23.76,23.77,401361,0
IBTE.US,D,20230615,000000,23.78,23.8,23.78,23.8,270242,0
IBTE.US,D,20230616,000000,23.79,23.79,23.78,23.78,498366,0
IBTE.US,D,20230620,000000,23.81,23.81,23.79,23.8,2257968,0
IBTE.US,D,20230621,000000,23.8,23.8,23.7802,23.8,338313,0
IBTE.US,D,20230622,000000,23.81,23.81,23.79,23.8,438864,0
IBTE.US,D,20230623,000000,23.82,23.82,23.8,23.8,648167,0
IBTE.US,D,20230626,000000,23.805,23.81,23.8,23.81,471919,0
IBTE.US,D,20230627,000000,23.81,23.81,23.8,23.81,436275,0
IBTE.US,D,20230628,000000,23.81,23.81,23.8,23.81,652809,0
IBTE.US,D,20230629,000000,23.8,23.8,23.78,23.79,402548,0
IBTE.US,D,20230630,000000,23.79,23.8,23.79,23.8,598806,0
IBTE.US,D,20230703,000000,23.72,23.72,23.71,23.72,186368,0
IBTE.US,D,20230705,000000,23.73,23.73,23.71,23.73,493955,0
IBTE.US,D,20230706,000000,23.73,23.73,23.71,23.73,728633,0
IBTE.US,D,20230707,000000,23.73,23.74,23.72,23.74,568043,0
IBTE.US,D,20230710,000000,23.75,23.75,23.74,23.75,405057,0
IBTE.US,D,20230711,000000,23.76,23.76,23.75,23.76,1183155,0
IBTE.US,D,20230712,000000,23.76,23.78,23.76,23.78,639984,0
IBTE.US,D,20230713,000000,23.81,23.81,23.79,23.81,442337,0
IBTE.US,D,20230714,000000,23.81,23.81,23.78,23.79,313747,0
IBTE.US,D,20230717,000000,23.8,23.8,23.78,23.8,426383,0
IBTE.US,D,20230718,000000,23.81,23.81,23.79,23.8,1004088,0
IBTE.US,D,20230719,000000,23.8,23.8,23.79,23.79,787067,0
IBTE.US,D,20230720,000000,23.8,23.8,23.79,23.8,1045270,0
IBTE.US,D,20230721,000000,23.8,23.81,23.8,23.81,396435,0
IBTE.US,D,20230724,000000,23.81,23.815,23.79,23.81,980323,0
IBTE.US,D,20230725,000000,23.8,23.8075,23.78,23.8,707284,0
IBTE.US,D,20230726,000000,23.81,23.81,23.8,23.81,406336,0
IBTE.US,D,20230727,000000,23.82,23.82,23.8,23.81,658990,0
IBTE.US,D,20230728,000000,23.81,23.82,23.81,23.82,404133,0
IBTE.US,D,20230731,000000,23.83,23.83,23.82,23.82,327076,0
IBTE.US,D,20230801,000000,23.74,23.74,23.73,23.74,1543492,0
IBTE.US,D,20230802,000000,23.74,23.74,23.73,23.74,1463257,0
IBTE.US,D,20230803,000000,23.74,23.75,23.74,23.75,1120614,0
IBTE.US,D,20230804,000000,23.76,23.77,23.75,23.76,1107021,0
IBTE.US,D,20230807,000000,23.77,23.77,23.75,23.77,514221,0
IBTE.US,D,20230808,000000,23.78,23.78,23.76,23.77,1331618,0
IBTE.US,D,20230809,000000,23.78,23.78,23.76,23.76,644901,0
IBTE.US,D,20230810,000000,23.78,23.79,23.77,23.78,882452,0
IBTE.US,D,20230811,000000,23.78,23.78,23.77,23.77,502310,0
IBTE.US,D,20230814,000000,23.78,23.79,23.77,23.78,645930,0
IBTE.US,D,20230815,000000,23.77,23.79,23.77,23.78,464306,0
IBTE.US,D,20230816,000000,23.785,23.79,23.77,23.77,660645,0
IBTE.US,D,20230817,000000,23.79,23.8022,23.79,23.79,467009,0
IBTE.US,D,20230818,000000,23.79,23.81,23.79,23.81,926613,0
IBTE.US,D,20230821,000000,23.79,23.81,23.79,23.8,533817,0
IBTE.US,D,20230822,000000,23.81,23.81,23.79,23.8,406151,0
IBTE.US,D,20230823,000000,23.82,23.82,23.8,23.81,389794,0
IBTE.US,D,20230824,000000,23.81,23.82,23.8,23.82,398752,0
IBTE.US,D,20230825,000000,23.81,23.82,23.8,23.8,362711,0
IBTE.US,D,20230828,000000,23.81,23.82,23.81,23.81,523865,0
IBTE.US,D,20230829,000000,23.81,23.83,23.8001,23.83,1298992,0
IBTE.US,D,20230830,000000,23.84,23.84,23.83,23.84,419979,0
IBTE.US,D,20230831,000000,23.85,23.85,23.84,23.85,572110,0
IBTE.US,D,20230901,000000,23.78,23.78,23.76,23.77,415848,0
IBTE.US,D,20230905,000000,23.77,23.77,23.75,23.76,821067,0
IBTE.US,D,20230906,000000,23.76,23.76,23.75,23.75,431313,0
IBTE.US,D,20230907,000000,23.77,23.78,23.76,23.78,748786,0
IBTE.US,D,20230908,000000,23.78,23.78,23.77,23.78,435423,0
IBTE.US,D,20230911,000000,23.78,23.78,23.77,23.78,370531,0
IBTE.US,D,20230912,000000,23.79,23.79,23.78,23.79,527168,0
IBTE.US,D,20230913,000000,23.79,23.8,23.7799,23.79,514443,0
IBTE.US,D,20230914,000000,23.8,23.8,23.78,23.8,1204448,0
IBTE.US,D,20230915,000000,23.8,23.8,23.78,23.8,1178481,0
IBTE.US,D,20230918,000000,23.81,23.81,23.79,23.8,366501,0
IBTE.US,D,20230919,000000,23.8,23.8,23.78,23.79,1118697,0
IBTE.US,D,20230920,000000,23.8,23.81,23.79,23.79,797036,0
IBTE.US,D,20230921,000000,23.8,23.81,23.79,23.81,463709,0
IBTE.US,D,20230922,000000,23.8,23.82,23.8,23.81,1446055,0
IBTE.US,D,20230925,000000,23.81,23.82,23.81,23.81,577417,0
IBTE.US,D,20230926,000000,23.82,23.82,23.81,23.81,1374499,0
IBTE.US,D,20230927,000000,23.82,23.83,23.81,23.82,906269,0
IBTE.US,D,20230928,000000,23.84,23.84,23.82,23.83,497772,0
IBTE.US,D,20230929,000000,23.84,23.845,23.83,23.84,1228389,0
IBTE.US,D,20231002,000000,23.76,23.76,23.74,23.75,967773,0
IBTE.US,D,20231003,000000,23.74,23.76,23.74,23.76,751743,0
IBTE.US,D,20231004,000000,23.74,23.77,23.74,23.76,1208441,0
IBTE.US,D,20231005,000000,23.79,23.79,23.78,23.79,736671,0
IBTE.US,D,20231006,000000,23.79,23.79,23.78,23.785,532693,0
IBTE.US,D,20231009,000000,23.8,23.81,23.79,23.8,685899,0
IBTE.US,D,20231010,000000,23.79,23.8,23.79,23.8,544990,0
IBTE.US,D,20231011,000000,23.79,23.8,23.79,23.8,706402,0
IBTE.US,D,20231012,000000,23.81,23.81,23.79,23.79,678303,0
IBTE.US,D,20231013,000000,23.81,23.81,23.8,23.81,352429,0
IBTE.US,D,20231016,000000,23.81,23.81,23.8,23.81,399587,0
IBTE.US,D,20231017,000000,23.81,23.81,23.79,23.8,1023640,0
IBTE.US,D,20231018,000000,23.81,23.81,23.8,23.81,739673,0
IBTE.US,D,20231019,000000,23.81,23.82,23.81,23.81,645798,0
IBTE.US,D,20231020,000000,23.82,23.83,23.82,23.82,629187,0
IBTE.US,D,20231023,000000,23.83,23.84,23.83,23.84,476718,0
IBTE.US,D,20231024,000000,23.83,23.84,23.83,23.84,604443,0
IBTE.US,D,20231025,000000,23.84,23.84,23.825,23.825,1038410,0
IBTE.US,D,20231026,000000,23.85,23.86,23.84,23.86,478660,0
IBTE.US,D,20231027,000000,23.86,23.86,23.85,23.86,387980,0
IBTE.US,D,20231030,000000,23.86,23.86,23.85,23.86,771881,0
IBTE.US,D,20231031,000000,23.86,23.86,23.85,23.86,691329,0
IBTE.US,D,20231101,000000,23.78,23.78,23.77,23.78,457384,0
IBTE.US,D,20231102,000000,23.78,23.8,23.78,23.79,764690,0
IBTE.US,D,20231103,000000,23.81,23.81,23.79,23.81,993046,0
IBTE.US,D,20231106,000000,23.81,23.81,23.79,23.8,726700,0
IBTE.US,D,20231107,000000,23.81,23.81,23.8,23.8,1383977,0
IBTE.US,D,20231108,000000,23.8,23.81,23.8,23.81,771751,0
IBTE.US,D,20231109,000000,23.83,23.83,23.81,23.81,551614,0
IBTE.US,D,20231110,000000,23.82,23.82,23.81,23.81,472535,0
IBTE.US,D,20231113,000000,23.82,23.82,23.81,23.82,632912,0
IBTE.US,D,20231114,000000,23.82,23.84,23.82,23.84,1063497,0
IBTE.US,D,20231115,000000,23.84,23.84,23.83,23.84,535580,0
IBTE.US,D,20231116,000000,23.86,23.86,23.84,23.86,594928,0
IBTE.US,D,20231117,000000,23.86,23.86,23.85,23.86,732724,0
IBTE.US,D,20231120,000000,23.85,23.86,23.85,23.86,471043,0
IBTE.US,D,20231121,000000,23.86,23.87,23.86,23.87,746696,0
IBTE.US,D,20231122,000000,23.88,23.88,23.86,23.87,1184359,0
IBTE.US,D,20231124,000000,23.87,23.88,23.87,23.88,153622,0
IBTE.US,D,20231127,000000,23.88,23.88,23.87,23.88,537787,0
IBTE.US,D,20231128,000000,23.88,23.89,23.88,23.89,1198161,0
IBTE.US,D,20231129,000000,23.89,23.9,23.89,23.9,397465,0
IBTE.US,D,20231130,000000,23.9,23.91,23.89,23.91,806380,0
IBTE.US,D,20231201,000000,23.83,23.83,23.82,23.82,670154,0
IBTE.US,D,20231204,000000,23.84,23.84,23.82,23.82,575210,0
IBTE.US,D,20231205,000000,23.84,23.84,23.82,23.82,724704,0
IBTE.US,D,20231206,000000,23.83,23.84,23.83,23.84,584625,0
IBTE.US,D,20231207,000000,23.86,23.86,23.84,23.84,642221,0
IBTE.US,D,20231208,000000,23.85,23.85,23.84,23.85,770990,0
IBTE.US,D,20231211,000000,23.86,23.86,23.84,23.85,492299,0
IBTE.US,D,20231212,000000,23.86,23.86,23.85,23.86,825095,0
IBTE.US,D,20231213,000000,23.85,23.87,23.85,23.87,1015252,0
IBTE.US,D,20231214,000000,23.8,23.8,23.79,23.8,1094135,0
IBTE.US,D,20231215,000000,23.8,23.8,23.79,23.8,2501247,0
IBTE.US,D,20231218,000000,23.8,23.81,23.79,23.8,1746085,0
IBTE.US,D,20231219,000000,23.81,23.81,23.79,23.8,2870688,0
IBTE.US,D,20231220,000000,23.82,23.82,23.8,23.81,1167629,0
IBTE.US,D,20231221,000000,23.82,23.84,23.82,23.83,647719,0
IBTE.US,D,20231222,000000,23.82,23.84,23.82,23.84,727539,0
IBTE.US,D,20231226,000000,23.85,23.85,23.83,23.84,1219264,0
IBTE.US,D,20231227,000000,23.84,23.84,23.83,23.84,1165334,0
IBTE.US,D,20231228,000000,23.86,23.87,23.84,23.86,1582890,0
IBTE.US,D,20231229,000000,23.85,23.86,23.84,23.86,1135568,0
IBTE.US,D,20240102,000000,23.86,23.86,23.845,23.85,962614,0
IBTE.US,D,20240103,000000,23.86,23.86,23.85,23.86,1127905,0
IBTE.US,D,20240104,000000,23.87,23.87,23.85,23.87,945417,0
IBTE.US,D,20240105,000000,23.85,23.87,23.85,23.87,1458038,0
IBTE.US,D,20240108,000000,23.88,23.88,23.87,23.88,1312797,0
IBTE.US,D,20240109,000000,23.88,23.88,23.87,23.875,889117,0
IBTE.US,D,20240110,000000,23.9,23.9,23.88,23.89,1085632,0
IBTE.US,D,20240111,000000,23.88,23.9,23.88,23.9,1928898,0
IBTE.US,D,20240112,000000,23.91,23.91,23.89,23.91,1026546,0
IBTE.US,D,20240116,000000,23.91,23.93,23.9,23.91,761429,0
IBTE.US,D,20240117,000000,23.91,23.91,23.9,23.91,1120554,0
IBTE.US,D,20240118,000000,23.91,23.92,23.91,23.92,1358669,0
IBTE.US,D,20240119,000000,23.9,23.92,23.9,23.92,717298,0
IBTE.US,D,20240122,000000,23.91,23.92,23.91,23.92,639355,0
IBTE.US,D,20240123,000000,23.93,23.93,23.91,23.92,510052,0
IBTE.US,D,20240124,000000,23.92,23.93,23.92,23.93,640404,0
IBTE.US,D,20240125,000000,23.92,23.94,23.92,23.94,1608273,0
IBTE.US,D,20240126,000000,23.93,23.94,23.92,23.94,1139431,0
IBTE.US,D,20240129,000000,23.94,23.95,23.93,23.94,726180,0
IBTE.US,D,20240130,000000,23.94,23.95,23.93,23.93,925546,0
IBTE.US,D,20240131,000000,23.94,23.96,23.94,23.95,621114,0
IBTE.US,D,20240201,000000,23.87,23.88,23.86,23.86,1488786,0
IBTE.US,D,20240202,000000,23.86,23.87,23.86,23.86,795255,0
IBTE.US,D,20240205,000000,23.86,23.87,23.85,23.86,741516,0
IBTE.US,D,20240206,000000,23.87,23.87,23.86,23.87,1118562,0
IBTE.US,D,20240207,000000,23.87,23.88,23.86,23.87,916204,0
IBTE.US,D,20240208,000000,23.88,23.89,23.88,23.89,785870,0
IBTE.US,D,20240209,000000,23.88,23.89,23.875,23.88,2762775,0
IBTE.US,D,20240212,000000,23.88,23.89,23.88,23.88,2032699,0
IBTE.US,D,20240213,000000,23.88,23.89,23.87,23.87,572431,0
IBTE.US,D,20240214,000000,23.89,23.89,23.88,23.88,408124,0
IBTE.US,D,20240215,000000,23.89,23.91,23.89,23.89,330349,0
IBTE.US,D,20240216,000000,23.91,23.91,23.9,23.9,318059,0
IBTE.US,D,20240220,000000,23.9,23.91,23.9,23.91,454454,0
IBTE.US,D,20240221,000000,23.91,23.91,23.9,23.9,1096603,0
IBTE.US,D,20240222,000000,23.91,23.92,23.91,23.91,442014,0
IBTE.US,D,20240223,000000,23.93,23.93,23.91,23.92,566126,0
IBTE.US,D,20240226,000000,23.93,23.93,23.92,23.92,554349,0
IBTE.US,D,20240227,000000,23.92,23.93,23.92,23.93,803383,0
IBTE.US,D,20240228,000000,23.92,23.94,23.92,23.93,358817,0
IBTE.US,D,20240229,000000,23.94,23.95,23.93,23.95,421439,0
IBTE.US,D,20240301,000000,23.87,23.87,23.86,23.87,458726,0
IBTE.US,D,20240304,000000,23.86,23.87,23.86,23.87,316415,0
IBTE.US,D,20240305,000000,23.87,23.87,23.86,23.87,572369,0
IBTE.US,D,20240306,000000,23.86,23.87,23.86,23.87,399535,0
IBTE.US,D,20240307,000000,23.89,23.89,23.87,23.88,348642,0
IBTE.US,D,20240308,000000,23.89,23.89,23.88,23.89,446288,0
IBTE.US,D,20240311,000000,23.89,23.89,23.88,23.89,261989,0
IBTE.US,D,20240312,000000,23.88,23.89,23.88,23.89,292116,0
IBTE.US,D,20240313,000000,23.88,23.89,23.88,23.89,418639,0
IBTE.US,D,20240314,000000,23.89,23.9,23.89,23.9,278328,0
IBTE.US,D,20240315,000000,23.89,23.91,23.89,23.91,258770,0
IBTE.US,D,20240318,000000,23.9,23.91,23.9,23.91,267077,0
IBTE.US,D,20240319,000000,23.9,23.91,23.9,23.9,458521,0
IBTE.US,D,20240320,000000,23.9,23.92,23.9,23.92,390097,0
IBTE.US,D,20240321,000000,23.92,23.93,23.92,23.93,1571276,0
IBTE.US,D,20240322,000000,23.93,23.93,23.92,23.92,583958,0
IBTE.US,D,20240325,000000,23.94,23.94,23.92,23.93,351138,0
IBTE.US,D,20240326,000000,23.93,23.94,23.93,23.93,511103,0
IBTE.US,D,20240327,000000,23.94,23.95,23.94,23.94,269628,0
IBTE.US,D,20240328,000000,23.94,23.96,23.94,23.94,622168,0
IBTE.US,D,20240401,000000,23.87,23.87,23.85,23.85,432678,0
IBTE.US,D,20240402,000000,23.87,23.87,23.86,23.86,382116,0
IBTE.US,D,20240403,000000,23.86,23.87,23.86,23.87,467803,0
IBTE.US,D,20240404,000000,23.89,23.89,23.88,23.88,380086,0
IBTE.US,D,20240405,000000,23.89,23.89,23.88,23.88,421640,0
IBTE.US,D,20240408,000000,23.88,23.89,23.88,23.89,405666,0
IBTE.US,D,20240409,000000,23.88,23.89,23.88,23.88,507529,0
IBTE.US,D,20240410,000000,23.88,23.89,23.88,23.89,521527,0
IBTE.US,D,20240411,000000,23.89,23.9,23.89,23.89,407524,0
IBTE.US,D,20240412,000000,23.89,23.91,23.89,23.91,482181,0
IBTE.US,D,20240415,000000,23.9,23.91,23.9,23.91,348921,0
IBTE.US,D,20240416,000000,23.9,23.91,23.9,23.9,636978,0
IBTE.US,D,20240417,000000,23.9,23.92,23.9,23.92,2840168,0
IBTE.US,D,20240418,000000,23.92,23.93,23.92,23.93,526447,0
IBTE.US,D,20240419,000000,23.92,23.93,23.92,23.93,343879,0
IBTE.US,D,20240422,000000,23.93,23.93,23.92,23.93,958753,0
IBTE.US,D,20240423,000000,23.92,23.93,23.92,23.925,358732,0
IBTE.US,D,20240424,000000,23.92,23.93,23.92,23.925,360819,0
IBTE.US,D,20240425,000000,23.93,23.94,23.93,23.94,746026,0
IBTE.US,D,20240426,000000,23.94,23.95,23.94,23.94,351627,0
IBTE.US,D,20240429,000000,23.94,23.95,23.94,23.94,397334,0
IBTE.US,D,20240430,000000,23.96,23.96,23.94,23.95,2228132,0
IBTE.US,D,20240501,000000,23.87,23.87,23.86,23.87,316859,0
IBTE.US,D,20240502,000000,23.87,23.88,23.87,23.88,1223368,0
IBTE.US,D,20240503,000000,23.89,23.89,23.87,23.88,356865,0
IBTE.US,D,20240506,000000,23.87,23.88,23.87,23.88,427810,0
IBTE.US,D,20240507,000000,23.88,23.89,23.88,23.89,244574,0
IBTE.US,D,20240508,000000,23.88,23.89,23.88,23.89,495863,0
IBTE.US,D,20240509,000000,23.91,23.91,23.9,23.91,259987,0
IBTE.US,D,20240510,000000,23.9,23.91,23.9,23.91,319080,0
IBTE.US,D,20240513,000000,23.91,23.91,23.9,23.91,524118,0
IBTE.US,D,20240514,000000,23.9,23.91,23.9,23.9,356511,0
IBTE.US,D,20240515,000000,23.9,23.91,23.9,23.9,328794,0
IBTE.US,D,20240516,000000,23.91,23.92,23.91,23.91,721272,0
IBTE.US,D,20240517,000000,23.92,23.93,23.92,23.93,520812,0
IBTE.US,D,20240520,000000,23.925,23.93,23.92,23.93,281448,0
IBTE.US,D,20240521,000000,23.92,23.94,23.92,23.94,278481,0
IBTE.US,D,20240522,000000,23.94,23.94,23.93,23.94,275240,0
IBTE.US,D,20240523,000000,23.94,23.95,23.94,23.95,441739,0
IBTE.US,D,20240524,000000,23.94,23.96,23.94,23.96,286254,0
IBTE.US,D,20240528,000000,23.96,23.96,23.95,23.95,537556,0
IBTE.US,D,20240529,000000,23.95,23.96,23.95,23.96,271511,0
IBTE.US,D,20240530,000000,23.95,23.96,23.95,23.955,404798,0
IBTE.US,D,20240531,000000,23.96,23.97,23.96,23.965,275360,0
IBTE.US,D,20240603,000000,23.88,23.88,23.87,23.88,281421,0
IBTE.US,D,20240604,000000,23.88,23.89,23.88,23.88,347838,0
IBTE.US,D,20240605,000000,23.88,23.89,23.88,23.89,488599,0
IBTE.US,D,20240606,000000,23.88,23.89,23.88,23.885,853706,0
IBTE.US,D,20240607,000000,23.9,23.9,23.89,23.9,565493,0
IBTE.US,D,20240610,000000,23.89,23.91,23.89,23.91,512133,0
IBTE.US,D,20240611,000000,23.92,23.92,23.9,23.9,341011,0
IBTE.US,D,20240612,000000,23.9,23.92,23.9,23.92,701981,0
IBTE.US,D,20240613,000000,23.91,23.92,23.91,23.91,337645,0
IBTE.US,D,20240614,000000,23.92,23.93,23.92,23.93,379116,0
IBTE.US,D,20240617,000000,23.93,23.93,23.92,23.92,237952,0
IBTE.US,D,20240618,000000,23.93,23.94,23.93,23.94,349185,0
IBTE.US,D,20240620,000000,23.93,23.94,23.93,23.94,663393,0
IBTE.US,D,20240621,000000,23.96,23.96,23.94,23.95,1151520,0
IBTE.US,D,20240624,000000,23.97,23.97,23.95,23.96,226567,0
IBTE.US,D,20240625,000000,23.95,23.96,23.95,23.96,408096,0
IBTE.US,D,20240626,000000,23.95,23.96,23.95,23.96,394061,0
IBTE.US,D,20240627,000000,23.95,23.97,23.95,23.97,479505,0
IBTE.US,D,20240628,000000,23.97,23.98,23.97,23.98,247701,0
IBTE.US,D,20240701,000000,23.88,23.89,23.88,23.89,294724,0
IBTE.US,D,20240702,000000,23.88,23.89,23.88,23.88,302858,0
IBTE.US,D,20240703,000000,23.89,23.9,23.89,23.9,375311,0
IBTE.US,D,20240705,000000,23.91,23.91,23.9,23.91,223110,0
IBTE.US,D,20240708,000000,23.9,23.91,23.9,23.91,246056,0
IBTE.US,D,20240709,000000,23.9,23.91,23.9,23.91,494814,0
IBTE.US,D,20240710,000000,23.92,23.92,23.91,23.91,842340,0
IBTE.US,D,20240711,000000,23.91,23.92,23.91,23.91,570205,0
IBTE.US,D,20240712,000000,23.92,23.93,23.92,23.93,405807,0
IBTE.US,D,20240715,000000,23.93,23.94,23.93,23.94,520219,0
IBTE.US,D,20240716,000000,23.94,23.94,23.93,23.93,1298541,0
IBTE.US,D,20240717,000000,23.93,23.94,23.93,23.935,188002,0
IBTE.US,D,20240718,000000,23.94,23.94,23.93,23.93,788466,0
IBTE.US,D,20240719,000000,23.94,23.96,23.94,23.94,128379,0
IBTE.US,D,20240722,000000,23.95,23.96,23.95,23.95,491645,0
IBTE.US,D,20240723,000000,23.97,23.97,23.96,23.97,1188405,0
IBTE.US,D,20240724,000000,23.96,23.97,23.96,23.96,255217,0
IBTE.US,D,20240725,000000,23.96,23.98,23.96,23.96,500928,0
IBTE.US,D,20240726,000000,23.97,23.98,23.97,23.97,367232,0
IBTE.US,D,20240729,000000,23.97,23.98,23.97,23.97,651997,0
IBTE.US,D,20240730,000000,23.98,23.99,23.98,23.98,308225,0
IBTE.US,D,20240731,000000,23.98,24,23.98,23.98,576121,0
IBTE.US,D,20240801,000000,23.89,23.9,23.89,23.9,259256,0
IBTE.US,D,20240802,000000,23.91,23.91,23.9,23.9,563169,0
IBTE.US,D,20240805,000000,23.92,23.92,23.91,23.92,861175,0
IBTE.US,D,20240806,000000,23.92,23.93,23.91,23.915,460994,0
IBTE.US,D,20240807,000000,23.92,23.92,23.91,23.92,372369,0
IBTE.US,D,20240808,000000,23.91,23.92,23.91,23.91,360721,0
IBTE.US,D,20240809,000000,23.92,23.93,23.92,23.925,268305,0
IBTE.US,D,20240812,000000,23.92,23.93,23.92,23.92,545122,0
IBTE.US,D,20240813,000000,23.93,23.94,23.93,23.93,566532,0
IBTE.US,D,20240814,000000,23.93,23.95,23.93,23.94,518622,0
IBTE.US,D,20240815,000000,23.95,23.95,23.93,23.93,432894,0
IBTE.US,D,20240816,000000,23.95,23.95,23.94,23.94,653138,0
IBTE.US,D,20240819,000000,23.95,23.96,23.95,23.96,240388,0
IBTE.US,D,20240820,000000,23.95,23.96,23.95,23.95,416598,0
IBTE.US,D,20240821,000000,23.96,23.97,23.96,23.97,1277528,0
IBTE.US,D,20240822,000000,23.96,23.97,23.96,23.96,352524,0
IBTE.US,D,20240823,000000,23.97,23.98,23.97,23.98,371252,0
IBTE.US,D,20240826,000000,23.98,23.98,23.97,23.97,338518,0
IBTE.US,D,20240827,000000,23.98,23.99,23.98,23.99,291174,0
IBTE.US,D,20240828,000000,23.98,23.99,23.98,23.98,626201,0
IBTE.US,D,20240829,000000,23.99,24,23.99,24,222511,0
IBTE.US,D,20240830,000000,24,24.01,24,24.01,216523,0
IBTE.US,D,20240903,000000,23.9,23.91,23.9,23.9,555307,0
IBTE.US,D,20240904,000000,23.91,23.92,23.91,23.91,337236,0
IBTE.US,D,20240905,000000,23.92,23.92,23.91,23.91,1095123,0
IBTE.US,D,20240906,000000,23.925,23.93,23.92,23.92,600854,0
IBTE.US,D,20240909,000000,23.92,23.94,23.92,23.94,12573470,0
IBTE.US,D,20240910,000000,23.93,23.94,23.92,23.94,9577849,0
IBTE.US,D,20240911,000000,23.93,23.94,23.93,23.94,904568,0
IBTE.US,D,20240912,000000,23.94,23.94,23.93,23.94,534334,0
IBTE.US,D,20240913,000000,23.94,23.955,23.94,23.95,700373,0
IBTE.US,D,20240916,000000,23.95,23.96,23.95,23.95,346180,0
IBTE.US,D,20240917,000000,23.95,23.96,23.95,23.95,362507,0
IBTE.US,D,20240918,000000,23.95,23.97,23.95,23.96,943477,0
IBTE.US,D,20240919,000000,23.97,23.98,23.96,23.97,969005,0
IBTE.US,D,20240920,000000,23.99,23.99,23.98,23.98,445551,0
IBTE.US,D,20240923,000000,23.98,23.99,23.98,23.98,315076,0
IBTE.US,D,20240924,000000,23.98,23.99,23.98,23.99,747116,0
IBTE.US,D,20240925,000000,23.98,23.99,23.97,23.98,4016034,0
IBTE.US,D,20240926,000000,23.99,24,23.99,23.99,407720,0
IBTE.US,D,20240927,000000,24,24.01,24,24,272165,0
IBTE.US,D,20240930,000000,24,24.01,24,24,595593,0
IBTE.US,D,20241001,000000,23.9,23.91,23.9,23.91,1340127,0
IBTE.US,D,20241002,000000,23.9,23.91,23.9,23.9,378589,0
IBTE.US,D,20241003,000000,23.905,23.91,23.9,23.91,280960,0
IBTE.US,D,20241004,000000,23.92,23.92,23.91,23.91,394047,0
IBTE.US,D,20241007,000000,23.92,23.92,23.91,23.92,493578,0
IBTE.US,D,20241008,000000,23.93,23.93,23.92,23.92,671246,0
IBTE.US,D,20241009,000000,23.925,23.93,23.92,23.93,359735,0
IBTE.US,D,20241010,000000,23.92,23.93,23.92,23.93,467193,0
IBTE.US,D,20241011,000000,23.95,23.95,23.93,23.94,526527,0
IBTE.US,D,20241014,000000,23.94,23.94,23.93,23.94,396426,0
IBTE.US,D,20241015,000000,23.93,23.94,23.93,23.93,862839,0
IBTE.US,D,20241016,000000,23.94,23.95,23.94,23.94,785774,0
IBTE.US,D,20241017,000000,23.94,23.95,23.94,23.94,538009,0
IBTE.US,D,20241018,000000,23.95,23.96,23.95,23.95,296838,0
IBTE.US,D,20241021,000000,23.95,23.96,23.95,23.96,368899,0
IBTE.US,D,20241022,000000,23.96,23.96,23.95,23.96,1230436,0
IBTE.US,D,20241023,000000,23.96,23.97,23.96,23.97,310686,0
IBTE.US,D,20241024,000000,23.96,23.97,23.96,23.97,1142003,0
IBTE.US,D,20241025,000000,23.97,23.98,23.97,23.97,333047,0
IBTE.US,D,20241028,000000,23.97,23.98,23.97,23.97,243567,0
IBTE.US,D,20241029,000000,23.98,23.99,23.98,23.98,442409,0
IBTE.US,D,20241030,000000,23.98,23.99,23.98,23.98,258908,0
IBTE.US,D,20241031,000000,23.99,23.99,23.98,23.98,430923,0
IBTE.US,D,20241101,000000,23.9,23.9,23.89,23.9,741223,0
IBTE.US,D,20241104,000000,23.9,23.9,23.9,23.9,931676,0
