<TICKER>,<PER>,<DATE>,<TIME>,<OPEN>,<HIGH>,<LOW>,<CLOSE>,<VOL>,<OPENINT>
IBTF.US,D,20200302,000000,25.1429,25.1429,25.1231,25.1231,4041.1285216897,0
IBTF.US,D,20200303,000000,25.2027,25.3601,25.2027,25.3302,3357.2297833024,0
IBTF.US,D,20200306,000000,25.5592,25.5592,25.4994,25.4994,807.42229906524,0
IBTF.US,D,20200309,000000,25.7384,25.7384,25.6488,25.6488,8732.0110576769,0
IBTF.US,D,20200310,000000,25.5891,25.5991,25.4497,25.4497,5552.5346909598,0
IBTF.US,D,20200311,000000,25.4896,25.4896,25.3501,25.3501,141196.46816414,0
IBTF.US,D,20200312,000000,25.4447,25.5393,25.3102,25.3102,20500.894046167,0
IBTF.US,D,20200313,000000,25.2814,26.0651,25.2416,25.2416,309417.4811888,0
IBTF.US,D,20200316,000000,25.4896,25.5592,25.4198,25.5592,20266.902260492,0
IBTF.US,D,20200317,000000,25.5691,25.5691,25.3202,25.3202,1551.5764329052,0
IBTF.US,D,20200318,000000,25.2634,25.3202,25.0732,25.1699,6805.8469163745,0
IBTF.US,D,20200319,000000,25.2316,25.3819,25.2226,25.2226,3873.4176710132,0
IBTF.US,D,20200320,000000,25.4198,25.4994,25.4198,25.4994,581.46456611788,0
IBTF.US,D,20200323,000000,25.5791,25.7334,25.5791,25.7334,1127.7801515551,0
IBTF.US,D,20200324,000000,25.6179,25.6179,25.5493,25.5493,2930.4207321796,0
IBTF.US,D,20200325,000000,25.5991,25.5991,25.5293,25.5711,684.90299497822,0
IBTF.US,D,20200327,000000,25.6698,25.7584,25.6688,25.7584,850.60533247296,0
IBTF.US,D,20200330,000000,25.8121,25.8371,25.7484,25.7633,51179.928640873,0
IBTF.US,D,20200331,000000,25.7932,25.8659,25.7932,25.8659,2872.1738499087,0
IBTF.US,D,20200401,000000,25.8758,25.8758,25.8121,25.8121,851.60958906383,0
IBTF.US,D,20200402,000000,25.8071,25.847,25.7982,25.7982,2061.7387810708,0
IBTF.US,D,20200403,000000,25.8659,25.9156,25.8071,25.8071,1400.9379442736,0
IBTF.US,D,20200406,000000,25.7534,25.8171,25.7235,25.7285,1718.2830269908,0
IBTF.US,D,20200407,000000,25.7186,25.7186,25.6886,25.6886,105.4469420421,0
IBTF.US,D,20200408,000000,25.6787,25.6936,25.6787,25.6936,372.57919521543,0
IBTF.US,D,20200409,000000,25.7584,25.7683,25.7285,25.7554,736.12008111296,0
IBTF.US,D,20200413,000000,25.7534,25.7883,25.7086,25.7304,883.7457999719,0
IBTF.US,D,20200414,000000,25.7883,25.7982,25.7285,25.7285,2110.9473540238,0
IBTF.US,D,20200415,000000,25.8371,25.8609,25.8371,25.8609,424.80053794104,0
IBTF.US,D,20200416,000000,25.847,25.8958,25.8371,25.8519,2512.6499903747,0
IBTF.US,D,20200417,000000,25.8758,25.8858,25.8071,25.8071,1222.1802710975,0
IBTF.US,D,20200420,000000,25.8071,25.8659,25.8071,25.846,1109.7035329193,0
IBTF.US,D,20200421,000000,25.8958,25.8958,25.847,25.8709,568.40923043647,0
IBTF.US,D,20200422,000000,25.8071,25.8569,25.8071,25.8321,1037.3970583761,0
IBTF.US,D,20200423,000000,25.8171,25.8171,25.8071,25.8071,404.7154061235,0
IBTF.US,D,20200424,000000,25.7982,25.8659,25.7982,25.8321,642.72421816138,0
IBTF.US,D,20200427,000000,25.8071,25.8071,25.7584,25.7833,795.37121997471,0
IBTF.US,D,20200428,000000,25.7883,25.847,25.7883,25.8321,918.8947806526,0
IBTF.US,D,20200429,000000,25.8271,25.85,25.8271,25.85,323.37062226245,0
IBTF.US,D,20200430,000000,25.8371,25.8958,25.8271,25.841,1123.7631251915,0
IBTF.US,D,20200501,000000,25.8171,25.847,25.8171,25.8241,978.14591951436,0
IBTF.US,D,20200504,000000,25.7982,25.8321,25.7982,25.8321,826.5031742919,0
IBTF.US,D,20200505,000000,25.7982,25.8569,25.7982,25.8221,1082.5886049656,0
IBTF.US,D,20200506,000000,25.7683,25.8171,25.7683,25.8121,3272.8722296687,0
IBTF.US,D,20200507,000000,25.8071,25.9008,25.8071,25.9008,421.78776816841,0
IBTF.US,D,20200508,000000,25.9107,25.9356,25.8739,25.8739,733.10731134033,0
IBTF.US,D,20200511,000000,25.847,25.8659,25.8371,25.8371,704.98812679577,0
IBTF.US,D,20200512,000000,25.8171,25.8609,25.8171,25.8609,425.80479453192,0
IBTF.US,D,20200513,000000,25.8758,25.9156,25.8659,25.8659,1072.5460390568,0
IBTF.US,D,20200514,000000,25.8858,25.9356,25.8858,25.9008,1584.7169004042,0
IBTF.US,D,20200515,000000,25.8758,25.9156,25.8758,25.8988,649.75401429752,0
IBTF.US,D,20200518,000000,25.9256,25.9256,25.9256,25.9256,2318.8284683354,0
IBTF.US,D,20200519,000000,25.8569,25.8709,25.8569,25.8709,3449.6213896631,0
IBTF.US,D,20200521,000000,25.8758,25.8758,25.8659,25.8659,1792.5980147157,0
IBTF.US,D,20200522,000000,25.8898,25.8958,25.8808,25.8808,398.68986657823,0
IBTF.US,D,20200526,000000,25.8659,25.8659,25.8659,25.8659,3404.4298430736,0
IBTF.US,D,20200527,000000,25.8749,25.8808,25.8609,25.8609,1520.444478588,0
IBTF.US,D,20200528,000000,25.8758,25.8758,25.8659,25.8659,1755.4405208533,0
IBTF.US,D,20200529,000000,25.8758,25.9107,25.8758,25.9107,1058.4864467845,0
IBTF.US,D,20200601,000000,25.8858,25.8908,25.8858,25.8908,157.66828476771,0
IBTF.US,D,20200603,000000,25.8271,25.8271,25.8061,25.8061,639.71144838875,0
IBTF.US,D,20200604,000000,25.7883,25.7883,25.7733,25.7733,234.99604226526,0
IBTF.US,D,20200605,000000,25.6986,25.7036,25.6986,25.7036,588.49436225402,0
IBTF.US,D,20200608,000000,25.6886,25.7235,25.6886,25.7235,429.82182089543,0
IBTF.US,D,20200609,000000,25.7733,25.7883,25.7733,25.7883,301.27697726315,0
IBTF.US,D,20200611,000000,25.9058,25.9058,25.8778,25.8778,1604.8020322217,0
IBTF.US,D,20200612,000000,25.8858,25.8858,25.8758,25.8758,458.94526203086,0
IBTF.US,D,20200615,000000,25.8958,25.8958,25.8958,25.8958,316.34082612631,0
IBTF.US,D,20200616,000000,25.8659,25.8659,25.8519,25.8519,775.28608815717,0
IBTF.US,D,20200617,000000,25.8758,25.8758,25.8569,25.8569,944.00119542453,0
IBTF.US,D,20200618,000000,25.8858,25.8858,25.8709,25.8709,1367.7974767747,0
IBTF.US,D,20200619,000000,25.8858,25.8858,25.8758,25.8758,160.68105454035,0
IBTF.US,D,20200622,000000,25.8858,25.8958,25.8659,25.8659,1081.5843483747,0
IBTF.US,D,20200623,000000,25.8569,25.8858,25.8569,25.8709,438.86013021332,0
IBTF.US,D,20200624,000000,25.8858,25.8858,25.8858,25.8858,164.69808090385,0
IBTF.US,D,20200625,000000,25.9156,25.9156,25.8858,25.8858,280.18758885473,0
IBTF.US,D,20200626,000000,25.9256,25.9256,25.9156,25.9156,232.9875290835,0
IBTF.US,D,20200629,000000,25.9456,25.9456,25.9456,25.9456,176.74915999438,0
IBTF.US,D,20200630,000000,25.9456,25.9456,25.9356,25.9356,227.96624612912,0
IBTF.US,D,20200702,000000,25.9156,25.9406,25.9156,25.9406,279.18333226385,0
IBTF.US,D,20200706,000000,25.9156,25.9206,25.9156,25.9206,592.51138861753,0
IBTF.US,D,20200707,000000,25.9356,25.9456,25.9356,25.9456,9556.5057187871,0
IBTF.US,D,20200708,000000,25.9456,25.9456,25.9306,25.9356,623.64334293472,0
IBTF.US,D,20200709,000000,25.9655,25.9655,25.9555,25.9555,215.91516703859,0
IBTF.US,D,20200710,000000,25.9555,25.9555,25.9406,25.9406,2241.5007108378,0
IBTF.US,D,20200713,000000,25.9356,25.9456,25.9356,25.9456,1330.6399829122,0
IBTF.US,D,20200714,000000,25.9754,25.9754,25.9456,25.9456,279.18333226385,0
IBTF.US,D,20200716,000000,25.9854,25.9854,25.9655,25.9655,2790.8290660476,0
IBTF.US,D,20200720,000000,25.9655,25.9655,25.9555,25.9555,847.59256270032,0
IBTF.US,D,20200721,000000,25.9754,25.9854,25.9754,25.9754,4374.5417098609,0
IBTF.US,D,20200722,000000,25.9754,25.9754,25.9754,25.9754,395.6770968056,0
IBTF.US,D,20200723,000000,25.9953,25.9953,25.9754,25.9754,251.06414771929,0
IBTF.US,D,20200724,000000,25.9854,25.9854,25.9655,25.9754,361.53237271578,0
IBTF.US,D,20200727,000000,25.9754,25.9754,25.9555,25.9555,619.62631657121,0
IBTF.US,D,20200728,000000,25.9854,25.9854,25.9854,25.9854,300.27272067227,0
IBTF.US,D,20200730,000000,26.0253,26.0253,26.0153,26.0253,730.0945415677,0
IBTF.US,D,20200731,000000,26.0253,26.0451,26.0253,26.0451,331.40467498946,0
IBTF.US,D,20200803,000000,26.0153,26.0253,26.0153,26.0253,228.97050271999,0
IBTF.US,D,20200804,000000,26.0651,26.0651,26.0601,26.0601,289.22589817262,0
IBTF.US,D,20200805,000000,26.0153,26.0351,26.0153,26.0253,627.66036929823,0
IBTF.US,D,20200807,000000,26.0351,26.0351,26.0153,26.0153,706.99663997752,0
IBTF.US,D,20200810,000000,25.9953,26.0053,25.9953,26.0053,204.86834453894,0
IBTF.US,D,20200812,000000,25.9456,25.9456,25.9356,25.9356,187.79598249403,0
IBTF.US,D,20200813,000000,25.9456,25.9456,25.9156,25.9156,770.26480520278,0
IBTF.US,D,20200814,000000,25.9456,25.9456,25.9356,25.9356,807.42229906524,0
IBTF.US,D,20200817,000000,25.9655,25.9655,25.9456,25.9456,540.29004589191,0
IBTF.US,D,20200818,000000,25.9754,25.9754,25.9655,25.9655,475.0133674849,0
IBTF.US,D,20200819,000000,25.9754,25.9754,25.9476,25.9476,438.86013021332,0
IBTF.US,D,20200820,000000,25.9754,25.9854,25.9754,25.9754,724.06900202243,0
IBTF.US,D,20200821,000000,25.9854,25.9854,25.9754,25.9754,255.0811740828,0
IBTF.US,D,20200824,000000,25.9655,25.9655,25.9555,25.9555,586.48584907226,0
IBTF.US,D,20200825,000000,25.9356,25.9456,25.9356,25.9456,289.22589817262,0
IBTF.US,D,20200827,000000,25.9456,25.9655,25.9256,25.9256,1241.2611463242,0
IBTF.US,D,20200828,000000,25.9754,25.9754,25.9655,25.9655,647.74550111577,0
IBTF.US,D,20200831,000000,25.9854,25.9854,25.9655,25.9655,251.06414771929,0
IBTF.US,D,20200901,000000,25.9754,25.9754,25.9754,25.9754,214.91091044771,0
IBTF.US,D,20200902,000000,25.9655,25.9754,25.9655,25.9754,608.57949407156,0
IBTF.US,D,20200903,000000,26.0053,26.0053,25.9983,25.9983,357.51534635227,0
IBTF.US,D,20200904,000000,25.9555,25.9555,25.9256,25.9256,630.67313907086,0
IBTF.US,D,20200908,000000,25.9456,25.9655,25.9456,25.9555,1909.0917792575,0
IBTF.US,D,20200909,000000,25.9456,25.9555,25.9456,25.9555,811.43932542875,0
IBTF.US,D,20200910,000000,25.9555,25.9555,25.9555,25.9555,515.18363111998,0
IBTF.US,D,20200911,000000,25.9754,25.9754,25.9655,25.9754,569.41348702735,0
IBTF.US,D,20200914,000000,25.9655,25.9854,25.9655,25.9655,266.12799658245,0
IBTF.US,D,20200915,000000,25.9754,25.9754,25.9655,25.9655,615.6092902077,0
IBTF.US,D,20200916,000000,25.9744,25.9754,25.9555,25.9555,1455.167800181,0
IBTF.US,D,20200917,000000,25.9655,25.9754,25.9555,25.9555,668.83488952419,0
IBTF.US,D,20200918,000000,25.9655,25.9655,25.9456,25.9456,661.80509338805,0
IBTF.US,D,20200921,000000,25.9854,25.9854,25.9655,25.9655,299.26846408139,0
IBTF.US,D,20200922,000000,25.9754,25.9754,25.9555,25.9555,557.36240793682,0
IBTF.US,D,20200924,000000,25.9754,25.9754,25.9655,25.9655,516.18788771086,0
IBTF.US,D,20200925,000000,25.9953,25.9953,25.9754,25.9754,351.48980680701,0
IBTF.US,D,20200928,000000,25.9854,25.9854,25.9754,25.9754,352.49406339788,0
IBTF.US,D,20200929,000000,25.9953,25.9953,25.9953,25.9953,4164.6520823676,0
IBTF.US,D,20200930,000000,25.9754,25.9754,25.9655,25.9655,334.41744476209,0
IBTF.US,D,20201001,000000,25.9754,25.9754,25.9655,25.9655,730.0945415677,0
IBTF.US,D,20201002,000000,25.9555,25.9555,25.9456,25.9555,817.46486497401,0
IBTF.US,D,20201005,000000,25.9058,25.9058,25.8958,25.8958,277.1748190821,0
IBTF.US,D,20201007,000000,25.9058,25.9058,25.8858,25.8858,270.14502294596,0
IBTF.US,D,20201008,000000,25.8858,25.9058,25.8858,25.9058,489.07295975718,0
IBTF.US,D,20201012,000000,25.9058,25.9058,25.9008,25.9008,377.60047816981,0
IBTF.US,D,20201013,000000,25.9356,25.9356,25.9256,25.9256,306.29826021753,0
IBTF.US,D,20201014,000000,25.9356,25.9456,25.9356,25.9356,829.51594406454,0
IBTF.US,D,20201015,000000,25.9446,25.9446,25.9256,25.9256,524.22194043788,0
IBTF.US,D,20201016,000000,25.9356,25.9356,25.9156,25.9156,825.49891770103,0
IBTF.US,D,20201019,000000,25.9058,25.9156,25.9058,25.9058,502.12829543858,0
IBTF.US,D,20201020,000000,25.9156,25.9156,25.8958,25.8958,2502.6074244659,0
IBTF.US,D,20201022,000000,25.8758,25.8758,25.8519,25.8519,977.14166292348,0
IBTF.US,D,20201023,000000,25.8659,25.8659,25.8609,25.8609,877.72026042664,0
IBTF.US,D,20201026,000000,25.8858,25.8858,25.8858,25.8858,518.19640089262,0
IBTF.US,D,20201027,000000,25.9058,25.9058,25.9058,25.9058,234.99604226526,0
IBTF.US,D,20201028,000000,25.9206,25.9206,25.9058,25.9058,298.26420749052,0
IBTF.US,D,20201030,000000,25.8659,25.8758,25.8609,25.8609,584.47733589051,0
IBTF.US,D,20201102,000000,25.8758,25.8758,25.847,25.847,1940.2237335747,0
IBTF.US,D,20201104,000000,25.9058,25.9058,25.9058,25.9058,296.25569430876,0
IBTF.US,D,20201105,000000,25.8958,25.9008,25.8958,25.9008,1008.2736172407,0
IBTF.US,D,20201109,000000,25.7982,25.7982,25.7873,25.7952,1044.4268545122,0
IBTF.US,D,20201110,000000,25.7883,25.7883,25.7733,25.7733,305.29400362666,0
IBTF.US,D,20201112,000000,25.8371,25.8371,25.8371,25.8371,411.74520225964,0
IBTF.US,D,20201113,000000,25.8271,25.8271,25.8271,25.8271,209.88962749333,0
IBTF.US,D,20201117,000000,25.847,25.847,25.842,25.847,720.05197565893,0
IBTF.US,D,20201118,000000,25.847,25.847,25.8271,25.8371,1206.1121656435,0
IBTF.US,D,20201119,000000,25.8569,25.8569,25.847,25.847,231.98327249262,0
IBTF.US,D,20201120,000000,25.8659,25.8659,25.847,25.8609,441.87289998595,0
IBTF.US,D,20201123,000000,25.8371,25.847,25.8371,25.847,271.14927953683,0
IBTF.US,D,20201124,000000,25.842,25.847,25.8371,25.847,618.62205998033,0
IBTF.US,D,20201125,000000,25.8659,25.8659,25.8519,25.8519,214.91091044771,0
IBTF.US,D,20201130,000000,25.8858,25.8858,25.8768,25.8808,546.31558543718,0
IBTF.US,D,20201203,000000,25.8171,25.8371,25.8171,25.8371,805.41378588348,0
IBTF.US,D,20201204,000000,25.7883,25.8071,25.7883,25.8071,103.43842886035,0
IBTF.US,D,20201207,000000,25.847,25.847,25.8371,25.8371,47250.27260077,0
IBTF.US,D,20201208,000000,25.8569,25.8569,25.8371,25.842,582.46882270875,0
IBTF.US,D,20201209,000000,25.8171,25.8271,25.8171,25.8221,536.2730195284,0
IBTF.US,D,20201210,000000,25.8371,25.847,25.8371,25.847,2261.5858426554,0
IBTF.US,D,20201215,000000,25.8749,25.8758,25.8709,25.8709,923.91606360699,0
IBTF.US,D,20201216,000000,25.8659,25.8709,25.8659,25.8709,363.54088589753,0
IBTF.US,D,20201217,000000,25.8858,25.8858,25.8609,25.8609,530.24747998314,0
IBTF.US,D,20201218,000000,25.8569,25.8569,25.8569,25.8569,20.085131817543,0
IBTF.US,D,20201221,000000,25.8659,25.8659,25.8569,25.8569,133.56612658666,0
IBTF.US,D,20201222,000000,25.8749,25.8858,25.8659,25.8758,1863.900232668,0
IBTF.US,D,20201223,000000,25.8659,25.8659,25.8569,25.8659,1135.8142042821,0
IBTF.US,D,20201224,000000,25.8848,25.8858,25.8758,25.8758,228.97050271999,0
IBTF.US,D,20201229,000000,25.8858,25.8858,25.8788,25.8808,1888.0023908491,0
IBTF.US,D,20201230,000000,25.8659,25.8858,25.8659,25.8858,567.4049738456,0
IBTF.US,D,20201231,000000,25.9058,25.9058,25.8858,25.8958,1125.7716383733,0
IBTF.US,D,20210104,000000,25.8858,25.9058,25.8858,25.9058,539.28578930104,0
IBTF.US,D,20210105,000000,25.8958,25.8958,25.8808,25.8858,911.86498451646,0
IBTF.US,D,20210106,000000,25.8569,25.8569,25.8171,25.8321,2355.9859621978,0
IBTF.US,D,20210107,000000,25.8171,25.8171,25.7883,25.8021,2996.7016671775,0
IBTF.US,D,20210108,000000,25.7833,25.7883,25.7733,25.7733,2582.9479517361,0
IBTF.US,D,20210111,000000,25.7683,25.7683,25.7584,25.7584,728.08602838594,0
IBTF.US,D,20210112,000000,25.7484,25.7623,25.7245,25.7623,2643.2033471887,0
IBTF.US,D,20210113,000000,25.7683,25.7982,25.7683,25.7833,14228.307379548,0
IBTF.US,D,20210114,000000,25.7982,25.8021,25.7683,25.7783,4075.2732457795,0
IBTF.US,D,20210115,000000,25.8171,25.8171,25.7982,25.8071,2576.9224121908,0
IBTF.US,D,20210119,000000,25.8061,25.8271,25.8061,25.8171,138746.0820824,0
IBTF.US,D,20210120,000000,25.8171,25.8271,25.8071,25.8171,3298.9829010315,0
IBTF.US,D,20210121,000000,25.8171,25.8271,25.8061,25.8171,53592.152972159,0
IBTF.US,D,20210122,000000,25.8371,25.8371,25.8321,25.8321,29826.420749052,0
IBTF.US,D,20210125,000000,25.8559,25.8659,25.847,25.8569,1624.8871640392,0
IBTF.US,D,20210126,000000,25.8659,25.8659,25.85,25.8519,730.0945415677,0
IBTF.US,D,20210128,000000,25.847,25.8569,25.847,25.847,1118.7418422372,0
IBTF.US,D,20210129,000000,25.846,25.8569,25.8361,25.846,2075.7983733431,0
IBTF.US,D,20210201,000000,25.842,25.8569,25.842,25.847,2509.637220602,0
IBTF.US,D,20210202,000000,25.8171,25.8221,25.8171,25.8221,503.13255202946,0
IBTF.US,D,20210203,000000,25.8121,25.8121,25.8031,25.8071,1587.7296701768,0
IBTF.US,D,20210204,000000,25.8071,25.8141,25.8071,25.8121,1257.3292517782,0
IBTF.US,D,20210205,000000,25.8261,25.8271,25.8021,25.8021,3087.0847603564,0
IBTF.US,D,20210208,000000,25.8071,25.8071,25.7932,25.7932,546.31558543718,0
IBTF.US,D,20210209,000000,25.8021,25.8021,25.7932,25.7932,1125.7716383733,0
IBTF.US,D,20210210,000000,25.8071,25.8251,25.8071,25.8171,1026.3502358765,0
IBTF.US,D,20210211,000000,25.8271,25.8271,25.8171,25.8171,1181.0057508715,0
IBTF.US,D,20210212,000000,25.7883,25.7982,25.7883,25.7932,2116.9728935691,0
IBTF.US,D,20210216,000000,25.7584,25.7584,25.7186,25.7186,4426.7630525865,0
IBTF.US,D,20210217,000000,25.7086,25.7384,25.7086,25.7285,2128.0197160687,0
IBTF.US,D,20210218,000000,25.7384,25.7484,25.7384,25.7384,2766.7269078666,0
IBTF.US,D,20210219,000000,25.7186,25.7186,25.7136,25.7136,358.51960294315,0
IBTF.US,D,20210222,000000,25.7086,25.7086,25.6946,25.6986,1230.2143238245,0
IBTF.US,D,20210224,000000,25.6886,25.6886,25.6787,25.6886,2118.9814067508,0
IBTF.US,D,20210225,000000,25.5991,25.5991,25.4994,25.4994,15386.215228829,0
IBTF.US,D,20210226,000000,25.5194,25.5781,25.4756,25.5781,3480.7533439802,0
IBTF.US,D,20210301,000000,25.5891,25.5891,25.5741,25.5891,860.64789838173,0
IBTF.US,D,20210302,000000,25.6239,25.6289,25.6149,25.6279,1326.6229565487,0
IBTF.US,D,20210303,000000,25.5691,25.5741,25.5691,25.5741,1231.2185804154,0
IBTF.US,D,20210304,000000,25.5841,25.5891,25.5293,25.5293,3365.2638360294,0
IBTF.US,D,20210308,000000,25.4596,25.4596,25.4497,25.4497,927.9330899705,0
IBTF.US,D,20210309,000000,25.4896,25.4896,25.4846,25.4846,748.17116020349,0
IBTF.US,D,20210310,000000,25.4944,25.5194,25.4944,25.5144,2521.6882996926,0
IBTF.US,D,20210311,000000,25.5284,25.5393,25.5224,25.5293,8907.7559610804,0
IBTF.US,D,20210312,000000,25.4796,25.4796,25.4497,25.4696,4296.2096957725,0
IBTF.US,D,20210315,000000,25.4746,25.4796,25.4746,25.4796,867.67769451787,0
IBTF.US,D,20210316,000000,25.4896,25.4994,25.4896,25.4896,4119.4605357781,0
IBTF.US,D,20210317,000000,25.4796,25.5393,25.4666,25.5393,1993.4493328912,0
IBTF.US,D,20210318,000000,25.4497,25.4796,25.4298,25.4646,17524.277510806,0
IBTF.US,D,20210319,000000,25.4696,25.4896,25.4417,25.4497,883.7457999719,0
IBTF.US,D,20210322,000000,25.4696,25.4746,25.4696,25.4746,1908.0875226666,0
IBTF.US,D,20210323,000000,25.4896,25.5094,25.4896,25.5094,404.7154061235,0
IBTF.US,D,20210324,000000,25.5094,25.5194,25.4896,25.5194,1160.920619054,0
IBTF.US,D,20210325,000000,25.5393,25.5393,25.5293,25.5293,201.85557476631,0
IBTF.US,D,20210326,000000,25.5094,25.5094,25.4896,25.4994,1040.4098281487,0
IBTF.US,D,20210329,000000,25.4994,25.4994,25.4596,25.4696,10639.094323753,0
IBTF.US,D,20210330,000000,25.4397,25.4646,25.4298,25.4646,1877.9598249403,0
IBTF.US,D,20210331,000000,25.4596,25.4596,25.4298,25.4387,3919.6134741936,0
IBTF.US,D,20210401,000000,25.4636,25.4636,25.4497,25.4497,2382.0966335606,0
IBTF.US,D,20210405,000000,25.3999,25.4298,25.3899,25.4248,4530.2014814469,0
IBTF.US,D,20210406,000000,25.4596,25.4846,25.4596,25.4846,1034.3842886035,0
IBTF.US,D,20210407,000000,25.5094,25.5094,25.4896,25.4896,978.14591951436,0
IBTF.US,D,20210408,000000,25.5144,25.5194,25.5054,25.5144,4948.9764798427,0
IBTF.US,D,20210409,000000,25.4846,25.4994,25.4846,25.4896,1152.886566327,0
IBTF.US,D,20210412,000000,25.4696,25.4696,25.4596,25.4646,2682.3693542329,0
IBTF.US,D,20210413,000000,25.4796,25.5094,25.4796,25.5094,2729.5694140041,0
IBTF.US,D,20210414,000000,25.4944,25.4994,25.4796,25.4994,2402.1817653782,0
IBTF.US,D,20210415,000000,25.5293,25.5592,25.5293,25.5393,2818.9482505922,0
IBTF.US,D,20210416,000000,25.5293,25.5293,25.5194,25.5194,2982.6420749052,0
IBTF.US,D,20210419,000000,25.5293,25.5393,25.5293,25.5293,2116.9728935691,0
IBTF.US,D,20210420,000000,25.5443,25.5691,25.5393,25.5592,144720.40454154,0
IBTF.US,D,20210421,000000,25.5393,25.5592,25.5393,25.5592,7302.9539288587,0
IBTF.US,D,20210422,000000,25.5493,25.5612,25.5393,25.5542,66226.705141985,0
IBTF.US,D,20210423,000000,25.5393,25.5443,25.5393,25.5443,1789.5852449431,0
IBTF.US,D,20210426,000000,25.5393,25.5393,25.5244,25.5244,3130.2677937641,0
IBTF.US,D,20210427,000000,25.5094,25.5094,25.4994,25.4994,700.97110043226,0
IBTF.US,D,20210428,000000,25.5044,25.5284,25.5044,25.5244,5632.87521823,0
IBTF.US,D,20210429,000000,25.5184,25.5194,25.5094,25.5194,7074.9876827296,0
IBTF.US,D,20210430,000000,25.5293,25.5343,25.5244,25.5343,1889.0066474399,0
IBTF.US,D,20210503,000000,25.5293,25.5393,25.5293,25.5393,795.37121997471,0
IBTF.US,D,20210504,000000,25.5691,25.5691,25.5413,25.5443,2051.696215162,0
IBTF.US,D,20210505,000000,25.5592,25.5691,25.5592,25.5642,3709.7238467002,0
IBTF.US,D,20210506,000000,25.5741,25.5781,25.5691,25.5691,543.30281566454,0
IBTF.US,D,20210507,000000,25.609,25.609,25.5941,25.5941,654.77529725191,0
IBTF.US,D,20210510,000000,25.5891,25.5891,25.5841,25.5841,1083.5928615565,0
IBTF.US,D,20210511,000000,25.5791,25.5791,25.5741,25.5741,198.84280499368,0
IBTF.US,D,20210512,000000,25.5284,25.5293,25.5194,25.5244,1719.2872835817,0
IBTF.US,D,20210513,000000,25.5493,25.5542,25.5493,25.5542,660.80083679717,0
IBTF.US,D,20210514,000000,25.5592,25.5592,25.5493,25.5552,4686.8655096237,0
IBTF.US,D,20210517,000000,25.5493,25.5582,25.5493,25.5542,747.16690361261,0
IBTF.US,D,20210518,000000,25.5592,25.5642,25.5542,25.5622,3983.8858960097,0
IBTF.US,D,20210519,000000,25.5592,25.5592,25.5244,25.5244,250.05989112841,0
IBTF.US,D,20210520,000000,25.5681,25.5691,25.5642,25.5642,3441.587336936,0
IBTF.US,D,20210521,000000,25.5542,25.5691,25.5542,25.5592,10272.540668082,0
IBTF.US,D,20210524,000000,25.5791,25.5791,25.5741,25.5741,825.49891770103,0
IBTF.US,D,20210525,000000,25.5941,25.6041,25.5891,25.6041,2096.8877617515,0
IBTF.US,D,20210526,000000,25.6041,25.6041,25.5991,25.5991,1423.0315892729,0
IBTF.US,D,20210527,000000,25.5801,25.5991,25.5801,25.5911,2704.4629992322,0
IBTF.US,D,20210528,000000,25.609,25.609,25.5991,25.5991,383.62601771508,0
IBTF.US,D,20210601,000000,25.5891,25.5891,25.5841,25.5841,250.05989112841,0
IBTF.US,D,20210602,000000,25.5991,25.5991,25.5891,25.5941,1843.8151008505,0
IBTF.US,D,20210603,000000,25.5691,25.5691,25.5493,25.5542,3745.8770839718,0
IBTF.US,D,20210608,000000,25.609,25.6139,25.609,25.6139,1354.7421410933,0
IBTF.US,D,20210609,000000,25.6339,25.6339,25.6289,25.6339,1853.8576667592,0
IBTF.US,D,20210610,000000,25.6289,25.6498,25.6289,25.6498,2344.9391396982,0
IBTF.US,D,20210611,000000,25.6289,25.6339,25.6239,25.6239,903.83093178945,0
IBTF.US,D,20210615,000000,25.5941,25.5991,25.5941,25.5941,7403.3795879464,0
IBTF.US,D,20210616,000000,25.5542,25.5542,25.4944,25.4944,284.20461521824,0
IBTF.US,D,20210617,000000,25.4944,25.4994,25.4944,25.4944,431.83033407718,0
IBTF.US,D,20210618,000000,25.4696,25.4836,25.4696,25.4836,2414.2328444687,0
IBTF.US,D,20210621,000000,25.4497,25.4746,25.4497,25.4746,362.53662930666,0
IBTF.US,D,20210623,000000,25.5094,25.5094,25.4846,25.4846,203.86408794806,0
IBTF.US,D,20210624,000000,25.4984,25.4984,25.4746,25.4746,1012.2906436042,0
IBTF.US,D,20210629,000000,25.4896,25.4944,25.4896,25.4944,2851.0844615003,0
IBTF.US,D,20210630,000000,25.5044,25.5044,25.4914,25.4914,412.74945885051,0
IBTF.US,D,20210701,000000,25.4696,25.4846,25.4696,25.4846,533.26024975577,0
IBTF.US,D,20210702,000000,25.4896,25.5194,25.4896,25.5144,2017.5514910722,0
IBTF.US,D,20210706,000000,25.5592,25.5642,25.5592,25.5642,33150.510064855,0
IBTF.US,D,20210707,000000,25.5791,25.5791,25.5741,25.5741,214.91091044771,0
IBTF.US,D,20210708,000000,25.6169,25.6189,25.6169,25.6189,404.7154061235,0
IBTF.US,D,20210709,000000,25.5841,25.5841,25.5741,25.5741,333.41318817122,0
IBTF.US,D,20210712,000000,25.5493,25.5642,25.5493,25.5642,878.72451701752,0
IBTF.US,D,20210713,000000,25.5244,25.5244,25.5234,25.5244,1977.3812274371,0
IBTF.US,D,20210714,000000,25.5642,25.5642,25.5642,25.5642,450.91120930385,0
IBTF.US,D,20210715,000000,25.5642,25.5791,25.5642,25.5791,887.76282633541,0
IBTF.US,D,20210716,000000,25.5691,25.5741,25.5691,25.5741,250.05989112841,0
IBTF.US,D,20210720,000000,25.6588,25.6688,25.6538,25.6588,3416.4809221641,0
IBTF.US,D,20210721,000000,25.6339,25.6339,25.6189,25.6189,272.15353612771,0
IBTF.US,D,20210722,000000,25.6379,25.6588,25.6339,25.6439,6558.7997950187,0
IBTF.US,D,20210723,000000,25.6389,25.6389,25.6289,25.6349,2752.6673155943,0
IBTF.US,D,20210726,000000,25.6339,25.6339,25.6339,25.6339,351.48980680701,0
IBTF.US,D,20210728,000000,25.6289,25.6588,25.6289,25.6588,286.21312839999,0
IBTF.US,D,20210729,000000,25.6389,25.6488,25.6389,25.6439,13654.876866157,0
IBTF.US,D,20210730,000000,25.6678,25.6678,25.6658,25.6658,263.11522680982,0
IBTF.US,D,20210802,000000,25.6876,25.6986,25.6836,25.6846,2606.0458533262,0
IBTF.US,D,20210804,000000,25.6707,25.6787,25.6688,25.6737,5213.0959632433,0
IBTF.US,D,20210805,000000,25.6189,25.6389,25.6189,25.6339,1123.7631251915,0
IBTF.US,D,20210806,000000,25.5981,25.5981,25.5941,25.5941,815.45635179226,0
IBTF.US,D,20210809,000000,25.5791,25.5791,25.5691,25.5721,2448.3775685585,0
IBTF.US,D,20210810,000000,25.5453,25.5453,25.5443,25.5443,705.99238338664,0
IBTF.US,D,20210811,000000,25.5542,25.5642,25.5512,25.5642,578.45179634525,0
IBTF.US,D,20210812,000000,25.5582,25.5582,25.5443,25.5443,570.41774361823,0
IBTF.US,D,20210813,000000,25.5781,25.5781,25.5741,25.5741,228.97050271999,0
IBTF.US,D,20210816,000000,25.608,25.608,25.6041,25.6041,587.49010566314,0
IBTF.US,D,20210817,000000,25.5941,25.609,25.5941,25.5941,2445.3647987859,0
IBTF.US,D,20210818,000000,25.5991,25.5991,25.5791,25.5791,2525.7053260561,0
IBTF.US,D,20210819,000000,25.5981,25.5981,25.5791,25.5841,166100.02310472,0
IBTF.US,D,20210820,000000,25.5871,25.5871,25.5741,25.5741,2313.807185381,0
IBTF.US,D,20210823,000000,25.5701,25.5891,25.5701,25.5841,2011.525951527,0
IBTF.US,D,20210824,000000,25.5791,25.5791,25.5701,25.5741,18540.585180774,0
IBTF.US,D,20210825,000000,25.5542,25.5542,25.5493,25.5493,341.44724089824,0
IBTF.US,D,20210826,000000,25.5443,25.5582,25.5393,25.5542,20314.102320264,0
IBTF.US,D,20210827,000000,25.5493,25.5841,25.5493,25.5841,2106.9303276603,0
IBTF.US,D,20210830,000000,25.6041,25.6169,25.6041,25.6139,1893.0236738035,0
IBTF.US,D,20210831,000000,25.609,25.6139,25.6041,25.6041,345.46426726174,0
IBTF.US,D,20210901,000000,25.609,25.609,25.5941,25.5941,725.07325861331,0
IBTF.US,D,20210902,000000,25.6041,25.609,25.5891,25.5941,4006.9837975999,0
IBTF.US,D,20210907,000000,25.5691,25.5771,25.5691,25.5691,349.48129362525,0
IBTF.US,D,20210908,000000,25.5741,25.5791,25.5741,25.5791,833.53297042804,0
IBTF.US,D,20210909,000000,25.5881,25.5991,25.5881,25.5891,514.17937452911,0
IBTF.US,D,20210910,000000,25.5791,25.5791,25.5741,25.5741,13938.077224784,0
IBTF.US,D,20210913,000000,25.5891,25.5891,25.5891,25.5891,2377.0753506062,0
IBTF.US,D,20210914,000000,25.5961,25.609,25.5941,25.5941,1864.9044892589,0
IBTF.US,D,20210915,000000,25.5881,25.5881,25.5701,25.5841,2551.8159974189,0
IBTF.US,D,20210916,000000,25.5502,25.5691,25.5502,25.5542,2701.4502294596,0
IBTF.US,D,20210917,000000,25.5274,25.5343,25.5274,25.5343,900.81816201681,0
IBTF.US,D,20210920,000000,25.5741,25.5741,25.5642,25.5642,984.17145905962,0
IBTF.US,D,20210921,000000,25.5741,25.5791,25.5642,25.5642,10716.42208125,0
IBTF.US,D,20210922,000000,25.5691,25.5691,25.5393,25.5393,136.57889635929,0
IBTF.US,D,20210923,000000,25.4984,25.4984,25.4796,25.4846,1556.5977158596,0
IBTF.US,D,20210924,000000,25.4686,25.4686,25.4516,25.4646,1099.6609670105,0
IBTF.US,D,20210927,000000,25.4497,25.4497,25.4447,25.4447,413.75371544139,0
IBTF.US,D,20210928,000000,25.4248,25.4447,25.4248,25.4397,1581.7041306315,0
IBTF.US,D,20210929,000000,25.4417,25.4596,25.4417,25.4546,1211.1334485979,0
IBTF.US,D,20210930,000000,25.4546,25.4746,25.4546,25.4746,5203.0533973346,0
IBTF.US,D,20211001,000000,25.5094,25.5144,25.5094,25.5144,932.95437292488,0
IBTF.US,D,20211004,000000,25.4984,25.5094,25.4904,25.5044,3035.8676742217,0
IBTF.US,D,20211005,000000,25.4796,25.4846,25.4746,25.4746,18320.652987372,0
IBTF.US,D,20211006,000000,25.4786,25.4786,25.4746,25.4746,177.75341658526,0
IBTF.US,D,20211007,000000,25.4596,25.4596,25.4447,25.4447,1588.7339267677,0
IBTF.US,D,20211008,000000,25.4288,25.4288,25.4248,25.4248,1266.3675610961,0
IBTF.US,D,20211011,000000,25.3601,25.4298,25.3601,25.3939,3678.591892383,0
IBTF.US,D,20211012,000000,25.3999,25.4049,25.3949,25.4049,1248.2909424603,0
IBTF.US,D,20211013,000000,25.3989,25.3989,25.3899,25.3899,734.11156793121,0
IBTF.US,D,20211014,000000,25.4099,25.4099,25.4049,25.4049,694.945560887,0
IBTF.US,D,20211015,000000,25.3749,25.3899,25.3551,25.3551,2719.5268480954,0
IBTF.US,D,20211018,000000,25.3202,25.3302,25.3122,25.3202,2756.6843419578,0
IBTF.US,D,20211019,000000,25.3391,25.3401,25.3202,25.3302,3733.8260048813,0
IBTF.US,D,20211020,000000,25.3501,25.3501,25.3352,25.3352,2445.3647987859,0
IBTF.US,D,20211021,000000,25.3102,25.3102,25.2754,25.2754,5607.7688034581,0
IBTF.US,D,20211022,000000,25.2704,25.2854,25.2704,25.2804,631.67739566173,0
IBTF.US,D,20211025,000000,25.3152,25.3202,25.3053,25.3053,3835.2559205599,0
IBTF.US,D,20211026,000000,25.2904,25.3102,25.2834,25.2954,5770.4583711802,0
IBTF.US,D,20211027,000000,25.3152,25.3162,25.2804,25.3102,5463.1558543718,0
IBTF.US,D,20211028,000000,25.2904,25.2904,25.2854,25.2904,1255.3207385965,0
IBTF.US,D,20211029,000000,25.2505,25.2824,25.2505,25.2824,843.57553633682,0
IBTF.US,D,20211101,000000,25.2505,25.2654,25.2505,25.2654,4355.4608346343,0
IBTF.US,D,20211102,000000,25.3172,25.3302,25.3172,25.3292,1927.1683978933,0
IBTF.US,D,20211103,000000,25.2704,25.3003,25.2704,25.3003,2068.768577207,0
IBTF.US,D,20211104,000000,25.3401,25.3571,25.3302,25.3551,2433.3137196954,0
IBTF.US,D,20211105,000000,25.3651,25.3899,25.3651,25.3849,5187.9895484714,0
IBTF.US,D,20211110,000000,25.2704,25.2704,25.2406,25.2406,889.77133951717,0
IBTF.US,D,20211111,000000,25.2306,25.2306,25.1907,25.1957,811.43932542875,0
IBTF.US,D,20211112,000000,25.2406,25.2406,25.2306,25.2306,2156.1389006133,0
IBTF.US,D,20211115,000000,25.2107,25.2107,25.2107,25.2107,953.03950474243,0
IBTF.US,D,20211116,000000,25.2206,25.2306,25.2017,25.2057,2641.1948340069,0
IBTF.US,D,20211117,000000,25.2117,25.2356,25.2117,25.2356,1009.2778738315,0
IBTF.US,D,20211118,000000,25.2486,25.2505,25.2396,25.2406,814.45209520138,0
IBTF.US,D,20211119,000000,25.2904,25.2904,25.2306,25.2306,1809.6703767606,0
IBTF.US,D,20211122,000000,25.1907,25.1907,25.1509,25.1509,4730.0485430314,0
IBTF.US,D,20211123,000000,25.1559,25.1609,25.1459,25.1459,2705.4672558231,0
IBTF.US,D,20211124,000000,25.1111,25.1489,25.1111,25.136,13690.025846837,0
IBTF.US,D,20211126,000000,25.2704,25.2804,25.2654,25.2654,724.06900202243,0
IBTF.US,D,20211129,000000,25.2754,25.2754,25.2654,25.2754,1919.1343451663,0
IBTF.US,D,20211130,000000,25.2406,25.2704,25.2406,25.2704,166.70659408561,0
IBTF.US,D,20211201,000000,25.2107,25.2654,25.2107,25.2594,2670.3182751424,0
IBTF.US,D,20211202,000000,25.2107,25.2197,25.2097,25.2097,354.50257657964,0
IBTF.US,D,20211203,000000,25.1907,25.2456,25.1809,25.2456,1581.7041306315,0
IBTF.US,D,20211206,000000,25.1927,25.2057,25.1927,25.2057,157.66828476771,0
IBTF.US,D,20211207,000000,25.1709,25.1709,25.1559,25.1559,198.84280499368,0
IBTF.US,D,20211208,000000,25.134,25.1519,25.134,25.1459,1215.1504749614,0
IBTF.US,D,20211209,000000,25.1619,25.1619,25.1509,25.1509,1093.6354274652,0
IBTF.US,D,20211210,000000,25.1719,25.1809,25.1609,25.1609,3465.6894951171,0
IBTF.US,D,20211213,000000,25.1799,25.2007,25.1799,25.1907,2814.9312242287,0
IBTF.US,D,20211214,000000,25.1709,25.1709,25.1709,25.1709,2760.7013683213,0
IBTF.US,D,20211215,000000,25.1619,25.1709,25.1619,25.1709,380.61324794244,0
IBTF.US,D,20211216,000000,25.2027,25.2286,25.2027,25.2256,507.14957839297,0
IBTF.US,D,20211217,000000,25.2406,25.2406,25.2256,25.2256,3180.480623308,0
IBTF.US,D,20211220,000000,25.2505,25.2704,25.2356,25.2356,597.53267157191,0
IBTF.US,D,20211223,000000,25.1858,25.1858,25.1709,25.1818,529.24322339226,0
IBTF.US,D,20211227,000000,25.1759,25.1809,25.1759,25.1759,4128.498845096,0
IBTF.US,D,20211229,000000,25.1809,25.1809,25.1609,25.1719,12512.032865738,0
IBTF.US,D,20211230,000000,25.1858,25.1957,25.1858,25.1957,1394.9124047284,0
IBTF.US,D,20211231,000000,25.2197,25.2206,25.2007,25.2057,6454.3571095675,0
IBTF.US,D,20220103,000000,25.131,25.1509,25.131,25.141,18168.005985559,0
IBTF.US,D,20220104,000000,25.141,25.1509,25.14,25.141,4755.1549578034,0
IBTF.US,D,20220105,000000,25.1261,25.131,25.0862,25.0862,1538.5210972238,0
IBTF.US,D,20220106,000000,25.0474,25.0484,25.0324,25.0424,1731.3383626722,0
IBTF.US,D,20220107,000000,25.0294,25.0324,25.0225,25.0274,1183.0142640533,0
IBTF.US,D,20220110,000000,24.9996,25.0215,24.9976,24.9976,1760.4618038077,0
IBTF.US,D,20220112,000000,25.0225,25.0324,25.0125,25.0125,2881.2121592266,0
IBTF.US,D,20220113,000000,25.0304,25.0434,25.0225,25.0424,3682.6089187466,0
IBTF.US,D,20220114,000000,25.0125,25.0125,24.9976,24.9976,311.31954317192,0
IBTF.US,D,20220118,000000,24.9279,24.9279,24.903,24.903,448.90269612209,0
IBTF.US,D,20220119,000000,24.9329,24.9329,24.9319,24.9319,325.3791354442,0
IBTF.US,D,20220120,000000,24.9429,24.9429,24.9149,24.9329,1376794.6115724,0
IBTF.US,D,20220121,000000,24.9827,24.9926,24.9687,24.9777,10149.017107404,0
IBTF.US,D,20220124,000000,25.0125,25.0225,24.9926,24.9976,550114.68812047,0
IBTF.US,D,20220125,000000,25.0026,25.0096,24.9727,24.9727,6372.0080691156,0
IBTF.US,D,20220126,000000,24.9926,24.9926,24.893,24.893,4416.7204866778,0
IBTF.US,D,20220127,000000,24.892,24.903,24.8642,24.8731,13623.744911839,0
IBTF.US,D,20220128,000000,24.903,24.9129,24.893,24.9129,2271.6284085641,0
IBTF.US,D,20220131,000000,24.893,24.9129,24.893,24.9129,3841.2814601051,0
IBTF.US,D,20220201,000000,24.8831,24.9129,24.8731,24.8831,14044.528423417,0
IBTF.US,D,20220202,000000,24.9129,24.9229,24.904,24.9129,2449.3818251494,0
IBTF.US,D,20220203,000000,24.8712,24.8741,24.8582,24.8632,2703.4587426413,0
IBTF.US,D,20220204,000000,24.7835,24.7835,24.7636,24.7666,6445.3188002496,0
IBTF.US,D,20220207,000000,24.7735,24.7935,24.7695,24.7835,1646.9808090385,0
IBTF.US,D,20220208,000000,24.7537,24.7537,24.7437,24.7487,5500.3133482342,0
IBTF.US,D,20220209,000000,24.7437,24.7537,24.7437,24.7437,1783.5597053978,0
IBTF.US,D,20220210,000000,24.6491,24.6491,24.5644,24.5644,1931.1854242568,0
IBTF.US,D,20220211,000000,24.6421,24.665,24.5644,24.665,5547.5134080054,0
IBTF.US,D,20220214,000000,24.5893,24.6042,24.5644,24.5993,4116.4477660055,0
IBTF.US,D,20220215,000000,24.5963,24.6102,24.5933,24.5993,7136.2473347731,0
IBTF.US,D,20220216,000000,24.5943,24.6441,24.5943,24.6342,7356.1795281752,0
IBTF.US,D,20220217,000000,24.664,24.673,24.6441,24.664,11997.85349121,0
IBTF.US,D,20220218,000000,24.7039,24.7138,24.674,24.6989,3647.4599380659,0
IBTF.US,D,20220222,000000,24.664,24.6839,24.654,24.654,3081.0592208111,0
IBTF.US,D,20220223,000000,24.6252,24.654,24.6252,24.6392,10164.080956268,0
IBTF.US,D,20220224,000000,24.7039,24.7039,24.6481,24.6481,6125.9652043507,0
IBTF.US,D,20220225,000000,24.6342,24.6441,24.6082,24.6441,5371.7685046019,0
IBTF.US,D,20220228,000000,24.7347,24.7636,24.7257,24.7487,6648.1786316068,0
IBTF.US,D,20220301,000000,24.8333,24.8731,24.8313,24.8342,2908.3270871803,0
IBTF.US,D,20220302,000000,24.7735,24.7735,24.6969,24.6989,5133.7596925641,0
IBTF.US,D,20220303,000000,24.6939,24.7138,24.6839,24.7009,3259.8168939873,0
IBTF.US,D,20220304,000000,24.7735,24.7835,24.7557,24.7557,1561.618998814,0
IBTF.US,D,20220307,000000,24.7237,24.7237,24.7237,24.7237,4706.9506414413,0
IBTF.US,D,20220308,000000,24.664,24.674,24.6172,24.6342,17437.911443991,0
IBTF.US,D,20220309,000000,24.5943,24.6122,24.5893,24.5943,5288.4152075591,0
IBTF.US,D,20220310,000000,24.5445,24.5545,24.5395,24.5545,2709.4842821866,0
IBTF.US,D,20220311,000000,24.5445,24.5445,24.5295,24.5295,2285.6880008364,0
IBTF.US,D,20220314,000000,24.4748,24.4748,24.428,24.435,2865.1440537725,0
IBTF.US,D,20220315,000000,24.4639,24.4649,24.43,24.435,6342.8846279802,0
IBTF.US,D,20220316,000000,24.425,24.425,24.3165,24.3165,4484.0056782665,0
IBTF.US,D,20220317,000000,24.3683,24.3852,24.3613,24.3752,7152.3154402271,0
IBTF.US,D,20220318,000000,24.3742,24.3752,24.3603,24.3742,61852.163432124,0
IBTF.US,D,20220321,000000,24.3105,24.3145,24.2189,24.2269,6618.0509338805,0
IBTF.US,D,20220322,000000,24.1771,24.197,24.1771,24.197,4378.5587362244,0
IBTF.US,D,20220323,000000,24.2269,24.2468,24.207,24.2468,9609.7313181036,0
IBTF.US,D,20220324,000000,24.2169,24.2269,24.197,24.2169,28155.337781832,0
IBTF.US,D,20220325,000000,24.1373,24.1373,24.0635,24.1074,14490.418349766,0
IBTF.US,D,20220328,000000,24.0795,24.0975,24.0675,24.0675,17707.052210346,0
IBTF.US,D,20220329,000000,24.0935,24.1163,24.0625,24.0875,12754.05870414,0
IBTF.US,D,20220330,000000,24.1074,24.1273,24.1014,24.1273,11282.822798504,0
IBTF.US,D,20220331,000000,24.1572,24.1572,24.1373,24.1472,17156.719598546,0
IBTF.US,D,20220401,000000,23.9978,24.0277,23.9978,24.0128,8074.2229906524,0
IBTF.US,D,20220404,000000,23.9978,24.0208,23.9978,24.0198,14658.129200443,0
IBTF.US,D,20220405,000000,23.9879,23.9879,23.9282,23.9431,31044.583993786,0
IBTF.US,D,20220406,000000,23.9282,23.965,23.9282,23.958,22052.470479071,0
IBTF.US,D,20220407,000000,23.9938,24.0078,23.968,23.978,26048.407454172,0
IBTF.US,D,20220408,000000,23.948,23.958,23.9182,23.9282,18585.776727364,0
IBTF.US,D,20220411,000000,23.9182,23.948,23.9082,23.9381,17522.268997625,0
IBTF.US,D,20220412,000000,24.0028,24.0477,23.9978,24.0477,25723.028318728,0
IBTF.US,D,20220413,000000,24.0965,24.1173,24.0477,24.0576,16953.859767188,0
IBTF.US,D,20220414,000000,24.0277,24.0277,23.968,23.978,19706.527082782,0
IBTF.US,D,20220418,000000,23.982,23.9879,23.968,23.978,21418.784570229,0
IBTF.US,D,20220419,000000,23.9182,23.9371,23.8733,23.8783,13701.072669337,0
IBTF.US,D,20220420,000000,23.8883,23.9182,23.8883,23.9082,1162716.2298385,0
IBTF.US,D,20220421,000000,23.8685,23.8685,23.8087,23.8435,1446760.1640022,0
IBTF.US,D,20220422,000000,23.7688,23.8585,23.7688,23.8385,37991.026832883,0
IBTF.US,D,20220425,000000,23.9182,23.976,23.8883,23.8883,627051.78980416,0
IBTF.US,D,20220426,000000,23.973,23.9879,23.953,23.9879,29655.697128603,0
IBTF.US,D,20220427,000000,23.9978,24.0078,23.9431,23.958,79236.849276799,0
IBTF.US,D,20220428,000000,23.9232,23.9282,23.8883,23.9142,16449.722958568,0
IBTF.US,D,20220429,000000,23.8485,23.8873,23.8485,23.8685,27805.856488207,0
IBTF.US,D,20220502,000000,23.8585,23.8783,23.8286,23.8286,25861.615728268,0
IBTF.US,D,20220503,000000,23.8585,23.8585,23.8136,23.8136,207179.13895455,0
IBTF.US,D,20220504,000000,23.7888,23.9282,23.7788,23.9132,38041.239662427,0
IBTF.US,D,20220505,000000,23.8883,23.8883,23.8286,23.8585,43684.157446565,0
IBTF.US,D,20220506,000000,23.8555,23.8733,23.8286,23.8335,9558.5142319688,0
IBTF.US,D,20220509,000000,23.8883,23.9412,23.8882,23.9381,10998.618183286,0
IBTF.US,D,20220510,000000,23.958,23.958,23.9082,23.9282,180167.64942972,0
IBTF.US,D,20220511,000000,23.8983,23.948,23.8783,23.948,35129.899805474,0
IBTF.US,D,20220512,000000,24.0078,24.0228,23.968,23.9978,52900.220181045,0
IBTF.US,D,20220513,000000,23.9391,23.9757,23.9391,23.968,23733.5960122,0
IBTF.US,D,20220516,000000,23.9978,24.0112,23.9796,23.9978,34662.920490716,0
IBTF.US,D,20220517,000000,23.9282,23.948,23.8932,23.8983,49564.079786152,0
IBTF.US,D,20220518,000000,23.8983,23.948,23.8971,23.948,99175.359632074,0
IBTF.US,D,20220519,000000,24.0028,24.0178,23.978,23.9879,20804.179536611,0
IBTF.US,D,20220520,000000,24.0078,24.0362,23.9796,24.0277,33599.412760977,0
IBTF.US,D,20220523,000000,24.0078,24.0152,23.973,23.9879,11195.452475099,0
IBTF.US,D,20220524,000000,24.0377,24.0975,24.0228,24.0775,36525.816466794,0
IBTF.US,D,20220525,000000,24.1173,24.1173,24.0775,24.1074,9478.1737046987,0
IBTF.US,D,20220526,000000,24.1373,24.1373,24.0838,24.1074,25304.253320332,0
IBTF.US,D,20220527,000000,24.1173,24.1225,24.0875,24.1223,42196.853435477,0
IBTF.US,D,20220531,000000,24.0775,24.0775,24.0377,24.0576,275771.87262464,0
IBTF.US,D,20220601,000000,24.0477,24.0477,23.9282,23.9331,31718.440166264,0
IBTF.US,D,20220602,000000,23.978,23.978,23.9338,23.953,45918.628361268,0
IBTF.US,D,20220603,000000,23.9282,23.9381,23.9282,23.9381,37125.357651547,0
IBTF.US,D,20220606,000000,23.9282,23.9282,23.8686,23.8833,22504.385944966,0
IBTF.US,D,20220607,000000,23.9182,23.9182,23.8914,23.9082,21275.175877732,0
IBTF.US,D,20220608,000000,23.8883,23.9082,23.8753,23.8883,32853.250113956,0
IBTF.US,D,20220609,000000,23.8783,23.8783,23.8379,23.8485,34492.196870267,0
IBTF.US,D,20220610,000000,23.7588,23.7588,23.6891,23.6941,64744.422413851,0
IBTF.US,D,20220613,000000,23.5796,23.5926,23.4601,23.5149,32813.079850321,0
IBTF.US,D,20220614,000000,23.5398,23.5478,23.4452,23.4601,27760.664941617,0
IBTF.US,D,20220615,000000,23.5398,23.6195,23.4801,23.5995,45387.376624693,0
IBTF.US,D,20220616,000000,23.5398,23.6693,23.5398,23.6593,96328.292196937,0
IBTF.US,D,20220617,000000,23.6693,23.6693,23.5995,23.6294,343905.6610327,0
IBTF.US,D,20220621,000000,23.6095,23.6294,23.6095,23.6294,23423.280725619,0
IBTF.US,D,20220622,000000,23.719,23.7489,23.719,23.7489,40016.612376682,0
IBTF.US,D,20220623,000000,23.8286,23.8684,23.7798,23.7987,31592.908092404,0
IBTF.US,D,20220624,000000,23.7788,23.8136,23.7738,23.7738,28451.593476141,0
IBTF.US,D,20220627,000000,23.7489,23.7688,23.7091,23.739,21803.414844534,0
IBTF.US,D,20220628,000000,23.729,23.739,23.7141,23.734,25699.930417138,0
IBTF.US,D,20220629,000000,23.7489,23.7987,23.739,23.7987,20757.983733431,0
IBTF.US,D,20220630,000000,23.8685,23.9003,23.8635,23.8783,11960.695997347,0
IBTF.US,D,20220701,000000,23.9978,24.0078,23.9381,23.963,8466.8873176854,0
IBTF.US,D,20220705,000000,23.9879,24.0078,23.968,23.978,13731.200367063,0
IBTF.US,D,20220706,000000,23.9978,23.9978,23.8586,23.8685,146674.68786739,0
IBTF.US,D,20220707,000000,23.8286,23.8385,23.8063,23.8186,267176.44046332,0
IBTF.US,D,20220708,000000,23.7688,23.7888,23.757,23.7688,16303.1014963,0
IBTF.US,D,20220711,000000,23.8186,23.8385,23.7944,23.7987,23148.114419719,0
IBTF.US,D,20220712,000000,23.8485,23.8485,23.8087,23.8186,31295.648141505,0
IBTF.US,D,20220713,000000,23.739,23.8286,23.739,23.7788,25457.904578736,0
IBTF.US,D,20220714,000000,23.729,23.7836,23.7109,23.7688,20294.017188446,0
IBTF.US,D,20220715,000000,23.7588,23.8087,23.7588,23.7788,18463.257423277,0
IBTF.US,D,20220718,000000,23.7788,23.7788,23.7488,23.7688,12560.237182101,0
IBTF.US,D,20220719,000000,23.7788,23.7788,23.719,23.719,24600.269450127,0
IBTF.US,D,20220720,000000,23.7788,23.7788,23.7091,23.729,54307.183664864,0
IBTF.US,D,20220721,000000,23.7688,23.8435,23.7688,23.8335,52386.040806516,0
IBTF.US,D,20220722,000000,23.9282,23.948,23.9182,23.948,11198.465244872,0
IBTF.US,D,20220725,000000,23.9182,23.9281,23.9033,23.9182,19498.645968471,0
IBTF.US,D,20220726,000000,23.948,23.948,23.8883,23.8983,22205.117480885,0
IBTF.US,D,20220727,000000,23.9032,23.958,23.8883,23.948,14722.401622259,0
IBTF.US,D,20220728,000000,24.0477,24.0525,23.988,24.0377,35852.964550906,0
IBTF.US,D,20220729,000000,23.9978,24.0477,23.9978,24.0189,37901.647996295,0
IBTF.US,D,20220801,000000,24.0377,24.044,24.0178,24.0377,27731.67350478,0
IBTF.US,D,20220802,000000,24.0178,24.0277,23.8881,23.8928,56097.987260049,0
IBTF.US,D,20220803,000000,23.8582,23.8981,23.8183,23.8931,15423.863528472,0
IBTF.US,D,20220804,000000,23.923,23.9679,23.918,23.9679,21017.320017379,0
IBTF.US,D,20220805,000000,23.8183,23.8183,23.7933,23.8083,45491.574606142,0
IBTF.US,D,20220808,000000,23.8382,23.8382,23.8283,23.8382,23785.474411692,0
IBTF.US,D,20220809,000000,23.8083,23.8083,23.7784,23.7983,30857.752969274,0
IBTF.US,D,20220810,000000,23.8881,23.8981,23.8183,23.8283,97016.743252478,0
IBTF.US,D,20220811,000000,23.8881,23.8881,23.8071,23.8083,583397.81257037,0
IBTF.US,D,20220812,000000,23.8582,23.8582,23.7983,23.8119,27146.160224708,0
IBTF.US,D,20220815,000000,23.8682,23.8682,23.8382,23.8482,38577.705463374,0
IBTF.US,D,20220816,000000,23.8382,23.8382,23.7983,23.8183,59012.51997438,0
IBTF.US,D,20220817,000000,23.7584,23.7734,23.7324,23.7684,27697.585402858,0
IBTF.US,D,20220818,000000,23.8083,23.8123,23.7784,23.8083,26169.636363766,0
IBTF.US,D,20220819,000000,23.7784,23.7784,23.7486,23.7784,50357.149859891,0
IBTF.US,D,20220822,000000,23.7485,23.7485,23.6986,23.7285,21149.662060135,0
IBTF.US,D,20220823,000000,23.7136,23.7783,23.7136,23.7385,29020.003239185,0
IBTF.US,D,20220824,000000,23.7185,23.7249,23.6886,23.7086,16546.765709432,0
IBTF.US,D,20220825,000000,23.7185,23.7385,23.6986,23.7285,17312.745411444,0
IBTF.US,D,20220826,000000,23.7285,23.7285,23.6973,23.7185,98660.992874598,0
IBTF.US,D,20220829,000000,23.6952,23.6952,23.6687,23.6886,28211.914705387,0
IBTF.US,D,20220830,000000,23.6687,23.6824,23.6387,23.6737,33213.842366824,0
IBTF.US,D,20220831,000000,23.6786,23.6886,23.6637,23.6637,97406.751242115,0
IBTF.US,D,20220901,000000,23.5988,23.5989,23.5689,23.5988,43293.894623406,0
IBTF.US,D,20220902,000000,23.6587,23.6687,23.6298,23.6637,14304.971712444,0
IBTF.US,D,20220906,000000,23.6188,23.6188,23.5761,23.5889,25436.742172443,0
IBTF.US,D,20220907,000000,23.6088,23.6387,23.5988,23.6387,43262.814295183,0
IBTF.US,D,20220908,000000,23.6288,23.6288,23.5908,23.5988,29749.889656809,0
IBTF.US,D,20220909,000000,23.6088,23.6088,23.5606,23.5789,91697.996761413,0
IBTF.US,D,20220912,000000,23.6088,23.6088,23.5639,23.5789,35910.812783594,0
IBTF.US,D,20220913,000000,23.4792,23.4793,23.4542,23.4792,1059795.07839,0
IBTF.US,D,20220914,000000,23.4592,23.4744,23.4394,23.4492,60836.233427207,0
IBTF.US,D,20220915,000000,23.4293,23.4293,23.4093,23.4193,29185.43079263,0
IBTF.US,D,20220916,000000,23.4193,23.4492,23.4193,23.4492,923528.89354809,0
IBTF.US,D,20220919,000000,23.3894,23.3994,23.3844,23.3994,235142.73483165,0
IBTF.US,D,20220920,000000,23.3694,23.3894,23.3616,23.3645,63946.271431973,0
IBTF.US,D,20220921,000000,23.3678,23.3694,23.2996,23.3445,89290.77521098,0
IBTF.US,D,20220922,000000,23.3096,23.3096,23.2498,23.2655,3162765.2803007,0
IBTF.US,D,20220923,000000,23.2697,23.2697,23.2099,23.2298,993244.07493474,0
IBTF.US,D,20220926,000000,23.1899,23.2099,23.1051,23.1301,270239.44353405,0
IBTF.US,D,20220927,000000,23.16,23.16,23.1001,23.1301,113544.45972848,0
IBTF.US,D,20220928,000000,23.2498,23.2897,23.1999,23.2897,132970.66745909,0
IBTF.US,D,20220929,000000,23.2298,23.2597,23.1999,23.2597,364673.51177032,0
IBTF.US,D,20220930,000000,23.2597,23.2797,23.2054,23.2199,489918.21118792,0
IBTF.US,D,20221003,000000,23.2398,23.3096,23.2398,23.2697,63982.364716361,0
IBTF.US,D,20221004,000000,23.2996,23.3196,23.2697,23.2897,144819.29065068,0
IBTF.US,D,20221005,000000,23.2448,23.2498,23.2148,23.2498,184033.64154701,0
IBTF.US,D,20221006,000000,23.2697,23.2697,23.1999,23.2099,116773.80608998,0
IBTF.US,D,20221007,000000,23.17,23.1899,23.15,23.155,108177.58885823,0
IBTF.US,D,20221010,000000,23.1301,23.15,23.1056,23.14,67666.887497636,0
IBTF.US,D,20221011,000000,23.1899,23.1899,23.15,23.17,240328.13668873,0
IBTF.US,D,20221012,000000,23.1799,23.1999,23.16,23.1849,74839.425178518,0
IBTF.US,D,20221013,000000,23.0602,23.14,23.0588,23.1101,81865.584539382,0
IBTF.US,D,20221014,000000,23.14,23.14,23.0657,23.0902,162102.96091637,0
IBTF.US,D,20221017,000000,23.15,23.15,23.1001,23.1101,105754.32584807,0
IBTF.US,D,20221018,000000,23.15,23.15,23.1112,23.14,154519.36082996,0
IBTF.US,D,20221019,000000,23.0802,23.0902,23.0602,23.0702,66545.990499142,0
IBTF.US,D,20221020,000000,23.0503,23.0584,23.0104,23.0203,165309.24767951,0
IBTF.US,D,20221021,000000,23.0503,23.1151,23.0448,23.1001,85651.36903519,0
IBTF.US,D,20221024,000000,23.0802,23.1201,23.0759,23.1101,1008344.101495,0
IBTF.US,D,20221025,000000,23.16,23.1799,23.1301,23.1351,77249.65450265,0
IBTF.US,D,20221026,000000,23.16,23.1849,23.1495,23.165,129453.57741373,0
IBTF.US,D,20221027,000000,23.2198,23.2498,23.1899,23.2498,298855.40250634,0
IBTF.US,D,20221028,000000,23.2099,23.2298,23.1749,23.1949,142446.15720217,0
IBTF.US,D,20221031,000000,23.16,23.17,23.14,23.155,294442.99848991,0
IBTF.US,D,20221101,000000,23.21,23.21,23.125,23.14,100504,0
IBTF.US,D,20221102,000000,23.1341,23.19,23.085,23.11,65660,0
IBTF.US,D,20221103,000000,23.04,23.06,23.03,23.05,225464,0
IBTF.US,D,20221104,000000,23.06,23.09,23.048,23.09,90036,0
IBTF.US,D,20221107,000000,23.07,23.07,23.04,23.06,181648,0
IBTF.US,D,20221108,000000,23.07,23.1,23.07,23.09,339473,0
IBTF.US,D,20221109,000000,23.1,23.15,23.0817,23.15,3492071,0
IBTF.US,D,20221110,000000,23.29,23.34,23.28,23.325,232072,0
IBTF.US,D,20221111,000000,23.3,23.33,23.295,23.3184,161521,0
IBTF.US,D,20221114,000000,23.29,23.3,23.27,23.3,242794,0
IBTF.US,D,20221115,000000,23.33,23.35,23.3011,23.34,6284762,0
IBTF.US,D,20221116,000000,23.35,23.36,23.34,23.35,5111594,0
IBTF.US,D,20221117,000000,23.32,23.32,23.2833,23.31,391987,0
IBTF.US,D,20221118,000000,23.3099,23.3099,23.26,23.27,421901,0
IBTF.US,D,20221121,000000,23.3,23.3,23.24,23.26,279002,0
IBTF.US,D,20221122,000000,23.28,23.29,23.26,23.28,299455,0
IBTF.US,D,20221123,000000,23.25,23.32,23.25,23.31,747104,0
IBTF.US,D,20221125,000000,23.29,23.32,23.29,23.315,262087,0
IBTF.US,D,20221128,000000,23.31,23.3399,23.31,23.33,440529,0
IBTF.US,D,20221129,000000,23.33,23.33,23.3,23.33,261024,0
IBTF.US,D,20221130,000000,23.3,23.41,23.27,23.39,326504,0
IBTF.US,D,20221201,000000,23.4,23.44,23.3715,23.44,374304,0
IBTF.US,D,20221202,000000,23.39,23.44,23.37,23.4255,392047,0
IBTF.US,D,20221205,000000,23.41,23.41,23.35,23.36,396489,0
IBTF.US,D,20221206,000000,23.36,23.39,23.35,23.38,276352,0
IBTF.US,D,20221207,000000,23.41,23.45,23.4037,23.44,507220,0
IBTF.US,D,20221208,000000,23.42,23.43,23.4,23.42,215428,0
IBTF.US,D,20221209,000000,23.41,23.42,23.39,23.39,189513,0
IBTF.US,D,20221212,000000,23.42,23.42,23.35,23.37,178015,0
IBTF.US,D,20221213,000000,23.5,23.5,23.44,23.46,437233,0
IBTF.US,D,20221214,000000,23.49,23.5,23.4317,23.48,267152,0
IBTF.US,D,20221215,000000,23.4,23.4,23.36,23.38,1047277,0
IBTF.US,D,20221216,000000,23.36,23.43,23.34,23.41,460654,0
IBTF.US,D,20221219,000000,23.39,23.39,23.36,23.37,190835,0
IBTF.US,D,20221220,000000,23.32,23.36,23.32,23.35,337329,0
IBTF.US,D,20221221,000000,23.39,23.39,23.36,23.38,334564,0
IBTF.US,D,20221222,000000,23.38,23.39,23.36,23.365,769699,0
IBTF.US,D,20221223,000000,23.34,23.35,23.32,23.335,409170,0
IBTF.US,D,20221227,000000,23.31,23.31,23.27,23.29,238136,0
IBTF.US,D,20221228,000000,23.2995,23.31,23.28,23.3,659441,0
IBTF.US,D,20221229,000000,23.3,23.31,23.29,23.29,232944,0
IBTF.US,D,20221230,000000,23.29,23.2999,23.2645,23.28,243517,0
IBTF.US,D,20230103,000000,23.32,23.32,23.28,23.29,148081,0
IBTF.US,D,20230104,000000,23.35,23.35,23.3101,23.33,312777,0
IBTF.US,D,20230105,000000,23.28,23.31,23.27,23.295,227776,0
IBTF.US,D,20230106,000000,23.33,23.42,23.305,23.41,435041,0
IBTF.US,D,20230109,000000,23.42,23.45,23.415,23.445,299426,0
IBTF.US,D,20230110,000000,23.42,23.43,23.391,23.42,398829,0
IBTF.US,D,20230111,000000,23.43,23.45,23.41,23.45,369165,0
IBTF.US,D,20230112,000000,23.49,23.52,23.4785,23.51,801333,0
IBTF.US,D,20230113,000000,23.4925,23.505,23.46,23.47,495132,0
IBTF.US,D,20230117,000000,23.47,23.5,23.4651,23.47,512136,0
IBTF.US,D,20230118,000000,23.54,23.5699,23.54,23.56,360040,0
IBTF.US,D,20230119,000000,23.55,23.56,23.54,23.54,502554,0
IBTF.US,D,20230120,000000,23.51,23.52,23.49,23.52,288548,0
IBTF.US,D,20230123,000000,23.5,23.51,23.47,23.47,252823,0
IBTF.US,D,20230124,000000,23.49,23.51,23.475,23.4951,305863,0
IBTF.US,D,20230125,000000,23.51,23.5299,23.5,23.52,132578,0
IBTF.US,D,20230126,000000,23.51,23.52,23.48,23.49,141577,0
IBTF.US,D,20230127,000000,23.49,23.49,23.4724,23.49,160179,0
IBTF.US,D,20230130,000000,23.46,23.47,23.46,23.46,140537,0
IBTF.US,D,20230131,000000,23.5,23.515,23.48,23.5053,146737,0
IBTF.US,D,20230201,000000,23.45,23.5,23.41,23.5,363070,0
IBTF.US,D,20230202,000000,23.52,23.523,23.49,23.49,699864,0
IBTF.US,D,20230203,000000,23.43,23.4399,23.38,23.385,252560,0
IBTF.US,D,20230206,000000,23.32,23.34,23.3,23.315,257312,0
IBTF.US,D,20230207,000000,23.32,23.355,23.3,23.3051,248724,0
IBTF.US,D,20230208,000000,23.32,23.33,23.31,23.33,142457,0
IBTF.US,D,20230209,000000,23.34,23.34,23.29,23.3,144226,0
IBTF.US,D,20230210,000000,23.3045,23.305,23.28,23.29,205007,0
IBTF.US,D,20230213,000000,23.27,23.29,23.2696,23.28,159699,0
IBTF.US,D,20230214,000000,23.26,23.26,23.21,23.23,365156,0
IBTF.US,D,20230215,000000,23.22,23.24,23.2194,23.22,172575,0
IBTF.US,D,20230216,000000,23.22,23.25,23.21,23.23,446158,0
IBTF.US,D,20230217,000000,23.22,23.25,23.2101,23.25,231383,0
IBTF.US,D,20230221,000000,23.21,23.219,23.19,23.195,185134,0
IBTF.US,D,20230222,000000,23.21,23.225,23.19,23.21,255872,0
IBTF.US,D,20230223,000000,23.22,23.23,23.2,23.22,368599,0
IBTF.US,D,20230224,000000,23.17,23.17,23.14,23.16,474114,0
IBTF.US,D,20230227,000000,23.18,23.18,23.16,23.17,173801,0
IBTF.US,D,20230228,000000,23.16,23.18,23.15,23.17,265919,0
IBTF.US,D,20230301,000000,23.08,23.09,23.05,23.05,319277,0
IBTF.US,D,20230302,000000,23.04,23.06,23.03,23.06,350686,0
IBTF.US,D,20230303,000000,23.08,23.08,23.05,23.07,337425,0
IBTF.US,D,20230306,000000,23.09,23.09,23.05,23.065,228415,0
IBTF.US,D,20230307,000000,23.07,23.07,23,23,238614,0
IBTF.US,D,20230308,000000,23.01,23.0296,22.98,22.99,312446,0
IBTF.US,D,20230309,000000,23.04,23.0899,23.02,23.08,308537,0
IBTF.US,D,20230310,000000,23.19,23.23,23.15,23.23,292175,0
IBTF.US,D,20230313,000000,23.44,23.5,23.38,23.48,488671,0
IBTF.US,D,20230314,000000,23.38,23.4,23.3,23.39,949541,0
IBTF.US,D,20230315,000000,23.57,23.62,23.4801,23.53,1420093,0
IBTF.US,D,20230316,000000,23.58,23.58,23.415,23.42,1012194,0
IBTF.US,D,20230317,000000,23.51,23.61,23.4719,23.5747,1103268,0
IBTF.US,D,20230320,000000,23.61,23.61,23.51,23.535,590142,0
IBTF.US,D,20230321,000000,23.46,23.48,23.42,23.435,206368,0
IBTF.US,D,20230322,000000,23.43,23.57,23.41,23.56,343720,0
IBTF.US,D,20230323,000000,23.59,23.66,23.56,23.65,705259,0
IBTF.US,D,20230324,000000,23.73,23.7375,23.6401,23.65,312964,0
IBTF.US,D,20230327,000000,23.57,23.58,23.53,23.54,453619,0
IBTF.US,D,20230328,000000,23.52,23.5299,23.49,23.5,436461,0
IBTF.US,D,20230329,000000,23.49,23.52,23.475,23.5,519143,0
IBTF.US,D,20230330,000000,23.48,23.51,23.47,23.5049,419805,0
IBTF.US,D,20230331,000000,23.5,23.54,23.48,23.53,357111,0
IBTF.US,D,20230403,000000,23.45,23.5,23.4201,23.5,288476,0
IBTF.US,D,20230404,000000,23.46,23.57,23.46,23.565,395994,0
IBTF.US,D,20230405,000000,23.62,23.66,23.59,23.59,265121,0
IBTF.US,D,20230406,000000,23.61,23.62,23.58,23.59,319816,0
IBTF.US,D,20230410,000000,23.52,23.52,23.49,23.5,235796,0
IBTF.US,D,20230411,000000,23.51,23.51,23.47,23.49,260576,0
IBTF.US,D,20230412,000000,23.54,23.54,23.495,23.52,201364,0
IBTF.US,D,20230413,000000,23.55,23.5693,23.52,23.53,162026,0
IBTF.US,D,20230414,000000,23.5,23.5,23.45,23.47,167821,0
IBTF.US,D,20230417,000000,23.46,23.46,23.424,23.44,195553,0
IBTF.US,D,20230418,000000,23.44,23.46,23.42,23.42,272439,0
IBTF.US,D,20230419,000000,23.41,23.42,23.3992,23.41,207294,0
IBTF.US,D,20230420,000000,23.44,23.4699,23.44,23.46,172275,0
IBTF.US,D,20230421,000000,23.5,23.5,23.44,23.46,204640,0
IBTF.US,D,20230424,000000,23.48,23.4872,23.4618,23.47,176542,0
IBTF.US,D,20230425,000000,23.54,23.5999,23.52,23.585,328380,0
IBTF.US,D,20230426,000000,23.59,23.59,23.53,23.57,192282,0
IBTF.US,D,20230427,000000,23.53,23.53,23.485,23.5,165225,0
IBTF.US,D,20230428,000000,23.53,23.54,23.5,23.54,178526,0
IBTF.US,D,20230501,000000,23.44,23.44,23.39,23.4,846532,0
IBTF.US,D,20230502,000000,23.42,23.5,23.4052,23.48,150236,0
IBTF.US,D,20230503,000000,23.51,23.55,23.5,23.55,326021,0
IBTF.US,D,20230504,000000,23.54,23.64,23.54,23.6,437799,0
IBTF.US,D,20230505,000000,23.55,23.55,23.505,23.53,258016,0
IBTF.US,D,20230508,000000,23.5,23.51,23.48,23.49,281259,0
IBTF.US,D,20230509,000000,23.48,23.49,23.46,23.49,190011,0
IBTF.US,D,20230510,000000,23.52,23.555,23.5125,23.5449,214877,0
IBTF.US,D,20230511,000000,23.59,23.5962,23.54,23.55,266355,0
IBTF.US,D,20230512,000000,23.54,23.55,23.5,23.5051,227444,0
IBTF.US,D,20230515,000000,23.51,23.52,23.5,23.52,198996,0
IBTF.US,D,20230516,000000,23.5,23.5,23.46,23.47,129825,0
IBTF.US,D,20230517,000000,23.46,23.47,23.4343,23.45,362420,0
IBTF.US,D,20230518,000000,23.42,23.43,23.39,23.4,415803,0
IBTF.US,D,20230519,000000,23.39,23.435,23.36,23.39,346387,0
IBTF.US,D,20230522,000000,23.38,23.405,23.37,23.375,143577,0
IBTF.US,D,20230523,000000,23.37,23.38,23.345,23.37,441251,0
IBTF.US,D,20230524,000000,23.39,23.39,23.3335,23.34,171197,0
IBTF.US,D,20230525,000000,23.31,23.3305,23.28,23.28,411396,0
IBTF.US,D,20230526,000000,23.27,23.2796,23.2337,23.27,276994,0
IBTF.US,D,20230530,000000,23.27,23.33,23.27,23.32,177261,0
IBTF.US,D,20230531,000000,23.34,23.3699,23.33,23.36,174585,0
IBTF.US,D,20230601,000000,23.3,23.32,23.3,23.31,257917,0
IBTF.US,D,20230602,000000,23.28,23.28,23.2301,23.25,298725,0
IBTF.US,D,20230605,000000,23.23,23.275,23.21,23.25,168938,0
IBTF.US,D,20230606,000000,23.25,23.25,23.23,23.25,118168,0
IBTF.US,D,20230607,000000,23.25,23.25,23.2001,23.22,238651,0
IBTF.US,D,20230608,000000,23.26,23.2699,23.25,23.26,176171,0
IBTF.US,D,20230609,000000,23.24,23.24,23.2,23.2,126662,0
IBTF.US,D,20230612,000000,23.23,23.23,23.21,23.225,869119,0
IBTF.US,D,20230613,000000,23.26,23.26,23.17,23.19,772410,0
IBTF.US,D,20230614,000000,23.22,23.22,23.14,23.16,2040549,0
IBTF.US,D,20230615,000000,23.2,23.227,23.195,23.22,441700,0
IBTF.US,D,20230616,000000,23.17,23.19,23.16,23.18,340999,0
IBTF.US,D,20230620,000000,23.2,23.21,23.19,23.2049,2032101,0
IBTF.US,D,20230621,000000,23.19,23.21,23.17,23.195,354989,0
IBTF.US,D,20230622,000000,23.19,23.198,23.16,23.1749,352961,0
IBTF.US,D,20230623,000000,23.21,23.22,23.1789,23.195,220332,0
IBTF.US,D,20230626,000000,23.1901,23.21,23.19,23.21,257716,0
IBTF.US,D,20230627,000000,23.21,23.21,23.16,23.16,229596,0
IBTF.US,D,20230628,000000,23.17,23.195,23.16,23.1853,151394,0
IBTF.US,D,20230629,000000,23.14,23.14,23.12,23.13,177917,0
IBTF.US,D,20230630,000000,23.14,23.15,23.12,23.13,486372,0
IBTF.US,D,20230703,000000,23.06,23.08,23.032,23.035,335621,0
IBTF.US,D,20230705,000000,23.07,23.07,23.03,23.03,446727,0
IBTF.US,D,20230706,000000,23.01,23.03,22.975,23.03,665615,0
IBTF.US,D,20230707,000000,23.0401,23.07,23.04,23.05,377220,0
IBTF.US,D,20230710,000000,23.07,23.09,23.0539,23.07,293371,0
IBTF.US,D,20230711,000000,23.08,23.0904,23.07,23.08,192031,0
IBTF.US,D,20230712,000000,23.13,23.16,23.13,23.14,273951,0
IBTF.US,D,20230713,000000,23.2,23.22,23.19,23.2,241497,0
IBTF.US,D,20230714,000000,23.18,23.19,23.14,23.16,146463,0
IBTF.US,D,20230717,000000,23.16,23.17,23.1493,23.16,164334,0
IBTF.US,D,20230718,000000,23.18,23.19,23.15,23.16,310101,0
IBTF.US,D,20230719,000000,23.16,23.175,23.15,23.16,398208,0
IBTF.US,D,20230720,000000,23.14,23.14,23.115,23.13,155303,0
IBTF.US,D,20230721,000000,23.1393,23.14,23.13,23.14,183380,0
IBTF.US,D,20230724,000000,23.15,23.15,23.1,23.1,243277,0
IBTF.US,D,20230725,000000,23.09,23.11,23.09,23.11,294007,0
IBTF.US,D,20230726,000000,23.11,23.14,23.095,23.14,304109,0
IBTF.US,D,20230727,000000,23.12,23.12,23.09,23.1,320040,0
IBTF.US,D,20230728,000000,23.12,23.14,23.11,23.13,256898,0
IBTF.US,D,20230731,000000,23.12,23.14,23.12,23.13,235159,0
IBTF.US,D,20230801,000000,23.05,23.055,23.03,23.04,294883,0
IBTF.US,D,20230802,000000,23.05,23.06,23.03,23.05,292836,0
IBTF.US,D,20230803,000000,23.04,23.07,23.04,23.06,550419,0
IBTF.US,D,20230804,000000,23.09,23.11,23.09,23.11,277427,0
IBTF.US,D,20230807,000000,23.11,23.12,23.1,23.12,246026,0
IBTF.US,D,20230808,000000,23.12,23.13,23.1051,23.12,259893,0
IBTF.US,D,20230809,000000,23.11,23.1299,23.1,23.11,220975,0
IBTF.US,D,20230810,000000,23.12,23.135,23.1,23.11,339263,0
IBTF.US,D,20230811,000000,23.08,23.1,23.075,23.09,217432,0
IBTF.US,D,20230814,000000,23.07,23.07,23.05,23.07,165207,0
IBTF.US,D,20230815,000000,23.06,23.0899,23.06,23.08,256624,0
IBTF.US,D,20230816,000000,23.08,23.0899,23.05,23.05,321041,0
IBTF.US,D,20230817,000000,23.09,23.09,23.06,23.09,220335,0
IBTF.US,D,20230818,000000,23.08,23.11,23.08,23.1,368554,0
IBTF.US,D,20230821,000000,23.09,23.09,23.065,23.08,496015,0
IBTF.US,D,20230822,000000,23.07,23.07,23.05,23.06,245941,0
IBTF.US,D,20230823,000000,23.07,23.1099,23.07,23.1,398016,0
IBTF.US,D,20230824,000000,23.09,23.1,23.0792,23.08,967435,0
IBTF.US,D,20230825,000000,23.07,23.08,23.05,23.07,230983,0
IBTF.US,D,20230828,000000,23.08,23.08,23.051,23.07,172173,0
IBTF.US,D,20230829,000000,23.07,23.145,23.0634,23.12,216170,0
IBTF.US,D,20230830,000000,23.16,23.16,23.12,23.14,270587,0
IBTF.US,D,20230831,000000,23.14,23.16,23.1301,23.16,266410,0
IBTF.US,D,20230901,000000,23.1,23.1099,23.06,23.07,273238,0
IBTF.US,D,20230905,000000,23.06,23.07,23.04,23.04,181112,0
IBTF.US,D,20230906,000000,23.05,23.05,23.02,23.03,297045,0
IBTF.US,D,20230907,000000,23.04,23.06,23.03,23.06,212685,0
IBTF.US,D,20230908,000000,23.06,23.08,23.04,23.05,195553,0
IBTF.US,D,20230911,000000,23.05,23.06,23.04,23.06,318669,0
IBTF.US,D,20230912,000000,23.05,23.06,23.04,23.05,522965,0
IBTF.US,D,20230913,000000,23.05,23.07,23.05,23.06,269022,0
IBTF.US,D,20230914,000000,23.09,23.09,23.05,23.06,249837,0
IBTF.US,D,20230915,000000,23.05,23.07,23.04,23.06,1138880,0
IBTF.US,D,20230918,000000,23.03,23.05,23.03,23.04,184863,0
IBTF.US,D,20230919,000000,23.05,23.05,23.03,23.04,141341,0
IBTF.US,D,20230920,000000,23.04,23.07,23.01,23.01,327378,0
IBTF.US,D,20230921,000000,23.03,23.04,23.022,23.04,1200179,0
IBTF.US,D,20230922,000000,23.04,23.06,23.04,23.06,390759,0
IBTF.US,D,20230925,000000,23.05,23.06,23.04,23.05,270779,0
IBTF.US,D,20230926,000000,23.06,23.06,23.04,23.05,292292,0
IBTF.US,D,20230927,000000,23.05,23.06,23.03,23.04,1210004,0
IBTF.US,D,20230928,000000,23.06,23.08,23.045,23.08,268482,0
IBTF.US,D,20230929,000000,23.1,23.1,23.07,23.08,501202,0
IBTF.US,D,20231002,000000,22.99,22.99,22.98,22.99,1325657,0
IBTF.US,D,20231003,000000,22.99,22.9999,22.97,22.97,339587,0
IBTF.US,D,20231004,000000,22.98,23.02,22.98,23.02,1036770,0
IBTF.US,D,20231005,000000,23.04,23.04,23.03,23.04,653045,0
IBTF.US,D,20231006,000000,23.02,23.03,23,23.02,571551,0
IBTF.US,D,20231009,000000,23.07,23.08,23.06,23.08,208103,0
IBTF.US,D,20231010,000000,23.07,23.075,23.05,23.07,432675,0
IBTF.US,D,20231011,000000,23.07,23.07,23.05,23.06,439564,0
IBTF.US,D,20231012,000000,23.05,23.05,23.03,23.03,348906,0
IBTF.US,D,20231013,000000,23.05,23.06,23.04,23.05,209774,0
IBTF.US,D,20231016,000000,23.04,23.05,23.03,23.04,383803,0
IBTF.US,D,20231017,000000,23.02,23.02,22.99,23,435168,0
IBTF.US,D,20231018,000000,23.01,23.015,22.992,23,553246,0
IBTF.US,D,20231019,000000,23,23.04,23,23.03,917700,0
IBTF.US,D,20231020,000000,23.05,23.0759,23.04,23.06,318900,0
IBTF.US,D,20231023,000000,23.05,23.08,23.05,23.08,207379,0
IBTF.US,D,20231024,000000,23.07,23.08,23.05,23.07,320289,0
IBTF.US,D,20231025,000000,23.07,23.07,23.05,23.06,332631,0
IBTF.US,D,20231026,000000,23.07,23.1,23.07,23.09,6359841,0
IBTF.US,D,20231027,000000,23.1,23.11,23.09,23.11,187325,0
IBTF.US,D,20231030,000000,23.1,23.1,23.085,23.1,493942,0
IBTF.US,D,20231031,000000,23.09,23.0999,23.08,23.095,2595177,0
IBTF.US,D,20231101,000000,23.02,23.05,23,23.05,480962,0
IBTF.US,D,20231102,000000,23.06,23.0678,23.032,23.04,482031,0
IBTF.US,D,20231103,000000,23.08,23.11,23.07,23.09,897310,0
IBTF.US,D,20231106,000000,23.07,23.08,23.06,23.065,475793,0
IBTF.US,D,20231107,000000,23.06,23.09,23.06,23.07,441407,0
IBTF.US,D,20231108,000000,23.09,23.09,23.07,23.08,619295,0
IBTF.US,D,20231109,000000,23.09,23.09,23.04,23.05,843865,0
IBTF.US,D,20231110,000000,23.08,23.08,23.04,23.05,361461,0
IBTF.US,D,20231113,000000,23.05,23.06,23.04,23.06,634209,0
IBTF.US,D,20231114,000000,23.13,23.14,23.11,23.14,987069,0
IBTF.US,D,20231115,000000,23.12,23.12,23.09,23.1,635738,0
IBTF.US,D,20231116,000000,23.14,23.14,23.13,23.14,548569,0
IBTF.US,D,20231117,000000,23.13,23.13,23.11,23.125,652803,0
IBTF.US,D,20231120,000000,23.13,23.13,23.11,23.11,357762,0
IBTF.US,D,20231121,000000,23.13,23.14,23.13,23.13,918275,0
IBTF.US,D,20231122,000000,23.15,23.15,23.12,23.13,797855,0
IBTF.US,D,20231124,000000,23.1252,23.135,23.12,23.13,174829,0
IBTF.US,D,20231127,000000,23.14,23.15,23.13,23.15,689418,0
IBTF.US,D,20231128,000000,23.15,23.19,23.145,23.19,579124,0
IBTF.US,D,20231129,000000,23.21,23.23,23.2,23.21,401119,0
IBTF.US,D,20231130,000000,23.22,23.22,23.2,23.22,503185,0
IBTF.US,D,20231201,000000,23.15,23.19,23.14,23.18,382511,0
IBTF.US,D,20231204,000000,23.17,23.17,23.15,23.17,352053,0
IBTF.US,D,20231205,000000,23.18,23.19,23.16,23.19,1472641,0
IBTF.US,D,20231206,000000,23.19,23.19,23.17,23.18,497876,0
IBTF.US,D,20231207,000000,23.2,23.2,23.19,23.2,714513,0
IBTF.US,D,20231208,000000,23.17,23.1796,23.15,23.16,464881,0
IBTF.US,D,20231211,000000,23.15,23.16,23.14,23.16,380771,0
IBTF.US,D,20231212,000000,23.17,23.17,23.16,23.17,806185,0
IBTF.US,D,20231213,000000,23.18,23.26,23.17,23.26,790119,0
IBTF.US,D,20231214,000000,23.21,23.22,23.19,23.2,533556,0
IBTF.US,D,20231215,000000,23.2,23.2,23.18,23.19,1135417,0
IBTF.US,D,20231218,000000,23.19,23.19,23.18,23.19,455627,0
IBTF.US,D,20231219,000000,23.2,23.2,23.18,23.2,570399,0
IBTF.US,D,20231220,000000,23.22,23.22,23.2,23.22,523239,0
IBTF.US,D,20231221,000000,23.24,23.2486,23.23,23.24,887501,0
IBTF.US,D,20231222,000000,23.26,23.26,23.24,23.25,464731,0
IBTF.US,D,20231226,000000,23.25,23.25,23.23,23.25,1441377,0
IBTF.US,D,20231227,000000,23.24,23.27,23.24,23.27,803452,0
IBTF.US,D,20231228,000000,23.26,23.315,23.26,23.26,807472,0
IBTF.US,D,20231229,000000,23.27,23.28,23.26,23.28,757025,0
IBTF.US,D,20240102,000000,23.25,23.26,23.25,23.26,965541,0
IBTF.US,D,20240103,000000,23.26,23.26,23.24,23.26,1552267,0
IBTF.US,D,20240104,000000,23.25,23.26,23.24,23.25,755555,0
IBTF.US,D,20240105,000000,23.25,23.27,23.23,23.25,648297,0
IBTF.US,D,20240108,000000,23.25,23.28,23.25,23.26,814999,0
IBTF.US,D,20240109,000000,23.27,23.27,23.2599,23.27,479703,0
IBTF.US,D,20240110,000000,23.29,23.29,23.26,23.27,474308,0
IBTF.US,D,20240111,000000,23.3,23.32,23.28,23.31,2166037,0
IBTF.US,D,20240112,000000,23.34,23.36,23.34,23.34,955746,0
IBTF.US,D,20240116,000000,23.35,23.35,23.32,23.34,606182,0
IBTF.US,D,20240117,000000,23.29,23.31,23.29,23.3,918013,0
IBTF.US,D,20240118,000000,23.31,23.33,23.3,23.3,814706,0
IBTF.US,D,20240119,000000,23.28,23.3,23.28,23.29,372089,0
IBTF.US,D,20240122,000000,23.31,23.31,23.29,23.3,797436,0
IBTF.US,D,20240123,000000,23.31,23.31,23.29,23.3,603162,0
IBTF.US,D,20240124,000000,23.31,23.3194,23.29,23.3,382177,0
IBTF.US,D,20240125,000000,23.32,23.34,23.31,23.33,455257,0
IBTF.US,D,20240126,000000,23.33,23.33,23.31,23.31,761007,0
IBTF.US,D,20240129,000000,23.33,23.34,23.32,23.34,612114,0
IBTF.US,D,20240130,000000,23.34,23.35,23.31,23.325,412818,0
IBTF.US,D,20240131,000000,23.36,23.37,23.3399,23.36,536233,0
IBTF.US,D,20240201,000000,23.31,23.31,23.28,23.3,1766709,0
IBTF.US,D,20240202,000000,23.25,23.25,23.23,23.245,787390,0
IBTF.US,D,20240205,000000,23.23,23.24,23.21,23.23,704531,0
IBTF.US,D,20240206,000000,23.22,23.26,23.22,23.245,832358,0
IBTF.US,D,20240207,000000,23.25,23.26,23.24,23.25,561572,0
IBTF.US,D,20240208,000000,23.25,23.25,23.24,23.25,349254,0
IBTF.US,D,20240209,000000,23.25,23.25,23.23,23.23,1730457,0
IBTF.US,D,20240212,000000,23.23,23.25,23.23,23.24,396386,0
IBTF.US,D,20240213,000000,23.22,23.22,23.1877,23.2,369803,0
IBTF.US,D,20240214,000000,23.21,23.22,23.2,23.22,493090,0
IBTF.US,D,20240215,000000,23.25,23.25,23.22,23.225,756246,0
IBTF.US,D,20240216,000000,23.21,23.22,23.2,23.215,401218,0
IBTF.US,D,20240220,000000,23.22,23.24,23.22,23.23,377313,0
IBTF.US,D,20240221,000000,23.23,23.24,23.21,23.21,302737,0
IBTF.US,D,20240222,000000,23.21,23.225,23.2,23.22,338250,0
IBTF.US,D,20240223,000000,23.22,23.23,23.21,23.21,605950,0
IBTF.US,D,20240226,000000,23.22,23.23,23.2,23.21,410160,0
IBTF.US,D,20240227,000000,23.23,23.23,23.21,23.22,515924,0
IBTF.US,D,20240228,000000,23.23,23.23,23.22,23.23,261137,0
IBTF.US,D,20240229,000000,23.25,23.25,23.23,23.23,293116,0
IBTF.US,D,20240301,000000,23.17,23.19,23.16,23.19,1741556,0
IBTF.US,D,20240304,000000,23.17,23.1899,23.16,23.16,311121,0
IBTF.US,D,20240305,000000,23.2,23.2,23.18,23.19,442483,0
IBTF.US,D,20240306,000000,23.2,23.2,23.18,23.18,363748,0
IBTF.US,D,20240307,000000,23.21,23.21,23.19,23.21,334063,0
IBTF.US,D,20240308,000000,23.23,23.23,23.21,23.22,377036,0
IBTF.US,D,20240311,000000,23.22,23.22,23.2,23.2,290201,0
IBTF.US,D,20240312,000000,23.21,23.21,23.19,23.2,274182,0
IBTF.US,D,20240313,000000,23.19,23.2,23.18,23.18,272702,0
IBTF.US,D,20240314,000000,23.18,23.19,23.18,23.19,174803,0
IBTF.US,D,20240315,000000,23.19,23.19,23.17,23.17,274303,0
IBTF.US,D,20240318,000000,23.19,23.19,23.18,23.19,229140,0
IBTF.US,D,20240319,000000,23.2,23.2,23.18,23.2,270654,0
IBTF.US,D,20240320,000000,23.2,23.22,23.19,23.22,312169,0
IBTF.US,D,20240321,000000,23.23,23.23,23.21,23.22,686503,0
IBTF.US,D,20240322,000000,23.24,23.24,23.23,23.24,357139,0
IBTF.US,D,20240325,000000,23.22,23.24,23.22,23.23,294398,0
IBTF.US,D,20240326,000000,23.23,23.24,23.22,23.24,462376,0
IBTF.US,D,20240327,000000,23.24,23.26,23.24,23.25,426360,0
IBTF.US,D,20240328,000000,23.23,23.25,23.23,23.23,567308,0
IBTF.US,D,20240401,000000,23.15,23.16,23.13,23.13,328297,0
IBTF.US,D,20240402,000000,23.13,23.15,23.13,23.14,472764,0
IBTF.US,D,20240403,000000,23.13,23.16,23.13,23.15,271229,0
IBTF.US,D,20240404,000000,23.16,23.18,23.16,23.17,276612,0
IBTF.US,D,20240405,000000,23.17,23.17,23.15,23.15,291627,0
IBTF.US,D,20240408,000000,23.15,23.16,23.15,23.155,300500,0
IBTF.US,D,20240409,000000,23.15,23.17,23.15,23.16,376030,0
IBTF.US,D,20240410,000000,23.12,23.13,23.11,23.11,271914,0
IBTF.US,D,20240411,000000,23.14,23.14,23.12,23.12,481829,0
IBTF.US,D,20240412,000000,23.16,23.16,23.14,23.14,748128,0
IBTF.US,D,20240415,000000,23.14,23.14,23.13,23.14,358399,0
IBTF.US,D,20240416,000000,23.14,23.14,23.13,23.13,416357,0
IBTF.US,D,20240417,000000,23.15,23.15,23.13,23.15,877966,0
IBTF.US,D,20240418,000000,23.16,23.16,23.15,23.15,800164,0
IBTF.US,D,20240419,000000,23.16,23.16,23.1478,23.16,255573,0
IBTF.US,D,20240422,000000,23.15,23.16,23.15,23.16,280349,0
IBTF.US,D,20240423,000000,23.15,23.18,23.15,23.17,304691,0
IBTF.US,D,20240424,000000,23.17,23.17,23.16,23.17,328537,0
IBTF.US,D,20240425,000000,23.17,23.17,23.16,23.17,529996,0
IBTF.US,D,20240426,000000,23.16,23.18,23.16,23.17,199848,0
IBTF.US,D,20240429,000000,23.19,23.19,23.17,23.18,316022,0
IBTF.US,D,20240430,000000,23.18,23.18,23.16,23.17,364401,0
IBTF.US,D,20240501,000000,23.08,23.1,23.08,23.1,382665,0
IBTF.US,D,20240502,000000,23.12,23.12,23.1,23.12,843034,0
IBTF.US,D,20240503,000000,23.16,23.16,23.13,23.14,292512,0
IBTF.US,D,20240506,000000,23.14,23.15,23.13,23.14,335907,0
IBTF.US,D,20240507,000000,23.15,23.15,23.13,23.13,393663,0
IBTF.US,D,20240508,000000,23.15,23.15,23.14,23.15,376066,0
IBTF.US,D,20240509,000000,23.16,23.175,23.14,23.15,1252918,0
IBTF.US,D,20240510,000000,23.16,23.16,23.14,23.14,672620,0
IBTF.US,D,20240513,000000,23.16,23.16,23.15,23.16,413041,0
IBTF.US,D,20240514,000000,23.17,23.17,23.15,23.16,412020,0
IBTF.US,D,20240515,000000,23.16,23.18,23.16,23.175,266127,0
IBTF.US,D,20240516,000000,23.19,23.19,23.18,23.18,752390,0
IBTF.US,D,20240517,000000,23.17,23.19,23.17,23.18,622953,0
IBTF.US,D,20240520,000000,23.18,23.18,23.17,23.18,291131,0
IBTF.US,D,20240521,000000,23.17,23.19,23.17,23.1751,501266,0
IBTF.US,D,20240522,000000,23.18,23.19,23.17,23.18,544979,0
IBTF.US,D,20240523,000000,23.18,23.19,23.17,23.17,259542,0
IBTF.US,D,20240524,000000,23.19,23.19,23.17,23.19,202816,0
IBTF.US,D,20240528,000000,23.19,23.19,23.17,23.18,600543,0
IBTF.US,D,20240529,000000,23.18,23.18,23.17,23.18,340440,0
IBTF.US,D,20240530,000000,23.18,23.19,23.18,23.19,245879,0
IBTF.US,D,20240531,000000,23.21,23.21,23.18,23.19,354026,0
IBTF.US,D,20240603,000000,23.11,23.13,23.11,23.13,342158,0
IBTF.US,D,20240604,000000,23.14,23.15,23.13,23.15,561015,0
IBTF.US,D,20240605,000000,23.13,23.15,23.13,23.15,465753,0
IBTF.US,D,20240606,000000,23.16,23.16,23.15,23.16,291988,0
IBTF.US,D,20240607,000000,23.15,23.15,23.14,23.15,658159,0
IBTF.US,D,20240610,000000,23.13,23.15,23.13,23.15,348598,0
IBTF.US,D,20240611,000000,23.15,23.15,23.14,23.14,270694,0
IBTF.US,D,20240612,000000,23.16,23.18,23.16,23.17,299713,0
IBTF.US,D,20240613,000000,23.18,23.18,23.17,23.17,391972,0
IBTF.US,D,20240614,000000,23.2,23.2,23.18,23.19,531291,0
IBTF.US,D,20240617,000000,23.19,23.19,23.18,23.19,263545,0
IBTF.US,D,20240618,000000,23.2,23.2,23.18,23.19,672925,0
IBTF.US,D,20240620,000000,23.19,23.2,23.18,23.185,557703,0
IBTF.US,D,20240621,000000,23.21,23.21,23.2,23.21,230373,0
IBTF.US,D,20240624,000000,23.21,23.21,23.2,23.21,235687,0
IBTF.US,D,20240625,000000,23.21,23.22,23.2,23.21,397061,0
IBTF.US,D,20240626,000000,23.2,23.21,23.2,23.21,393029,0
IBTF.US,D,20240627,000000,23.21,23.21,23.2,23.205,434291,0
IBTF.US,D,20240628,000000,23.21,23.23,23.21,23.22,319076,0
IBTF.US,D,20240701,000000,23.14,23.14,23.13,23.13,364759,0
IBTF.US,D,20240702,000000,23.14,23.14,23.13,23.13,601908,0
IBTF.US,D,20240703,000000,23.15,23.16,23.14,23.15,187871,0
IBTF.US,D,20240705,000000,23.18,23.18,23.16,23.17,186721,0
IBTF.US,D,20240708,000000,23.18,23.18,23.17,23.18,413888,0
IBTF.US,D,20240709,000000,23.18,23.18,23.17,23.17,414259,0
IBTF.US,D,20240710,000000,23.18,23.19,23.18,23.18,854934,0
IBTF.US,D,20240711,000000,23.21,23.21,23.195,23.2,384806,0
IBTF.US,D,20240712,000000,23.21,23.23,23.21,23.23,379365,0
IBTF.US,D,20240715,000000,23.22,23.24,23.22,23.23,911447,0
IBTF.US,D,20240716,000000,23.24,23.24,23.23,23.23,590498,0
IBTF.US,D,20240717,000000,23.22,23.24,23.22,23.24,372286,0
IBTF.US,D,20240718,000000,23.24,23.24,23.23,23.23,320849,0
IBTF.US,D,20240719,000000,23.25,23.25,23.24,23.25,258962,0
IBTF.US,D,20240722,000000,23.24,23.25,23.24,23.245,2682924,0
IBTF.US,D,20240723,000000,23.25,23.25,23.24,23.24,2074852,0
IBTF.US,D,20240724,000000,23.27,23.27,23.25,23.25,486817,0
IBTF.US,D,20240725,000000,23.26,23.27,23.26,23.26,299118,0
IBTF.US,D,20240726,000000,23.27,23.28,23.27,23.27,282634,0
IBTF.US,D,20240729,000000,23.29,23.29,23.2751,23.29,444573,0
IBTF.US,D,20240730,000000,23.29,23.29,23.28,23.28,300231,0
IBTF.US,D,20240731,000000,23.28,23.3,23.28,23.295,352183,0
IBTF.US,D,20240801,000000,23.22,23.24,23.2101,23.235,313509,0
IBTF.US,D,20240802,000000,23.29,23.31,23.28,23.29,900265,0
IBTF.US,D,20240805,000000,23.33,23.34,23.29,23.3,844268,0
IBTF.US,D,20240806,000000,23.29,23.3,23.28,23.285,334607,0
IBTF.US,D,20240807,000000,23.27,23.29,23.27,23.29,760391,0
IBTF.US,D,20240808,000000,23.27,23.29,23.27,23.28,362481,0
IBTF.US,D,20240809,000000,23.29,23.29,23.28,23.29,252271,0
IBTF.US,D,20240812,000000,23.28,23.3,23.28,23.3,287566,0
IBTF.US,D,20240813,000000,23.29,23.31,23.29,23.31,304062,0
IBTF.US,D,20240814,000000,23.29,23.31,23.29,23.31,307843,0
IBTF.US,D,20240815,000000,23.3,23.3,23.29,23.3,1008393,0
IBTF.US,D,20240816,000000,23.3,23.31,23.3,23.3,334642,0
IBTF.US,D,20240819,000000,23.3,23.31,23.3,23.3,361828,0
IBTF.US,D,20240820,000000,23.31,23.325,23.31,23.31,367742,0
IBTF.US,D,20240821,000000,23.33,23.34,23.32,23.33,267341,0
IBTF.US,D,20240822,000000,23.33,23.34,23.32,23.33,572640,0
IBTF.US,D,20240823,000000,23.33,23.35,23.33,23.34,426037,0
IBTF.US,D,20240826,000000,23.36,23.36,23.34,23.34,347222,0
IBTF.US,D,20240827,000000,23.36,23.36,23.34,23.35,307382,0
IBTF.US,D,20240828,000000,23.35,23.36,23.35,23.35,363549,0
IBTF.US,D,20240829,000000,23.35,23.36,23.35,23.35,212436,0
IBTF.US,D,20240830,000000,23.36,23.37,23.36,23.36,211479,0
IBTF.US,D,20240903,000000,23.29,23.3,23.28,23.28,726512,0
IBTF.US,D,20240904,000000,23.3,23.31,23.29,23.3,376657,0
IBTF.US,D,20240905,000000,23.32,23.32,23.31,23.31,285684,0
IBTF.US,D,20240906,000000,23.33,23.34,23.32,23.33,592196,0
IBTF.US,D,20240909,000000,23.33,23.34,23.32,23.33,7875047,0
IBTF.US,D,20240910,000000,23.33,23.35,23.33,23.34,4981652,0
IBTF.US,D,20240911,000000,23.35,23.35,23.33,23.33,736594,0
IBTF.US,D,20240912,000000,23.34,23.35,23.34,23.34,565477,0
IBTF.US,D,20240913,000000,23.36,23.37,23.36,23.37,394547,0
IBTF.US,D,20240916,000000,23.37,23.39,23.37,23.39,309213,0
IBTF.US,D,20240917,000000,23.39,23.39,23.38,23.39,315494,0
IBTF.US,D,20240918,000000,23.39,23.39,23.37,23.38,419368,0
IBTF.US,D,20240919,000000,23.38,23.4,23.38,23.395,315291,0
IBTF.US,D,20240920,000000,23.4,23.41,23.4,23.41,232671,0
IBTF.US,D,20240923,000000,23.41,23.41,23.4,23.4,160775,0
IBTF.US,D,20240924,000000,23.41,23.42,23.41,23.42,239587,0
IBTF.US,D,20240925,000000,23.41,23.43,23.41,23.415,294108,0
IBTF.US,D,20240926,000000,23.42,23.42,23.41,23.41,208978,0
IBTF.US,D,20240927,000000,23.42,23.43,23.42,23.43,310441,0
IBTF.US,D,20240930,000000,23.42,23.43,23.41,23.42,288122,0
IBTF.US,D,20241001,000000,23.34,23.34,23.33,23.34,522066,0
IBTF.US,D,20241002,000000,23.34,23.35,23.34,23.35,1439086,0
IBTF.US,D,20241003,000000,23.35,23.35,23.33,23.33,366034,0
IBTF.US,D,20241004,000000,23.33,23.33,23.32,23.33,408138,0
IBTF.US,D,20241007,000000,23.32,23.32,23.31,23.32,285007,0
IBTF.US,D,20241008,000000,23.31,23.32,23.31,23.315,381493,0
IBTF.US,D,20241009,000000,23.32,23.32,23.31,23.32,1755175,0
IBTF.US,D,20241010,000000,23.31,23.33,23.31,23.33,412689,0
IBTF.US,D,20241011,000000,23.34,23.34,23.33,23.34,241294,0
IBTF.US,D,20241014,000000,23.34,23.34,23.32,23.33,237352,0
IBTF.US,D,20241015,000000,23.33,23.34,23.33,23.33,969412,0
IBTF.US,D,20241016,000000,23.34,23.35,23.33,23.35,298198,0
IBTF.US,D,20241017,000000,23.35,23.35,23.33,23.33,267073,0
IBTF.US,D,20241018,000000,23.36,23.36,23.34,23.36,465864,0
IBTF.US,D,20241021,000000,23.35,23.36,23.35,23.36,337977,0
IBTF.US,D,20241022,000000,23.36,23.36,23.35,23.355,2056054,0
IBTF.US,D,20241023,000000,23.35,23.36,23.35,23.36,448108,0
IBTF.US,D,20241024,000000,23.35,23.36,23.35,23.36,384045,0
IBTF.US,D,20241025,000000,23.37,23.37,23.36,23.37,209650,0
IBTF.US,D,20241028,000000,23.36,23.37,23.36,23.36,271078,0
IBTF.US,D,20241029,000000,23.36,23.37,23.36,23.36,797262,0
IBTF.US,D,20241030,000000,23.36,23.37,23.36,23.37,309750,0
IBTF.US,D,20241031,000000,23.36,23.37,23.36,23.37,365720,0
IBTF.US,D,20241101,000000,23.3,23.3,23.29,23.29,653480,0
IBTF.US,D,20241104,000000,23.31,23.31,23.29,23.29,476309,0
