<TICKER>,<PER>,<DATE>,<TIME>,<OPEN>,<HIGH>,<LOW>,<CLOSE>,<VOL>,<OPENINT>
IBTG.US,D,20200302,000000,25.181,25.181,25.1063,25.1063,12005.760732539,0
IBTG.US,D,20200303,000000,25.2397,25.4378,25.2208,25.3482,5446.4815503228,0
IBTG.US,D,20200304,000000,25.3781,25.3781,25.3781,25.3781,603.6023256028,0
IBTG.US,D,20200305,000000,25.4678,25.4678,25.4678,25.4678,301.29899780506,0
IBTG.US,D,20200306,000000,25.7266,25.7266,25.613,25.613,1254.4081608617,0
IBTG.US,D,20200309,000000,25.9556,25.9556,25.7764,25.7764,8478.5537982344,0
IBTG.US,D,20200310,000000,25.7017,25.7466,25.5374,25.5374,6352.3872037234,0
IBTG.US,D,20200311,000000,25.5972,25.5972,25.408,25.408,58276.247825462,0
IBTG.US,D,20200312,000000,25.5474,25.6918,25.171,25.2994,28445.638382776,0
IBTG.US,D,20200313,000000,25.3194,25.8461,25.2308,25.2805,312960.27335011,0
IBTG.US,D,20200316,000000,25.5672,25.6868,25.5076,25.647,23612.802457982,0
IBTG.US,D,20200317,000000,25.5922,25.617,25.2596,25.2596,5272.7324615886,0
IBTG.US,D,20200318,000000,25.181,25.2596,24.9619,25.0565,7314.5353367142,0
IBTG.US,D,20200319,000000,25.1212,25.2696,25.1013,25.1013,3977.1467710268,0
IBTG.US,D,20200320,000000,25.2696,25.4478,25.2696,25.4478,4632.9742562491,0
IBTG.US,D,20200323,000000,25.7166,25.7764,25.7166,25.7764,1092.7110320397,0
IBTG.US,D,20200324,000000,25.627,25.637,25.5872,25.6052,3133.5095771726,0
IBTG.US,D,20200325,000000,25.6668,25.6668,25.6072,25.632,23271.33026047,0
IBTG.US,D,20200327,000000,25.7754,25.872,25.7754,25.872,455.96581667833,0
IBTG.US,D,20200330,000000,25.9755,27.5497,25.8879,25.9058,258221.27575888,0
IBTG.US,D,20200331,000000,25.9954,26.0044,25.9566,25.9656,5573.0271294009,0
IBTG.US,D,20200401,000000,26.0144,27.9868,25.9158,25.9576,107524.57334669,0
IBTG.US,D,20200402,000000,25.9855,25.9855,25.9407,25.9407,1617.9756182132,0
IBTG.US,D,20200403,000000,25.9158,26.0741,25.9158,25.9735,2290.8767133111,0
IBTG.US,D,20200406,000000,25.856,25.877,25.856,25.856,641.76686532478,0
IBTG.US,D,20200407,000000,25.8162,25.8162,25.7764,25.7764,279.20373796602,0
IBTG.US,D,20200408,000000,25.7864,25.8262,25.7764,25.7864,2716.712630209,0
IBTG.US,D,20200409,000000,25.8461,25.876,25.8391,25.853,1319.6896103862,0
IBTG.US,D,20200413,000000,25.7963,25.7963,25.7963,25.7963,541.33386605643,0
IBTG.US,D,20200414,000000,25.8859,25.8859,25.852,25.852,496.13901638567,0
IBTG.US,D,20200415,000000,26.0243,26.0243,25.9855,26.0034,937.03988317374,0
IBTG.US,D,20200416,000000,26.0243,26.0442,25.9855,25.9994,1657.1444879278,0
IBTG.US,D,20200417,000000,26.0343,26.0343,25.9656,25.9656,909.92297337128,0
IBTG.US,D,20200420,000000,25.9855,26.0144,25.9855,25.9994,3510.133324429,0
IBTG.US,D,20200421,000000,26.0741,26.0741,26.0393,26.0393,492.12169641493,0
IBTG.US,D,20200422,000000,26.0044,26.0044,25.9835,25.9835,1037.4728824421,0
IBTG.US,D,20200424,000000,26.0144,26.0144,25.9855,25.9855,758.26914447607,0
IBTG.US,D,20200427,000000,25.9357,25.9456,25.8959,25.9108,864.72812370052,0
IBTG.US,D,20200428,000000,25.9258,25.9855,25.9258,25.9855,634.73655537599,0
IBTG.US,D,20200429,000000,25.9656,26.0343,25.9656,25.9915,1465.3174593253,0
IBTG.US,D,20200430,000000,26.0343,26.0343,25.9596,25.9596,2022.7206052646,0
IBTG.US,D,20200501,000000,26.0044,26.0044,25.9596,25.9596,285.22971792212,0
IBTG.US,D,20200504,000000,25.9755,25.9755,25.9656,25.9656,802.45966415414,0
IBTG.US,D,20200505,000000,25.9755,25.9755,25.9706,25.9706,531.29056612959,0
IBTG.US,D,20200506,000000,25.9158,25.9258,25.9008,25.9208,2234.6342337209,0
IBTG.US,D,20200507,000000,25.9158,26.0442,25.9158,26.0333,988.2607128006,0
IBTG.US,D,20200508,000000,26.0442,26.0442,25.9915,25.9915,595.56768566134,0
IBTG.US,D,20200511,000000,25.9755,25.9755,25.9456,25.9456,845.64585383954,0
IBTG.US,D,20200512,000000,25.9855,25.9855,25.9855,25.9855,222.96125837574,0
IBTG.US,D,20200513,000000,26.0144,26.0542,26.0144,26.0243,1059.5681422811,0
IBTG.US,D,20200514,000000,26.0741,26.0741,26.0492,26.0492,1583.8283984619,0
IBTG.US,D,20200515,000000,26.0144,26.0442,26.0144,26.0393,586.52871572718,0
IBTG.US,D,20200518,000000,26.0144,26.0343,25.9407,25.9407,3463.9341447655,0
IBTG.US,D,20200521,000000,25.9994,26.0144,25.9934,25.9954,1741.5082073133,0
IBTG.US,D,20200522,000000,26.0343,26.0343,26.0193,26.0193,1254.4081608617,0
IBTG.US,D,20200526,000000,25.9556,26.0044,25.9556,25.9994,612.64129553696,0
IBTG.US,D,20200527,000000,26.0203,26.0243,26.0144,26.0144,634.73655537599,0
IBTG.US,D,20200528,000000,26.0144,26.0144,25.9954,25.9954,720.10460475409,0
IBTG.US,D,20200529,000000,26.0243,26.0402,26.0243,26.0402,1182.0964013885,0
IBTG.US,D,20200601,000000,26.0343,26.0343,26.0293,26.0293,489.10870643688,0
IBTG.US,D,20200603,000000,25.9357,25.9357,25.9108,25.9108,1407.0663197496,0
IBTG.US,D,20200605,000000,25.7466,25.7674,25.7466,25.7674,684.95305501017,0
IBTG.US,D,20200608,000000,25.7466,25.7963,25.7466,25.7963,784.38172428584,0
IBTG.US,D,20200609,000000,25.8481,25.866,25.8421,25.851,688.97037498091,0
IBTG.US,D,20200610,000000,25.9407,25.9855,25.9407,25.9855,567.4464458662,0
IBTG.US,D,20200611,000000,26.0442,26.0442,26.0104,26.0104,566.44211587351,0
IBTG.US,D,20200612,000000,26.0144,26.0243,25.9905,25.9905,1024.4165925372,0
IBTG.US,D,20200616,000000,26.0044,26.0044,25.9496,25.9606,4013.3026507634,0
IBTG.US,D,20200617,000000,25.9855,25.9855,25.9556,25.9745,1211.2219711763,0
IBTG.US,D,20200618,000000,26.0144,26.0144,25.9954,25.9954,616.65861550769,0
IBTG.US,D,20200619,000000,26.0044,26.0044,26.0044,26.0044,267.15177805382,0
IBTG.US,D,20200622,000000,26.0243,26.0243,25.9954,25.9954,1618.9799482059,0
IBTG.US,D,20200623,000000,25.9855,26.0044,25.9855,25.9954,558.40747593205,0
IBTG.US,D,20200624,000000,26.0144,26.0343,26.0144,26.0193,486.09571645883,0
IBTG.US,D,20200625,000000,26.0442,26.0442,26.0183,26.0183,731.15223467361,0
IBTG.US,D,20200626,000000,26.0741,26.0741,26.0641,26.0641,680.93573503944,0
IBTG.US,D,20200630,000000,26.104,26.104,26.0691,26.0691,576.48541580035,0
IBTG.US,D,20200702,000000,26.0542,26.0691,26.0442,26.0691,835.6025539127,0
IBTG.US,D,20200706,000000,26.0343,26.0442,26.0343,26.0442,753.24749451265,0
IBTG.US,D,20200708,000000,26.0641,26.0841,26.0542,26.0691,1492.4343691277,0
IBTG.US,D,20200709,000000,26.0841,26.1139,26.0841,26.1139,641.76686532478,0
IBTG.US,D,20200710,000000,26.1139,26.1239,26.0691,26.0691,2438.5132222356,0
IBTG.US,D,20200713,000000,26.0641,26.093,26.0641,26.093,569.45510585156,0
IBTG.US,D,20200715,000000,26.094,26.1139,26.094,26.1139,1019.3949425738,0
IBTG.US,D,20200716,000000,26.1339,26.1339,26.104,26.104,1876.0884263328,0
IBTG.US,D,20200717,000000,26.104,26.104,26.104,26.104,271.16909802455,0
IBTG.US,D,20200720,000000,26.1139,26.1139,26.094,26.104,1508.5036490107,0
IBTG.US,D,20200721,000000,26.1199,26.1339,26.1199,26.1239,30388.012588626,0
IBTG.US,D,20200723,000000,26.1339,26.1537,26.1289,26.1289,18869.351902538,0
IBTG.US,D,20200724,000000,26.1438,26.1438,26.1329,26.1329,2725.7516001431,0
IBTG.US,D,20200727,000000,26.1339,26.1339,26.104,26.104,1082.6677321129,0
IBTG.US,D,20200728,000000,26.1438,26.1537,26.1339,26.1537,2410.3919824405,0
IBTG.US,D,20200729,000000,26.1537,26.1737,26.1537,26.1737,589.54170570524,0
IBTG.US,D,20200730,000000,26.2035,26.2035,26.1836,26.2035,1628.01891814,0
IBTG.US,D,20200731,000000,26.2035,26.2235,26.2035,26.2135,700.01800490042,0
IBTG.US,D,20200803,000000,26.1737,26.1936,26.1737,26.1936,549.36850599789,0
IBTG.US,D,20200804,000000,26.2334,26.2433,26.2334,26.2433,580.50273577108,0
IBTG.US,D,20200805,000000,26.2035,26.2135,26.1985,26.1985,939.04854315911,0
IBTG.US,D,20200806,000000,26.2433,26.2433,26.2085,26.2085,798.44234418341,0
IBTG.US,D,20200807,000000,26.2135,26.2135,26.1836,26.1836,1852.9888365011,0
IBTG.US,D,20200810,000000,26.2135,26.2135,26.1637,26.1637,785.38605427852,0
IBTG.US,D,20200811,000000,26.104,26.1239,26.089,26.1239,518.2342762247,0
IBTG.US,D,20200812,000000,26.0741,26.0841,26.0641,26.0791,4522.497957054,0
IBTG.US,D,20200813,000000,26.0841,26.0841,26.0393,26.0442,1753.5601672255,0
IBTG.US,D,20200814,000000,26.0741,26.0841,26.0741,26.0841,1709.3696475474,0
IBTG.US,D,20200817,000000,26.0841,26.1139,26.0841,26.094,610.63263555159,0
IBTG.US,D,20200818,000000,26.1239,26.1239,26.1089,26.1089,655.82748522235,0
IBTG.US,D,20200819,000000,26.1239,26.1239,26.094,26.094,799.44667417609,0
IBTG.US,D,20200820,000000,26.1339,26.1438,26.1139,26.1289,1484.3997291863,0
IBTG.US,D,20200821,000000,26.1438,26.1438,26.1339,26.1339,444.91818675881,0
IBTG.US,D,20200824,000000,26.1339,26.1339,26.104,26.104,1087.6893820763,0
IBTG.US,D,20200826,000000,26.0641,26.089,26.0641,26.089,703.03099487847,0
IBTG.US,D,20200827,000000,26.094,26.094,26.0641,26.0641,2129.1795844891,0
IBTG.US,D,20200828,000000,26.1139,26.1139,26.094,26.094,721.10893474678,0
IBTG.US,D,20200831,000000,26.1239,26.1339,26.1089,26.1089,678.92707505407,0
IBTG.US,D,20200901,000000,26.1239,26.1289,26.1239,26.1289,339.46353752703,0
IBTG.US,D,20200902,000000,26.1239,26.1438,26.1239,26.1388,901.88833342981,0
IBTG.US,D,20200903,000000,26.1836,26.1936,26.1767,26.1767,753.24749451265,0
IBTG.US,D,20200904,000000,26.1239,26.1239,26.0741,26.0741,1259.4298108252,0
IBTG.US,D,20200908,000000,26.1239,26.1339,26.1239,26.1239,2485.7167318917,0
IBTG.US,D,20200909,000000,26.1089,26.1089,26.099,26.105,1001.3170027055,0
IBTG.US,D,20200910,000000,26.104,26.1239,26.094,26.1239,662.85779517113,0
IBTG.US,D,20200911,000000,26.1438,26.1438,26.1239,26.1438,465.00478661248,0
IBTG.US,D,20200914,000000,26.1537,26.1537,26.1339,26.1339,398.71900709536,0
IBTG.US,D,20200915,000000,26.1239,26.1339,26.1239,26.1289,609.62830555891,0
IBTG.US,D,20200916,000000,26.1537,26.1537,26.1139,26.1139,735.16955464435,0
IBTG.US,D,20200917,000000,26.1339,26.1339,26.1189,26.1189,854.68482377369,0
IBTG.US,D,20200918,000000,26.1239,26.1239,26.104,26.104,639.75820533941,0
IBTG.US,D,20200921,000000,26.1448,26.1537,26.1239,26.1239,715.08295479068,0
IBTG.US,D,20200922,000000,26.1239,26.1438,26.1239,26.1339,1230.3042410373,0
IBTG.US,D,20200923,000000,26.1239,26.1239,26.1139,26.1139,510.19963628324,0
IBTG.US,D,20200924,000000,26.1239,26.1438,26.1239,26.1339,513.21262626129,0
IBTG.US,D,20200925,000000,26.1637,26.1637,26.1438,26.1438,1198.1656812715,0
IBTG.US,D,20200928,000000,26.1537,26.1537,26.1517,26.1517,860.71080372979,0
IBTG.US,D,20200929,000000,26.1737,26.1737,26.1637,26.1637,6295.1403941404,0
IBTG.US,D,20200930,000000,26.1339,26.1438,26.1239,26.1239,1144.9361916592,0
IBTG.US,D,20201001,000000,26.0841,26.1438,26.0841,26.1339,10932.13197036,0
IBTG.US,D,20201002,000000,26.1239,26.1239,26.104,26.1139,929.00524323227,0
IBTG.US,D,20201005,000000,26.0641,26.0641,26.0343,26.0343,530.28623613691,0
IBTG.US,D,20201006,000000,26.0492,26.0741,26.0492,26.0621,8353.012549149,0
IBTG.US,D,20201007,000000,26.0442,26.0442,26.0144,26.0144,854.68482377369,0
IBTG.US,D,20201008,000000,26.0442,26.0492,26.0442,26.0492,262.1301280904,0
IBTG.US,D,20201009,000000,26.0442,26.0542,26.0243,26.0343,2374.2361027039,0
IBTG.US,D,20201012,000000,26.0442,26.0442,26.0243,26.0243,824.55492399318,0
IBTG.US,D,20201013,000000,26.094,26.094,26.0841,26.0841,325.40291762947,0
IBTG.US,D,20201014,000000,26.094,26.094,26.089,26.089,941.05720314447,0
IBTG.US,D,20201015,000000,26.094,26.094,26.0612,26.0741,1340.7805402325,0
IBTG.US,D,20201016,000000,26.0641,26.0741,26.0641,26.0641,1753.5601672255,0
IBTG.US,D,20201019,000000,26.0343,26.0532,26.0343,26.0442,1118.8236118495,0
IBTG.US,D,20201020,000000,26.0442,26.0542,26.0144,26.0243,22157.528298584,0
IBTG.US,D,20201021,000000,26.0044,26.0144,26.0044,26.0044,545.35118602716,0
IBTG.US,D,20201022,000000,25.9696,25.9855,25.9606,25.9606,9802.2607285913,0
IBTG.US,D,20201023,000000,25.9855,25.9855,25.9656,25.9755,1360.8671400862,0
IBTG.US,D,20201026,000000,26.0144,26.0243,26.0094,26.0094,1663.1704678839,0
IBTG.US,D,20201027,000000,26.0442,26.0442,26.0442,26.0442,643.77552531015,0
IBTG.US,D,20201028,000000,26.0592,26.0592,26.0442,26.0442,2835.2235693456,0
IBTG.US,D,20201102,000000,25.9755,25.9755,25.9506,25.9506,1066.5984522299,0
IBTG.US,D,20201103,000000,25.9307,25.9357,25.9158,25.9307,646.7885152882,0
IBTG.US,D,20201104,000000,26.0243,26.0442,26.0243,26.0442,1049.5248423543,0
IBTG.US,D,20201105,000000,26.0542,26.0542,26.0343,26.0393,938.04421316642,0
IBTG.US,D,20201106,000000,25.9765,26.0044,25.9765,25.9954,1136.9015517178,0
IBTG.US,D,20201109,000000,25.8869,25.8929,25.856,25.8929,3112.4186473263,0
IBTG.US,D,20201110,000000,25.876,25.876,25.852,25.856,882.80606356883,0
IBTG.US,D,20201111,000000,25.866,25.866,25.866,25.866,532.29489612227,0
IBTG.US,D,20201112,000000,25.9258,25.9456,25.9158,25.9456,1097.7326820031,0
IBTG.US,D,20201113,000000,25.9258,25.9456,25.9258,25.9258,525.26458617349,0
IBTG.US,D,20201116,000000,25.9258,25.9258,25.9158,25.9258,579.4984057784,0
IBTG.US,D,20201117,000000,25.9656,25.9656,25.9556,25.9606,2228.6082537648,0
IBTG.US,D,20201118,000000,25.9556,25.9556,25.9456,25.9506,1851.9845065084,0
IBTG.US,D,20201119,000000,25.9755,25.9755,25.9656,25.9656,1519.5512789302,0
IBTG.US,D,20201120,000000,25.9855,25.9954,25.9755,25.9855,1332.7459002911,0
IBTG.US,D,20201123,000000,25.9556,25.9755,25.9556,25.9656,2565.0588013137,0
IBTG.US,D,20201124,000000,25.9556,25.9556,25.9556,25.9556,1193.144031308,0
IBTG.US,D,20201125,000000,25.9805,25.9805,25.9656,25.9656,1035.4642224567,0
IBTG.US,D,20201130,000000,26.0044,26.0044,25.9954,25.9994,1109.7846419153,0
IBTG.US,D,20201201,000000,25.9258,25.9258,25.8959,25.9158,2758.8944899017,0
IBTG.US,D,20201202,000000,25.8959,25.9068,25.8959,25.9068,843.63719385417,0
IBTG.US,D,20201203,000000,25.9158,25.9456,25.9158,25.9456,2931.6392486432,0
IBTG.US,D,20201204,000000,25.8859,25.9058,25.8859,25.9058,407.75797702952,0
IBTG.US,D,20201207,000000,25.9456,25.9556,25.9456,25.9456,1152.9708316007,0
IBTG.US,D,20201208,000000,25.9755,25.9755,25.9556,25.9556,759.27347446875,0
IBTG.US,D,20201209,000000,25.9307,25.9357,25.9258,25.9357,771.32543438096,0
IBTG.US,D,20201210,000000,25.9556,25.9656,25.9357,25.9656,410.77096700757,0
IBTG.US,D,20201211,000000,26.0034,26.0044,25.9994,25.9994,842.63286386149,0
IBTG.US,D,20201214,000000,26.0044,26.0144,25.9994,25.9994,926.9965832469,0
IBTG.US,D,20201215,000000,25.9954,25.9954,25.9855,25.9905,2159.3094842696,0
IBTG.US,D,20201216,000000,25.9656,25.9954,25.9656,25.9855,1453.2654994131,0
IBTG.US,D,20201217,000000,26.0144,26.0144,25.9755,25.9805,1445.2308594716,0
IBTG.US,D,20201218,000000,25.9944,25.9944,25.9755,25.9755,947.08318310057,0
IBTG.US,D,20201221,000000,25.9755,25.9755,25.9755,25.9755,247.06517820015,0
IBTG.US,D,20201222,000000,25.9954,26.0044,25.9954,25.9994,1647.101188001,0
IBTG.US,D,20201223,000000,25.9755,25.9855,25.9706,25.9855,1572.7807685424,0
IBTG.US,D,20201224,000000,25.9855,26.0044,25.9855,25.9954,749.23017454192,0
IBTG.US,D,20201228,000000,25.9994,25.9994,25.9994,25.9994,422.82292691977,0
IBTG.US,D,20201229,000000,25.9994,26.0144,25.9954,26.0044,1456.2784893911,0
IBTG.US,D,20201230,000000,25.9954,26.0094,25.9954,26.0094,313.35095771726,0
IBTG.US,D,20201231,000000,26.0343,26.0343,26.0193,26.0243,1930.3222459378,0
IBTG.US,D,20210104,000000,26.0442,26.0442,26.0144,26.0303,829.5765739566,0
IBTG.US,D,20210105,000000,26.0243,26.0343,25.9994,26.0094,3317.3019658337,0
IBTG.US,D,20210106,000000,25.9158,25.9307,25.9148,25.9307,4251.3288590294,0
IBTG.US,D,20210107,000000,25.8959,25.9058,25.8859,25.8909,2201.4913439623,0
IBTG.US,D,20210108,000000,25.866,25.876,25.851,25.851,5280.76710153,0
IBTG.US,D,20210111,000000,25.8362,25.8362,25.8212,25.8262,4951.3468639298,0
IBTG.US,D,20210112,000000,25.8062,25.8262,25.7764,25.8252,7098.6043882872,0
IBTG.US,D,20210113,000000,25.8461,25.876,25.8451,25.856,13249.121263481,0
IBTG.US,D,20210114,000000,25.876,25.876,25.8461,25.8461,1830.8935766621,0
IBTG.US,D,20210115,000000,25.866,25.8959,25.866,25.8869,3232.9382464483,0
IBTG.US,D,20210119,000000,25.876,25.9058,25.876,25.8959,190353.67650329,0
IBTG.US,D,20210120,000000,25.8859,25.9008,25.8859,25.9008,8830.0692956736,0
IBTG.US,D,20210121,000000,25.8859,25.9058,25.8859,25.8959,91240.366845321,0
IBTG.US,D,20210122,000000,25.9058,25.9208,25.9058,25.9158,58600.646413099,0
IBTG.US,D,20210125,000000,25.9656,25.9656,25.9506,25.9506,906.90998339323,0
IBTG.US,D,20210126,000000,25.9546,25.9556,25.9506,25.9506,1490.4257091424,0
IBTG.US,D,20210127,000000,25.9805,25.9805,25.9656,25.9656,2315.9849631282,0
IBTG.US,D,20210128,000000,25.9407,25.9407,25.9258,25.9307,6385.5300934819,0
IBTG.US,D,20210129,000000,25.9158,25.9357,25.9158,25.9158,2287.8637233331,0
IBTG.US,D,20210201,000000,25.9307,25.9307,25.9258,25.9258,2723.7429401577,0
IBTG.US,D,20210202,000000,25.8859,25.8959,25.8859,25.8959,660.84913518577,0
IBTG.US,D,20210203,000000,25.8859,25.8859,25.866,25.876,2579.1194212113,0
IBTG.US,D,20210204,000000,25.866,25.876,25.866,25.876,1364.8844600569,0
IBTG.US,D,20210205,000000,25.881,25.8859,25.861,25.861,3494.064044546,0
IBTG.US,D,20210208,000000,25.856,25.866,25.851,25.851,3413.7176451313,0
IBTG.US,D,20210209,000000,25.866,25.866,25.856,25.856,649.80150526625,0
IBTG.US,D,20210210,000000,25.876,25.8899,25.876,25.8859,828.57224396392,0
IBTG.US,D,20210211,000000,25.8859,25.8859,25.881,25.881,962.14813299083,0
IBTG.US,D,20210212,000000,25.8461,25.8471,25.8411,25.8411,1559.7244786375,0
IBTG.US,D,20210216,000000,25.7963,25.7963,25.7466,25.7466,1658.1488179205,0
IBTG.US,D,20210217,000000,25.7266,25.7564,25.7266,25.7466,1708.3653175547,0
IBTG.US,D,20210218,000000,25.7515,25.7664,25.7466,25.7564,2802.0806795871,0
IBTG.US,D,20210219,000000,25.7266,25.7266,25.7166,25.7166,745.21285457118,0
IBTG.US,D,20210222,000000,25.6968,25.6968,25.6918,25.6918,1032.4512324787,0
IBTG.US,D,20210224,000000,25.6668,25.6808,25.6668,25.6808,1671.2051078254,0
IBTG.US,D,20210225,000000,25.5464,25.5464,25.408,25.408,22444.766676491,0
IBTG.US,D,20210226,000000,25.417,25.5474,25.417,25.5364,1960.4521457183,0
IBTG.US,D,20210301,000000,25.5474,25.5474,25.5374,25.5374,588.53737571255,0
IBTG.US,D,20210302,000000,25.5872,25.5972,25.5872,25.5972,600.58933562475,0
IBTG.US,D,20210303,000000,25.5176,25.5195,25.5026,25.5195,31245.710402377,0
IBTG.US,D,20210304,000000,25.5374,25.5474,25.4578,25.4578,3626.6356035802,0
IBTG.US,D,20210305,000000,25.4478,25.4478,25.4378,25.4378,355.53281740997,0
IBTG.US,D,20210308,000000,25.3582,25.3582,25.3482,25.3482,655.82748522235,0
IBTG.US,D,20210310,000000,25.4279,25.4478,25.418,25.4428,2227.6039237721,0
IBTG.US,D,20210311,000000,25.4578,25.4776,25.4538,25.4578,9235.8186127178,0
IBTG.US,D,20210312,000000,25.3781,25.3781,25.3582,25.3732,1927.3092559597,0
IBTG.US,D,20210315,000000,25.388,25.398,25.388,25.388,1047.5161823689,0
IBTG.US,D,20210316,000000,25.418,25.418,25.398,25.398,3248.0031963386,0
IBTG.US,D,20210317,000000,25.3682,25.4279,25.3672,25.4279,1247.377850913,0
IBTG.US,D,20210318,000000,25.3084,25.3482,25.3084,25.3482,6331.296273877,0
IBTG.US,D,20210319,000000,25.3283,25.3283,25.3184,25.3234,331.42889758557,0
IBTG.US,D,20210322,000000,25.3582,25.3582,25.3572,25.3582,3198.7910266971,0
IBTG.US,D,20210323,000000,25.388,25.413,25.388,25.413,482.0783964881,0
IBTG.US,D,20210324,000000,25.388,25.4279,25.388,25.4279,2772.9551097992,0
IBTG.US,D,20210325,000000,25.418,25.4328,25.418,25.4229,536.31221609301,0
IBTG.US,D,20210326,000000,25.388,25.398,25.3831,25.3831,13062.315884842,0
IBTG.US,D,20210329,000000,25.3682,25.3682,25.3383,25.3403,10960.253210155,0
IBTG.US,D,20210330,000000,25.2984,25.3234,25.2984,25.3234,1597.8890183595,0
IBTG.US,D,20210331,000000,25.3184,25.3184,25.2786,25.2984,2617.2839609333,0
IBTG.US,D,20210401,000000,25.3184,25.3283,25.3184,25.3184,2224.590933794,0
IBTG.US,D,20210405,000000,25.2786,25.2885,25.2786,25.2835,1258.4254808325,0
IBTG.US,D,20210406,000000,25.3383,25.3682,25.3383,25.3682,860.71080372979,0
IBTG.US,D,20210407,000000,25.398,25.398,25.3682,25.3682,710.06130482726,0
IBTG.US,D,20210408,000000,25.408,25.418,25.404,25.408,2350.1321828795,0
IBTG.US,D,20210409,000000,25.3582,25.388,25.3582,25.3781,2054.8591650305,0
IBTG.US,D,20210412,000000,25.3542,25.3542,25.3482,25.3512,678.92707505407,0
IBTG.US,D,20210413,000000,25.388,25.418,25.3781,25.413,2328.0369230404,0
IBTG.US,D,20210414,000000,25.388,25.393,25.3781,25.393,1087.6893820763,0
IBTG.US,D,20210415,000000,25.4767,25.4767,25.4578,25.4578,907.91431338592,0
IBTG.US,D,20210416,000000,25.4378,25.4378,25.4279,25.4279,748.22584454923,0
IBTG.US,D,20210419,000000,25.398,25.4398,25.398,25.4279,2527.8985915845,0
IBTG.US,D,20210420,000000,25.4528,25.4776,25.4478,25.4727,135973.22471945,0
IBTG.US,D,20210421,000000,25.4578,25.4776,25.4578,25.4727,4004.2636808293,0
IBTG.US,D,20210422,000000,25.4678,25.4816,25.4528,25.4727,60795.107447112,0
IBTG.US,D,20210423,000000,25.4478,25.4578,25.4478,25.4528,878.78874359809,0
IBTG.US,D,20210426,000000,25.4478,25.4528,25.4328,25.4328,8313.8436794343,0
IBTG.US,D,20210427,000000,25.393,25.393,25.393,25.393,641.76686532478,0
IBTG.US,D,20210428,000000,25.397,25.4229,25.396,25.4229,1277.5077506935,0
IBTG.US,D,20210429,000000,25.401,25.413,25.401,25.413,3467.9514647362,0
IBTG.US,D,20210430,000000,25.408,25.4348,25.408,25.4348,644.77985530283,0
IBTG.US,D,20210503,000000,25.4388,25.4578,25.4378,25.4528,617.66294550037,0
IBTG.US,D,20210504,000000,25.4727,25.4876,25.4628,25.4628,98627.213941509,0
IBTG.US,D,20210505,000000,25.4876,25.4976,25.4866,25.4976,701.02233489311,0
IBTG.US,D,20210506,000000,25.5126,25.5126,25.5026,25.5026,514.21695625397,0
IBTG.US,D,20210507,000000,25.5484,25.5484,25.5374,25.5374,183.79238866109,0
IBTG.US,D,20210510,000000,25.5224,25.5224,25.5176,25.5224,277.19507798066,0
IBTG.US,D,20210512,000000,25.4279,25.4478,25.419,25.4279,2944.6955385481,0
IBTG.US,D,20210513,000000,25.4628,25.4727,25.4628,25.4727,7561.6005149143,0
IBTG.US,D,20210514,000000,25.4678,25.4776,25.4678,25.4776,3665.8044732949,0
IBTG.US,D,20210517,000000,25.4776,25.4776,25.4727,25.4727,221.95692838306,0
IBTG.US,D,20210518,000000,25.4776,25.4876,25.4776,25.4876,560.41613591741,0
IBTG.US,D,20210519,000000,25.4976,25.4976,25.4378,25.4378,343.48085749777,0
IBTG.US,D,20210520,000000,25.4876,25.4876,25.4826,25.4826,3198.7910266971,0
IBTG.US,D,20210521,000000,25.4776,25.4776,25.4767,25.4776,439.89653679539,0
IBTG.US,D,20210524,000000,25.5066,25.5076,25.4976,25.4976,614.64995552232,0
IBTG.US,D,20210525,000000,25.5274,25.5474,25.5274,25.5474,628.71057541989,0
IBTG.US,D,20210526,000000,25.5424,25.5474,25.5314,25.5314,2066.9111249427,0
IBTG.US,D,20210527,000000,25.4986,25.5136,25.4986,25.5136,1736.4865573498,0
IBTG.US,D,20210601,000000,25.5176,25.5176,25.5076,25.5076,234.00888829526,0
IBTG.US,D,20210603,000000,25.4876,25.4876,25.4678,25.4678,1995.6036954622,0
IBTG.US,D,20210608,000000,25.5624,25.5672,25.5574,25.5672,262.1301280904,0
IBTG.US,D,20210609,000000,25.5922,25.5922,25.5872,25.5922,652.8144952443,0
IBTG.US,D,20210610,000000,25.6062,25.618,25.6062,25.618,218.94393840501,0
IBTG.US,D,20210611,000000,25.5872,25.5972,25.5872,25.5922,947.08318310057,0
IBTG.US,D,20210617,000000,25.4229,25.4378,25.4229,25.4279,500.1563363564,0
IBTG.US,D,20210618,000000,25.408,25.4378,25.408,25.4378,5629.2696089912,0
IBTG.US,D,20210621,000000,25.403,25.4309,25.403,25.4309,331.42889758557,0
IBTG.US,D,20210623,000000,25.4678,25.4678,25.4328,25.4328,1273.4904307227,0
IBTG.US,D,20210624,000000,25.4378,25.4378,25.4328,25.4328,458.97880665638,0
IBTG.US,D,20210629,000000,25.4478,25.4478,25.4478,25.4478,196.84867856597,0
IBTG.US,D,20210630,000000,25.4776,25.4776,25.4568,25.4568,367.58477732217,0
IBTG.US,D,20210701,000000,25.413,25.4328,25.413,25.4328,485.09138646615,0
IBTG.US,D,20210702,000000,25.4478,25.4776,25.4478,25.4776,336.45054754898,0
IBTG.US,D,20210706,000000,25.5424,25.5424,25.5374,25.5424,672.90109509797,0
IBTG.US,D,20210707,000000,25.5624,25.5624,25.5624,25.5624,887.82771353225,0
IBTG.US,D,20210708,000000,25.6072,25.617,25.6072,25.6121,744.2085245785,0
IBTG.US,D,20210709,000000,25.5672,25.5672,25.5624,25.5624,138.59753899033,0
IBTG.US,D,20210712,000000,25.5374,25.5424,25.5374,25.5424,1030.4425724933,0
IBTG.US,D,20210713,000000,25.5324,25.5324,25.4926,25.4926,294.26868785628,0
IBTG.US,D,20210714,000000,25.5474,25.5574,25.5474,25.5524,332.43322757825,0
IBTG.US,D,20210715,000000,25.5464,25.5722,25.5464,25.5722,659.84480519308,0
IBTG.US,D,20210716,000000,25.5574,25.5722,25.5574,25.5722,410.77096700757,0
IBTG.US,D,20210720,000000,25.6868,25.6868,25.6818,25.6818,283.22105793676,0
IBTG.US,D,20210721,000000,25.642,25.642,25.622,25.622,258.11280811967,0
IBTG.US,D,20210722,000000,25.6569,25.6668,25.6569,25.6618,6594.4307319601,0
IBTG.US,D,20210726,000000,25.647,25.647,25.642,25.642,325.40291762947,0
IBTG.US,D,20210727,000000,25.6668,25.6768,25.6668,25.6718,3498.0813645168,0
IBTG.US,D,20210729,000000,25.652,25.652,25.652,25.652,966.16545296156,0
IBTG.US,D,20210730,000000,25.6868,25.6918,25.6868,25.6868,670.8924351126,0
IBTG.US,D,20210802,000000,25.7067,25.7366,25.7067,25.7326,1770.6337771011,0
IBTG.US,D,20210804,000000,25.7017,25.7216,25.7017,25.7216,1385.9753899033,0
IBTG.US,D,20210805,000000,25.6569,25.6668,25.6569,25.6618,2785.0070697114,0
IBTG.US,D,20210806,000000,25.6121,25.617,25.6022,25.6022,4575.7274466662,0
IBTG.US,D,20210809,000000,25.5772,25.5822,25.5752,25.5752,1354.8411601301,0
IBTG.US,D,20210810,000000,25.5772,25.5772,25.5424,25.5424,1513.5252989741,0
IBTG.US,D,20210811,000000,25.5504,25.5672,25.5504,25.5672,308.32930775385,0
IBTG.US,D,20210812,000000,25.5644,25.5644,25.5374,25.5424,843.63719385417,0
IBTG.US,D,20210817,000000,25.627,25.627,25.6072,25.6072,317.368277688,0
IBTG.US,D,20210820,000000,25.6072,25.6072,25.5912,25.5912,325.40291762947,0
IBTG.US,D,20210824,000000,25.5872,25.5882,25.5822,25.5822,1981.5430755646,0
IBTG.US,D,20210826,000000,25.5564,25.5564,25.5424,25.5424,2659.465820626,0
IBTG.US,D,20210827,000000,25.5682,25.5922,25.5682,25.5922,366.58044732949,0
IBTG.US,D,20210830,000000,25.6121,25.622,25.6121,25.622,1889.1447162377,0
IBTG.US,D,20210831,000000,25.617,25.622,25.617,25.617,648.79717527356,0
IBTG.US,D,20210902,000000,25.614,25.614,25.6072,25.6072,212.91795844891,0
IBTG.US,D,20210907,000000,25.5624,25.5663,25.5624,25.5624,334.44188756362,0
IBTG.US,D,20210908,000000,25.5772,25.5822,25.5772,25.5822,828.57224396392,0
IBTG.US,D,20210909,000000,25.5942,25.6022,25.5942,25.6022,195.84434857329,0
IBTG.US,D,20210910,000000,25.5722,25.5722,25.5722,25.5722,301.29899780506,0
IBTG.US,D,20210914,000000,25.6092,25.617,25.6072,25.6072,1017.3862825884,0
IBTG.US,D,20210915,000000,25.5922,25.5922,25.5772,25.5922,625.69758544184,0
IBTG.US,D,20210916,000000,25.5484,25.5484,25.5474,25.5474,644.77985530283,0
IBTG.US,D,20210917,000000,25.5026,25.5126,25.5026,25.5126,198.85733855134,0
IBTG.US,D,20210921,000000,25.5872,25.5872,25.5564,25.5574,2863.3448091408,0
IBTG.US,D,20210923,000000,25.4747,25.4747,25.4378,25.4428,1211.2219711763,0
IBTG.US,D,20210924,000000,25.4279,25.4279,25.41,25.413,816.52028405171,0
IBTG.US,D,20210927,000000,25.398,25.398,25.398,25.398,767.30811441022,0
IBTG.US,D,20210928,000000,25.3532,25.3632,25.3532,25.3632,429.85323686855,0
IBTG.US,D,20210929,000000,25.3791,25.388,25.3791,25.3831,699.01367490774,0
IBTG.US,D,20210930,000000,25.3771,25.403,25.3771,25.403,4688.2124058467,0
IBTG.US,D,20211001,000000,25.4378,25.4528,25.4378,25.4528,344.48518749045,0
IBTG.US,D,20211004,000000,25.4328,25.4478,25.4279,25.4328,7173.9291377385,0
IBTG.US,D,20211005,000000,25.403,25.408,25.398,25.403,19394.616488711,0
IBTG.US,D,20211006,000000,25.408,25.408,25.398,25.398,5891.3997370816,0
IBTG.US,D,20211007,000000,25.3682,25.3682,25.3532,25.3532,1540.6422087765,0
IBTG.US,D,20211008,000000,25.3363,25.3373,25.3234,25.3234,959.13514301278,0
IBTG.US,D,20211011,000000,25.2487,25.3184,25.2487,25.2786,1068.6071122153,0
IBTG.US,D,20211012,000000,25.2965,25.3034,25.2965,25.3034,680.93573503944,0
IBTG.US,D,20211013,000000,25.3074,25.3074,25.2955,25.2955,681.94006503212,0
IBTG.US,D,20211014,000000,25.3184,25.3184,25.3184,25.3184,341.4721975124,0
IBTG.US,D,20211015,000000,25.2696,25.2786,25.2487,25.2487,568.45077585888,0
IBTG.US,D,20211018,000000,25.2049,25.2098,25.2049,25.2098,124.53691909276,0
IBTG.US,D,20211019,000000,25.2298,25.2298,25.2049,25.2049,879.79307359078,0
IBTG.US,D,20211020,000000,25.2148,25.2198,25.2148,25.2148,398.71900709536,0
IBTG.US,D,20211021,000000,25.18,25.1899,25.1451,25.1451,3577.4234339388,0
IBTG.US,D,20211022,000000,25.1601,25.17,25.1501,25.1551,992.27803277133,0
IBTG.US,D,20211025,000000,25.2098,25.2098,25.1899,25.1899,3991.2073909244,0
IBTG.US,D,20211026,000000,25.178,25.18,25.178,25.18,637.74954535404,0
IBTG.US,D,20211027,000000,25.1889,25.2298,25.179,25.2198,1202.1830012422,0
IBTG.US,D,20211028,000000,25.1999,25.2098,25.18,25.185,1500.4690090692,0
IBTG.US,D,20211029,000000,25.181,25.1889,25.181,25.1889,250.0781681782,0
IBTG.US,D,20211101,000000,25.1591,25.1899,25.1591,25.1899,260.12146810504,0
IBTG.US,D,20211102,000000,25.2536,25.2586,25.2347,25.2347,596.57201565402,0
IBTG.US,D,20211103,000000,25.18,25.2148,25.18,25.2148,369.59343730754,0
IBTG.US,D,20211104,000000,25.2487,25.2885,25.2487,25.2885,705.03965486384,0
IBTG.US,D,20211105,000000,25.3283,25.3403,25.3264,25.3403,1304.6246604959,0
IBTG.US,D,20211108,000000,25.2984,25.2984,25.2586,25.2586,347.4981774685,0
IBTG.US,D,20211110,000000,25.1999,25.1999,25.1551,25.1551,368.58910731486,0
IBTG.US,D,20211111,000000,25.1143,25.1202,25.1003,25.1003,422.82292691977,0
IBTG.US,D,20211112,000000,25.1501,25.1501,25.1302,25.1451,8606.1037073052,0
IBTG.US,D,20211116,000000,25.1292,25.1302,25.1013,25.1103,3819.4669621755,0
IBTG.US,D,20211117,000000,25.1272,25.1481,25.1272,25.1481,854.68482377369,0
IBTG.US,D,20211118,000000,25.167,25.167,25.1571,25.1601,471.03076656858,0
IBTG.US,D,20211119,000000,25.1999,25.1999,25.165,25.17,1257.4211508398,0
IBTG.US,D,20211122,000000,25.0993,25.0993,25.0605,25.0605,1615.9669582278,0
IBTG.US,D,20211123,000000,25.0535,25.0595,25.0356,25.0356,2750.8598499602,0
IBTG.US,D,20211124,000000,25.0276,25.0505,25.0276,25.0406,12868.480196254,0
IBTG.US,D,20211126,000000,25.1949,25.2198,25.1939,25.2049,8180.2677904074,0
IBTG.US,D,20211129,000000,25.2148,25.2298,25.1959,25.2029,1854.9974964865,0
IBTG.US,D,20211130,000000,25.2248,25.2477,25.1899,25.2327,3107.3969973629,0
IBTG.US,D,20211201,000000,25.2098,25.2098,25.2098,25.2098,246.06084820747,0
IBTG.US,D,20211202,000000,25.1501,25.1501,25.1501,25.1501,1472.3477692741,0
IBTG.US,D,20211203,000000,25.1401,25.2397,25.1401,25.2248,5026.6716133811,0
IBTG.US,D,20211206,000000,25.179,25.179,25.1521,25.165,2143.2402043867,0
IBTG.US,D,20211207,000000,25.1202,25.1202,25.1053,25.1053,398.71900709536,0
IBTG.US,D,20211208,000000,25.0784,25.0903,25.0774,25.0903,558.40747593205,0
IBTG.US,D,20211209,000000,25.1192,25.1202,25.1003,25.1003,929.00524323227,0
IBTG.US,D,20211210,000000,25.1202,25.1372,25.1103,25.1103,2904.5223388408,0
IBTG.US,D,20211214,000000,25.1372,25.1372,25.1202,25.1202,261.12579809772,0
IBTG.US,D,20211216,000000,25.169,25.169,25.165,25.165,225.9742483538,0
IBTG.US,D,20211217,000000,25.1999,25.1999,25.17,25.17,1428.157249596,0
IBTG.US,D,20211220,000000,25.1999,25.2248,25.185,25.185,996.29535274207,0
IBTG.US,D,20211222,000000,25.1302,25.1391,25.1053,25.1272,1111.7933019007,0
IBTG.US,D,20211223,000000,25.1103,25.1103,25.1103,25.1103,109.47196920251,0
IBTG.US,D,20211227,000000,25.1003,25.1003,25.1003,25.1003,161.69712882205,0
IBTG.US,D,20211228,000000,25.1501,25.1501,25.1013,25.1013,903.89699341518,0
IBTG.US,D,20211229,000000,25.0794,25.0794,25.0705,25.0705,9001.8097244225,0
IBTG.US,D,20211230,000000,25.0903,25.1053,25.0903,25.1053,749.23017454192,0
IBTG.US,D,20211231,000000,25.1163,25.1302,25.1003,25.1003,2535.9332315259,0
IBTG.US,D,20220103,000000,25.0177,25.0207,25.0007,25.0107,15565.106226609,0
IBTG.US,D,20220104,000000,25.0107,25.0157,25.0007,25.0157,3416.7306351094,0
IBTG.US,D,20220105,000000,24.9809,24.9809,24.946,24.946,419.80993694172,0
IBTG.US,D,20220106,000000,24.8913,24.8962,24.8913,24.8962,243.04785822942,0
IBTG.US,D,20220107,000000,24.8683,24.8713,24.8563,24.8663,1584.8327284546,0
IBTG.US,D,20220112,000000,24.8673,24.8813,24.8663,24.8663,2704.6606702968,0
IBTG.US,D,20220113,000000,24.8813,24.9011,24.8813,24.9011,3341.4058856581,0
IBTG.US,D,20220114,000000,24.8315,24.8315,24.8115,24.8215,1190.13104133,0
IBTG.US,D,20220118,000000,24.7419,24.7419,24.712,24.712,3709.994992973,0
IBTG.US,D,20220119,000000,24.7219,24.7219,24.7219,24.7219,260.12146810504,0
IBTG.US,D,20220120,000000,24.7717,24.7717,24.7419,24.7617,1182818.5146532,0
IBTG.US,D,20220121,000000,24.8395,24.8395,24.8075,24.8315,10003.126727128,0
IBTG.US,D,20220124,000000,24.8713,24.8913,24.8385,24.8385,465401.49695958,0
IBTG.US,D,20220125,000000,24.8345,24.8514,24.8115,24.8115,5043.7452232567,0
IBTG.US,D,20220126,000000,24.8215,24.8215,24.712,24.712,3189.7520567629,0
IBTG.US,D,20220127,000000,24.7319,24.7369,24.7071,24.7071,19171.655230336,0
IBTG.US,D,20220128,000000,24.7409,24.7519,24.7409,24.7519,833.59389392733,0
IBTG.US,D,20220131,000000,24.7409,24.7617,24.7409,24.7607,3156.6091670044,0
IBTG.US,D,20220201,000000,24.7578,24.7717,24.7319,24.7519,5947.6422166719,0
IBTG.US,D,20220202,000000,24.7717,24.7917,24.7617,24.7667,1803.7766668596,0
IBTG.US,D,20220203,000000,24.7219,24.7219,24.7071,24.7219,2115.1189645915,0
IBTG.US,D,20220204,000000,24.6105,24.6125,24.5875,24.5875,6807.348690409,0
IBTG.US,D,20220207,000000,24.6025,24.6125,24.5935,24.6125,2364.192802777,0
IBTG.US,D,20220208,000000,24.5696,24.5726,24.5627,24.5686,3241.9772163825,0
IBTG.US,D,20220209,000000,24.5726,24.5825,24.5527,24.5527,1193.144031308,0
IBTG.US,D,20220210,000000,24.4731,24.4731,24.3834,24.3834,3013.9943080433,0
IBTG.US,D,20220211,000000,24.4491,24.5119,24.3735,24.5119,3995.2247108951,0
IBTG.US,D,20220214,000000,24.4292,24.4531,24.3934,24.4233,3361.4924855118,0
IBTG.US,D,20220215,000000,24.4053,24.4233,24.4013,24.4133,19762.201266034,0
IBTG.US,D,20220216,000000,24.4431,24.4431,24.4133,24.4431,3636.6789035071,0
IBTG.US,D,20220217,000000,24.483,24.4959,24.483,24.4929,31701.676219056,0
IBTG.US,D,20220218,000000,24.5258,24.5427,24.5228,24.5327,1744.5211972913,0
IBTG.US,D,20220222,000000,24.5129,24.5218,24.4979,24.5029,2646.4095307211,0
IBTG.US,D,20220223,000000,24.4631,24.4929,24.4491,24.4731,11526.695326029,0
IBTG.US,D,20220224,000000,24.5327,24.5327,24.4899,24.4899,4407.0000078954,0
IBTG.US,D,20220225,000000,24.4731,24.4929,24.4431,24.4929,6161.5645051135,0
IBTG.US,D,20220228,000000,24.5925,24.6403,24.5925,24.6194,3932.9562513487,0
IBTG.US,D,20220301,000000,24.7319,24.8115,24.7319,24.7787,6412.6470032844,0
IBTG.US,D,20220302,000000,24.6623,24.6623,24.5726,24.5726,5121.0786326933,0
IBTG.US,D,20220303,000000,24.5825,24.5925,24.5557,24.5925,2294.8940332819,0
IBTG.US,D,20220304,000000,24.6801,24.712,24.6801,24.6921,4053.4758504707,0
IBTG.US,D,20220307,000000,24.6413,24.6423,24.6204,24.6204,2827.1889294042,0
IBTG.US,D,20220308,000000,24.5607,24.5607,24.5029,24.5308,6661.7208414699,0
IBTG.US,D,20220309,000000,24.4731,24.483,24.4501,24.4631,6206.7593547842,0
IBTG.US,D,20220310,000000,24.3983,24.4033,24.3834,24.3934,3158.6178269897,0
IBTG.US,D,20220311,000000,24.3934,24.3934,24.3735,24.3735,2368.2101227478,0
IBTG.US,D,20220314,000000,24.2938,24.2938,24.237,24.237,5807.0360176962,0
IBTG.US,D,20220315,000000,24.2819,24.2819,24.2241,24.2341,6269.0278143306,0
IBTG.US,D,20220316,000000,24.2142,24.2241,24.1046,24.1544,4352.7661882904,0
IBTG.US,D,20220317,000000,24.1743,24.1942,24.1594,24.1644,12120.254351705,0
IBTG.US,D,20220318,000000,24.1793,24.1942,24.1743,24.1813,43545.739822773,0
IBTG.US,D,20220321,000000,24.0847,24.0847,23.9882,24.005,3448.8691948753,0
IBTG.US,D,20220322,000000,23.9264,23.9464,23.9264,23.9464,2897.492028892,0
IBTG.US,D,20220323,000000,23.9762,24.004,23.9562,24.004,6182.6554349598,0
IBTG.US,D,20220324,000000,23.9662,23.9682,23.9424,23.9562,6352.3872037234,0
IBTG.US,D,20220325,000000,23.8468,23.8468,23.772,23.787,11992.704442634,0
IBTG.US,D,20220328,000000,23.8089,23.8268,23.777,23.787,21863.259610728,0
IBTG.US,D,20220329,000000,23.8328,23.8468,23.782,23.8318,13052.272584915,0
IBTG.US,D,20220330,000000,23.8567,23.8866,23.8518,23.8866,7067.470158514,0
IBTG.US,D,20220331,000000,23.9164,23.9164,23.8866,23.8966,9629.5159698497,0
IBTG.US,D,20220401,000000,23.7272,23.7641,23.7272,23.7372,7481.2541154997,0
IBTG.US,D,20220404,000000,23.7422,23.7572,23.7372,23.7532,26191.921879194,0
IBTG.US,D,20220405,000000,23.7074,23.7074,23.6178,23.6376,49399.979350125,0
IBTG.US,D,20220406,000000,23.5829,23.6576,23.5829,23.6376,29105.483187969,0
IBTG.US,D,20220407,000000,23.6874,23.6874,23.6376,23.6526,23176.923241158,0
IBTG.US,D,20220408,000000,23.6178,23.6178,23.5879,23.5978,46978.539737765,0
IBTG.US,D,20220411,000000,23.558,23.5879,23.558,23.5759,4701.2686957516,0
IBTG.US,D,20220412,000000,23.6844,23.7173,23.6844,23.7074,5288.8017414715,0
IBTG.US,D,20220413,000000,23.7671,23.797,23.7074,23.7124,16846.631297274,0
IBTG.US,D,20220414,000000,23.6476,23.6665,23.6078,23.6178,19432.781028434,0
IBTG.US,D,20220418,000000,23.6277,23.6376,23.5978,23.5978,17925.281709416,0
IBTG.US,D,20220419,000000,23.5381,23.548,23.4783,23.4883,19375.534218851,0
IBTG.US,D,20220420,000000,23.5281,23.5381,23.5182,23.5381,1178913.6796417,0
IBTG.US,D,20220421,000000,23.4883,23.4883,23.4017,23.4584,84462.1437247,0
IBTG.US,D,20220422,000000,23.3887,23.4734,23.3788,23.4564,30016.410491333,0
IBTG.US,D,20220425,000000,23.548,23.6277,23.5281,23.5381,48741.138874924,0
IBTG.US,D,20220426,000000,23.6277,23.6376,23.5978,23.6327,19760.192606049,0
IBTG.US,D,20220427,000000,23.6376,23.6526,23.5779,23.5978,55248.192897521,0
IBTG.US,D,20220428,000000,23.548,23.553,23.5281,23.546,15776.015525073,0
IBTG.US,D,20220429,000000,23.4783,23.5182,23.4783,23.4783,28902.608529447,0
IBTG.US,D,20220502,000000,23.4384,23.4485,23.4077,23.4186,28554.106021985,0
IBTG.US,D,20220503,000000,23.4495,23.4684,23.4087,23.4186,17946.372639262,0
IBTG.US,D,20220504,000000,23.3987,23.5331,23.3788,23.5189,42835.678517945,0
IBTG.US,D,20220505,000000,23.4684,23.4684,23.405,23.4385,8684.4414467345,0
IBTG.US,D,20220506,000000,23.3987,23.4684,23.3987,23.4086,8289.7397596099,0
IBTG.US,D,20220509,000000,23.4634,23.5331,23.4634,23.5331,6361.4261736575,0
IBTG.US,D,20220510,000000,23.5605,23.563,23.5265,23.5281,21467.553593611,0
IBTG.US,D,20220511,000000,23.5082,23.563,23.4684,23.563,10818.642681187,0
IBTG.US,D,20220512,000000,23.6178,23.6483,23.5879,23.6277,8262.6228498074,0
IBTG.US,D,20220513,000000,23.568,23.5879,23.5508,23.5779,27766.711307722,0
IBTG.US,D,20220516,000000,23.6078,23.6476,23.6041,23.6178,10970.296510082,0
IBTG.US,D,20220517,000000,23.5182,23.563,23.4982,23.5082,29695.024893674,0
IBTG.US,D,20220518,000000,23.543,23.5779,23.5382,23.558,44252.788137622,0
IBTG.US,D,20220519,000000,23.6277,23.6476,23.6028,23.6128,19006.945111536,0
IBTG.US,D,20220520,000000,23.6078,23.6774,23.6078,23.6675,10989.378779943,0
IBTG.US,D,20220523,000000,23.635,23.635,23.5837,23.5978,12059.994552144,0
IBTG.US,D,20220524,000000,23.6626,23.7372,23.6626,23.7074,20989.492517094,0
IBTG.US,D,20220525,000000,23.7671,23.7671,23.71,23.7422,10614.763692673,0
IBTG.US,D,20220526,000000,23.7741,23.777,23.7176,23.7422,8534.7962778247,0
IBTG.US,D,20220527,000000,23.7661,23.7661,23.7272,23.7472,9248.8749026227,0
IBTG.US,D,20220531,000000,23.6675,23.6775,23.6376,23.6775,14091.754127342,0
IBTG.US,D,20220601,000000,23.6068,23.6068,23.5017,23.5281,11198.279418421,0
IBTG.US,D,20220602,000000,23.5281,23.5381,23.5183,23.5281,23858.86330619,0
IBTG.US,D,20220603,000000,23.5082,23.5182,23.5032,23.5036,5255.6588517129,0
IBTG.US,D,20220606,000000,23.4981,23.4981,23.4286,23.4335,21970.722919945,0
IBTG.US,D,20220607,000000,23.4833,23.4883,23.4584,23.4634,30363.908668801,0
IBTG.US,D,20220608,000000,23.4511,23.4684,23.4286,23.4286,23845.807016285,0
IBTG.US,D,20220609,000000,23.4286,23.4286,23.3887,23.3987,10429.966974019,0
IBTG.US,D,20220610,000000,23.2742,23.2991,23.2095,23.2195,26540.424386655,0
IBTG.US,D,20220613,000000,23.0881,23.09,22.9257,22.9905,29606.643854318,0
IBTG.US,D,20220614,000000,23.0153,23.0153,22.884,22.9073,20537.544020386,0
IBTG.US,D,20220615,000000,22.9805,23.1099,22.9407,23.0892,15047.876280377,0
IBTG.US,D,20220616,000000,22.9905,23.1797,22.9905,23.1646,91573.804402892,0
IBTG.US,D,20220617,000000,23.1896,23.1896,23.0701,23.1386,16070.284212929,0
IBTG.US,D,20220621,000000,23.1049,23.1299,23.1017,23.1199,25159.470646715,0
IBTG.US,D,20220622,000000,23.2543,23.2792,23.2393,23.2792,29750.263043272,0
IBTG.US,D,20220623,000000,23.3788,23.4286,23.3389,23.3489,58531.347643604,0
IBTG.US,D,20220624,000000,23.3389,23.3887,23.3212,23.324,18546.961974887,0
IBTG.US,D,20220627,000000,23.3091,23.3174,23.2493,23.2792,19841.543335456,0
IBTG.US,D,20220628,000000,23.2593,23.2742,23.2493,23.2693,7978.397461878,0
IBTG.US,D,20220629,000000,23.2792,23.3589,23.2792,23.3543,8429.3416285929,0
IBTG.US,D,20220630,000000,23.4385,23.4982,23.4385,23.4684,11123.958998962,0
IBTG.US,D,20220701,000000,23.6526,23.6526,23.558,23.6078,22145.476338672,0
IBTG.US,D,20220705,000000,23.6376,23.6576,23.6128,23.6178,13450.99159201,0
IBTG.US,D,20220706,000000,23.6187,23.6277,23.4783,23.4783,142644.98886084,0
IBTG.US,D,20220707,000000,23.4584,23.4584,23.3916,23.4086,12415.527369554,0
IBTG.US,D,20220708,000000,23.3453,23.3788,23.329,23.3589,51132.448587504,0
IBTG.US,D,20220711,000000,23.4263,23.4385,23.3987,23.4082,81790.625944162,0
IBTG.US,D,20220712,000000,23.4849,23.4849,23.4304,23.4385,19498.062477959,0
IBTG.US,D,20220713,000000,23.3589,23.4584,23.3449,23.4286,12374.349839853,0
IBTG.US,D,20220714,000000,23.319,23.3953,23.319,23.3887,12744.947607154,0
IBTG.US,D,20220715,000000,23.3788,23.4236,23.3788,23.4086,10366.69418448,0
IBTG.US,D,20220718,000000,23.359,23.3987,23.3439,23.3987,7985.4277718268,0
IBTG.US,D,20220719,000000,23.359,23.3689,23.3091,23.324,142687.17072053,0
IBTG.US,D,20220720,000000,23.3788,23.3887,23.3041,23.319,21463.536273639,0
IBTG.US,D,20220721,000000,23.3688,23.4684,23.3688,23.4684,47982.869730448,0
IBTG.US,D,20220722,000000,23.568,23.6277,23.568,23.6078,16662.838908612,0
IBTG.US,D,20220725,000000,23.558,23.5779,23.5381,23.563,12522.990678771,0
IBTG.US,D,20220726,000000,23.6178,23.6228,23.553,23.558,17398.008463257,0
IBTG.US,D,20220727,000000,23.5792,23.6476,23.558,23.6078,12514.956038829,0
IBTG.US,D,20220728,000000,23.7472,23.7522,23.6874,23.7372,15713.747065526,0
IBTG.US,D,20220729,000000,23.6974,23.7654,23.6974,23.7372,7899.055392456,0
IBTG.US,D,20220801,000000,23.7472,23.7771,23.7422,23.7672,22102.036960383,0
IBTG.US,D,20220802,000000,23.7612,23.7612,23.5676,23.5776,70746.963634581,0
IBTG.US,D,20220803,000000,23.5576,23.5876,23.4778,23.5859,45710.415985403,0
IBTG.US,D,20220804,000000,23.6275,23.6724,23.6105,23.6724,45543.044644888,0
IBTG.US,D,20220805,000000,23.4878,23.4878,23.4578,23.4778,15245.825340831,0
IBTG.US,D,20220808,000000,23.5077,23.5277,23.4978,23.5177,22768.515651656,0
IBTG.US,D,20220809,000000,23.4742,23.4748,23.4484,23.4678,16133.795446798,0
IBTG.US,D,20220810,000000,23.5676,23.5925,23.5076,23.5177,29696.887370113,0
IBTG.US,D,20220811,000000,23.5576,23.5876,23.4718,23.4728,20587.677106978,0
IBTG.US,D,20220812,000000,23.5476,23.5476,23.4678,23.4828,19189.575190697,0
IBTG.US,D,20220815,000000,23.5576,23.5576,23.5227,23.5277,40863.662675631,0
IBTG.US,D,20220816,000000,23.5177,23.5177,23.4735,23.4978,25894.451047268,0
IBTG.US,D,20220817,000000,23.4179,23.4243,23.378,23.4179,26810.483413921,0
IBTG.US,D,20220818,000000,23.4763,23.4763,23.4179,23.4479,22776.533440423,0
IBTG.US,D,20220819,000000,23.378,23.398,23.3675,23.398,13483.916259239,0
IBTG.US,D,20220822,000000,23.365,23.365,23.2982,23.3281,5842.963564097,0
IBTG.US,D,20220823,000000,23.388,23.388,23.3198,23.3381,22821.633502239,0
IBTG.US,D,20220824,000000,23.3082,23.3082,23.2732,23.2882,12677.126264539,0
IBTG.US,D,20220825,000000,23.3082,23.3381,23.2782,23.3281,9081.1480024499,0
IBTG.US,D,20220826,000000,23.3181,23.3281,23.2832,23.2982,12598.952824059,0
IBTG.US,D,20220829,000000,23.2649,23.2683,23.2383,23.2433,19349.930966041,0
IBTG.US,D,20220830,000000,23.2583,23.2583,23.1979,23.2383,13049.953442214,0
IBTG.US,D,20220831,000000,23.2383,23.2583,23.2011,23.2038,13923.892417839,0
IBTG.US,D,20220901,000000,23.1376,23.1385,23.0956,23.1186,88537.434685402,0
IBTG.US,D,20220902,000000,23.1984,23.2235,23.1585,23.2084,13394.718359204,0
IBTG.US,D,20220906,000000,23.1286,23.1286,23.0787,23.1086,16969.649925779,0
IBTG.US,D,20220907,000000,23.1286,23.1685,23.1203,23.1685,18578.218797198,0
IBTG.US,D,20220908,000000,23.1585,23.1585,23.1186,23.1286,17056.843378622,0
IBTG.US,D,20220909,000000,23.1166,23.1461,23.0815,23.0986,11436.373452815,0
IBTG.US,D,20220912,000000,23.1286,23.1385,23.0737,23.0986,16046.601993955,0
IBTG.US,D,20220913,000000,22.9739,22.9789,22.944,22.9789,15207.740844187,0
IBTG.US,D,20220914,000000,22.9359,22.9639,22.935,22.949,8242.2868526816,0
IBTG.US,D,20220915,000000,22.8991,22.919,22.8791,22.8991,16897.489826874,0
IBTG.US,D,20220916,000000,22.8991,22.939,22.8991,22.939,171328.11927191,0
IBTG.US,D,20220919,000000,22.8691,22.8891,22.8537,22.8791,36181.274035586,0
IBTG.US,D,20220920,000000,22.8392,22.8592,22.8209,22.8392,27090.103797177,0
IBTG.US,D,20220921,000000,22.8292,22.8492,22.7382,22.8242,16097.715397346,0
IBTG.US,D,20220922,000000,22.7095,22.7195,22.6846,22.6917,35873.591391645,0
IBTG.US,D,20220923,000000,22.6596,22.6696,22.6276,22.6351,80464.523620427,0
IBTG.US,D,20220926,000000,22.5997,22.6054,22.47,22.5,115931.21223214,0
IBTG.US,D,20220927,000000,22.53,22.5349,22.4571,22.48,88468.281257285,0
IBTG.US,D,20220928,000000,22.6496,22.7195,22.6097,22.7195,28293.774335853,0
IBTG.US,D,20220929,000000,22.6297,22.6696,22.6187,22.6696,40861.658228439,0
IBTG.US,D,20220930,000000,22.6895,22.6995,22.5848,22.6188,74865.100390134,0
IBTG.US,D,20221003,000000,22.7095,22.7594,22.6823,22.6895,22587.113180798,0
IBTG.US,D,20221004,000000,22.7095,22.7694,22.7095,22.7195,27063.043760088,0
IBTG.US,D,20221005,000000,22.6696,22.6696,22.6097,22.6446,81230.222447695,0
IBTG.US,D,20221006,000000,22.6397,22.6397,22.5798,22.5898,50666.411667129,0
IBTG.US,D,20221007,000000,22.5199,22.5499,22.5141,22.5199,21527.762839932,0
IBTG.US,D,20221010,000000,22.5,22.5,22.4501,22.49,26423.625105904,0
IBTG.US,D,20221011,000000,22.5149,22.5598,22.5,22.5199,145486.78607523,0
IBTG.US,D,20221012,000000,22.5199,22.5548,22.5099,22.5449,27051.017076937,0
IBTG.US,D,20221013,000000,22.3802,22.49,22.3802,22.4501,12071.783212616,0
IBTG.US,D,20221014,000000,22.5299,22.5299,22.3902,22.4201,26930.750245429,0
IBTG.US,D,20221017,000000,22.4958,22.4958,22.4301,22.4351,89586.762790309,0
IBTG.US,D,20221018,000000,22.4748,22.498,22.4301,22.48,1371614.1488645,0
IBTG.US,D,20221019,000000,22.3902,22.4089,22.3603,22.3703,1158357.0032345,0
IBTG.US,D,20221020,000000,22.3403,22.3703,22.2904,22.3004,326785.02567915,0
IBTG.US,D,20221021,000000,22.3204,22.4201,22.3204,22.4002,62779.286047176,0
IBTG.US,D,20221024,000000,22.3902,22.4201,22.3653,22.4002,67555.883705235,0
IBTG.US,D,20221025,000000,22.471,22.5099,22.4551,22.475,34105.668968477,0
IBTG.US,D,20221026,000000,22.5,22.5298,22.499,22.5152,42277.800169446,0
IBTG.US,D,20221027,000000,22.5698,22.6197,22.5689,22.6197,114468.96800572,0
IBTG.US,D,20221028,000000,22.5499,22.5748,22.5249,22.5499,48066.643659364,0
IBTG.US,D,20221031,000000,22.49,22.5149,22.47,22.4861,34807.225485607,0
IBTG.US,D,20221101,000000,22.56,22.565,22.457,22.47,32267,0
IBTG.US,D,20221102,000000,22.49,22.545,22.42,22.43,36669,0
IBTG.US,D,20221103,000000,22.355,22.39,22.35,22.38,33994,0
IBTG.US,D,20221104,000000,22.3923,22.425,22.36,22.41,41749,0
IBTG.US,D,20221107,000000,22.4,22.4,22.36,22.38,167436,0
IBTG.US,D,20221108,000000,22.4,22.44,22.4,22.435,267749,0
IBTG.US,D,20221109,000000,22.42,22.5,22.42,22.5,74389,0
IBTG.US,D,20221110,000000,22.69,22.76,22.69,22.75,138345,0
IBTG.US,D,20221111,000000,22.719,22.74,22.715,22.73,35923,0
IBTG.US,D,20221114,000000,22.705,22.71,22.67,22.71,51089,0
IBTG.US,D,20221115,000000,22.76,22.78,22.725,22.775,113100,0
IBTG.US,D,20221116,000000,22.82,22.8296,22.7853,22.81,76020,0
IBTG.US,D,20221117,000000,22.76,22.76,22.7245,22.75,39207,0
IBTG.US,D,20221118,000000,22.73,22.75,22.6925,22.7,247700,0
IBTG.US,D,20221121,000000,22.73,22.73,22.68,22.69,83667,0
IBTG.US,D,20221122,000000,22.7,22.73,22.7,22.72,68805,0
IBTG.US,D,20221123,000000,22.72,22.77,22.72,22.7554,46526,0
IBTG.US,D,20221125,000000,22.7362,22.7595,22.7362,22.75,6102,0
IBTG.US,D,20221128,000000,22.78,22.8,22.76,22.78,148066,0
IBTG.US,D,20221129,000000,22.76,22.7799,22.7414,22.76,80398,0
IBTG.US,D,20221130,000000,22.73,22.87,22.7,22.87,99861,0
IBTG.US,D,20221201,000000,22.86,22.94,22.84,22.94,82439,0
IBTG.US,D,20221202,000000,22.85,22.95,22.845,22.95,130649,0
IBTG.US,D,20221205,000000,22.89,22.89,22.81,22.81,61801,0
IBTG.US,D,20221206,000000,22.84,22.88,22.8299,22.87,44514,0
IBTG.US,D,20221207,000000,22.92,22.97,22.9036,22.9554,53405,0
IBTG.US,D,20221208,000000,22.92,22.94,22.8922,22.91,113136,0
IBTG.US,D,20221209,000000,22.89,22.9,22.865,22.87,69366,0
IBTG.US,D,20221212,000000,22.9,22.9,22.83,22.85,51058,0
IBTG.US,D,20221213,000000,23.02,23.02,22.9451,22.96,216412,0
IBTG.US,D,20221214,000000,23.01,23.018,22.92,22.99,52149,0
IBTG.US,D,20221215,000000,22.94,22.94,22.9,22.93,155515,0
IBTG.US,D,20221216,000000,22.8677,22.96,22.8616,22.95,57928,0
IBTG.US,D,20221219,000000,22.895,22.8953,22.87,22.88,51140,0
IBTG.US,D,20221220,000000,22.82,22.85,22.82,22.845,115618,0
IBTG.US,D,20221221,000000,22.89,22.89,22.8527,22.865,46459,0
IBTG.US,D,20221222,000000,22.87,22.884,22.86,22.865,66142,0
IBTG.US,D,20221223,000000,22.81,22.8283,22.8,22.81,64396,0
IBTG.US,D,20221227,000000,22.77,22.78,22.73,22.745,123507,0
IBTG.US,D,20221228,000000,22.75,22.75,22.725,22.735,68612,0
IBTG.US,D,20221229,000000,22.7501,22.768,22.7341,22.755,80243,0
IBTG.US,D,20221230,000000,22.73,22.745,22.7001,22.715,83518,0
IBTG.US,D,20230103,000000,22.8,22.8,22.75,22.76,46217,0
IBTG.US,D,20230104,000000,22.83,22.85,22.79,22.815,321189,0
IBTG.US,D,20230105,000000,22.73,22.79,22.73,22.7746,194689,0
IBTG.US,D,20230106,000000,22.8,22.9476,22.795,22.94,238726,0
IBTG.US,D,20230109,000000,22.94,22.9899,22.94,22.965,243904,0
IBTG.US,D,20230110,000000,22.94,22.95,22.9,22.945,224405,0
IBTG.US,D,20230111,000000,22.95,22.985,22.94,22.985,222617,0
IBTG.US,D,20230112,000000,23.04,23.095,23.02,23.085,131919,0
IBTG.US,D,20230113,000000,23.065,23.08,23.0208,23.03,129931,0
IBTG.US,D,20230117,000000,23.02,23.07,23.02,23.05,330714,0
IBTG.US,D,20230118,000000,23.14,23.17,23.13,23.17,183228,0
IBTG.US,D,20230119,000000,23.14,23.16,23.1186,23.13,254935,0
IBTG.US,D,20230120,000000,23.0852,23.09,23.06,23.09,92313,0
IBTG.US,D,20230123,000000,23.0558,23.07,23.04,23.045,134937,0
IBTG.US,D,20230124,000000,23.04,23.08,23.02,23.07,135581,0
IBTG.US,D,20230125,000000,23.1,23.1052,23.07,23.09,92378,0
IBTG.US,D,20230126,000000,23.08,23.08,23.05,23.06,47268,0
IBTG.US,D,20230127,000000,23.04,23.05,23.0143,23.04,79129,0
IBTG.US,D,20230130,000000,23.01,23.01,22.9973,23.01,28540,0
IBTG.US,D,20230131,000000,23.05,23.07,23.018,23.06,139207,0
IBTG.US,D,20230201,000000,23.03,23.1,22.9739,23.1,67877,0
IBTG.US,D,20230202,000000,23.12,23.1377,23.08,23.0937,207963,0
IBTG.US,D,20230203,000000,22.99,23.008,22.94,22.95,123134,0
IBTG.US,D,20230206,000000,22.87,22.88,22.825,22.825,138055,0
IBTG.US,D,20230207,000000,22.85,22.9,22.83,22.835,176483,0
IBTG.US,D,20230208,000000,22.8423,22.865,22.83,22.855,77983,0
IBTG.US,D,20230209,000000,22.87,22.88,22.8,22.82,99071,0
IBTG.US,D,20230210,000000,22.82,22.82,22.7828,22.785,214072,0
IBTG.US,D,20230213,000000,22.77,22.79,22.76,22.785,87684,0
IBTG.US,D,20230214,000000,22.73,22.75,22.695,22.71,108269,0
IBTG.US,D,20230215,000000,22.69,22.715,22.68,22.685,75977,0
IBTG.US,D,20230216,000000,22.68,22.72,22.67,22.69,113487,0
IBTG.US,D,20230217,000000,22.6763,22.72,22.67,22.715,130581,0
IBTG.US,D,20230221,000000,22.66,22.66,22.62,22.63,91249,0
IBTG.US,D,20230222,000000,22.66,22.6799,22.63,22.635,79700,0
IBTG.US,D,20230223,000000,22.65,22.68,22.64,22.68,36136,0
IBTG.US,D,20230224,000000,22.59,22.6,22.56,22.58,74165,0
IBTG.US,D,20230227,000000,22.6,22.62,22.585,22.62,55790,0
IBTG.US,D,20230228,000000,22.57,22.62,22.57,22.61,35155,0
IBTG.US,D,20230301,000000,22.51,22.51,22.47,22.49,51970,0
IBTG.US,D,20230302,000000,22.455,22.475,22.45,22.475,62297,0
IBTG.US,D,20230303,000000,22.5,22.51,22.46,22.495,184644,0
IBTG.US,D,20230306,000000,22.51,22.51,22.4801,22.485,59066,0
IBTG.US,D,20230307,000000,22.5,22.5,22.42,22.42,52666,0
IBTG.US,D,20230308,000000,22.46,22.4657,22.395,22.41,34095,0
IBTG.US,D,20230309,000000,22.47,22.5399,22.46,22.52,74605,0
IBTG.US,D,20230310,000000,22.67,22.72,22.63,22.705,93209,0
IBTG.US,D,20230313,000000,22.99,23.0395,22.91,22.9815,39105,0
IBTG.US,D,20230314,000000,22.86,22.89,22.78,22.86,286552,0
IBTG.US,D,20230315,000000,23.06,23.15,22.976,23.04,254133,0
IBTG.US,D,20230316,000000,23.1,23.1101,22.91,22.925,237729,0
IBTG.US,D,20230317,000000,23.02,23.1474,23.02,23.11,49995,0
IBTG.US,D,20230320,000000,23.15,23.15,23.02,23.0544,81005,0
IBTG.US,D,20230321,000000,22.9369,22.983,22.92,22.92,42523,0
IBTG.US,D,20230322,000000,22.92,23.125,22.9,23.12,76272,0
IBTG.US,D,20230323,000000,23.14,23.23,23.1,23.2199,623307,0
IBTG.US,D,20230324,000000,23.32,23.32,23.2101,23.225,266504,0
IBTG.US,D,20230327,000000,23.09,23.12,23.06,23.07,72747,0
IBTG.US,D,20230328,000000,23.05,23.0575,23.01,23.04,67214,0
IBTG.US,D,20230329,000000,22.9999,23.045,22.99,23.01,95369,0
IBTG.US,D,20230330,000000,22.995,23.03,22.995,23.03,50571,0
IBTG.US,D,20230331,000000,23.03,23.09,23.0187,23.08,61885,0
IBTG.US,D,20230403,000000,22.99,23.08,22.99,23.08,33416,0
IBTG.US,D,20230404,000000,23.05,23.18,23.0496,23.165,51180,0
IBTG.US,D,20230405,000000,23.2311,23.2767,23.205,23.21,142812,0
IBTG.US,D,20230406,000000,23.21,23.2299,23.18,23.18,107895,0
IBTG.US,D,20230410,000000,23.09,23.09,23.0616,23.08,35491,0
IBTG.US,D,20230411,000000,23.09,23.09,23.03,23.065,45603,0
IBTG.US,D,20230412,000000,23.12,23.13,23.08,23.1057,41139,0
IBTG.US,D,20230413,000000,23.16,23.18,23.11,23.11,46903,0
IBTG.US,D,20230414,000000,23.07,23.07,23.0246,23.045,45180,0
IBTG.US,D,20230417,000000,23.01,23.01,22.98,22.99,43341,0
IBTG.US,D,20230418,000000,22.98,23.015,22.97,22.985,49801,0
IBTG.US,D,20230419,000000,22.9501,22.969,22.93,22.94,144331,0
IBTG.US,D,20230420,000000,23.01,23.04,23.01,23.0254,44212,0
IBTG.US,D,20230421,000000,23.0763,23.0763,23.01,23.015,80822,0
IBTG.US,D,20230424,000000,23.05,23.07,23.04,23.07,111828,0
IBTG.US,D,20230425,000000,23.145,23.22,23.13,23.2,155837,0
IBTG.US,D,20230426,000000,23.21,23.21,23.1348,23.1654,75027,0
IBTG.US,D,20230427,000000,23.1104,23.1178,23.07,23.0754,54610,0
IBTG.US,D,20230428,000000,23.1363,23.139,23.11,23.1354,43950,0
IBTG.US,D,20230501,000000,23.04,23.04,22.98,22.99,59642,0
IBTG.US,D,20230502,000000,23,23.13,23,23.12,38560,0
IBTG.US,D,20230503,000000,23.15,23.2117,23.14,23.2108,67042,0
IBTG.US,D,20230504,000000,23.2,23.32,23.2,23.26,181075,0
IBTG.US,D,20230505,000000,23.19,23.19,23.14,23.15,33231,0
IBTG.US,D,20230508,000000,23.11,23.14,23.1,23.11,63181,0
IBTG.US,D,20230509,000000,23.11,23.11,23.08,23.1,60187,0
IBTG.US,D,20230510,000000,23.15,23.2079,23.15,23.2,131057,0
IBTG.US,D,20230511,000000,23.2636,23.2636,23.1998,23.205,54933,0
IBTG.US,D,20230512,000000,23.2,23.2,23.13,23.1385,45425,0
IBTG.US,D,20230515,000000,23.14,23.15,23.1227,23.15,46694,0
IBTG.US,D,20230516,000000,23.11,23.11,23.08,23.1,49039,0
IBTG.US,D,20230517,000000,23.08,23.08,23.03,23.045,256438,0
IBTG.US,D,20230518,000000,23.01,23.0126,22.965,22.99,275020,0
IBTG.US,D,20230519,000000,22.925,23.005,22.92,22.945,239142,0
IBTG.US,D,20230522,000000,22.9562,22.97,22.92,22.93,52367,0
IBTG.US,D,20230523,000000,22.92,22.95,22.9,22.94,381894,0
IBTG.US,D,20230524,000000,22.94,22.95,22.89,22.9,170382,0
IBTG.US,D,20230525,000000,22.86,22.875,22.815,22.82,46162,0
IBTG.US,D,20230526,000000,22.8,22.8,22.75,22.78,45818,0
IBTG.US,D,20230530,000000,22.8295,22.8895,22.825,22.885,90091,0
IBTG.US,D,20230531,000000,22.91,22.9489,22.89,22.9409,42285,0
IBTG.US,D,20230601,000000,22.89,22.91,22.89,22.9,43626,0
IBTG.US,D,20230602,000000,22.87,22.87,22.79,22.79,51686,0
IBTG.US,D,20230605,000000,22.78,22.86,22.7659,22.83,73418,0
IBTG.US,D,20230606,000000,22.82,22.82,22.785,22.795,46232,0
IBTG.US,D,20230607,000000,22.79,22.7999,22.74,22.77,65860,0
IBTG.US,D,20230608,000000,22.8186,22.8285,22.8,22.815,51948,0
IBTG.US,D,20230609,000000,22.78,22.78,22.75,22.75,36099,0
IBTG.US,D,20230612,000000,22.76,22.79,22.75,22.785,93481,0
IBTG.US,D,20230613,000000,22.7982,22.7999,22.695,22.71,129966,0
IBTG.US,D,20230614,000000,22.75,22.7583,22.66,22.69,109068,0
IBTG.US,D,20230615,000000,22.7484,22.77,22.7311,22.77,74936,0
IBTG.US,D,20230616,000000,22.7,22.7161,22.68,22.7,120405,0
IBTG.US,D,20230620,000000,22.7201,22.7572,22.7201,22.735,985674,0
IBTG.US,D,20230621,000000,22.7,22.75,22.7,22.735,111911,0
IBTG.US,D,20230622,000000,22.7263,22.73,22.6894,22.695,61066,0
IBTG.US,D,20230623,000000,22.76,22.76,22.703,22.715,42792,0
IBTG.US,D,20230626,000000,22.73,22.75,22.724,22.75,106976,0
IBTG.US,D,20230627,000000,22.74,22.75,22.6866,22.7,85477,0
IBTG.US,D,20230628,000000,22.7,22.74,22.6961,22.74,124404,0
IBTG.US,D,20230629,000000,22.65,22.65,22.62,22.63,112158,0
IBTG.US,D,20230630,000000,22.64,22.65,22.63,22.65,107434,0
IBTG.US,D,20230703,000000,22.57,22.59,22.53,22.5309,17368,0
IBTG.US,D,20230705,000000,22.55,22.55,22.5001,22.51,79069,0
IBTG.US,D,20230706,000000,22.44,22.47,22.4,22.46,217222,0
IBTG.US,D,20230707,000000,22.49,22.5295,22.4801,22.5,89976,0
IBTG.US,D,20230710,000000,22.53,22.56,22.5112,22.56,103517,0
IBTG.US,D,20230711,000000,22.56,22.57,22.54,22.55,52868,0
IBTG.US,D,20230712,000000,22.64,22.68,22.63,22.67,72017,0
IBTG.US,D,20230713,000000,22.75,22.77,22.72,22.75,144069,0
IBTG.US,D,20230714,000000,22.74,22.74,22.67,22.69,39075,0
IBTG.US,D,20230717,000000,22.69,22.71,22.6879,22.69,38442,0
IBTG.US,D,20230718,000000,22.73,22.74,22.69,22.71,187311,0
IBTG.US,D,20230719,000000,22.71,22.7204,22.69,22.7,55610,0
IBTG.US,D,20230720,000000,22.65,22.66,22.62,22.66,102973,0
IBTG.US,D,20230721,000000,22.655,22.66,22.64,22.65,213193,0
IBTG.US,D,20230724,000000,22.66,22.6685,22.605,22.61,80163,0
IBTG.US,D,20230725,000000,22.57,22.61,22.57,22.59,117413,0
IBTG.US,D,20230726,000000,22.61,22.65,22.59,22.65,178586,0
IBTG.US,D,20230727,000000,22.62,22.6204,22.56,22.57,123342,0
IBTG.US,D,20230728,000000,22.61,22.63,22.5999,22.62,113148,0
IBTG.US,D,20230731,000000,22.615,22.64,22.61,22.62,78824,0
IBTG.US,D,20230801,000000,22.5385,22.54,22.51,22.53,69435,0
IBTG.US,D,20230802,000000,22.52,22.54,22.5002,22.53,66877,0
IBTG.US,D,20230803,000000,22.52,22.545,22.515,22.53,454194,0
IBTG.US,D,20230804,000000,22.5879,22.61,22.57,22.6048,138926,0
IBTG.US,D,20230807,000000,22.6,22.62,22.595,22.6141,86325,0
IBTG.US,D,20230808,000000,22.61,22.6499,22.61,22.63,122255,0
IBTG.US,D,20230809,000000,22.64,22.6484,22.61,22.62,139065,0
IBTG.US,D,20230810,000000,22.635,22.645,22.57,22.593,87570,0
IBTG.US,D,20230811,000000,22.545,22.5693,22.53,22.5447,60719,0
IBTG.US,D,20230814,000000,22.51,22.53,22.5,22.505,58743,0
IBTG.US,D,20230815,000000,22.51,22.54,22.5075,22.515,63954,0
IBTG.US,D,20230816,000000,22.52,22.5399,22.4857,22.49,118242,0
IBTG.US,D,20230817,000000,22.52,22.525,22.48,22.515,166367,0
IBTG.US,D,20230818,000000,22.52,22.55,22.515,22.53,78469,0
IBTG.US,D,20230821,000000,22.51,22.51,22.4836,22.49,110140,0
IBTG.US,D,20230822,000000,22.48,22.49,22.46,22.465,88514,0
IBTG.US,D,20230823,000000,22.51,22.545,22.51,22.54,65770,0
IBTG.US,D,20230824,000000,22.51,22.535,22.51,22.52,488223,0
IBTG.US,D,20230825,000000,22.5,22.519,22.465,22.49,49267,0
IBTG.US,D,20230828,000000,22.5,22.52,22.485,22.52,49582,0
IBTG.US,D,20230829,000000,22.5,22.6,22.5,22.585,87928,0
IBTG.US,D,20230830,000000,22.62,22.62,22.58,22.59,93870,0
IBTG.US,D,20230831,000000,22.61,22.63,22.5913,22.63,119469,0
IBTG.US,D,20230901,000000,22.58,22.58,22.525,22.53,72214,0
IBTG.US,D,20230905,000000,22.52,22.52,22.48,22.495,69660,0
IBTG.US,D,20230906,000000,22.49,22.495,22.44,22.45,166529,0
IBTG.US,D,20230907,000000,22.464,22.5,22.464,22.5,63156,0
IBTG.US,D,20230908,000000,22.51,22.5299,22.48,22.48,119838,0
IBTG.US,D,20230911,000000,22.48,22.5,22.48,22.49,193141,0
IBTG.US,D,20230912,000000,22.49,22.49,22.47,22.48,169761,0
IBTG.US,D,20230913,000000,22.48,22.51,22.4793,22.4952,84793,0
IBTG.US,D,20230914,000000,22.52,22.52,22.48,22.485,103546,0
IBTG.US,D,20230915,000000,22.48,22.4899,22.46,22.47,52732,0
IBTG.US,D,20230918,000000,22.46,22.47,22.4573,22.465,90775,0
IBTG.US,D,20230919,000000,22.45,22.4585,22.43,22.44,107693,0
IBTG.US,D,20230920,000000,22.46,22.475,22.41,22.42,127054,0
IBTG.US,D,20230921,000000,22.41,22.426,22.4,22.41,85984,0
IBTG.US,D,20230922,000000,22.43,22.4599,22.425,22.45,95847,0
IBTG.US,D,20230925,000000,22.44,22.45,22.42,22.43,145979,0
IBTG.US,D,20230926,000000,22.45,22.45,22.41,22.44,144353,0
IBTG.US,D,20230927,000000,22.4404,22.4404,22.385,22.4,102275,0
IBTG.US,D,20230928,000000,22.43,22.46,22.4066,22.46,138538,0
IBTG.US,D,20230929,000000,22.48,22.4899,22.46,22.47,173879,0
IBTG.US,D,20231002,000000,22.37,22.37,22.34,22.35,400008,0
IBTG.US,D,20231003,000000,22.356,22.37,22.32,22.33,117779,0
IBTG.US,D,20231004,000000,22.35,22.38,22.3302,22.37,326684,0
IBTG.US,D,20231005,000000,22.41,22.42,22.4,22.42,404818,0
IBTG.US,D,20231006,000000,22.376,22.39,22.354,22.38,174815,0
IBTG.US,D,20231009,000000,22.45,22.49,22.445,22.49,39609,0
IBTG.US,D,20231010,000000,22.45,22.475,22.44,22.455,112173,0
IBTG.US,D,20231011,000000,22.46,22.46,22.43,22.455,107027,0
IBTG.US,D,20231012,000000,22.44,22.44,22.41,22.42,143522,0
IBTG.US,D,20231013,000000,22.4413,22.4499,22.4237,22.435,85790,0
IBTG.US,D,20231016,000000,22.42,22.42,22.4,22.41,146181,0
IBTG.US,D,20231017,000000,22.37,22.37,22.318,22.34,93721,0
IBTG.US,D,20231018,000000,22.33,22.345,22.31,22.32,116986,0
IBTG.US,D,20231019,000000,22.31,22.36,22.31,22.36,310972,0
IBTG.US,D,20231020,000000,22.395,22.4184,22.39,22.405,129667,0
IBTG.US,D,20231023,000000,22.4,22.44,22.395,22.43,1657456,0
IBTG.US,D,20231024,000000,22.42,22.43,22.4012,22.42,126009,0
IBTG.US,D,20231025,000000,22.4,22.41,22.37,22.385,156171,0
IBTG.US,D,20231026,000000,22.41,22.45,22.41,22.44,74273,0
IBTG.US,D,20231027,000000,22.46,22.47,22.44,22.47,95675,0
IBTG.US,D,20231030,000000,22.44,22.46,22.4363,22.455,293010,0
IBTG.US,D,20231031,000000,22.45,22.45,22.43,22.445,170089,0
IBTG.US,D,20231101,000000,22.39,22.4597,22.375,22.445,370197,0
IBTG.US,D,20231102,000000,22.48,22.485,22.44,22.445,181250,0
IBTG.US,D,20231103,000000,22.52,22.56,22.5,22.535,153243,0
IBTG.US,D,20231106,000000,22.49,22.5,22.47,22.485,228852,0
IBTG.US,D,20231107,000000,22.48,22.5197,22.48,22.5,190904,0
IBTG.US,D,20231108,000000,22.5,22.51,22.49,22.51,128798,0
IBTG.US,D,20231109,000000,22.51,22.51,22.44,22.445,175588,0
IBTG.US,D,20231110,000000,22.49,22.49,22.43,22.445,145268,0
IBTG.US,D,20231113,000000,22.43,22.4599,22.42,22.455,193557,0
IBTG.US,D,20231114,000000,22.57,22.5879,22.555,22.585,259043,0
IBTG.US,D,20231115,000000,22.55,22.55,22.51,22.53,294060,0
IBTG.US,D,20231116,000000,22.58,22.59,22.57,22.585,207132,0
IBTG.US,D,20231117,000000,22.57,22.57,22.54,22.555,908612,0
IBTG.US,D,20231120,000000,22.56,22.57,22.5413,22.57,132569,0
IBTG.US,D,20231121,000000,22.59,22.5979,22.57,22.59,477862,0
IBTG.US,D,20231122,000000,22.6,22.6,22.56,22.5759,397651,0
IBTG.US,D,20231124,000000,22.56,22.56,22.55,22.55,56422,0
IBTG.US,D,20231127,000000,22.56,22.6,22.56,22.595,409012,0
IBTG.US,D,20231128,000000,22.6,22.67,22.59,22.665,461291,0
IBTG.US,D,20231129,000000,22.71,22.7297,22.7,22.715,255152,0
IBTG.US,D,20231130,000000,22.71,22.71,22.67,22.685,212990,0
IBTG.US,D,20231201,000000,22.63,22.7131,22.6245,22.7,196207,0
IBTG.US,D,20231204,000000,22.68,22.6899,22.65,22.67,133812,0
IBTG.US,D,20231205,000000,22.68,22.71,22.67,22.705,283120,0
IBTG.US,D,20231206,000000,22.72,22.72,22.69,22.69,209365,0
IBTG.US,D,20231207,000000,22.72,22.7277,22.71,22.71,369881,0
IBTG.US,D,20231208,000000,22.66,22.6696,22.6314,22.65,628528,0
IBTG.US,D,20231211,000000,22.64,22.65,22.62,22.645,268850,0
IBTG.US,D,20231212,000000,22.65,22.66,22.64,22.655,500436,0
IBTG.US,D,20231213,000000,22.68,22.81,22.66,22.8,921401,0
IBTG.US,D,20231214,000000,22.78,22.81,22.77,22.77,614397,0
IBTG.US,D,20231215,000000,22.77,22.77,22.74,22.75,1415961,0
IBTG.US,D,20231218,000000,22.75,22.7563,22.73,22.73,461307,0
IBTG.US,D,20231219,000000,22.75,22.76,22.74,22.745,790786,0
IBTG.US,D,20231220,000000,22.79,22.8,22.76,22.795,308070,0
IBTG.US,D,20231221,000000,22.82,22.84,22.8,22.82,173600,0
IBTG.US,D,20231222,000000,22.84,22.84,22.81,22.82,562795,0
IBTG.US,D,20231226,000000,22.81,22.83,22.8,22.8148,1119605,0
IBTG.US,D,20231227,000000,22.82,22.86,22.82,22.855,362392,0
IBTG.US,D,20231228,000000,22.85,22.86,22.83,22.85,480107,0
IBTG.US,D,20231229,000000,22.84,22.87,22.82,22.855,325369,0
IBTG.US,D,20240102,000000,22.82,22.83,22.81,22.815,226502,0
IBTG.US,D,20240103,000000,22.81,22.83,22.79,22.825,228271,0
IBTG.US,D,20240104,000000,22.8,22.81,22.79,22.795,227068,0
IBTG.US,D,20240105,000000,22.77,22.83,22.77,22.78,440885,0
IBTG.US,D,20240108,000000,22.81,22.8479,22.8,22.8147,203287,0
IBTG.US,D,20240109,000000,22.81,22.84,22.8,22.815,348201,0
IBTG.US,D,20240110,000000,22.84,22.84,22.81,22.815,472728,0
IBTG.US,D,20240111,000000,22.85,22.89,22.838,22.885,1985589,0
IBTG.US,D,20240112,000000,22.92,22.95,22.92,22.9347,906724,0
IBTG.US,D,20240116,000000,22.94,22.94,22.88,22.895,300546,0
IBTG.US,D,20240117,000000,22.86,22.86,22.82,22.835,1079501,0
IBTG.US,D,20240118,000000,22.85,22.86,22.83,22.84,496727,0
IBTG.US,D,20240119,000000,22.83,22.83,22.81,22.83,183110,0
IBTG.US,D,20240122,000000,22.85,22.85,22.83,22.84,789639,0
IBTG.US,D,20240123,000000,22.84,22.84,22.82,22.84,270660,0
IBTG.US,D,20240124,000000,22.88,22.88,22.81,22.82,305879,0
IBTG.US,D,20240125,000000,22.86,22.87,22.85,22.87,222201,0
IBTG.US,D,20240126,000000,22.86,22.86,22.84,22.85,255315,0
IBTG.US,D,20240129,000000,22.87,22.885,22.86,22.88,210381,0
IBTG.US,D,20240130,000000,22.89,22.89,22.84,22.86,257923,0
IBTG.US,D,20240131,000000,22.91,22.9486,22.895,22.94,386026,0
IBTG.US,D,20240201,000000,22.89,22.9182,22.86,22.885,233462,0
IBTG.US,D,20240202,000000,22.8,22.81,22.77,22.79,402398,0
IBTG.US,D,20240205,000000,22.75,22.76,22.73,22.74,371791,0
IBTG.US,D,20240206,000000,22.76,22.79,22.747,22.78,278821,0
IBTG.US,D,20240207,000000,22.78,22.8,22.76,22.77,264387,0
IBTG.US,D,20240208,000000,22.77,22.77,22.75,22.76,516372,0
IBTG.US,D,20240209,000000,22.74,22.75,22.74,22.75,221596,0
IBTG.US,D,20240212,000000,22.76,22.76,22.75,22.76,152699,0
IBTG.US,D,20240213,000000,22.7,22.7,22.65,22.65,273284,0
IBTG.US,D,20240214,000000,22.68,22.71,22.68,22.7,213520,0
IBTG.US,D,20240215,000000,22.74,22.74,22.71,22.7247,197261,0
IBTG.US,D,20240216,000000,22.67,22.69,22.6633,22.69,238480,0
IBTG.US,D,20240220,000000,22.71,22.73,22.7,22.7,233609,0
IBTG.US,D,20240221,000000,22.72,22.72,22.68,22.69,263076,0
IBTG.US,D,20240222,000000,22.68,22.6851,22.66,22.67,141265,0
IBTG.US,D,20240223,000000,22.67,22.69,22.6697,22.6848,355128,0
IBTG.US,D,20240226,000000,22.67,22.68,22.65,22.67,112835,0
IBTG.US,D,20240227,000000,22.65,22.68,22.65,22.66,314537,0
IBTG.US,D,20240228,000000,22.69,22.7,22.68,22.7,181818,0
IBTG.US,D,20240229,000000,22.72,22.72,22.7,22.71,577269,0
IBTG.US,D,20240301,000000,22.66,22.7,22.6363,22.6947,626407,0
IBTG.US,D,20240304,000000,22.68,22.68,22.66,22.66,168259,0
IBTG.US,D,20240305,000000,22.7,22.7,22.68,22.7,276010,0
IBTG.US,D,20240306,000000,22.7,22.71,22.68,22.685,224172,0
IBTG.US,D,20240307,000000,22.72,22.73,22.7,22.7247,249873,0
IBTG.US,D,20240308,000000,22.76,22.76,22.73,22.74,348245,0
IBTG.US,D,20240311,000000,22.73,22.73,22.71,22.715,231044,0
IBTG.US,D,20240312,000000,22.71,22.71,22.68,22.69,163654,0
IBTG.US,D,20240313,000000,22.68,22.69,22.67,22.67,188994,0
IBTG.US,D,20240314,000000,22.67,22.67,22.64,22.645,129031,0
IBTG.US,D,20240315,000000,22.64,22.64,22.62,22.62,188551,0
IBTG.US,D,20240318,000000,22.62,22.64,22.62,22.63,180608,0
IBTG.US,D,20240319,000000,22.64,22.66,22.64,22.66,151278,0
IBTG.US,D,20240320,000000,22.66,22.7,22.65,22.69,204456,0
IBTG.US,D,20240321,000000,22.69,22.705,22.69,22.69,164323,0
IBTG.US,D,20240322,000000,22.72,22.72,22.71,22.72,230276,0
IBTG.US,D,20240325,000000,22.715,22.72,22.69,22.71,143847,0
IBTG.US,D,20240326,000000,22.7,22.7192,22.69,22.71,194544,0
IBTG.US,D,20240327,000000,22.73,22.745,22.72,22.73,135725,0
IBTG.US,D,20240328,000000,22.7,22.72,22.7,22.71,108827,0
IBTG.US,D,20240401,000000,22.61,22.62,22.58,22.58,191649,0
IBTG.US,D,20240402,000000,22.59,22.6,22.58,22.6,285247,0
IBTG.US,D,20240403,000000,22.58,22.61,22.58,22.61,148117,0
IBTG.US,D,20240404,000000,22.63,22.64,22.61,22.64,148471,0
IBTG.US,D,20240405,000000,22.61,22.6184,22.58,22.5948,210384,0
IBTG.US,D,20240408,000000,22.58,22.59,22.56,22.58,178810,0
IBTG.US,D,20240409,000000,22.58,22.61,22.58,22.595,190689,0
IBTG.US,D,20240410,000000,22.51,22.51,22.48,22.48,264065,0
IBTG.US,D,20240411,000000,22.52,22.52,22.49,22.5,217581,0
IBTG.US,D,20240412,000000,22.55,22.55,22.53,22.535,345945,0
IBTG.US,D,20240415,000000,22.5,22.52,22.4801,22.515,123413,0
IBTG.US,D,20240416,000000,22.51,22.51,22.485,22.5047,227255,0
IBTG.US,D,20240417,000000,22.5,22.545,22.5,22.525,1009762,0
IBTG.US,D,20240418,000000,22.53,22.53,22.5,22.505,317795,0
IBTG.US,D,20240419,000000,22.53,22.53,22.51,22.515,212246,0
IBTG.US,D,20240422,000000,22.53,22.53,22.51,22.52,640004,0
IBTG.US,D,20240423,000000,22.53,22.55,22.51,22.55,119769,0
IBTG.US,D,20240424,000000,22.54,22.54,22.53,22.535,176072,0
IBTG.US,D,20240425,000000,22.51,22.5274,22.5,22.52,230485,0
IBTG.US,D,20240426,000000,22.52,22.54,22.52,22.525,123990,0
IBTG.US,D,20240429,000000,22.52,22.54,22.52,22.53,179858,0
IBTG.US,D,20240430,000000,22.52,22.53,22.5,22.5055,276920,0
IBTG.US,D,20240501,000000,22.45,22.49,22.44,22.46,264031,0
IBTG.US,D,20240502,000000,22.49,22.52,22.48,22.51,307499,0
IBTG.US,D,20240503,000000,22.58,22.58,22.54,22.5548,205003,0
IBTG.US,D,20240506,000000,22.57,22.57,22.54,22.545,137212,0
IBTG.US,D,20240507,000000,22.56,22.57,22.54,22.55,268877,0
IBTG.US,D,20240508,000000,22.55,22.56,22.54,22.55,277749,0
IBTG.US,D,20240509,000000,22.57,22.57,22.5589,22.56,227642,0
IBTG.US,D,20240510,000000,22.57,22.57,22.55,22.55,141740,0
IBTG.US,D,20240513,000000,22.55,22.57,22.55,22.555,147759,0
IBTG.US,D,20240514,000000,22.58,22.58,22.57,22.575,173964,0
IBTG.US,D,20240515,000000,22.6,22.62,22.6,22.615,120654,0
IBTG.US,D,20240516,000000,22.62,22.62,22.6,22.6,171236,0
IBTG.US,D,20240517,000000,22.59,22.61,22.59,22.595,162061,0
IBTG.US,D,20240520,000000,22.59,22.59,22.58,22.585,228547,0
IBTG.US,D,20240521,000000,22.58,22.6,22.58,22.595,129953,0
IBTG.US,D,20240522,000000,22.58,22.59,22.57,22.575,188639,0
IBTG.US,D,20240523,000000,22.58,22.5899,22.55,22.565,142812,0
IBTG.US,D,20240524,000000,22.56,22.57,22.555,22.56,111381,0
IBTG.US,D,20240528,000000,22.58,22.58,22.54,22.545,207568,0
IBTG.US,D,20240529,000000,22.55,22.55,22.53,22.535,151314,0
IBTG.US,D,20240530,000000,22.56,22.57,22.5553,22.565,159754,0
IBTG.US,D,20240531,000000,22.59,22.6,22.5799,22.6,194477,0
IBTG.US,D,20240603,000000,22.51,22.55,22.51,22.545,289299,0
IBTG.US,D,20240604,000000,22.55,22.58,22.55,22.565,216912,0
IBTG.US,D,20240605,000000,22.57,22.6,22.5615,22.5854,161626,0
IBTG.US,D,20240606,000000,22.59,22.6,22.5817,22.595,456059,0
IBTG.US,D,20240607,000000,22.54,22.55,22.52,22.54,186488,0
IBTG.US,D,20240610,000000,22.55,22.55,22.53,22.54,347284,0
IBTG.US,D,20240611,000000,22.57,22.57,22.55,22.565,124604,0
IBTG.US,D,20240612,000000,22.62,22.64,22.59,22.6,256884,0
IBTG.US,D,20240613,000000,22.63,22.66,22.62,22.63,598375,0
IBTG.US,D,20240614,000000,22.65,22.65,22.63,22.64,352188,0
IBTG.US,D,20240617,000000,22.61,22.62,22.61,22.62,135960,0
IBTG.US,D,20240618,000000,22.63,22.665,22.63,22.65,272596,0
IBTG.US,D,20240620,000000,22.62,22.64,22.62,22.64,223188,0
IBTG.US,D,20240621,000000,22.64,22.6547,22.64,22.65,152331,0
IBTG.US,D,20240624,000000,22.65,22.65,22.64,22.65,128507,0
IBTG.US,D,20240625,000000,22.65,22.66,22.64,22.645,242154,0
IBTG.US,D,20240626,000000,22.64,22.64,22.62,22.6348,162670,0
IBTG.US,D,20240627,000000,22.63,22.65,22.63,22.645,299893,0
IBTG.US,D,20240628,000000,22.67,22.68,22.64,22.6548,181462,0
IBTG.US,D,20240701,000000,22.54,22.56,22.54,22.55,222725,0
IBTG.US,D,20240702,000000,22.58,22.59,22.57,22.58,286158,0
IBTG.US,D,20240703,000000,22.58,22.62,22.57,22.595,122836,0
IBTG.US,D,20240705,000000,22.64,22.65,22.6234,22.645,161684,0
IBTG.US,D,20240708,000000,22.64,22.65,22.63,22.65,153198,0
IBTG.US,D,20240709,000000,22.64,22.6499,22.63,22.645,264719,0
IBTG.US,D,20240710,000000,22.65,22.6599,22.64,22.65,235862,0
IBTG.US,D,20240711,000000,22.7,22.71,22.69,22.7,364680,0
IBTG.US,D,20240712,000000,22.72,22.73,22.71,22.73,237410,0
IBTG.US,D,20240715,000000,22.73,22.74,22.72,22.735,312220,0
IBTG.US,D,20240716,000000,22.73,22.74,22.72,22.735,579897,0
IBTG.US,D,20240717,000000,22.73,22.75,22.72,22.75,302906,0
IBTG.US,D,20240718,000000,22.73,22.75,22.73,22.74,395047,0
IBTG.US,D,20240719,000000,22.73,22.73,22.72,22.72,200652,0
IBTG.US,D,20240722,000000,22.73,22.73,22.71,22.715,693332,0
IBTG.US,D,20240723,000000,22.74,22.74,22.72,22.73,1873277,0
IBTG.US,D,20240724,000000,22.75,22.77,22.75,22.75,250822,0
IBTG.US,D,20240725,000000,22.75,22.77,22.74,22.74,239068,0
IBTG.US,D,20240726,000000,22.77,22.78,22.77,22.77,174107,0
IBTG.US,D,20240729,000000,22.79,22.79,22.77,22.785,307424,0
IBTG.US,D,20240730,000000,22.79,22.8,22.78,22.79,261330,0
IBTG.US,D,20240731,000000,22.8,22.84,22.78,22.8325,273166,0
IBTG.US,D,20240801,000000,22.77,22.81,22.76,22.805,1647066,0
IBTG.US,D,20240802,000000,22.89,22.93,22.8801,22.93,946840,0
IBTG.US,D,20240805,000000,22.97,22.985,22.9,22.92,748047,0
IBTG.US,D,20240806,000000,22.92,22.92,22.87,22.885,282138,0
IBTG.US,D,20240807,000000,22.89,22.895,22.87,22.89,396102,0
IBTG.US,D,20240808,000000,22.86,22.88,22.85,22.87,282868,0
IBTG.US,D,20240809,000000,22.87,22.89,22.86,22.875,240766,0
IBTG.US,D,20240812,000000,22.88,22.9,22.8699,22.895,194086,0
IBTG.US,D,20240813,000000,22.9102,22.93,22.91,22.92,238039,0
IBTG.US,D,20240814,000000,22.92,22.94,22.9099,22.93,294826,0
IBTG.US,D,20240815,000000,22.87,22.87,22.86,22.865,342395,0
IBTG.US,D,20240816,000000,22.9,22.9,22.87,22.88,346974,0
IBTG.US,D,20240819,000000,22.89,22.9,22.88,22.89,301456,0
IBTG.US,D,20240820,000000,22.9,22.92,22.9,22.915,223780,0
IBTG.US,D,20240821,000000,22.93,22.96,22.92,22.955,262555,0
IBTG.US,D,20240822,000000,22.92,22.93,22.91,22.915,331380,0
IBTG.US,D,20240823,000000,22.94,22.97,22.9201,22.97,169718,0
IBTG.US,D,20240826,000000,22.98,22.98,22.95,22.96,211090,0
IBTG.US,D,20240827,000000,22.95,22.98,22.9497,22.965,285103,0
IBTG.US,D,20240828,000000,22.98,22.98,22.965,22.975,267685,0
IBTG.US,D,20240829,000000,22.97,22.97,22.96,22.97,240303,0
IBTG.US,D,20240830,000000,22.98,22.98,22.96,22.98,238553,0
IBTG.US,D,20240903,000000,22.91,22.92,22.9,22.91,385019,0
IBTG.US,D,20240904,000000,22.92,22.96,22.92,22.95,404742,0
IBTG.US,D,20240905,000000,22.98,22.98,22.95,22.96,281166,0
IBTG.US,D,20240906,000000,22.99,23.025,22.96,23.01,520143,0
IBTG.US,D,20240909,000000,23.01,23.01,22.994,23.005,430171,0
IBTG.US,D,20240910,000000,23.02,23.04,23.01,23.03,423894,0
IBTG.US,D,20240911,000000,23.02,23.0481,23.01,23.01,382325,0
IBTG.US,D,20240912,000000,23.02,23.0287,23,23.01,322830,0
IBTG.US,D,20240913,000000,23.05,23.06,23.04,23.055,342404,0
IBTG.US,D,20240916,000000,23.07,23.07,23.06,23.065,458014,0
IBTG.US,D,20240917,000000,23.06,23.06,23.05,23.055,527007,0
IBTG.US,D,20240918,000000,23.05,23.0797,23.03,23.04,363663,0
IBTG.US,D,20240919,000000,23.04,23.07,23.04,23.06,244652,0
IBTG.US,D,20240920,000000,23.07,23.08,23.05,23.08,208920,0
IBTG.US,D,20240923,000000,23.075,23.09,23.07,23.0847,130407,0
IBTG.US,D,20240924,000000,23.08,23.1,23.07,23.095,205989,0
IBTG.US,D,20240925,000000,23.1,23.1,23.08,23.09,219692,0
IBTG.US,D,20240926,000000,23.08,23.08,23.06,23.065,321325,0
IBTG.US,D,20240927,000000,23.08,23.1,23.0788,23.1,324313,0
IBTG.US,D,20240930,000000,23.09,23.09,23.06,23.065,1339250,0
IBTG.US,D,20241001,000000,23,23.02,22.99,23,910654,0
IBTG.US,D,20241002,000000,22.99,23,22.98,23,963520,0
IBTG.US,D,20241003,000000,22.98,22.98,22.96,22.965,431261,0
IBTG.US,D,20241004,000000,22.92,22.92,22.89,22.89,1200124,0
IBTG.US,D,20241007,000000,22.87,22.88,22.865,22.88,267557,0
IBTG.US,D,20241008,000000,22.88,22.89,22.87,22.88,276380,0
IBTG.US,D,20241009,000000,22.89,22.89,22.87,22.875,377412,0
IBTG.US,D,20241010,000000,22.9,22.9,22.86,22.89,396154,0
IBTG.US,D,20241011,000000,22.91,22.91,22.89,22.905,510502,0
IBTG.US,D,20241014,000000,22.86,22.9,22.86,22.895,177218,0
IBTG.US,D,20241015,000000,22.92,22.92,22.9,22.9,383995,0
IBTG.US,D,20241016,000000,22.91,22.92,22.91,22.91,229234,0
IBTG.US,D,20241017,000000,22.91,22.91,22.9,22.9,258535,0
IBTG.US,D,20241018,000000,22.91,22.92,22.91,22.91,186327,0
IBTG.US,D,20241021,000000,22.9,22.9199,22.89,22.89,340559,0
IBTG.US,D,20241022,000000,22.9,22.9,22.89,22.895,198557,0
IBTG.US,D,20241023,000000,22.88,22.89,22.88,22.885,300107,0
IBTG.US,D,20241024,000000,22.88,22.9,22.88,22.885,513166,0
IBTG.US,D,20241025,000000,22.91,22.91,22.88,22.885,249125,0
IBTG.US,D,20241028,000000,22.88,22.89,22.87,22.875,184362,0
IBTG.US,D,20241029,000000,22.86,22.89,22.86,22.885,473897,0
IBTG.US,D,20241030,000000,22.89,22.8993,22.87,22.88,261010,0
IBTG.US,D,20241031,000000,22.87,22.88,22.86,22.875,268851,0
IBTG.US,D,20241101,000000,22.83,22.83,22.7816,22.79,587407,0
IBTG.US,D,20241104,000000,22.82,22.82,22.8,22.81,733701,0
