<TICKER>,<PER>,<DATE>,<TIME>,<OPEN>,<HIGH>,<LOW>,<CLOSE>,<VOL>,<OPENINT>
IBTH.US,D,20200302,000000,25.2792,25.2792,25.2194,25.2194,2723.2441908176,0
IBTH.US,D,20200303,000000,25.2692,25.5484,25.2692,25.4886,7766.5118856357,0
IBTH.US,D,20200304,000000,25.5285,25.5285,25.4388,25.4388,4338.1330111552,0
IBTH.US,D,20200305,000000,25.5584,25.5584,25.5584,25.5584,806.44137363439,0
IBTH.US,D,20200306,000000,25.8655,25.8655,25.7668,25.7738,2664.0650352897,0
IBTH.US,D,20200309,000000,26.2134,26.2134,26.014,26.014,13067.559969787,0
IBTH.US,D,20200310,000000,25.9153,25.9642,25.7069,25.7069,7269.0057645876,0
IBTH.US,D,20200311,000000,25.7967,25.7967,25.6182,25.6182,16955.329577009,0
IBTH.US,D,20200312,000000,25.6282,25.8854,25.5484,25.5883,36513.538960713,0
IBTH.US,D,20200313,000000,25.4188,25.5484,25.3989,25.4288,9755.5333332937,0
IBTH.US,D,20200316,000000,25.4288,25.7368,25.2742,25.2742,6063.3558502735,0
IBTH.US,D,20200317,000000,25.4288,25.7069,25.3689,25.3689,5045.2737678868,0
IBTH.US,D,20200318,000000,25.2494,25.2494,25.2494,25.2494,1107.3523339457,0
IBTH.US,D,20200319,000000,25.2005,25.2005,25.2005,25.2005,1514.5851669004,0
IBTH.US,D,20200320,000000,25.4786,25.5335,25.4388,25.5335,316.95954486128,0
IBTH.US,D,20200323,000000,25.8455,25.8455,25.8455,25.8455,117.35527452142,0
IBTH.US,D,20200324,000000,25.8255,25.8255,25.8255,25.8255,117.35527452142,0
IBTH.US,D,20200330,000000,26.1935,27.4198,26.0081,26.019,292564.69330884,0
IBTH.US,D,20200331,000000,26.0738,26.1536,26.0738,26.0818,3012.1187127165,0
IBTH.US,D,20200401,000000,26.1635,27.6401,26.1337,26.1337,85976.279580157,0
IBTH.US,D,20200402,000000,26.1337,26.1337,26.0938,26.1187,1765.3443004932,0
IBTH.US,D,20200403,000000,26.1038,26.2324,26.0539,26.1237,1293.9171293388,0
IBTH.US,D,20200406,000000,26.1237,26.1237,26.014,26.014,988.99402288994,0
IBTH.US,D,20200408,000000,25.8904,25.9024,25.8904,25.9024,257.78038933338,0
IBTH.US,D,20200409,000000,25.9891,26.0041,25.9352,25.9542,1552.7005552065,0
IBTH.US,D,20200413,000000,25.9642,25.9642,25.9054,25.9054,1303.9474946825,0
IBTH.US,D,20200414,000000,25.9352,25.9442,25.9352,25.9442,682.06484337237,0
IBTH.US,D,20200415,000000,26.0339,26.1237,26.0339,26.1237,957.89989032444,0
IBTH.US,D,20200416,000000,26.1436,26.2034,26.1337,26.1337,2550.7219069058,0
IBTH.US,D,20200417,000000,26.1835,26.1835,26.1038,26.1087,636.92819932567,0
IBTH.US,D,20200420,000000,26.1337,26.1585,26.1337,26.1585,1127.4130646332,0
IBTH.US,D,20200421,000000,26.2034,26.2314,26.1935,26.2124,613.85835903514,0
IBTH.US,D,20200422,000000,26.1038,26.1137,26.1038,26.1137,604.8310302258,0
IBTH.US,D,20200423,000000,26.1038,26.1137,26.1038,26.1137,650.97071080687,0
IBTH.US,D,20200424,000000,26.1237,26.1925,26.1137,26.1585,734.22274315967,0
IBTH.US,D,20200427,000000,26.0888,26.0938,26.0339,26.0439,1217.6863527266,0
IBTH.US,D,20200428,000000,26.0738,26.1436,26.0738,26.1436,813.46262937499,0
IBTH.US,D,20200429,000000,26.1436,26.1935,26.1187,26.1386,1255.8017410327,0
IBTH.US,D,20200430,000000,26.1436,26.1735,26.1068,26.1068,1280.8776543919,0
IBTH.US,D,20200501,000000,26.1137,26.1137,26.0838,26.0938,885.68125984971,0
IBTH.US,D,20200504,000000,26.0738,26.1237,26.0638,26.1137,889.6934059872,0
IBTH.US,D,20200505,000000,26.0439,26.0988,26.0439,26.0988,605.83406676017,0
IBTH.US,D,20200506,000000,25.9941,26.0439,25.9941,26.0389,893.70555212468,0
IBTH.US,D,20200507,000000,26.1436,26.1835,26.1436,26.1685,1015.0729727836,0
IBTH.US,D,20200511,000000,26.0738,26.0738,26.0569,26.0569,334.01116594559,0
IBTH.US,D,20200512,000000,26.1038,26.1087,26.1038,26.1087,322.97776406751,0
IBTH.US,D,20200513,000000,26.1935,26.1935,26.1635,26.1635,406.22979642031,0
IBTH.US,D,20200514,000000,26.2234,26.2234,26.1885,26.1885,720.18023167848,0
IBTH.US,D,20200518,000000,26.0638,26.0638,26.0589,26.0589,212.64374528668,0
IBTH.US,D,20200519,000000,26.1237,26.1237,26.1107,26.1107,373.12959078606,0
IBTH.US,D,20200521,000000,26.1137,26.1227,26.1137,26.1227,376.13870038918,0
IBTH.US,D,20200522,000000,26.1635,26.1635,26.1585,26.1585,302.91703338008,0
IBTH.US,D,20200526,000000,26.1038,26.1187,26.1038,26.1187,200.60730687423,0
IBTH.US,D,20200527,000000,26.0838,26.1237,26.0838,26.1237,353.06886009864,0
IBTH.US,D,20200528,000000,26.1337,26.1337,26.1137,26.1137,461.39680581072,0
IBTH.US,D,20200601,000000,26.1337,26.1536,26.1337,26.1526,525.59114401048,0
IBTH.US,D,20200602,000000,26.1237,26.1237,26.1038,26.1038,572.73386112592,0
IBTH.US,D,20200603,000000,26.0339,26.0339,25.9991,25.9991,692.09520871608,0
IBTH.US,D,20200604,000000,25.9442,25.9442,25.9272,25.9272,646.95856466938,0
IBTH.US,D,20200605,000000,25.7768,25.8146,25.7468,25.8146,867.62660223103,0
IBTH.US,D,20200608,000000,25.8255,25.8305,25.8255,25.8305,473.43324422318,0
IBTH.US,D,20200609,000000,25.9153,25.9153,25.9104,25.9104,415.25712522965,0
IBTH.US,D,20200610,000000,26.024,26.0688,26.024,26.0688,538.6306189573,0
IBTH.US,D,20200612,000000,26.1237,26.1237,26.0838,26.0838,466.41198848258,0
IBTH.US,D,20200616,000000,26.0938,26.0938,26.0439,26.0489,2176.5892795854,0
IBTH.US,D,20200617,000000,26.0339,26.0738,26.0339,26.0678,517.56685173551,0
IBTH.US,D,20200618,000000,26.1337,26.1337,26.0988,26.0988,712.15593940351,0
IBTH.US,D,20200622,000000,26.1137,26.1137,26.0938,26.0938,541.63972856041,0
IBTH.US,D,20200623,000000,26.0738,26.0888,26.0738,26.0888,1547.6853725347,0
IBTH.US,D,20200624,000000,26.1237,26.1287,26.1197,26.1287,475.43931729192,0
IBTH.US,D,20200626,000000,26.1935,26.1935,26.1835,26.1835,212.64374528668,0
IBTH.US,D,20200630,000000,26.2234,26.2234,26.1735,26.1735,298.9048872426,0
IBTH.US,D,20200702,000000,26.1625,26.1685,26.1625,26.1685,659.99803961621,0
IBTH.US,D,20200708,000000,26.1835,26.1835,26.1785,26.1785,1061.2126533647,0
IBTH.US,D,20200709,000000,26.1885,26.2324,26.1885,26.2324,560.69742271347,0
IBTH.US,D,20200710,000000,26.2424,26.2522,26.1885,26.1885,1086.2885667239,0
IBTH.US,D,20200713,000000,26.1735,26.1735,26.1735,26.1735,1210.665096986,0
IBTH.US,D,20200714,000000,26.2522,26.2522,26.2134,26.2134,448.3573308639,0
IBTH.US,D,20200715,000000,26.2234,26.2374,26.2134,26.2374,995.01224209617,0
IBTH.US,D,20200716,000000,26.2522,26.2522,26.2324,26.2324,1551.6975186721,0
IBTH.US,D,20200717,000000,26.2234,26.2234,26.2234,26.2234,1462.4272671131,0
IBTH.US,D,20200720,000000,26.2234,26.2324,26.2234,26.2274,791.39582561883,0
IBTH.US,D,20200721,000000,26.2522,26.2722,26.2522,26.2522,59962.527061241,0
IBTH.US,D,20200722,000000,26.2722,26.2722,26.2532,26.2532,8268.0301528213,0
IBTH.US,D,20200723,000000,26.2722,26.2822,26.2672,26.2672,16205.0582493,0
IBTH.US,D,20200724,000000,26.2822,26.2872,26.2712,26.2712,3832.6025978321,0
IBTH.US,D,20200727,000000,26.2522,26.2522,26.2324,26.2324,568.72171498843,0
IBTH.US,D,20200728,000000,26.2622,26.2882,26.2622,26.2882,682.06484337237,0
IBTH.US,D,20200729,000000,26.2922,26.3121,26.2872,26.3121,544.64883816353,0
IBTH.US,D,20200730,000000,26.342,26.3619,26.3321,26.352,3533.6977105895,0
IBTH.US,D,20200731,000000,26.3719,26.3719,26.3609,26.3609,525.59114401048,0
IBTH.US,D,20200803,000000,26.3121,26.3371,26.3121,26.3371,339.02634861744,0
IBTH.US,D,20200804,000000,26.3869,26.3869,26.3819,26.3819,406.22979642031,0
IBTH.US,D,20200805,000000,26.352,26.352,26.342,26.342,513.55470559802,0
IBTH.US,D,20200806,000000,26.4018,26.4018,26.3569,26.3569,805.43833710002,0
IBTH.US,D,20200807,000000,26.3819,26.3819,26.3211,26.3211,1612.8827472688,0
IBTH.US,D,20200810,000000,26.352,26.352,26.2922,26.2922,575.74297072903,0
IBTH.US,D,20200811,000000,26.2134,26.2134,26.2034,26.2034,444.34518472641,0
IBTH.US,D,20200812,000000,26.1735,26.1935,26.1635,26.1735,1515.5882034348,0
IBTH.US,D,20200813,000000,26.1137,26.1237,26.1137,26.1237,1190.6043662985,0
IBTH.US,D,20200814,000000,26.1735,26.1735,26.1585,26.1585,760.30169305332,0
IBTH.US,D,20200817,000000,26.2034,26.2034,26.1935,26.1935,353.06886009864,0
IBTH.US,D,20200818,000000,26.2234,26.2234,26.2134,26.2134,267.81075467709,0
IBTH.US,D,20200819,000000,26.2084,26.2084,26.1935,26.1935,367.11137157984,0
IBTH.US,D,20200820,000000,26.2424,26.2522,26.2424,26.2522,834.52639659679,0
IBTH.US,D,20200824,000000,26.2522,26.2622,26.2294,26.2294,870.63571183415,0
IBTH.US,D,20200825,000000,26.1835,26.1915,26.1835,26.1915,403.2206868172,0
IBTH.US,D,20200826,000000,26.1635,26.2034,26.1635,26.1835,569.72475152281,0
IBTH.US,D,20200827,000000,26.1735,26.1835,26.1436,26.1436,1774.3716293025,0
IBTH.US,D,20200831,000000,26.2234,26.2234,26.2134,26.2234,816.47173897811,0
IBTH.US,D,20200901,000000,26.2134,26.2134,26.2134,26.2134,343.03849475493,0
IBTH.US,D,20200903,000000,26.3121,26.3121,26.2971,26.2971,714.16201247225,0
IBTH.US,D,20200904,000000,26.2234,26.2234,26.1735,26.1735,712.15593940351,0
IBTH.US,D,20200908,000000,26.2234,26.2324,26.2234,26.2324,694.10128178483,0
IBTH.US,D,20200909,000000,26.2134,26.2134,26.2134,26.2134,635.9251627913,0
IBTH.US,D,20200910,000000,26.2134,26.2324,26.2134,26.2324,551.67009390413,0
IBTH.US,D,20200911,000000,26.2424,26.2622,26.2424,26.2622,495.50004797934,0
IBTH.US,D,20200914,000000,26.2622,26.2622,26.2434,26.2434,440.33303858893,0
IBTH.US,D,20200915,000000,26.2424,26.2424,26.2374,26.2424,1197.6256220391,0
IBTH.US,D,20200916,000000,26.2722,26.2722,26.2234,26.2234,889.6934059872,0
IBTH.US,D,20200917,000000,26.2522,26.2522,26.2522,26.2522,523.58507094173,0
IBTH.US,D,20200918,000000,26.2424,26.2424,26.2424,26.2424,237.71965864596,0
IBTH.US,D,20200921,000000,26.2722,26.2722,26.2502,26.2502,420.27230790151,0
IBTH.US,D,20200922,000000,26.2522,26.2722,26.2424,26.2424,1048.1731784178,0
IBTH.US,D,20200923,000000,26.2324,26.2324,26.2234,26.2234,508.53952292617,0
IBTH.US,D,20200924,000000,26.2522,26.2622,26.2424,26.2622,889.6934059872,0
IBTH.US,D,20200925,000000,26.2822,26.2822,26.2582,26.2722,1152.4889779924,0
IBTH.US,D,20200929,000000,26.3021,26.3021,26.2822,26.2822,595.80370141646,0
IBTH.US,D,20200930,000000,26.2324,26.2522,26.2324,26.2424,1594.8280896501,0
IBTH.US,D,20201001,000000,26.1935,26.2622,26.1935,26.2622,1840.572040571,0
IBTH.US,D,20201005,000000,26.1536,26.1536,26.1536,26.1536,425.28749057336,0
IBTH.US,D,20201006,000000,26.1635,26.1635,26.1635,26.1635,4028.1947220345,0
IBTH.US,D,20201007,000000,26.1137,26.1137,26.1137,26.1137,778.356350672,0
IBTH.US,D,20201008,000000,26.1237,26.1337,26.1237,26.1337,348.05367742678,0
IBTH.US,D,20201009,000000,26.1436,26.1436,26.1137,26.1137,1648.9920625061,0
IBTH.US,D,20201012,000000,26.1038,26.1038,26.1038,26.1038,577.74904379777,0
IBTH.US,D,20201014,000000,26.1885,26.1885,26.1885,26.1885,684.07091644112,0
IBTH.US,D,20201015,000000,26.1895,26.2034,26.1585,26.1735,869.63267529978,0
IBTH.US,D,20201016,000000,26.1735,26.1835,26.1536,26.1536,1616.8948934063,0
IBTH.US,D,20201019,000000,26.1237,26.1337,26.1237,26.1337,749.26829117524,0
IBTH.US,D,20201020,000000,26.1227,26.1337,26.0898,26.0938,25645.638110801,0
IBTH.US,D,20201021,000000,26.0738,26.0738,26.0738,26.0738,521.57899787299,0
IBTH.US,D,20201022,000000,26.022,26.0339,26.022,26.024,10753.554684993,0
IBTH.US,D,20201023,000000,26.014,26.014,26.014,26.014,537.62758242293,0
IBTH.US,D,20201026,000000,26.0738,26.0938,26.0738,26.0788,1278.8715813232,0
IBTH.US,D,20201027,000000,26.1137,26.1187,26.1137,26.1187,684.07091644112,0
IBTH.US,D,20201028,000000,26.1337,26.1337,26.1187,26.1187,426.29052710773,0
IBTH.US,D,20201030,000000,26.0041,26.0041,26.0041,26.0041,802.42922749691,0
IBTH.US,D,20201102,000000,26.014,26.014,25.9841,25.9881,1423.3088422726,0
IBTH.US,D,20201103,000000,25.9542,25.9642,25.9442,25.9442,689.08609911297,0
IBTH.US,D,20201104,000000,26.1137,26.1187,26.1137,26.1187,601.82192062268,0
IBTH.US,D,20201105,000000,26.1337,26.1337,26.1038,26.1137,884.67822331534,0
IBTH.US,D,20201106,000000,26.0339,26.0569,26.0339,26.0529,1235.7410103452,0
IBTH.US,D,20201109,000000,25.8754,25.9074,25.8754,25.9074,691.09217218171,0
IBTH.US,D,20201110,000000,25.8655,25.8655,25.8525,25.8525,694.10128178483,0
IBTH.US,D,20201111,000000,25.8555,25.8705,25.8555,25.8705,553.67616697287,0
IBTH.US,D,20201112,000000,25.9442,25.9841,25.9402,25.9841,1428.3240249445,0
IBTH.US,D,20201113,000000,25.9741,25.9741,25.9592,25.9592,471.42717115443,0
IBTH.US,D,20201116,000000,25.9542,25.9542,25.9542,25.9542,369.11744464858,0
IBTH.US,D,20201117,000000,25.9841,26.0041,25.9841,26.0041,1332.0325176449,0
IBTH.US,D,20201118,000000,25.9941,26.0041,25.9791,25.9791,1769.3564466307,0
IBTH.US,D,20201119,000000,26.0041,26.024,26.0041,26.0091,1478.4758516631,0
IBTH.US,D,20201120,000000,26.0439,26.0439,26.0389,26.0389,1180.5740009548,0
IBTH.US,D,20201123,000000,26.0041,26.0041,26.0041,26.0041,608.84317636328,0
IBTH.US,D,20201124,000000,26.0041,26.0041,25.9841,25.9941,2979.0185070823,0
IBTH.US,D,20201125,000000,26.0439,26.0439,26.0041,26.0041,1091.3037493958,0
IBTH.US,D,20201127,000000,26.0339,26.0439,26.0339,26.0439,596.80673795083,0
IBTH.US,D,20201130,000000,26.0439,26.0439,26.0389,26.0389,1072.2460552427,0
IBTH.US,D,20201201,000000,25.9054,25.9054,25.9054,25.9054,709.14682980039,0
IBTH.US,D,20201202,000000,25.9054,25.9153,25.9054,25.9153,900.72680786528,0
IBTH.US,D,20201203,000000,25.9442,25.9642,25.9442,25.9642,1033.1276304023,0
IBTH.US,D,20201207,000000,25.9542,25.9741,25.9542,25.9542,538.6306189573,0
IBTH.US,D,20201208,000000,25.9841,25.9841,25.9841,25.9841,694.10128178483,0
IBTH.US,D,20201210,000000,25.9642,25.9642,25.9642,25.9642,613.85835903514,0
IBTH.US,D,20201211,000000,26.0339,26.0339,26.0339,26.0339,851.5780176811,0
IBTH.US,D,20201214,000000,26.0439,26.0439,26.0289,26.0289,971.94240180563,0
IBTH.US,D,20201215,000000,26.014,26.014,25.9941,25.9941,2281.9081156943,0
IBTH.US,D,20201216,000000,25.9741,26.0041,25.9741,26.0041,1237.747083414,0
IBTH.US,D,20201217,000000,25.9841,25.9841,25.9841,25.9841,701.12253752542,0
IBTH.US,D,20201218,000000,26.0041,26.0041,25.9791,25.9791,1014.0699362492,0
IBTH.US,D,20201222,000000,26.0041,26.014,26.0041,26.014,912.76324627773,0
IBTH.US,D,20201223,000000,25.9731,25.9791,25.9721,25.9791,1411.2724038602,0
IBTH.US,D,20201224,000000,25.9741,25.9991,25.9741,25.9941,564.70956885095,0
IBTH.US,D,20201228,000000,25.9841,26.0041,25.9841,26.0041,379.14780999229,0
IBTH.US,D,20201229,000000,26.013,26.024,26.013,26.014,1146.4707587862,0
IBTH.US,D,20201230,000000,26.024,26.024,26.014,26.014,519.57292480425,0
IBTH.US,D,20201231,000000,26.0339,26.0439,26.0339,26.0339,2662.058962221,0
IBTH.US,D,20210104,000000,26.0439,26.0439,26.0439,26.0439,537.62758242293,0
IBTH.US,D,20210105,000000,26.024,26.024,25.9871,26.0041,4113.452827456,0
IBTH.US,D,20210106,000000,25.8754,25.8754,25.8754,25.8754,350.05975049553,0
IBTH.US,D,20210107,000000,25.8255,25.8455,25.8255,25.8405,564.70956885095,0
IBTH.US,D,20210108,000000,25.7867,25.7867,25.7867,25.7867,730.21059702219,0
IBTH.US,D,20210111,000000,25.7568,25.7568,25.7468,25.7468,965.9241825994,0
IBTH.US,D,20210112,000000,25.6969,25.7568,25.6969,25.7458,801.42619096254,0
IBTH.US,D,20210113,000000,25.7768,25.8116,25.7768,25.8007,907.74806360588,0
IBTH.US,D,20210114,000000,25.8166,25.8166,25.7768,25.7768,1039.1458496085,0
IBTH.US,D,20210115,000000,25.8355,25.8455,25.8315,25.8315,1371.1509424853,0
IBTH.US,D,20210119,000000,25.8176,25.8455,25.8166,25.8455,236946.31747796,0
IBTH.US,D,20210120,000000,25.8455,25.8505,25.8355,25.8505,8831.7366851379,0
IBTH.US,D,20210121,000000,25.8226,25.8455,25.8166,25.8355,78177.67052542,0
IBTH.US,D,20210122,000000,25.8555,25.8655,25.8555,25.8605,3432.391020618,0
IBTH.US,D,20210125,000000,25.8804,25.9242,25.8804,25.9202,4958.0095893965,0
IBTH.US,D,20210126,000000,25.9153,25.9342,25.9153,25.9202,3710.2321406388,0
IBTH.US,D,20210128,000000,25.8904,25.8954,25.8854,25.8954,1525.6185687785,0
IBTH.US,D,20210129,000000,25.8655,25.8754,25.8555,25.8705,572.73386112592,0
IBTH.US,D,20210201,000000,25.8705,25.8705,25.8705,25.8705,622.88568784448,0
IBTH.US,D,20210202,000000,25.8255,25.8305,25.8255,25.8305,258.78342586775,0
IBTH.US,D,20210203,000000,25.8255,25.8255,25.8017,25.8027,6268.9783398196,0
IBTH.US,D,20210204,000000,25.7768,25.8066,25.7768,25.8066,820.48388511559,0
IBTH.US,D,20210205,000000,25.8017,25.8017,25.7768,25.7768,1792.4262869212,0
IBTH.US,D,20210208,000000,25.7768,25.7768,25.7738,25.7738,491.48790184186,0
IBTH.US,D,20210209,000000,25.7668,25.7817,25.7668,25.7817,328.99598327373,0
IBTH.US,D,20210211,000000,25.8355,25.8355,25.8116,25.8116,988.99402288994,0
IBTH.US,D,20210212,000000,25.7668,25.7668,25.7568,25.7668,1445.3756460288,0
IBTH.US,D,20210216,000000,25.6381,25.6381,25.6282,25.6282,592.79459181334,0
IBTH.US,D,20210217,000000,25.6282,25.6282,25.6232,25.6232,346.04760435804,0
IBTH.US,D,20210218,000000,25.6282,25.6381,25.6282,25.6381,882.6721502466,0
IBTH.US,D,20210219,000000,25.5514,25.5514,25.5514,25.5514,260.7894989365,0
IBTH.US,D,20210222,000000,25.5484,25.5484,25.5335,25.5335,316.95954486128,0
IBTH.US,D,20210223,000000,25.5534,25.5584,25.5494,25.5494,2274.8868599537,0
IBTH.US,D,20210224,000000,25.4985,25.5285,25.4985,25.5135,579.75511686652,0
IBTH.US,D,20210225,000000,25.3739,25.3739,25.2005,25.2005,562.70349578221,0
IBTH.US,D,20210226,000000,25.2194,25.364,25.2194,25.3411,1519.6003495723,0
IBTH.US,D,20210302,000000,25.3889,25.4098,25.3889,25.4098,756.28954691584,0
IBTH.US,D,20210304,000000,25.3291,25.3291,25.2174,25.2174,383.15995612977,0
IBTH.US,D,20210308,000000,25.1008,25.1008,25.0938,25.0938,811.45655630625,0
IBTH.US,D,20210309,000000,25.1506,25.1805,25.1506,25.1805,2302.9718829161,0
IBTH.US,D,20210310,000000,25.2005,25.2294,25.2005,25.2194,3036.1915895414,0
IBTH.US,D,20210312,000000,25.0908,25.1108,25.0908,25.1058,1772.3655562338,0
IBTH.US,D,20210316,000000,25.1506,25.1506,25.1297,25.1307,2114.4010144544,0
IBTH.US,D,20210317,000000,25.0808,25.1307,25.0699,25.1307,1115.3766262207,0
IBTH.US,D,20210318,000000,24.9821,25.032,24.9821,25.027,20385.714524559,0
IBTH.US,D,20210319,000000,25.0071,25.0221,25.0021,25.0021,369.11744464858,0
IBTH.US,D,20210322,000000,25.0519,25.0609,25.0519,25.0519,3622.9679621485,0
IBTH.US,D,20210323,000000,25.0908,25.1407,25.0908,25.1407,2912.8180958138,0
IBTH.US,D,20210324,000000,25.1108,25.1596,25.1108,25.1596,329.9990198081,0
IBTH.US,D,20210325,000000,25.1506,25.1705,25.1456,25.1456,2646.0103776711,0
IBTH.US,D,20210326,000000,25.1207,25.1207,25.0908,25.0908,1815.4961272118,0
IBTH.US,D,20210329,000000,25.0908,25.0908,25.031,25.033,11284.161011675,0
IBTH.US,D,20210330,000000,24.9722,25.0041,24.9622,25.0041,1410.2693673258,0
IBTH.US,D,20210331,000000,25.0021,25.0021,24.9752,24.9752,3704.2139214326,0
IBTH.US,D,20210401,000000,25.0221,25.032,25.0221,25.027,1674.0679758654,0
IBTH.US,D,20210405,000000,24.9722,24.9921,24.9722,24.9772,2413.305901697,0
IBTH.US,D,20210406,000000,25.0609,25.0908,25.0609,25.0808,2401.2694632845,0
IBTH.US,D,20210407,000000,25.1207,25.1207,25.0808,25.0808,397.20246761097,0
IBTH.US,D,20210408,000000,25.1207,25.1446,25.1207,25.1407,1804.4627253337,0
IBTH.US,D,20210409,000000,25.0908,25.1108,25.0908,25.0958,2171.5740969135,0
IBTH.US,D,20210412,000000,25.0659,25.0709,25.0609,25.0689,573.73689766029,0
IBTH.US,D,20210413,000000,25.1008,25.1456,25.1008,25.1456,1838.5659675023,0
IBTH.US,D,20210414,000000,25.1207,25.1307,25.1158,25.1257,9436.5677153637,0
IBTH.US,D,20210415,000000,25.2494,25.2494,25.2204,25.2204,180.5465761868,0
IBTH.US,D,20210416,000000,25.2005,25.2005,25.1805,25.1805,4586.8860716792,0
IBTH.US,D,20210419,000000,25.1705,25.1905,25.1705,25.1705,6714.3265610804,0
IBTH.US,D,20210420,000000,25.1805,25.2494,25.1805,25.2294,649046.88673394,0
IBTH.US,D,20210421,000000,25.2394,25.2394,25.2105,25.2344,15972.353773326,0
IBTH.US,D,20210422,000000,25.2344,25.2394,25.1805,25.2344,204353.6483301,0
IBTH.US,D,20210423,000000,25.2294,25.2294,25.1955,25.2154,16870.071471588,0
IBTH.US,D,20210426,000000,25.2055,25.2194,25.1905,25.1955,9983.2226265959,0
IBTH.US,D,20210427,000000,25.1705,25.1805,25.1357,25.1357,6551.8346425123,0
IBTH.US,D,20210428,000000,25.1407,25.1705,25.1108,25.1656,15008.435663795,0
IBTH.US,D,20210429,000000,25.0808,25.1506,25.0808,25.1456,8154.6870244373,0
IBTH.US,D,20210430,000000,25.1407,25.1656,25.1357,25.1656,4170.6259099152,0
IBTH.US,D,20210503,000000,25.1506,25.2194,25.1506,25.1955,6920.9520871608,0
IBTH.US,D,20210504,000000,25.2544,25.2544,25.2105,25.2105,1338.0507368511,0
IBTH.US,D,20210505,000000,25.2244,25.2494,25.2244,25.2494,2915.8272054169,0
IBTH.US,D,20210507,000000,25.3391,25.3491,25.2792,25.2792,2599.87069709,0
IBTH.US,D,20210510,000000,25.2892,25.2942,25.2494,25.2544,13315.309993776,0
IBTH.US,D,20210511,000000,25.2294,25.2394,25.2294,25.2294,6703.2931592023,0
IBTH.US,D,20210512,000000,25.1506,25.1606,25.1407,25.1407,14675.427534384,0
IBTH.US,D,20210513,000000,25.1705,25.1955,25.1705,25.1955,977.96062101186,0
IBTH.US,D,20210514,000000,25.2194,25.2194,25.1905,25.2194,2956.9517033261,0
IBTH.US,D,20210517,000000,25.2194,25.2194,25.2005,25.2055,5300.0450476171,0
IBTH.US,D,20210518,000000,25.2105,25.2194,25.2055,25.2194,2154.5224758292,0
IBTH.US,D,20210519,000000,25.2154,25.2484,25.1606,25.1606,9473.6800671354,0
IBTH.US,D,20210520,000000,25.2005,25.2344,25.2005,25.2344,2243.7927273882,0
IBTH.US,D,20210521,000000,25.2494,25.2494,25.2294,25.2344,7713.350949314,0
IBTH.US,D,20210524,000000,25.2484,25.2692,25.2484,25.2544,3315.0357460966,0
IBTH.US,D,20210525,000000,25.2942,25.3241,25.2942,25.3241,783.37153334386,0
IBTH.US,D,20210526,000000,25.3241,25.3241,25.2992,25.2992,4158.5894715027,0
IBTH.US,D,20210527,000000,25.2642,25.2692,25.2573,25.2692,9829.7580368371,0
IBTH.US,D,20210528,000000,25.2842,25.2942,25.2842,25.2842,4118.4680101279,0
IBTH.US,D,20210601,000000,25.2294,25.2593,25.2294,25.2593,1913.7937075801,0
IBTH.US,D,20210602,000000,25.2792,25.2892,25.2692,25.2792,5358.2211666106,0
IBTH.US,D,20210603,000000,25.2384,25.2384,25.2194,25.2194,1025.1033381273,0
IBTH.US,D,20210604,000000,25.3002,25.3281,25.2992,25.3191,3614.9436698736,0
IBTH.US,D,20210607,000000,25.2992,25.3042,25.2992,25.3042,1015.0729727836,0
IBTH.US,D,20210608,000000,25.359,25.359,25.3541,25.3541,616.86746863825,0
IBTH.US,D,20210609,000000,25.4088,25.4088,25.3989,25.4038,5059.316279368,0
IBTH.US,D,20210610,000000,25.4088,25.4488,25.4088,25.4488,429.29963671085,0
IBTH.US,D,20210611,000000,25.4188,25.4188,25.4188,25.4188,1132.428247305,0
IBTH.US,D,20210614,000000,25.3859,25.3859,25.3541,25.3541,576.7460072634,0
IBTH.US,D,20210615,000000,25.359,25.359,25.3511,25.3541,3583.8495373081,0
IBTH.US,D,20210616,000000,25.3689,25.3789,25.1935,25.1975,9864.8643155401,0
IBTH.US,D,20210617,000000,25.2194,25.2642,25.2194,25.2404,1627.9282952844,0
IBTH.US,D,20210618,000000,25.1805,25.2992,25.1805,25.2942,7493.6859482868,0
IBTH.US,D,20210621,000000,25.2294,25.2642,25.2294,25.2642,2003.0639591392,0
IBTH.US,D,20210622,000000,25.2792,25.3042,25.2792,25.3042,3615.9467064079,0
IBTH.US,D,20210623,000000,25.2792,25.3091,25.2642,25.2642,8783.590931488,0
IBTH.US,D,20210624,000000,25.2792,25.2792,25.2593,25.2593,2786.435492483,0
IBTH.US,D,20210625,000000,25.2742,25.2742,25.2105,25.2244,3576.8282815675,0
IBTH.US,D,20210628,000000,25.2792,25.2892,25.2742,25.2742,5872.778908743,0
IBTH.US,D,20210629,000000,25.2692,25.2892,25.2692,25.2842,2315.0083213286,0
IBTH.US,D,20210630,000000,25.3191,25.3291,25.3052,25.3052,3573.8191719644,0
IBTH.US,D,20210701,000000,25.2792,25.2992,25.2702,25.2862,1253.7956679639,0
IBTH.US,D,20210702,000000,25.3341,25.359,25.3341,25.3541,8455.5979847487,0
IBTH.US,D,20210706,000000,25.4587,25.4587,25.4488,25.4488,859.60230995606,0
IBTH.US,D,20210707,000000,25.4587,25.4886,25.4587,25.4836,1463.4303036475,0
IBTH.US,D,20210708,000000,25.5634,25.5634,25.5345,25.5434,556.68527657598,0
IBTH.US,D,20210709,000000,25.4786,25.4886,25.4677,25.4677,1485.4971074037,0
IBTH.US,D,20210712,000000,25.4786,25.4786,25.4488,25.4537,826.50210432182,0
IBTH.US,D,20210713,000000,25.4587,25.4587,25.3939,25.3939,2692.1500582521,0
IBTH.US,D,20210714,000000,25.4388,25.4737,25.4388,25.4737,1310.9687504231,0
IBTH.US,D,20210715,000000,25.4836,25.5235,25.4677,25.5235,1062.215689899,0
IBTH.US,D,20210716,000000,25.4985,25.5135,25.4985,25.5135,871.63874836852,0
IBTH.US,D,20210719,000000,25.6381,25.6771,25.6381,25.6471,1564.736993619,0
IBTH.US,D,20210720,000000,25.7318,25.7368,25.6431,25.6571,289494.39847713,0
IBTH.US,D,20210721,000000,25.5834,25.5834,25.5634,25.5634,778.356350672,0
IBTH.US,D,20210722,000000,25.6032,25.6352,25.5982,25.6182,133426.92891165,0
IBTH.US,D,20210723,000000,25.5584,25.5584,25.5584,25.5584,648.96463773813,0
IBTH.US,D,20210727,000000,25.6471,25.6471,25.6381,25.6431,2564.764418387,0
IBTH.US,D,20210728,000000,25.5972,25.6521,25.5972,25.6521,886.68429638408,0
IBTH.US,D,20210729,000000,25.6072,25.6082,25.6032,25.6032,3028.1672972665,0
IBTH.US,D,20210730,000000,25.6621,25.6671,25.6471,25.6521,52903.155932337,0
IBTH.US,D,20210802,000000,25.6671,25.7468,25.6671,25.7119,1300.9383850794,0
IBTH.US,D,20210803,000000,25.7269,25.7269,25.7199,25.7219,5064.3314620399,0
IBTH.US,D,20210804,000000,25.7768,25.7768,25.687,25.6959,1900.7542326333,0
IBTH.US,D,20210805,000000,25.6381,25.6381,25.6232,25.6232,7567.9106518302,0
IBTH.US,D,20210806,000000,25.5584,25.5584,25.5345,25.5345,2732.271519627,0
IBTH.US,D,20210809,000000,25.5654,25.5654,25.5045,25.5045,3740.32323667,0
IBTH.US,D,20210810,000000,25.4995,25.4995,25.4637,25.4637,46273.084440144,0
IBTH.US,D,20210811,000000,25.4786,25.5085,25.4737,25.4936,17957.363074847,0
IBTH.US,D,20210812,000000,25.4687,25.4856,25.4637,25.4637,3218.744238797,0
IBTH.US,D,20210813,000000,25.4936,25.5335,25.4936,25.5335,2137.4708547449,0
IBTH.US,D,20210816,000000,25.6182,25.6182,25.5834,25.5834,2601.8767701587,0
IBTH.US,D,20210817,000000,25.5784,25.5784,25.5634,25.5634,1232.7319007421,0
IBTH.US,D,20210818,000000,25.5684,25.5684,25.5454,25.5454,8443.5615463362,0
IBTH.US,D,20210819,000000,25.5883,25.5883,25.5764,25.5764,6137.580553817,0
IBTH.US,D,20210820,000000,25.5784,25.5784,25.5405,25.5524,3316.038782631,0
IBTH.US,D,20210823,000000,25.5484,25.5734,25.5484,25.5734,1690.1165604154,0
IBTH.US,D,20210824,000000,25.5684,25.5684,25.5285,25.5285,23552.300863568,0
IBTH.US,D,20210825,000000,25.5185,25.5185,25.4697,25.4697,2816.5265885142,0
IBTH.US,D,20210826,000000,25.4587,25.4756,25.4408,25.4657,4149.5621426934,0
IBTH.US,D,20210827,000000,25.4687,25.5285,25.4488,25.5285,3628.9861813548,0
IBTH.US,D,20210830,000000,25.5484,25.5734,25.5484,25.5734,1245.771375689,0
IBTH.US,D,20210831,000000,25.5634,25.5634,25.5534,25.5534,2378.199622994,0
IBTH.US,D,20210901,000000,25.5584,25.5584,25.5385,25.5434,7326.1788470468,0
IBTH.US,D,20210902,000000,25.5584,25.5584,25.5534,25.5534,599.81584755394,0
IBTH.US,D,20210903,000000,25.5385,25.5385,25.5285,25.5335,2846.6176845453,0
IBTH.US,D,20210907,000000,25.4687,25.4737,25.4687,25.4737,1004.0395709055,0
IBTH.US,D,20210908,000000,25.4786,25.5185,25.4786,25.5035,2811.5114058423,0
IBTH.US,D,20210909,000000,25.5085,25.5484,25.5085,25.5434,3408.3181437931,0
IBTH.US,D,20210910,000000,25.5275,25.5275,25.4936,25.4936,1555.7096648096,0
IBTH.US,D,20210913,000000,25.5185,25.5285,25.5135,25.5135,3685.1562272796,0
IBTH.US,D,20210914,000000,25.5634,25.5684,25.5534,25.5534,3961.994310766,0
IBTH.US,D,20210915,000000,25.5385,25.5484,25.5085,25.5335,22070.815902302,0
IBTH.US,D,20210916,000000,25.4756,25.4985,25.4687,25.4786,9857.8430597995,0
IBTH.US,D,20210917,000000,25.4388,25.4388,25.4138,25.4288,3858.6815477258,0
IBTH.US,D,20210920,000000,25.4985,25.5185,25.4936,25.5035,6544.8133867717,0
IBTH.US,D,20210921,000000,25.5185,25.5185,25.4786,25.4886,5593.9347521878,0
IBTH.US,D,20210922,000000,25.4985,25.5185,25.4737,25.4737,1501.5456919536,0
IBTH.US,D,20210923,000000,25.4068,25.4068,25.3541,25.3541,2551.7249434402,0
IBTH.US,D,20210924,000000,25.3141,25.3141,25.2902,25.2992,2622.9405373805,0
IBTH.US,D,20210927,000000,25.2692,25.2692,25.2692,25.2692,1176.5618548173,0
IBTH.US,D,20210928,000000,25.2294,25.2294,25.2105,25.2115,7532.8043731272,0
IBTH.US,D,20210929,000000,25.2593,25.2593,25.2294,25.2294,2323.0326136036,0
IBTH.US,D,20210930,000000,25.2194,25.2544,25.2194,25.2544,1295.9232024075,0
IBTH.US,D,20211001,000000,25.2982,25.3091,25.2892,25.3091,642.9464185319,0
IBTH.US,D,20211004,000000,25.2962,25.3091,25.2852,25.2892,3649.0469120422,0
IBTH.US,D,20211005,000000,25.2642,25.2642,25.2444,25.2454,10439.604249734,0
IBTH.US,D,20211006,000000,25.2394,25.2573,25.2344,25.2424,50698.481629789,0
IBTH.US,D,20211007,000000,25.2105,25.2194,25.1855,25.1855,2582.8190760057,0
IBTH.US,D,20211008,000000,25.1705,25.1705,25.1437,25.1456,2234.7653985789,0
IBTH.US,D,20211011,000000,25.1506,25.1506,25.0958,25.1008,1767.3503735619,0
IBTH.US,D,20211012,000000,25.1357,25.1407,25.1297,25.1407,4326.0965727427,0
IBTH.US,D,20211013,000000,25.1596,25.1636,25.1307,25.1427,4227.7989923743,0
IBTH.US,D,20211014,000000,25.1705,25.2005,25.1656,25.1755,2809.5053327736,0
IBTH.US,D,20211015,000000,25.1198,25.1307,25.0858,25.0858,2403.2755363532,0
IBTH.US,D,20211018,000000,25.027,25.0469,25.027,25.0469,1328.0203715074,0
IBTH.US,D,20211019,000000,25.0349,25.0369,25.0221,25.0221,1271.8503255826,0
IBTH.US,D,20211020,000000,25.032,25.0519,25.0221,25.027,4779.4690862785,0
IBTH.US,D,20211021,000000,25.0021,25.0021,24.9522,24.9522,172532.31427718,0
IBTH.US,D,20211022,000000,24.9342,24.9821,24.9342,24.9821,4000.1096990721,0
IBTH.US,D,20211025,000000,25.031,25.032,25.0171,25.0171,74899.747131096,0
IBTH.US,D,20211026,000000,24.9921,25.0221,24.9921,25.0171,12804.764397782,0
IBTH.US,D,20211027,000000,25.0659,25.0808,25.0399,25.0758,2851.6328672171,0
IBTH.US,D,20211028,000000,25.0519,25.0519,25.027,25.027,2404.2785728876,0
IBTH.US,D,20211029,000000,24.9921,25.0221,24.9921,25.0221,9043.3773938902,0
IBTH.US,D,20211101,000000,25.0071,25.0419,25.0071,25.032,5106.4589964835,0
IBTH.US,D,20211102,000000,25.0878,25.0878,25.0808,25.0858,567.71867845406,0
IBTH.US,D,20211103,000000,25.0369,25.0589,25.0161,25.0589,1764.3412639588,0
IBTH.US,D,20211104,000000,25.1198,25.1456,25.1198,25.1456,3681.1440811421,0
IBTH.US,D,20211105,000000,25.2005,25.2394,25.2005,25.2254,5477.5825142008,0
IBTH.US,D,20211108,000000,25.1725,25.1725,25.1307,25.1307,2853.6389402859,0
IBTH.US,D,20211109,000000,25.2005,25.2394,25.2005,25.2025,2192.6378641353,0
IBTH.US,D,20211110,000000,25.0878,25.0878,25.0171,25.0171,1362.123613676,0
IBTH.US,D,20211111,000000,25.0349,25.0349,24.9522,24.9672,5078.3739735211,0
IBTH.US,D,20211112,000000,25.0121,25.032,24.9921,25.0021,4194.6987867401,0
IBTH.US,D,20211115,000000,24.9722,24.9821,24.9522,24.9572,47234.996476606,0
IBTH.US,D,20211116,000000,24.9522,24.9801,24.9522,24.9522,4643.056117604,0
IBTH.US,D,20211117,000000,24.9622,25.0051,24.9622,25.0051,4306.0358420553,0
IBTH.US,D,20211118,000000,25.0021,25.0221,25.0021,25.0221,1765.3443004932,0
IBTH.US,D,20211119,000000,25.0998,25.1078,25.0709,25.0878,2431.3605593156,0
IBTH.US,D,20211122,000000,24.9622,24.9672,24.9024,24.9024,17570.190972579,0
IBTH.US,D,20211123,000000,24.8894,24.8974,24.8625,24.8675,2230.7532524414,0
IBTH.US,D,20211124,000000,24.8625,24.8864,24.8625,24.8864,1320.9991157668,0
IBTH.US,D,20211126,000000,25.0958,25.1108,25.0868,25.0868,4073.3313660812,0
IBTH.US,D,20211129,000000,25.0968,25.0968,25.0709,25.0709,647.96160120375,0
IBTH.US,D,20211130,000000,25.1058,25.1437,25.1058,25.1437,815.46870244373,0
IBTH.US,D,20211201,000000,25.0589,25.1437,25.0519,25.1437,4936.9458221747,0
IBTH.US,D,20211202,000000,25.1008,25.1008,25.0559,25.0579,2788.4415655518,0
IBTH.US,D,20211203,000000,25.0659,25.1058,25.0659,25.1008,4141.5378504184,0
IBTH.US,D,20211206,000000,25.1207,25.1207,25.0928,25.0958,2668.0771814272,0
IBTH.US,D,20211207,000000,25.032,25.0479,25.0031,25.0031,815.46870244373,0
IBTH.US,D,20211208,000000,24.9991,24.9991,24.9722,24.9871,1383.1873808978,0
IBTH.US,D,20211209,000000,25.0241,25.0409,25.0091,25.0091,2296.9536637099,0
IBTH.US,D,20211210,000000,25.0669,25.0669,25.0221,25.0221,1012.0638631805,0
IBTH.US,D,20211213,000000,25.0609,25.0808,25.0559,25.0808,1225.7106450015,0
IBTH.US,D,20211214,000000,25.032,25.0559,25.032,25.0469,10874.922105652,0
IBTH.US,D,20211215,000000,25.0419,25.0419,25.032,25.0369,1863.6418808616,0
IBTH.US,D,20211216,000000,25.0709,25.1008,25.0609,25.0958,1993.0335937954,0
IBTH.US,D,20211217,000000,25.1397,25.1397,25.1058,25.1058,1742.2744602027,0
IBTH.US,D,20211220,000000,25.1307,25.1685,25.1108,25.1158,4286.9781479022,0
IBTH.US,D,20211221,000000,25.0709,25.0709,25.0141,25.0409,7160.6778188755,0
IBTH.US,D,20211222,000000,25.0519,25.0519,25.032,25.0399,3014.1247857853,0
IBTH.US,D,20211223,000000,25.0121,25.027,25.0121,25.027,4510.655295067,0
IBTH.US,D,20211228,000000,25.0221,25.031,25.0221,25.0261,1295.9232024075,0
IBTH.US,D,20211229,000000,24.9831,24.9841,24.9622,24.9622,23742.877805099,0
IBTH.US,D,20211230,000000,24.9632,25.0021,24.9632,25.0021,372.12655425169,0
IBTH.US,D,20211231,000000,25.0231,25.0231,25.0021,25.0021,934.8300500339,0
IBTH.US,D,20220103,000000,24.9224,24.9224,24.8725,24.8725,2479.5063129655,0
IBTH.US,D,20220104,000000,24.8525,24.8725,24.8515,24.8625,3404.3059976556,0
IBTH.US,D,20220105,000000,24.8625,24.8625,24.7927,24.7927,6663.1716978275,0
IBTH.US,D,20220106,000000,24.7528,24.7528,24.7279,24.7429,6023.2343888987,0
IBTH.US,D,20220107,000000,24.703,24.703,24.6631,24.703,3289.9598327373,0
IBTH.US,D,20220110,000000,24.6501,24.6621,24.6501,24.6541,1231.7288642078,0
IBTH.US,D,20220111,000000,24.6531,24.6731,24.6352,24.6731,2551.7249434402,0
IBTH.US,D,20220112,000000,24.703,24.7179,24.703,24.7129,2951.9365206543,0
IBTH.US,D,20220113,000000,24.7429,24.7498,24.7429,24.7498,1268.8412159795,0
IBTH.US,D,20220114,000000,24.7119,24.7119,24.6571,24.6571,2674.0954006335,0
IBTH.US,D,20220118,000000,24.5455,24.5535,24.5185,24.5185,878.66000410912,0
IBTH.US,D,20220119,000000,24.5834,24.5934,24.5784,24.5784,1044.1610322804,0
IBTH.US,D,20220120,000000,24.5934,24.5934,24.5634,24.5904,8561.919857392,0
IBTH.US,D,20220121,000000,24.6721,24.6931,24.6541,24.6931,1161.5163068018,0
IBTH.US,D,20220124,000000,24.703,24.7329,24.6731,24.6731,12286.194509512,0
IBTH.US,D,20220125,000000,24.6821,24.6831,24.6432,24.6432,35627.857700863,0
IBTH.US,D,20220126,000000,24.6531,24.6531,24.5235,24.5235,896.7146617278,0
IBTH.US,D,20220127,000000,24.5495,24.5784,24.5365,24.5435,4513.6644046701,0
IBTH.US,D,20220128,000000,24.5734,24.6032,24.5734,24.5983,7958.0918637006,0
IBTH.US,D,20220131,000000,24.5934,24.6032,24.5934,24.6023,1191.6074028329,0
IBTH.US,D,20220201,000000,24.5894,24.5934,24.5734,24.5834,23572.361594256,0
IBTH.US,D,20220202,000000,24.6182,24.6511,24.6032,24.6132,2884.7330728514,0
IBTH.US,D,20220203,000000,24.5535,24.5535,24.5335,24.5535,4725.3051134224,0
IBTH.US,D,20220204,000000,24.4338,24.4338,24.4039,24.4069,2338.0781616191,0
IBTH.US,D,20220207,000000,24.4238,24.4238,24.4049,24.4188,1608.8706011313,0
IBTH.US,D,20220208,000000,24.374,24.3839,24.3641,24.3641,2923.8514976919,0
IBTH.US,D,20220209,000000,24.3939,24.4119,24.374,24.374,1436.3483172195,0
IBTH.US,D,20220210,000000,24.2752,24.3032,24.1855,24.1855,2682.1196929084,0
IBTH.US,D,20220211,000000,24.2842,24.3641,24.2155,24.3561,2768.3808348643,0
IBTH.US,D,20220214,000000,24.2554,24.2842,24.2255,24.2604,3106.4041469474,0
IBTH.US,D,20220215,000000,24.2344,24.2514,24.2255,24.2304,4936.9458221747,0
IBTH.US,D,20220216,000000,24.2554,24.2752,24.2554,24.2752,3122.4527314973,0
IBTH.US,D,20220217,000000,24.3341,24.3501,24.3341,24.3441,1662.031537453,0
IBTH.US,D,20220218,000000,24.3939,24.3939,24.374,24.3839,1075.2551648459,0
IBTH.US,D,20220222,000000,24.3441,24.3879,24.3441,24.3641,4328.1026458115,0
IBTH.US,D,20220223,000000,24.3202,24.3251,24.3102,24.3102,1084.2824936552,0
IBTH.US,D,20220224,000000,24.3631,24.3939,24.3341,24.3391,2112.3949413856,0
IBTH.US,D,20220225,000000,24.2992,24.3331,24.2932,24.3331,3416.3424360681,0
IBTH.US,D,20220228,000000,24.4936,24.5135,24.4637,24.4966,6038.2799369142,0
IBTH.US,D,20220301,000000,24.6462,24.703,24.6462,24.6591,1089.2976763271,0
IBTH.US,D,20220302,000000,24.5235,24.5535,24.4538,24.4637,5543.7829254693,0
IBTH.US,D,20220303,000000,24.4827,24.4827,24.4717,24.4717,568.72171498843,0
IBTH.US,D,20220304,000000,24.6232,24.6232,24.6132,24.6222,2359.1419288409,0
IBTH.US,D,20220307,000000,24.5435,24.5535,24.5435,24.5485,3070.29483171,0
IBTH.US,D,20220308,000000,24.4238,24.4238,24.4069,24.4139,3437.4062032899,0
IBTH.US,D,20220309,000000,24.3541,24.3541,24.3142,24.3281,3798.4993556635,0
IBTH.US,D,20220310,000000,24.2752,24.2822,24.2374,24.2604,2648.0164507398,0
IBTH.US,D,20220311,000000,24.2454,24.2454,24.2404,24.2434,1413.2784769289,0
IBTH.US,D,20220314,000000,24.1258,24.1258,24.0958,24.0998,748.26525464087,0
IBTH.US,D,20220315,000000,24.0958,24.0958,24.0361,24.0361,5084.3921927273,0
IBTH.US,D,20220316,000000,23.9941,24.0111,23.9264,23.9862,2224.7350332352,0
IBTH.US,D,20220317,000000,23.9961,24.0261,23.9762,23.9762,4320.0783535365,0
IBTH.US,D,20220318,000000,24.0111,24.0261,24.0111,24.0261,39614.927924988,0
IBTH.US,D,20220321,000000,23.9164,23.9164,23.7868,23.7868,2402.2724998189,0
IBTH.US,D,20220322,000000,23.7219,23.7369,23.7041,23.7041,3129.4739872379,0
IBTH.US,D,20220323,000000,23.7768,23.7968,23.7369,23.7968,2232.7593255102,0
IBTH.US,D,20220324,000000,23.7249,23.7469,23.7249,23.7269,4375.2453629269,0
IBTH.US,D,20220325,000000,23.6272,23.6472,23.5275,23.5475,13731.570155541,0
IBTH.US,D,20220328,000000,23.5575,23.5954,23.5475,23.5475,13319.322139915,0
IBTH.US,D,20220329,000000,23.5774,23.6172,23.5525,23.6093,15145.851669004,0
IBTH.US,D,20220330,000000,23.6472,23.6831,23.6472,23.6771,3988.0732606596,0
IBTH.US,D,20220331,000000,23.6871,23.7239,23.6771,23.6871,3888.7726437569,0
IBTH.US,D,20220401,000000,23.5176,23.5575,23.4986,23.5275,7094.4774076071,0
IBTH.US,D,20220404,000000,23.5156,23.5375,23.5156,23.5275,11536.926218337,0
IBTH.US,D,20220405,000000,23.4089,23.4089,23.3541,23.3691,18840.035225093,0
IBTH.US,D,20220406,000000,23.3262,23.3889,23.3192,23.3591,9770.5788813092,0
IBTH.US,D,20220407,000000,23.3889,23.3989,23.3691,23.3691,9084.5018917994,0
IBTH.US,D,20220408,000000,23.3092,23.3192,23.2892,23.2892,14354.455843385,0
IBTH.US,D,20220411,000000,23.2594,23.2694,23.2494,23.2494,3449.4426417023,0
IBTH.US,D,20220412,000000,23.3691,23.4059,23.3691,23.4059,3287.9537596686,0
IBTH.US,D,20220413,000000,23.4757,23.4757,23.3989,23.4019,6023.2343888987,0
IBTH.US,D,20220414,000000,23.2843,23.2992,23.2793,23.2853,6818.642360655,0
IBTH.US,D,20220418,000000,23.2892,23.2892,23.2494,23.2494,6177.7020151918,0
IBTH.US,D,20220419,000000,23.1796,23.1896,23.1198,23.1198,4662.113811757,0
IBTH.US,D,20220420,000000,23.1846,23.1935,23.1796,23.1796,9545.8986976101,0
IBTH.US,D,20220421,000000,23.1198,23.1198,23.0401,23.0998,42771.483898654,0
IBTH.US,D,20220422,000000,23.0859,23.1298,23.0859,23.0998,35948.829391862,0
IBTH.US,D,20220425,000000,23.2793,23.3092,23.1995,23.2095,32861.482939068,0
IBTH.US,D,20220426,000000,23.3182,23.3182,23.2743,23.3092,12557.014373793,0
IBTH.US,D,20220427,000000,23.3142,23.3192,23.2444,23.2694,16564.145328605,0
IBTH.US,D,20220428,000000,23.2295,23.2295,23.1846,23.2025,6346.2121529662,0
IBTH.US,D,20220429,000000,23.1098,23.1796,23.1048,23.1248,19078.757920273,0
IBTH.US,D,20220502,000000,23.0699,23.0699,23.0401,23.0434,5303.0541572202,0
IBTH.US,D,20220503,000000,23.1098,23.1148,23.0401,23.0401,7641.1323188393,0
IBTH.US,D,20220504,000000,23.0251,23.1696,23.0191,23.1618,12191.909075281,0
IBTH.US,D,20220505,000000,23.0899,23.0899,23.0101,23.0699,10204.893700692,0
IBTH.US,D,20220506,000000,23.0699,23.0749,23.0101,23.0101,6561.865007856,0
IBTH.US,D,20220509,000000,23.0978,23.1348,23.0746,23.1298,26118.06831849,0
IBTH.US,D,20220510,000000,23.1796,23.1995,23.1597,23.1597,4567.8283775262,0
IBTH.US,D,20220511,000000,23.1282,23.2095,23.1241,23.2078,41778.477729627,0
IBTH.US,D,20220512,000000,23.2395,23.3282,23.2395,23.2892,16849.007704366,0
IBTH.US,D,20220513,000000,23.2083,23.2295,23.1896,23.2095,7726.3904242609,0
IBTH.US,D,20220516,000000,23.2594,23.3092,23.2594,23.2793,3602.9072314611,0
IBTH.US,D,20220517,000000,23.1696,23.1995,23.1348,23.1348,8937.0555212468,0
IBTH.US,D,20220518,000000,23.1871,23.2293,23.1871,23.2045,10687.354273724,0
IBTH.US,D,20220519,000000,23.2793,23.2952,23.2594,23.2793,5264.9387689141,0
IBTH.US,D,20220520,000000,23.2843,23.3192,23.2843,23.3142,3879.7453149476,0
IBTH.US,D,20220523,000000,23.3092,23.3092,23.2395,23.2494,3374.2149016245,0
IBTH.US,D,20220524,000000,23.3292,23.4179,23.3263,23.3741,15895.119960179,0
IBTH.US,D,20220525,000000,23.4488,23.4488,23.3889,23.4239,3162.5741928722,0
IBTH.US,D,20220526,000000,23.4588,23.4588,23.3858,23.4234,8564.9289669951,0
IBTH.US,D,20220527,000000,23.4438,23.4488,23.4089,23.4239,4318.0722804677,0
IBTH.US,D,20220531,000000,23.3491,23.3491,23.2974,23.2974,1456.4090479069,0
IBTH.US,D,20220601,000000,23.2694,23.2694,23.1398,23.1497,17012.502659469,0
IBTH.US,D,20220602,000000,23.1873,23.19,23.1646,23.1696,18842.041298161,0
IBTH.US,D,20220603,000000,23.1574,23.1597,23.1398,23.1398,27679.796202506,0
IBTH.US,D,20220606,000000,23.1388,23.1388,23.0549,23.0549,3088.3494893287,0
IBTH.US,D,20220607,000000,23.0998,23.1198,23.0949,23.0949,2389.233024872,0
IBTH.US,D,20220608,000000,23.0849,23.0899,23.0599,23.0699,22980.570038977,0
IBTH.US,D,20220609,000000,23.0501,23.0501,23.0061,23.0101,12906.071087753,0
IBTH.US,D,20220610,000000,22.9055,22.9154,22.8257,22.8262,27825.236499989,0
IBTH.US,D,20220613,000000,22.6692,22.6762,22.5266,22.5724,4117.4649735935,0
IBTH.US,D,20220614,000000,22.6114,22.6114,22.4617,22.4674,14081.629906037,0
IBTH.US,D,20220615,000000,22.5527,22.6712,22.5527,22.6712,2851.6328672171,0
IBTH.US,D,20220616,000000,22.6312,22.7617,22.6312,22.7617,8846.7822331534,0
IBTH.US,D,20220617,000000,22.6811,22.7708,22.6811,22.7459,548607.82336469,0
IBTH.US,D,20220621,000000,22.6961,22.7211,22.6911,22.7061,10844.831009621,0
IBTH.US,D,20220622,000000,22.8556,22.8905,22.8456,22.8846,41287.992864319,0
IBTH.US,D,20220623,000000,23.0699,23.0699,22.9602,22.9674,4807.5541092409,0
IBTH.US,D,20220624,000000,22.9602,23.0002,22.9342,22.9404,19256.295386857,0
IBTH.US,D,20220627,000000,22.9154,22.9254,22.8307,22.8606,15791.807197139,0
IBTH.US,D,20220628,000000,22.8492,22.8609,22.8481,22.8609,4960.0156624653,0
IBTH.US,D,20220629,000000,22.8906,22.9702,22.8838,22.9702,3018.1369319228,0
IBTH.US,D,20220630,000000,23.0599,23.1298,23.0599,23.0929,12232.030536656,0
IBTH.US,D,20220701,000000,23.2395,23.264,23.2345,23.264,7305.115079825,0
IBTH.US,D,20220705,000000,23.3278,23.3491,23.2892,23.2892,2935.8879361043,0
IBTH.US,D,20220706,000000,23.3092,23.3092,23.1597,23.1597,135209.32483323,0
IBTH.US,D,20220707,000000,23.1098,23.1198,23.0501,23.0599,10372.400801932,0
IBTH.US,D,20220708,000000,23.0281,23.0281,22.9802,23.0002,6143.5987730232,0
IBTH.US,D,20220711,000000,23.0549,23.1098,23.0549,23.0746,3260.8717732406,0
IBTH.US,D,20220712,000000,23.1761,23.1761,23.1148,23.1195,8276.0544450962,0
IBTH.US,D,20220713,000000,23.0201,23.1696,23.0201,23.1098,6998.1859003074,0
IBTH.US,D,20220714,000000,23.0002,23.0799,23.0002,23.0611,14455.762533357,0
IBTH.US,D,20220715,000000,23.1098,23.1198,23.0799,23.0799,2633.9739392586,0
IBTH.US,D,20220718,000000,23.0599,23.0699,23.0229,23.0599,6009.1918774175,0
IBTH.US,D,20220719,000000,23.0301,23.0401,22.9702,22.9702,629954.08630219,0
IBTH.US,D,20220720,000000,23.0501,23.0599,22.9601,22.9702,20412.796510987,0
IBTH.US,D,20220721,000000,23.0454,23.1596,23.0454,23.1497,317591.45787793,0
IBTH.US,D,20220722,000000,23.2992,23.3192,23.2694,23.3192,26678.765741203,0
IBTH.US,D,20220725,000000,23.2793,23.2892,23.2494,23.2793,9919.0282883962,0
IBTH.US,D,20220726,000000,23.3391,23.3391,23.2694,23.2793,1429.3270614789,0
IBTH.US,D,20220727,000000,23.3102,23.3704,23.2992,23.3292,7777.5452875138,0
IBTH.US,D,20220728,000000,23.4837,23.5086,23.4388,23.4887,5540.7738158662,0
IBTH.US,D,20220729,000000,23.4688,23.5285,23.4645,23.4986,11253.06687911,0
IBTH.US,D,20220801,000000,23.5386,23.5486,23.5186,23.5386,12323.188557086,0
IBTH.US,D,20220802,000000,23.5386,23.5386,23.3088,23.3188,3127.839850625,0
IBTH.US,D,20220803,000000,23.2951,23.3588,23.2389,23.3446,3427.1115675328,0
IBTH.US,D,20220804,000000,23.3926,23.4487,23.3926,23.4487,2813.5545024342,0
IBTH.US,D,20220805,000000,23.2089,23.2269,23.2089,23.2189,1232.1186739582,0
IBTH.US,D,20220808,000000,23.2888,23.2888,23.2689,23.2788,2163.9647222564,0
IBTH.US,D,20220809,000000,23.2352,23.2352,23.2089,23.2139,5901.3580029712,0
IBTH.US,D,20220810,000000,23.3384,23.3628,23.2689,23.2689,3805.4550758644,0
IBTH.US,D,20220811,000000,23.3288,23.3288,23.1889,23.1989,1265.1486627808,0
IBTH.US,D,20220812,000000,23.2689,23.2689,23.2049,23.2289,8915.0942558454,0
IBTH.US,D,20220815,000000,23.2989,23.2989,23.2788,23.2888,17181.599640265,0
IBTH.US,D,20220816,000000,23.2389,23.2389,23.2304,23.2389,2880.6153888316,0
IBTH.US,D,20220817,000000,23.159,23.1689,23.119,23.149,4712.2784053576,0
IBTH.US,D,20220818,000000,23.1989,23.2289,23.1689,23.1789,17021.454239913,0
IBTH.US,D,20220819,000000,23.099,23.109,23.079,23.109,3826.4741596606,0
IBTH.US,D,20220822,000000,23.077,23.079,23.0091,23.0391,3080.7971392716,0
IBTH.US,D,20220823,000000,23.0091,23.099,23.0091,23.0291,5885.343462936,0
IBTH.US,D,20220824,000000,22.9891,22.9991,22.9591,22.9645,7016.370352922,0
IBTH.US,D,20220825,000000,22.9891,23.0291,22.9885,23.0291,3888.530502297,0
IBTH.US,D,20220826,000000,23.0091,23.0291,22.9727,22.9991,7475.7874701818,0
IBTH.US,D,20220829,000000,22.9372,22.9392,22.9192,22.9292,2512.280968022,0
IBTH.US,D,20220830,000000,22.9292,22.9292,22.8892,22.9292,16164.67634803,0
IBTH.US,D,20220831,000000,22.9092,22.9292,22.8742,22.8742,3770.4232695374,0
IBTH.US,D,20220901,000000,22.7593,22.7693,22.7493,22.7593,1010874.8006457,0
IBTH.US,D,20220902,000000,22.8692,22.8692,22.8293,22.8692,3026.7480666528,0
IBTH.US,D,20220906,000000,22.7354,22.7393,22.7273,22.7393,9105.2669187634,0
IBTH.US,D,20220907,000000,22.7843,22.8172,22.7843,22.8131,9248.396870328,0
IBTH.US,D,20220908,000000,22.8132,22.8132,22.7593,22.7693,10886.884497679,0
IBTH.US,D,20220909,000000,22.7693,22.7993,22.7293,22.7393,8824.0115593952,0
IBTH.US,D,20220912,000000,22.7693,22.8293,22.7094,22.7343,309978.43783008,0
IBTH.US,D,20220913,000000,22.5895,22.6095,22.5595,22.5995,24598.333494067,0
IBTH.US,D,20220914,000000,22.5695,22.5995,22.5595,22.5645,14950.574031611,0
IBTH.US,D,20220915,000000,22.5295,22.5395,22.4996,22.5195,33516.430476169,0
IBTH.US,D,20220916,000000,22.5095,22.5695,22.4996,22.5595,190695.13728665,0
IBTH.US,D,20220919,000000,22.4896,22.5195,22.4746,22.5045,18108.441144802,0
IBTH.US,D,20220920,000000,22.4396,22.4646,22.4196,22.4346,14256.944266337,0
IBTH.US,D,20220921,000000,22.4496,22.4596,22.3697,22.4546,13003.806508582,0
IBTH.US,D,20220922,000000,22.3197,22.3397,22.2658,22.272,5486.9817795604,0
IBTH.US,D,20220923,000000,22.2698,22.2698,22.1948,22.2252,95231.463228069,0
IBTH.US,D,20220926,000000,22.1599,22.1699,22.02,22.0446,13807.536236599,0
IBTH.US,D,20220927,000000,22.0799,22.0799,21.99,22,645201.79620816,0
IBTH.US,D,20220928,000000,22.1998,22.2997,22.1449,22.2897,20274.407684563,0
IBTH.US,D,20220929,000000,22.1898,22.2398,22.1699,22.2298,26233.818395162,0
IBTH.US,D,20220930,000000,22.2598,22.2798,22.1299,22.1499,53653.713661681,0
IBTH.US,D,20221003,000000,22.2398,22.3797,22.2298,22.2798,22864.759535257,0
IBTH.US,D,20221004,000000,22.3197,22.3797,22.2997,22.3297,16996.431521108,0
IBTH.US,D,20221005,000000,22.2497,22.2497,22.1898,22.2198,18088.422969758,0
IBTH.US,D,20221006,000000,22.1898,22.1998,22.1349,22.1399,30060.292554823,0
IBTH.US,D,20221007,000000,22.0765,22.0999,22.05,22.06,21868.855326818,0
IBTH.US,D,20221010,000000,22.02,22.03,21.965,22.03,20729.821166814,0
IBTH.US,D,20221011,000000,22.055,22.0899,22.03,22.05,14325.006061486,0
IBTH.US,D,20221012,000000,22.05,22.1099,22.04,22.0999,23056.934015679,0
IBTH.US,D,20221013,000000,21.9001,22.05,21.9001,21.99,6175.607001074,0
IBTH.US,D,20221014,000000,22.05,22.05,21.9193,21.9501,25854.473978078,0
IBTH.US,D,20221017,000000,22.05,22.05,21.97,21.98,38067.562572423,0
IBTH.US,D,20221018,000000,22.02,22.03,21.9586,22.005,72853.145346381,0
IBTH.US,D,20221019,000000,21.9101,21.9401,21.8801,21.8901,1415646.3036703,0
IBTH.US,D,20221020,000000,21.8486,21.8901,21.7802,21.7852,458728.49203829,0
IBTH.US,D,20221021,000000,21.8002,21.9301,21.8002,21.9101,113170.75079375,0
IBTH.US,D,20221024,000000,21.8901,21.94,21.8601,21.8851,1067612.3141729,0
IBTH.US,D,20221025,000000,21.999,22.04,21.98,22,52674.824902029,0
IBTH.US,D,20221026,000000,22.03,22.0798,22.02,22.05,183508.61244585,0
IBTH.US,D,20221027,000000,22.1199,22.1699,22.0799,22.1699,64009.115611942,0
IBTH.US,D,20221028,000000,22.0799,22.1299,22.05,22.0799,29609.883616333,0
IBTH.US,D,20221031,000000,22,22.046,21.98,22.0082,39161.555838577,0
IBTH.US,D,20221101,000000,22.1,22.11,21.98,21.99,50725,0
IBTH.US,D,20221102,000000,22.01,22.1,21.95,21.97,51686,0
IBTH.US,D,20221103,000000,21.86,21.915,21.86,21.91,37345,0
IBTH.US,D,20221104,000000,21.91,21.97,21.89,21.93,40328,0
IBTH.US,D,20221107,000000,21.92,21.92,21.875,21.88,113189,0
IBTH.US,D,20221108,000000,21.92,21.9664,21.91,21.96,231850,0
IBTH.US,D,20221109,000000,21.95,22.03,21.95,22.03,147805,0
IBTH.US,D,20221110,000000,22.26,22.34,22.26,22.34,155382,0
IBTH.US,D,20221111,000000,22.28,22.32,22.27,22.32,31083,0
IBTH.US,D,20221114,000000,22.29,22.29,22.25,22.28,24386,0
IBTH.US,D,20221115,000000,22.35,22.38,22.31,22.37,98228,0
IBTH.US,D,20221116,000000,22.42,22.44,22.4,22.43,45410,0
IBTH.US,D,20221117,000000,22.35,22.36,22.325,22.35,26957,0
IBTH.US,D,20221118,000000,22.34,22.3499,22.28,22.29,233382,0
IBTH.US,D,20221121,000000,22.35,22.35,22.275,22.28,91023,0
IBTH.US,D,20221122,000000,22.32,22.3396,22.2961,22.31,28744,0
IBTH.US,D,20221123,000000,22.32,22.38,22.32,22.37,318719,0
IBTH.US,D,20221125,000000,22.3493,22.37,22.3493,22.37,2945,0
IBTH.US,D,20221128,000000,22.39,22.41,22.3651,22.39,41391,0
IBTH.US,D,20221129,000000,22.35,22.38,22.33,22.35,43967,0
IBTH.US,D,20221130,000000,22.31,22.485,22.2797,22.4679,142219,0
IBTH.US,D,20221201,000000,22.46,22.56,22.4479,22.56,55758,0
IBTH.US,D,20221202,000000,22.46,22.58,22.4399,22.5672,106742,0
IBTH.US,D,20221205,000000,22.5,22.5,22.4133,22.43,13810,0
IBTH.US,D,20221206,000000,22.43,22.49,22.43,22.475,141570,0
IBTH.US,D,20221207,000000,22.54,22.61,22.54,22.6,37409,0
IBTH.US,D,20221208,000000,22.54,22.56,22.51,22.52,624345,0
IBTH.US,D,20221209,000000,22.49,22.5,22.46,22.475,58802,0
IBTH.US,D,20221212,000000,22.51,22.51,22.43,22.45,39394,0
IBTH.US,D,20221213,000000,22.66,22.66,22.57,22.58,46636,0
IBTH.US,D,20221214,000000,22.6,22.64,22.54,22.62,52083,0
IBTH.US,D,20221215,000000,22.57,22.57,22.5,22.5453,994031,0
IBTH.US,D,20221216,000000,22.4728,22.5776,22.4601,22.5489,101069,0
IBTH.US,D,20221219,000000,22.478,22.48,22.45,22.47,42516,0
IBTH.US,D,20221220,000000,22.39,22.4178,22.386,22.405,82665,0
IBTH.US,D,20221221,000000,22.46,22.46,22.4117,22.43,44777,0
IBTH.US,D,20221222,000000,22.43,22.45,22.41,22.41,66022,0
IBTH.US,D,20221223,000000,22.35,22.38,22.3401,22.36,35885,0
IBTH.US,D,20221227,000000,22.29,22.31,22.26,22.2672,39764,0
IBTH.US,D,20221228,000000,22.27,22.285,22.245,22.255,21510,0
IBTH.US,D,20221229,000000,22.279,22.2981,22.26,22.29,41002,0
IBTH.US,D,20221230,000000,22.25,22.28,22.2191,22.2454,52987,0
IBTH.US,D,20230103,000000,22.36,22.36,22.2801,22.3,28785,0
IBTH.US,D,20230104,000000,22.39,22.42,22.36,22.365,249923,0
IBTH.US,D,20230105,000000,22.29,22.35,22.28,22.35,83685,0
IBTH.US,D,20230106,000000,22.37,22.539,22.35,22.53,81166,0
IBTH.US,D,20230109,000000,22.535,22.59,22.5329,22.57,36116,0
IBTH.US,D,20230110,000000,22.54,22.54,22.49,22.52,124175,0
IBTH.US,D,20230111,000000,22.53,22.59,22.53,22.5864,130451,0
IBTH.US,D,20230112,000000,22.68,22.7293,22.62,22.72,79259,0
IBTH.US,D,20230113,000000,22.7,22.715,22.6344,22.66,102063,0
IBTH.US,D,20230117,000000,22.64,22.68,22.62,22.66,114748,0
IBTH.US,D,20230118,000000,22.8,22.82,22.77,22.815,95125,0
IBTH.US,D,20230119,000000,22.79,22.8,22.7594,22.77,56526,0
IBTH.US,D,20230120,000000,22.71,22.71,22.67,22.71,36215,0
IBTH.US,D,20230123,000000,22.65,22.68,22.63,22.64,56094,0
IBTH.US,D,20230124,000000,22.66,22.7,22.6275,22.7,88280,0
IBTH.US,D,20230125,000000,22.72,22.74,22.69,22.71,51652,0
IBTH.US,D,20230126,000000,22.7,22.71,22.66,22.68,22518,0
IBTH.US,D,20230127,000000,22.64,22.6599,22.6246,22.65,28537,0
IBTH.US,D,20230130,000000,22.6,22.61,22.59,22.6,74776,0
IBTH.US,D,20230131,000000,22.65,22.6703,22.62,22.6703,27989,0
IBTH.US,D,20230201,000000,22.63,22.7359,22.6,22.72,60145,0
IBTH.US,D,20230202,000000,22.77,22.78,22.72,22.73,53820,0
IBTH.US,D,20230203,000000,22.61,22.62,22.55,22.55,139345,0
IBTH.US,D,20230206,000000,22.45,22.46,22.39,22.4043,185046,0
IBTH.US,D,20230207,000000,22.43,22.48,22.4,22.41,150137,0
IBTH.US,D,20230208,000000,22.43,22.45,22.4,22.43,73209,0
IBTH.US,D,20230209,000000,22.45,22.46,22.3672,22.39,24326,0
IBTH.US,D,20230210,000000,22.38,22.38,22.33,22.33,40867,0
IBTH.US,D,20230213,000000,22.32,22.35,22.315,22.34,65460,0
IBTH.US,D,20230214,000000,22.28,22.295,22.23,22.245,44744,0
IBTH.US,D,20230215,000000,22.24,22.26,22.21,22.23,29870,0
IBTH.US,D,20230216,000000,22.22,22.245,22.19,22.2,225926,0
IBTH.US,D,20230217,000000,22.2,22.255,22.19,22.245,110289,0
IBTH.US,D,20230221,000000,22.16,22.17,22.12,22.125,39146,0
IBTH.US,D,20230222,000000,22.17,22.1779,22.135,22.14,21979,0
IBTH.US,D,20230223,000000,22.15,22.19,22.14,22.18,35822,0
IBTH.US,D,20230224,000000,22.07,22.0979,22.05,22.085,68178,0
IBTH.US,D,20230227,000000,22.13,22.13,22.1,22.1172,21349,0
IBTH.US,D,20230228,000000,22.09,22.13,22.07,22.13,68035,0
IBTH.US,D,20230301,000000,22.01,22.029,21.96,21.97,94838,0
IBTH.US,D,20230302,000000,21.93,21.95,21.92,21.95,57433,0
IBTH.US,D,20230303,000000,22,22,21.9424,21.995,103679,0
IBTH.US,D,20230306,000000,22.02,22.04,21.97,21.98,351440,0
IBTH.US,D,20230307,000000,22,22,21.92,21.92,120290,0
IBTH.US,D,20230308,000000,21.97,21.98,21.89,21.915,141946,0
IBTH.US,D,20230309,000000,21.98,22.06,21.96,22.045,67668,0
IBTH.US,D,20230310,000000,22.24,22.3,22.18,22.29,89510,0
IBTH.US,D,20230313,000000,22.57,22.66,22.4801,22.54,216114,0
IBTH.US,D,20230314,000000,22.44,22.46,22.34,22.4,216528,0
IBTH.US,D,20230315,000000,22.67,22.77,22.58,22.66,759958,0
IBTH.US,D,20230316,000000,22.7203,22.74,22.47,22.51,388462,0
IBTH.US,D,20230317,000000,22.61,22.75,22.61,22.71,233067,0
IBTH.US,D,20230320,000000,22.75,22.75,22.59,22.64,98381,0
IBTH.US,D,20230321,000000,22.51,22.5433,22.47,22.47,41887,0
IBTH.US,D,20230322,000000,22.48,22.71,22.45,22.71,155670,0
IBTH.US,D,20230323,000000,22.7,22.845,22.69,22.83,252808,0
IBTH.US,D,20230324,000000,22.91,22.93,22.804,22.81,21602,0
IBTH.US,D,20230327,000000,22.67,22.7,22.6308,22.64,44274,0
IBTH.US,D,20230328,000000,22.61,22.62,22.57,22.61,57586,0
IBTH.US,D,20230329,000000,22.56,22.61,22.555,22.57,42952,0
IBTH.US,D,20230330,000000,22.56,22.6,22.55,22.6,61779,0
IBTH.US,D,20230331,000000,22.607,22.67,22.59,22.66,22271,0
IBTH.US,D,20230403,000000,22.58,22.67,22.57,22.67,23658,0
IBTH.US,D,20230404,000000,22.64,22.7991,22.64,22.785,113579,0
IBTH.US,D,20230405,000000,22.87,22.91,22.8201,22.83,46148,0
IBTH.US,D,20230406,000000,22.85,22.86,22.82,22.825,24093,0
IBTH.US,D,20230410,000000,22.7,22.7,22.67,22.67,21535,0
IBTH.US,D,20230411,000000,22.6732,22.68,22.645,22.66,21543,0
IBTH.US,D,20230412,000000,22.75,22.75,22.69,22.74,21852,0
IBTH.US,D,20230413,000000,22.78,22.8,22.71,22.73,26285,0
IBTH.US,D,20230414,000000,22.66,22.66,22.61,22.625,28031,0
IBTH.US,D,20230417,000000,22.57,22.5772,22.53,22.55,52572,0
IBTH.US,D,20230418,000000,22.55,22.59,22.54,22.55,34430,0
IBTH.US,D,20230419,000000,22.54,22.54,22.5,22.53,57596,0
IBTH.US,D,20230420,000000,22.62,22.62,22.6,22.6053,29204,0
IBTH.US,D,20230421,000000,22.65,22.66,22.58,22.58,12232,0
IBTH.US,D,20230424,000000,22.64,22.6598,22.6211,22.65,42570,0
IBTH.US,D,20230425,000000,22.75,22.82,22.74,22.815,106273,0
IBTH.US,D,20230426,000000,22.81,22.82,22.73,22.77,29255,0
IBTH.US,D,20230427,000000,22.72,22.72,22.66,22.67,30513,0
IBTH.US,D,20230428,000000,22.7361,22.74,22.7,22.74,14217,0
IBTH.US,D,20230501,000000,22.63,22.635,22.56,22.57,21990,0
IBTH.US,D,20230502,000000,22.6,22.74,22.58,22.725,59406,0
IBTH.US,D,20230503,000000,22.77,22.85,22.7698,22.84,218065,0
IBTH.US,D,20230504,000000,22.84,22.98,22.83,22.9,105095,0
IBTH.US,D,20230505,000000,22.81,22.81,22.7578,22.77,16141,0
IBTH.US,D,20230508,000000,22.7,22.75,22.7,22.72,26843,0
IBTH.US,D,20230509,000000,22.72,22.72,22.6817,22.71,31317,0
IBTH.US,D,20230510,000000,22.78,22.84,22.77,22.82,105729,0
IBTH.US,D,20230511,000000,22.91,22.91,22.83,22.85,66560,0
IBTH.US,D,20230512,000000,22.83,22.83,22.75,22.76,15408,0
IBTH.US,D,20230515,000000,22.7301,22.76,22.7301,22.76,29867,0
IBTH.US,D,20230516,000000,22.72,22.72,22.67,22.7,18502,0
IBTH.US,D,20230517,000000,22.7,22.7,22.62,22.65,24078,0
IBTH.US,D,20230518,000000,22.59,22.59,22.54,22.55,138056,0
IBTH.US,D,20230519,000000,22.49,22.58,22.48,22.5,50559,0
IBTH.US,D,20230522,000000,22.51,22.53,22.47,22.4856,50795,0
IBTH.US,D,20230523,000000,22.48,22.51,22.45,22.49,64483,0
IBTH.US,D,20230524,000000,22.52,22.52,22.44,22.46,47928,0
IBTH.US,D,20230525,000000,22.4,22.4101,22.34,22.34,65850,0
IBTH.US,D,20230526,000000,22.3,22.33,22.27,22.3249,24412,0
IBTH.US,D,20230530,000000,22.37,22.43,22.36,22.43,30069,0
IBTH.US,D,20230531,000000,22.46,22.5,22.435,22.49,31821,0
IBTH.US,D,20230601,000000,22.47,22.49,22.46,22.47,24128,0
IBTH.US,D,20230602,000000,22.42,22.42,22.34,22.36,16197,0
IBTH.US,D,20230605,000000,22.31,22.39,22.31,22.36,33341,0
IBTH.US,D,20230606,000000,22.36,22.36,22.326,22.35,25055,0
IBTH.US,D,20230607,000000,22.34,22.3498,22.27,22.28,60441,0
IBTH.US,D,20230608,000000,22.34,22.3699,22.33,22.355,18226,0
IBTH.US,D,20230609,000000,22.3,22.3099,22.29,22.295,32074,0
IBTH.US,D,20230612,000000,22.3,22.33,22.275,22.3206,30041,0
IBTH.US,D,20230613,000000,22.37,22.37,22.2138,22.23,100335,0
IBTH.US,D,20230614,000000,22.29,22.29,22.16,22.22,76702,0
IBTH.US,D,20230615,000000,22.28,22.32,22.2748,22.32,18053,0
IBTH.US,D,20230616,000000,22.23,22.265,22.22,22.24,73830,0
IBTH.US,D,20230620,000000,22.27,22.3,22.27,22.275,39790,0
IBTH.US,D,20230621,000000,22.25,22.29,22.23,22.2759,20727,0
IBTH.US,D,20230622,000000,22.26,22.26,22.21,22.215,36922,0
IBTH.US,D,20230623,000000,22.31,22.31,22.2405,22.255,28046,0
IBTH.US,D,20230626,000000,22.2791,22.2969,22.27,22.29,46572,0
IBTH.US,D,20230627,000000,22.2999,22.2999,22.22,22.225,73967,0
IBTH.US,D,20230628,000000,22.25,22.28,22.22,22.27,74684,0
IBTH.US,D,20230629,000000,22.16,22.17,22.135,22.16,28103,0
IBTH.US,D,20230630,000000,22.14,22.1699,22.13,22.15,25511,0
IBTH.US,D,20230703,000000,22.08,22.1,22.03,22.035,8682,0
IBTH.US,D,20230705,000000,22.04,22.0599,21.99,21.9955,19123,0
IBTH.US,D,20230706,000000,21.89,21.92,21.84,21.915,45561,0
IBTH.US,D,20230707,000000,21.93,21.9877,21.93,21.935,17883,0
IBTH.US,D,20230710,000000,21.975,22.0397,21.975,22.03,19718,0
IBTH.US,D,20230711,000000,22.0225,22.05,22.02,22.02,22866,0
IBTH.US,D,20230712,000000,22.15,22.1899,22.135,22.18,54577,0
IBTH.US,D,20230713,000000,22.2676,22.304,22.245,22.29,28208,0
IBTH.US,D,20230714,000000,22.25,22.27,22.2,22.22,16204,0
IBTH.US,D,20230717,000000,22.23,22.25,22.215,22.23,17111,0
IBTH.US,D,20230718,000000,22.28,22.28,22.22,22.24,182297,0
IBTH.US,D,20230719,000000,22.25,22.27,22.23,22.25,32871,0
IBTH.US,D,20230720,000000,22.19,22.19,22.15,22.18,22858,0
IBTH.US,D,20230721,000000,22.18,22.2,22.1691,22.17,175640,0
IBTH.US,D,20230724,000000,22.19,22.204,22.1278,22.1278,23266,0
IBTH.US,D,20230725,000000,22.0953,22.11,22.0859,22.1,38413,0
IBTH.US,D,20230726,000000,22.13,22.175,22.1,22.16,118516,0
IBTH.US,D,20230727,000000,22.13,22.13,22.0547,22.07,52412,0
IBTH.US,D,20230728,000000,22.1,22.13,22.09,22.1,31512,0
IBTH.US,D,20230731,000000,22.11,22.15,22.11,22.14,36391,0
IBTH.US,D,20230801,000000,22.0299,22.03,21.99,22.01,85459,0
IBTH.US,D,20230802,000000,22.02,22.03,21.98,22.03,27939,0
IBTH.US,D,20230803,000000,21.98,22.01,21.98,21.98,107785,0
IBTH.US,D,20230804,000000,22.068,22.11,22.06,22.11,112539,0
IBTH.US,D,20230807,000000,22.11,22.12,22.09,22.1,32478,0
IBTH.US,D,20230808,000000,22.12,22.159,22.12,22.145,39194,0
IBTH.US,D,20230809,000000,22.1568,22.1598,22.12,22.125,142374,0
IBTH.US,D,20230810,000000,22.15,22.16,22.06,22.0721,45216,0
IBTH.US,D,20230811,000000,22.0296,22.0483,21.995,21.995,23616,0
IBTH.US,D,20230814,000000,21.98,21.99,21.95,21.965,30728,0
IBTH.US,D,20230815,000000,21.97,22.01,21.95,21.97,69237,0
IBTH.US,D,20230816,000000,21.97,21.99,21.9186,21.9246,80408,0
IBTH.US,D,20230817,000000,21.96,21.96,21.9,21.935,23263,0
IBTH.US,D,20230818,000000,21.955,21.99,21.95,21.95,23289,0
IBTH.US,D,20230821,000000,21.93,21.93,21.89,21.9,57027,0
IBTH.US,D,20230822,000000,21.88,21.91,21.8715,21.885,32943,0
IBTH.US,D,20230823,000000,21.95,21.99,21.95,21.98,30012,0
IBTH.US,D,20230824,000000,21.95,21.9782,21.94,21.96,111886,0
IBTH.US,D,20230825,000000,21.925,21.945,21.8909,21.915,18299,0
IBTH.US,D,20230828,000000,21.95,21.96,21.92,21.955,35830,0
IBTH.US,D,20230829,000000,21.94,22.055,21.9393,22.04,64633,0
IBTH.US,D,20230830,000000,22.0762,22.0797,22.04,22.05,19250,0
IBTH.US,D,20230831,000000,22.0691,22.09,22.0522,22.08,57127,0
IBTH.US,D,20230901,000000,22.05,22.05,21.97,21.985,64751,0
IBTH.US,D,20230905,000000,21.96,21.96,21.915,21.925,70485,0
IBTH.US,D,20230906,000000,21.9323,21.9323,21.8616,21.865,62743,0
IBTH.US,D,20230907,000000,21.9,21.93,21.8916,21.93,41832,0
IBTH.US,D,20230908,000000,21.95,21.9665,21.91,21.91,58439,0
IBTH.US,D,20230911,000000,21.9036,21.92,21.9,21.92,139195,0
IBTH.US,D,20230912,000000,21.91,21.91,21.89,21.91,90568,0
IBTH.US,D,20230913,000000,21.9,21.9479,21.9,21.935,44970,0
IBTH.US,D,20230914,000000,21.97,21.97,21.91,21.92,49822,0
IBTH.US,D,20230915,000000,21.91,21.91,21.88,21.88,39502,0
IBTH.US,D,20230918,000000,21.86,21.8985,21.86,21.89,21350,0
IBTH.US,D,20230919,000000,21.87,21.875,21.835,21.84,40761,0
IBTH.US,D,20230920,000000,21.89,21.8933,21.81,21.81,91772,0
IBTH.US,D,20230921,000000,21.79,21.8097,21.78,21.795,74571,0
IBTH.US,D,20230922,000000,21.82,21.8499,21.81,21.835,56405,0
IBTH.US,D,20230925,000000,21.82,21.8399,21.8,21.805,55468,0
IBTH.US,D,20230926,000000,21.83,21.83,21.799,21.807,1332861,0
IBTH.US,D,20230927,000000,21.84,21.84,21.745,21.77,40704,0
IBTH.US,D,20230928,000000,21.79,21.83,21.76,21.82,65883,0
IBTH.US,D,20230929,000000,21.8789,21.8789,21.83,21.85,34474,0
IBTH.US,D,20231002,000000,21.71,21.72,21.6895,21.695,33146,0
IBTH.US,D,20231003,000000,21.69,21.705,21.6316,21.64,58371,0
IBTH.US,D,20231004,000000,21.68,21.72,21.65,21.715,44126,0
IBTH.US,D,20231005,000000,21.76,21.76,21.735,21.755,351415,0
IBTH.US,D,20231006,000000,21.68,21.72,21.67,21.7,63739,0
IBTH.US,D,20231009,000000,21.79,21.85,21.79,21.85,23294,0
IBTH.US,D,20231010,000000,21.8,21.84,21.7801,21.815,56308,0
IBTH.US,D,20231011,000000,21.81,21.8299,21.79,21.81,71089,0
IBTH.US,D,20231012,000000,21.8,21.8,21.74,21.755,95799,0
IBTH.US,D,20231013,000000,21.81,21.81,21.7798,21.79,31797,0
IBTH.US,D,20231016,000000,21.76,21.76,21.73,21.73,104885,0
IBTH.US,D,20231017,000000,21.67,21.67,21.61,21.635,413734,0
IBTH.US,D,20231018,000000,21.63,21.638,21.59,21.61,70949,0
IBTH.US,D,20231019,000000,21.58,21.64,21.58,21.62,80818,0
IBTH.US,D,20231020,000000,21.66,21.71,21.66,21.7,104251,0
IBTH.US,D,20231023,000000,21.68,21.73,21.66,21.73,79056,0
IBTH.US,D,20231024,000000,21.72,21.73,21.685,21.715,103702,0
IBTH.US,D,20231025,000000,21.7,21.7,21.65,21.655,94775,0
IBTH.US,D,20231026,000000,21.69,21.75,21.69,21.75,62084,0
IBTH.US,D,20231027,000000,21.77,21.78,21.74,21.78,137816,0
IBTH.US,D,20231030,000000,21.74,21.76,21.725,21.755,172638,0
IBTH.US,D,20231031,000000,21.75,21.7599,21.7299,21.735,85693,0
IBTH.US,D,20231101,000000,21.69,21.7885,21.67,21.7741,193158,0
IBTH.US,D,20231102,000000,21.82,21.835,21.7791,21.79,210758,0
IBTH.US,D,20231103,000000,21.91,21.93,21.8783,21.91,80603,0
IBTH.US,D,20231106,000000,21.84,21.86,21.81,21.83,139950,0
IBTH.US,D,20231107,000000,21.85,21.89,21.845,21.8746,135672,0
IBTH.US,D,20231108,000000,21.87,21.89,21.86,21.875,105011,0
IBTH.US,D,20231109,000000,21.88,21.88,21.7901,21.795,584901,0
IBTH.US,D,20231110,000000,21.85,21.85,21.78,21.795,106511,0
IBTH.US,D,20231113,000000,21.77,21.8,21.75,21.795,68223,0
IBTH.US,D,20231114,000000,21.95,21.985,21.94,21.975,70040,0
IBTH.US,D,20231115,000000,21.93,21.93,21.88,21.9,161270,0
IBTH.US,D,20231116,000000,21.97,21.99,21.96,21.975,155752,0
IBTH.US,D,20231117,000000,21.98,21.98,21.94,21.955,434650,0
IBTH.US,D,20231120,000000,21.96,21.97,21.93,21.965,137202,0
IBTH.US,D,20231121,000000,21.99,22.0044,21.975,21.985,383311,0
IBTH.US,D,20231122,000000,22,22,21.9519,21.975,715772,0
IBTH.US,D,20231124,000000,21.94,21.95,21.93,21.935,44105,0
IBTH.US,D,20231127,000000,21.97,22.0086,21.96,22.005,341464,0
IBTH.US,D,20231128,000000,22.01,22.09,22,22.0848,382686,0
IBTH.US,D,20231129,000000,22.14,22.1682,22.12,22.145,148111,0
IBTH.US,D,20231130,000000,22.13,22.13,22.0844,22.0973,3385378,0
IBTH.US,D,20231201,000000,22.06,22.17,22.05,22.15,703295,0
IBTH.US,D,20231204,000000,22.12,22.125,22.08,22.1,164100,0
IBTH.US,D,20231205,000000,22.14,22.17,22.12,22.165,124578,0
IBTH.US,D,20231206,000000,22.18,22.18,22.1599,22.17,121722,0
IBTH.US,D,20231207,000000,22.18,22.21,22.17,22.18,391104,0
IBTH.US,D,20231208,000000,22.12,22.1299,22.0731,22.09,600944,0
IBTH.US,D,20231211,000000,22.07,22.1,22.05,22.1,271377,0
IBTH.US,D,20231212,000000,22.1,22.125,22.08,22.11,1212042,0
IBTH.US,D,20231213,000000,22.135,22.3101,22.1219,22.31,1862868,0
IBTH.US,D,20231214,000000,22.29,22.34,22.29,22.31,778330,0
IBTH.US,D,20231215,000000,22.27,22.3055,22.2615,22.28,2772991,0
IBTH.US,D,20231218,000000,22.29,22.29,22.25,22.27,373248,0
IBTH.US,D,20231219,000000,22.26,22.29,22.26,22.2748,169742,0
IBTH.US,D,20231220,000000,22.32,22.338,22.29,22.3349,162207,0
IBTH.US,D,20231221,000000,22.36,22.38,22.3229,22.3352,190646,0
IBTH.US,D,20231222,000000,22.37,22.37,22.33,22.345,144755,0
IBTH.US,D,20231226,000000,22.34,22.35,22.32,22.3378,483560,0
IBTH.US,D,20231227,000000,22.36,22.41,22.36,22.405,305546,0
IBTH.US,D,20231228,000000,22.38,22.41,22.37,22.3849,259726,0
IBTH.US,D,20231229,000000,22.35,22.4,22.35,22.3897,91687,0
IBTH.US,D,20240102,000000,22.34,22.35,22.33,22.335,190193,0
IBTH.US,D,20240103,000000,22.31,22.36,22.2901,22.355,112233,0
IBTH.US,D,20240104,000000,22.32,22.32,22.2908,22.305,181018,0
IBTH.US,D,20240105,000000,22.28,22.3496,22.27,22.28,152952,0
IBTH.US,D,20240108,000000,22.29,22.3681,22.29,22.3248,198482,0
IBTH.US,D,20240109,000000,22.3,22.35,22.3,22.325,312741,0
IBTH.US,D,20240110,000000,22.36,22.36,22.31,22.3248,198452,0
IBTH.US,D,20240111,000000,22.36,22.41,22.345,22.405,143712,0
IBTH.US,D,20240112,000000,22.45,22.4877,22.44,22.4649,269270,0
IBTH.US,D,20240116,000000,22.42,22.45,22.38,22.405,143255,0
IBTH.US,D,20240117,000000,22.34,22.34,22.3104,22.325,237457,0
IBTH.US,D,20240118,000000,22.33,22.3479,22.31,22.32,132445,0
IBTH.US,D,20240119,000000,22.31,22.31,22.2863,22.2953,215390,0
IBTH.US,D,20240122,000000,22.32,22.35,22.32,22.3349,604199,0
IBTH.US,D,20240123,000000,22.33,22.33,22.31,22.33,207401,0
IBTH.US,D,20240124,000000,22.35,22.36,22.29,22.3,205171,0
IBTH.US,D,20240125,000000,22.34,22.36,22.325,22.35,161805,0
IBTH.US,D,20240126,000000,22.35,22.35,22.32,22.335,153787,0
IBTH.US,D,20240129,000000,22.36,22.39,22.352,22.3848,87476,0
IBTH.US,D,20240130,000000,22.38,22.39,22.34,22.355,166965,0
IBTH.US,D,20240131,000000,22.43,22.47,22.41,22.46,257446,0
IBTH.US,D,20240201,000000,22.43,22.46,22.4,22.41,181127,0
IBTH.US,D,20240202,000000,22.3,22.3179,22.26,22.285,296649,0
IBTH.US,D,20240205,000000,22.24,22.24,22.19,22.195,236209,0
IBTH.US,D,20240206,000000,22.21,22.27,22.21,22.2551,254334,0
IBTH.US,D,20240207,000000,22.26,22.2886,22.24,22.245,99793,0
IBTH.US,D,20240208,000000,22.24,22.24,22.21,22.215,95981,0
IBTH.US,D,20240209,000000,22.2,22.21,22.1801,22.205,131664,0
IBTH.US,D,20240212,000000,22.22,22.23,22.2,22.215,75903,0
IBTH.US,D,20240213,000000,22.13,22.13,22.07,22.075,114029,0
IBTH.US,D,20240214,000000,22.11,22.15,22.1,22.1349,172658,0
IBTH.US,D,20240215,000000,22.19,22.19,22.15,22.17,355290,0
IBTH.US,D,20240216,000000,22.09,22.12,22.0801,22.1,157007,0
IBTH.US,D,20240220,000000,22.15,22.17,22.14,22.15,218433,0
IBTH.US,D,20240221,000000,22.16,22.16,22.1,22.115,398545,0
IBTH.US,D,20240222,000000,22.11,22.12,22.08,22.08,261190,0
IBTH.US,D,20240223,000000,22.1,22.13,22.09,22.12,214861,0
IBTH.US,D,20240226,000000,22.1,22.115,22.08,22.09,99512,0
IBTH.US,D,20240227,000000,22.1,22.1199,22.08,22.09,178989,0
IBTH.US,D,20240228,000000,22.12,22.14,22.1036,22.14,152443,0
IBTH.US,D,20240229,000000,22.15,22.17,22.14,22.15,220866,0
IBTH.US,D,20240301,000000,22.1,22.16,22.065,22.14,149760,0
IBTH.US,D,20240304,000000,22.1169,22.14,22.1,22.11,151554,0
IBTH.US,D,20240305,000000,22.16,22.17,22.13,22.16,155491,0
IBTH.US,D,20240306,000000,22.17,22.199,22.15,22.155,185231,0
IBTH.US,D,20240307,000000,22.2,22.21,22.18,22.21,158608,0
IBTH.US,D,20240308,000000,22.24,22.2401,22.21,22.2151,153381,0
IBTH.US,D,20240311,000000,22.22,22.22,22.19,22.195,156541,0
IBTH.US,D,20240312,000000,22.18,22.18,22.15,22.16,124822,0
IBTH.US,D,20240313,000000,22.14,22.16,22.13,22.14,137130,0
IBTH.US,D,20240314,000000,22.11,22.11,22.07,22.085,134091,0
IBTH.US,D,20240315,000000,22.06,22.0685,22.05,22.06,130777,0
IBTH.US,D,20240318,000000,22.06,22.06,22.03,22.05,100659,0
IBTH.US,D,20240319,000000,22.08,22.09,22.065,22.08,94359,0
IBTH.US,D,20240320,000000,22.09,22.1399,22.08,22.13,138561,0
IBTH.US,D,20240321,000000,22.15,22.15,22.12,22.13,154564,0
IBTH.US,D,20240322,000000,22.16,22.18,22.16,22.17,143609,0
IBTH.US,D,20240325,000000,22.17,22.17,22.14,22.15,94346,0
IBTH.US,D,20240326,000000,22.14,22.16,22.13,22.155,159284,0
IBTH.US,D,20240327,000000,22.18,22.21,22.17,22.19,263192,0
IBTH.US,D,20240328,000000,22.16,22.17,22.14,22.16,229527,0
IBTH.US,D,20240401,000000,22.09,22.09,22,22,135101,0
IBTH.US,D,20240402,000000,22,22.02,21.99,22.015,204094,0
IBTH.US,D,20240403,000000,22,22.04,21.9801,22.0272,121638,0
IBTH.US,D,20240404,000000,22.045,22.08,22.03,22.075,148856,0
IBTH.US,D,20240405,000000,22.01,22.04,21.99,22.0049,308605,0
IBTH.US,D,20240408,000000,21.98,21.99,21.965,21.98,93118,0
IBTH.US,D,20240409,000000,22,22.025,21.99,22.015,118578,0
IBTH.US,D,20240410,000000,21.89,21.89,21.835,21.845,155347,0
IBTH.US,D,20240411,000000,21.87,21.88,21.85,21.865,85812,0
IBTH.US,D,20240412,000000,21.9,21.93,21.9,21.9106,179736,0
IBTH.US,D,20240415,000000,21.85,21.875,21.83,21.8654,74303,0
IBTH.US,D,20240416,000000,21.85,21.8599,21.825,21.835,162260,0
IBTH.US,D,20240417,000000,21.86,21.9,21.85,21.885,121352,0
IBTH.US,D,20240418,000000,21.89,21.89,21.85,21.855,104395,0
IBTH.US,D,20240419,000000,21.865,21.87,21.85,21.86,130667,0
IBTH.US,D,20240422,000000,21.86,21.89,21.86,21.875,88995,0
IBTH.US,D,20240423,000000,21.86,21.92,21.8563,21.905,96855,0
IBTH.US,D,20240424,000000,21.89,21.89,21.87,21.885,147567,0
IBTH.US,D,20240425,000000,21.85,21.86,21.8301,21.855,173725,0
IBTH.US,D,20240426,000000,21.8773,21.88,21.86,21.865,159012,0
IBTH.US,D,20240429,000000,21.87,21.9,21.87,21.885,90786,0
IBTH.US,D,20240430,000000,21.86,21.87,21.84,21.8451,406170,0
IBTH.US,D,20240501,000000,21.8,21.85,21.79,21.83,131125,0
IBTH.US,D,20240502,000000,21.85,21.89,21.83,21.885,152955,0
IBTH.US,D,20240503,000000,21.97,21.97,21.92,21.9449,189868,0
IBTH.US,D,20240506,000000,21.96,21.96,21.93,21.9449,115883,0
IBTH.US,D,20240507,000000,21.96,21.97,21.94,21.945,199640,0
IBTH.US,D,20240508,000000,21.95,21.95,21.93,21.94,197617,0
IBTH.US,D,20240509,000000,21.96,21.9799,21.95,21.975,189284,0
IBTH.US,D,20240510,000000,21.94,21.955,21.93,21.9448,93010,0
IBTH.US,D,20240513,000000,21.97,21.97,21.94,21.945,82906,0
IBTH.US,D,20240514,000000,21.971,21.98,21.96,21.975,115578,0
IBTH.US,D,20240515,000000,22.03,22.05,22.02,22.045,85042,0
IBTH.US,D,20240516,000000,22.05,22.05,22.02,22.025,96217,0
IBTH.US,D,20240517,000000,22.01,22.02,22,22.005,170010,0
IBTH.US,D,20240520,000000,21.99,22,21.98,21.98,271274,0
IBTH.US,D,20240521,000000,22.01,22.02,22,22.005,81143,0
IBTH.US,D,20240522,000000,21.99,22,21.97,21.9849,138272,0
IBTH.US,D,20240523,000000,21.98,21.99,21.94,21.955,189545,0
IBTH.US,D,20240524,000000,21.95,21.96,21.945,21.955,69753,0
IBTH.US,D,20240528,000000,21.975,21.98,21.92,21.92,208703,0
IBTH.US,D,20240529,000000,21.91,21.9187,21.89,21.905,104272,0
IBTH.US,D,20240530,000000,21.94,21.95,21.93,21.945,127392,0
IBTH.US,D,20240531,000000,21.97,22.02,21.96,22,892572,0
IBTH.US,D,20240603,000000,21.92,21.96,21.92,21.955,318976,0
IBTH.US,D,20240604,000000,21.97,22.01,21.97,22,169683,0
IBTH.US,D,20240605,000000,22,22.04,21.99,22.03,103241,0
IBTH.US,D,20240606,000000,22.03,22.05,22.02,22.0448,128213,0
IBTH.US,D,20240607,000000,21.97,21.97,21.94,21.9548,120161,0
IBTH.US,D,20240610,000000,21.95,21.95,21.9313,21.95,185107,0
IBTH.US,D,20240611,000000,21.97,21.99,21.96,21.98,375110,0
IBTH.US,D,20240612,000000,22.09,22.09,22.02,22.02,161504,0
IBTH.US,D,20240613,000000,22.07,22.1,22.07,22.08,64942,0
IBTH.US,D,20240614,000000,22.09,22.1,22.09,22.095,203422,0
IBTH.US,D,20240617,000000,22.07,22.07,22.05,22.05,137439,0
IBTH.US,D,20240618,000000,22.09,22.12,22.08,22.09,149687,0
IBTH.US,D,20240620,000000,22.07,22.09,22.06,22.08,138257,0
IBTH.US,D,20240621,000000,22.12,22.12,22.08,22.08,83793,0
IBTH.US,D,20240624,000000,22.1,22.1,22.08,22.09,93846,0
IBTH.US,D,20240625,000000,22.09,22.1,22.08,22.09,169823,0
IBTH.US,D,20240626,000000,22.08,22.08,22.05,22.05,140838,0
IBTH.US,D,20240627,000000,22.08,22.0999,22.0797,22.085,110794,0
IBTH.US,D,20240628,000000,22.12,22.1298,22.07,22.075,157516,0
IBTH.US,D,20240701,000000,21.97,21.98,21.95,21.96,135441,0
IBTH.US,D,20240702,000000,22,22.01,21.98,21.9941,197132,0
IBTH.US,D,20240703,000000,22.01,22.05,22,22.035,222976,0
IBTH.US,D,20240705,000000,22.09,22.11,22.07,22.095,130537,0
IBTH.US,D,20240708,000000,22.1,22.1,22.08,22.1,115949,0
IBTH.US,D,20240709,000000,22.08,22.1,22.07,22.09,116279,0
IBTH.US,D,20240710,000000,22.11,22.12,22.09,22.105,185864,0
IBTH.US,D,20240711,000000,22.16,22.195,22.16,22.18,305639,0
IBTH.US,D,20240712,000000,22.2,22.22,22.18,22.215,148021,0
IBTH.US,D,20240715,000000,22.22,22.225,22.2,22.22,158533,0
IBTH.US,D,20240716,000000,22.22,22.2399,22.2005,22.235,210590,0
IBTH.US,D,20240717,000000,22.21,22.25,22.21,22.235,223544,0
IBTH.US,D,20240718,000000,22.22,22.24,22.21,22.215,276895,0
IBTH.US,D,20240719,000000,22.1956,22.21,22.19,22.205,107479,0
IBTH.US,D,20240722,000000,22.19,22.2,22.17,22.195,693848,0
IBTH.US,D,20240723,000000,22.19,22.22,22.19,22.22,394746,0
IBTH.US,D,20240724,000000,22.25,22.26,22.22,22.225,271724,0
IBTH.US,D,20240725,000000,22.22,22.255,22.21,22.21,196112,0
IBTH.US,D,20240726,000000,22.27,22.27,22.25,22.26,143289,0
IBTH.US,D,20240729,000000,22.28,22.28,22.26,22.275,188996,0
IBTH.US,D,20240730,000000,22.28,22.3,22.26,22.28,197945,0
IBTH.US,D,20240731,000000,22.31,22.355,22.27,22.3459,345487,0
IBTH.US,D,20240801,000000,22.3,22.3499,22.29,22.33,218367,0
IBTH.US,D,20240802,000000,22.46,22.515,22.44,22.515,174929,0
IBTH.US,D,20240805,000000,22.57,22.6,22.47,22.49,373644,0
IBTH.US,D,20240806,000000,22.47,22.49,22.42,22.445,123687,0
IBTH.US,D,20240807,000000,22.42,22.44,22.4,22.44,272601,0
IBTH.US,D,20240808,000000,22.39,22.41,22.38,22.405,254676,0
IBTH.US,D,20240809,000000,22.42,22.4374,22.4,22.405,178329,0
IBTH.US,D,20240812,000000,22.4,22.45,22.4,22.445,163870,0
IBTH.US,D,20240813,000000,22.47,22.49,22.47,22.485,164260,0
IBTH.US,D,20240814,000000,22.48,22.51,22.47,22.495,176946,0
IBTH.US,D,20240815,000000,22.42,22.42,22.39,22.4,302232,0
IBTH.US,D,20240816,000000,22.44,22.44,22.4,22.44,277726,0
IBTH.US,D,20240819,000000,22.43,22.45,22.43,22.435,125176,0
IBTH.US,D,20240820,000000,22.46,22.48,22.46,22.47,135536,0
IBTH.US,D,20240821,000000,22.5,22.54,22.485,22.525,175030,0
IBTH.US,D,20240822,000000,22.48,22.49,22.47,22.475,222304,0
IBTH.US,D,20240823,000000,22.485,22.54,22.475,22.535,98368,0
IBTH.US,D,20240826,000000,22.55,22.55,22.52,22.53,127606,0
IBTH.US,D,20240827,000000,22.52,22.55,22.51,22.55,191720,0
IBTH.US,D,20240828,000000,22.54,22.55,22.53,22.53,266686,0
IBTH.US,D,20240829,000000,22.53,22.53,22.51,22.525,186288,0
IBTH.US,D,20240830,000000,22.53,22.54,22.51,22.515,183571,0
IBTH.US,D,20240903,000000,22.47,22.4865,22.46,22.475,190785,0
IBTH.US,D,20240904,000000,22.49,22.54,22.49,22.535,262710,0
IBTH.US,D,20240905,000000,22.57,22.57,22.53,22.55,203049,0
IBTH.US,D,20240906,000000,22.58,22.635,22.545,22.605,305899,0
IBTH.US,D,20240909,000000,22.6,22.62,22.592,22.61,231858,0
IBTH.US,D,20240910,000000,22.61,22.66,22.61,22.65,236601,0
IBTH.US,D,20240911,000000,22.63,22.6797,22.6201,22.635,322799,0
IBTH.US,D,20240912,000000,22.63,22.64,22.61,22.6349,164578,0
IBTH.US,D,20240913,000000,22.68,22.68,22.655,22.665,144228,0
IBTH.US,D,20240916,000000,22.68,22.69,22.6717,22.685,106180,0
IBTH.US,D,20240917,000000,22.67,22.67,22.65,22.665,156752,0
IBTH.US,D,20240918,000000,22.65,22.695,22.625,22.65,259510,0
IBTH.US,D,20240919,000000,22.65,22.66,22.6422,22.65,166748,0
IBTH.US,D,20240920,000000,22.63,22.68,22.63,22.675,200389,0
IBTH.US,D,20240923,000000,22.66,22.68,22.6407,22.665,143508,0
IBTH.US,D,20240924,000000,22.66,22.695,22.65,22.685,441983,0
IBTH.US,D,20240925,000000,22.68,22.68,22.66,22.665,443642,0
IBTH.US,D,20240926,000000,22.66,22.66,22.63,22.635,224684,0
IBTH.US,D,20240927,000000,22.66,22.68,22.65,22.675,180197,0
IBTH.US,D,20240930,000000,22.67,22.67,22.63,22.635,223734,0
IBTH.US,D,20241001,000000,22.59,22.61,22.58,22.585,452412,0
IBTH.US,D,20241002,000000,22.57,22.58,22.555,22.575,117698,0
IBTH.US,D,20241003,000000,22.56,22.56,22.53,22.535,166297,0
IBTH.US,D,20241004,000000,22.45,22.46,22.41,22.415,219327,0
IBTH.US,D,20241007,000000,22.38,22.3986,22.37,22.39,224351,0
IBTH.US,D,20241008,000000,22.37,22.405,22.37,22.4,135327,0
IBTH.US,D,20241009,000000,22.38,22.39,22.37,22.37,149361,0
IBTH.US,D,20241010,000000,22.4,22.409,22.37,22.4,213370,0
IBTH.US,D,20241011,000000,22.41,22.4299,22.4019,22.425,99580,0
IBTH.US,D,20241014,000000,22.35,22.41,22.35,22.3954,135997,0
IBTH.US,D,20241015,000000,22.44,22.44,22.41,22.425,310767,0
IBTH.US,D,20241016,000000,22.44,22.45,22.43,22.435,222821,0
IBTH.US,D,20241017,000000,22.41,22.42,22.4,22.415,119720,0
IBTH.US,D,20241018,000000,22.44,22.44,22.42,22.435,138471,0
IBTH.US,D,20241021,000000,22.42,22.42,22.38,22.385,202163,0
IBTH.US,D,20241022,000000,22.4,22.4,22.37,22.375,163345,0
IBTH.US,D,20241023,000000,22.37,22.37,22.35,22.355,191342,0
IBTH.US,D,20241024,000000,22.35,22.38,22.35,22.365,133302,0
IBTH.US,D,20241025,000000,22.39,22.39,22.35,22.355,140228,0
IBTH.US,D,20241028,000000,22.35,22.36,22.32,22.335,108500,0
IBTH.US,D,20241029,000000,22.3,22.35,22.3,22.345,231916,0
IBTH.US,D,20241030,000000,22.34,22.365,22.31,22.32,119366,0
IBTH.US,D,20241031,000000,22.3,22.33,22.2817,22.315,153122,0
IBTH.US,D,20241101,000000,22.28,22.28,22.22,22.23,368836,0
IBTH.US,D,20241104,000000,22.27,22.27,22.24,22.245,193892,0
