<TICKER>,<PER>,<DATE>,<TIME>,<OPEN>,<HIGH>,<LOW>,<CLOSE>,<VOL>,<OPENINT>
IBTI.US,D,20200302,000000,25.3884,25.3884,25.3485,25.3485,707.21081457872,0
IBTI.US,D,20200303,000000,25.6067,25.7353,25.5669,25.5669,14880.518047462,0
IBTI.US,D,20200304,000000,25.5967,25.5967,25.5569,25.5569,5345.7112494894,0
IBTI.US,D,20200305,000000,25.6954,25.7452,25.6954,25.7452,907.8379960195,0
IBTI.US,D,20200306,000000,26.0722,26.0722,25.9765,25.9765,5507.2161305492,0
IBTI.US,D,20200309,000000,26.489,26.489,26.2557,26.2557,11397.63017765,0
IBTI.US,D,20200310,000000,26.1122,26.2208,25.8539,25.8539,8018.0653062805,0
IBTI.US,D,20200311,000000,25.9725,25.9825,25.7054,25.7652,17247.918788463,0
IBTI.US,D,20200312,000000,25.844,25.9875,25.5768,25.5768,26428.618611193,0
IBTI.US,D,20200313,000000,25.4282,25.6067,25.4084,25.4322,5546.3384309302,0
IBTI.US,D,20200316,000000,25.824,25.9775,25.7752,25.9775,22739.084744497,0
IBTI.US,D,20200317,000000,25.6067,25.6067,25.4482,25.4482,6051.9189281609,0
IBTI.US,D,20200318,000000,25.3087,25.3087,25.0126,25.0424,3409.6589485859,0
IBTI.US,D,20200319,000000,25.2489,25.3784,25.2089,25.2089,6272.6088277458,0
IBTI.US,D,20200320,000000,25.5369,25.5768,25.5369,25.5768,2440.629662227,0
IBTI.US,D,20200323,000000,25.9925,26.0224,25.9925,26.0224,727.2735327228,0
IBTI.US,D,20200325,000000,25.814,25.824,25.814,25.824,401.25436288155,0
IBTI.US,D,20200327,000000,26.0423,26.161,26.0423,26.161,186.58327873992,0
IBTI.US,D,20200330,000000,26.3503,26.466,26.1769,26.1769,245561.65126806,0
IBTI.US,D,20200331,000000,26.3005,26.449,26.2457,26.2457,5540.3196154869,0
IBTI.US,D,20200401,000000,26.3902,27.8876,26.3265,26.3265,85930.628082897,0
IBTI.US,D,20200402,000000,26.3703,26.3703,26.2905,26.3165,1637.1178005567,0
IBTI.US,D,20200403,000000,26.3305,26.469,26.2806,26.3404,2118.6230360146,0
IBTI.US,D,20200406,000000,26.2258,26.2706,26.161,26.2058,1111.4745851819,0
IBTI.US,D,20200408,000000,26.1022,26.1022,26.0922,26.0922,414.2951296752,0
IBTI.US,D,20200409,000000,26.171,26.171,26.121,26.136,1339.1864361172,0
IBTI.US,D,20200415,000000,26.3503,26.3503,26.3434,26.3434,532.66516672525,0
IBTI.US,D,20200416,000000,26.3902,26.3902,26.3643,26.3643,455.42370187055,0
IBTI.US,D,20200417,000000,26.4102,26.4102,26.3095,26.3095,765.39269719655,0
IBTI.US,D,20200420,000000,26.3503,26.3703,26.3503,26.3703,763.38642538214,0
IBTI.US,D,20200421,000000,26.449,26.449,26.4291,26.444,337.0536648205,0
IBTI.US,D,20200424,000000,26.4002,26.4102,26.3853,26.3853,458.43310959217,0
IBTI.US,D,20200427,000000,26.3005,26.3105,26.3005,26.3105,583.82509799265,0
IBTI.US,D,20200429,000000,26.4102,26.4102,26.3205,26.3464,852.66552112329,0
IBTI.US,D,20200430,000000,26.4291,26.4291,26.3195,26.3404,2787.7146861195,0
IBTI.US,D,20200504,000000,26.3055,26.3205,26.3055,26.3155,447.39861461292,0
IBTI.US,D,20200505,000000,26.3205,26.3205,26.3005,26.3005,434.35784781927,0
IBTI.US,D,20200506,000000,26.2058,26.2208,26.2058,26.2208,572.79060301341,0
IBTI.US,D,20200507,000000,26.3703,26.3703,26.3583,26.3603,1155.6125650989,0
IBTI.US,D,20200508,000000,26.3503,26.3503,26.3503,26.3503,425.32962465444,0
IBTI.US,D,20200511,000000,26.2307,26.2307,26.2218,26.2218,328.02544165566,0
IBTI.US,D,20200512,000000,26.2706,26.3055,26.2706,26.3055,258.8090640586,0
IBTI.US,D,20200513,000000,26.3803,26.3803,26.3503,26.3503,292.91568490353,0
IBTI.US,D,20200518,000000,26.2307,26.2307,26.2208,26.2208,220.68989958485,0
IBTI.US,D,20200521,000000,26.3005,26.3005,26.3005,26.3005,374.16969338704,0
IBTI.US,D,20200522,000000,26.3603,26.3603,26.3454,26.3454,273.85610266666,0
IBTI.US,D,20200526,000000,26.2905,26.2955,26.2905,26.2955,201.63031734798,0
IBTI.US,D,20200528,000000,26.3105,26.3105,26.2905,26.2905,456.42683777776,0
IBTI.US,D,20200529,000000,26.3753,26.3803,26.3703,26.3803,961.0041991013,0
IBTI.US,D,20200601,000000,26.3404,26.3454,26.3305,26.3454,594.85959297189,0
IBTI.US,D,20200603,000000,26.1809,26.1809,26.166,26.166,1644.1397519071,0
IBTI.US,D,20200604,000000,26.0692,26.0772,26.0692,26.0772,1553.8575202588,0
IBTI.US,D,20200608,000000,25.9625,26.0025,25.9625,25.9695,705.20454276432,0
IBTI.US,D,20200609,000000,26.0623,26.0623,26.0573,26.0573,413.29199376799,0
IBTI.US,D,20200610,000000,26.16,26.2347,26.16,26.2347,429.34216828325,0
IBTI.US,D,20200612,000000,26.3105,26.3105,26.2657,26.2657,417.30453739681,0
IBTI.US,D,20200616,000000,26.2357,26.2357,26.1899,26.2058,3240.1289802685,0
IBTI.US,D,20200617,000000,26.1909,26.2407,26.1909,26.2347,731.28607635162,0
IBTI.US,D,20200618,000000,26.2955,26.2955,26.2855,26.2855,557.74356440535,0
IBTI.US,D,20200622,000000,26.2905,26.2905,26.2706,26.2796,770.40837673257,0
IBTI.US,D,20200623,000000,26.2507,26.2607,26.2507,26.2607,290.90941308912,0
IBTI.US,D,20200624,000000,26.3205,26.3205,26.3155,26.3155,327.02230574846,0
IBTI.US,D,20200626,000000,26.4002,26.4002,26.3893,26.3893,205.64286097679,0
IBTI.US,D,20200630,000000,26.4291,26.4291,26.3703,26.3803,963.01047091571,0
IBTI.US,D,20200702,000000,26.3305,26.3404,26.3305,26.3404,651.03520377531,0
IBTI.US,D,20200708,000000,26.3703,26.3703,26.3603,26.3643,876.74078289618,0
IBTI.US,D,20200709,000000,26.3803,26.3803,26.3803,26.3803,579.81255436383,0
IBTI.US,D,20200710,000000,26.449,26.449,26.3803,26.3803,1059.3115180073,0
IBTI.US,D,20200713,000000,26.3703,26.3703,26.3703,26.3703,1120.5028083467,0
IBTI.US,D,20200715,000000,26.4002,26.4391,26.4002,26.4002,1315.1111743443,0
IBTI.US,D,20200717,000000,26.4202,26.4202,26.4192,26.4192,229.71812274969,0
IBTI.US,D,20200720,000000,26.4152,26.4291,26.4152,26.4251,694.17004778507,0
IBTI.US,D,20200721,000000,26.449,26.469,26.449,26.457,60650.600085453,0
IBTI.US,D,20200722,000000,26.459,26.459,26.457,26.457,2285.1435966104,0
IBTI.US,D,20200723,000000,26.479,26.4989,26.479,26.479,15924.782526862,0
IBTI.US,D,20200724,000000,26.479,26.479,26.474,26.474,231.72439456409,0
IBTI.US,D,20200727,000000,26.469,26.469,26.4291,26.4291,861.69374428812,0
IBTI.US,D,20200728,000000,26.469,26.4979,26.469,26.4979,697.17945550669,0
IBTI.US,D,20200729,000000,26.4989,26.5188,26.4989,26.5188,597.8690006935,0
IBTI.US,D,20200730,000000,26.5587,26.5687,26.5488,26.5637,2749.5955216458,0
IBTI.US,D,20200731,000000,26.5787,26.5787,26.5777,26.5777,516.61499220999,0
IBTI.US,D,20200803,000000,26.5288,26.5288,26.5288,26.5288,525.64321537483,0
IBTI.US,D,20200804,000000,26.6085,26.6185,26.6085,26.6185,290.90941308912,0
IBTI.US,D,20200805,000000,26.5787,26.5787,26.5488,26.5488,739.31116360925,0
IBTI.US,D,20200806,000000,26.6185,26.6185,26.5687,26.5687,707.21081457872,0
IBTI.US,D,20200807,000000,26.5488,26.5488,26.5228,26.5228,837.61848251523,0
IBTI.US,D,20200810,000000,26.5587,26.5587,26.489,26.489,703.19827094991,0
IBTI.US,D,20200811,000000,26.3902,26.4331,26.3703,26.4291,1054.2958384713,0
IBTI.US,D,20200812,000000,26.3503,26.3723,26.3205,26.3723,2173.7955109108,0
IBTI.US,D,20200813,000000,26.3005,26.3005,26.2855,26.2855,1024.2017612551,0
IBTI.US,D,20200814,000000,26.3404,26.3503,26.3205,26.3205,825.58085162878,0
IBTI.US,D,20200817,000000,26.3603,26.3603,26.3603,26.3603,284.8905976459,0
IBTI.US,D,20200819,000000,26.3803,26.3803,26.3663,26.3663,361.12892659339,0
IBTI.US,D,20200820,000000,26.4291,26.4391,26.4291,26.4391,987.0857326886,0
IBTI.US,D,20200824,000000,26.4391,26.449,26.4102,26.4102,614.92231111597,0
IBTI.US,D,20200826,000000,26.3205,26.3503,26.3205,26.3503,564.76551575578,0
IBTI.US,D,20200827,000000,26.3305,26.3305,26.2706,26.2706,1835.7387101831,0
IBTI.US,D,20200831,000000,26.3703,26.3803,26.3703,26.3803,672.10105782659,0
IBTI.US,D,20200901,000000,26.3703,26.3902,26.3523,26.3902,4244.2680233796,0
IBTI.US,D,20200902,000000,26.4291,26.4291,26.4202,26.4202,396.23868334553,0
IBTI.US,D,20200903,000000,26.479,26.479,26.479,26.479,739.31116360925,0
IBTI.US,D,20200904,000000,26.3902,26.3902,26.3404,26.3404,721.25471727958,0
IBTI.US,D,20200908,000000,26.3902,26.4002,26.3803,26.3803,716.23903774356,0
IBTI.US,D,20200909,000000,26.3803,26.3803,26.3703,26.3703,476.48955592184,0
IBTI.US,D,20200914,000000,26.4291,26.4291,26.4102,26.4102,430.34530419046,0
IBTI.US,D,20200915,000000,26.4002,26.4092,26.4002,26.4092,450.40802233454,0
IBTI.US,D,20200916,000000,26.4391,26.4391,26.3952,26.3952,656.05088331133,0
IBTI.US,D,20200917,000000,26.4202,26.4202,26.4002,26.4002,408.27631423197,0
IBTI.US,D,20200918,000000,26.4102,26.4102,26.3803,26.3803,241.75575363613,0
IBTI.US,D,20200921,000000,26.449,26.449,26.4202,26.4202,352.10070342856,0
IBTI.US,D,20200922,000000,26.4291,26.449,26.4202,26.4202,858.68433656651,0
IBTI.US,D,20200923,000000,26.4002,26.4002,26.4002,26.4002,482.50837136506,0
IBTI.US,D,20200924,000000,26.4202,26.4391,26.4202,26.4291,434.35784781927,0
IBTI.US,D,20200925,000000,26.459,26.459,26.4391,26.449,984.07632496699,0
IBTI.US,D,20200928,000000,26.449,26.449,26.449,26.449,1251.9136121904,0
IBTI.US,D,20200929,000000,26.489,26.489,26.459,26.459,469.46760457141,0
IBTI.US,D,20200930,000000,26.4102,26.4102,26.4002,26.4042,907.8379960195,0
IBTI.US,D,20201001,000000,26.3503,26.4202,26.3503,26.4202,1947.0867958827,0
IBTI.US,D,20201005,000000,26.2905,26.2905,26.2905,26.2905,423.32335284003,0
IBTI.US,D,20201007,000000,26.2507,26.2507,26.2307,26.2307,684.13868871304,0
IBTI.US,D,20201008,000000,26.2607,26.2706,26.2607,26.2706,262.82160768741,0
IBTI.US,D,20201009,000000,26.2905,26.2905,26.2507,26.2547,1292.0390484786,0
IBTI.US,D,20201012,000000,26.2407,26.2407,26.2407,26.2407,505.58049723075,0
IBTI.US,D,20201015,000000,26.3503,26.3603,26.3105,26.3205,1001.1296353895,0
IBTI.US,D,20201016,000000,26.3105,26.3305,26.3005,26.3005,2182.8237340756,0
IBTI.US,D,20201019,000000,26.2607,26.2796,26.2607,26.2706,669.09165010498,0
IBTI.US,D,20201020,000000,26.2507,26.2607,26.2108,26.2208,24037.142608419,0
IBTI.US,D,20201021,000000,26.2008,26.2108,26.1958,26.1958,473.48014820022,0
IBTI.US,D,20201022,000000,26.141,26.151,26.139,26.151,4360.6317886152,0
IBTI.US,D,20201023,000000,26.121,26.121,26.121,26.121,406.27004241757,0
IBTI.US,D,20201026,000000,26.2108,26.2208,26.2108,26.2208,1179.6878268717,0
IBTI.US,D,20201030,000000,26.2108,26.2208,26.2108,26.2208,380.18850883026,0
IBTI.US,D,20201102,000000,26.131,26.131,26.0932,26.0932,1487.6505503833,0
IBTI.US,D,20201103,000000,26.0722,26.0722,26.0423,26.0583,646.01952423929,0
IBTI.US,D,20201104,000000,26.2307,26.2407,26.2307,26.2357,518.6212640244,0
IBTI.US,D,20201105,000000,26.2706,26.2706,26.2208,26.2447,849.65611340167,0
IBTI.US,D,20201106,000000,26.151,26.1809,26.151,26.1809,1123.5122160683,0
IBTI.US,D,20201109,000000,25.9725,25.9725,25.9725,25.9725,617.93171883758,0
IBTI.US,D,20201110,000000,25.9625,25.9625,25.9417,25.9497,645.01638833209,0
IBTI.US,D,20201111,000000,25.9427,25.9625,25.9427,25.9625,536.67771035407,0
IBTI.US,D,20201112,000000,26.0523,26.0523,26.0423,26.0523,1268.9669226129,0
IBTI.US,D,20201113,000000,26.0822,26.0822,26.0772,26.0772,462.44565322098,0
IBTI.US,D,20201116,000000,26.0623,26.0722,26.0573,26.0573,684.13868871304,0
IBTI.US,D,20201117,000000,26.1022,26.121,26.1022,26.1122,855.6749288449,0
IBTI.US,D,20201118,000000,26.1022,26.1122,26.0922,26.1022,1688.2777318241,0
IBTI.US,D,20201119,000000,26.141,26.141,26.121,26.121,1270.9731944273,0
IBTI.US,D,20201120,000000,26.141,26.156,26.141,26.156,1078.3711002442,0
IBTI.US,D,20201123,000000,26.1122,26.131,26.1122,26.121,971.03555817334,0
IBTI.US,D,20201124,000000,26.0922,26.0922,26.0922,26.0922,580.81569027104,0
IBTI.US,D,20201125,000000,26.131,26.131,26.1022,26.1022,1435.4874832087,0
IBTI.US,D,20201130,000000,26.151,26.161,26.151,26.151,749.34252268129,0
IBTI.US,D,20201201,000000,26.0025,26.0254,26.0025,26.0254,605.89408795113,0
IBTI.US,D,20201202,000000,25.9925,26.0015,25.9825,26.0015,743.32370723806,0
IBTI.US,D,20201203,000000,26.0523,26.0523,26.0324,26.0324,792.47736669105,0
IBTI.US,D,20201207,000000,26.0423,26.0453,26.0423,26.0423,547.71220533331,0
IBTI.US,D,20201208,000000,26.0722,26.0722,26.0623,26.0623,649.0289319609,0
IBTI.US,D,20201210,000000,26.0523,26.0782,26.0423,26.0782,366.14460612941,0
IBTI.US,D,20201211,000000,26.121,26.131,26.121,26.126,794.48363850546,0
IBTI.US,D,20201214,000000,26.131,26.131,26.1161,26.1161,853.66865703049,0
IBTI.US,D,20201215,000000,26.0972,26.1022,26.0822,26.0972,1861.8202437704,0
IBTI.US,D,20201216,000000,26.0623,26.0922,26.0623,26.0832,672.10105782659,0
IBTI.US,D,20201217,000000,26.0822,26.0822,26.0722,26.0722,688.15123234185,0
IBTI.US,D,20201218,000000,26.0922,26.0922,26.0623,26.0623,565.76865166298,0
IBTI.US,D,20201222,000000,26.0922,26.1022,26.0922,26.1022,847.64984158727,0
IBTI.US,D,20201223,000000,26.0423,26.0583,26.0423,26.0583,1591.9766847325,0
IBTI.US,D,20201224,000000,26.0722,26.0772,26.0722,26.0772,1003.1359072039,0
IBTI.US,D,20201228,000000,26.0822,26.0822,26.0822,26.0822,271.84983085225,0
IBTI.US,D,20201229,000000,26.1012,26.1022,26.0922,26.0922,1113.4808569963,0
IBTI.US,D,20201230,000000,26.0822,26.0822,26.0822,26.0822,106.33240616361,0
IBTI.US,D,20201231,000000,26.121,26.131,26.1161,26.1161,2509.8460398241,0
IBTI.US,D,20210104,000000,26.126,26.126,26.124,26.124,416.3014014896,0
IBTI.US,D,20210105,000000,26.1122,26.1122,26.0722,26.0822,2006.2718144077,0
IBTI.US,D,20210107,000000,25.8838,25.8938,25.8838,25.8838,1689.2808677313,0
IBTI.US,D,20210108,000000,25.825,25.825,25.819,25.819,604.89095204393,0
IBTI.US,D,20210111,000000,25.7942,25.7942,25.7802,25.7802,3760.7565161073,0
IBTI.US,D,20210112,000000,25.7154,25.7742,25.7154,25.7742,2545.9589324834,0
IBTI.US,D,20210113,000000,25.7942,25.8539,25.7942,25.839,502082.56232233,0
IBTI.US,D,20210114,000000,25.8539,25.8539,25.804,25.804,16483.529227174,0
IBTI.US,D,20210115,000000,25.8739,25.8838,25.8649,25.8689,3274.2356011134,0
IBTI.US,D,20210119,000000,25.844,25.8838,25.834,25.8789,192787.67432597,0
IBTI.US,D,20210120,000000,25.8639,25.8838,25.8639,25.8838,145072.51176391,0
IBTI.US,D,20210121,000000,25.8539,25.8838,25.844,25.8649,76697.765192993,0
IBTI.US,D,20210122,000000,25.9028,25.9028,25.8988,25.8988,463.44878912819,0
IBTI.US,D,20210125,000000,25.9327,25.9725,25.9327,25.9675,696.17631959948,0
IBTI.US,D,20210126,000000,25.9625,25.9825,25.9615,25.9725,2681.3822799559,0
IBTI.US,D,20210127,000000,26.0224,26.0224,25.9935,25.9935,463.44878912819,0
IBTI.US,D,20210128,000000,25.9575,25.9575,25.9377,25.9527,4083.7662782269,0
IBTI.US,D,20210129,000000,25.9037,25.9227,25.9037,25.9077,699.18572732109,0
IBTI.US,D,20210201,000000,25.9037,25.9037,25.9037,25.9037,551.72474896213,0
IBTI.US,D,20210202,000000,25.844,25.8629,25.844,25.8629,517.61812811719,0
IBTI.US,D,20210203,000000,25.824,25.844,25.814,25.824,1262.9481071697,0
IBTI.US,D,20210204,000000,25.804,25.824,25.804,25.819,1524.7665789499,0
IBTI.US,D,20210205,000000,25.824,25.824,25.7852,25.7852,2844.8934328302,0
IBTI.US,D,20210208,000000,25.7652,25.7942,25.7652,25.7872,543.69966170449,0
IBTI.US,D,20210209,000000,25.824,25.824,25.7942,25.7991,412.28885786079,0
IBTI.US,D,20210210,000000,25.834,25.8539,25.834,25.8539,1192.7285936654,0
IBTI.US,D,20210211,000000,25.8529,25.8529,25.839,25.839,1058.3083821001,0
IBTI.US,D,20210212,000000,25.7852,25.7852,25.7702,25.7702,1755.4878376068,0
IBTI.US,D,20210216,000000,25.6456,25.6456,25.6117,25.6117,529.65575900364,0
IBTI.US,D,20210217,000000,25.6167,25.6456,25.6167,25.6287,2257.0557912087,0
IBTI.US,D,20210218,000000,25.6267,25.6406,25.6267,25.6317,2708.4669494504,0
IBTI.US,D,20210219,000000,25.5867,25.5867,25.5569,25.5569,686.14496052744,0
IBTI.US,D,20210222,000000,25.5669,25.5669,25.5269,25.5269,1264.9543789841,0
IBTI.US,D,20210224,000000,25.4871,25.507,25.4871,25.507,899.81290876187,0
IBTI.US,D,20210225,000000,25.2677,25.2877,25.189,25.189,6180.320324283,0
IBTI.US,D,20210226,000000,25.198,25.3475,25.194,25.3475,1238.8728453968,0
IBTI.US,D,20210301,000000,25.3276,25.3276,25.3176,25.3176,810.53381302072,0
IBTI.US,D,20210302,000000,25.3874,25.3874,25.3874,25.3874,501.56795360193,0
IBTI.US,D,20210303,000000,25.2577,25.2777,25.2577,25.2777,1372.2899210549,0
IBTI.US,D,20210304,000000,25.3077,25.3077,25.1711,25.1711,554.73415668374,0
IBTI.US,D,20210305,000000,25.1491,25.1491,25.1442,25.1442,260.815335873,0
IBTI.US,D,20210308,000000,25.0494,25.0494,25.0494,25.0494,455.42370187055,0
IBTI.US,D,20210310,000000,25.1591,25.19,25.1591,25.19,1870.8484669352,0
IBTI.US,D,20210311,000000,25.189,25.189,25.189,25.189,605.89408795113,0
IBTI.US,D,20210312,000000,25.0594,25.0594,25.0394,25.0494,2019.3125812014,0
IBTI.US,D,20210315,000000,25.0694,25.0794,25.0694,25.0694,736.30175588764,0
IBTI.US,D,20210316,000000,25.0993,25.0993,25.0694,25.0744,3715.6154002831,0
IBTI.US,D,20210317,000000,25.0196,25.0644,24.9896,25.0644,2321.2564892697,0
IBTI.US,D,20210318,000000,24.8899,24.9398,24.8899,24.9398,22701.968715931,0
IBTI.US,D,20210319,000000,24.9299,24.9299,24.9049,24.9119,294.92195671794,0
IBTI.US,D,20210322,000000,24.9797,24.9896,24.9747,24.9747,3192.9815926299,0
IBTI.US,D,20210323,000000,25.0216,25.0784,25.0216,25.0784,270.84669494504,0
IBTI.US,D,20210324,000000,25.0444,25.0993,25.0444,25.0993,582.82196208545,0
IBTI.US,D,20210325,000000,25.0894,25.1092,25.0844,25.0844,387.21046018069,0
IBTI.US,D,20210326,000000,25.0295,25.0295,25.0176,25.0176,304.95331578997,0
IBTI.US,D,20210329,000000,24.9896,24.9896,24.9457,24.9547,1168.6533318925,0
IBTI.US,D,20210330,000000,24.8899,24.9099,24.8899,24.9099,805.5181334847,0
IBTI.US,D,20210331,000000,24.9299,24.9299,24.87,24.87,6876.4966438825,0
IBTI.US,D,20210401,000000,24.9697,24.9697,24.9597,24.9597,1041.2550716776,0
IBTI.US,D,20210406,000000,24.9896,25.0295,24.9896,25.0146,484.51464317947,0
IBTI.US,D,20210407,000000,25.0494,25.0594,25.0096,25.0096,542.69652579729,0
IBTI.US,D,20210408,000000,25.0594,25.0794,25.0594,25.0794,1413.4184932502,0
IBTI.US,D,20210409,000000,25.0494,25.0494,25.0295,25.0295,499.56168178752,0
IBTI.US,D,20210412,000000,25.0096,25.0096,25.0046,25.0046,435.36098372648,0
IBTI.US,D,20210413,000000,25.0394,25.0993,25.0394,25.0894,2236.9930730646,0
IBTI.US,D,20210414,000000,25.0394,25.0694,25.0394,25.0694,1551.8512484444,0
IBTI.US,D,20210415,000000,25.198,25.198,25.181,25.181,798.49618213428,0
IBTI.US,D,20210416,000000,25.1392,25.1491,25.1342,25.1342,591.85018525028,0
IBTI.US,D,20210419,000000,25.1192,25.1412,25.1192,25.1192,1755.4878376068,0
IBTI.US,D,20210420,000000,25.1691,25.198,25.1641,25.187,553562.49394412,0
IBTI.US,D,20210421,000000,25.1781,25.189,25.1691,25.189,7739.1935240778,0
IBTI.US,D,20210422,000000,25.194,25.198,25.1342,25.194,206776.40455193,0
IBTI.US,D,20210423,000000,25.1741,25.1791,25.1691,25.1691,849.65611340167,0
IBTI.US,D,20210426,000000,25.1591,25.1791,25.1491,25.1491,4258.3119260804,0
IBTI.US,D,20210427,000000,25.1292,25.1292,25.0744,25.0744,1738.4345271843,0
IBTI.US,D,20210428,000000,25.0844,25.1102,25.0444,25.1042,5291.5419105004,0
IBTI.US,D,20210429,000000,25.0096,25.0764,25.0096,25.0744,4455.9296997996,0
IBTI.US,D,20210430,000000,25.0744,25.0993,25.0744,25.0943,1271.9763303345,0
IBTI.US,D,20210503,000000,25.0794,25.1491,25.0794,25.1222,2713.4826289865,0
IBTI.US,D,20210504,000000,25.197,25.197,25.1442,25.1442,1560.8794716092,0
IBTI.US,D,20210505,000000,25.1541,25.1791,25.1491,25.1791,1065.3303334505,0
IBTI.US,D,20210506,000000,25.198,25.198,25.184,25.184,759.37388175333,0
IBTI.US,D,20210507,000000,25.2379,25.2677,25.195,25.2029,2717.4951726153,0
IBTI.US,D,20210510,000000,25.2179,25.2179,25.1691,25.1691,11432.739934402,0
IBTI.US,D,20210511,000000,25.1491,25.1491,25.1442,25.1442,3110.7244482392,0
IBTI.US,D,20210512,000000,25.0594,25.0784,25.0295,25.0464,4195.1143639266,0
IBTI.US,D,20210513,000000,25.0794,25.1092,25.0794,25.1092,1768.5286044004,0
IBTI.US,D,20210514,000000,25.1491,25.1491,25.1092,25.1292,8081.2628684343,0
IBTI.US,D,20210517,000000,25.1292,25.1392,25.1222,25.1292,2885.0188691183,0
IBTI.US,D,20210518,000000,25.1242,25.1362,25.1092,25.1362,2186.8362777044,0
IBTI.US,D,20210519,000000,25.1491,25.1581,25.0694,25.0694,2350.3474305787,0
IBTI.US,D,20210520,000000,25.1342,25.1591,25.1292,25.1481,3389.5962304419,0
IBTI.US,D,20210521,000000,25.1591,25.1591,25.1342,25.1491,1857.8077001416,0
IBTI.US,D,20210524,000000,25.1581,25.189,25.1581,25.1691,6652.797336576,0
IBTI.US,D,20210525,000000,25.2139,25.2429,25.2079,25.2429,1482.6348708473,0
IBTI.US,D,20210526,000000,25.2469,25.2479,25.2179,25.2179,3471.8533748326,0
IBTI.US,D,20210527,000000,25.1591,25.18,25.1591,25.18,2647.275659111,0
IBTI.US,D,20210528,000000,25.1791,25.2029,25.1791,25.2029,1311.0986307155,0
IBTI.US,D,20210601,000000,25.1292,25.1791,25.1292,25.1691,2416.5544004541,0
IBTI.US,D,20210602,000000,25.1791,25.198,25.1791,25.189,3526.0227138216,0
IBTI.US,D,20210603,000000,25.1442,25.1442,25.1242,25.1292,2804.767996542,0
IBTI.US,D,20210604,000000,25.2279,25.2449,25.2229,25.2379,2148.7171132307,0
IBTI.US,D,20210607,000000,25.2279,25.2279,25.2179,25.2269,855.6749288449,0
IBTI.US,D,20210609,000000,25.3475,25.3515,25.3276,25.3475,3903.2018149302,0
IBTI.US,D,20210610,000000,25.3375,25.3984,25.3375,25.3984,406.27004241757,0
IBTI.US,D,20210611,000000,25.3874,25.3874,25.3575,25.3694,2737.5578907593,0
IBTI.US,D,20210614,000000,25.3326,25.3326,25.2977,25.2977,568.77805938459,0
IBTI.US,D,20210615,000000,25.3077,25.3077,25.2937,25.3027,1640.1272082783,0
IBTI.US,D,20210616,000000,25.3276,25.3276,25.1342,25.1342,6232.4833914576,0
IBTI.US,D,20210617,000000,25.1691,25.2229,25.1691,25.195,2058.4348815823,0
IBTI.US,D,20210618,000000,25.1591,25.2877,25.1591,25.2827,3494.9255006983,0
IBTI.US,D,20210621,000000,25.2229,25.2419,25.2229,25.2419,735.29861998043,0
IBTI.US,D,20210622,000000,25.2479,25.2777,25.2479,25.2727,2377.4321000732,0
IBTI.US,D,20210623,000000,25.2727,25.2727,25.2329,25.2329,1021.1923535335,0
IBTI.US,D,20210624,000000,25.2429,25.2429,25.2329,25.2329,1485.6442785689,0
IBTI.US,D,20210625,000000,25.189,25.194,25.1781,25.194,1519.7508994139,0
IBTI.US,D,20210628,000000,25.2479,25.2577,25.2479,25.2529,1233.8571658608,0
IBTI.US,D,20210629,000000,25.2429,25.2577,25.2379,25.2558,2809.783676078,0
IBTI.US,D,20210630,000000,25.2977,25.3176,25.2897,25.2897,2207.9021317557,0
IBTI.US,D,20210701,000000,25.2927,25.2927,25.2479,25.2677,2684.3916876775,0
IBTI.US,D,20210702,000000,25.2977,25.3475,25.2977,25.3475,17481.649454842,0
IBTI.US,D,20210706,000000,25.4622,25.4622,25.4562,25.4622,1349.2177951892,0
IBTI.US,D,20210707,000000,25.503,25.503,25.4771,25.503,883.76273424661,0
IBTI.US,D,20210708,000000,25.5758,25.5758,25.5619,25.5619,747.33625086688,0
IBTI.US,D,20210709,000000,25.492,25.492,25.4771,25.4771,333.04112119168,0
IBTI.US,D,20210712,000000,25.4672,25.4672,25.4572,25.4672,1255.9261558192,0
IBTI.US,D,20210713,000000,25.4771,25.4771,25.4024,25.4024,2811.7899478924,0
IBTI.US,D,20210714,000000,25.4721,25.492,25.4721,25.492,1538.8104816507,0
IBTI.US,D,20210715,000000,25.507,25.5519,25.497,25.5519,1684.2651881953,0
IBTI.US,D,20210716,000000,25.5419,25.5469,25.5269,25.5469,1097.430682481,0
IBTI.US,D,20210719,000000,25.6954,25.7253,25.6954,25.7054,1249.907340376,0
IBTI.US,D,20210720,000000,25.7702,25.7762,25.6904,25.7104,653131.75782137,0
IBTI.US,D,20210721,000000,25.6317,25.6317,25.5917,25.5917,1498.6850453626,0
IBTI.US,D,20210722,000000,25.6317,25.6795,25.6317,25.6456,283862.38334102,0
IBTI.US,D,20210723,000000,25.5768,25.6217,25.5768,25.6197,52450.967179969,0
IBTI.US,D,20210726,000000,25.6267,25.6267,25.6117,25.6117,1452.5407936312,0
IBTI.US,D,20210727,000000,25.6755,25.6755,25.6755,25.6755,1225.8320786031,0
IBTI.US,D,20210728,000000,25.6456,25.6904,25.6356,25.6904,1310.0954948082,0
IBTI.US,D,20210729,000000,25.6317,25.6406,25.6267,25.6406,4247.2774311012,0
IBTI.US,D,20210730,000000,25.6755,25.7054,25.6755,25.6904,25714.385845264,0
IBTI.US,D,20210802,000000,25.7452,25.7662,25.7452,25.7532,1636.1146646495,0
IBTI.US,D,20210803,000000,25.7752,25.7852,25.7602,25.7702,12319.51207637,0
IBTI.US,D,20210804,000000,25.7452,25.7452,25.7403,25.7403,353.10383933576,0
IBTI.US,D,20210805,000000,25.6755,25.6755,25.6555,25.6635,924.89130644196,0
IBTI.US,D,20210806,000000,25.5817,25.5867,25.5619,25.5619,5019.6920796481,0
IBTI.US,D,20210809,000000,25.5867,25.5867,25.517,25.521,1811.6634484102,0
IBTI.US,D,20210810,000000,25.512,25.518,25.4821,25.4821,10605.152810959,0
IBTI.US,D,20210811,000000,25.4672,25.51,25.4672,25.51,602.88468022952,0
IBTI.US,D,20210812,000000,25.4881,25.504,25.4672,25.4821,1643.1366159999,0
IBTI.US,D,20210813,000000,25.507,25.5718,25.507,25.5718,367.14774203661,0
IBTI.US,D,20210817,000000,25.6267,25.6267,25.6267,25.6267,394.23241153112,0
IBTI.US,D,20210819,000000,25.6376,25.6376,25.6317,25.6317,239.74948182172,0
IBTI.US,D,20210820,000000,25.6167,25.6257,25.5967,25.5997,907.8379960195,0
IBTI.US,D,20210823,000000,25.5967,25.6217,25.5967,25.6217,198.62090962637,0
IBTI.US,D,20210824,000000,25.5867,25.5867,25.5669,25.5669,526.64635128203,0
IBTI.US,D,20210825,000000,25.512,25.512,25.492,25.492,210.65854051281,0
IBTI.US,D,20210826,000000,25.507,25.507,25.492,25.492,1852.7920206055,0
IBTI.US,D,20210827,000000,25.4871,25.5619,25.4871,25.5619,2213.9209471989,0
IBTI.US,D,20210830,000000,25.5867,25.6117,25.5867,25.6117,2205.8958599413,0
IBTI.US,D,20210831,000000,25.6067,25.6067,25.5768,25.5768,571.7874671062,0
IBTI.US,D,20210902,000000,25.5688,25.5817,25.5688,25.5817,297.93136443955,0
IBTI.US,D,20210903,000000,25.5569,25.5569,25.5519,25.5519,25237.896289342,0
IBTI.US,D,20210907,000000,25.4771,25.4851,25.4771,25.4821,415.2982655824,0
IBTI.US,D,20210908,000000,25.497,25.5259,25.497,25.5259,1118.4965365323,0
IBTI.US,D,20210909,000000,25.5439,25.5718,25.5439,25.5718,245.76829726495,0
IBTI.US,D,20210910,000000,25.516,25.516,25.512,25.512,412.28885786079,0
IBTI.US,D,20210914,000000,25.5907,25.6017,25.5907,25.5917,917.86935509154,0
IBTI.US,D,20210915,000000,25.5559,25.5619,25.5369,25.5619,899.81290876187,0
IBTI.US,D,20210916,000000,25.498,25.498,25.492,25.492,760.37701766053,0
IBTI.US,D,20210917,000000,25.4222,25.4472,25.4222,25.4332,649.0289319609,0
IBTI.US,D,20210921,000000,25.5449,25.5449,25.514,25.514,434.35784781927,0
IBTI.US,D,20210923,000000,25.4143,25.4143,25.3565,25.3565,1473.6066476825,0
IBTI.US,D,20210924,000000,25.3077,25.3077,25.2977,25.2977,323.00976211964,0
IBTI.US,D,20210927,000000,25.2627,25.2627,25.2429,25.2429,422.32021693283,0
IBTI.US,D,20210928,000000,25.1641,25.1641,25.1641,25.1641,243.76202545054,0
IBTI.US,D,20210929,000000,25.2179,25.2179,25.2179,25.2179,235.73693819291,0
IBTI.US,D,20210930,000000,25.2059,25.2329,25.2059,25.2329,841.63102614404,0
IBTI.US,D,20211001,000000,25.2777,25.2977,25.2777,25.2977,433.35471191207,0
IBTI.US,D,20211004,000000,25.2797,25.2797,25.2727,25.2727,283.88746173869,0
IBTI.US,D,20211005,000000,25.2229,25.2229,25.2179,25.2199,8599.8841324587,0
IBTI.US,D,20211007,000000,25.1691,25.1691,25.1491,25.1491,1189.7191859438,0
IBTI.US,D,20211008,000000,25.1192,25.1192,25.1042,25.1042,1403.3871341782,0
IBTI.US,D,20211011,000000,25.0295,25.0993,25.0295,25.0594,1008.1515867399,0
IBTI.US,D,20211012,000000,25.0983,25.1192,25.0983,25.1192,874.73451108177,0
IBTI.US,D,20211013,000000,25.1462,25.1462,25.1292,25.1392,993.10454813183,0
IBTI.US,D,20211014,000000,25.1691,25.1741,25.1641,25.1741,502.57108950914,0
IBTI.US,D,20211015,000000,25.0993,25.0993,25.0744,25.0744,652.03833968251,0
IBTI.US,D,20211018,000000,25.0315,25.0315,25.0295,25.0295,259.8121999658,0
IBTI.US,D,20211019,000000,25.0265,25.0265,24.9847,24.9847,1206.7724963662,0
IBTI.US,D,20211020,000000,24.9946,24.9996,24.9946,24.9946,470.47074047861,0
IBTI.US,D,20211021,000000,24.9199,24.9249,24.9149,24.9149,2979.3136443955,0
IBTI.US,D,20211022,000000,24.9697,24.9697,24.9627,24.9627,789.46795896944,0
IBTI.US,D,20211025,000000,24.9896,25.0196,24.9896,24.9926,1070.3460129865,0
IBTI.US,D,20211026,000000,24.9787,24.9996,24.9787,24.9946,33035.271696038,0
IBTI.US,D,20211027,000000,24.9996,25.0943,24.9996,25.0844,1381.3181442197,0
IBTI.US,D,20211028,000000,25.0394,25.0494,25.0196,25.0196,635.98816516725,0
IBTI.US,D,20211029,000000,24.9497,25.0106,24.9497,25.0106,1180.6909627789,0
IBTI.US,D,20211101,000000,24.9597,25.0245,24.9597,25.0245,764.38956128935,0
IBTI.US,D,20211102,000000,25.0774,25.0983,25.0774,25.0794,794.48363850546,0
IBTI.US,D,20211103,000000,25.0694,25.0694,25.0096,25.0464,2212.9178112917,0
IBTI.US,D,20211104,000000,25.0894,25.1392,25.0894,25.1392,1003.1359072039,0
IBTI.US,D,20211110,000000,25.1082,25.1082,25.0245,25.0245,462.44565322098,0
IBTI.US,D,20211111,000000,24.9866,24.9866,24.9398,24.9697,581.81882617824,0
IBTI.US,D,20211112,000000,24.9996,25.0345,24.9896,25.0046,1571.9139665885,0
IBTI.US,D,20211116,000000,24.9289,24.9597,24.9219,24.9249,1616.0519465054,0
IBTI.US,D,20211117,000000,24.9438,24.9956,24.9438,24.9956,1439.5000268375,0
IBTI.US,D,20211118,000000,25.0096,25.0166,24.9976,25.0096,638.99757288886,0
IBTI.US,D,20211119,000000,25.0894,25.0894,25.0394,25.0394,1271.9763303345,0
IBTI.US,D,20211122,000000,24.8999,24.9099,24.8999,24.9099,845.64356977286,0
IBTI.US,D,20211123,000000,24.8501,24.8591,24.8281,24.8281,724.26412500119,0
IBTI.US,D,20211124,000000,24.8371,24.87,24.8371,24.87,15301.835128488,0
IBTI.US,D,20211126,000000,25.0844,25.1162,25.0694,25.1092,14024.843118617,0
IBTI.US,D,20211129,000000,25.0983,25.1092,25.0774,25.0993,1889.9080491721,0
IBTI.US,D,20211130,000000,25.1541,25.1721,25.1192,25.1691,1100.4400902026,0
IBTI.US,D,20211201,000000,25.1721,25.189,25.1721,25.189,312.97840304761,0
IBTI.US,D,20211203,000000,25.194,25.2489,25.194,25.2489,1371.2867851477,0
IBTI.US,D,20211206,000000,25.1392,25.1392,25.1292,25.1392,180.5644632967,0
IBTI.US,D,20211208,000000,25.0046,25.0245,25.0046,25.0245,712.22649411474,0
IBTI.US,D,20211209,000000,25.0794,25.0794,25.0594,25.0594,306.95958760438,0
IBTI.US,D,20211210,000000,25.1072,25.1072,25.0694,25.0744,669.09165010498,0
IBTI.US,D,20211213,000000,25.1292,25.1541,25.1292,25.1541,214.67108414163,0
IBTI.US,D,20211214,000000,25.1102,25.1102,25.1092,25.1092,332.03798528448,0
IBTI.US,D,20211215,000000,25.0594,25.0594,25.0594,25.0594,292.91568490353,0
IBTI.US,D,20211216,000000,25.1192,25.1531,25.1192,25.1442,784.45227943342,0
IBTI.US,D,20211217,000000,25.189,25.189,25.1621,25.1691,644.01325242488,0
IBTI.US,D,20211220,000000,25.198,25.2379,25.198,25.2379,1362.2585619828,0
IBTI.US,D,20211221,000000,25.0794,25.0894,25.0694,25.0894,1500.691317177,0
IBTI.US,D,20211222,000000,25.0993,25.0993,25.0963,25.0983,682.13241689863,0
IBTI.US,D,20211223,000000,25.0594,25.0594,25.0594,25.0594,32476.524995725,0
IBTI.US,D,20211227,000000,25.0694,25.0694,25.0694,25.0694,201.63031734798,0
IBTI.US,D,20211229,000000,25.0076,25.0076,24.9916,24.9916,625.95680609521,0
IBTI.US,D,20211230,000000,25.0295,25.0494,25.0196,25.0424,2153.7327927667,0
IBTI.US,D,20211231,000000,25.0664,25.0684,25.0295,25.0295,811.53694892793,0
IBTI.US,D,20220103,000000,24.8999,24.9049,24.87,24.87,18926.165161216,0
IBTI.US,D,20220104,000000,24.8501,24.8611,24.8351,24.8611,1013.1672662759,0
IBTI.US,D,20220105,000000,24.8202,24.8202,24.7703,24.7753,715.23590183636,0
IBTI.US,D,20220106,000000,24.7056,24.7154,24.7056,24.7154,301.94390806836,0
IBTI.US,D,20220107,000000,24.6417,24.6706,24.6417,24.6607,47071.149309634,0
IBTI.US,D,20220111,000000,24.6318,24.6806,24.6318,24.6806,107.33554207081,0
IBTI.US,D,20220112,000000,24.6986,24.7304,24.6956,24.6956,2263.0746066519,0
IBTI.US,D,20220113,000000,24.6996,24.7504,24.6996,24.7504,3437.7467539876,0
IBTI.US,D,20220114,000000,24.6906,24.6906,24.6268,24.6268,1002.1327712967,0
IBTI.US,D,20220118,000000,24.5521,24.5521,24.4723,24.4723,441.3797991697,0
IBTI.US,D,20220119,000000,24.4922,24.5521,24.4922,24.5321,1461.569016796,0
IBTI.US,D,20220120,000000,24.5521,24.5521,24.5521,24.5521,449.40488642733,0
IBTI.US,D,20220121,000000,24.6487,24.6497,24.6417,24.6477,490.53345862269,0
IBTI.US,D,20220124,000000,24.7076,24.7076,24.6447,24.6467,777.430328083,0
IBTI.US,D,20220125,000000,24.6706,24.6706,24.6218,24.6218,22667.862095085,0
IBTI.US,D,20220126,000000,24.6288,24.6288,24.4902,24.4902,1419.4373086935,0
IBTI.US,D,20220127,000000,24.5421,24.5569,24.5321,24.5321,19509.990259208,0
IBTI.US,D,20220131,000000,24.5819,24.5819,24.5819,24.5819,642.00698061047,0
IBTI.US,D,20220201,000000,24.5521,24.5889,24.5521,24.5609,20294.442538642,0
IBTI.US,D,20220207,000000,24.3726,24.3726,24.3726,24.3726,157.49233743101,0
IBTI.US,D,20220208,000000,24.3228,24.3327,24.3228,24.3327,817.55576437115,0
IBTI.US,D,20220209,000000,24.3426,24.3426,24.3228,24.3376,303.95017988277,0
IBTI.US,D,20220210,000000,24.2111,24.2111,24.1373,24.1373,483.51150727226,0
IBTI.US,D,20220211,000000,24.1831,24.2908,24.1831,24.2828,1107.4620415531,0
IBTI.US,D,20220214,000000,24.1742,24.2529,24.1732,24.2529,678.11987326981,0
IBTI.US,D,20220215,000000,24.1801,24.1821,24.1533,24.1533,2360.3787896507,0
IBTI.US,D,20220216,000000,24.2031,24.2131,24.2031,24.2131,1013.1672662759,0
IBTI.US,D,20220217,000000,24.3028,24.3028,24.3028,24.3028,264.82787950182,0
IBTI.US,D,20220222,000000,24.3128,24.3386,24.3128,24.3386,572.79060301341,0
IBTI.US,D,20220223,000000,24.2629,24.3008,24.2629,24.2759,1473.6066476825,0
IBTI.US,D,20220224,000000,24.3228,24.3327,24.3078,24.3078,618.93485474478,0
IBTI.US,D,20220228,000000,24.4723,24.4922,24.4523,24.4922,1534.7979380219,0
IBTI.US,D,20220301,000000,24.6786,24.6996,24.6786,24.6806,571.7874671062,0
IBTI.US,D,20220302,000000,24.4723,24.5311,24.4424,24.4424,933.9195296068,0
IBTI.US,D,20220303,000000,24.4822,24.4892,24.4723,24.4892,995.11081994623,0
IBTI.US,D,20220304,000000,24.6507,24.6507,24.6417,24.6417,156.4892015238,0
IBTI.US,D,20220308,000000,24.4304,24.4304,24.4124,24.4224,1127.5247596971,0
IBTI.US,D,20220309,000000,24.3327,24.3327,24.3228,24.3228,976.05123770936,0
IBTI.US,D,20220310,000000,24.2151,24.233,24.1931,24.233,721.25471727958,0
IBTI.US,D,20220311,000000,24.2231,24.2231,24.2031,24.2031,687.14809643465,0
IBTI.US,D,20220314,000000,24.0416,24.0416,23.9858,23.9858,389.2167319951,0
IBTI.US,D,20220315,000000,24.0426,24.0426,23.9758,23.9788,1055.2989743785,0
IBTI.US,D,20220316,000000,23.924,23.9389,23.924,23.9389,1093.4181388522,0
IBTI.US,D,20220317,000000,23.9439,23.9539,23.9031,23.9031,588.84077752867,0
IBTI.US,D,20220318,000000,23.9449,23.9549,23.9449,23.9549,231.72439456409,0
IBTI.US,D,20220321,000000,23.7246,23.7246,23.7036,23.7036,1182.6972345934,0
IBTI.US,D,20220322,000000,23.615,23.615,23.615,23.615,181.5675992039,0
IBTI.US,D,20220323,000000,23.6548,23.7096,23.6458,23.7096,773.41778445418,0
IBTI.US,D,20220324,000000,23.6249,23.6558,23.6249,23.6249,1992.2279117069,0
IBTI.US,D,20220325,000000,23.4066,23.4275,23.4066,23.4275,877.74391880338,0
IBTI.US,D,20220328,000000,23.4883,23.4883,23.4365,23.4455,10964.275465738,0
IBTI.US,D,20220329,000000,23.5153,23.5253,23.5153,23.5203,5362.7645599119,0
IBTI.US,D,20220331,000000,23.6249,23.6448,23.6249,23.6448,452.41429414894,0
IBTI.US,D,20220401,000000,23.4763,23.4863,23.4665,23.4665,3392.6056381635,0
IBTI.US,D,20220405,000000,23.2471,23.277,23.2441,23.2521,4513.1084465102,0
IBTI.US,D,20220406,000000,23.2521,23.257,23.2072,23.2272,4422.8262148618,0
IBTI.US,D,20220407,000000,23.2072,23.2172,23.1873,23.2072,4430.8513021195,0
IBTI.US,D,20220408,000000,23.1573,23.1573,23.1275,23.1275,740.31429951645,0
IBTI.US,D,20220412,000000,23.1773,23.2182,23.1773,23.2172,2615.1753100805,0
IBTI.US,D,20220413,000000,23.307,23.307,23.2332,23.2332,1614.045674691,0
IBTI.US,D,20220414,000000,23.2172,23.2172,23.0796,23.0816,3784.8317778802,0
IBTI.US,D,20220418,000000,23.1045,23.1045,23.0477,23.0477,622.9473983736,0
IBTI.US,D,20220419,000000,22.96,22.96,22.9082,22.9082,246.77143317215,0
IBTI.US,D,20220420,000000,23.0048,23.0098,22.9879,23.0098,546.70906942611,0
IBTI.US,D,20220421,000000,22.8912,22.8942,22.8483,22.8942,5555.366654095,0
IBTI.US,D,20220422,000000,22.941,22.941,22.8982,22.9182,2938.1850722001,0
IBTI.US,D,20220425,000000,23.0577,23.1165,23.0378,23.0378,1873.8578746568,0
IBTI.US,D,20220426,000000,23.1573,23.1643,23.1475,23.1475,2005.2686785005,0
IBTI.US,D,20220427,000000,23.1315,23.1315,23.0777,23.0777,1178.6846909645,0
IBTI.US,D,20220428,000000,23.0278,23.0278,22.9979,23.0198,1169.6564677997,0
IBTI.US,D,20220429,000000,22.958,22.961,22.9281,22.9281,1635.1115287423,0
IBTI.US,D,20220502,000000,22.8185,22.8185,22.8185,22.8185,174.54564785347,0
IBTI.US,D,20220503,000000,22.8882,22.9182,22.8235,22.8235,5762.012650979,0
IBTI.US,D,20220504,000000,22.7985,22.948,22.7785,22.948,5536.3070718581,0
IBTI.US,D,20220505,000000,22.7475,22.8185,22.7475,22.8185,280.87805401708,0
IBTI.US,D,20220506,000000,22.8185,22.8185,22.7387,22.7387,2281.1310529816,0
IBTI.US,D,20220509,000000,22.7985,22.8709,22.7985,22.8709,4984.582322896,0
IBTI.US,D,20220510,000000,22.9488,22.958,22.8982,22.8982,13842.272383507,0
IBTI.US,D,20220511,000000,22.8571,22.9864,22.8571,22.9864,4075.7411909693,0
IBTI.US,D,20220512,000000,23.0675,23.0974,23.0432,23.0777,2609.1564946373,0
IBTI.US,D,20220513,000000,22.968,23.0154,22.968,22.968,3035.4892551989,0
IBTI.US,D,20220516,000000,23.0876,23.095,23.0627,23.0677,1938.0585727179,0
IBTI.US,D,20220517,000000,22.9182,22.948,22.9093,22.9182,8541.7022498409,0
IBTI.US,D,20220518,000000,22.9082,23.0178,22.9032,23.0078,4881.259324454,0
IBTI.US,D,20220519,000000,23.1275,23.1475,23.0678,23.0876,4610.412629509,0
IBTI.US,D,20220520,000000,23.0777,23.1524,23.0777,23.1425,9007.1573107835,0
IBTI.US,D,20220523,000000,23.1075,23.1075,23.0477,23.0477,2098.5603178705,0
IBTI.US,D,20220524,000000,23.2122,23.2371,23.1873,23.1873,3428.7185308228,0
IBTI.US,D,20220525,000000,23.2222,23.2371,23.2102,23.2371,1138.5592546764,0
IBTI.US,D,20220526,000000,23.257,23.267,23.1973,23.2371,1687.2745959169,0
IBTI.US,D,20220527,000000,23.267,23.267,23.2322,23.2322,409.27945013918,0
IBTI.US,D,20220531,000000,23.0926,23.1175,23.0926,23.1075,838.62161842243,0
IBTI.US,D,20220601,000000,22.958,22.9636,22.938,22.943,1023.1986253479,0
IBTI.US,D,20220602,000000,22.948,22.9879,22.948,22.9714,3178.937689929,0
IBTI.US,D,20220603,000000,22.9557,22.9557,22.9281,22.9281,429.34216828325,0
IBTI.US,D,20220606,000000,22.839,22.8434,22.8185,22.8284,849.65611340167,0
IBTI.US,D,20220607,000000,22.8982,22.8982,22.8832,22.8832,558.74670031255,0
IBTI.US,D,20220608,000000,22.8335,22.8384,22.8335,22.8384,8832.61166293,0
IBTI.US,D,20220609,000000,22.7975,22.8105,22.7885,22.7985,1912.9801750378,0
IBTI.US,D,20220610,000000,22.6689,22.6888,22.5892,22.5892,2617.1815818949,0
IBTI.US,D,20220613,000000,22.3997,22.4197,22.2204,22.3,2859.9404714382,0
IBTI.US,D,20220614,000000,22.32,22.32,22.1655,22.1674,3926.2739407959,0
IBTI.US,D,20220615,000000,22.2851,22.4197,22.2402,22.4044,3877.1202813429,0
IBTI.US,D,20220616,000000,22.4197,22.5194,22.3798,22.5194,4482.0112333869,0
IBTI.US,D,20220617,000000,22.5244,22.5294,22.4595,22.4995,13724.905482363,0
IBTI.US,D,20220621,000000,22.4297,22.4496,22.4197,22.4297,6420.0698061047,0
IBTI.US,D,20220622,000000,22.624,22.649,22.6042,22.639,7599.7576329765,0
IBTI.US,D,20220623,000000,22.7487,22.8334,22.7337,22.7487,2349.3442946715,0
IBTI.US,D,20220624,000000,22.7138,22.7686,22.6888,22.6988,5319.6297159021,0
IBTI.US,D,20220627,000000,22.629,22.6639,22.6091,22.6091,1791.6007302661,0
IBTI.US,D,20220628,000000,22.5776,22.619,22.5692,22.6042,2498.8115448448,0
IBTI.US,D,20220629,000000,22.639,22.7238,22.639,22.7238,794.48363850546,0
IBTI.US,D,20220630,000000,22.9082,22.9082,22.8782,22.8782,861.69374428812,0
IBTI.US,D,20220701,000000,23.0677,23.1475,23.0378,23.0577,3770.7878751793,0
IBTI.US,D,20220705,000000,23.1275,23.1673,23.1175,23.1175,1549.84497663,0
IBTI.US,D,20220706,000000,23.0278,23.0278,22.938,22.958,1487.6505503833,0
IBTI.US,D,20220707,000000,22.8806,22.8882,22.8185,22.8384,89731.510035292,0
IBTI.US,D,20220708,000000,22.7835,22.7985,22.7271,22.7587,53120.058830073,0
IBTI.US,D,20220711,000000,22.8235,22.8882,22.8235,22.8483,17784.596498818,0
IBTI.US,D,20220712,000000,22.958,22.978,22.9182,22.9182,7189.4750469301,0
IBTI.US,D,20220713,000000,22.7985,22.968,22.7931,22.9281,8100.3224506712,0
IBTI.US,D,20220714,000000,22.7985,22.8882,22.7686,22.8483,93231.451215527,0
IBTI.US,D,20220715,000000,22.8882,22.9231,22.8882,22.8982,3483.891005719,0
IBTI.US,D,20220718,000000,22.8185,22.8683,22.8185,22.8583,748.33938677408,0
IBTI.US,D,20220719,000000,22.8284,22.8284,22.7785,22.7785,40030.138376971,0
IBTI.US,D,20220720,000000,22.8284,22.8284,22.7455,22.7455,800.50245394868,0
IBTI.US,D,20220721,000000,22.8185,22.958,22.8185,22.958,14087.037544863,0
IBTI.US,D,20220722,000000,23.1375,23.1475,23.1175,23.1388,655.04774740412,0
IBTI.US,D,20220725,000000,23.0975,23.0975,23.0577,23.0941,1892.9174568937,0
IBTI.US,D,20220726,000000,23.1948,23.1948,23.1075,23.1075,24166.547140448,0
IBTI.US,D,20220727,000000,23.1412,23.2172,23.1412,23.1673,44758.921043529,0
IBTI.US,D,20220728,000000,23.3638,23.3667,23.2772,23.3468,1321.1299897875,0
IBTI.US,D,20220729,000000,23.287,23.3966,23.287,23.3501,30871.507544198,0
IBTI.US,D,20220801,000000,23.4167,23.4266,23.3867,23.4167,10056.581490362,0
IBTI.US,D,20220802,000000,23.3268,23.3268,23.1671,23.1671,1118.0658441168,0
IBTI.US,D,20220803,000000,23.1372,23.207,23.0972,23.207,1599.9562303356,0
IBTI.US,D,20220804,000000,23.2769,23.3168,23.2669,23.3153,5938.9734085344,0
IBTI.US,D,20220805,000000,23.0673,23.0723,23.0473,23.0673,7191.2873020344,0
IBTI.US,D,20220808,000000,23.1272,23.1372,23.1272,23.1372,292.5405255216,0
IBTI.US,D,20220809,000000,23.0773,23.0773,23.0573,23.0773,2230.1205815448,0
IBTI.US,D,20220810,000000,23.2115,23.227,23.1172,23.1172,1917.5430337272,0
IBTI.US,D,20220811,000000,23.1257,23.1272,23.0274,23.0274,2543.6999804772,0
IBTI.US,D,20220812,000000,23.0713,23.0713,23.0275,23.0637,2268.1909239072,0
IBTI.US,D,20220815,000000,23.1662,23.1662,23.1272,23.1272,4262.876493474,0
IBTI.US,D,20220816,000000,23.0673,23.0873,23.0673,23.0873,1049.9399683104,0
IBTI.US,D,20220817,000000,22.9835,22.9874,22.9375,22.9675,2201.0668992156,0
IBTI.US,D,20220818,000000,23.0473,23.0473,22.9937,23.0074,2516.6500003776,0
IBTI.US,D,20220819,000000,22.8847,22.9026,22.8847,22.8976,1178.1769110048,0
IBTI.US,D,20220822,000000,22.8678,22.8678,22.8078,22.8277,6914.7763943496,0
IBTI.US,D,20220823,000000,22.7878,22.9076,22.7878,22.7978,2640.8795386128,0
IBTI.US,D,20220824,000000,22.7179,22.7279,22.7179,22.7279,158.2924761384,0
IBTI.US,D,20220825,000000,22.7548,22.8178,22.7548,22.8178,1745.2246419816,0
IBTI.US,D,20220826,000000,22.7938,22.7938,22.7674,22.7778,1034.9122015884,0
IBTI.US,D,20220829,000000,22.708,22.708,22.6867,22.698,1739.2135352928,0
IBTI.US,D,20220830,000000,22.668,22.6931,22.6581,22.693,4037.459992644,0
IBTI.US,D,20220831,000000,22.618,22.618,22.618,22.618,7.0129578036,0
IBTI.US,D,20220901,000000,22.5183,22.5183,22.4747,22.4984,6224.5009762524,0
IBTI.US,D,20220902,000000,22.6381,22.6381,22.5882,22.6081,1357.508260554,0
IBTI.US,D,20220906,000000,22.4345,22.4584,22.4245,22.4396,3674.7898890864,0
IBTI.US,D,20220907,000000,22.5063,22.5483,22.5063,22.5483,2847.2608682616,0
IBTI.US,D,20220908,000000,22.5383,22.5383,22.4894,22.5048,2650.8980497608,0
IBTI.US,D,20220909,000000,22.4984,22.5083,22.4702,22.4702,1572.906250236,0
IBTI.US,D,20220912,000000,22.5234,22.5582,22.444,22.4534,277552.83284419,0
IBTI.US,D,20220913,000000,22.3287,22.3386,22.3187,22.3386,2174.016919116,0
IBTI.US,D,20220914,000000,22.3087,22.3486,22.2987,22.3137,8514.7326246852,0
IBTI.US,D,20220915,000000,22.2788,22.2788,22.2338,22.2488,20706.258840686,0
IBTI.US,D,20220916,000000,22.2388,22.3137,22.2388,22.2987,28445.558702516,0
IBTI.US,D,20220919,000000,22.2189,22.2488,22.2089,22.2315,20597.057069173,0
IBTI.US,D,20220920,000000,22.149,22.1788,22.139,22.139,2420.4722933568,0
IBTI.US,D,20220921,000000,22.149,22.174,22.1202,22.174,3496.460390652,0
IBTI.US,D,20220922,000000,21.9593,21.9885,21.9537,21.9544,7988.7607894152,0
IBTI.US,D,20220923,000000,21.9384,21.9394,21.8895,21.9269,7015.9633569444,0
IBTI.US,D,20220926,000000,21.8346,21.8396,21.6699,21.6945,13941.760113557,0
IBTI.US,D,20220927,000000,21.7298,21.7298,21.615,21.62,12376.868672239,0
IBTI.US,D,20220928,000000,21.8246,21.9693,21.8246,21.9594,5265.7294593888,0
IBTI.US,D,20220929,000000,21.8518,21.907,21.8396,21.8595,12669.409197761,0
IBTI.US,D,20220930,000000,21.9011,21.9194,21.792,21.8096,4707.6983884452,0
IBTI.US,D,20221003,000000,22.074,22.074,21.9594,21.9693,4468.255972008,0
IBTI.US,D,20221004,000000,21.9974,22.0891,21.9974,22.0242,6983.9041212708,0
IBTI.US,D,20221005,000000,21.8895,21.8995,21.8529,21.8695,78759.523538887,0
IBTI.US,D,20221006,000000,21.8296,21.8296,21.7897,21.7996,3626.701035576,0
IBTI.US,D,20221007,000000,21.7048,21.735,21.6898,21.6985,7772.3609486184,0
IBTI.US,D,20221010,000000,21.669,21.669,21.5601,21.625,34859.409539466,0
IBTI.US,D,20221011,000000,21.6799,21.7297,21.6399,21.6526,5959.0104308304,0
IBTI.US,D,20221012,000000,21.6744,21.7298,21.6744,21.7098,54556.804307549,0
IBTI.US,D,20221013,000000,21.59,21.6459,21.59,21.63,760.4049961332,0
IBTI.US,D,20221014,000000,21.5451,21.5631,21.5451,21.5631,399.7385948052,0
IBTI.US,D,20221017,000000,21.63,21.63,21.5789,21.5801,4919.088973668,0
IBTI.US,D,20221018,000000,21.63,21.63,21.5701,21.63,8530.762242522,0
IBTI.US,D,20221019,000000,21.5301,21.5301,21.4752,21.4802,5744.6142922632,0
IBTI.US,D,20221020,000000,21.4503,21.4833,21.3505,21.3605,5721.5717166228,0
IBTI.US,D,20221021,000000,21.3804,21.4752,21.3704,21.4703,21316.3861696,0
IBTI.US,D,20221024,000000,21.4703,21.5002,21.4553,21.4603,9883.261247502,0
IBTI.US,D,20221025,000000,21.629,21.6499,21.5984,21.6,3036.6107289588,0
IBTI.US,D,20221026,000000,21.6497,21.6898,21.6497,21.6649,9330.2394321324,0
IBTI.US,D,20221027,000000,21.7198,21.7996,21.6958,21.7996,46338.619612844,0
IBTI.US,D,20221028,000000,21.6998,21.7497,21.6799,21.6898,17497.329719982,0
IBTI.US,D,20221031,000000,21.625,21.64,21.59,21.6086,7388.65197165,0
IBTI.US,D,20221101,000000,21.62,21.62,21.595,21.595,9228,0
IBTI.US,D,20221102,000000,21.6157,21.71,21.56,21.58,8261,0
IBTI.US,D,20221103,000000,21.45,21.516,21.45,21.51,18665,0
IBTI.US,D,20221104,000000,21.515,21.555,21.4959,21.53,14286,0
IBTI.US,D,20221107,000000,21.52,21.52,21.46,21.47,5303,0
IBTI.US,D,20221108,000000,21.54,21.5784,21.5301,21.5637,24536,0
IBTI.US,D,20221109,000000,21.6081,21.63,21.57,21.63,139307,0
IBTI.US,D,20221110,000000,21.9,21.99,21.9,21.98,23351,0
IBTI.US,D,20221111,000000,21.93,21.9798,21.93,21.96,18703,0
IBTI.US,D,20221114,000000,21.94,21.94,21.89,21.92,3284,0
IBTI.US,D,20221115,000000,22.0017,22.03,21.97,22.03,12442,0
IBTI.US,D,20221116,000000,22.11,22.14,22.08,22.14,88320,0
IBTI.US,D,20221117,000000,22.0483,22.0483,22.01,22.035,6439,0
IBTI.US,D,20221118,000000,22.03,22.03,21.9619,21.97,40906,0
IBTI.US,D,20221121,000000,22.04,22.0423,21.96,21.96,4429,0
IBTI.US,D,20221122,000000,22.01,22.025,22,22.02,4352,0
IBTI.US,D,20221123,000000,22.05,22.085,22.03,22.0801,14377,0
IBTI.US,D,20221125,000000,22.07,22.08,22.056,22.08,7476,0
IBTI.US,D,20221128,000000,22.11,22.1201,22.0701,22.1,7373,0
IBTI.US,D,20221129,000000,22.03,22.0898,22.03,22.05,8395,0
IBTI.US,D,20221130,000000,22.01,22.2,21.9844,22.2,82765,0
IBTI.US,D,20221201,000000,22.19,22.33,22.19,22.33,11887,0
IBTI.US,D,20221202,000000,22.215,22.34,22.19,22.34,59736,0
IBTI.US,D,20221205,000000,22.27,22.27,22.18,22.18,12751,0
IBTI.US,D,20221206,000000,22.21,22.2658,22.2,22.25,4342,0
IBTI.US,D,20221207,000000,22.32,22.4099,22.32,22.4,26877,0
IBTI.US,D,20221208,000000,22.3,22.3468,22.29,22.3,9236,0
IBTI.US,D,20221209,000000,22.25,22.27,22.23,22.23,24780,0
IBTI.US,D,20221212,000000,22.27,22.27,22.19,22.2,10892,0
IBTI.US,D,20221213,000000,22.45,22.451,22.35,22.36,31346,0
IBTI.US,D,20221214,000000,22.4,22.42,22.31,22.41,26302,0
IBTI.US,D,20221215,000000,22.37,22.3785,22.33,22.36,17377,0
IBTI.US,D,20221216,000000,22.28,22.38,22.2585,22.35,46580,0
IBTI.US,D,20221219,000000,22.2583,22.26,22.24,22.25,17749,0
IBTI.US,D,20221220,000000,22.15,22.1784,22.14,22.14,14916,0
IBTI.US,D,20221221,000000,22.215,22.218,22.16,22.16,24769,0
IBTI.US,D,20221222,000000,22.18,22.205,22.16,22.16,39677,0
IBTI.US,D,20221223,000000,22.09,22.11,22.088,22.09,19079,0
IBTI.US,D,20221227,000000,22.0382,22.04,21.98,21.995,14281,0
IBTI.US,D,20221228,000000,22.005,22.008,21.955,21.965,33880,0
IBTI.US,D,20221229,000000,21.985,22.02,21.98,22.02,25452,0
IBTI.US,D,20221230,000000,21.96,22,21.9201,21.94,25809,0
IBTI.US,D,20230103,000000,22.1,22.1,22.03,22.03,13904,0
IBTI.US,D,20230104,000000,22.17,22.17,22.11,22.14,58892,0
IBTI.US,D,20230105,000000,22.0483,22.115,22.0483,22.1,23421,0
IBTI.US,D,20230106,000000,22.13,22.32,22.13,22.31,41829,0
IBTI.US,D,20230109,000000,22.32,22.395,22.32,22.37,12197,0
IBTI.US,D,20230110,000000,22.3213,22.3282,22.271,22.3,29103,0
IBTI.US,D,20230111,000000,22.3296,22.3752,22.3296,22.3752,23167,0
IBTI.US,D,20230112,000000,22.45,22.535,22.42,22.52,44108,0
IBTI.US,D,20230113,000000,22.52,22.52,22.44,22.46,28401,0
IBTI.US,D,20230117,000000,22.47,22.475,22.44,22.44,9203,0
IBTI.US,D,20230118,000000,22.62,22.65,22.595,22.645,73477,0
IBTI.US,D,20230119,000000,22.61,22.63,22.59,22.6,9611,0
IBTI.US,D,20230120,000000,22.53,22.53,22.49,22.52,17256,0
IBTI.US,D,20230123,000000,22.46,22.49,22.44,22.44,91064,0
IBTI.US,D,20230124,000000,22.4899,22.52,22.48,22.51,73373,0
IBTI.US,D,20230125,000000,22.54,22.56,22.5,22.535,13531,0
IBTI.US,D,20230126,000000,22.51,22.52,22.47,22.48,83387,0
IBTI.US,D,20230127,000000,22.43,22.46,22.43,22.455,17025,0
IBTI.US,D,20230130,000000,22.3999,22.4,22.3924,22.4,18670,0
IBTI.US,D,20230131,000000,22.46,22.4719,22.42,22.4719,19081,0
IBTI.US,D,20230201,000000,22.43,22.5698,22.4,22.56,116583,0
IBTI.US,D,20230202,000000,22.59,22.63,22.555,22.555,36830,0
IBTI.US,D,20230203,000000,22.41,22.43,22.36,22.38,128595,0
IBTI.US,D,20230206,000000,22.26,22.26,22.21,22.215,172156,0
IBTI.US,D,20230207,000000,22.2159,22.28,22.17,22.19,159460,0
IBTI.US,D,20230208,000000,22.21,22.24,22.18,22.22,65420,0
IBTI.US,D,20230209,000000,22.2562,22.2562,22.1632,22.17,13665,0
IBTI.US,D,20230210,000000,22.16,22.1637,22.1,22.105,20559,0
IBTI.US,D,20230213,000000,22.1,22.124,22.1,22.12,8785,0
IBTI.US,D,20230214,000000,22.044,22.08,22,22.0284,54272,0
IBTI.US,D,20230215,000000,22.02,22.0299,21.98,22.01,20511,0
IBTI.US,D,20230216,000000,21.99,22.01,21.95,21.965,15552,0
IBTI.US,D,20230217,000000,21.95,22.02,21.95,22.015,69898,0
IBTI.US,D,20230221,000000,21.89,21.909,21.85,21.865,11589,0
IBTI.US,D,20230222,000000,21.91,21.914,21.88,21.88,5735,0
IBTI.US,D,20230223,000000,21.91,21.935,21.8924,21.935,9027,0
IBTI.US,D,20230224,000000,21.81,21.8398,21.79,21.82,21492,0
IBTI.US,D,20230227,000000,21.88,21.88,21.86,21.875,3286,0
IBTI.US,D,20230228,000000,21.84,21.8881,21.835,21.885,11790,0
IBTI.US,D,20230301,000000,21.78,21.78,21.71,21.72,34305,0
IBTI.US,D,20230302,000000,21.66,21.68,21.65,21.68,8806,0
IBTI.US,D,20230303,000000,21.75,21.76,21.7,21.755,33924,0
IBTI.US,D,20230306,000000,21.79,21.79,21.73,21.74,16988,0
IBTI.US,D,20230307,000000,21.76,21.76,21.68,21.705,27107,0
IBTI.US,D,20230308,000000,21.7694,21.78,21.67,21.69,33195,0
IBTI.US,D,20230309,000000,21.75,21.85,21.73,21.82,39666,0
IBTI.US,D,20230310,000000,22.06,22.12,22.01,22.11,17427,0
IBTI.US,D,20230313,000000,22.41,22.5,22.33,22.37,40870,0
IBTI.US,D,20230314,000000,22.215,22.2776,22.1699,22.2211,46254,0
IBTI.US,D,20230315,000000,22.5,22.62,22.4199,22.5025,20947,0
IBTI.US,D,20230316,000000,22.59,22.6099,22.3,22.32,15200,0
IBTI.US,D,20230317,000000,22.44,22.59,22.44,22.5638,195505,0
IBTI.US,D,20230320,000000,22.6,22.6,22.42,22.4495,34329,0
IBTI.US,D,20230321,000000,22.34,22.37,22.29,22.31,19027,0
IBTI.US,D,20230322,000000,22.26,22.56,22.26,22.5304,82030,0
IBTI.US,D,20230323,000000,22.53,22.67,22.52,22.664,22833,0
IBTI.US,D,20230324,000000,22.75,22.75,22.65,22.65,6879,0
IBTI.US,D,20230327,000000,22.49,22.51,22.45,22.45,5850,0
IBTI.US,D,20230328,000000,22.41,22.43,22.39,22.42,13888,0
IBTI.US,D,20230329,000000,22.36,22.4,22.35,22.38,27625,0
IBTI.US,D,20230330,000000,22.35,22.42,22.35,22.42,8061,0
IBTI.US,D,20230331,000000,22.42,22.49,22.417,22.49,5772,0
IBTI.US,D,20230403,000000,22.47,22.53,22.47,22.53,3022,0
IBTI.US,D,20230404,000000,22.45,22.6597,22.45,22.64,12089,0
IBTI.US,D,20230405,000000,22.78,22.7867,22.71,22.72,10108,0
IBTI.US,D,20230406,000000,22.72,22.7366,22.7093,22.71,4409,0
IBTI.US,D,20230410,000000,22.56,22.56,22.52,22.53,11477,0
IBTI.US,D,20230411,000000,22.53,22.53,22.4969,22.52,6127,0
IBTI.US,D,20230412,000000,22.61,22.61,22.5365,22.59,9160,0
IBTI.US,D,20230413,000000,22.66,22.66,22.565,22.565,16049,0
IBTI.US,D,20230414,000000,22.49,22.49,22.448,22.47,9989,0
IBTI.US,D,20230417,000000,22.4164,22.4164,22.36,22.36,5495,0
IBTI.US,D,20230418,000000,22.398,22.42,22.37,22.39,9791,0
IBTI.US,D,20230419,000000,22.35,22.36,22.31,22.35,65396,0
IBTI.US,D,20230420,000000,22.47,22.47,22.44,22.46,9011,0
IBTI.US,D,20230421,000000,22.49,22.49,22.411,22.42,15696,0
IBTI.US,D,20230424,000000,22.47,22.495,22.46,22.4851,11262,0
IBTI.US,D,20230425,000000,22.61,22.68,22.595,22.675,32295,0
IBTI.US,D,20230426,000000,22.66,22.67,22.58,22.61,24074,0
IBTI.US,D,20230427,000000,22.54,22.54,22.48,22.5,12621,0
IBTI.US,D,20230428,000000,22.58,22.5939,22.54,22.5939,11246,0
IBTI.US,D,20230501,000000,22.4301,22.4301,22.38,22.39,10035,0
IBTI.US,D,20230502,000000,22.44,22.605,22.44,22.58,20882,0
IBTI.US,D,20230503,000000,22.64,22.71,22.63,22.71,18218,0
IBTI.US,D,20230504,000000,22.7,22.849,22.7,22.77,364103,0
IBTI.US,D,20230505,000000,22.65,22.655,22.62,22.64,14201,0
IBTI.US,D,20230508,000000,22.589,22.5904,22.55,22.57,11320,0
IBTI.US,D,20230509,000000,22.57,22.57,22.54,22.545,16776,0
IBTI.US,D,20230510,000000,22.63,22.7,22.63,22.68,17322,0
IBTI.US,D,20230511,000000,22.785,22.7899,22.71,22.72,17830,0
IBTI.US,D,20230512,000000,22.7,22.7,22.61,22.61,5049,0
IBTI.US,D,20230515,000000,22.5912,22.62,22.5801,22.62,34828,0
IBTI.US,D,20230516,000000,22.57,22.57,22.52,22.54,18988,0
IBTI.US,D,20230517,000000,22.55,22.55,22.47,22.49,24353,0
IBTI.US,D,20230518,000000,22.4133,22.42,22.37,22.375,87084,0
IBTI.US,D,20230519,000000,22.2992,22.365,22.2992,22.31,17606,0
IBTI.US,D,20230522,000000,22.315,22.33,22.29,22.3,40547,0
IBTI.US,D,20230523,000000,22.28,22.33,22.27,22.31,22216,0
IBTI.US,D,20230524,000000,22.34,22.34,22.27,22.28,516850,0
IBTI.US,D,20230525,000000,22.22,22.23,22.14,22.14,440380,0
IBTI.US,D,20230526,000000,22.0867,22.1383,22.07,22.13,14613,0
IBTI.US,D,20230530,000000,22.19,22.265,22.19,22.265,22463,0
IBTI.US,D,20230531,000000,22.27,22.34,22.26,22.33,19198,0
IBTI.US,D,20230601,000000,22.32,22.37,22.3129,22.32,19533,0
IBTI.US,D,20230602,000000,22.2362,22.2439,22.175,22.19,13270,0
IBTI.US,D,20230605,000000,22.22,22.22,22.1761,22.19,17460,0
IBTI.US,D,20230606,000000,22.1887,22.19,22.17,22.19,12418,0
IBTI.US,D,20230607,000000,22.17,22.174,22.085,22.09,16620,0
IBTI.US,D,20230608,000000,22.1802,22.195,22.1631,22.195,9145,0
IBTI.US,D,20230609,000000,22.15,22.15,22.11,22.13,37917,0
IBTI.US,D,20230612,000000,22.14,22.16,22.1066,22.155,13688,0
IBTI.US,D,20230613,000000,22.2,22.2,22.045,22.045,13978,0
IBTI.US,D,20230614,000000,22.1,22.105,21.99,22.045,36496,0
IBTI.US,D,20230615,000000,22.14,22.16,22.1297,22.16,5184,0
IBTI.US,D,20230616,000000,22.0699,22.08,22.05,22.075,22406,0
IBTI.US,D,20230620,000000,22.115,22.1496,22.108,22.12,20039,0
IBTI.US,D,20230621,000000,22.07,22.14,22.07,22.1182,25538,0
IBTI.US,D,20230622,000000,22.055,22.0659,22.0363,22.045,8555,0
IBTI.US,D,20230623,000000,22.16,22.16,22.075,22.1,13236,0
IBTI.US,D,20230626,000000,22.126,22.134,22.1139,22.12,7327,0
IBTI.US,D,20230627,000000,22.13,22.13,22.0502,22.08,15648,0
IBTI.US,D,20230628,000000,22.0965,22.14,22.08,22.14,17354,0
IBTI.US,D,20230629,000000,22,22,21.9615,21.97,7415,0
IBTI.US,D,20230630,000000,21.96,22,21.96,22,9231,0
IBTI.US,D,20230703,000000,21.92,21.958,21.87,21.87,1433,0
IBTI.US,D,20230705,000000,21.89,21.89,21.8038,21.81,11545,0
IBTI.US,D,20230706,000000,21.67,21.7098,21.62,21.705,18907,0
IBTI.US,D,20230707,000000,21.71,21.7556,21.71,21.715,7766,0
IBTI.US,D,20230710,000000,21.76,21.83,21.76,21.83,26119,0
IBTI.US,D,20230711,000000,21.82,21.8524,21.82,21.82,41284,0
IBTI.US,D,20230712,000000,21.95,22.02,21.95,22,27942,0
IBTI.US,D,20230713,000000,22.0713,22.15,22.0713,22.14,30661,0
IBTI.US,D,20230714,000000,22.11,22.11,22.04,22.05,14131,0
IBTI.US,D,20230717,000000,22.0405,22.0847,22.04,22.06,11998,0
IBTI.US,D,20230718,000000,22.13,22.139,22.07,22.09,32766,0
IBTI.US,D,20230719,000000,22.12,22.1266,22.082,22.11,416189,0
IBTI.US,D,20230720,000000,22.04,22.04,21.9705,22,28480,0
IBTI.US,D,20230721,000000,22.0299,22.0299,22.005,22.01,15541,0
IBTI.US,D,20230724,000000,22.04,22.04,21.95,21.95,4414,0
IBTI.US,D,20230725,000000,21.92,21.94,21.91,21.94,13499,0
IBTI.US,D,20230726,000000,21.94,22.0018,21.92,21.9983,51978,0
IBTI.US,D,20230727,000000,21.9547,21.9547,21.85,21.865,50069,0
IBTI.US,D,20230728,000000,21.91,21.94,21.9,21.9207,25543,0
IBTI.US,D,20230731,000000,21.9357,21.96,21.92,21.93,21587,0
IBTI.US,D,20230801,000000,21.82,21.83,21.79,21.83,17824,0
IBTI.US,D,20230802,000000,21.81,21.83,21.77,21.82,157983,0
IBTI.US,D,20230803,000000,21.78,21.7848,21.76,21.77,92369,0
IBTI.US,D,20230804,000000,21.8387,21.92,21.8387,21.915,95673,0
IBTI.US,D,20230807,000000,21.91,21.9289,21.8901,21.91,15730,0
IBTI.US,D,20230808,000000,21.94,21.9811,21.94,21.95,12774,0
IBTI.US,D,20230809,000000,21.97,21.98,21.93,21.94,28442,0
IBTI.US,D,20230810,000000,21.97,21.9708,21.86,21.86,26608,0
IBTI.US,D,20230811,000000,21.81,21.81,21.77,21.77,4590,0
IBTI.US,D,20230814,000000,21.75,21.77,21.72,21.72,18336,0
IBTI.US,D,20230815,000000,21.7517,21.78,21.7176,21.73,314323,0
IBTI.US,D,20230816,000000,21.73,21.75,21.67,21.675,110229,0
IBTI.US,D,20230817,000000,21.71,21.71,21.6433,21.685,166566,0
IBTI.US,D,20230818,000000,21.71,21.75,21.71,21.72,59228,0
IBTI.US,D,20230821,000000,21.6678,21.67,21.63,21.65,37610,0
IBTI.US,D,20230822,000000,21.62,21.66,21.6175,21.635,29979,0
IBTI.US,D,20230823,000000,21.72,21.76,21.72,21.74,28472,0
IBTI.US,D,20230824,000000,21.71,21.75,21.71,21.715,120763,0
IBTI.US,D,20230825,000000,21.7,21.72,21.64,21.685,34783,0
IBTI.US,D,20230828,000000,21.72,21.73,21.6852,21.725,16900,0
IBTI.US,D,20230829,000000,21.71,21.84,21.71,21.835,47816,0
IBTI.US,D,20230830,000000,21.8741,21.8741,21.83,21.835,11879,0
IBTI.US,D,20230831,000000,21.85,21.888,21.84,21.875,13925,0
IBTI.US,D,20230901,000000,21.86,21.86,21.7501,21.765,12823,0
IBTI.US,D,20230905,000000,21.72,21.72,21.685,21.695,799830,0
IBTI.US,D,20230906,000000,21.7,21.7,21.62,21.62,35769,0
IBTI.US,D,20230907,000000,21.67,21.695,21.6522,21.695,15978,0
IBTI.US,D,20230908,000000,21.73,21.74,21.67,21.67,30947,0
IBTI.US,D,20230911,000000,21.6799,21.68,21.66,21.675,69868,0
IBTI.US,D,20230912,000000,21.68,21.68,21.65,21.665,56131,0
IBTI.US,D,20230913,000000,21.67,21.7171,21.66,21.695,15667,0
IBTI.US,D,20230914,000000,21.7299,21.7299,21.67,21.675,24650,0
IBTI.US,D,20230915,000000,21.64,21.66,21.635,21.65,10796,0
IBTI.US,D,20230918,000000,21.62,21.65,21.62,21.645,16263,0
IBTI.US,D,20230919,000000,21.62,21.62,21.58,21.585,16755,0
IBTI.US,D,20230920,000000,21.6397,21.6462,21.555,21.555,25440,0
IBTI.US,D,20230921,000000,21.5038,21.5299,21.5038,21.52,61777,0
IBTI.US,D,20230922,000000,21.53,21.5758,21.53,21.56,42393,0
IBTI.US,D,20230925,000000,21.52,21.55,21.5117,21.52,90751,0
IBTI.US,D,20230926,000000,21.53,21.53,21.5,21.515,20595,0
IBTI.US,D,20230927,000000,21.5366,21.5382,21.435,21.45,20053,0
IBTI.US,D,20230928,000000,21.47,21.525,21.441,21.525,34288,0
IBTI.US,D,20230929,000000,21.59,21.59,21.54,21.55,693320,0
IBTI.US,D,20231002,000000,21.42,21.42,21.38,21.39,20051,0
IBTI.US,D,20231003,000000,21.39,21.399,21.3,21.32,116499,0
IBTI.US,D,20231004,000000,21.35,21.4,21.3259,21.395,31599,0
IBTI.US,D,20231005,000000,21.44,21.45,21.4222,21.44,392539,0
IBTI.US,D,20231006,000000,21.35,21.396,21.3247,21.37,32503,0
IBTI.US,D,20231009,000000,21.5,21.56,21.48,21.56,16761,0
IBTI.US,D,20231010,000000,21.49,21.549,21.4723,21.505,38170,0
IBTI.US,D,20231011,000000,21.53,21.54,21.4928,21.53,48093,0
IBTI.US,D,20231012,000000,21.49,21.495,21.4282,21.45,58953,0
IBTI.US,D,20231013,000000,21.51,21.518,21.48,21.48,297129,0
IBTI.US,D,20231016,000000,21.45,21.45,21.42,21.42,155708,0
IBTI.US,D,20231017,000000,21.33,21.33,21.27,21.295,110952,0
IBTI.US,D,20231018,000000,21.27,21.2999,21.23,21.24,198912,0
IBTI.US,D,20231019,000000,21.23,21.26,21.21,21.24,156099,0
IBTI.US,D,20231020,000000,21.315,21.3477,21.299,21.32,214692,0
IBTI.US,D,20231023,000000,21.29,21.385,21.29,21.375,263861,0
IBTI.US,D,20231024,000000,21.3595,21.3899,21.33,21.36,70157,0
IBTI.US,D,20231025,000000,21.32,21.33,21.2746,21.29,174599,0
IBTI.US,D,20231026,000000,21.32,21.4,21.32,21.4,66418,0
IBTI.US,D,20231027,000000,21.41,21.43,21.385,21.425,97526,0
IBTI.US,D,20231030,000000,21.37,21.4,21.36,21.385,124687,0
IBTI.US,D,20231031,000000,21.39,21.4,21.37,21.38,101383,0
IBTI.US,D,20231101,000000,21.33,21.4599,21.3252,21.445,196076,0
IBTI.US,D,20231102,000000,21.51,21.53,21.4648,21.48,440553,0
IBTI.US,D,20231103,000000,21.63,21.66,21.59,21.615,105232,0
IBTI.US,D,20231106,000000,21.57,21.57,21.51,21.525,139164,0
IBTI.US,D,20231107,000000,21.56,21.6,21.55,21.59,132451,0
IBTI.US,D,20231108,000000,21.57,21.6199,21.57,21.605,463903,0
IBTI.US,D,20231109,000000,21.585,21.585,21.485,21.485,422814,0
IBTI.US,D,20231110,000000,21.5496,21.5496,21.4771,21.485,696756,0
IBTI.US,D,20231113,000000,21.45,21.495,21.425,21.495,169387,0
IBTI.US,D,20231114,000000,21.68,21.7199,21.6625,21.7134,215266,0
IBTI.US,D,20231115,000000,21.64,21.64,21.59,21.615,97190,0
IBTI.US,D,20231116,000000,21.7,21.73,21.69,21.705,158447,0
IBTI.US,D,20231117,000000,21.6983,21.71,21.67,21.6859,456590,0
IBTI.US,D,20231120,000000,21.68,21.7199,21.66,21.7,122815,0
IBTI.US,D,20231121,000000,21.725,21.755,21.71,21.735,351644,0
IBTI.US,D,20231122,000000,21.76,21.76,21.6977,21.725,128454,0
IBTI.US,D,20231124,000000,21.68,21.6896,21.66,21.665,31799,0
IBTI.US,D,20231127,000000,21.71,21.76,21.7,21.755,149994,0
IBTI.US,D,20231128,000000,21.75,21.8501,21.75,21.85,246832,0
IBTI.US,D,20231129,000000,21.91,21.94,21.89,21.92,152706,0
IBTI.US,D,20231130,000000,21.89,21.89,21.8457,21.86,118601,0
IBTI.US,D,20231201,000000,21.8,21.9384,21.8,21.92,133348,0
IBTI.US,D,20231204,000000,21.88,21.9,21.845,21.865,187004,0
IBTI.US,D,20231205,000000,21.91,21.96,21.895,21.935,145170,0
IBTI.US,D,20231206,000000,21.96,21.97,21.9311,21.96,121827,0
IBTI.US,D,20231207,000000,21.95,21.995,21.95,21.965,319775,0
IBTI.US,D,20231208,000000,21.88,21.89,21.8335,21.86,88765,0
IBTI.US,D,20231211,000000,21.84,21.86,21.81,21.855,159465,0
IBTI.US,D,20231212,000000,21.8646,21.9,21.8498,21.87,286633,0
IBTI.US,D,20231213,000000,21.92,22.1299,21.902,22.1092,619764,0
IBTI.US,D,20231214,000000,22.09,22.1695,22.09,22.125,158435,0
IBTI.US,D,20231215,000000,22.09,22.13,22.09,22.105,104307,0
IBTI.US,D,20231218,000000,22.11,22.11,22.07,22.0847,84985,0
IBTI.US,D,20231219,000000,22.08,22.1176,22.08,22.095,141580,0
IBTI.US,D,20231220,000000,22.14,22.18,22.115,22.165,141464,0
IBTI.US,D,20231221,000000,22.22,22.22,22.1596,22.17,93538,0
IBTI.US,D,20231222,000000,22.2,22.2,22.15,22.175,111542,0
IBTI.US,D,20231226,000000,22.16,22.18,22.145,22.1648,532997,0
IBTI.US,D,20231227,000000,22.19,22.26,22.19,22.255,820218,0
IBTI.US,D,20231228,000000,22.24,22.2499,22.2,22.21,349267,0
IBTI.US,D,20231229,000000,22.2,22.235,22.185,22.215,252135,0
IBTI.US,D,20240102,000000,22.16,22.17,22.14,22.145,130487,0
IBTI.US,D,20240103,000000,22.12,22.1899,22.1,22.175,124781,0
IBTI.US,D,20240104,000000,22.12,22.13,22.1,22.115,169304,0
IBTI.US,D,20240105,000000,22.08,22.1697,22.065,22.075,184669,0
IBTI.US,D,20240108,000000,22.1,22.1799,22.09,22.125,226520,0
IBTI.US,D,20240109,000000,22.12,22.14,22.119,22.12,179403,0
IBTI.US,D,20240110,000000,22.17,22.17,22.11,22.1246,249584,0
IBTI.US,D,20240111,000000,22.16,22.22,22.1401,22.215,135042,0
IBTI.US,D,20240112,000000,22.3,22.3099,22.25,22.28,203843,0
IBTI.US,D,20240116,000000,22.25,22.25,22.16,22.195,308258,0
IBTI.US,D,20240117,000000,22.12,22.12,22.09,22.115,140875,0
IBTI.US,D,20240118,000000,22.12,22.1298,22.0947,22.1,91935,0
IBTI.US,D,20240119,000000,22.07,22.09,22.0577,22.09,60161,0
IBTI.US,D,20240122,000000,22.12,22.14,22.11,22.12,85276,0
IBTI.US,D,20240123,000000,22.11,22.11,22.09,22.11,77439,0
IBTI.US,D,20240124,000000,22.16,22.16,22.06,22.0748,150142,0
IBTI.US,D,20240125,000000,22.13,22.15,22.1,22.14,85024,0
IBTI.US,D,20240126,000000,22.13,22.13,22.09,22.12,111968,0
IBTI.US,D,20240129,000000,22.13,22.19,22.13,22.18,89299,0
IBTI.US,D,20240130,000000,22.2,22.2,22.12,22.15,138879,0
IBTI.US,D,20240131,000000,22.25,22.29,22.22,22.29,270300,0
IBTI.US,D,20240201,000000,22.27,22.3181,22.24,22.28,349688,0
IBTI.US,D,20240202,000000,22.13,22.1399,22.07,22.1,244960,0
IBTI.US,D,20240205,000000,22.03,22.03,21.97,21.99,94552,0
IBTI.US,D,20240206,000000,22.01,22.075,22.0048,22.07,177452,0
IBTI.US,D,20240207,000000,22.05,22.1,22.04,22.05,102317,0
IBTI.US,D,20240208,000000,22.03,22.03,21.99,22,103654,0
IBTI.US,D,20240209,000000,21.97,21.99,21.96,21.975,136944,0
IBTI.US,D,20240212,000000,22,22.01,21.97,22,102868,0
IBTI.US,D,20240213,000000,21.89,21.89,21.82,21.83,82980,0
IBTI.US,D,20240214,000000,21.86,21.91,21.8529,21.89,140898,0
IBTI.US,D,20240215,000000,21.96,21.96,21.9096,21.93,96653,0
IBTI.US,D,20240216,000000,21.84,21.87,21.8321,21.87,82277,0
IBTI.US,D,20240220,000000,21.92,21.93,21.89,21.91,102129,0
IBTI.US,D,20240221,000000,21.92,21.92,21.85,21.86,283574,0
IBTI.US,D,20240222,000000,21.85,21.86,21.82,21.84,219060,0
IBTI.US,D,20240223,000000,21.85,21.89,21.84,21.88,206057,0
IBTI.US,D,20240226,000000,21.88,21.88,21.83,21.86,68417,0
IBTI.US,D,20240227,000000,21.85,21.8721,21.83,21.85,174214,0
IBTI.US,D,20240228,000000,21.86,21.9,21.855,21.895,105392,0
IBTI.US,D,20240229,000000,21.91,21.94,21.9001,21.9152,175172,0
IBTI.US,D,20240301,000000,21.86,21.94,21.8227,21.935,115583,0
IBTI.US,D,20240304,000000,21.8996,21.91,21.88,21.89,60777,0
IBTI.US,D,20240305,000000,21.95,21.97,21.93,21.955,233545,0
IBTI.US,D,20240306,000000,21.99,22.009,21.96,21.965,183963,0
IBTI.US,D,20240307,000000,22.01,22.02,21.98,22.01,195725,0
IBTI.US,D,20240308,000000,22.0562,22.0562,22.02,22.04,170019,0
IBTI.US,D,20240311,000000,22.03,22.03,22,22,195739,0
IBTI.US,D,20240312,000000,21.98,21.98,21.94,21.945,127693,0
IBTI.US,D,20240313,000000,21.95,21.95,21.92,21.925,150262,0
IBTI.US,D,20240314,000000,21.89,21.89,21.83,21.85,78566,0
IBTI.US,D,20240315,000000,21.82,21.825,21.8,21.81,93004,0
IBTI.US,D,20240318,000000,21.81,21.81,21.78,21.79,257276,0
IBTI.US,D,20240319,000000,21.84,21.85,21.82,21.835,93064,0
IBTI.US,D,20240320,000000,21.85,21.9,21.84,21.895,83915,0
IBTI.US,D,20240321,000000,21.92,21.92,21.88,21.89,176082,0
IBTI.US,D,20240322,000000,21.94,21.9586,21.94,21.95,152792,0
IBTI.US,D,20240325,000000,21.94,21.94,21.9,21.92,100681,0
IBTI.US,D,20240326,000000,21.9,21.9394,21.895,21.92,147313,0
IBTI.US,D,20240327,000000,21.96,21.98,21.945,21.98,142998,0
IBTI.US,D,20240328,000000,21.95,21.96,21.93,21.935,49303,0
IBTI.US,D,20240401,000000,21.87,21.87,21.765,21.775,80854,0
IBTI.US,D,20240402,000000,21.75,21.78,21.74,21.7659,108667,0
IBTI.US,D,20240403,000000,21.74,21.79,21.72,21.785,180278,0
IBTI.US,D,20240404,000000,21.8,21.84,21.78,21.835,513111,0
IBTI.US,D,20240405,000000,21.78,21.805,21.74,21.75,117304,0
IBTI.US,D,20240408,000000,21.73,21.73,21.7,21.7,99112,0
IBTI.US,D,20240409,000000,21.75,21.77,21.745,21.755,88940,0
IBTI.US,D,20240410,000000,21.62,21.62,21.54,21.55,101366,0
IBTI.US,D,20240411,000000,21.6,21.6,21.55,21.5746,102299,0
IBTI.US,D,20240412,000000,21.63,21.65,21.61,21.6248,91240,0
IBTI.US,D,20240415,000000,21.54,21.565,21.51,21.5582,85488,0
IBTI.US,D,20240416,000000,21.52,21.54,21.495,21.515,221875,0
IBTI.US,D,20240417,000000,21.55,21.615,21.54,21.585,72481,0
IBTI.US,D,20240418,000000,21.58,21.58,21.525,21.535,72108,0
IBTI.US,D,20240419,000000,21.5593,21.5699,21.5397,21.558,137555,0
IBTI.US,D,20240422,000000,21.54,21.57,21.54,21.555,55137,0
IBTI.US,D,20240423,000000,21.5478,21.61,21.54,21.5948,73489,0
IBTI.US,D,20240424,000000,21.57,21.57,21.55,21.56,64507,0
IBTI.US,D,20240425,000000,21.51,21.54,21.5037,21.525,205835,0
IBTI.US,D,20240426,000000,21.56,21.565,21.54,21.545,98404,0
IBTI.US,D,20240429,000000,21.56,21.59,21.56,21.58,125317,0
IBTI.US,D,20240430,000000,21.53,21.5586,21.52,21.525,158030,0
IBTI.US,D,20240501,000000,21.48,21.55,21.47,21.5148,75804,0
IBTI.US,D,20240502,000000,21.54,21.6,21.52,21.5946,151823,0
IBTI.US,D,20240503,000000,21.69,21.7,21.64,21.65,92474,0
IBTI.US,D,20240506,000000,21.67,21.68,21.6587,21.665,70928,0
IBTI.US,D,20240507,000000,21.69,21.71,21.67,21.675,138867,0
IBTI.US,D,20240508,000000,21.67,21.67,21.65,21.67,107378,0
IBTI.US,D,20240509,000000,21.67,21.71,21.67,21.695,68847,0
IBTI.US,D,20240510,000000,21.67,21.6795,21.65,21.655,64941,0
IBTI.US,D,20240513,000000,21.69,21.69,21.67,21.675,70204,0
IBTI.US,D,20240514,000000,21.7,21.72,21.69,21.72,74105,0
IBTI.US,D,20240515,000000,21.79,21.81,21.7659,21.805,78374,0
IBTI.US,D,20240516,000000,21.8,21.8,21.76,21.76,69022,0
IBTI.US,D,20240517,000000,21.75,21.7645,21.73,21.74,47736,0
IBTI.US,D,20240520,000000,21.73,21.73,21.72,21.725,74468,0
IBTI.US,D,20240521,000000,21.76,21.76,21.74,21.76,60245,0
IBTI.US,D,20240522,000000,21.73,21.74,21.71,21.73,103412,0
IBTI.US,D,20240523,000000,21.73,21.73,21.665,21.685,35878,0
IBTI.US,D,20240524,000000,21.67,21.69,21.67,21.68,63023,0
IBTI.US,D,20240528,000000,21.71,21.71,21.6319,21.645,70831,0
IBTI.US,D,20240529,000000,21.63,21.63,21.58,21.59,80561,0
IBTI.US,D,20240530,000000,21.64,21.66,21.63,21.6454,95947,0
IBTI.US,D,20240531,000000,21.69,21.72,21.69,21.7085,56145,0
IBTI.US,D,20240603,000000,21.65,21.71,21.65,21.705,162032,0
IBTI.US,D,20240604,000000,21.74,21.7875,21.74,21.765,116817,0
IBTI.US,D,20240605,000000,21.78,21.81,21.75,21.81,80963,0
IBTI.US,D,20240606,000000,21.8,21.82,21.79,21.81,119049,0
IBTI.US,D,20240607,000000,21.72,21.72,21.69,21.69,93141,0
IBTI.US,D,20240610,000000,21.69,21.69,21.668,21.67,55933,0
IBTI.US,D,20240611,000000,21.7,21.7392,21.69,21.73,86928,0
IBTI.US,D,20240612,000000,21.85,21.8787,21.79,21.79,107955,0
IBTI.US,D,20240613,000000,21.8574,21.9,21.85,21.87,58358,0
IBTI.US,D,20240614,000000,21.88,21.9065,21.87,21.88,97953,0
IBTI.US,D,20240617,000000,21.85,21.85,21.83,21.83,88006,0
IBTI.US,D,20240618,000000,21.87,21.8999,21.86,21.88,147637,0
IBTI.US,D,20240620,000000,21.84,21.87,21.84,21.86,107640,0
IBTI.US,D,20240621,000000,21.895,21.9,21.85,21.865,63036,0
IBTI.US,D,20240624,000000,21.87,21.88,21.85,21.875,66453,0
IBTI.US,D,20240625,000000,21.86,21.88,21.86,21.87,64734,0
IBTI.US,D,20240626,000000,21.84,21.84,21.81,21.82,75723,0
IBTI.US,D,20240627,000000,21.83,21.86,21.83,21.855,53056,0
IBTI.US,D,20240628,000000,21.89,21.8988,21.825,21.8303,66337,0
IBTI.US,D,20240701,000000,21.71,21.719,21.68,21.695,136121,0
IBTI.US,D,20240702,000000,21.75,21.75,21.72,21.735,80843,0
IBTI.US,D,20240703,000000,21.75,21.81,21.7416,21.7954,60727,0
IBTI.US,D,20240705,000000,21.86,21.885,21.8466,21.875,43596,0
IBTI.US,D,20240708,000000,21.88,21.88,21.86,21.88,87382,0
IBTI.US,D,20240709,000000,21.87,21.87,21.84,21.865,84410,0
IBTI.US,D,20240710,000000,21.87,21.8899,21.87,21.87,149216,0
IBTI.US,D,20240711,000000,21.98,21.99,21.9601,21.97,187827,0
IBTI.US,D,20240712,000000,21.99,22.01,21.9801,22.01,72557,0
IBTI.US,D,20240715,000000,22.01,22.02,21.9863,22,93253,0
IBTI.US,D,20240716,000000,22.01,22.03,21.99,22.03,2133809,0
IBTI.US,D,20240717,000000,22.01,22.05,22,22.04,373361,0
IBTI.US,D,20240718,000000,22.02,22.04,22,22,68914,0
IBTI.US,D,20240719,000000,21.975,22,21.97,21.98,85655,0
IBTI.US,D,20240722,000000,21.99,21.99,21.95,21.97,157126,0
IBTI.US,D,20240723,000000,21.97,22.01,21.97,21.985,118584,0
IBTI.US,D,20240724,000000,22.03,22.05,21.99,21.995,140081,0
IBTI.US,D,20240725,000000,22.01,22.04,21.99,22,82226,0
IBTI.US,D,20240726,000000,22.05,22.07,22.045,22.06,285440,0
IBTI.US,D,20240729,000000,22.09,22.09,22.0601,22.075,154577,0
IBTI.US,D,20240730,000000,22.0872,22.11,22.065,22.105,131397,0
IBTI.US,D,20240731,000000,22.13,22.2,22.09,22.18,150602,0
IBTI.US,D,20240801,000000,22.15,22.1999,22.145,22.195,98329,0
IBTI.US,D,20240802,000000,22.33,22.4079,22.3299,22.405,418722,0
IBTI.US,D,20240805,000000,22.49,22.52,22.353,22.39,424370,0
IBTI.US,D,20240806,000000,22.38,22.38,22.28,22.305,115520,0
IBTI.US,D,20240807,000000,22.27,22.29,22.25,22.27,665787,0
IBTI.US,D,20240808,000000,22.22,22.2593,22.21,22.24,66944,0
IBTI.US,D,20240809,000000,22.28,22.2899,22.26,22.26,62732,0
IBTI.US,D,20240812,000000,22.26,22.31,22.245,22.3,76542,0
IBTI.US,D,20240813,000000,22.36,22.37,22.34,22.37,546760,0
IBTI.US,D,20240814,000000,22.36,22.39,22.36,22.365,73806,0
IBTI.US,D,20240815,000000,22.27,22.28,22.24,22.265,978015,0
IBTI.US,D,20240816,000000,22.31,22.31,22.26,22.295,252418,0
IBTI.US,D,20240819,000000,22.285,22.32,22.2815,22.295,84280,0
IBTI.US,D,20240820,000000,22.34,22.35,22.32,22.35,237104,0
IBTI.US,D,20240821,000000,22.38,22.42,22.35,22.395,85571,0
IBTI.US,D,20240822,000000,22.355,22.3592,22.3221,22.33,148960,0
IBTI.US,D,20240823,000000,22.36,22.41,22.34,22.4,79896,0
IBTI.US,D,20240826,000000,22.43,22.43,22.39,22.395,67331,0
IBTI.US,D,20240827,000000,22.38,22.415,22.36,22.405,98909,0
IBTI.US,D,20240828,000000,22.41,22.42,22.4,22.405,87176,0
IBTI.US,D,20240829,000000,22.39,22.4,22.375,22.395,107965,0
IBTI.US,D,20240830,000000,22.4,22.4001,22.36,22.37,98669,0
IBTI.US,D,20240903,000000,22.35,22.37,22.34,22.355,95785,0
IBTI.US,D,20240904,000000,22.375,22.44,22.375,22.435,164331,0
IBTI.US,D,20240905,000000,22.47,22.47,22.42,22.45,281568,0
IBTI.US,D,20240906,000000,22.48,22.54,22.43,22.51,314898,0
IBTI.US,D,20240909,000000,22.5,22.52,22.49,22.51,84145,0
IBTI.US,D,20240910,000000,22.53,22.58,22.52,22.565,199233,0
IBTI.US,D,20240911,000000,22.54,22.598,22.53,22.55,103942,0
IBTI.US,D,20240912,000000,22.55,22.56,22.51,22.54,210589,0
IBTI.US,D,20240913,000000,22.59,22.59,22.56,22.575,78377,0
IBTI.US,D,20240916,000000,22.58,22.61,22.58,22.6,130540,0
IBTI.US,D,20240917,000000,22.58,22.58,22.56,22.575,102963,0
IBTI.US,D,20240918,000000,22.55,22.6,22.5289,22.54,212165,0
IBTI.US,D,20240919,000000,22.53,22.55,22.525,22.54,76528,0
IBTI.US,D,20240920,000000,22.53,22.57,22.51,22.5647,107261,0
IBTI.US,D,20240923,000000,22.55,22.5699,22.5114,22.545,83887,0
IBTI.US,D,20240924,000000,22.54,22.58,22.5201,22.57,109143,0
IBTI.US,D,20240925,000000,22.57,22.57,22.53,22.5448,146598,0
IBTI.US,D,20240926,000000,22.54,22.54,22.5006,22.505,121426,0
IBTI.US,D,20240927,000000,22.52,22.57,22.52,22.55,156907,0
IBTI.US,D,20240930,000000,22.54,22.5499,22.49,22.5052,119073,0
IBTI.US,D,20241001,000000,22.48,22.508,22.46,22.475,129762,0
IBTI.US,D,20241002,000000,22.44,22.46,22.43,22.455,54128,0
IBTI.US,D,20241003,000000,22.43,22.43,22.39,22.395,85117,0
IBTI.US,D,20241004,000000,22.28,22.2993,22.24,22.245,82140,0
IBTI.US,D,20241007,000000,22.2,22.219,22.19,22.21,173825,0
IBTI.US,D,20241008,000000,22.21,22.22,22.19,22.21,212959,0
IBTI.US,D,20241009,000000,22.21,22.21,22.18,22.185,88727,0
IBTI.US,D,20241010,000000,22.2176,22.22,22.175,22.205,107480,0
IBTI.US,D,20241011,000000,22.22,22.24,22.2,22.225,108610,0
IBTI.US,D,20241014,000000,22.18,22.2,22.1736,22.195,109553,0
IBTI.US,D,20241015,000000,22.24,22.25,22.23,22.245,188044,0
IBTI.US,D,20241016,000000,22.27,22.27,22.25,22.255,109764,0
IBTI.US,D,20241017,000000,22.22,22.23,22.21,22.21,156436,0
IBTI.US,D,20241018,000000,22.24,22.25,22.24,22.245,81183,0
IBTI.US,D,20241021,000000,22.21,22.217,22.17,22.175,91562,0
IBTI.US,D,20241022,000000,22.17,22.18,22.14,22.155,832548,0
IBTI.US,D,20241023,000000,22.13,22.1329,22.11,22.1161,289561,0
IBTI.US,D,20241024,000000,22.1401,22.1699,22.125,22.14,847105,0
IBTI.US,D,20241025,000000,22.17,22.17,22.1101,22.115,164098,0
IBTI.US,D,20241028,000000,22.11,22.12,22.07,22.09,100816,0
IBTI.US,D,20241029,000000,22.06,22.1088,22.0535,22.105,224427,0
IBTI.US,D,20241030,000000,22.11,22.1399,22.055,22.07,148610,0
IBTI.US,D,20241031,000000,22.04,22.0799,22.0201,22.0636,112745,0
IBTI.US,D,20241101,000000,22.03,22.03,21.95,21.96,201758,0
IBTI.US,D,20241104,000000,22.02,22.03,21.975,22,115333,0
