<TICKER>,<PER>,<DATE>,<TIME>,<OPEN>,<HIGH>,<LOW>,<CLOSE>,<VOL>,<OPENINT>
IBTJ.US,D,20200302,000000,25.3048,25.3048,25.245,25.245,808.31421285731,0
IBTJ.US,D,20200303,000000,25.265,25.6664,25.265,25.4821,16971.5861189,0
IBTJ.US,D,20200304,000000,25.5418,25.5418,25.502,25.502,707.90250939677,0
IBTJ.US,D,20200305,000000,25.6314,25.7031,25.6314,25.7031,553.26848606755,0
IBTJ.US,D,20200306,000000,26.1165,26.1354,26.0069,26.0089,6264.6861789028,0
IBTJ.US,D,20200309,000000,26.6303,26.6303,26.3725,26.3725,16475.552303804,0
IBTJ.US,D,20200310,000000,26.1902,26.3236,25.8874,25.8874,22224.12232692,0
IBTJ.US,D,20200311,000000,25.987,25.987,25.739,25.739,16463.50289939,0
IBTJ.US,D,20200312,000000,25.9372,26.0268,25.5817,25.6185,32760.322371034,0
IBTJ.US,D,20200313,000000,25.512,27.6014,25.3447,25.3447,328111.30692985,0
IBTJ.US,D,20200316,000000,25.8277,26.0129,25.7101,26.0129,15875.090317111,0
IBTJ.US,D,20200317,000000,25.8974,25.9074,25.4223,25.4223,4970.3793212965,0
IBTJ.US,D,20200318,000000,25.1066,25.3447,24.8288,24.9752,24544.636793893,0
IBTJ.US,D,20200319,000000,24.9483,25.257,24.9483,24.9782,8261.8749607328,0
IBTJ.US,D,20200320,000000,25.4323,25.6116,25.4223,25.6116,2954.1123158089,0
IBTJ.US,D,20200323,000000,25.9173,26.0567,25.9173,26.0318,2739.2312704034,0
IBTJ.US,D,20200324,000000,25.8475,25.8575,25.753,25.8227,3203.1333403911,0
IBTJ.US,D,20200325,000000,25.9472,25.9472,25.7878,25.7878,2077.5181445985,0
IBTJ.US,D,20200326,000000,25.9272,25.9272,25.9074,25.9074,619.5402103515,0
IBTJ.US,D,20200327,000000,26.0189,26.1902,26.0189,26.1692,525.1532090986,0
IBTJ.US,D,20200330,000000,26.3725,26.5706,26.1722,26.1722,255713.46461777,0
IBTJ.US,D,20200331,000000,26.3136,26.4611,26.2888,26.3038,7736.7217516342,0
IBTJ.US,D,20200401,000000,26.4222,26.9869,26.3136,26.3575,91660.823503949,0
IBTJ.US,D,20200402,000000,26.4322,26.4322,26.3326,26.3326,1296.3150916755,0
IBTJ.US,D,20200403,000000,26.3923,26.4909,26.3585,26.3725,3979.315808141,0
IBTJ.US,D,20200406,000000,26.3236,26.3236,26.2051,26.2649,1061.3517055779,0
IBTJ.US,D,20200407,000000,26.2549,26.2549,26.0368,26.1215,1494.1261474928,0
IBTJ.US,D,20200408,000000,26.0717,26.1354,26.0717,26.0866,604.47845483242,0
IBTJ.US,D,20200409,000000,26.1255,26.1752,26.0916,26.1125,2243.1974553084,0
IBTJ.US,D,20200413,000000,26.0567,26.1255,26.0567,26.0567,1517.2208392887,0
IBTJ.US,D,20200414,000000,26.1255,26.1255,26.0766,26.1095,2943.0670284283,0
IBTJ.US,D,20200415,000000,26.3725,26.3754,26.3725,26.3754,547.24378385992,0
IBTJ.US,D,20200416,000000,26.4322,26.4322,26.4023,26.4093,1511.1961370811,0
IBTJ.US,D,20200417,000000,26.4511,26.4511,26.3425,26.3425,1592.5296168841,0
IBTJ.US,D,20200420,000000,26.3824,26.4222,26.3824,26.4172,3795.5623908082,0
IBTJ.US,D,20200421,000000,26.5606,26.5606,26.5009,26.5159,781.20305292296,0
IBTJ.US,D,20200422,000000,26.4362,26.4412,26.4172,26.4172,988.05116205167,0
IBTJ.US,D,20200424,000000,26.4511,26.4611,26.4412,26.4511,1120.5946106196,0
IBTJ.US,D,20200427,000000,26.3525,26.3625,26.3038,26.3038,4373.9338027409,0
IBTJ.US,D,20200428,000000,26.3236,26.4083,26.3236,26.4083,646.65137028585,0
IBTJ.US,D,20200429,000000,26.3923,26.471,26.3725,26.4033,1200.923973388,0
IBTJ.US,D,20200430,000000,26.4083,26.4511,26.3346,26.3346,936.84119328679,0
IBTJ.US,D,20200501,000000,26.3525,26.3824,26.3425,26.3545,2168.8927947476,0
IBTJ.US,D,20200504,000000,26.3515,26.3515,26.3216,26.3425,649.66372138966,0
IBTJ.US,D,20200505,000000,26.3405,26.3425,26.3166,26.3326,682.79958353164,0
IBTJ.US,D,20200506,000000,26.1852,26.2251,26.1852,26.2161,1056.3311204048,0
IBTJ.US,D,20200507,000000,26.2151,26.3725,26.2151,26.3675,909.73003335245,0
IBTJ.US,D,20200508,000000,26.3525,26.3525,26.2898,26.2898,881.6147563835,0
IBTJ.US,D,20200511,000000,26.2549,26.2549,26.2001,26.2001,1256.1504102913,0
IBTJ.US,D,20200512,000000,26.2449,26.2848,26.2449,26.2848,227.93456685542,0
IBTJ.US,D,20200513,000000,26.3425,26.4023,26.3425,26.3625,1122.6028446888,0
IBTJ.US,D,20200514,000000,26.4122,26.4611,26.4073,26.4073,1838.5382903624,0
IBTJ.US,D,20200515,000000,26.3725,26.4023,26.3725,26.3774,529.16967723702,0
IBTJ.US,D,20200518,000000,26.2051,26.2051,26.2051,26.2051,302.23922741621,0
IBTJ.US,D,20200520,000000,26.2251,26.2898,26.2251,26.2898,500.05028323347,0
IBTJ.US,D,20200521,000000,26.3038,26.3136,26.3038,26.3136,618.5360933169,0
IBTJ.US,D,20200522,000000,26.3475,26.3625,26.3475,26.3625,627.57314662835,0
IBTJ.US,D,20200526,000000,26.2938,26.2938,26.2938,26.2938,437.79502708793,0
IBTJ.US,D,20200527,000000,26.3525,26.3525,26.3086,26.3086,398.63446273833,0
IBTJ.US,D,20200528,000000,26.3326,26.3425,26.2898,26.2898,11377.650119113,0
IBTJ.US,D,20200529,000000,26.3525,26.3814,26.3425,26.3814,1125.6151957926,0
IBTJ.US,D,20200601,000000,26.3286,26.3495,26.3286,26.3495,466.91442109149,0
IBTJ.US,D,20200602,000000,26.3136,26.3136,26.2938,26.3086,882.61887341811,0
IBTJ.US,D,20200603,000000,26.1454,26.1652,26.1404,26.1404,1918.8676531308,0
IBTJ.US,D,20200605,000000,25.8377,25.8874,25.8177,25.8874,1036.2487797127,0
IBTJ.US,D,20200608,000000,25.8575,25.9173,25.8575,25.9173,761.12071223086,0
IBTJ.US,D,20200609,000000,26.0368,26.0418,26.0069,26.0169,683.80370056625,0
IBTJ.US,D,20200610,000000,26.1115,26.2151,26.1115,26.2151,553.26848606755,0
IBTJ.US,D,20200611,000000,26.3376,26.3425,26.3336,26.3336,409.67975011898,0
IBTJ.US,D,20200612,000000,26.3038,26.3038,26.2698,26.2698,640.62666807822,0
IBTJ.US,D,20200616,000000,26.2301,26.2301,26.1652,26.1952,3390.9032258623,0
IBTJ.US,D,20200617,000000,26.2151,26.2339,26.1852,26.2339,1242.0927718068,0
IBTJ.US,D,20200618,000000,26.2988,26.3236,26.2988,26.2988,794.25657437283,0
IBTJ.US,D,20200619,000000,26.2938,26.3047,26.2938,26.3047,316.29686590069,0
IBTJ.US,D,20200622,000000,26.3425,26.3425,26.2848,26.2848,1614.6201916454,0
IBTJ.US,D,20200623,000000,26.2748,26.2748,26.2449,26.2698,1170.8004623498,0
IBTJ.US,D,20200624,000000,26.3326,26.3415,26.3326,26.3326,475.95147440294,0
IBTJ.US,D,20200625,000000,26.3625,26.3725,26.3326,26.3326,1205.944558561,0
IBTJ.US,D,20200626,000000,26.4322,26.4322,26.4122,26.4122,809.31832989191,0
IBTJ.US,D,20200629,000000,26.4222,26.4392,26.4222,26.4392,300.230993347,0
IBTJ.US,D,20200630,000000,26.4611,26.4611,26.3824,26.3824,678.78311539322,0
IBTJ.US,D,20200702,000000,26.3525,26.3774,26.3525,26.3774,972.98940653259,0
IBTJ.US,D,20200706,000000,26.3136,26.3246,26.3136,26.3246,928.80825700995,0
IBTJ.US,D,20200707,000000,26.4023,26.4023,26.4023,26.4023,445.82796336478,0
IBTJ.US,D,20200708,000000,26.3923,26.4023,26.3665,26.3824,1596.5460850225,0
IBTJ.US,D,20200709,000000,26.4122,26.471,26.4122,26.471,666.73371097795,0
IBTJ.US,D,20200710,000000,26.4909,26.4909,26.4122,26.4122,2337.5844565613,0
IBTJ.US,D,20200713,000000,26.3824,26.4461,26.3824,26.4461,1479.0643919737,0
IBTJ.US,D,20200715,000000,26.4322,26.471,26.4322,26.471,996.08409832851,0
IBTJ.US,D,20200716,000000,26.5009,26.5009,26.4611,26.4611,1667.8383944795,0
IBTJ.US,D,20200717,000000,26.4511,26.4511,26.4412,26.4412,271.11159934345,0
IBTJ.US,D,20200720,000000,26.481,26.481,26.4511,26.4611,1469.0232216276,0
IBTJ.US,D,20200721,000000,26.4859,26.5109,26.4859,26.4949,40024.104999369,0
IBTJ.US,D,20200722,000000,26.5308,26.5308,26.5009,26.5009,16582.992826507,0
IBTJ.US,D,20200723,000000,26.5308,26.5507,26.5308,26.5358,16099.008415828,0
IBTJ.US,D,20200724,000000,26.5308,26.5308,26.5258,26.5258,507.0791024757,0
IBTJ.US,D,20200727,000000,26.5308,26.5308,26.471,26.471,1067.3764077855,0
IBTJ.US,D,20200728,000000,26.5308,26.5507,26.5208,26.5497,1004.1170346054,0
IBTJ.US,D,20200729,000000,26.5407,26.5756,26.5407,26.5756,1032.2323115743,0
IBTJ.US,D,20200730,000000,26.6204,26.6303,26.6005,26.6253,4666.1318598111,0
IBTJ.US,D,20200731,000000,26.6204,26.6343,26.6204,26.6343,704.89015829296,0
IBTJ.US,D,20200803,000000,26.5806,26.5905,26.5706,26.5905,2079.5263786677,0
IBTJ.US,D,20200804,000000,26.6592,26.6892,26.6592,26.6892,735.01366933112,0
IBTJ.US,D,20200805,000000,26.6005,26.6204,26.6005,26.6005,1148.7098875885,0
IBTJ.US,D,20200806,000000,26.6792,26.6792,26.6253,26.6253,778.19070181915,0
IBTJ.US,D,20200807,000000,26.6204,26.6204,26.5706,26.5706,1288.2821553987,0
IBTJ.US,D,20200810,000000,26.6105,26.6105,26.5308,26.5308,835.42537279165,0
IBTJ.US,D,20200811,000000,26.4122,26.4501,26.3923,26.4501,719.95191381204,0
IBTJ.US,D,20200812,000000,26.3425,26.3844,26.3326,26.3575,2722.1612808151,0
IBTJ.US,D,20200813,000000,26.3625,26.3625,26.2848,26.2938,2094.5881341868,0
IBTJ.US,D,20200814,000000,26.3425,26.3525,26.3136,26.3136,1775.2789171823,0
IBTJ.US,D,20200817,000000,26.3625,26.3824,26.3625,26.3625,541.21908165229,0
IBTJ.US,D,20200818,000000,26.4122,26.4222,26.4023,26.4023,652.67607249348,0
IBTJ.US,D,20200819,000000,26.4412,26.4412,26.3725,26.3725,807.3100958227,0
IBTJ.US,D,20200820,000000,26.4561,26.4611,26.4322,26.4461,1558.3896377075,0
IBTJ.US,D,20200821,000000,26.481,26.481,26.471,26.471,436.79091005333,0
IBTJ.US,D,20200824,000000,26.471,26.471,26.4412,26.4412,1632.6942982683,0
IBTJ.US,D,20200826,000000,26.3236,26.3236,26.3236,26.3236,565.31789048281,0
IBTJ.US,D,20200827,000000,26.2748,26.2748,26.2649,26.2649,3827.6941359156,0
IBTJ.US,D,20200828,000000,26.3236,26.3236,26.2649,26.2898,902.70121411021,0
IBTJ.US,D,20200831,000000,26.3236,26.3675,26.3136,26.3236,1262.1751124989,0
IBTJ.US,D,20200902,000000,26.4122,26.4322,26.4122,26.4322,819.35950023797,0
IBTJ.US,D,20200903,000000,26.481,26.4909,26.476,26.4859,962.94823618653,0
IBTJ.US,D,20200904,000000,26.3824,26.3923,26.3326,26.3326,1959.032334515,0
IBTJ.US,D,20200908,000000,26.4023,26.4023,26.3774,26.3774,2829.6018035179,0
IBTJ.US,D,20200909,000000,26.3525,26.3625,26.3326,26.3565,1559.3937547421,0
IBTJ.US,D,20200910,000000,26.3136,26.3933,26.3136,26.3933,553.26848606755,0
IBTJ.US,D,20200911,000000,26.4023,26.4232,26.4023,26.4222,558.28907124058,0
IBTJ.US,D,20200914,000000,26.4412,26.4412,26.4023,26.4033,582.3878800711,0
IBTJ.US,D,20200915,000000,26.3923,26.4122,26.3923,26.4023,869.56535196824,0
IBTJ.US,D,20200916,000000,26.4412,26.4412,26.3824,26.3824,926.80002294074,0
IBTJ.US,D,20200917,000000,26.4322,26.4322,26.3923,26.3923,1062.3558226125,0
IBTJ.US,D,20200918,000000,26.4023,26.4023,26.3725,26.3725,638.618434009,0
IBTJ.US,D,20200921,000000,26.4511,26.4511,26.4222,26.4222,569.33435862124,0
IBTJ.US,D,20200922,000000,26.4322,26.4412,26.4202,26.4202,1234.05983553,0
IBTJ.US,D,20200923,000000,26.3923,26.3923,26.3923,26.3923,502.05851730268,0
IBTJ.US,D,20200924,000000,26.4122,26.4412,26.4122,26.4412,551.26025199834,0
IBTJ.US,D,20200925,000000,26.471,26.471,26.4452,26.4561,1016.1664390206,0
IBTJ.US,D,20200928,000000,26.4511,26.4511,26.4511,26.4511,849.48301127613,0
IBTJ.US,D,20200929,000000,26.4909,26.4909,26.471,26.471,7332.0625866883,0
IBTJ.US,D,20200930,000000,26.4023,26.4122,26.3923,26.4023,1239.080420703,0
IBTJ.US,D,20201001,000000,26.3425,26.4222,26.3425,26.4222,1557.3855206729,0
IBTJ.US,D,20201002,000000,26.3973,26.3973,26.3725,26.3923,2475.1484903022,0
IBTJ.US,D,20201005,000000,26.2938,26.2938,26.2301,26.2301,1127.6234298618,0
IBTJ.US,D,20201006,000000,26.2938,26.2938,26.2898,26.2898,2210.0615931664,0
IBTJ.US,D,20201007,000000,26.2449,26.2449,26.2449,26.2449,843.4583090685,0
IBTJ.US,D,20201008,000000,26.2449,26.2449,26.2449,26.2449,287.17747189713,0
IBTJ.US,D,20201009,000000,26.2399,26.2748,26.233,26.2349,3029.4210934044,0
IBTJ.US,D,20201012,000000,26.2549,26.2549,26.2349,26.2349,816.34714913415,0
IBTJ.US,D,20201013,000000,26.3236,26.3236,26.3236,26.3236,317.30098293529,0
IBTJ.US,D,20201014,000000,26.3425,26.3425,26.3326,26.3326,935.83707625219,0
IBTJ.US,D,20201015,000000,26.3525,26.3525,26.2938,26.3067,1254.1421762221,0
IBTJ.US,D,20201016,000000,26.3038,26.3038,26.2848,26.2848,1732.1018846942,0
IBTJ.US,D,20201019,000000,26.2349,26.2549,26.233,26.2519,1214.9816118725,0
IBTJ.US,D,20201020,000000,26.2151,26.2349,26.1752,26.1902,26486.59913882,0
IBTJ.US,D,20201021,000000,26.1553,26.1752,26.1553,26.1752,618.5360933169,0
IBTJ.US,D,20201022,000000,26.0866,26.0965,26.0766,26.0866,8397.4307604046,0
IBTJ.US,D,20201023,000000,26.0866,26.0965,26.0776,26.0965,1364.5950500287,0
IBTJ.US,D,20201026,000000,26.1752,26.1932,26.1652,26.1752,1558.3896377075,0
IBTJ.US,D,20201027,000000,26.2151,26.2251,26.2151,26.2251,500.05028323347,0
IBTJ.US,D,20201028,000000,26.2599,26.2599,26.2301,26.2301,414.70033529201,0
IBTJ.US,D,20201102,000000,26.0866,26.0866,26.0468,26.0468,1581.4843295034,0
IBTJ.US,D,20201103,000000,26.0169,26.0169,25.987,25.998,652.67607249348,0
IBTJ.US,D,20201104,000000,26.2051,26.2251,26.1962,26.2251,766.14129740388,0
IBTJ.US,D,20201105,000000,26.2449,26.2449,26.2151,26.2211,1092.4793336506,0
IBTJ.US,D,20201106,000000,26.1165,26.1454,26.1165,26.1304,1250.1257080837,0
IBTJ.US,D,20201109,000000,25.9222,25.9282,25.8775,25.9282,1783.3118534591,0
IBTJ.US,D,20201110,000000,25.8874,25.8874,25.8535,25.8535,956.9235339789,0
IBTJ.US,D,20201111,000000,25.8775,25.9024,25.8775,25.9024,542.22319868689,0
IBTJ.US,D,20201112,000000,25.9771,26.0468,25.9671,26.0468,1335.4756560251,0
IBTJ.US,D,20201113,000000,26.0169,26.0268,26.0169,26.0169,565.31789048281,0
IBTJ.US,D,20201116,000000,26.0069,26.0069,25.997,26.0009,572.34670972505,0
IBTJ.US,D,20201117,000000,26.0567,26.0657,26.0468,26.0657,1539.31141405,0
IBTJ.US,D,20201118,000000,26.0567,26.0667,26.0418,26.0567,1840.5465244316,0
IBTJ.US,D,20201119,000000,26.0965,26.1065,26.0866,26.0965,2194.9998376473,0
IBTJ.US,D,20201120,000000,26.1065,26.1354,26.1065,26.1304,1327.4427197483,0
IBTJ.US,D,20201123,000000,26.0816,26.0816,26.0766,26.0816,876.59417121047,0
IBTJ.US,D,20201124,000000,26.0468,26.0468,26.0179,26.0368,1413.7967847243,0
IBTJ.US,D,20201125,000000,26.0766,26.0766,26.0418,26.0418,1165.7798771768,0
IBTJ.US,D,20201130,000000,26.1015,26.1304,26.1015,26.1015,1424.842072105,0
IBTJ.US,D,20201201,000000,25.9372,25.9372,25.9372,25.9372,842.45419203389,0
IBTJ.US,D,20201202,000000,25.9074,25.9074,25.8924,25.9074,843.4583090685,0
IBTJ.US,D,20201203,000000,25.9272,25.9671,25.9272,25.9571,1225.0227822185,0
IBTJ.US,D,20201204,000000,25.8575,25.8735,25.8575,25.8735,479.96794254136,0
IBTJ.US,D,20201207,000000,25.9472,25.9571,25.9472,25.9472,1192.8910371112,0
IBTJ.US,D,20201208,000000,26.0019,26.0019,25.9771,25.9771,965.96058729035,0
IBTJ.US,D,20201209,000000,25.9372,25.9402,25.9372,25.9402,794.25657437283,0
IBTJ.US,D,20201210,000000,25.9671,25.997,25.9472,25.997,506.0749854411,0
IBTJ.US,D,20201211,000000,26.0468,26.0498,26.0468,26.0498,662.71724283953,0
IBTJ.US,D,20201214,000000,26.0567,26.0567,26.0368,26.0368,874.58593714126,0
IBTJ.US,D,20201215,000000,26.0119,26.0258,25.992,26.0169,1436.8914765203,0
IBTJ.US,D,20201216,000000,25.9771,26.0169,25.9771,25.997,1038.2570137819,0
IBTJ.US,D,20201217,000000,26.0468,26.0468,25.9771,25.9771,1104.5287380659,0
IBTJ.US,D,20201218,000000,26.0069,26.0069,25.9621,25.9621,1602.5707872301,0
IBTJ.US,D,20201222,000000,26.0069,26.0169,26.0029,26.0169,1965.0570367227,0
IBTJ.US,D,20201223,000000,25.9571,25.9671,25.9342,25.9671,2444.0208622294,0
IBTJ.US,D,20201224,000000,25.9671,26.0169,25.9671,25.9831,878.60240527968,0
IBTJ.US,D,20201228,000000,25.9671,26.0069,25.9671,26.0069,574.35494379426,0
IBTJ.US,D,20201229,000000,26.0059,26.0169,26.0019,26.0069,1417.8132528628,0
IBTJ.US,D,20201230,000000,25.987,26.0169,25.987,26.0169,252.03337568594,0
IBTJ.US,D,20201231,000000,26.0468,26.0468,26.0169,26.0318,3359.7755977895,0
IBTJ.US,D,20210104,000000,26.0069,26.0468,26.0069,26.0378,1086.454631443,0
IBTJ.US,D,20210105,000000,26.0069,26.0069,25.9671,25.987,1383.6732736862,0
IBTJ.US,D,20210106,000000,25.7978,25.8287,25.7978,25.8287,706.89839236217,0
IBTJ.US,D,20210107,000000,25.738,25.758,25.738,25.748,871.57358603745,0
IBTJ.US,D,20210108,000000,25.6893,25.6893,25.6793,25.6793,2049.4028676295,0
IBTJ.US,D,20210111,000000,25.6494,25.6494,25.6195,25.6195,4428.1561226096,0
IBTJ.US,D,20210112,000000,25.5398,25.6394,25.5398,25.6295,1391.706209963,0
IBTJ.US,D,20210113,000000,25.6594,25.7281,25.6494,25.7022,19971.8878183,0
IBTJ.US,D,20210114,000000,25.7081,25.7081,25.6394,25.6394,1530.2743607386,0
IBTJ.US,D,20210115,000000,25.7181,25.7281,25.7081,25.7181,3041.4704978196,0
IBTJ.US,D,20210119,000000,25.6982,25.7281,25.6982,25.7281,250372.56611071,0
IBTJ.US,D,20210120,000000,25.7181,25.7281,25.7081,25.7281,10489.006543488,0
IBTJ.US,D,20210121,000000,25.6982,25.7181,25.6893,25.7031,89189.691481786,0
IBTJ.US,D,20210122,000000,25.7281,25.743,25.7281,25.743,616.52785924769,0
IBTJ.US,D,20210125,000000,25.8277,25.8367,25.8277,25.8367,727.98485008888,0
IBTJ.US,D,20210126,000000,25.8377,25.8475,25.8377,25.8377,1014.1582049514,0
IBTJ.US,D,20210127,000000,25.8675,25.8675,25.8675,25.8675,660.70900877032,0
IBTJ.US,D,20210128,000000,25.8277,25.8277,25.7878,25.8117,2215.0821783394,0
IBTJ.US,D,20210129,000000,25.758,25.7878,25.758,25.758,137586.12431569,0
IBTJ.US,D,20210201,000000,25.758,25.7778,25.758,25.7729,1652.7766389604,0
IBTJ.US,D,20210202,000000,25.7081,25.7081,25.6893,25.7041,996.08409832851,0
IBTJ.US,D,20210203,000000,25.6793,25.6793,25.6494,25.6544,853.49947941455,0
IBTJ.US,D,20210204,000000,25.6295,25.6494,25.6295,25.6494,1267.195697672,0
IBTJ.US,D,20210205,000000,25.6484,25.6494,25.5947,25.5947,2530.3749272055,0
IBTJ.US,D,20210208,000000,25.6195,25.6195,25.5996,25.5996,443.81972929557,0
IBTJ.US,D,20210209,000000,25.6494,25.6494,25.6096,25.6195,448.84031446859,0
IBTJ.US,D,20210210,000000,25.6594,25.6833,25.6594,25.6793,858.52006458758,0
IBTJ.US,D,20210211,000000,25.6793,25.6893,25.6594,25.6644,1626.6695960607,0
IBTJ.US,D,20210212,000000,25.6096,25.6096,25.5797,25.5847,1965.0570367227,0
IBTJ.US,D,20210216,000000,25.4303,25.4303,25.3934,25.3934,931.82060811377,0
IBTJ.US,D,20210217,000000,25.4004,25.4503,25.4004,25.4203,1843.5588755354,0
IBTJ.US,D,20210218,000000,25.4193,25.4303,25.4104,25.4203,6029.7227928051,0
IBTJ.US,D,20210219,000000,25.3616,25.3616,25.3118,25.3217,904.70944817942,0
IBTJ.US,D,20210222,000000,25.3118,25.3118,25.2869,25.2869,472.93912329912,0
IBTJ.US,D,20210224,000000,25.242,25.27,25.242,25.27,484.98852771439,0
IBTJ.US,D,20210225,000000,25.0837,25.0837,24.9343,24.9343,17744.756235546,0
IBTJ.US,D,20210226,000000,24.9892,25.1584,24.9642,25.1346,2970.1781883626,0
IBTJ.US,D,20210301,000000,25.0639,25.1036,25.0639,25.0937,6329.9537861521,0
IBTJ.US,D,20210302,000000,25.1435,25.1524,25.1435,25.1524,598.45375262479,0
IBTJ.US,D,20210303,000000,25.009,25.024,25.009,25.024,1351.5415285788,0
IBTJ.US,D,20210304,000000,25.0539,25.0539,24.9105,24.9105,1279.2451020872,0
IBTJ.US,D,20210308,000000,24.7849,24.7849,24.7849,24.7849,2693.0418868116,0
IBTJ.US,D,20210310,000000,24.9095,24.9443,24.9045,24.9443,2223.1151146163,0
IBTJ.US,D,20210311,000000,24.9243,24.9742,24.9243,24.9473,11677.88111246,0
IBTJ.US,D,20210312,000000,24.765,24.7949,24.765,24.775,2882.820006352,0
IBTJ.US,D,20210315,000000,24.8049,24.8049,24.7969,24.7969,873.58182010666,0
IBTJ.US,D,20210316,000000,24.8248,24.8248,24.7999,24.7999,999.09644943233,0
IBTJ.US,D,20210317,000000,24.7252,24.775,24.7043,24.775,1420.8256039666,0
IBTJ.US,D,20210318,000000,24.5868,24.6256,24.5868,24.6256,6561.904821146,0
IBTJ.US,D,20210319,000000,24.5768,24.6106,24.5669,24.6067,2328.5474032498,0
IBTJ.US,D,20210322,000000,24.6705,24.6754,24.6655,24.6754,594.43728448637,0
IBTJ.US,D,20210323,000000,24.7252,24.7949,24.7252,24.7949,274.12395044726,0
IBTJ.US,D,20210324,000000,24.7452,24.8228,24.7452,24.8228,1527.2620096347,0
IBTJ.US,D,20210325,000000,24.8397,24.8397,24.7899,24.7899,2096.596368256,0
IBTJ.US,D,20210326,000000,24.7252,24.7352,24.7232,24.7232,570.33847565584,0
IBTJ.US,D,20210329,000000,24.6853,24.6953,24.6256,24.6425,2322.5227010422,0
IBTJ.US,D,20210330,000000,24.5669,24.6067,24.5669,24.6067,1591.5254998495,0
IBTJ.US,D,20210331,000000,24.5968,24.6256,24.5569,24.5898,8887.439873292,0
IBTJ.US,D,20210401,000000,24.6455,24.6853,24.6455,24.6853,3625.8666119599,0
IBTJ.US,D,20210405,000000,24.6206,24.6206,24.6156,24.6156,301.23511038161,0
IBTJ.US,D,20210406,000000,24.7152,24.7342,24.7152,24.7252,747.06307374638,0
IBTJ.US,D,20210407,000000,24.7452,24.7551,24.7053,24.7152,553.26848606755,0
IBTJ.US,D,20210408,000000,24.765,24.7979,24.765,24.7979,3066.5734236847,0
IBTJ.US,D,20210409,000000,24.7501,24.765,24.7352,24.7362,1666.8342774449,0
IBTJ.US,D,20210412,000000,24.7112,24.7252,24.7112,24.7202,540.21496461768,0
IBTJ.US,D,20210413,000000,24.7551,24.8149,24.7551,24.8099,2819.5606331718,0
IBTJ.US,D,20210414,000000,24.765,24.7849,24.765,24.7849,1592.5296168841,0
IBTJ.US,D,20210415,000000,24.9443,24.9443,24.9243,24.9243,989.05527908627,0
IBTJ.US,D,20210416,000000,24.8846,24.8846,24.8696,24.8696,603.47433779782,0
IBTJ.US,D,20210419,000000,24.8636,24.8746,24.8497,24.8497,1701.9783736561,0
IBTJ.US,D,20210420,000000,24.8985,24.9443,24.8846,24.9243,146671.3752448,0
IBTJ.US,D,20210421,000000,24.8995,24.9303,24.8995,24.9303,3153.9316056954,0
IBTJ.US,D,20210422,000000,24.9343,24.9513,24.9045,24.9393,67187.479019514,0
IBTJ.US,D,20210423,000000,24.9343,24.9343,24.9194,24.9194,1078.4216951661,0
IBTJ.US,D,20210426,000000,24.9095,24.9095,24.8945,24.8995,3574.6566431951,0
IBTJ.US,D,20210427,000000,24.8546,24.8746,24.7999,24.7999,653.68018952808,0
IBTJ.US,D,20210428,000000,24.7899,24.8348,24.775,24.8348,615.52374221308,0
IBTJ.US,D,20210429,000000,24.7869,24.7899,24.7869,24.7899,1112.5616743427,0
IBTJ.US,D,20210430,000000,24.7949,24.8149,24.7949,24.8149,917.76296962929,0
IBTJ.US,D,20210503,000000,24.8159,24.8338,24.8159,24.8338,856.51183051837,0
IBTJ.US,D,20210504,000000,24.9233,24.9233,24.8646,24.8646,742.04248857336,0
IBTJ.US,D,20210505,000000,24.8736,24.8965,24.8736,24.8965,1200.923973388,0
IBTJ.US,D,20210506,000000,24.9243,24.9243,24.9145,24.9145,415.70445232662,0
IBTJ.US,D,20210507,000000,24.9842,24.9842,24.9145,24.9194,1411.7885506551,0
IBTJ.US,D,20210510,000000,24.8846,24.8846,24.8746,24.8756,317.30098293529,0
IBTJ.US,D,20210512,000000,24.7352,24.7352,24.7292,24.7352,2017.2711225222,0
IBTJ.US,D,20210513,000000,24.765,24.8119,24.765,24.8119,1254.1421762221,0
IBTJ.US,D,20210514,000000,24.8397,24.8546,24.8149,24.8546,5812.8335133304,0
IBTJ.US,D,20210517,000000,24.8536,24.8536,24.8348,24.8447,391.60564349609,0
IBTJ.US,D,20210518,000000,24.8348,24.8417,24.8248,24.8417,390.60152646148,0
IBTJ.US,D,20210519,000000,24.8447,24.8447,24.77,24.77,741.03837153875,0
IBTJ.US,D,20210520,000000,24.8646,24.8646,24.8546,24.8546,3769.4553479085,0
IBTJ.US,D,20210521,000000,24.8447,24.8646,24.8447,24.8646,381.56447315003,0
IBTJ.US,D,20210524,000000,24.8895,24.8895,24.8846,24.8846,693.8448709123,0
IBTJ.US,D,20210525,000000,24.9443,24.9742,24.9443,24.9742,585.40023117492,0
IBTJ.US,D,20210526,000000,24.9642,24.9642,24.9383,24.9383,1561.4019888113,0
IBTJ.US,D,20210527,000000,24.8616,24.8945,24.8616,24.8945,1467.0149875584,0
IBTJ.US,D,20210601,000000,24.8746,24.8746,24.8696,24.8696,802.28951064968,0
IBTJ.US,D,20210603,000000,24.8546,24.8546,24.8348,24.8348,1765.2377468362,0
IBTJ.US,D,20210608,000000,25.014,25.014,25.014,25.014,327.34215328135,0
IBTJ.US,D,20210609,000000,25.0837,25.0887,25.0639,25.0887,1112.5616743427,0
IBTJ.US,D,20210610,000000,25.0837,25.1634,25.0837,25.1634,471.93500626452,0
IBTJ.US,D,20210611,000000,25.1146,25.1306,25.1136,25.1306,929.81237404456,0
IBTJ.US,D,20210614,000000,25.0837,25.0837,25.0489,25.0489,380.56035611543,0
IBTJ.US,D,20210615,000000,25.0439,25.0539,25.0439,25.0539,138.56815077554,0
IBTJ.US,D,20210616,000000,24.8796,24.8945,24.8796,24.8796,877.59828824508,0
IBTJ.US,D,20210617,000000,24.9493,25.014,24.9493,24.9602,1853.6000458815,0
IBTJ.US,D,20210618,000000,25.0389,25.0787,25.029,25.0787,28319.112726975,0
IBTJ.US,D,20210621,000000,25.009,25.0339,25.009,25.019,374.5356539078,0
IBTJ.US,D,20210622,000000,25.0339,25.0589,25.0339,25.0589,2327.5432862152,0
IBTJ.US,D,20210623,000000,25.0489,25.0489,25.009,25.009,532.18202834084,0
IBTJ.US,D,20210624,000000,25.0329,25.0329,25.009,25.009,688.82428573927,0
IBTJ.US,D,20210625,000000,24.9592,24.9592,24.9443,24.9592,404.65916494596,0
IBTJ.US,D,20210628,000000,25.024,25.0339,25.024,25.0339,259.06219492818,0
IBTJ.US,D,20210629,000000,25.0339,25.0389,25.0339,25.0389,203.83575802489,0
IBTJ.US,D,20210630,000000,25.1086,25.1086,25.0767,25.0767,373.53153687319,0
IBTJ.US,D,20210701,000000,25.029,25.0489,25.024,25.0489,644.64313621664,0
IBTJ.US,D,20210702,000000,25.0837,25.1336,25.0837,25.1336,318.3050999699,0
IBTJ.US,D,20210706,000000,25.1684,25.258,25.1684,25.258,1430.8667743126,0
IBTJ.US,D,20210708,000000,25.3666,25.4014,25.3666,25.3766,1595.5419679879,0
IBTJ.US,D,20210709,000000,25.2819,25.2829,25.2819,25.2829,788.2318721652,0
IBTJ.US,D,20210712,000000,25.25,25.258,25.25,25.258,863.5406497606,0
IBTJ.US,D,20210713,000000,25.2779,25.2779,25.1883,25.1883,1233.0557184954,0
IBTJ.US,D,20210714,000000,25.243,25.2929,25.243,25.2879,843.4583090685,0
IBTJ.US,D,20210715,000000,25.3029,25.3796,25.3029,25.3796,750.0754248502,0
IBTJ.US,D,20210716,000000,25.3327,25.3716,25.3327,25.3716,984.03469391325,0
IBTJ.US,D,20210719,000000,25.5508,25.5607,25.5508,25.5598,733.00543526191,0
IBTJ.US,D,20210720,000000,25.5607,25.5607,25.5458,25.5458,680.79134946243,0
IBTJ.US,D,20210721,000000,25.4413,25.4413,25.4134,25.4134,370.51918576938,0
IBTJ.US,D,20210722,000000,25.4811,25.4811,25.4761,25.4761,653.68018952808,0
IBTJ.US,D,20210726,000000,25.4213,25.4413,25.4213,25.4263,451.85266557241,0
IBTJ.US,D,20210727,000000,25.511,25.516,25.511,25.516,378.55212204622,0
IBTJ.US,D,20210728,000000,25.4861,25.5309,25.4861,25.5309,363.49036652714,0
IBTJ.US,D,20210802,000000,25.6006,25.6255,25.6006,25.6076,2681.9965994309,0
IBTJ.US,D,20210804,000000,25.6992,25.6992,25.5707,25.6056,2280.3497855888,0
IBTJ.US,D,20210805,000000,25.521,25.5299,25.516,25.517,1845.5671096046,0
IBTJ.US,D,20210806,000000,25.3964,25.3964,25.3894,25.3894,577.36729489808,0
IBTJ.US,D,20210809,000000,25.3576,25.3576,25.3536,25.3536,1258.1586443605,0
IBTJ.US,D,20210810,000000,25.3447,25.3447,25.3078,25.3078,1177.8292815921,0
IBTJ.US,D,20210811,000000,25.3147,25.3367,25.3147,25.3367,335.37508955819,0
IBTJ.US,D,20210812,000000,25.2979,25.3297,25.2979,25.3078,1120.5946106196,0
IBTJ.US,D,20210816,000000,25.501,25.5309,25.4761,25.4761,1097.4999188237,0
IBTJ.US,D,20210817,000000,25.4811,25.4811,25.4661,25.4661,334.37097252358,0
IBTJ.US,D,20210819,000000,25.496,25.496,25.49,25.496,474.94735736833,0
IBTJ.US,D,20210820,000000,25.4801,25.4801,25.4631,25.4631,533.18614537544,0
IBTJ.US,D,20210823,000000,25.4621,25.4781,25.4611,25.4781,549.25201792913,0
IBTJ.US,D,20210824,000000,25.4611,25.4611,25.4164,25.4164,1812.4312474627,0
IBTJ.US,D,20210826,000000,25.3029,25.3427,25.3029,25.3347,667.73782801256,0
IBTJ.US,D,20210827,000000,25.3427,25.4064,25.3427,25.4064,2104.6293045328,0
IBTJ.US,D,20210830,000000,25.4313,25.4562,25.4313,25.4562,1907.8223657502,0
IBTJ.US,D,20210831,000000,25.4513,25.4513,25.4164,25.4164,8150.4179698917,0
IBTJ.US,D,20210901,000000,25.4303,25.4303,25.4164,25.4164,879.60652231429,0
IBTJ.US,D,20210907,000000,25.2979,25.3118,25.2979,25.3078,364.49448356174,0
IBTJ.US,D,20210908,000000,25.3227,25.3576,25.3227,25.3576,993.07174722469,0
IBTJ.US,D,20210909,000000,25.4164,25.4164,25.3815,25.4164,293.20217410476,0
IBTJ.US,D,20210910,000000,25.3815,25.3815,25.3427,25.3477,7669.4459103157,0
IBTJ.US,D,20210914,000000,25.4483,25.4513,25.4463,25.4463,652.67607249348,0
IBTJ.US,D,20210915,000000,25.4104,25.4104,25.3854,25.4074,674.7666472548,0
IBTJ.US,D,20210916,000000,25.3437,25.3437,25.3427,25.3427,578.37141193268,0
IBTJ.US,D,20210917,000000,25.261,25.2779,25.261,25.2779,935.83707625219,0
IBTJ.US,D,20210920,000000,25.3964,25.3964,25.3815,25.3815,983.03057687864,0
IBTJ.US,D,20210921,000000,25.3864,25.4004,25.3666,25.3666,663.72135987414,0
IBTJ.US,D,20210922,000000,25.3914,25.3914,25.3766,25.3766,137.56403374093,0
IBTJ.US,D,20210923,000000,25.262,25.262,25.1963,25.1963,1764.2336298016,0
IBTJ.US,D,20210924,000000,25.1136,25.1336,25.1136,25.1286,1102.5205039967,0
IBTJ.US,D,20210927,000000,25.0837,25.0837,25.0688,25.0688,342.40390880043,0
IBTJ.US,D,20210928,000000,24.9692,24.9892,24.9692,24.9892,262.074546032,0
IBTJ.US,D,20210929,000000,25.0339,25.0439,25.01,25.01,1223.0145481493,0
IBTJ.US,D,20210930,000000,25.003,25.0389,24.999,25.0389,689.82840277388,0
IBTJ.US,D,20211001,000000,25.0787,25.1286,25.0787,25.1286,852.49536237994,0
IBTJ.US,D,20211004,000000,25.0837,25.1286,25.0837,25.0987,9885.5322056897,0
IBTJ.US,D,20211005,000000,25.0439,25.0439,25.0379,25.0379,507.0791024757,0
IBTJ.US,D,20211006,000000,25.0499,25.0499,25.0389,25.0389,305.25157852003,0
IBTJ.US,D,20211007,000000,24.9842,24.9842,24.9592,24.9592,1338.4880071289,0
IBTJ.US,D,20211008,000000,24.9095,24.9214,24.9095,24.9095,777.18658478454,0
IBTJ.US,D,20211011,000000,24.8348,24.8945,24.8348,24.8586,2072.4975594254,0
IBTJ.US,D,20211012,000000,24.9194,24.9393,24.9065,24.9393,1277.236868018,0
IBTJ.US,D,20211013,000000,24.9592,24.9732,24.9592,24.9732,3130.8369138995,0
IBTJ.US,D,20211014,000000,25.004,25.019,25.004,25.019,287.17747189713,0
IBTJ.US,D,20211015,000000,24.9243,24.9343,24.9145,24.9145,577.36729489808,0
IBTJ.US,D,20211018,000000,24.8756,24.8756,24.8736,24.8736,432.77444191491,0
IBTJ.US,D,20211019,000000,24.8536,24.8536,24.8049,24.8049,999.09644943233,0
IBTJ.US,D,20211020,000000,24.8149,24.8149,24.8099,24.8099,391.60564349609,0
IBTJ.US,D,20211021,000000,24.7491,24.7621,24.7322,24.7322,6223.517380484,0
IBTJ.US,D,20211022,000000,24.7949,24.7949,24.7849,24.7849,648.65960435506,0
IBTJ.US,D,20211025,000000,24.8348,24.8348,24.8149,24.8149,1107.5410891697,0
IBTJ.US,D,20211026,000000,24.8039,24.8348,24.8039,24.8348,1931.9211745807,0
IBTJ.US,D,20211027,000000,24.9145,24.9543,24.8915,24.9443,982.02645984404,0
IBTJ.US,D,20211028,000000,24.9243,24.9243,24.8796,24.8796,521.13674096018,0
IBTJ.US,D,20211029,000000,24.8447,24.8895,24.8447,24.8895,378.55212204622,0
IBTJ.US,D,20211101,000000,24.8447,24.8885,24.8447,24.8885,167.68754477909,0
IBTJ.US,D,20211102,000000,24.9513,24.9722,24.9343,24.9393,1882.719439885,0
IBTJ.US,D,20211103,000000,24.8945,24.8965,24.8546,24.8965,610.50315704005,0
IBTJ.US,D,20211104,000000,24.9922,24.999,24.9842,24.999,657.69665766651,0
IBTJ.US,D,20211110,000000,24.9892,24.9892,24.9045,24.9045,522.14085799478,0
IBTJ.US,D,20211111,000000,24.9095,24.9095,24.8149,24.8348,846.47066017231,0
IBTJ.US,D,20211112,000000,24.8846,24.8846,24.8846,24.8846,861.53241569139,0
IBTJ.US,D,20211116,000000,24.8318,24.8348,24.7849,24.7849,1333.4674219559,0
IBTJ.US,D,20211117,000000,24.7869,24.8566,24.7869,24.8566,2196.0039546819,0
IBTJ.US,D,20211118,000000,24.8716,24.8746,24.8536,24.8646,830.40478761863,0
IBTJ.US,D,20211119,000000,24.9543,24.9642,24.9095,24.9095,1369.6156352017,0
IBTJ.US,D,20211122,000000,24.7601,24.764,24.7452,24.7452,907.72179928324,0
IBTJ.US,D,20211123,000000,24.7053,24.7152,24.6725,24.6725,963.95235322114,0
IBTJ.US,D,20211124,000000,24.6853,24.7252,24.6853,24.7202,12056.433234506,0
IBTJ.US,D,20211126,000000,24.9592,24.994,24.9443,24.9712,13413.999465293,0
IBTJ.US,D,20211129,000000,24.8945,24.9692,24.8945,24.9692,1662.8178093065,0
IBTJ.US,D,20211130,000000,25.1036,25.1286,25.004,25.0708,2882.820006352,0
IBTJ.US,D,20211201,000000,24.9842,25.0937,24.9842,25.0937,656.6925406319,0
IBTJ.US,D,20211202,000000,25.0439,25.0529,25.024,25.0479,469.92677219531,0
IBTJ.US,D,20211203,000000,25.0737,25.1614,25.0737,25.1614,768.1495314731,0
IBTJ.US,D,20211206,000000,25.0459,25.0629,25.0459,25.0629,277.13630155108,0
IBTJ.US,D,20211207,000000,25.0339,25.0339,24.9892,24.9892,146.60108705238,0
IBTJ.US,D,20211208,000000,24.9243,24.9363,24.9095,24.9293,927.80413997535,0
IBTJ.US,D,20211209,000000,24.9852,24.994,24.9742,24.9742,582.3878800711,0
IBTJ.US,D,20211210,000000,25.0309,25.0309,24.9892,24.9892,856.51183051837,0
IBTJ.US,D,20211213,000000,25.0887,25.0887,25.0539,25.0887,224.9222157516,0
IBTJ.US,D,20211215,000000,25.016,25.024,25.016,25.024,394.6179945999,0
IBTJ.US,D,20211216,000000,25.0459,25.0907,25.0459,25.0887,749.07130781559,0
IBTJ.US,D,20211220,000000,25.1933,25.1933,25.1186,25.1186,494.02558102583,0
IBTJ.US,D,20211221,000000,25.0389,25.0389,25.029,25.029,1296.3150916755,0
IBTJ.US,D,20211223,000000,25.004,25.008,24.9842,25.008,635.60608290519,0
IBTJ.US,D,20211227,000000,25.009,25.009,25.004,25.004,156.64225739844,0
IBTJ.US,D,20211229,000000,24.9343,24.9343,24.9174,24.9174,9855.4086946515,0
IBTJ.US,D,20211230,000000,24.9543,24.9742,24.9543,24.9742,792.24834030362,0
IBTJ.US,D,20211231,000000,24.9632,24.9632,24.9592,24.9592,641.63078511282,0
IBTJ.US,D,20220103,000000,24.8149,24.8149,24.775,24.775,15275.632447451,0
IBTJ.US,D,20220104,000000,24.7402,24.7561,24.7242,24.7561,946.88236363285,0
IBTJ.US,D,20220105,000000,24.7152,24.7152,24.6605,24.6605,539.21084758307,0
IBTJ.US,D,20220106,000000,24.5868,24.6018,24.5868,24.6018,1390.7020929284,0
IBTJ.US,D,20220107,000000,24.5261,24.5459,24.5221,24.5369,45074.813683434,0
IBTJ.US,D,20220110,000000,24.5071,24.5171,24.4772,24.5171,874.58593714126,0
IBTJ.US,D,20220111,000000,24.5669,24.5669,24.5071,24.5669,132.54344856791,0
IBTJ.US,D,20220112,000000,24.5868,24.6156,24.5818,24.5818,36420.32896217,0
IBTJ.US,D,20220113,000000,24.6146,24.6455,24.6067,24.6455,1973.0899729995,0
IBTJ.US,D,20220114,000000,24.5968,24.5968,24.4972,24.4972,7333.0667037229,0
IBTJ.US,D,20220118,000000,24.4025,24.4025,24.3278,24.3278,416.70856936122,0
IBTJ.US,D,20220120,000000,24.4175,24.4175,24.4075,24.4175,727.98485008888,0
IBTJ.US,D,20220121,000000,24.5349,24.5349,24.5271,24.5271,537.20261351386,0
IBTJ.US,D,20220124,000000,24.5958,24.5958,24.5489,24.5489,1185.8622178689,0
IBTJ.US,D,20220125,000000,24.5469,24.5469,24.4991,24.4991,19796.167337244,0
IBTJ.US,D,20220126,000000,24.4972,24.5271,24.3617,24.3617,15179.237212129,0
IBTJ.US,D,20220127,000000,24.4274,24.4474,24.4274,24.4274,18240.790050641,0
IBTJ.US,D,20220131,000000,24.4583,24.4682,24.4583,24.4682,197.81105581725,0
IBTJ.US,D,20220201,000000,24.4474,24.4474,24.4274,24.4374,450.8485485378,0
IBTJ.US,D,20220203,000000,24.3776,24.4075,24.3776,24.4075,268.09924823963,0
IBTJ.US,D,20220204,000000,24.2282,24.2382,24.2282,24.2382,5062.7580884802,0
IBTJ.US,D,20220207,000000,24.2432,24.2541,24.2432,24.2541,108.44463973738,0
IBTJ.US,D,20220208,000000,24.1924,24.1924,24.1685,24.1834,889.64769266034,0
IBTJ.US,D,20220209,000000,24.2382,24.2581,24.2084,24.2084,1495.1302645274,0
IBTJ.US,D,20220210,000000,24.064,24.064,24.0012,24.0012,627.57314662835,0
IBTJ.US,D,20220211,000000,24.0988,24.2044,24.0341,24.2044,1301.3356768485,0
IBTJ.US,D,20220214,000000,24.0689,24.0888,24.049,24.0888,476.95559143754,0
IBTJ.US,D,20220215,000000,24.039,24.039,24.0291,24.0341,733.00543526191,0
IBTJ.US,D,20220216,000000,24.059,24.0888,24.0291,24.0689,4127.9251292626,0
IBTJ.US,D,20220217,000000,24.1864,24.1864,24.1804,24.1804,549.25201792913,0
IBTJ.US,D,20220222,000000,24.1884,24.2252,24.1884,24.2252,897.68062893719,0
IBTJ.US,D,20220223,000000,24.1387,24.1785,24.1387,24.1436,3892.961743165,0
IBTJ.US,D,20220224,000000,24.1984,24.2282,24.1765,24.1765,2139.773400744,0
IBTJ.US,D,20220225,000000,24.1485,24.1485,24.1287,24.1287,1300.3315598139,0
IBTJ.US,D,20220228,000000,24.3577,24.3577,24.3358,24.3358,1028.2158434359,0
IBTJ.US,D,20220301,000000,24.6455,24.6555,24.6236,24.6236,2495.2308309943,0
IBTJ.US,D,20220302,000000,24.4972,24.4972,24.3179,24.3179,8887.439873292,0
IBTJ.US,D,20220303,000000,24.3667,24.3886,24.3667,24.3876,1288.2821553987,0
IBTJ.US,D,20220304,000000,24.5968,24.6067,24.5768,24.5768,1701.9783736561,0
IBTJ.US,D,20220307,000000,24.5369,24.5369,24.5369,24.5369,610.50315704005,0
IBTJ.US,D,20220308,000000,24.3577,24.3677,24.3298,24.3498,4036.5504791135,0
IBTJ.US,D,20220309,000000,24.2581,24.2581,24.2521,24.2521,1969.0735048611,0
IBTJ.US,D,20220310,000000,24.1197,24.1197,24.1087,24.1087,890.65180969495,0
IBTJ.US,D,20220311,000000,24.1087,24.1087,24.0888,24.0888,1550.3567014307,0
IBTJ.US,D,20220314,000000,23.9175,23.9175,23.8627,23.8627,511.09557061412,0
IBTJ.US,D,20220315,000000,23.9195,23.9195,23.8508,23.8508,846.47066017231,0
IBTJ.US,D,20220316,000000,23.8309,23.8309,23.791,23.801,2197.0080717165,0
IBTJ.US,D,20220317,000000,23.806,23.8309,23.7721,23.7721,4030.5257769059,0
IBTJ.US,D,20220318,000000,23.8309,23.8339,23.8309,23.8339,246.00867347831,0
IBTJ.US,D,20220321,000000,23.572,23.572,23.563,23.563,1186.8663349035,0
IBTJ.US,D,20220323,000000,23.5122,23.57,23.4524,23.57,5910.2328656871,0
IBTJ.US,D,20220324,000000,23.4723,23.5023,23.4723,23.4923,2041.3699313527,0
IBTJ.US,D,20220325,000000,23.2533,23.2732,23.2433,23.2533,1350.5374115442,0
IBTJ.US,D,20220328,000000,23.3459,23.3459,23.2782,23.2782,6096.9986341237,0
IBTJ.US,D,20220329,000000,23.3827,23.4026,23.3757,23.3757,5453.3596149417,0
IBTJ.US,D,20220330,000000,23.3629,23.4624,23.3629,23.4524,9105.3332698013,0
IBTJ.US,D,20220331,000000,23.5122,23.5222,23.5122,23.5122,1364.5950500287,0
IBTJ.US,D,20220401,000000,23.303,23.3629,23.2632,23.3529,2742.2436215072,0
IBTJ.US,D,20220405,000000,23.1536,23.1536,23.0949,23.0949,4172.1062787852,0
IBTJ.US,D,20220406,000000,23.0849,23.0849,23.0372,23.0372,4710.3130093337,0
IBTJ.US,D,20220407,000000,23.0242,23.0242,22.9853,23.0053,3110.7545732074,0
IBTJ.US,D,20220408,000000,22.9555,22.9655,22.9555,22.9655,4233.3574178962,0
IBTJ.US,D,20220412,000000,23.0023,23.0053,22.9873,23.0053,1227.0310162877,0
IBTJ.US,D,20220413,000000,23.065,23.1139,23.0252,23.0352,19111.359519644,0
IBTJ.US,D,20220414,000000,22.9057,22.9256,22.8509,22.8509,2442.0126281602,0
IBTJ.US,D,20220418,000000,22.8718,22.8718,22.8718,22.8718,484.98852771439,0
IBTJ.US,D,20220419,000000,22.7264,22.7274,22.7264,22.7274,546.23966682531,0
IBTJ.US,D,20220420,000000,22.7364,22.8061,22.7364,22.7862,22404.863393149,0
IBTJ.US,D,20220421,000000,22.6179,22.6866,22.6179,22.6866,7407.3713642837,0
IBTJ.US,D,20220422,000000,22.7264,22.7264,22.6866,22.6965,1554.3731695691,0
IBTJ.US,D,20220425,000000,22.8559,22.9028,22.8181,22.8359,2140.7775177786,0
IBTJ.US,D,20220426,000000,22.9635,22.9635,22.9356,22.9455,2051.4111016987,0
IBTJ.US,D,20220427,000000,22.9455,22.9754,22.8559,22.8758,15645.147516186,0
IBTJ.US,D,20220428,000000,22.7912,22.8071,22.7862,22.8071,1307.3603790562,0
IBTJ.US,D,20220429,000000,22.6667,22.7464,22.6667,22.7165,5037.6551626151,0
IBTJ.US,D,20220502,000000,22.5671,22.5671,22.5671,22.5671,128.52698042949,0
IBTJ.US,D,20220503,000000,22.6795,22.6897,22.587,22.592,1184.8581008343,0
IBTJ.US,D,20220504,000000,22.587,22.7264,22.5422,22.7165,25119.995854722,0
IBTJ.US,D,20220505,000000,22.5372,22.5596,22.4874,22.5596,1168.7922282806,0
IBTJ.US,D,20220506,000000,22.5372,22.5372,22.4657,22.4675,1326.4386027137,0
IBTJ.US,D,20220509,000000,22.5622,22.6087,22.5372,22.6087,2460.0867347831,0
IBTJ.US,D,20220510,000000,22.6965,22.7115,22.6617,22.6617,14833.820952225,0
IBTJ.US,D,20220511,000000,22.6169,22.7762,22.6069,22.7646,26636.212576976,0
IBTJ.US,D,20220512,000000,22.8559,22.9057,22.8073,22.8509,19638.520962811,0
IBTJ.US,D,20220513,000000,22.775,22.785,22.7464,22.7464,1866.6535673314,0
IBTJ.US,D,20220516,000000,22.8459,22.8758,22.831,22.831,2996.2852312624,0
IBTJ.US,D,20220517,000000,22.7065,22.7464,22.6717,22.6766,7126.2185945942,0
IBTJ.US,D,20220518,000000,22.6567,22.8161,22.6567,22.7762,21871.677247774,0
IBTJ.US,D,20220519,000000,22.9057,22.9156,22.8559,22.8858,7357.1655125534,0
IBTJ.US,D,20220520,000000,22.8659,22.9555,22.8659,22.9451,2359.6750313226,0
IBTJ.US,D,20220523,000000,22.8958,22.8958,22.8261,22.8359,2287.378604831,0
IBTJ.US,D,20220524,000000,23.0053,23.0252,22.9853,22.9953,1372.6279863055,0
IBTJ.US,D,20220525,000000,23.0252,23.0501,23.016,23.0452,1091.475216616,0
IBTJ.US,D,20220526,000000,23.075,23.075,22.9853,23.0352,10065.269154884,0
IBTJ.US,D,20220527,000000,23.065,23.08,23.0252,23.0551,4546.641932693,0
IBTJ.US,D,20220531,000000,22.8808,22.8958,22.8758,22.8758,1168.7922282806,0
IBTJ.US,D,20220601,000000,22.7662,22.7662,22.7065,22.7215,1145.6975364847,0
IBTJ.US,D,20220602,000000,22.7364,22.7464,22.7364,22.7442,2127.7239963287,0
IBTJ.US,D,20220603,000000,22.7065,22.7264,22.7015,22.7264,1146.7016535193,0
IBTJ.US,D,20220606,000000,22.6472,22.6472,22.5772,22.597,3010.3428697468,0
IBTJ.US,D,20220607,000000,22.6667,22.6667,22.6617,22.6667,428.75797377649,0
IBTJ.US,D,20220608,000000,22.6268,22.6268,22.6017,22.6069,9293.1031552725,0
IBTJ.US,D,20220609,000000,22.5821,22.6069,22.5472,22.5671,4040.5669472519,0
IBTJ.US,D,20220610,000000,22.3679,22.3679,22.3679,22.3679,87.358182010666,0
IBTJ.US,D,20220613,000000,22.1588,22.1588,22.0293,22.0293,3049.5034340965,0
IBTJ.US,D,20220614,000000,21.9447,21.9496,21.87,21.8999,8562.1059540798,0
IBTJ.US,D,20220615,000000,22.0144,22.1538,21.9646,22.1449,12850.689808879,0
IBTJ.US,D,20220616,000000,22.1687,22.2544,22.1687,22.2544,325.33391921213,0
IBTJ.US,D,20220617,000000,22.1737,22.2883,22.1737,22.2471,9388.4942735601,0
IBTJ.US,D,20220621,000000,22.1637,22.1686,22.1588,22.1637,2171.9051458514,0
IBTJ.US,D,20220622,000000,22.3828,22.4177,22.3828,22.4077,3432.0720242811,0
IBTJ.US,D,20220623,000000,22.5571,22.5771,22.4974,22.4974,1980.1187922418,0
IBTJ.US,D,20220624,000000,22.5173,22.5272,22.4525,22.4575,4382.9708560524,0
IBTJ.US,D,20220627,000000,22.4027,22.4027,22.358,22.358,475.95147440294,0
IBTJ.US,D,20220628,000000,22.3181,22.3608,22.3181,22.3587,797.26892547665,0
IBTJ.US,D,20220629,000000,22.3978,22.4974,22.3978,22.4974,572.34670972505,0
IBTJ.US,D,20220630,000000,22.6866,22.6866,22.6667,22.6667,575.35906082887,0
IBTJ.US,D,20220701,000000,22.8559,22.8958,22.8161,22.8553,2134.752815571,0
IBTJ.US,D,20220705,000000,22.9008,22.9008,22.9008,22.9008,254.04160975515,0
IBTJ.US,D,20220706,000000,22.9754,22.9754,22.7364,22.7464,28505.878495412,0
IBTJ.US,D,20220707,000000,22.7065,22.7065,22.6169,22.6169,6263.6820618682,0
IBTJ.US,D,20220708,000000,22.5272,22.5272,22.5272,22.5272,153.62990629462,0
IBTJ.US,D,20220711,000000,22.597,22.6368,22.597,22.6368,773.17011664612,0
IBTJ.US,D,20220712,000000,22.7563,22.7563,22.6896,22.7065,587.40846524413,0
IBTJ.US,D,20220713,000000,22.5571,22.7563,22.5472,22.7264,11158.752605569,0
IBTJ.US,D,20220714,000000,22.587,22.6766,22.587,22.6468,1289.2862724333,0
IBTJ.US,D,20220715,000000,22.6866,22.6866,22.6866,22.6866,17.069989588291,0
IBTJ.US,D,20220718,000000,22.6597,22.6597,22.6567,22.6567,240.98808830528,0
IBTJ.US,D,20220719,000000,22.6268,22.6368,22.5472,22.5472,216615.15552431,0
IBTJ.US,D,20220720,000000,22.6169,22.6268,22.5173,22.5272,17420.426433369,0
IBTJ.US,D,20220721,000000,22.6247,22.7662,22.6247,22.7662,149764.05571138,0
IBTJ.US,D,20220722,000000,23.0053,23.0053,22.9256,22.9618,48610.309762279,0
IBTJ.US,D,20220725,000000,22.8858,22.9156,22.8659,22.9091,33042.479257758,0
IBTJ.US,D,20220726,000000,23.0152,23.0252,22.9156,22.9156,2431.9714578142,0
IBTJ.US,D,20220727,000000,22.9952,22.9952,22.9655,22.9754,1441.9120616933,0
IBTJ.US,D,20220728,000000,23.2145,23.2145,23.105,23.1746,6917.3622513963,0
IBTJ.US,D,20220729,000000,23.1049,23.2145,23.1049,23.1783,3770.4594649431,0
IBTJ.US,D,20220801,000000,23.2544,23.2643,23.2444,23.2643,391.100860449,0
IBTJ.US,D,20220802,000000,23.1377,23.1646,22.9751,22.9751,992.794491909,0
IBTJ.US,D,20220803,000000,22.9751,23.0649,22.8854,23.0649,4635.0466076802,0
IBTJ.US,D,20220804,000000,23.1246,23.1635,23.0948,23.1635,4667.1369346914,0
IBTJ.US,D,20220805,000000,22.895,22.8954,22.8755,22.8954,1323.725989212,0
IBTJ.US,D,20220808,000000,22.971,22.9773,22.971,22.9773,368.0359379097,0
IBTJ.US,D,20220809,000000,22.9353,22.9353,22.9053,22.9053,2265.3765224469,0
IBTJ.US,D,20220810,000000,23.0729,23.0729,22.9553,22.9652,3220.0637510301,0
IBTJ.US,D,20220811,000000,22.9053,22.9153,22.8256,22.8455,6782.0900492733,0
IBTJ.US,D,20220812,000000,22.9053,22.9053,22.8592,22.8954,2564.2176927387,0
IBTJ.US,D,20220815,000000,23.0119,23.025,22.9552,22.9652,14148.825743782,0
IBTJ.US,D,20220816,000000,22.8885,22.9253,22.8885,22.9203,1868.2587256833,0
IBTJ.US,D,20220817,000000,22.8088,22.8256,22.7957,22.8056,3264.1879506705,0
IBTJ.US,D,20220818,000000,22.8754,22.8854,22.8291,22.8355,1983.5833383798,0
IBTJ.US,D,20220819,000000,22.7159,22.7159,22.6855,22.7039,1905.36316629,0
IBTJ.US,D,20220822,000000,22.666,22.6758,22.5962,22.6162,10988.931355898,0
IBTJ.US,D,20220823,000000,22.5713,22.675,22.5713,22.5862,6222.5149720155,0
IBTJ.US,D,20220824,000000,22.5264,22.5364,22.5057,22.5065,1245.5058171222,0
IBTJ.US,D,20220825,000000,22.5334,22.6162,22.5334,22.6162,1095.0824092572,0
IBTJ.US,D,20220826,000000,22.6145,22.6145,22.5663,22.5862,1724.855076852,0
IBTJ.US,D,20220829,000000,22.503,22.5065,22.4736,22.4766,5872.5298430496,0
IBTJ.US,D,20220830,000000,22.4766,22.4865,22.4367,22.4865,3545.9811347376,0
IBTJ.US,D,20220831,000000,22.4638,22.4638,22.3768,22.3821,3470.7694308051,0
IBTJ.US,D,20220901,000000,22.2392,22.2472,22.2138,22.2472,2679.5423054352,0
IBTJ.US,D,20220902,000000,22.3441,22.3569,22.3441,22.3569,313.8835110783,0
IBTJ.US,D,20220906,000000,22.1973,22.1973,22.1535,22.1774,2411.7886394355,0
IBTJ.US,D,20220907,000000,22.2372,22.2971,22.2372,22.2871,5281.8672614997,0
IBTJ.US,D,20220908,000000,22.2771,22.307,22.2218,22.2218,1029.8989325157,0
IBTJ.US,D,20220909,000000,22.2462,22.2671,22.1967,22.1973,2235.2918408739,0
IBTJ.US,D,20220912,000000,22.2547,22.2871,22.1674,22.1724,250070.89299381,0
IBTJ.US,D,20220913,000000,22.0478,22.0577,22.0109,22.0577,5215.6809620391,0
IBTJ.US,D,20220914,000000,22.0079,22.0727,22.0079,22.0378,5242.7571754548,0
IBTJ.US,D,20220915,000000,21.9979,21.9979,21.958,21.963,20166.764881101,0
IBTJ.US,D,20220916,000000,21.978,22.0328,21.978,22.0083,23463.043158783,0
IBTJ.US,D,20220919,000000,21.9979,21.9979,21.9181,21.946,25408.519233837,0
IBTJ.US,D,20220920,000000,21.8483,21.8832,21.8384,21.8433,5313.9575885109,0
IBTJ.US,D,20220921,000000,21.8583,21.9281,21.8084,21.8932,13153.022783716,0
IBTJ.US,D,20220922,000000,21.7037,21.7037,21.6389,21.6507,34374.75716531,0
IBTJ.US,D,20220923,000000,21.6459,21.6489,21.5591,21.6339,126692.61104022,0
IBTJ.US,D,20220926,000000,21.5342,21.5491,21.3547,21.3697,2879.1040265361,0
IBTJ.US,D,20220927,000000,21.3996,21.3996,21.2681,21.2681,4671.1482255678,0
IBTJ.US,D,20220928,000000,21.5193,21.6533,21.4694,21.6533,3852.8448867822,0
IBTJ.US,D,20220929,000000,21.5317,21.6041,21.5317,21.5492,6361.9073299704,0
IBTJ.US,D,20220930,000000,21.6097,21.6097,21.4957,21.4957,2164.0914278178,0
IBTJ.US,D,20221003,000000,21.6489,21.7885,21.6389,21.6788,9677.239239315,0
IBTJ.US,D,20221004,000000,21.7187,21.817,21.7187,21.7308,4456.5441636804,0
IBTJ.US,D,20221005,000000,21.5891,21.5989,21.5292,21.5691,81704.981038673,0
IBTJ.US,D,20221006,000000,21.5093,21.5093,21.4525,21.4694,4317.1518057255,0
IBTJ.US,D,20221007,000000,21.3896,21.4195,21.3647,21.3697,4250.9655062649,0
IBTJ.US,D,20221010,000000,21.3098,21.3198,21.2201,21.2949,35052.665323421,0
IBTJ.US,D,20221011,000000,21.2999,21.3995,21.2999,21.3098,5372.1213062187,0
IBTJ.US,D,20221012,000000,21.3397,21.3946,21.3109,21.3815,5655.920135724,0
IBTJ.US,D,20221013,000000,21.2151,21.3347,21.2151,21.2799,1489.1917378635,0
IBTJ.US,D,20221014,000000,21.2799,21.2799,21.1949,21.2201,515729.66233331,0
IBTJ.US,D,20221017,000000,21.3298,21.3298,21.232,21.232,10238.819962011,0
IBTJ.US,D,20221018,000000,21.2909,21.3148,21.2126,21.2899,248476.40487044,0
IBTJ.US,D,20221019,000000,21.1413,21.1553,21.1105,21.1184,162793.2261051,0
IBTJ.US,D,20221020,000000,21.0905,21.1245,20.9907,20.9907,5208.6612030054,0
IBTJ.US,D,20221021,000000,20.9708,21.0915,20.9708,21.0905,13306.454659738,0
IBTJ.US,D,20221024,000000,21.1204,21.1204,21.0705,21.0705,4357.2647144895,0
IBTJ.US,D,20221025,000000,21.25,21.2899,21.24,21.255,32304.931073087,0
IBTJ.US,D,20221026,000000,21.3098,21.3497,21.2999,21.3248,8911.0826819226,0
IBTJ.US,D,20221027,000000,21.4694,21.4694,21.4259,21.4544,8095.7878112943,0
IBTJ.US,D,20221028,000000,21.4096,21.4096,21.3098,21.3447,5296.9096022862,0
IBTJ.US,D,20221031,000000,21.27,21.3091,21.2201,21.2561,24349.538442467,0
IBTJ.US,D,20221101,000000,21.42,21.42,21.245,21.26,41313,0
IBTJ.US,D,20221102,000000,21.27,21.39,21.2,21.2357,23931,0
IBTJ.US,D,20221103,000000,21.09,21.1668,21.09,21.16,13304,0
IBTJ.US,D,20221104,000000,21.15,21.225,21.1313,21.16,23609,0
IBTJ.US,D,20221107,000000,21.16,21.16,21.09,21.1,5809,0
IBTJ.US,D,20221108,000000,21.135,21.2157,21.135,21.2,30610,0
IBTJ.US,D,20221109,000000,21.19,21.2707,21.19,21.2707,72737,0
IBTJ.US,D,20221110,000000,21.56,21.66,21.56,21.66,46828,0
IBTJ.US,D,20221111,000000,21.5921,21.63,21.59,21.63,10389,0
IBTJ.US,D,20221114,000000,21.57,21.59,21.56,21.58,4999,0
IBTJ.US,D,20221115,000000,21.66,21.71,21.645,21.71,29428,0
IBTJ.US,D,20221116,000000,21.77,21.83,21.75,21.82,2647,0
IBTJ.US,D,20221117,000000,21.72,21.72,21.68,21.71,7305,0
IBTJ.US,D,20221118,000000,21.706,21.706,21.63,21.64,8630,0
IBTJ.US,D,20221121,000000,21.71,21.72,21.6296,21.64,6208,0
IBTJ.US,D,20221122,000000,21.7,21.72,21.7,21.71,3131,0
IBTJ.US,D,20221123,000000,21.76,21.785,21.7212,21.785,23047,0
IBTJ.US,D,20221125,000000,21.7903,21.7903,21.7903,21.7903,121,0
IBTJ.US,D,20221128,000000,21.82,21.8202,21.78,21.81,5573,0
IBTJ.US,D,20221129,000000,21.75,21.77,21.7302,21.75,7471,0
IBTJ.US,D,20221130,000000,21.709,21.8892,21.69,21.8892,69952,0
IBTJ.US,D,20221201,000000,21.91,22.0478,21.91,22.0478,7474,0
IBTJ.US,D,20221202,000000,21.91,22.0669,21.9,22.0669,6442,0
IBTJ.US,D,20221205,000000,21.96,21.98,21.87,21.9,8460,0
IBTJ.US,D,20221206,000000,21.9199,21.97,21.9199,21.97,2504,0
IBTJ.US,D,20221207,000000,22.05,22.14,22.0484,22.14,15098,0
IBTJ.US,D,20221208,000000,22.03,22.067,22.0149,22.02,6212,0
IBTJ.US,D,20221209,000000,21.9601,21.97,21.93,21.93,6771,0
IBTJ.US,D,20221212,000000,21.94,21.94,21.89,21.9,6116,0
IBTJ.US,D,20221213,000000,22.17,22.175,22.06,22.06,17370,0
IBTJ.US,D,20221214,000000,22.08,22.125,22.0167,22.12,19353,0
IBTJ.US,D,20221215,000000,22.08,22.08,22.019,22.07,9827,0
IBTJ.US,D,20221216,000000,21.96,22.075,21.9535,22.05,31738,0
IBTJ.US,D,20221219,000000,21.94,21.94,21.92,21.93,7137,0
IBTJ.US,D,20221220,000000,21.83,21.83,21.8,21.8,11461,0
IBTJ.US,D,20221221,000000,21.885,21.8899,21.82,21.825,39378,0
IBTJ.US,D,20221222,000000,21.84,21.86,21.82,21.82,71062,0
IBTJ.US,D,20221223,000000,21.74,21.78,21.74,21.75,9159,0
IBTJ.US,D,20221227,000000,21.68,21.68,21.6194,21.625,13793,0
IBTJ.US,D,20221228,000000,21.64,21.64,21.5935,21.595,6364,0
IBTJ.US,D,20221229,000000,21.6311,21.66,21.61,21.66,7345,0
IBTJ.US,D,20221230,000000,21.56,21.635,21.5557,21.59,6480,0
IBTJ.US,D,20230103,000000,21.77,21.77,21.69,21.7,10506,0
IBTJ.US,D,20230104,000000,21.83,21.85,21.775,21.8137,23396,0
IBTJ.US,D,20230105,000000,21.715,21.785,21.715,21.785,9278,0
IBTJ.US,D,20230106,000000,21.81,22.0261,21.7899,22.02,17630,0
IBTJ.US,D,20230109,000000,22,22.09,22,22.065,8594,0
IBTJ.US,D,20230110,000000,21.98,21.985,21.94,21.97,19452,0
IBTJ.US,D,20230111,000000,22.025,22.07,22.01,22.07,9446,0
IBTJ.US,D,20230112,000000,22.145,22.24,22.1312,22.24,24189,0
IBTJ.US,D,20230113,000000,22.22,22.22,22.12,22.1365,116323,0
IBTJ.US,D,20230117,000000,22.115,22.15,22.091,22.11,6055,0
IBTJ.US,D,20230118,000000,22.305,22.35,22.27,22.345,70205,0
IBTJ.US,D,20230119,000000,22.3199,22.32,22.2868,22.29,11503,0
IBTJ.US,D,20230120,000000,22.21,22.23,22.177,22.18,18448,0
IBTJ.US,D,20230123,000000,22.14,22.17,22.11,22.13,42084,0
IBTJ.US,D,20230124,000000,22.15,22.2076,22.13,22.2,59433,0
IBTJ.US,D,20230125,000000,22.23,22.23,22.19,22.225,13448,0
IBTJ.US,D,20230126,000000,22.2,22.218,22.155,22.17,2559,0
IBTJ.US,D,20230127,000000,22.11,22.135,22.11,22.1346,12959,0
IBTJ.US,D,20230130,000000,22.07,22.08,22.065,22.07,10474,0
IBTJ.US,D,20230131,000000,22.1405,22.1506,22.1,22.1506,8919,0
IBTJ.US,D,20230201,000000,22.1453,22.26,22.1,22.26,24249,0
IBTJ.US,D,20230202,000000,22.32,22.33,22.25,22.25,20339,0
IBTJ.US,D,20230203,000000,22.12,22.13,22.04,22.055,6503,0
IBTJ.US,D,20230206,000000,21.94,21.94,21.8795,21.8795,6914,0
IBTJ.US,D,20230207,000000,21.89,21.9495,21.8442,21.86,37875,0
IBTJ.US,D,20230208,000000,21.87,21.91,21.8401,21.9001,16200,0
IBTJ.US,D,20230209,000000,21.93,21.93,21.82,21.83,7692,0
IBTJ.US,D,20230210,000000,21.8074,21.8074,21.752,21.76,11985,0
IBTJ.US,D,20230213,000000,21.75,21.8,21.75,21.79,10852,0
IBTJ.US,D,20230214,000000,21.73,21.746,21.68,21.68,18195,0
IBTJ.US,D,20230215,000000,21.66,21.66,21.63,21.655,6256,0
IBTJ.US,D,20230216,000000,21.61,21.639,21.6,21.6,15894,0
IBTJ.US,D,20230217,000000,21.5795,21.67,21.5795,21.67,66884,0
IBTJ.US,D,20230221,000000,21.5167,21.5459,21.47,21.47,15273,0
IBTJ.US,D,20230222,000000,21.52,21.5437,21.505,21.505,5021,0
IBTJ.US,D,20230223,000000,21.51,21.5661,21.51,21.565,4078,0
IBTJ.US,D,20230224,000000,21.45,21.47,21.4299,21.47,17299,0
IBTJ.US,D,20230227,000000,21.5,21.51,21.49,21.505,6511,0
IBTJ.US,D,20230228,000000,21.5094,21.52,21.4901,21.52,4520,0
IBTJ.US,D,20230301,000000,21.409,21.409,21.33,21.345,21532,0
IBTJ.US,D,20230302,000000,21.27,21.2864,21.25,21.275,13353,0
IBTJ.US,D,20230303,000000,21.35,21.39,21.3289,21.38,5453,0
IBTJ.US,D,20230306,000000,21.4065,21.41,21.3519,21.36,5449,0
IBTJ.US,D,20230307,000000,21.39,21.39,21.32,21.34,10891,0
IBTJ.US,D,20230308,000000,21.4282,21.4282,21.3,21.33,27382,0
IBTJ.US,D,20230309,000000,21.388,21.4832,21.37,21.4572,26715,0
IBTJ.US,D,20230310,000000,21.7,21.79,21.66,21.77,11850,0
IBTJ.US,D,20230313,000000,22.12,22.175,21.98,22.0297,24918,0
IBTJ.US,D,20230314,000000,21.92,21.93,21.8174,21.86,17893,0
IBTJ.US,D,20230315,000000,22.16,22.27,22.091,22.1599,15578,0
IBTJ.US,D,20230316,000000,22.25,22.29,21.9701,21.9883,19238,0
IBTJ.US,D,20230317,000000,22.15,22.2699,22.15,22.2313,10837,0
IBTJ.US,D,20230320,000000,22.209,22.209,22.08,22.1106,9555,0
IBTJ.US,D,20230321,000000,22,22.04,21.948,21.957,11492,0
IBTJ.US,D,20230322,000000,21.9399,22.22,21.9398,22.22,6138,0
IBTJ.US,D,20230323,000000,22.21,22.35,22.2,22.3394,145950,0
IBTJ.US,D,20230324,000000,22.44,22.47,22.34,22.34,7270,0
IBTJ.US,D,20230327,000000,22.1584,22.18,22.12,22.12,13453,0
IBTJ.US,D,20230328,000000,22.09,22.1,22.0709,22.09,14814,0
IBTJ.US,D,20230329,000000,22.02,22.0726,22.02,22.06,6603,0
IBTJ.US,D,20230330,000000,22.0302,22.08,22.0302,22.08,80783,0
IBTJ.US,D,20230331,000000,22.1,22.18,22.085,22.17,8996,0
IBTJ.US,D,20230403,000000,22.11,22.21,22.11,22.2,4621,0
IBTJ.US,D,20230404,000000,22.1395,22.34,22.1395,22.335,9895,0
IBTJ.US,D,20230405,000000,22.41,22.445,22.3801,22.4,17672,0
IBTJ.US,D,20230406,000000,22.41,22.43,22.3867,22.4,19874,0
IBTJ.US,D,20230410,000000,22.25,22.25,22.2,22.2,9258,0
IBTJ.US,D,20230411,000000,22.2093,22.21,22.17,22.2,4705,0
IBTJ.US,D,20230412,000000,22.3,22.3,22.2055,22.265,4258,0
IBTJ.US,D,20230413,000000,22.32,22.32,22.22,22.24,8773,0
IBTJ.US,D,20230414,000000,22.15,22.15,22.11,22.125,5253,0
IBTJ.US,D,20230417,000000,22.05,22.05,22.02,22.03,3864,0
IBTJ.US,D,20230418,000000,22.03,22.07,22.03,22.04,11411,0
IBTJ.US,D,20230419,000000,22.0098,22.01,21.96,22.01,44304,0
IBTJ.US,D,20230420,000000,22.12,22.12,22.09,22.105,9355,0
IBTJ.US,D,20230421,000000,22.16,22.16,22.0602,22.08,33690,0
IBTJ.US,D,20230424,000000,22.12,22.16,22.12,22.1459,16343,0
IBTJ.US,D,20230425,000000,22.27,22.35,22.27,22.34,8309,0
IBTJ.US,D,20230426,000000,22.3231,22.34,22.2424,22.2664,17275,0
IBTJ.US,D,20230427,000000,22.19,22.19,22.13,22.135,4593,0
IBTJ.US,D,20230428,000000,22.22,22.2617,22.22,22.2617,3562,0
IBTJ.US,D,20230501,000000,22.14,22.14,22.0178,22.0178,5848,0
IBTJ.US,D,20230502,000000,22.16,22.26,22.16,22.26,11220,0
IBTJ.US,D,20230503,000000,22.31,22.3875,22.3,22.3875,21821,0
IBTJ.US,D,20230504,000000,22.41,22.5,22.39,22.42,96235,0
IBTJ.US,D,20230505,000000,22.3,22.3,22.273,22.2998,3202,0
IBTJ.US,D,20230508,000000,22.2,22.24,22.19,22.21,8484,0
IBTJ.US,D,20230509,000000,22.2,22.2,22.18,22.18,16489,0
IBTJ.US,D,20230510,000000,22.31,22.34,22.28,22.33,32470,0
IBTJ.US,D,20230511,000000,22.44,22.44,22.36,22.37,17166,0
IBTJ.US,D,20230512,000000,22.35,22.36,22.26,22.27,4349,0
IBTJ.US,D,20230515,000000,22.2369,22.245,22.2162,22.245,17947,0
IBTJ.US,D,20230516,000000,22.19,22.19,22.15,22.18,9307,0
IBTJ.US,D,20230517,000000,22.164,22.164,22.1,22.12,16121,0
IBTJ.US,D,20230518,000000,22.03,22.04,21.995,21.9988,84121,0
IBTJ.US,D,20230519,000000,21.93,21.98,21.91,21.92,19796,0
IBTJ.US,D,20230522,000000,21.92,21.94,21.9,21.92,8619,0
IBTJ.US,D,20230523,000000,21.9,21.96,21.88,21.94,20196,0
IBTJ.US,D,20230524,000000,21.97,21.97,21.88,21.9,36213,0
IBTJ.US,D,20230525,000000,21.83,21.8384,21.76,21.76,18945,0
IBTJ.US,D,20230526,000000,21.72,21.77,21.7,21.7598,8730,0
IBTJ.US,D,20230530,000000,21.81,21.905,21.81,21.905,40581,0
IBTJ.US,D,20230531,000000,21.94,21.985,21.9185,21.9749,13786,0
IBTJ.US,D,20230601,000000,21.9699,21.97,21.9499,21.97,13700,0
IBTJ.US,D,20230602,000000,21.95,21.95,21.805,21.815,12095,0
IBTJ.US,D,20230605,000000,21.75,21.84,21.75,21.83,9878,0
IBTJ.US,D,20230606,000000,21.83,21.83,21.79,21.81,8119,0
IBTJ.US,D,20230607,000000,21.78,21.78,21.6981,21.72,9338,0
IBTJ.US,D,20230608,000000,21.76,21.825,21.76,21.825,58889,0
IBTJ.US,D,20230609,000000,21.745,21.769,21.745,21.75,10097,0
IBTJ.US,D,20230612,000000,21.77,21.7872,21.72,21.785,14736,0
IBTJ.US,D,20230613,000000,21.83,21.83,21.6323,21.655,7144,0
IBTJ.US,D,20230614,000000,21.6957,21.719,21.615,21.665,169480,0
IBTJ.US,D,20230615,000000,21.75,21.79,21.74,21.79,5739,0
IBTJ.US,D,20230616,000000,21.71,21.72,21.69,21.72,9812,0
IBTJ.US,D,20230620,000000,21.74,21.78,21.74,21.75,22836,0
IBTJ.US,D,20230621,000000,21.6972,21.77,21.6972,21.77,3942,0
IBTJ.US,D,20230622,000000,21.705,21.735,21.66,21.675,161739,0
IBTJ.US,D,20230623,000000,21.7698,21.7698,21.715,21.73,8634,0
IBTJ.US,D,20230626,000000,21.755,21.7768,21.755,21.775,6378,0
IBTJ.US,D,20230627,000000,21.78,21.78,21.69,21.7,11428,0
IBTJ.US,D,20230628,000000,21.72,21.79,21.72,21.78,6189,0
IBTJ.US,D,20230629,000000,21.62,21.62,21.59,21.6,2466,0
IBTJ.US,D,20230630,000000,21.6,21.63,21.6,21.63,11252,0
IBTJ.US,D,20230703,000000,21.53,21.5687,21.48,21.48,4559,0
IBTJ.US,D,20230705,000000,21.49,21.49,21.398,21.4155,15178,0
IBTJ.US,D,20230706,000000,21.27,21.3,21.21,21.3,22314,0
IBTJ.US,D,20230707,000000,21.308,21.345,21.285,21.285,36756,0
IBTJ.US,D,20230710,000000,21.34,21.417,21.34,21.3954,2280,0
IBTJ.US,D,20230711,000000,21.4095,21.443,21.396,21.41,40151,0
IBTJ.US,D,20230712,000000,21.555,21.619,21.55,21.61,16679,0
IBTJ.US,D,20230713,000000,21.71,21.76,21.6783,21.755,8137,0
IBTJ.US,D,20230714,000000,21.72,21.72,21.65,21.65,4667,0
IBTJ.US,D,20230717,000000,21.665,21.7005,21.665,21.69,6066,0
IBTJ.US,D,20230718,000000,21.74,21.77,21.6917,21.7,22053,0
IBTJ.US,D,20230719,000000,21.74,21.7556,21.6999,21.75,28875,0
IBTJ.US,D,20230720,000000,21.61,21.62,21.59,21.61,11678,0
IBTJ.US,D,20230721,000000,21.659,21.659,21.6282,21.64,7667,0
IBTJ.US,D,20230724,000000,21.665,21.665,21.59,21.59,4922,0
IBTJ.US,D,20230725,000000,21.52,21.55,21.5199,21.55,9977,0
IBTJ.US,D,20230726,000000,21.5568,21.62,21.55,21.605,24941,0
IBTJ.US,D,20230727,000000,21.56,21.57,21.43,21.46,19421,0
IBTJ.US,D,20230728,000000,21.5,21.53,21.49,21.51,20460,0
IBTJ.US,D,20230731,000000,21.51,21.55,21.51,21.5205,12377,0
IBTJ.US,D,20230801,000000,21.41,21.41,21.36,21.4,27675,0
IBTJ.US,D,20230802,000000,21.37,21.39,21.32,21.39,19040,0
IBTJ.US,D,20230803,000000,21.3,21.32,21.29,21.3,90261,0
IBTJ.US,D,20230804,000000,21.4,21.47,21.4,21.47,93896,0
IBTJ.US,D,20230807,000000,21.46,21.4789,21.44,21.45,10965,0
IBTJ.US,D,20230808,000000,21.52,21.55,21.5087,21.51,11522,0
IBTJ.US,D,20230809,000000,21.51,21.54,21.4992,21.5146,10838,0
IBTJ.US,D,20230810,000000,21.51,21.545,21.395,21.4,15903,0
IBTJ.US,D,20230811,000000,21.355,21.37,21.3,21.3,65999,0
IBTJ.US,D,20230814,000000,21.25,21.31,21.248,21.27,6068,0
IBTJ.US,D,20230815,000000,21.2835,21.3151,21.2452,21.25,16438,0
IBTJ.US,D,20230816,000000,21.27,21.28,21.2,21.21,73792,0
IBTJ.US,D,20230817,000000,21.22,21.22,21.15,21.195,36659,0
IBTJ.US,D,20230818,000000,21.25,21.278,21.24,21.24,9774,0
IBTJ.US,D,20230821,000000,21.19,21.19,21.14,21.14,12621,0
IBTJ.US,D,20230822,000000,21.15,21.17,21.125,21.14,29419,0
IBTJ.US,D,20230823,000000,21.23,21.29,21.23,21.285,22289,0
IBTJ.US,D,20230824,000000,21.25,21.265,21.2352,21.2513,22524,0
IBTJ.US,D,20230825,000000,21.217,21.2399,21.175,21.2153,20321,0
IBTJ.US,D,20230828,000000,21.2482,21.2697,21.2252,21.265,5612,0
IBTJ.US,D,20230829,000000,21.24,21.39,21.24,21.39,7214,0
IBTJ.US,D,20230830,000000,21.42,21.42,21.385,21.385,6118,0
IBTJ.US,D,20230831,000000,21.3967,21.44,21.3967,21.43,24552,0
IBTJ.US,D,20230901,000000,21.35,21.35,21.28,21.295,16926,0
IBTJ.US,D,20230905,000000,21.24,21.24,21.2,21.215,789170,0
IBTJ.US,D,20230906,000000,21.17,21.17,21.1417,21.16,7009,0
IBTJ.US,D,20230907,000000,21.19,21.22,21.1828,21.215,12428,0
IBTJ.US,D,20230908,000000,21.26,21.2695,21.2,21.2,21431,0
IBTJ.US,D,20230911,000000,21.2,21.2064,21.18,21.2,52251,0
IBTJ.US,D,20230912,000000,21.1843,21.2,21.18,21.2,11367,0
IBTJ.US,D,20230913,000000,21.2,21.2461,21.19,21.225,12393,0
IBTJ.US,D,20230914,000000,21.22,21.23,21.195,21.195,10409,0
IBTJ.US,D,20230915,000000,21.165,21.17,21.1467,21.15,5178,0
IBTJ.US,D,20230918,000000,21.1385,21.17,21.1385,21.17,2955,0
IBTJ.US,D,20230919,000000,21.13,21.1399,21.09,21.09,10248,0
IBTJ.US,D,20230920,000000,21.15,21.1685,21.0673,21.08,11306,0
IBTJ.US,D,20230921,000000,21,21.01,20.9939,21,32628,0
IBTJ.US,D,20230922,000000,21.01,21.0699,21.01,21.06,22428,0
IBTJ.US,D,20230925,000000,21,21.03,20.97,20.98,120775,0
IBTJ.US,D,20230926,000000,20.98,20.99,20.97,20.99,8239,0
IBTJ.US,D,20230927,000000,21.0029,21.0084,20.885,20.92,9325,0
IBTJ.US,D,20230928,000000,20.91,20.985,20.88,20.98,27075,0
IBTJ.US,D,20230929,000000,21.045,21.05,20.9819,21,24615,0
IBTJ.US,D,20231002,000000,20.8596,20.87,20.81,20.81,12178,0
IBTJ.US,D,20231003,000000,20.82,20.82,20.7191,20.73,44570,0
IBTJ.US,D,20231004,000000,20.779,20.825,20.73,20.82,20490,0
IBTJ.US,D,20231005,000000,20.86,20.87,20.8472,20.87,109667,0
IBTJ.US,D,20231006,000000,20.74,20.81,20.725,20.78,27517,0
IBTJ.US,D,20231009,000000,20.89,20.98,20.89,20.98,14226,0
IBTJ.US,D,20231010,000000,20.898,20.97,20.898,20.935,97448,0
IBTJ.US,D,20231011,000000,20.98,20.9984,20.935,20.98,40906,0
IBTJ.US,D,20231012,000000,20.93,20.9399,20.85,20.865,98593,0
IBTJ.US,D,20231013,000000,20.95,20.95,20.92,20.935,26385,0
IBTJ.US,D,20231016,000000,20.87,20.87,20.85,20.855,69017,0
IBTJ.US,D,20231017,000000,20.74,20.74,20.68,20.7,30311,0
IBTJ.US,D,20231018,000000,20.68,20.6999,20.625,20.65,55358,0
IBTJ.US,D,20231019,000000,20.61,20.66,20.58,20.605,94753,0
IBTJ.US,D,20231020,000000,20.67,20.71,20.67,20.705,34017,0
IBTJ.US,D,20231023,000000,20.65,20.78,20.645,20.7586,30331,0
IBTJ.US,D,20231024,000000,20.7593,20.77,20.725,20.765,28065,0
IBTJ.US,D,20231025,000000,20.7028,20.71,20.65,20.655,160057,0
IBTJ.US,D,20231026,000000,20.69,20.78,20.69,20.775,28439,0
IBTJ.US,D,20231027,000000,20.79,20.82,20.76,20.82,16504,0
IBTJ.US,D,20231030,000000,20.75,20.783,20.74,20.76,53119,0
IBTJ.US,D,20231031,000000,20.76,20.79,20.75,20.7514,75051,0
IBTJ.US,D,20231101,000000,20.71,20.8587,20.71,20.845,77066,0
IBTJ.US,D,20231102,000000,20.95,20.96,20.88,20.905,152101,0
IBTJ.US,D,20231103,000000,21.1,21.1049,21.0387,21.055,54832,0
IBTJ.US,D,20231106,000000,21,21,20.94,20.955,79148,0
IBTJ.US,D,20231107,000000,21,21.0568,20.995,21.025,36157,0
IBTJ.US,D,20231108,000000,21.02,21.0799,21.02,21.065,38337,0
IBTJ.US,D,20231109,000000,21.03,21.04,20.92,20.93,59349,0
IBTJ.US,D,20231110,000000,20.99,20.99,20.91,20.92,43610,0
IBTJ.US,D,20231113,000000,20.88,20.93,20.8521,20.93,29819,0
IBTJ.US,D,20231114,000000,21.15,21.1883,21.1301,21.18,26447,0
IBTJ.US,D,20231115,000000,21.1,21.1,21.0478,21.06,46486,0
IBTJ.US,D,20231116,000000,21.16,21.195,21.15,21.165,51928,0
IBTJ.US,D,20231117,000000,21.18,21.18,21.14,21.1646,39155,0
IBTJ.US,D,20231120,000000,21.15,21.19,21.13,21.19,62792,0
IBTJ.US,D,20231121,000000,21.2,21.23,21.17,21.21,88969,0
IBTJ.US,D,20231122,000000,21.23,21.23,21.17,21.195,45886,0
IBTJ.US,D,20231124,000000,21.14,21.14,21.12,21.14,22120,0
IBTJ.US,D,20231127,000000,21.18,21.2399,21.17,21.235,57992,0
IBTJ.US,D,20231128,000000,21.23,21.34,21.22,21.34,57299,0
IBTJ.US,D,20231129,000000,21.4,21.43,21.3759,21.41,64261,0
IBTJ.US,D,20231130,000000,21.3609,21.3686,21.3201,21.36,30189,0
IBTJ.US,D,20231201,000000,21.29,21.448,21.287,21.42,144818,0
IBTJ.US,D,20231204,000000,21.38,21.395,21.33,21.36,61238,0
IBTJ.US,D,20231205,000000,21.41,21.465,21.405,21.4452,73091,0
IBTJ.US,D,20231206,000000,21.48,21.5075,21.4631,21.485,404852,0
IBTJ.US,D,20231207,000000,21.47,21.53,21.47,21.485,237870,0
IBTJ.US,D,20231208,000000,21.4,21.405,21.34,21.36,29797,0
IBTJ.US,D,20231211,000000,21.35,21.375,21.31,21.37,58356,0
IBTJ.US,D,20231212,000000,21.3739,21.41,21.3623,21.405,110060,0
IBTJ.US,D,20231213,000000,21.445,21.665,21.434,21.65,74683,0
IBTJ.US,D,20231214,000000,21.68,21.738,21.675,21.7,70209,0
IBTJ.US,D,20231215,000000,21.67,21.7099,21.6601,21.67,48828,0
IBTJ.US,D,20231218,000000,21.67,21.67,21.63,21.65,91157,0
IBTJ.US,D,20231219,000000,21.6705,21.6898,21.66,21.66,14823,0
IBTJ.US,D,20231220,000000,21.72,21.755,21.69,21.75,45269,0
IBTJ.US,D,20231221,000000,21.8,21.8,21.7269,21.73,97669,0
IBTJ.US,D,20231222,000000,21.78,21.78,21.715,21.745,65539,0
IBTJ.US,D,20231226,000000,21.7198,21.75,21.71,21.74,85903,0
IBTJ.US,D,20231227,000000,21.77,21.85,21.77,21.845,56981,0
IBTJ.US,D,20231228,000000,21.8173,21.835,21.778,21.795,53273,0
IBTJ.US,D,20231229,000000,21.75,21.81,21.75,21.78,36388,0
IBTJ.US,D,20240102,000000,21.72,21.73,21.7,21.72,53406,0
IBTJ.US,D,20240103,000000,21.65,21.7503,21.65,21.75,42622,0
IBTJ.US,D,20240104,000000,21.68,21.685,21.655,21.6718,96384,0
IBTJ.US,D,20240105,000000,21.618,21.7281,21.6099,21.625,36367,0
IBTJ.US,D,20240108,000000,21.66,21.73,21.66,21.675,151459,0
IBTJ.US,D,20240109,000000,21.67,21.7,21.6639,21.68,97270,0
IBTJ.US,D,20240110,000000,21.71,21.71,21.66,21.665,130210,0
IBTJ.US,D,20240111,000000,21.7,21.77,21.68,21.77,60890,0
IBTJ.US,D,20240112,000000,21.85,21.85,21.7953,21.83,40065,0
IBTJ.US,D,20240116,000000,21.7601,21.7998,21.7,21.72,62350,0
IBTJ.US,D,20240117,000000,21.66,21.66,21.62,21.64,53579,0
IBTJ.US,D,20240118,000000,21.65,21.6571,21.615,21.63,38556,0
IBTJ.US,D,20240119,000000,21.585,21.615,21.57,21.615,42707,0
IBTJ.US,D,20240122,000000,21.66,21.68,21.6519,21.66,65136,0
IBTJ.US,D,20240123,000000,21.64,21.64,21.6107,21.63,25686,0
IBTJ.US,D,20240124,000000,21.7,21.7,21.595,21.6,47119,0
IBTJ.US,D,20240125,000000,21.66,21.677,21.64,21.67,60000,0
IBTJ.US,D,20240126,000000,21.66,21.66,21.6201,21.65,49433,0
IBTJ.US,D,20240129,000000,21.69,21.73,21.6814,21.73,25748,0
IBTJ.US,D,20240130,000000,21.75,21.75,21.6782,21.72,65588,0
IBTJ.US,D,20240131,000000,21.81,21.86,21.7894,21.86,149747,0
IBTJ.US,D,20240201,000000,21.85,21.8927,21.82,21.86,51909,0
IBTJ.US,D,20240202,000000,21.69,21.7,21.63,21.66,78902,0
IBTJ.US,D,20240205,000000,21.57,21.58,21.5083,21.51,81782,0
IBTJ.US,D,20240206,000000,21.55,21.6186,21.55,21.615,125695,0
IBTJ.US,D,20240207,000000,21.58,21.6401,21.58,21.59,43177,0
IBTJ.US,D,20240208,000000,21.5501,21.56,21.53,21.54,32937,0
IBTJ.US,D,20240209,000000,21.51,21.52,21.495,21.51,36476,0
IBTJ.US,D,20240212,000000,21.54,21.5484,21.505,21.53,66944,0
IBTJ.US,D,20240213,000000,21.41,21.41,21.34,21.35,363579,0
IBTJ.US,D,20240214,000000,21.38,21.435,21.3717,21.42,66511,0
IBTJ.US,D,20240215,000000,21.495,21.495,21.44,21.46,219994,0
IBTJ.US,D,20240216,000000,21.37,21.39,21.355,21.39,36212,0
IBTJ.US,D,20240220,000000,21.45,21.4585,21.425,21.43,47197,0
IBTJ.US,D,20240221,000000,21.43,21.445,21.37,21.38,30490,0
IBTJ.US,D,20240222,000000,21.37,21.39,21.3485,21.37,124604,0
IBTJ.US,D,20240223,000000,21.37,21.43,21.37,21.42,96766,0
IBTJ.US,D,20240226,000000,21.42,21.42,21.36,21.4,43849,0
IBTJ.US,D,20240227,000000,21.39,21.4,21.3529,21.37,45032,0
IBTJ.US,D,20240228,000000,21.38,21.43,21.38,21.43,31851,0
IBTJ.US,D,20240229,000000,21.45,21.4725,21.43,21.46,102636,0
IBTJ.US,D,20240301,000000,21.39,21.48,21.3557,21.48,34440,0
IBTJ.US,D,20240304,000000,21.44,21.45,21.42,21.44,39308,0
IBTJ.US,D,20240305,000000,21.5,21.52,21.49,21.52,37706,0
IBTJ.US,D,20240306,000000,21.55,21.57,21.52,21.54,70040,0
IBTJ.US,D,20240307,000000,21.58,21.58,21.546,21.58,19283,0
IBTJ.US,D,20240308,000000,21.6275,21.63,21.59,21.5954,92736,0
IBTJ.US,D,20240311,000000,21.6,21.6,21.56,21.58,30938,0
IBTJ.US,D,20240312,000000,21.54,21.54,21.5,21.5,27115,0
IBTJ.US,D,20240313,000000,21.5,21.5,21.47,21.48,81559,0
IBTJ.US,D,20240314,000000,21.43,21.43,21.37,21.375,31379,0
IBTJ.US,D,20240315,000000,21.36,21.36,21.34,21.35,35113,0
IBTJ.US,D,20240318,000000,21.34,21.34,21.31,21.33,26887,0
IBTJ.US,D,20240319,000000,21.36,21.38,21.35,21.38,38806,0
IBTJ.US,D,20240320,000000,21.38,21.43,21.37,21.43,30699,0
IBTJ.US,D,20240321,000000,21.4515,21.4515,21.42,21.43,29090,0
IBTJ.US,D,20240322,000000,21.49,21.5,21.48,21.5,58066,0
IBTJ.US,D,20240325,000000,21.49,21.49,21.45,21.46,56978,0
IBTJ.US,D,20240326,000000,21.45,21.48,21.4335,21.48,24936,0
IBTJ.US,D,20240327,000000,21.49,21.53,21.49,21.53,18427,0
IBTJ.US,D,20240328,000000,21.5,21.5194,21.49,21.5,24699,0
IBTJ.US,D,20240401,000000,21.41,21.41,21.29,21.3,49252,0
IBTJ.US,D,20240402,000000,21.27,21.3,21.25,21.3,49577,0
IBTJ.US,D,20240403,000000,21.25,21.32,21.24,21.32,24998,0
IBTJ.US,D,20240404,000000,21.34,21.37,21.31,21.37,28108,0
IBTJ.US,D,20240405,000000,21.3,21.32,21.27,21.28,43241,0
IBTJ.US,D,20240408,000000,21.24,21.26,21.22,21.235,47002,0
IBTJ.US,D,20240409,000000,21.28,21.3,21.27,21.285,53661,0
IBTJ.US,D,20240410,000000,21.14,21.14,21.04,21.065,82040,0
IBTJ.US,D,20240411,000000,21.1,21.1,21.04,21.08,76269,0
IBTJ.US,D,20240412,000000,21.14,21.16,21.13,21.13,77240,0
IBTJ.US,D,20240415,000000,21.03,21.05,20.9973,21.045,62529,0
IBTJ.US,D,20240416,000000,21,21.02,20.975,21,20156,0
IBTJ.US,D,20240417,000000,21.04,21.09,21.0301,21.075,13867,0
IBTJ.US,D,20240418,000000,21.07,21.07,21,21.015,21050,0
IBTJ.US,D,20240419,000000,21.05,21.06,21.03,21.04,88223,0
IBTJ.US,D,20240422,000000,21.03,21.055,21.025,21.05,35676,0
IBTJ.US,D,20240423,000000,21.07,21.105,21.07,21.08,24640,0
IBTJ.US,D,20240424,000000,21.0415,21.05,21.0289,21.05,53180,0
IBTJ.US,D,20240425,000000,20.98,21.01,20.97,21,279754,0
IBTJ.US,D,20240426,000000,21.0422,21.045,21.01,21.01,36839,0
IBTJ.US,D,20240429,000000,21.06,21.08,21.0433,21.08,46238,0
IBTJ.US,D,20240430,000000,21.03,21.0395,21,21.005,60050,0
IBTJ.US,D,20240501,000000,20.98,21.05,20.95,21.005,54393,0
IBTJ.US,D,20240502,000000,21.02,21.095,21.0199,21.09,44328,0
IBTJ.US,D,20240503,000000,21.2,21.21,21.145,21.175,48564,0
IBTJ.US,D,20240506,000000,21.17,21.19,21.16,21.175,23664,0
IBTJ.US,D,20240507,000000,21.22,21.22,21.18,21.19,64658,0
IBTJ.US,D,20240508,000000,21.18,21.18,21.16,21.165,65889,0
IBTJ.US,D,20240509,000000,21.18,21.22,21.17,21.205,25638,0
IBTJ.US,D,20240510,000000,21.19,21.19,21.16,21.17,17934,0
IBTJ.US,D,20240513,000000,21.2,21.2,21.17,21.17,49100,0
IBTJ.US,D,20240514,000000,21.2199,21.23,21.2,21.215,137302,0
IBTJ.US,D,20240515,000000,21.3,21.339,21.29,21.325,155252,0
IBTJ.US,D,20240516,000000,21.32,21.32,21.285,21.2928,58310,0
IBTJ.US,D,20240517,000000,21.28,21.28,21.25,21.255,47583,0
IBTJ.US,D,20240520,000000,21.24,21.25,21.23,21.24,61404,0
IBTJ.US,D,20240521,000000,21.27,21.28,21.26,21.26,31531,0
IBTJ.US,D,20240522,000000,21.24,21.26,21.23,21.24,67805,0
IBTJ.US,D,20240523,000000,21.24,21.245,21.17,21.195,36023,0
IBTJ.US,D,20240524,000000,21.18,21.2,21.17,21.195,14814,0
IBTJ.US,D,20240528,000000,21.23,21.23,21.1301,21.15,49165,0
IBTJ.US,D,20240529,000000,21.13,21.13,21.06,21.085,62319,0
IBTJ.US,D,20240530,000000,21.14,21.16,21.1266,21.1454,45055,0
IBTJ.US,D,20240531,000000,21.1976,21.23,21.1966,21.2209,34016,0
IBTJ.US,D,20240603,000000,21.225,21.24,21.22,21.2272,46485,0
IBTJ.US,D,20240604,000000,21.286,21.315,21.2752,21.305,72856,0
IBTJ.US,D,20240605,000000,21.33,21.355,21.3,21.3479,33384,0
IBTJ.US,D,20240606,000000,21.35,21.37,21.3319,21.35,464839,0
IBTJ.US,D,20240607,000000,21.25,21.25,21.21,21.21,30811,0
IBTJ.US,D,20240610,000000,21.21,21.21,21.18,21.19,53751,0
IBTJ.US,D,20240611,000000,21.22,21.27,21.21,21.25,185534,0
IBTJ.US,D,20240612,000000,21.39,21.42,21.33,21.33,33138,0
IBTJ.US,D,20240613,000000,21.4199,21.4409,21.4,21.42,21181,0
IBTJ.US,D,20240614,000000,21.445,21.46,21.4345,21.44,62697,0
IBTJ.US,D,20240617,000000,21.4,21.4,21.37,21.37,43702,0
IBTJ.US,D,20240618,000000,21.43,21.45,21.41,21.44,28341,0
IBTJ.US,D,20240620,000000,21.39,21.42,21.38,21.41,81590,0
IBTJ.US,D,20240621,000000,21.42,21.4368,21.4,21.42,23680,0
IBTJ.US,D,20240624,000000,21.4116,21.43,21.4,21.425,68597,0
IBTJ.US,D,20240625,000000,21.43,21.439,21.41,21.435,39288,0
IBTJ.US,D,20240626,000000,21.38,21.38,21.35,21.37,52297,0
IBTJ.US,D,20240627,000000,21.4,21.41,21.39,21.395,91833,0
IBTJ.US,D,20240628,000000,21.445,21.4452,21.36,21.37,40533,0
IBTJ.US,D,20240701,000000,21.23,21.24,21.2,21.22,54358,0
IBTJ.US,D,20240702,000000,21.2703,21.28,21.24,21.25,71489,0
IBTJ.US,D,20240703,000000,21.28,21.35,21.28,21.3364,33638,0
IBTJ.US,D,20240705,000000,21.41,21.43,21.3883,21.43,24205,0
IBTJ.US,D,20240708,000000,21.42,21.435,21.4063,21.425,38825,0
IBTJ.US,D,20240709,000000,21.41,21.419,21.3802,21.415,26344,0
IBTJ.US,D,20240710,000000,21.42,21.44,21.41,21.425,55706,0
IBTJ.US,D,20240711,000000,21.52,21.5594,21.52,21.53,67030,0
IBTJ.US,D,20240712,000000,21.5303,21.5699,21.5303,21.565,44198,0
IBTJ.US,D,20240715,000000,21.56,21.56,21.5307,21.55,65371,0
IBTJ.US,D,20240716,000000,21.5599,21.59,21.55,21.58,72517,0
IBTJ.US,D,20240717,000000,21.57,21.6,21.555,21.595,132870,0
IBTJ.US,D,20240718,000000,21.58,21.6,21.55,21.57,42593,0
IBTJ.US,D,20240719,000000,21.53,21.54,21.52,21.525,50111,0
IBTJ.US,D,20240722,000000,21.525,21.54,21.49,21.515,75449,0
IBTJ.US,D,20240723,000000,21.52,21.55,21.52,21.535,64728,0
IBTJ.US,D,20240724,000000,21.58,21.59,21.53,21.535,63284,0
IBTJ.US,D,20240725,000000,21.55,21.585,21.53,21.54,55310,0
IBTJ.US,D,20240726,000000,21.61,21.62,21.6,21.615,89819,0
IBTJ.US,D,20240729,000000,21.65,21.65,21.62,21.635,40550,0
IBTJ.US,D,20240730,000000,21.64,21.67,21.62,21.655,103748,0
IBTJ.US,D,20240731,000000,21.7,21.77,21.6601,21.7562,188555,0
IBTJ.US,D,20240801,000000,21.72,21.785,21.72,21.7746,155114,0
IBTJ.US,D,20240802,000000,21.92,22.01,21.92,21.99,445433,0
IBTJ.US,D,20240805,000000,22.12,22.13,21.95,21.99,190206,0
IBTJ.US,D,20240806,000000,21.97,21.97,21.87,21.89,220757,0
IBTJ.US,D,20240807,000000,21.85,21.8693,21.82,21.85,165232,0
IBTJ.US,D,20240808,000000,21.79,21.83,21.78,21.805,142729,0
IBTJ.US,D,20240809,000000,21.87,21.87,21.83,21.85,26821,0
IBTJ.US,D,20240812,000000,21.84,21.9,21.84,21.895,138051,0
IBTJ.US,D,20240813,000000,21.9419,21.96,21.93,21.955,40116,0
IBTJ.US,D,20240814,000000,21.95,21.99,21.95,21.965,93775,0
IBTJ.US,D,20240815,000000,21.85,21.865,21.83,21.855,68222,0
IBTJ.US,D,20240816,000000,21.89,21.89,21.8599,21.885,464627,0
IBTJ.US,D,20240819,000000,21.89,21.91,21.87,21.895,83555,0
IBTJ.US,D,20240820,000000,21.93,21.96,21.9299,21.95,86022,0
IBTJ.US,D,20240821,000000,21.98,22.03,21.96,22.01,91433,0
IBTJ.US,D,20240822,000000,21.97,21.97,21.91,21.94,63541,0
IBTJ.US,D,20240823,000000,21.96,22.02,21.93,22.01,65744,0
IBTJ.US,D,20240826,000000,22.04,22.04,21.995,22,34811,0
IBTJ.US,D,20240827,000000,21.97,22.02,21.965,22.01,125178,0
IBTJ.US,D,20240828,000000,22.01,22.02,22,22.01,290111,0
IBTJ.US,D,20240829,000000,21.98,21.99,21.9552,21.98,113284,0
IBTJ.US,D,20240830,000000,21.98,21.9921,21.94,21.9458,39079,0
IBTJ.US,D,20240903,000000,21.935,21.96,21.93,21.94,81284,0
IBTJ.US,D,20240904,000000,21.97,22.04,21.97,22.04,155946,0
IBTJ.US,D,20240905,000000,22.07,22.08,22.0207,22.05,161543,0
IBTJ.US,D,20240906,000000,22.08,22.165,22.035,22.11,196373,0
IBTJ.US,D,20240909,000000,22.1,22.13,22.0894,22.1247,76755,0
IBTJ.US,D,20240910,000000,22.13,22.19,22.125,22.1847,78313,0
IBTJ.US,D,20240911,000000,22.1782,22.205,22.14,22.165,120281,0
IBTJ.US,D,20240912,000000,22.16,22.17,22.115,22.1441,135409,0
IBTJ.US,D,20240913,000000,22.2,22.2,22.17,22.19,64450,0
IBTJ.US,D,20240916,000000,22.19,22.22,22.19,22.22,59394,0
IBTJ.US,D,20240917,000000,22.2,22.2,22.17,22.19,86445,0
IBTJ.US,D,20240918,000000,22.16,22.2,22.13,22.1447,91530,0
IBTJ.US,D,20240919,000000,22.12,22.15,22.1166,22.15,39536,0
IBTJ.US,D,20240920,000000,22.13,22.1676,22.105,22.155,72215,0
IBTJ.US,D,20240923,000000,22.12,22.1598,22.095,22.135,77313,0
IBTJ.US,D,20240924,000000,22.13,22.18,22.11,22.18,40751,0
IBTJ.US,D,20240925,000000,22.16,22.16,22.12,22.125,85132,0
IBTJ.US,D,20240926,000000,22.13,22.13,22.085,22.095,44339,0
IBTJ.US,D,20240927,000000,22.1265,22.17,22.12,22.155,66694,0
IBTJ.US,D,20240930,000000,22.14,22.14,22.0811,22.105,75465,0
IBTJ.US,D,20241001,000000,22.11,22.1185,22.07,22.0849,89444,0
IBTJ.US,D,20241002,000000,22.03,22.0571,22.0281,22.05,41317,0
IBTJ.US,D,20241003,000000,22.016,22.016,21.97,21.98,42675,0
IBTJ.US,D,20241004,000000,21.85,21.875,21.805,21.815,123373,0
IBTJ.US,D,20241007,000000,21.76,21.78,21.75,21.77,136882,0
IBTJ.US,D,20241008,000000,21.76,21.785,21.7458,21.78,53864,0
IBTJ.US,D,20241009,000000,21.76,21.7699,21.72,21.73,329531,0
IBTJ.US,D,20241010,000000,21.75,21.755,21.7119,21.745,95221,0
IBTJ.US,D,20241011,000000,21.76,21.7782,21.7399,21.77,124995,0
IBTJ.US,D,20241014,000000,21.7003,21.7386,21.7003,21.73,34604,0
IBTJ.US,D,20241015,000000,21.79,21.8,21.78,21.795,53669,0
IBTJ.US,D,20241016,000000,21.83,21.83,21.8007,21.82,68839,0
IBTJ.US,D,20241017,000000,21.7591,21.76,21.745,21.76,91182,0
IBTJ.US,D,20241018,000000,21.79,21.79,21.779,21.785,52078,0
IBTJ.US,D,20241021,000000,21.75,21.75,21.699,21.7,49500,0
IBTJ.US,D,20241022,000000,21.71,21.71,21.67,21.685,97418,0
IBTJ.US,D,20241023,000000,21.64,21.66,21.6216,21.635,43968,0
IBTJ.US,D,20241024,000000,21.655,21.6886,21.6433,21.665,47732,0
IBTJ.US,D,20241025,000000,21.69,21.6987,21.625,21.635,73228,0
IBTJ.US,D,20241028,000000,21.64,21.64,21.5801,21.6016,52397,0
IBTJ.US,D,20241029,000000,21.56,21.62,21.55,21.62,110789,0
IBTJ.US,D,20241030,000000,21.635,21.65,21.56,21.57,73711,0
IBTJ.US,D,20241031,000000,21.55,21.58,21.5101,21.5587,91347,0
IBTJ.US,D,20241101,000000,21.52,21.54,21.435,21.44,156705,0
IBTJ.US,D,20241104,000000,21.52,21.54,21.475,21.5,73767,0
