<TICKER>,<PER>,<DATE>,<TIME>,<OPEN>,<HIGH>,<LOW>,<CLOSE>,<VOL>,<OPENINT>
IBTK.US,D,20200724,000000,24.8604,24.8604,24.8604,24.8604,2022.2172065103,0
IBTK.US,D,20200728,000000,24.8903,24.8903,24.8903,24.8903,201.31579955304,0
IBTK.US,D,20200730,000000,24.9896,24.9896,24.9896,24.9896,809.28951420324,0
IBTK.US,D,20200813,000000,24.6538,24.6637,24.6538,24.6538,608.98029364796,0
IBTK.US,D,20200819,000000,24.782,24.782,24.7323,24.7323,710.64477242224,0
IBTK.US,D,20200827,000000,24.6041,24.6041,24.5793,24.5793,503.28949888261,0
IBTK.US,D,20200903,000000,24.8416,24.8416,24.8416,24.8416,1111.2632135328,0
IBTK.US,D,20200924,000000,24.7521,24.7521,24.7521,24.7521,100.65789977652,0
IBTK.US,D,20201005,000000,24.5544,24.5544,24.5544,24.5544,205.3421155441,0
IBTK.US,D,20201006,000000,24.4849,24.5247,24.4849,24.5247,302.98027832733,0
IBTK.US,D,20201102,000000,24.3657,24.3657,24.3359,24.3359,2124.8882642824,0
IBTK.US,D,20201127,000000,24.3945,24.3955,24.3945,24.3955,100.65789977652,0
IBTK.US,D,20201208,000000,24.2574,24.2574,24.2276,24.2276,204.33553654634,0
IBTK.US,D,20201209,000000,24.168,24.168,24.168,24.168,307.0065943184,0
IBTK.US,D,20201211,000000,24.2971,24.2971,24.2961,24.2971,447.92765400552,0
IBTK.US,D,20201215,000000,24.2872,24.2872,24.2872,24.2872,1.0065789977652,0
IBTK.US,D,20201216,000000,24.2375,24.2375,24.2375,24.2375,1.0065789977652,0
IBTK.US,D,20201217,000000,24.2276,24.2276,24.2276,24.2276,2.0131579955304,0
IBTK.US,D,20210104,000000,24.2674,24.2674,24.2515,24.2515,404.64475710162,0
IBTK.US,D,20210106,000000,24.168,24.168,24.168,24.168,2.0131579955304,0
IBTK.US,D,20210108,000000,23.9196,23.9196,23.9196,23.9196,1.0065789977652,0
IBTK.US,D,20210111,000000,23.8014,23.8113,23.7865,23.7865,7423.5201085185,0
IBTK.US,D,20210113,000000,23.8123,23.8759,23.8113,23.8759,6007.2634586629,0
IBTK.US,D,20210114,000000,23.9097,23.9097,23.8601,23.8601,524.42765783567,0
IBTK.US,D,20210119,000000,23.8699,23.8849,23.8113,23.8849,1457.526388764,0
IBTK.US,D,20210128,000000,23.9892,23.9892,23.9723,23.9723,1914.5132537494,0
IBTK.US,D,20210203,000000,23.8213,23.8213,23.8063,23.8063,802.24346121887,0
IBTK.US,D,20210208,000000,23.7518,23.7518,23.7219,23.7408,696.55266645353,0
IBTK.US,D,20210219,000000,23.416,23.4209,23.416,23.4209,114.75000574523,0
IBTK.US,D,20210225,000000,23.1675,23.1675,23.0295,23.0295,1349.8224360032,0
IBTK.US,D,20210226,000000,23.1388,23.2868,23.1388,23.2868,7761.7306517676,0
IBTK.US,D,20210301,000000,23.1675,23.2073,23.1675,23.2073,1746.4145611226,0
IBTK.US,D,20210302,000000,23.2371,23.2371,23.2173,23.2272,9798.0399642466,0
IBTK.US,D,20210304,000000,23.1338,23.1338,22.9888,22.9888,871.69741206468,0
IBTK.US,D,20210305,000000,22.8904,22.9898,22.8805,22.9898,2076.5724723896,0
IBTK.US,D,20210308,000000,22.8795,22.8795,22.8606,22.8606,370.4210711776,0
IBTK.US,D,20210310,000000,22.9997,23.0404,22.9997,23.0404,114.75000574523,0
IBTK.US,D,20210312,000000,22.8208,22.8506,22.814,22.8308,4987.5989339267,0
IBTK.US,D,20210315,000000,22.8894,22.8904,22.8606,22.8606,3283.4606907101,0
IBTK.US,D,20210316,000000,22.9203,22.9203,22.8536,22.8536,2173.2040561751,0
IBTK.US,D,20210318,000000,22.6221,22.647,22.6211,22.647,831.43425215407,0
IBTK.US,D,20210319,000000,22.6221,22.633,22.5825,22.633,1846.0658819015,0
IBTK.US,D,20210324,000000,22.7811,22.8805,22.7811,22.8805,467.05265496306,0
IBTK.US,D,20210325,000000,22.8904,22.8904,22.8904,22.8904,247.61843345024,0
IBTK.US,D,20210401,000000,22.6718,22.7294,22.6718,22.7294,503.28949888261,0
IBTK.US,D,20210405,000000,22.6024,22.649,22.6024,22.649,303.98685732509,0
IBTK.US,D,20210412,000000,22.7513,22.7533,22.7513,22.7533,504.29607788037,0
IBTK.US,D,20210413,000000,22.8506,22.8506,22.8506,22.8506,557.64476476193,0
IBTK.US,D,20210415,000000,22.9549,23.0236,22.9549,22.9977,8142.2175129228,0
IBTK.US,D,20210416,000000,22.9549,22.9599,22.9351,22.9351,876.7303070535,0
IBTK.US,D,20210422,000000,23.0097,23.0097,23.0097,23.0097,402.63159910609,0
IBTK.US,D,20210426,000000,22.9699,22.9699,22.9649,22.9649,1870.2237778477,0
IBTK.US,D,20210504,000000,22.9499,22.9499,22.9499,22.9499,310.02633131169,0
IBTK.US,D,20210510,000000,23.0097,23.0097,22.9262,22.9262,149.98027066702,0
IBTK.US,D,20210512,000000,22.7911,22.7911,22.7692,22.7692,212.38816852846,0
IBTK.US,D,20210513,000000,22.8407,22.8506,22.8407,22.8506,3532.0857031582,0
IBTK.US,D,20210517,000000,22.8904,22.9004,22.8904,22.8904,2370.4935397371,0
IBTK.US,D,20210520,000000,22.9004,22.9103,22.9004,22.9004,1111.2632135328,0
IBTK.US,D,20210526,000000,23.0414,23.0414,23.0097,23.0097,511.34213086473,0
IBTK.US,D,20210528,000000,22.9997,23.0097,22.9768,22.9768,6456.1976916661,0
IBTK.US,D,20210601,000000,22.9004,22.941,22.9004,22.941,4149.1186287882,0
IBTK.US,D,20210602,000000,22.9888,22.9898,22.9798,22.9798,4701.7304985613,0
IBTK.US,D,20210604,000000,23.0493,23.0543,23.0394,23.0543,403.63817810385,0
IBTK.US,D,20210607,000000,23.0295,23.0394,23.0295,23.0295,843.51320012725,0
IBTK.US,D,20210609,000000,23.1775,23.2272,23.1576,23.1874,3096.2369971258,0
IBTK.US,D,20210611,000000,23.2272,23.2451,23.2272,23.2451,144.94737567819,0
IBTK.US,D,20210614,000000,23.1874,23.1874,23.1675,23.1675,2635.2238161493,0
IBTK.US,D,20210625,000000,23.1289,23.1289,23.0692,23.1,64457.292700893,0
IBTK.US,D,20210628,000000,23.2004,23.2004,23.1924,23.1924,300.9671203318,0
IBTK.US,D,20210702,000000,23.2371,23.2917,23.2371,23.2917,3776.6843996151,0
IBTK.US,D,20210712,000000,23.4854,23.4854,23.4457,23.4457,1010.6053137563,0
IBTK.US,D,20210713,000000,23.4457,23.4557,23.3434,23.3434,1009.5987347585,0
IBTK.US,D,20210715,000000,23.5848,23.5848,23.5749,23.5749,243.59211745918,0
IBTK.US,D,20210720,000000,23.7428,23.7428,23.7428,23.7428,1210.9145343116,0
IBTK.US,D,20210809,000000,23.6643,23.6643,23.6643,23.6643,5325.8094771757,0
IBTK.US,D,20210813,000000,23.6445,23.6445,23.6395,23.6445,6771.2569179666,0
IBTK.US,D,20210818,000000,23.6753,23.6871,23.6743,23.6762,7799.9806536827,0
IBTK.US,D,20210823,000000,23.7428,23.7428,23.713,23.7229,22504.086653037,0
IBTK.US,D,20210830,000000,23.6743,23.6743,23.6743,23.6743,2117.842211298,0
IBTK.US,D,20210831,000000,23.6296,23.6435,23.6226,23.6226,6015.3160906449,0
IBTK.US,D,20210901,000000,23.6047,23.6196,23.6047,23.6196,13319.053298429,0
IBTK.US,D,20210902,000000,23.6345,23.6534,23.6345,23.6534,2217.4935320768,0
IBTK.US,D,20210908,000000,23.5352,23.5848,23.5253,23.568,3817.9541385235,0
IBTK.US,D,20210909,000000,23.6445,23.6544,23.6345,23.6345,2022.2172065103,0
IBTK.US,D,20210910,000000,23.5848,23.5848,23.555,23.555,2321.1711688466,0
IBTK.US,D,20210914,000000,23.6743,23.6842,23.6643,23.6802,15675.454732198,0
IBTK.US,D,20210915,000000,23.6236,23.6345,23.6236,23.6345,1057.9145266512,0
IBTK.US,D,20210922,000000,23.6047,23.6246,23.6047,23.6246,3355.9343785493,0
IBTK.US,D,20210930,000000,23.1576,23.1576,23.1576,23.1576,2016.1777325237,0
IBTK.US,D,20211004,000000,23.2868,23.2868,23.2669,23.2669,303.98685732509,0
IBTK.US,D,20211006,000000,23.1874,23.1974,23.1874,23.1974,1411.2237548668,0
IBTK.US,D,20211008,000000,23.0582,23.0582,23.0434,23.0434,109.71711075641,0
IBTK.US,D,20211014,000000,23.1874,23.2024,23.1874,23.2024,2721.7896099571,0
IBTK.US,D,20211019,000000,22.9788,22.9788,22.9788,22.9788,202.32237855081,0
IBTK.US,D,20211022,000000,22.9689,22.9689,22.9689,22.9689,4864.7962961992,0
IBTK.US,D,20211029,000000,23.118,23.118,23.118,23.118,3063.0198901996,0
IBTK.US,D,20211101,000000,23.0582,23.1219,23.0582,23.1219,376.46054516419,0
IBTK.US,D,20211102,000000,23.1675,23.1675,23.1675,23.1675,1006.5789977652,0
IBTK.US,D,20211103,000000,23.1378,23.1378,23.0781,23.105,4851.7107692283,0
IBTK.US,D,20211104,000000,23.1775,23.2173,23.1775,23.2123,19738.007567178,0
IBTK.US,D,20211110,000000,23.1874,23.1874,23.1675,23.1675,163.06579763797,0
IBTK.US,D,20211116,000000,23.0186,23.0186,23.0186,23.0186,1006.5789977652,0
IBTK.US,D,20211117,000000,23.0931,23.0981,23.0931,23.0981,504.29607788037,0
IBTK.US,D,20211119,000000,23.1974,23.1974,23.1725,23.1725,6042.4937235846,0
IBTK.US,D,20211122,000000,23.0087,23.0087,23.0087,23.0087,828.41451516078,0
IBTK.US,D,20211123,000000,22.9073,22.9391,22.9073,22.9073,110.72368975417,0
IBTK.US,D,20211124,000000,22.9778,22.9788,22.9778,22.9778,478.12502393848,0
IBTK.US,D,20211126,000000,23.2669,23.2669,23.251,23.251,7653.0201200089,0
IBTK.US,D,20211130,000000,23.416,23.416,23.3017,23.3672,7954.9938193385,0
IBTK.US,D,20211201,000000,23.2768,23.3821,23.2768,23.3821,6748.105601018,0
IBTK.US,D,20211202,000000,23.3166,23.3504,23.3166,23.3504,170.11185062232,0
IBTK.US,D,20211203,000000,23.3166,23.4844,23.3166,23.4844,2221.5198480679,0
IBTK.US,D,20211207,000000,23.2768,23.2868,23.2768,23.2848,201.31579955304,0
IBTK.US,D,20211208,000000,23.2073,23.2093,23.2073,23.2093,122.80263772736,0
IBTK.US,D,20211209,000000,23.2669,23.2669,23.259,23.259,3223.0659508442,0
IBTK.US,D,20211220,000000,23.3961,23.4656,23.3961,23.3961,1629.6513973818,0
IBTK.US,D,20211221,000000,23.3067,23.3067,23.3017,23.3047,3615.6317599726,0
IBTK.US,D,20211227,000000,23.2868,23.2868,23.2818,23.2818,7227.2372039543,0
IBTK.US,D,20211229,000000,23.2173,23.2173,23.1645,23.1645,5610.6713335433,0
IBTK.US,D,20211230,000000,23.1874,23.257,23.1874,23.257,2425.8553846142,0
IBTK.US,D,20220103,000000,23.0881,23.0881,23.0146,23.0146,4450.08574912,0
IBTK.US,D,20220104,000000,22.9579,22.9937,22.9579,22.9937,390.5526511329,0
IBTK.US,D,20220107,000000,22.7702,22.7702,22.7602,22.7602,46732.443129245,0
IBTK.US,D,20220112,000000,22.82,22.8397,22.813,22.813,40836.909939335,0
IBTK.US,D,20220114,000000,22.7901,22.7901,22.7225,22.7225,852.57241110714,0
IBTK.US,D,20220120,000000,22.631,22.6609,22.6211,22.641,2046941.8064325,0
IBTK.US,D,20220121,000000,22.7652,22.81,22.7592,22.7732,19424.961498874,0
IBTK.US,D,20220124,000000,22.8596,22.8596,22.7503,22.7503,457877.68739843,0
IBTK.US,D,20220125,000000,22.7801,22.7801,22.7255,22.7255,27260.172417478,0
IBTK.US,D,20220126,000000,22.7403,22.7403,22.5815,22.5815,54896.805380119,0
IBTK.US,D,20220127,000000,22.6509,22.7057,22.6509,22.6609,27913.442187027,0
IBTK.US,D,20220128,000000,22.6778,22.7205,22.6709,22.7107,2999.6054133403,0
IBTK.US,D,20220131,000000,22.7007,22.7304,22.7007,22.7027,3057.9869952108,0
IBTK.US,D,20220201,000000,22.6796,22.6821,22.672,22.6808,3423.3751713995,0
IBTK.US,D,20220202,000000,22.7503,22.7762,22.7304,22.7304,2927.1317255012,0
IBTK.US,D,20220203,000000,22.641,22.6463,22.6261,22.6463,2827.4804047225,0
IBTK.US,D,20220204,000000,22.4647,22.4647,22.4548,22.4647,889.81583402445,0
IBTK.US,D,20220207,000000,22.4712,22.4722,22.4622,22.4722,2812.381719756,0
IBTK.US,D,20220208,000000,22.4125,22.4125,22.3928,22.4027,2372.5066977327,0
IBTK.US,D,20220209,000000,22.4523,22.4772,22.4224,22.4324,3801.8488745592,0
IBTK.US,D,20220210,000000,22.3619,22.3619,22.2536,22.2614,2298.019851898,0
IBTK.US,D,20220211,000000,22.313,22.4423,22.2325,22.4306,15570.77051643,0
IBTK.US,D,20220214,000000,22.2984,22.3231,22.2636,22.2934,11885.684805612,0
IBTK.US,D,20220215,000000,22.2236,22.2414,22.2138,22.2138,2588.9211822522,0
IBTK.US,D,20220216,000000,22.2436,22.2636,22.2038,22.2636,2283.9277459293,0
IBTK.US,D,20220217,000000,22.3635,22.3828,22.333,22.381,34466.271462479,0
IBTK.US,D,20220218,000000,22.4523,22.4622,22.4423,22.4423,9376.283364183,0
IBTK.US,D,20220222,000000,22.3853,22.461,22.3853,22.4523,6602.151646342,0
IBTK.US,D,20220223,000000,22.3728,22.3916,22.3522,22.3522,2489.2698614734,0
IBTK.US,D,20220224,000000,22.4224,22.4622,22.3928,22.3928,4312.1844264262,0
IBTK.US,D,20220225,000000,22.3529,22.3858,22.3131,22.3858,5545.2436986885,0
IBTK.US,D,20220228,000000,22.5815,22.6509,22.5566,22.631,14936.625747838,0
IBTK.US,D,20220301,000000,22.7403,22.8785,22.7403,22.8385,18169.75748866,0
IBTK.US,D,20220302,000000,22.7205,22.7205,22.5217,22.5217,9581.6254797271,0
IBTK.US,D,20220303,000000,22.5616,22.6188,22.5606,22.6002,5057.0528847725,0
IBTK.US,D,20220304,000000,22.8274,22.8288,22.82,22.82,3462.6317523124,0
IBTK.US,D,20220307,000000,22.7304,22.81,22.7304,22.7355,18837.119364179,0
IBTK.US,D,20220308,000000,22.5914,22.5918,22.5715,22.5918,1245.1382202356,0
IBTK.US,D,20220309,000000,22.4921,22.502,22.4348,22.4616,8677.7175397339,0
IBTK.US,D,20220310,000000,22.3256,22.347,22.3032,22.347,3584.427811042,0
IBTK.US,D,20220311,000000,22.333,22.3605,22.3131,22.3233,3256.2830577705,0
IBTK.US,D,20220314,000000,22.1742,22.1742,22.0549,22.0549,1079.0526856043,0
IBTK.US,D,20220315,000000,22.1147,22.1233,22.05,22.05,13229.467767628,0
IBTK.US,D,20220316,000000,21.9952,22.0096,21.9407,22.0052,3208.9738448755,0
IBTK.US,D,20220317,000000,22.0151,22.0549,21.9668,21.9668,8012.3688222111,0
IBTK.US,D,20220318,000000,22.0549,22.0549,22.035,22.0359,1447.4605987864,0
IBTK.US,D,20220321,000000,21.8985,21.8985,21.7669,21.7669,3148.5791050096,0
IBTK.US,D,20220322,000000,21.6476,21.6476,21.6476,21.6476,487.18423491836,0
IBTK.US,D,20220323,000000,21.6848,21.7665,21.6576,21.7665,2006.1119425461,0
IBTK.US,D,20220324,000000,21.6526,21.7074,21.6526,21.6674,7626.849066067,0
IBTK.US,D,20220325,000000,21.4985,21.5184,21.4291,21.4291,3481.7567532698,0
IBTK.US,D,20220328,000000,21.4985,21.5483,21.4776,21.4786,12586.263788056,0
IBTK.US,D,20220329,000000,21.5085,21.5919,21.5085,21.5734,12428.230885407,0
IBTK.US,D,20220330,000000,21.5184,21.6576,21.5184,21.6576,2880.829091604,0
IBTK.US,D,20220331,000000,21.7271,21.7271,21.6768,21.6768,861.63162208702,0
IBTK.US,D,20220401,000000,21.4886,21.5757,21.449,21.5757,8490.4938461496,0
IBTK.US,D,20220404,000000,21.4975,21.5184,21.4975,21.5035,11151.888716241,0
IBTK.US,D,20220405,000000,21.279,21.28,21.265,21.27,4461.1581180955,0
IBTK.US,D,20220406,000000,21.1683,21.2304,21.1683,21.2105,15092.645492492,0
IBTK.US,D,20220407,000000,21.1583,21.1707,21.1014,21.1211,9824.2110181885,0
IBTK.US,D,20220408,000000,21.0813,21.0813,21.0376,21.0432,1654.8158723261,0
IBTK.US,D,20220411,000000,20.982,20.9919,20.961,20.962,8980.6978180612,0
IBTK.US,D,20220412,000000,21.0614,21.0912,21.0515,21.0614,7676.1714369576,0
IBTK.US,D,20220413,000000,21.1111,21.1896,21.1012,21.1012,9959.092603889,0
IBTK.US,D,20220414,000000,21.0863,21.0863,20.9163,20.9175,3991.085726139,0
IBTK.US,D,20220418,000000,20.9223,20.9223,20.8627,20.8627,4853.7239272239,0
IBTK.US,D,20220419,000000,20.7558,20.8012,20.7558,20.7714,5717.3687073064,0
IBTK.US,D,20220420,000000,20.813,20.8826,20.8032,20.8627,26629.047385879,0
IBTK.US,D,20220421,000000,20.7932,20.813,20.6888,20.7733,1030916.0647732,0
IBTK.US,D,20220422,000000,20.7137,20.8304,20.7137,20.7733,5795.8818691321,0
IBTK.US,D,20220425,000000,20.977,21.0193,20.9025,20.9075,395275.51979042,0
IBTK.US,D,20220426,000000,21.0416,21.0713,20.982,21.0326,15831.474476852,0
IBTK.US,D,20220427,000000,21.0416,21.0504,20.9323,20.9521,52024.028920498,0
IBTK.US,D,20220428,000000,20.8826,20.8926,20.8478,20.8828,17889.928527282,0
IBTK.US,D,20220429,000000,20.8615,20.8615,20.7833,20.7932,4822.5199782931,0
IBTK.US,D,20220502,000000,20.649,20.6936,20.6412,20.6412,9508.1101048154,0
IBTK.US,D,20220503,000000,20.7435,20.7634,20.6639,20.6639,17828.586361531,0
IBTK.US,D,20220504,000000,20.6639,20.7932,20.6142,20.7932,25399.877845312,0
IBTK.US,D,20220505,000000,20.644,20.644,20.4948,20.5981,15616.228642801,0
IBTK.US,D,20220506,000000,20.4651,20.5843,20.4651,20.4846,18844.259677857,0
IBTK.US,D,20220509,000000,20.5147,20.6341,20.5046,20.6341,10436.294729537,0
IBTK.US,D,20220510,000000,20.7335,20.7634,20.6838,20.6838,29623.469853797,0
IBTK.US,D,20220511,000000,20.6341,20.823,20.6241,20.8174,22470.515102285,0
IBTK.US,D,20220512,000000,20.8628,20.9523,20.8628,20.9026,9187.3182355996,0
IBTK.US,D,20220513,000000,20.8117,20.8429,20.7634,20.7634,12738.152374162,0
IBTK.US,D,20220516,000000,20.8877,20.9224,20.8628,20.8728,7072.5053799225,0
IBTK.US,D,20220517,000000,20.7236,20.7808,20.7038,20.7038,14061.54453682,0
IBTK.US,D,20220518,000000,20.7236,20.8628,20.7236,20.8429,14337.083634517,0
IBTK.US,D,20220519,000000,21.012,21.012,20.9314,20.9324,7721.1284383684,0
IBTK.US,D,20220520,000000,20.9126,21.0418,20.9126,21.027,12466.635745045,0
IBTK.US,D,20220523,000000,20.9622,20.9822,20.9026,20.9026,4568.5186891778,0
IBTK.US,D,20220524,000000,21.1304,21.1611,21.0915,21.0915,6727.5786992295,0
IBTK.US,D,20220525,000000,21.1611,21.1611,21.0915,21.1412,14131.937736961,0
IBTK.US,D,20220526,000000,21.1313,21.1386,21.0716,21.1214,5403.1809194261,0
IBTK.US,D,20220527,000000,21.1711,21.1711,21.1015,21.1362,3508.5982184771,0
IBTK.US,D,20220531,000000,20.9722,20.9722,20.9126,20.9324,4204.4852827322,0
IBTK.US,D,20220601,000000,20.93,20.93,20.7534,20.7634,7259.5501688697,0
IBTK.US,D,20220602,000000,20.7982,20.823,20.7833,20.823,10091.368048844,0
IBTK.US,D,20220603,000000,20.7236,20.7833,20.7236,20.748,5405.1921537158,0
IBTK.US,D,20220606,000000,20.7335,20.7335,20.5946,20.6241,6269.0172811655,0
IBTK.US,D,20220607,000000,20.7136,20.7335,20.6838,20.7038,3914.8675450076,0
IBTK.US,D,20220608,000000,20.6341,20.679,20.6042,20.6042,25269.147616478,0
IBTK.US,D,20220609,000000,20.6142,20.6341,20.5745,20.5844,5926.1018347623,0
IBTK.US,D,20220610,000000,20.485,20.4948,20.3756,20.3904,27336.696466347,0
IBTK.US,D,20220613,000000,20.1866,20.2065,19.948,20.0485,17862.777344456,0
IBTK.US,D,20220614,000000,20.0871,20.107,19.8833,19.8982,6535.505824558,0
IBTK.US,D,20220615,000000,20.0474,20.1519,19.9877,20.1519,10908.934787629,0
IBTK.US,D,20220616,000000,19.9579,20.2762,19.9579,20.2762,17306.671063339,0
IBTK.US,D,20220617,000000,20.3159,20.3159,20.1856,20.2868,8688.5321317404,0
IBTK.US,D,20220621,000000,20.1866,20.2264,20.1795,20.1866,14184.229828495,0
IBTK.US,D,20220622,000000,20.4253,20.4551,20.4153,20.4463,25788.046063235,0
IBTK.US,D,20220623,000000,20.5745,20.6938,20.5446,20.552,33209.50059243,0
IBTK.US,D,20220624,000000,20.5346,20.5944,20.49,20.49,22810.413697253,0
IBTK.US,D,20220627,000000,20.4601,20.475,20.3607,20.3756,6900.5448481484,0
IBTK.US,D,20220628,000000,20.3378,20.4053,20.3378,20.3969,8240.0268851251,0
IBTK.US,D,20220629,000000,20.4253,20.5546,20.4253,20.5546,13242.97218089,0
IBTK.US,D,20220630,000000,20.6639,20.7436,20.6639,20.7135,6100.0736008261,0
IBTK.US,D,20220701,000000,20.8927,20.9523,20.8628,20.8972,19081.585324048,0
IBTK.US,D,20220705,000000,21.0021,21.0282,20.9523,20.9672,5707.8829143239,0
IBTK.US,D,20220706,000000,20.9722,21.007,20.7932,20.8032,11501.243285963,0
IBTK.US,D,20220707,000000,20.7833,20.7833,20.654,20.6639,9742.4188995719,0
IBTK.US,D,20220708,000000,20.6042,20.6042,20.5247,20.5496,8111.3078905808,0
IBTK.US,D,20220711,000000,20.6739,20.7236,20.6739,20.6939,8196.7853478954,0
IBTK.US,D,20220712,000000,20.8398,20.8398,20.7435,20.7514,8850.4364920656,0
IBTK.US,D,20220713,000000,20.6241,20.8429,20.6241,20.813,12906.090437356,0
IBTK.US,D,20220714,000000,20.6639,20.7584,20.6639,20.7236,5135.6867588887,0
IBTK.US,D,20220715,000000,20.7534,20.813,20.7534,20.7733,3636.3115958765,0
IBTK.US,D,20220718,000000,20.7106,20.7434,20.6739,20.7335,4216.5526884708,0
IBTK.US,D,20220719,000000,20.6938,20.7136,20.6191,20.6241,3000974.7511488,0
IBTK.US,D,20220720,000000,20.7335,20.7335,20.6042,20.6241,40435.865395519,0
IBTK.US,D,20220721,000000,20.6838,20.828,20.6838,20.828,1262030.4100953,0
IBTK.US,D,20220722,000000,21.0288,21.1214,21.012,21.058,9991.8119515014,0
IBTK.US,D,20220725,000000,20.9423,21.0011,20.9423,20.9919,31622.636737813,0
IBTK.US,D,20220726,000000,21.1512,21.1512,21.007,21.012,14334.066783082,0
IBTK.US,D,20220727,000000,21.0517,21.1412,21.0418,21.0418,29670.733859606,0
IBTK.US,D,20220728,000000,21.2954,21.3053,21.1912,21.2506,21953.627889817,0
IBTK.US,D,20220729,000000,21.2204,21.3402,21.2204,21.2904,21726.358415075,0
IBTK.US,D,20220801,000000,21.3302,21.3899,21.3302,21.37,19919.745842437,0
IBTK.US,D,20220802,000000,21.3601,21.3601,21.0913,21.0924,7568.2375261551,0
IBTK.US,D,20220803,000000,21.0515,21.161,20.957,21.161,34724.677235696,0
IBTK.US,D,20220804,000000,21.2108,21.2825,21.2008,21.2825,8212.2359669178,0
IBTK.US,D,20220805,000000,21.0117,21.0117,20.9719,20.9719,16332.041580403,0
IBTK.US,D,20220808,000000,21.0913,21.1013,21.0617,21.0913,15910.076923429,0
IBTK.US,D,20220809,000000,21.0334,21.0682,21.0117,21.0515,10507.924636407,0
IBTK.US,D,20220810,000000,21.1809,21.2029,21.0615,21.0615,6775.5467776968,0
IBTK.US,D,20220811,000000,21.1112,21.1312,20.9321,20.942,10680.729210216,0
IBTK.US,D,20220812,000000,21.0018,21.0117,20.9729,21.0117,18543.337318498,0
IBTK.US,D,20220815,000000,21.1281,21.1281,21.0764,21.0764,28404.249480878,0
IBTK.US,D,20220816,000000,20.9868,21.0714,20.9868,21.0714,6246.0816009699,0
IBTK.US,D,20220817,000000,20.942,20.9619,20.8873,20.9321,29888.15852457,0
IBTK.US,D,20220818,000000,21.0384,21.0479,20.9719,20.9769,12450.971413997,0
IBTK.US,D,20220819,000000,20.8325,20.8325,20.7868,20.8027,22984.012994272,0
IBTK.US,D,20220822,000000,20.7927,20.8027,20.7032,20.7132,6794.6356550361,0
IBTK.US,D,20220823,000000,20.7888,20.7927,20.6683,20.6728,15892.997401599,0
IBTK.US,D,20220824,000000,20.6145,20.6235,20.5837,20.5837,7957.047817224,0
IBTK.US,D,20220825,000000,20.6186,20.733,20.5937,20.733,26947.466736563,0
IBTK.US,D,20220826,000000,20.6832,20.7231,20.6609,20.6862,20065.424116868,0
IBTK.US,D,20220829,000000,20.6001,20.6036,20.5439,20.5738,14259.391372457,0
IBTK.US,D,20220830,000000,20.6036,20.6036,20.4948,20.5778,11316.690228941,0
IBTK.US,D,20220831,000000,20.5439,20.5837,20.4543,20.461,20110.63461583,0
IBTK.US,D,20220901,000000,20.3349,20.3349,20.2652,20.2951,10306.989085467,0
IBTK.US,D,20220902,000000,20.3647,20.4145,20.3647,20.4044,8515.6486488372,0
IBTK.US,D,20220906,000000,20.2353,20.2453,20.1657,20.1657,44294.232849214,0
IBTK.US,D,20220907,000000,20.2453,20.3249,20.2453,20.3249,25724.773909094,0
IBTK.US,D,20220908,000000,20.305,20.3448,20.2453,20.2453,20117.667360113,0
IBTK.US,D,20220909,000000,20.2752,20.315,20.2254,20.2353,13998.175156235,0
IBTK.US,D,20220912,000000,20.2951,20.2951,20.1955,20.2055,12186.741164511,0
IBTK.US,D,20220913,000000,20.0661,20.1059,20.0502,20.1059,21432.790541015,0
IBTK.US,D,20220914,000000,20.0661,20.1358,20.0562,20.086,15694.071206169,0
IBTK.US,D,20220915,000000,20.0363,20.0562,20.0064,20.0263,14212.171517986,0
IBTK.US,D,20220916,000000,20.0164,20.1027,20.0164,20.0661,11764.776507537,0
IBTK.US,D,20220919,000000,19.9666,20.0254,19.9666,19.9865,12599.663721693,0
IBTK.US,D,20220920,000000,19.8671,19.9168,19.8571,19.8721,8454.3633058005,0
IBTK.US,D,20220921,000000,19.9129,19.9499,19.7854,19.9467,7702.8643452849,0
IBTK.US,D,20220922,000000,19.7576,19.7576,19.658,19.67,20052.363306057,0
IBTK.US,D,20220923,000000,19.648,19.678,19.5879,19.6745,27380.482848839,0
IBTK.US,D,20220926,000000,19.5884,19.5884,19.3414,19.3793,27589.455821817,0
IBTK.US,D,20220927,000000,19.3694,19.38,19.25,19.2546,23609.92723545,0
IBTK.US,D,20220928,000000,19.5187,19.6979,19.449,19.678,30214.678794848,0
IBTK.US,D,20220929,000000,19.5286,19.6333,19.5286,19.5884,41574.570167241,0
IBTK.US,D,20220930,000000,19.6879,19.6879,19.4789,19.5187,12811.650727934,0
IBTK.US,D,20221003,000000,19.6481,19.8273,19.6381,19.7078,49146.826404415,0
IBTK.US,D,20221004,000000,19.7576,19.8571,19.7378,19.7576,16223.536382896,0
IBTK.US,D,20221005,000000,19.6182,19.6332,19.5237,19.5585,27763.26507338,0
IBTK.US,D,20221006,000000,19.5486,19.5486,19.449,19.459,15008.880977463,0
IBTK.US,D,20221007,000000,19.3594,19.4192,19.3395,19.3694,174597.92360054,0
IBTK.US,D,20221010,000000,19.2997,19.3097,19.2002,19.2633,66836.187631418,0
IBTK.US,D,20221011,000000,19.3196,19.4092,19.2858,19.2997,170879.61123039,0
IBTK.US,D,20221012,000000,19.2997,19.3893,19.2997,19.3893,20791.806133517,0
IBTK.US,D,20221013,000000,19.1703,19.3147,19.1604,19.292,9672.0327444969,0
IBTK.US,D,20221014,000000,19.3594,19.3594,19.1803,19.2101,28572.030665913,0
IBTK.US,D,20221017,000000,19.2997,19.3196,19.2052,19.2052,34856.290021562,0
IBTK.US,D,20221018,000000,19.2599,19.3097,19.1803,19.25,3940613.3982162,0
IBTK.US,D,20221019,000000,19.1106,19.1593,19.0658,19.0807,2331084.4714653,0
IBTK.US,D,20221020,000000,19.0409,19.0739,18.9215,18.9414,54177.247922198,0
IBTK.US,D,20221021,000000,18.9016,19.0409,18.8717,19.0011,50362.486487602,0
IBTK.US,D,20221024,000000,19.0111,19.0708,18.9364,18.9947,67118.502080488,0
IBTK.US,D,20221025,000000,19.1803,19.25,19.1803,19.2101,24283.061331099,0
IBTK.US,D,20221026,000000,19.2599,19.3256,19.25,19.2997,54300.823286026,0
IBTK.US,D,20221027,000000,19.3495,19.459,19.3196,19.4291,83565.076924927,0
IBTK.US,D,20221028,000000,19.2997,19.3893,19.2898,19.3196,19879.558732249,0
IBTK.US,D,20221031,000000,19.23,19.2798,19.1902,19.24,18746.282224947,0
IBTK.US,D,20221101,000000,19.39,19.39,19.22,19.23,60968,0
IBTK.US,D,20221102,000000,19.26,19.36,19.17,19.2112,108318,0
IBTK.US,D,20221103,000000,19.04,19.15,19.04,19.12,54941,0
IBTK.US,D,20221104,000000,19.13,19.19,19.09,19.11,56260,0
IBTK.US,D,20221107,000000,19.12,19.1268,19.031,19.0375,24896,0
IBTK.US,D,20221108,000000,19.09,19.1756,19.09,19.14,49425,0
IBTK.US,D,20221109,000000,19.12,19.23,19.12,19.21,56126,0
IBTK.US,D,20221110,000000,19.5,19.63,19.5,19.63,42502,0
IBTK.US,D,20221111,000000,19.56,19.614,19.54,19.59,16430,0
IBTK.US,D,20221114,000000,19.55,19.5662,19.51,19.54,8847,0
IBTK.US,D,20221115,000000,19.63,19.68,19.62,19.68,9642,0
IBTK.US,D,20221116,000000,19.75,19.813,19.7421,19.81,17181,0
IBTK.US,D,20221117,000000,19.6667,19.71,19.65,19.6908,6019,0
IBTK.US,D,20221118,000000,19.69,19.69,19.6178,19.6178,13243,0
IBTK.US,D,20221121,000000,19.68,19.69,19.6,19.605,9190,0
IBTK.US,D,20221122,000000,19.69,19.7295,19.68,19.7,6278,0
IBTK.US,D,20221123,000000,19.72,19.7994,19.72,19.7938,15254,0
IBTK.US,D,20221125,000000,19.76,19.8,19.76,19.8,1645,0
IBTK.US,D,20221128,000000,19.822,19.8402,19.8,19.8215,14753,0
IBTK.US,D,20221129,000000,19.75,19.8,19.73,19.73,6330,0
IBTK.US,D,20221130,000000,19.7,19.88,19.6899,19.8771,73723,0
IBTK.US,D,20221201,000000,19.9,20.065,19.9,20.065,9479,0
IBTK.US,D,20221202,000000,19.96,20.09,19.8939,20.0851,14317,0
IBTK.US,D,20221205,000000,19.97,19.97,19.9,19.9,6262,0
IBTK.US,D,20221206,000000,19.935,20.03,19.935,19.99,37500,0
IBTK.US,D,20221207,000000,20.08,20.19,20.07,20.18,29999,0
IBTK.US,D,20221208,000000,20.06,20.105,20.03,20.0494,8525,0
IBTK.US,D,20221209,000000,19.979,19.99,19.94,19.94,31053,0
IBTK.US,D,20221212,000000,20,20,19.89,19.9,10284,0
IBTK.US,D,20221213,000000,20.1985,20.1985,20.07,20.07,55139,0
IBTK.US,D,20221214,000000,20.09,20.145,20.02,20.14,33529,0
IBTK.US,D,20221215,000000,20.12,20.1318,20.07,20.11,474582,0
IBTK.US,D,20221216,000000,19.99,20.1082,19.97,20.08,48806,0
IBTK.US,D,20221219,000000,19.9484,19.9599,19.92,19.92,10281,0
IBTK.US,D,20221220,000000,19.8,19.819,19.79,19.81,38652,0
IBTK.US,D,20221221,000000,19.89,19.89,19.8,19.82,74058,0
IBTK.US,D,20221222,000000,19.83,19.865,19.8,19.8,89509,0
IBTK.US,D,20221223,000000,19.72,19.769,19.7101,19.74,18914,0
IBTK.US,D,20221227,000000,19.65,19.6699,19.57,19.57,40340,0
IBTK.US,D,20221228,000000,19.61,19.61,19.53,19.54,48028,0
IBTK.US,D,20221229,000000,19.59,19.62,19.57,19.61,24786,0
IBTK.US,D,20221230,000000,19.5549,19.62,19.5096,19.545,48446,0
IBTK.US,D,20230103,000000,19.75,19.75,19.64,19.6731,33448,0
IBTK.US,D,20230104,000000,19.82,19.839,19.76,19.8085,24778,0
IBTK.US,D,20230105,000000,19.7,19.7899,19.67,19.77,34364,0
IBTK.US,D,20230106,000000,19.795,20.04,19.795,20.04,13556,0
IBTK.US,D,20230109,000000,20.03,20.1199,20.015,20.1,19111,0
IBTK.US,D,20230110,000000,20.03,20.03,19.955,19.98,19117,0
IBTK.US,D,20230111,000000,20.04,20.09,20.02,20.09,48303,0
IBTK.US,D,20230112,000000,20.18,20.27,20.098,20.27,23954,0
IBTK.US,D,20230113,000000,20.229,20.26,20.155,20.1663,7177,0
IBTK.US,D,20230117,000000,20.12,20.1748,20.1075,20.13,41557,0
IBTK.US,D,20230118,000000,20.36,20.39,20.31,20.3844,318050,0
IBTK.US,D,20230119,000000,20.35,20.3699,20.31,20.33,1590756,0
IBTK.US,D,20230120,000000,20.25,20.25,20.19,20.22,25379,0
IBTK.US,D,20230123,000000,20.16,20.2,20.14,20.14,638562,0
IBTK.US,D,20230124,000000,20.18,20.26,20.17,20.26,45857,0
IBTK.US,D,20230125,000000,20.28,20.2868,20.23,20.275,59059,0
IBTK.US,D,20230126,000000,20.24,20.28,20.19,20.21,31488,0
IBTK.US,D,20230127,000000,20.15,20.19,20.13,20.175,16167,0
IBTK.US,D,20230130,000000,20.11,20.14,20.1,20.1,73261,0
IBTK.US,D,20230131,000000,20.21,20.22,20.13,20.22,56275,0
IBTK.US,D,20230201,000000,20.2,20.285,20.13,20.28,40132,0
IBTK.US,D,20230202,000000,20.35,20.37,20.27,20.27,22310,0
IBTK.US,D,20230203,000000,20.1,20.14,20.055,20.075,33197,0
IBTK.US,D,20230206,000000,19.94,19.95,19.89,19.8913,40577,0
IBTK.US,D,20230207,000000,19.89,19.96,19.8422,19.86,127936,0
IBTK.US,D,20230208,000000,19.87,19.92,19.84,19.91,60357,0
IBTK.US,D,20230209,000000,19.96,19.96,19.82,19.8373,89975,0
IBTK.US,D,20230210,000000,19.82,19.82,19.738,19.75,21543,0
IBTK.US,D,20230213,000000,19.75,19.8,19.75,19.79,31566,0
IBTK.US,D,20230214,000000,19.73,19.76,19.66,19.71,103111,0
IBTK.US,D,20230215,000000,19.68,19.71,19.63,19.64,17250,0
IBTK.US,D,20230216,000000,19.61,19.65,19.57,19.59,410482,0
IBTK.US,D,20230217,000000,19.56,19.65,19.56,19.65,28411,0
IBTK.US,D,20230221,000000,19.52,19.53,19.44,19.44,32749,0
IBTK.US,D,20230222,000000,19.48,19.52,19.465,19.47,125774,0
IBTK.US,D,20230223,000000,19.48,19.55,19.47,19.54,53964,0
IBTK.US,D,20230224,000000,19.4,19.4399,19.3899,19.42,19382,0
IBTK.US,D,20230227,000000,19.5,19.5,19.44,19.47,164905,0
IBTK.US,D,20230228,000000,19.43,19.5,19.4,19.5,16333,0
IBTK.US,D,20230301,000000,19.39,19.41,19.31,19.31,57288,0
IBTK.US,D,20230302,000000,19.24,19.26,19.22,19.25,98340,0
IBTK.US,D,20230303,000000,19.34,19.37,19.27,19.37,339358,0
IBTK.US,D,20230306,000000,19.42,19.42,19.34,19.35,16869,0
IBTK.US,D,20230307,000000,19.37,19.39,19.32,19.34,170895,0
IBTK.US,D,20230308,000000,19.42,19.44,19.31,19.32,70145,0
IBTK.US,D,20230309,000000,19.38,19.48,19.36,19.46,38556,0
IBTK.US,D,20230310,000000,19.71,19.8,19.66,19.775,241506,0
IBTK.US,D,20230313,000000,20.1,20.18,19.965,20.03,263671,0
IBTK.US,D,20230314,000000,19.92,19.95,19.8,19.84,68164,0
IBTK.US,D,20230315,000000,20.16,20.26,20.04,20.135,683331,0
IBTK.US,D,20230316,000000,20.25,20.27,19.93,19.9481,97558,0
IBTK.US,D,20230317,000000,20.11,20.2632,20.11,20.2,213047,0
IBTK.US,D,20230320,000000,20.11,20.16,20.06,20.09,111081,0
IBTK.US,D,20230321,000000,19.96,20.02,19.92,19.95,27166,0
IBTK.US,D,20230322,000000,19.92,20.21,19.9,20.18,60989,0
IBTK.US,D,20230323,000000,20.2,20.33,20.18,20.33,55883,0
IBTK.US,D,20230324,000000,20.43,20.43,20.31,20.31,23680,0
IBTK.US,D,20230327,000000,20.15,20.18,20.09,20.1,11971,0
IBTK.US,D,20230328,000000,20.06,20.095,20.04,20.07,16798,0
IBTK.US,D,20230329,000000,20.01,20.07,19.99,20.04,81519,0
IBTK.US,D,20230330,000000,20.01,20.07,20.01,20.06,19308,0
IBTK.US,D,20230331,000000,20.07,20.16,20.066,20.15,13413,0
IBTK.US,D,20230403,000000,20.08,20.22,20.08,20.21,43195,0
IBTK.US,D,20230404,000000,20.13,20.34,20.13,20.32,28533,0
IBTK.US,D,20230405,000000,20.41,20.47,20.4,20.4,17203,0
IBTK.US,D,20230406,000000,20.42,20.44,20.39,20.41,41070,0
IBTK.US,D,20230410,000000,20.26,20.26,20.21,20.23,8596,0
IBTK.US,D,20230411,000000,20.21,20.2199,20.18,20.21,14502,0
IBTK.US,D,20230412,000000,20.3,20.311,20.205,20.2708,30258,0
IBTK.US,D,20230413,000000,20.32,20.33,20.21,20.23,9452,0
IBTK.US,D,20230414,000000,20.15,20.15,20.1032,20.12,7959,0
IBTK.US,D,20230417,000000,20.06,20.06,20,20.01,4622,0
IBTK.US,D,20230418,000000,20.02,20.06,20.01,20.02,4709,0
IBTK.US,D,20230419,000000,19.98,20,19.94,19.99,106123,0
IBTK.US,D,20230420,000000,20.1,20.12,20.0815,20.095,24331,0
IBTK.US,D,20230421,000000,20.15,20.15,20.05,20.05,89304,0
IBTK.US,D,20230424,000000,20.12,20.15,20.11,20.15,20206,0
IBTK.US,D,20230425,000000,20.26,20.345,20.26,20.3341,17029,0
IBTK.US,D,20230426,000000,20.34,20.35,20.2385,20.27,42583,0
IBTK.US,D,20230427,000000,20.2,20.2,20.12,20.125,18407,0
IBTK.US,D,20230428,000000,20.24,20.2609,20.21,20.2609,10611,0
IBTK.US,D,20230501,000000,20.15,20.15,20.0177,20.0177,4959,0
IBTK.US,D,20230502,000000,20.08,20.27,20.08,20.27,163248,0
IBTK.US,D,20230503,000000,20.32,20.41,20.3,20.41,34473,0
IBTK.US,D,20230504,000000,20.37,20.52,20.36,20.42,117439,0
IBTK.US,D,20230505,000000,20.31,20.31,20.27,20.304,7226,0
IBTK.US,D,20230508,000000,20.2,20.2399,20.1898,20.19,12719,0
IBTK.US,D,20230509,000000,20.2,20.2,20.17,20.18,19724,0
IBTK.US,D,20230510,000000,20.25,20.325,20.25,20.31,31989,0
IBTK.US,D,20230511,000000,20.43,20.44,20.36,20.38,35761,0
IBTK.US,D,20230512,000000,20.36,20.36,20.25,20.25,9946,0
IBTK.US,D,20230515,000000,20.2,20.23,20.2,20.23,13222,0
IBTK.US,D,20230516,000000,20.17,20.18,20.13,20.17,5468,0
IBTK.US,D,20230517,000000,20.155,20.155,20.08,20.09,10513,0
IBTK.US,D,20230518,000000,20.03,20.03,19.97,19.99,104553,0
IBTK.US,D,20230519,000000,19.88,19.9962,19.88,19.89,15260,0
IBTK.US,D,20230522,000000,19.91,19.93,19.8767,19.885,25520,0
IBTK.US,D,20230523,000000,19.86,19.94,19.86,19.91,29029,0
IBTK.US,D,20230524,000000,19.92,19.93,19.86,19.87,11606,0
IBTK.US,D,20230525,000000,19.81,19.82,19.73,19.73,31821,0
IBTK.US,D,20230526,000000,19.71,19.74,19.676,19.74,14099,0
IBTK.US,D,20230530,000000,19.81,19.89,19.8,19.89,14421,0
IBTK.US,D,20230531,000000,19.92,19.99,19.9,19.97,16230,0
IBTK.US,D,20230601,000000,19.98,20,19.9539,19.975,27512,0
IBTK.US,D,20230602,000000,19.93,19.93,19.8179,19.83,25723,0
IBTK.US,D,20230605,000000,19.74,19.86,19.74,19.84,10921,0
IBTK.US,D,20230606,000000,19.8,19.8159,19.79,19.815,7484,0
IBTK.US,D,20230607,000000,19.81,19.81,19.68,19.705,11428,0
IBTK.US,D,20230608,000000,19.78,19.83,19.77,19.83,71748,0
IBTK.US,D,20230609,000000,19.74,19.78,19.74,19.7528,34889,0
IBTK.US,D,20230612,000000,19.77,19.788,19.71,19.78,18447,0
IBTK.US,D,20230613,000000,19.82,19.82,19.65,19.66,8264,0
IBTK.US,D,20230614,000000,19.71,19.7333,19.61,19.66,34580,0
IBTK.US,D,20230615,000000,19.76,19.82,19.76,19.82,12737,0
IBTK.US,D,20230616,000000,19.72,19.7368,19.71,19.72,5725,0
IBTK.US,D,20230620,000000,19.76,19.8,19.76,19.785,12096,0
IBTK.US,D,20230621,000000,19.71,19.8,19.71,19.785,16261,0
IBTK.US,D,20230622,000000,19.73,19.75,19.6738,19.687,14292,0
IBTK.US,D,20230623,000000,19.82,19.82,19.73,19.7529,11690,0
IBTK.US,D,20230626,000000,19.78,19.8,19.775,19.7916,10160,0
IBTK.US,D,20230627,000000,19.79,19.8004,19.71,19.7175,13674,0
IBTK.US,D,20230628,000000,19.75,19.81,19.73,19.8,35580,0
IBTK.US,D,20230629,000000,19.63,19.639,19.59,19.6,7650,0
IBTK.US,D,20230630,000000,19.61,19.65,19.6,19.65,12511,0
IBTK.US,D,20230703,000000,19.59,19.61,19.5302,19.5302,4843,0
IBTK.US,D,20230705,000000,19.53,19.53,19.43,19.4443,11847,0
IBTK.US,D,20230706,000000,19.31,19.31,19.2297,19.3,28736,0
IBTK.US,D,20230707,000000,19.3,19.355,19.29,19.3,11435,0
IBTK.US,D,20230710,000000,19.34,19.415,19.335,19.39,15080,0
IBTK.US,D,20230711,000000,19.43,19.4499,19.4079,19.43,32882,0
IBTK.US,D,20230712,000000,19.55,19.63,19.55,19.605,21913,0
IBTK.US,D,20230713,000000,19.7091,19.7664,19.6815,19.75,18559,0
IBTK.US,D,20230714,000000,19.72,19.7365,19.669,19.68,9740,0
IBTK.US,D,20230717,000000,19.68,19.71,19.6505,19.695,14431,0
IBTK.US,D,20230718,000000,19.75,19.775,19.7,19.7131,14707,0
IBTK.US,D,20230719,000000,19.75,19.77,19.71,19.77,24343,0
IBTK.US,D,20230720,000000,19.67,19.67,19.6,19.62,27586,0
IBTK.US,D,20230721,000000,19.66,19.67,19.64,19.65,13510,0
IBTK.US,D,20230724,000000,19.68,19.69,19.59,19.5943,23612,0
IBTK.US,D,20230725,000000,19.53,19.56,19.52,19.55,15254,0
IBTK.US,D,20230726,000000,19.59,19.63,19.55,19.61,23423,0
IBTK.US,D,20230727,000000,19.56,19.56,19.43,19.45,19870,0
IBTK.US,D,20230728,000000,19.48,19.53,19.48,19.5,26526,0
IBTK.US,D,20230731,000000,19.5,19.55,19.5,19.54,13819,0
IBTK.US,D,20230801,000000,19.4,19.42,19.36,19.3892,47455,0
IBTK.US,D,20230802,000000,19.36,19.38,19.3078,19.37,20290,0
IBTK.US,D,20230803,000000,19.26,19.29,19.25,19.25,135943,0
IBTK.US,D,20230804,000000,19.34,19.46,19.3342,19.45,104434,0
IBTK.US,D,20230807,000000,19.425,19.44,19.4,19.415,17025,0
IBTK.US,D,20230808,000000,19.52,19.52,19.474,19.48,16208,0
IBTK.US,D,20230809,000000,19.5,19.52,19.476,19.49,13721,0
IBTK.US,D,20230810,000000,19.5201,19.522,19.37,19.37,16867,0
IBTK.US,D,20230811,000000,19.295,19.34,19.26,19.26,15337,0
IBTK.US,D,20230814,000000,19.23,19.288,19.21,19.24,16082,0
IBTK.US,D,20230815,000000,19.23,19.28,19.2,19.2,20524,0
IBTK.US,D,20230816,000000,19.23,19.245,19.155,19.16,35929,0
IBTK.US,D,20230817,000000,19.17,19.17,19.09,19.145,114246,0
IBTK.US,D,20230818,000000,19.17,19.224,19.17,19.19,17488,0
IBTK.US,D,20230821,000000,19.11,19.115,19.08,19.08,25965,0
IBTK.US,D,20230822,000000,19.07,19.11,19.06,19.085,26836,0
IBTK.US,D,20230823,000000,19.2,19.249,19.2,19.2476,21183,0
IBTK.US,D,20230824,000000,19.2,19.2301,19.2,19.205,16461,0
IBTK.US,D,20230825,000000,19.17,19.19,19.1314,19.1784,26490,0
IBTK.US,D,20230828,000000,19.21,19.236,19.19,19.22,8118,0
IBTK.US,D,20230829,000000,19.23,19.37,19.23,19.37,21171,0
IBTK.US,D,20230830,000000,19.38,19.3892,19.34,19.36,9806,0
IBTK.US,D,20230831,000000,19.38,19.4099,19.37,19.39,13480,0
IBTK.US,D,20230901,000000,19.3,19.3,19.24,19.27,27053,0
IBTK.US,D,20230905,000000,19.18,19.19,19.1553,19.16,809802,0
IBTK.US,D,20230906,000000,19.125,19.1299,19.1017,19.12,9928,0
IBTK.US,D,20230907,000000,19.15,19.18,19.1405,19.18,65174,0
IBTK.US,D,20230908,000000,19.235,19.2379,19.1633,19.175,22486,0
IBTK.US,D,20230911,000000,19.16,19.16,19.145,19.155,23719,0
IBTK.US,D,20230912,000000,19.145,19.165,19.142,19.16,16546,0
IBTK.US,D,20230913,000000,19.14,19.21,19.14,19.2,18389,0
IBTK.US,D,20230914,000000,19.17,19.2063,19.155,19.16,11543,0
IBTK.US,D,20230915,000000,19.11,19.125,19.1,19.1128,14408,0
IBTK.US,D,20230918,000000,19.09,19.13,19.09,19.115,3343,0
IBTK.US,D,20230919,000000,19.09,19.096,19.045,19.045,11893,0
IBTK.US,D,20230920,000000,19.0997,19.12,19.025,19.025,21477,0
IBTK.US,D,20230921,000000,18.9478,18.95,18.93,18.94,70197,0
IBTK.US,D,20230922,000000,18.95,19.01,18.95,19,107865,0
IBTK.US,D,20230925,000000,18.91,18.93,18.895,18.905,99782,0
IBTK.US,D,20230926,000000,18.9284,18.94,18.88,18.89,1449540,0
IBTK.US,D,20230927,000000,18.93,18.93,18.7987,18.83,18531,0
IBTK.US,D,20230928,000000,18.81,18.89,18.7863,18.89,36579,0
IBTK.US,D,20230929,000000,18.95,18.95,18.8819,18.9,22768,0
IBTK.US,D,20231002,000000,18.78,18.78,18.7193,18.735,21065,0
IBTK.US,D,20231003,000000,18.7384,18.7384,18.61,18.62,209724,0
IBTK.US,D,20231004,000000,18.67,18.72,18.6392,18.71,18885,0
IBTK.US,D,20231005,000000,18.7667,18.7667,18.7286,18.7642,134112,0
IBTK.US,D,20231006,000000,18.63,18.7,18.6087,18.665,21920,0
IBTK.US,D,20231009,000000,18.77,18.88,18.77,18.88,25292,0
IBTK.US,D,20231010,000000,18.7873,18.868,18.785,18.84,85840,0
IBTK.US,D,20231011,000000,18.87,18.9083,18.84,18.89,40688,0
IBTK.US,D,20231012,000000,18.87,18.87,18.745,18.77,15096,0
IBTK.US,D,20231013,000000,18.863,18.863,18.8291,18.84,116943,0
IBTK.US,D,20231016,000000,18.77,18.7764,18.75,18.76,42802,0
IBTK.US,D,20231017,000000,18.63,18.635,18.575,18.59,338134,0
IBTK.US,D,20231018,000000,18.56,18.58,18.514,18.53,69666,0
IBTK.US,D,20231019,000000,18.49,18.535,18.455,18.46,58441,0
IBTK.US,D,20231020,000000,18.53,18.58,18.53,18.58,144662,0
IBTK.US,D,20231023,000000,18.52,18.65,18.51,18.64,28129,0
IBTK.US,D,20231024,000000,18.62,18.655,18.595,18.6545,22234,0
IBTK.US,D,20231025,000000,18.5699,18.57,18.51,18.525,74523,0
IBTK.US,D,20231026,000000,18.555,18.65,18.555,18.64,36022,0
IBTK.US,D,20231027,000000,18.66,18.68,18.62,18.68,20726,0
IBTK.US,D,20231030,000000,18.6,18.65,18.58,18.625,495445,0
IBTK.US,D,20231031,000000,18.63,18.66,18.6014,18.6014,23460,0
IBTK.US,D,20231101,000000,18.6,18.73,18.6,18.71,39314,0
IBTK.US,D,20231102,000000,18.82,18.845,18.7704,18.8,83721,0
IBTK.US,D,20231103,000000,18.99,19.0081,18.93,18.94,35893,0
IBTK.US,D,20231106,000000,18.88,18.88,18.8224,18.85,57681,0
IBTK.US,D,20231107,000000,18.87,18.9473,18.87,18.91,33525,0
IBTK.US,D,20231108,000000,18.92,18.9791,18.92,18.975,29217,0
IBTK.US,D,20231109,000000,18.94,18.94,18.81,18.82,46504,0
IBTK.US,D,20231110,000000,18.8654,18.8666,18.805,18.81,30206,0
IBTK.US,D,20231113,000000,18.76,18.82,18.735,18.82,49828,0
IBTK.US,D,20231114,000000,19.05,19.09,19.0335,19.07,161915,0
IBTK.US,D,20231115,000000,19,19,18.94,18.96,34427,0
IBTK.US,D,20231116,000000,19.06,19.09,19.0408,19.06,51607,0
IBTK.US,D,20231117,000000,19.08,19.0881,19.04,19.07,47502,0
IBTK.US,D,20231120,000000,19.05,19.0999,19.03,19.08,99825,0
IBTK.US,D,20231121,000000,19.11,19.13,19.0886,19.12,32478,0
IBTK.US,D,20231122,000000,19.14,19.14,19.0699,19.1,32105,0
IBTK.US,D,20231124,000000,19.0303,19.04,19.0229,19.04,14862,0
IBTK.US,D,20231127,000000,19.08,19.145,19.07,19.14,39287,0
IBTK.US,D,20231128,000000,19.14,19.23,19.14,19.23,48777,0
IBTK.US,D,20231129,000000,19.29,19.33,19.27,19.3,138999,0
IBTK.US,D,20231130,000000,19.26,19.26,19.2088,19.24,39324,0
IBTK.US,D,20231201,000000,19.18,19.33,19.1701,19.32,142756,0
IBTK.US,D,20231204,000000,19.27,19.3,19.23,19.25,45995,0
IBTK.US,D,20231205,000000,19.32,19.38,19.3175,19.36,37148,0
IBTK.US,D,20231206,000000,19.39,19.4293,19.375,19.42,505219,0
IBTK.US,D,20231207,000000,19.39,19.435,19.38,19.41,85039,0
IBTK.US,D,20231208,000000,19.31,19.315,19.25,19.28,27100,0
IBTK.US,D,20231211,000000,19.26,19.29,19.23,19.29,53685,0
IBTK.US,D,20231212,000000,19.29,19.339,19.28,19.32,149051,0
IBTK.US,D,20231213,000000,19.37,19.6,19.36,19.5827,33604,0
IBTK.US,D,20231214,000000,19.62,19.69,19.605,19.645,92361,0
IBTK.US,D,20231215,000000,19.62,19.6599,19.5938,19.6243,69438,0
IBTK.US,D,20231218,000000,19.61,19.61,19.5727,19.59,104855,0
IBTK.US,D,20231219,000000,19.62,19.64,19.6,19.61,34343,0
IBTK.US,D,20231220,000000,19.67,19.71,19.63,19.71,105285,0
IBTK.US,D,20231221,000000,19.75,19.75,19.665,19.68,78334,0
IBTK.US,D,20231222,000000,19.72,19.72,19.65,19.68,140761,0
IBTK.US,D,20231226,000000,19.67,19.69,19.6515,19.67,130285,0
IBTK.US,D,20231227,000000,19.72,19.8,19.72,19.79,67588,0
IBTK.US,D,20231228,000000,19.75,19.785,19.72,19.73,81350,0
IBTK.US,D,20231229,000000,19.7,19.7427,19.69,19.72,94461,0
IBTK.US,D,20240102,000000,19.65,19.6699,19.63,19.66,58423,0
IBTK.US,D,20240103,000000,19.59,19.69,19.58,19.69,57136,0
IBTK.US,D,20240104,000000,19.6,19.615,19.5803,19.6,93969,0
IBTK.US,D,20240105,000000,19.54,19.6367,19.54,19.55,27340,0
IBTK.US,D,20240108,000000,19.57,19.6505,19.57,19.5982,60912,0
IBTK.US,D,20240109,000000,19.58,19.61,19.58,19.61,66429,0
IBTK.US,D,20240110,000000,19.6191,19.625,19.5756,19.5803,100426,0
IBTK.US,D,20240111,000000,19.61,19.6883,19.59,19.675,71697,0
IBTK.US,D,20240112,000000,19.72,19.7584,19.7,19.725,226941,0
IBTK.US,D,20240116,000000,19.65,19.695,19.5816,19.62,68873,0
IBTK.US,D,20240117,000000,19.56,19.56,19.5175,19.535,55026,0
IBTK.US,D,20240118,000000,19.54,19.5441,19.5,19.52,40688,0
IBTK.US,D,20240119,000000,19.48,19.505,19.4617,19.505,54510,0
IBTK.US,D,20240122,000000,19.56,19.58,19.54,19.555,36535,0
IBTK.US,D,20240123,000000,19.53,19.53,19.5037,19.53,1405880,0
IBTK.US,D,20240124,000000,19.59,19.59,19.47,19.48,103752,0
IBTK.US,D,20240125,000000,19.54,19.56,19.5122,19.5458,80003,0
IBTK.US,D,20240126,000000,19.505,19.5301,19.5,19.52,56873,0
IBTK.US,D,20240129,000000,19.57,19.6196,19.5699,19.615,18302,0
IBTK.US,D,20240130,000000,19.6364,19.6364,19.57,19.61,33818,0
IBTK.US,D,20240131,000000,19.74,19.76,19.69,19.7281,48242,0
IBTK.US,D,20240201,000000,19.76,19.84,19.73,19.78,51877,0
IBTK.US,D,20240202,000000,19.62,19.62,19.5444,19.57,119000,0
IBTK.US,D,20240205,000000,19.48,19.48,19.4063,19.43,51869,0
IBTK.US,D,20240206,000000,19.43,19.53,19.43,19.515,42984,0
IBTK.US,D,20240207,000000,19.5,19.5472,19.48,19.49,78932,0
IBTK.US,D,20240208,000000,19.46,19.46,19.43,19.435,25468,0
IBTK.US,D,20240209,000000,19.4,19.42,19.39,19.4052,48206,0
IBTK.US,D,20240212,000000,19.43,19.4493,19.4,19.4345,24483,0
IBTK.US,D,20240213,000000,19.3,19.305,19.24,19.2441,49586,0
IBTK.US,D,20240214,000000,19.26,19.33,19.26,19.305,44780,0
IBTK.US,D,20240215,000000,19.37,19.39,19.3312,19.3532,127303,0
IBTK.US,D,20240216,000000,19.25,19.2897,19.245,19.275,66733,0
IBTK.US,D,20240220,000000,19.34,19.35,19.3101,19.32,53453,0
IBTK.US,D,20240221,000000,19.32,19.32,19.25,19.265,203045,0
IBTK.US,D,20240222,000000,19.26,19.2698,19.23,19.255,116042,0
IBTK.US,D,20240223,000000,19.27,19.33,19.26,19.315,154123,0
IBTK.US,D,20240226,000000,19.31,19.311,19.25,19.2858,47285,0
IBTK.US,D,20240227,000000,19.27,19.298,19.25,19.27,70688,0
IBTK.US,D,20240228,000000,19.281,19.32,19.281,19.32,322308,0
IBTK.US,D,20240229,000000,19.35,19.3704,19.34,19.345,116179,0
IBTK.US,D,20240301,000000,19.29,19.39,19.254,19.38,64226,0
IBTK.US,D,20240304,000000,19.3392,19.36,19.33,19.35,38743,0
IBTK.US,D,20240305,000000,19.42,19.4399,19.41,19.43,57150,0
IBTK.US,D,20240306,000000,19.47,19.49,19.45,19.47,69763,0
IBTK.US,D,20240307,000000,19.51,19.51,19.4652,19.505,18911,0
IBTK.US,D,20240308,000000,19.54,19.545,19.51,19.53,234776,0
IBTK.US,D,20240311,000000,19.52,19.52,19.485,19.495,33210,0
IBTK.US,D,20240312,000000,19.45,19.45,19.41,19.42,106471,0
IBTK.US,D,20240313,000000,19.41,19.41,19.38,19.38,76649,0
IBTK.US,D,20240314,000000,19.34,19.34,19.27,19.27,18775,0
IBTK.US,D,20240315,000000,19.2599,19.27,19.24,19.24,31206,0
IBTK.US,D,20240318,000000,19.25,19.25,19.21,19.22,42212,0
IBTK.US,D,20240319,000000,19.26,19.28,19.26,19.27,28274,0
IBTK.US,D,20240320,000000,19.2802,19.37,19.26,19.32,442808,0
IBTK.US,D,20240321,000000,19.35,19.36,19.3144,19.33,85677,0
IBTK.US,D,20240322,000000,19.4,19.41,19.38,19.4,79968,0
IBTK.US,D,20240325,000000,19.3821,19.3821,19.35,19.37,51321,0
IBTK.US,D,20240326,000000,19.35,19.39,19.33,19.39,24743,0
IBTK.US,D,20240327,000000,19.39,19.446,19.39,19.44,79086,0
IBTK.US,D,20240328,000000,19.41,19.4302,19.4,19.42,97284,0
IBTK.US,D,20240401,000000,19.31,19.31,19.2,19.21,54280,0
IBTK.US,D,20240402,000000,19.17,19.2,19.15,19.2,31996,0
IBTK.US,D,20240403,000000,19.15,19.22,19.1201,19.22,25604,0
IBTK.US,D,20240404,000000,19.24,19.27,19.2,19.27,29347,0
IBTK.US,D,20240405,000000,19.19,19.2173,19.1717,19.1746,23561,0
IBTK.US,D,20240408,000000,19.14,19.14,19.11,19.13,34695,0
IBTK.US,D,20240409,000000,19.17,19.2,19.17,19.18,29084,0
IBTK.US,D,20240410,000000,19.04,19.04,18.941,18.9646,156420,0
IBTK.US,D,20240411,000000,18.98,18.99,18.93,18.955,46158,0
IBTK.US,D,20240412,000000,19.02,19.0597,19.02,19.0241,72892,0
IBTK.US,D,20240415,000000,18.92,18.93,18.875,18.92,78313,0
IBTK.US,D,20240416,000000,18.88,18.9,18.85,18.88,37268,0
IBTK.US,D,20240417,000000,18.93,18.97,18.905,18.965,26420,0
IBTK.US,D,20240418,000000,18.96,18.96,18.8897,18.905,20237,0
IBTK.US,D,20240419,000000,18.94,18.94,18.9152,18.925,30463,0
IBTK.US,D,20240422,000000,18.91,18.9429,18.91,18.94,38142,0
IBTK.US,D,20240423,000000,18.92,18.98,18.92,18.9637,45956,0
IBTK.US,D,20240424,000000,18.91,18.93,18.9,18.925,39490,0
IBTK.US,D,20240425,000000,18.84,18.875,18.8398,18.865,38115,0
IBTK.US,D,20240426,000000,18.9,18.916,18.89,18.89,18841,0
IBTK.US,D,20240429,000000,18.93,18.9699,18.93,18.96,31200,0
IBTK.US,D,20240430,000000,18.91,18.92,18.8788,18.8788,63037,0
IBTK.US,D,20240501,000000,18.86,18.935,18.84,18.895,36374,0
IBTK.US,D,20240502,000000,18.9,18.985,18.9,18.975,60604,0
IBTK.US,D,20240503,000000,19.1,19.1,19.0375,19.065,49194,0
IBTK.US,D,20240506,000000,19.08,19.09,19.055,19.08,121405,0
IBTK.US,D,20240507,000000,19.11,19.14,19.09,19.1,56233,0
IBTK.US,D,20240508,000000,19.08,19.09,19.07,19.07,56411,0
IBTK.US,D,20240509,000000,19.075,19.12,19.075,19.105,26549,0
IBTK.US,D,20240510,000000,19.075,19.075,19.05,19.065,41015,0
IBTK.US,D,20240513,000000,19.09,19.1,19.07,19.07,54742,0
IBTK.US,D,20240514,000000,19.12,19.13,19.1,19.13,140815,0
IBTK.US,D,20240515,000000,19.23,19.25,19.1999,19.235,46293,0
IBTK.US,D,20240516,000000,19.24,19.24,19.2,19.21,100682,0
IBTK.US,D,20240517,000000,19.19,19.19,19.15,19.16,17327,0
IBTK.US,D,20240520,000000,19.15,19.15,19.13,19.14,53917,0
IBTK.US,D,20240521,000000,19.18,19.19,19.17,19.175,39371,0
IBTK.US,D,20240522,000000,19.15,19.17,19.14,19.15,49642,0
IBTK.US,D,20240523,000000,19.15,19.15,19.079,19.095,52218,0
IBTK.US,D,20240524,000000,19.08,19.11,19.08,19.105,25404,0
IBTK.US,D,20240528,000000,19.12,19.13,19.03,19.035,37402,0
IBTK.US,D,20240529,000000,19.01,19.01,18.94,18.965,40422,0
IBTK.US,D,20240530,000000,19.02,19.05,19.02,19.0354,62221,0
IBTK.US,D,20240531,000000,19.09,19.12,19.08,19.12,19710,0
IBTK.US,D,20240603,000000,19.08,19.15,19.08,19.145,47093,0
IBTK.US,D,20240604,000000,19.2,19.24,19.19,19.225,24346,0
IBTK.US,D,20240605,000000,19.25,19.2799,19.205,19.275,32914,0
IBTK.US,D,20240606,000000,19.27,19.3,19.26,19.28,46015,0
IBTK.US,D,20240607,000000,19.16,19.16,19.12,19.12,32003,0
IBTK.US,D,20240610,000000,19.11,19.11,19.085,19.1,30842,0
IBTK.US,D,20240611,000000,19.12,19.1795,19.12,19.17,27991,0
IBTK.US,D,20240612,000000,19.32,19.36,19.25,19.25,46748,0
IBTK.US,D,20240613,000000,19.335,19.37,19.32,19.36,9599,0
IBTK.US,D,20240614,000000,19.39,19.395,19.37,19.38,12039,0
IBTK.US,D,20240617,000000,19.3214,19.3286,19.3,19.31,27282,0
IBTK.US,D,20240618,000000,19.35,19.39,19.35,19.37,35409,0
IBTK.US,D,20240620,000000,19.31,19.3599,19.31,19.34,80878,0
IBTK.US,D,20240621,000000,19.38,19.4,19.33,19.36,85644,0
IBTK.US,D,20240624,000000,19.35,19.36,19.33,19.36,96371,0
IBTK.US,D,20240625,000000,19.35,19.375,19.34,19.37,45153,0
IBTK.US,D,20240626,000000,19.31,19.31,19.28,19.29,45626,0
IBTK.US,D,20240627,000000,19.3,19.33,19.3,19.325,24415,0
IBTK.US,D,20240628,000000,19.365,19.3699,19.27,19.275,30474,0
IBTK.US,D,20240701,000000,19.14,19.14,19.095,19.11,109120,0
IBTK.US,D,20240702,000000,19.16,19.18,19.145,19.165,46883,0
IBTK.US,D,20240703,000000,19.19,19.265,19.19,19.25,26386,0
IBTK.US,D,20240705,000000,19.33,19.3587,19.31,19.35,17242,0
IBTK.US,D,20240708,000000,19.35,19.36,19.33,19.345,27480,0
IBTK.US,D,20240709,000000,19.34,19.34,19.3,19.34,26143,0
IBTK.US,D,20240710,000000,19.3329,19.3515,19.33,19.345,33546,0
IBTK.US,D,20240711,000000,19.45,19.49,19.4419,19.45,39256,0
IBTK.US,D,20240712,000000,19.47,19.49,19.46,19.49,35900,0
IBTK.US,D,20240715,000000,19.47,19.48,19.44,19.46,42218,0
IBTK.US,D,20240716,000000,19.48,19.51,19.46,19.505,50158,0
IBTK.US,D,20240717,000000,19.49,19.53,19.47,19.525,25997,0
IBTK.US,D,20240718,000000,19.5,19.52,19.47,19.4774,31069,0
IBTK.US,D,20240719,000000,19.44,19.46,19.43,19.435,51534,0
IBTK.US,D,20240722,000000,19.46,19.46,19.4,19.425,24994,0
IBTK.US,D,20240723,000000,19.44,19.47,19.44,19.44,47291,0
IBTK.US,D,20240724,000000,19.472,19.5,19.42,19.4338,31569,0
IBTK.US,D,20240725,000000,19.46,19.5,19.44,19.455,43097,0
IBTK.US,D,20240726,000000,19.51,19.53,19.5,19.525,21086,0
IBTK.US,D,20240729,000000,19.55,19.56,19.54,19.5528,59846,0
IBTK.US,D,20240730,000000,19.569,19.595,19.5353,19.57,35823,0
IBTK.US,D,20240731,000000,19.61,19.7,19.59,19.6873,59212,0
IBTK.US,D,20240801,000000,19.67,19.73,19.67,19.72,75655,0
IBTK.US,D,20240802,000000,19.91,19.965,19.91,19.95,59014,0
IBTK.US,D,20240805,000000,20.07,20.1,19.91,19.9608,76519,0
IBTK.US,D,20240806,000000,19.93,19.93,19.82,19.85,53076,0
IBTK.US,D,20240807,000000,19.79,19.805,19.76,19.785,48628,0
IBTK.US,D,20240808,000000,19.73,19.75,19.71,19.7354,41216,0
IBTK.US,D,20240809,000000,19.805,19.809,19.779,19.785,32496,0
IBTK.US,D,20240812,000000,19.78,19.85,19.78,19.85,43587,0
IBTK.US,D,20240813,000000,19.9,19.91,19.88,19.905,53556,0
IBTK.US,D,20240814,000000,19.91,19.95,19.905,19.93,65691,0
IBTK.US,D,20240815,000000,19.79,19.8175,19.78,19.81,39870,0
IBTK.US,D,20240816,000000,19.85,19.85,19.8,19.85,39692,0
IBTK.US,D,20240819,000000,19.84,19.88,19.838,19.86,289593,0
IBTK.US,D,20240820,000000,19.91,19.92,19.8857,19.92,37669,0
IBTK.US,D,20240821,000000,19.94,19.995,19.92,19.965,51604,0
IBTK.US,D,20240822,000000,19.93,19.93,19.87,19.885,42547,0
IBTK.US,D,20240823,000000,19.91,19.97,19.89,19.96,16979,0
IBTK.US,D,20240826,000000,19.98,19.995,19.945,19.9541,23177,0
IBTK.US,D,20240827,000000,19.9199,19.96,19.9097,19.945,56409,0
IBTK.US,D,20240828,000000,19.95,19.96,19.9388,19.945,32934,0
IBTK.US,D,20240829,000000,19.9051,19.92,19.905,19.915,65727,0
IBTK.US,D,20240830,000000,19.92,19.94,19.8831,19.89,56971,0
IBTK.US,D,20240903,000000,19.87,19.92,19.87,19.9,46258,0
IBTK.US,D,20240904,000000,19.9285,20,19.92,19.995,54835,0
IBTK.US,D,20240905,000000,20.03,20.05,19.98,20.025,145329,0
IBTK.US,D,20240906,000000,20.04,20.11,19.9937,20.07,46324,0
IBTK.US,D,20240909,000000,20.06,20.09,20.045,20.08,39602,0
IBTK.US,D,20240910,000000,20.09,20.1583,20.085,20.145,40990,0
IBTK.US,D,20240911,000000,20.12,20.18,20.1003,20.1346,38103,0
IBTK.US,D,20240912,000000,20.12,20.12,20.085,20.1136,34434,0
IBTK.US,D,20240913,000000,20.1501,20.1692,20.135,20.155,46430,0
IBTK.US,D,20240916,000000,20.16,20.19,20.15,20.185,40381,0
IBTK.US,D,20240917,000000,20.17,20.17,20.1316,20.155,46171,0
IBTK.US,D,20240918,000000,20.13,20.175,20.09,20.1,52349,0
IBTK.US,D,20240919,000000,20.07,20.1,20.065,20.1,75678,0
IBTK.US,D,20240920,000000,20.06,20.115,20.05,20.1046,38879,0
IBTK.US,D,20240923,000000,20.055,20.0999,20.04,20.085,23956,0
IBTK.US,D,20240924,000000,20.06,20.12,20.06,20.12,48922,0
IBTK.US,D,20240925,000000,20.08,20.09,20.06,20.065,55884,0
IBTK.US,D,20240926,000000,20.06,20.0601,20.025,20.03,30293,0
IBTK.US,D,20240927,000000,20.08,20.11,20.065,20.1,56416,0
IBTK.US,D,20240930,000000,20.08,20.09,20.0266,20.045,23038,0
IBTK.US,D,20241001,000000,20.04,20.08,20.0303,20.0446,30236,0
IBTK.US,D,20241002,000000,19.99,20.0185,19.9762,20.01,30526,0
IBTK.US,D,20241003,000000,19.97,19.97,19.9222,19.9346,58079,0
IBTK.US,D,20241004,000000,19.79,19.8183,19.755,19.7572,78990,0
IBTK.US,D,20241007,000000,19.69,19.72,19.69,19.71,101686,0
IBTK.US,D,20241008,000000,19.69,19.72,19.68,19.71,51878,0
IBTK.US,D,20241009,000000,19.7,19.7,19.66,19.67,19509,0
IBTK.US,D,20241010,000000,19.67,19.675,19.6397,19.675,50014,0
IBTK.US,D,20241011,000000,19.67,19.7,19.66,19.695,24880,0
IBTK.US,D,20241014,000000,19.6186,19.65,19.6186,19.65,16628,0
IBTK.US,D,20241015,000000,19.71,19.73,19.7018,19.725,27008,0
IBTK.US,D,20241016,000000,19.7551,19.7699,19.74,19.745,29523,0
IBTK.US,D,20241017,000000,19.68,19.69,19.67,19.69,19774,0
IBTK.US,D,20241018,000000,19.7,19.715,19.6999,19.705,23598,0
IBTK.US,D,20241021,000000,19.66,19.66,19.6009,19.61,43593,0
IBTK.US,D,20241022,000000,19.62,19.62,19.5702,19.58,67075,0
IBTK.US,D,20241023,000000,19.54,19.56,19.522567,19.54,38852,0
IBTK.US,D,20241024,000000,19.55,19.5986,19.545,19.565,35736,0
IBTK.US,D,20241025,000000,19.61,19.61,19.53,19.54,44054,0
IBTK.US,D,20241028,000000,19.55,19.55,19.48,19.505,28513,0
IBTK.US,D,20241029,000000,19.44,19.5188,19.44,19.515,49209,0
IBTK.US,D,20241030,000000,19.52,19.5499,19.4697,19.47,41505,0
IBTK.US,D,20241031,000000,19.44,19.48,19.425,19.4584,50313,0
IBTK.US,D,20241101,000000,19.44,19.44,19.3208,19.325,64141,0
IBTK.US,D,20241104,000000,19.43,19.44,19.37,19.405,66853,0
