<TICKER>,<PER>,<DATE>,<TIME>,<OPEN>,<HIGH>,<LOW>,<CLOSE>,<VOL>,<OPENINT>
IHYF.US,D,20201209,000000,24.4128,24.4128,24.3683,24.3683,433.29041258189,0
IHYF.US,D,20210113,000000,24.6159,24.6337,24.6159,24.6197,562.57053568325,0
IHYF.US,D,20210114,000000,24.6931,24.6931,24.6584,24.6584,142.41013560384,0
IHYF.US,D,20210115,000000,24.6931,24.6931,24.6584,24.6584,114.13010867542,0
IHYF.US,D,20210119,000000,24.7208,24.7208,24.7029,24.7029,123.22011733098,0
IHYF.US,D,20210120,000000,24.7604,24.7703,24.7604,24.7703,212.10020196316,0
IHYF.US,D,20210121,000000,24.7604,24.7604,24.7257,24.7257,132.31012598654,0
IHYF.US,D,20210122,000000,24.6545,24.7208,24.6545,24.7019,423.1904029646,0
IHYF.US,D,20210125,000000,24.7208,24.7208,24.699,24.699,256.54024427925,0
IHYF.US,D,20210126,000000,24.7119,24.7119,24.6792,24.6792,135.34012887173,0
IHYF.US,D,20210127,000000,24.6445,24.6445,24.5733,24.5733,141.40013464211,0
IHYF.US,D,20210128,000000,24.7208,24.7208,24.6395,24.6395,309.06029428918,0
IHYF.US,D,20210129,000000,24.6445,24.6445,24.6386,24.6386,115.14010963715,0
IHYF.US,D,20210201,000000,24.6743,24.7208,24.6743,24.7079,374.71035680159,0
IHYF.US,D,20210202,000000,24.7168,24.7406,24.7079,24.7079,534.29050875483,0
IHYF.US,D,20210204,000000,24.7703,24.7703,24.7653,24.7653,371.6803539164,0
IHYF.US,D,20210205,000000,24.8198,24.8198,24.7851,24.7851,309.06029428918,0
IHYF.US,D,20210208,000000,24.8099,24.8485,24.8099,24.8287,490.86046740046,0
IHYF.US,D,20210209,000000,24.8099,24.8683,24.8099,24.8336,408.04038853866,0
IHYF.US,D,20210210,000000,24.8386,24.8386,24.8287,24.8287,8062.8376774854,0
IHYF.US,D,20210211,000000,24.8485,24.8634,24.8485,24.8634,8199.1878073189,0
IHYF.US,D,20210212,000000,24.907,24.9108,24.907,24.9108,8067.887682294,0
IHYF.US,D,20210218,000000,24.8485,24.8683,24.8485,24.8683,8080.0076938348,0
IHYF.US,D,20210219,000000,24.8584,24.8584,24.8485,24.8485,8064.8576794089,0
IHYF.US,D,20210222,000000,24.8198,24.8238,24.8198,24.8238,1368.5513031433,0
IHYF.US,D,20210223,000000,24.8287,24.8683,24.8287,24.8683,498.9404750943,0
IHYF.US,D,20210224,000000,24.8198,24.8584,24.8198,24.8584,1247.3511877357,0
IHYF.US,D,20210226,000000,24.7208,24.7208,24.7168,24.7168,9991.9395143885,0
IHYF.US,D,20210301,000000,24.8099,24.8198,24.7653,24.7653,10770.650255882,0
IHYF.US,D,20210302,000000,24.7604,24.8,24.7604,24.7752,266632.17388885,0
IHYF.US,D,20210303,000000,24.7604,24.7604,24.7554,24.7554,8223.4278304004,0
IHYF.US,D,20210304,000000,24.6337,24.7069,24.6337,24.7069,5669.1353981868,0
IHYF.US,D,20210305,000000,24.7703,24.7703,24.6337,24.7168,11945.281374373,0
IHYF.US,D,20210308,000000,24.7307,24.7307,24.6317,24.6317,892.84085016875,0
IHYF.US,D,20210310,000000,24.6931,24.6931,24.6782,24.6782,690.84065782288,0
IHYF.US,D,20210312,000000,24.7505,24.7505,24.7307,24.7307,6603.3862877865,0
IHYF.US,D,20210316,000000,24.7168,24.7168,24.698,24.698,8110.3077226867,0
IHYF.US,D,20210317,000000,24.6931,24.7019,24.6931,24.7019,762.55072610566,0
IHYF.US,D,20210318,000000,24.6159,24.6247,24.5821,24.5821,5363.1051067828,0
IHYF.US,D,20210319,000000,24.6247,24.6535,24.5773,24.6109,4412.6942017955,0
IHYF.US,D,20210322,000000,24.5861,24.5861,24.5673,24.5723,380.77036257196,0
IHYF.US,D,20210323,000000,24.5773,24.5773,24.5693,24.5693,106.05010098158,0
IHYF.US,D,20210324,000000,24.6197,24.6197,24.6197,24.6197,159.58015195324,0
IHYF.US,D,20210325,000000,24.6386,24.7119,24.6247,24.7119,1219.0711608073,0
IHYF.US,D,20210326,000000,24.7208,24.7218,24.701,24.7218,9372.8089248484,0
IHYF.US,D,20210329,000000,24.6782,24.6782,24.6782,24.6782,109.08010386677,0
IHYF.US,D,20210330,000000,24.6723,24.6733,24.6257,24.6485,158749.9311627,0
IHYF.US,D,20210401,000000,24.7792,24.7901,24.7653,24.7653,1772.551687835,0
IHYF.US,D,20210405,000000,24.8,24.8287,24.8,24.8148,1038.2809886578,0
IHYF.US,D,20210406,000000,24.7703,24.7901,24.7703,24.7901,469.65044720415,0
IHYF.US,D,20210407,000000,24.8485,24.8683,24.8099,24.8683,2616.9124918407,0
IHYF.US,D,20210408,000000,24.897,24.907,24.8683,24.907,2551.2624293283,0
IHYF.US,D,20210412,000000,24.8386,24.8782,24.8386,24.8782,469.65044720415,0
IHYF.US,D,20210413,000000,24.8198,24.8732,24.8198,24.8732,777.7007405316,0
IHYF.US,D,20210414,000000,24.8782,24.897,24.8782,24.8782,2613.8824889556,0
IHYF.US,D,20210415,000000,24.893,24.893,24.8782,24.8881,1198.8711415727,0
IHYF.US,D,20210416,000000,24.8792,24.9258,24.8792,24.9258,535.30050971656,0
IHYF.US,D,20210419,000000,24.8386,24.8386,24.8386,24.8386,408.04038853866,0
IHYF.US,D,20210420,000000,24.7614,24.7802,24.7604,24.7703,1447.3313781582,0
IHYF.US,D,20210421,000000,24.7802,24.8386,24.7802,24.8336,251.49023947061,0
IHYF.US,D,20210422,000000,24.7802,24.7802,24.7752,24.7752,171.70016349399,0
IHYF.US,D,20210423,000000,24.8881,24.8881,24.8881,24.8881,1503.891432015,0
IHYF.US,D,20210426,000000,24.8683,24.8683,24.8534,24.8534,261.5902490879,0
IHYF.US,D,20210427,000000,24.8683,24.8683,24.8436,24.8436,103.02009809639,0
IHYF.US,D,20210428,000000,24.8683,24.8683,24.8436,24.8436,958.49091268115,0
IHYF.US,D,20210429,000000,24.8584,24.893,24.8584,24.893,300.98028659535,0
IHYF.US,D,20210430,000000,24.8881,24.8881,24.8534,24.8534,1821.031733998,0
IHYF.US,D,20210504,000000,24.8782,24.8782,24.8732,24.8732,1518.0314454792,0
IHYF.US,D,20210505,000000,24.897,24.9158,24.8485,24.8732,922.1308780589,0
IHYF.US,D,20210507,000000,24.9544,25.003,24.9544,24.9683,6931.6366003485,0
IHYF.US,D,20210511,000000,24.897,24.897,24.8832,24.8832,1564.4914897188,0
IHYF.US,D,20210512,000000,24.8,24.8,24.7505,24.7505,531.26050586964,0
IHYF.US,D,20210513,000000,24.8584,24.8584,24.8436,24.8436,770.63073379949,0
IHYF.US,D,20210514,000000,24.9158,24.9158,24.8634,24.8634,513.08048855851,0
IHYF.US,D,20210517,000000,24.8782,24.8782,24.8732,24.8732,223.21021254219,0
IHYF.US,D,20210518,000000,24.8584,24.8584,24.8238,24.8238,191.90018272858,0
IHYF.US,D,20210520,000000,24.897,24.897,24.8436,24.8436,590.85056261167,0
IHYF.US,D,20210524,000000,24.9346,24.9346,24.9108,24.9108,607.01057799934,0
IHYF.US,D,20210525,000000,24.8881,24.8881,24.8732,24.8732,2141.2020388662,0
IHYF.US,D,20210527,000000,24.9258,24.9258,24.9208,24.9208,643.3706126216,0
IHYF.US,D,20210601,000000,24.9544,24.9644,24.9426,24.9426,3604.693432412,0
IHYF.US,D,20210602,000000,24.9644,24.9644,24.9494,24.9494,3379.4632179464,0
IHYF.US,D,20210607,000000,25.0435,25.0435,25.0287,25.0287,583.78055587956,0
IHYF.US,D,20210608,000000,25.0821,25.0821,25.0584,25.0584,262.60025004963,0
IHYF.US,D,20210609,000000,25.1019,25.1019,25.0673,25.0673,388.8503702658,0
IHYF.US,D,20210610,000000,25.1603,25.1603,25.1317,25.1317,731.24069629205,0
IHYF.US,D,20210611,000000,25.1415,25.1415,25.1267,25.1267,576.71054914746,0
IHYF.US,D,20210614,000000,25.1415,25.1415,25.1366,25.1366,360.57034333738,0
IHYF.US,D,20210615,000000,25.1515,25.1515,25.1168,25.1168,362.59034526084,0
IHYF.US,D,20210616,000000,25.1415,25.1415,25.0871,25.0871,3173.4230217536,0
IHYF.US,D,20210617,000000,25.1069,25.1119,25.0584,25.1069,745.38070975626,0
IHYF.US,D,20210621,000000,25.0821,25.0821,25.0238,25.0485,5120.7048759678,0
IHYF.US,D,20210623,000000,25.0238,25.0534,25.0238,25.0287,2207.8621023404,0
IHYF.US,D,20210624,000000,25.0534,25.0921,25.0435,25.0673,2334.1122225565,0
IHYF.US,D,20210628,000000,25.0921,25.0921,25.0772,25.0772,128.27012213963,0
IHYF.US,D,20210630,000000,25.1515,25.1603,25.1217,25.1366,745.38070975626,0
IHYF.US,D,20210702,000000,25.1881,25.2029,25.1881,25.2029,4141.0039430903,0
IHYF.US,D,20210706,000000,25.1603,25.2207,25.1603,25.2207,1258.4611983148,0
IHYF.US,D,20210707,000000,25.198,25.2376,25.198,25.2327,639.33060877468,0
IHYF.US,D,20210708,000000,25.2277,25.2277,25.1931,25.1931,633.2706030043,0
IHYF.US,D,20210709,000000,25.2475,25.2475,25.2425,25.2425,435.31041450535,0
IHYF.US,D,20210713,000000,25.2178,25.2178,25.1841,25.1841,578.73055107092,0
IHYF.US,D,20210714,000000,25.1881,25.1881,25.1743,25.1743,932.23088767619,0
IHYF.US,D,20210715,000000,25.1515,25.1791,25.1515,25.1554,1417.0313493063,0
IHYF.US,D,20210721,000000,25.1109,25.1109,25.0624,25.0723,213.11020292489,0
IHYF.US,D,20210726,000000,25.0821,25.097,25.0821,25.097,897.89085497739,0
IHYF.US,D,20210727,000000,25.0435,25.0772,25.0435,25.0772,808.00076938348,0
IHYF.US,D,20210728,000000,25.0435,25.0871,25.0435,25.0871,1355.4212906408,0
IHYF.US,D,20210729,000000,25.1217,25.1217,25.097,25.097,1858.401769582,0
IHYF.US,D,20210730,000000,25.0821,25.0871,25.0821,25.0871,411.07039142385,0
IHYF.US,D,20210802,000000,25.0921,25.0921,25.0584,25.0584,935.26089056138,0
IHYF.US,D,20210803,000000,25.1217,25.1217,25.1019,25.1019,2387.6422735282,0
IHYF.US,D,20210804,000000,25.0921,25.0921,25.0534,25.0534,618.12058857836,0
IHYF.US,D,20210805,000000,25.0435,25.0584,25.0435,25.0584,217.15020677181,0
IHYF.US,D,20210809,000000,25.0336,25.0336,25.0238,25.0238,182.81017407301,0
IHYF.US,D,20210811,000000,25.0238,25.0238,24.999,24.999,1167.5611117591,0
IHYF.US,D,20210816,000000,25.0089,25.0435,25.0089,25.0435,289.87027601632,0
IHYF.US,D,20210817,000000,24.9742,25.0138,24.9742,25.0138,515.10049048197,0
IHYF.US,D,20210819,000000,25.0336,25.0336,25.0089,25.0089,4155.1439565545,0
IHYF.US,D,20210820,000000,25.0614,25.0614,25.0138,25.0485,363.60034622257,0
IHYF.US,D,20210823,000000,25.0921,25.0921,25.0584,25.0584,243.41023177677,0
IHYF.US,D,20210827,000000,25.2089,25.2089,25.1791,25.1791,707.00067321054,0
IHYF.US,D,20210830,000000,25.2385,25.2385,25.2139,25.2139,1210.9911531135,0
IHYF.US,D,20210831,000000,25.2287,25.2287,25.2139,25.2139,1931.1218388265,0
IHYF.US,D,20210901,000000,25.2287,25.2287,25.2237,25.2237,560.55053375979,0
IHYF.US,D,20210902,000000,25.2683,25.2683,25.2287,25.2584,616.1005866549,0
IHYF.US,D,20210903,000000,25.2584,25.2584,25.2485,25.2485,197.96018849895,0
IHYF.US,D,20210907,000000,25.2485,25.2584,25.2337,25.2337,1225.1311665777,0
IHYF.US,D,20210908,000000,25.2287,25.2337,25.2287,25.2337,1049.3909992368,0
IHYF.US,D,20210909,000000,25.2683,25.2683,25.2337,25.2337,285.83027216941,0
IHYF.US,D,20210910,000000,25.2683,25.2683,25.2385,25.2385,150.49014329767,0
IHYF.US,D,20210913,000000,25.2584,25.2683,25.2584,25.2683,4331.8941248572,0
IHYF.US,D,20210914,000000,25.2683,25.297,25.2683,25.2733,1396.8313300717,0
IHYF.US,D,20210917,000000,25.3069,25.3069,25.2931,25.2931,536.31051067828,0
IHYF.US,D,20210922,000000,25.2187,25.2187,25.2039,25.2039,1684.6816041646,0
IHYF.US,D,20210923,000000,25.2584,25.2584,25.2187,25.2187,673.67064147348,0
IHYF.US,D,20210924,000000,25.1791,25.1791,25.1703,25.1703,1131.2010771369,0
IHYF.US,D,20210927,000000,25.1415,25.1603,25.1217,25.1217,1437.2313685409,0
IHYF.US,D,20210928,000000,25.0485,25.0534,25.0138,25.0534,1242.3011829271,0
IHYF.US,D,20210929,000000,25.0624,25.0921,25.0624,25.0921,3682.4635064652,0
IHYF.US,D,20210930,000000,25.1019,25.1019,25.0723,25.1019,2999.7028563362,0
IHYF.US,D,20211001,000000,25.1019,25.1019,25.094,25.094,519.14049432889,0
IHYF.US,D,20211004,000000,25.0821,25.0911,25.0673,25.0673,3594.5934227948,0
IHYF.US,D,20211008,000000,25.0336,25.0336,25.0089,25.0089,4297.5540921584,0
IHYF.US,D,20211012,000000,24.9544,24.9544,24.9346,24.9346,1258.4611983148,0
IHYF.US,D,20211015,000000,25.0723,25.0723,25.0485,25.0485,1404.9113377655,0
IHYF.US,D,20211018,000000,24.9644,24.9644,24.9446,24.9644,2678.5225505062,0
IHYF.US,D,20211019,000000,24.9742,24.9742,24.9742,24.9742,1440.2613714261,0
IHYF.US,D,20211020,000000,24.9832,24.9842,24.9494,24.9494,4703.5744787736,0
IHYF.US,D,20211021,000000,24.9742,24.9742,24.9693,24.9693,822.14078284769,0
IHYF.US,D,20211026,000000,24.9346,24.9346,24.9296,24.9296,1169.5811136826,0
IHYF.US,D,20211101,000000,24.9742,24.9742,24.9446,24.9446,1420.0613521915,0
IHYF.US,D,20211102,000000,24.9742,24.9742,24.9544,24.9544,2558.3324360604,0
IHYF.US,D,20211103,000000,24.9644,24.9792,24.9644,24.9792,703.97067032536,0
IHYF.US,D,20211105,000000,25.0821,25.0821,25.0772,25.0772,196.95018753722,0
IHYF.US,D,20211109,000000,25.1019,25.1019,25.1019,25.1019,346.43032987317,0
IHYF.US,D,20211110,000000,25.0524,25.0534,25.0386,25.0386,1293.8112319753,0
IHYF.US,D,20211112,000000,25.0624,25.0624,25.0188,25.0188,988.79094153303,0
IHYF.US,D,20211115,000000,24.9842,25.004,24.9742,24.9842,1856.3817676585,0
IHYF.US,D,20211116,000000,24.994,24.994,24.9594,24.9594,1443.2913743112,0
IHYF.US,D,20211117,000000,24.9494,24.9494,24.9346,24.9346,2207.8621023404,0
IHYF.US,D,20211118,000000,24.9346,24.9544,24.9346,24.9544,1329.1612656358,0
IHYF.US,D,20211119,000000,24.9446,24.9446,24.9258,24.9258,419.15039911768,0
IHYF.US,D,20211122,000000,24.9258,24.9258,24.8812,24.8812,1394.8113281482,0
IHYF.US,D,20211124,000000,24.798,24.798,24.7881,24.7881,307.04029236572,0
IHYF.US,D,20211126,000000,24.5921,24.6297,24.5921,24.6297,154.53014714459,0
IHYF.US,D,20211130,000000,24.6505,24.6802,24.6505,24.6802,776.69073956987,0
IHYF.US,D,20211202,000000,24.7693,24.793,24.7693,24.793,1837.1917493857,0
IHYF.US,D,20211207,000000,24.9702,24.9702,24.9654,24.9654,371.6803539164,0
IHYF.US,D,20211209,000000,24.9356,24.9654,24.9108,24.9108,1605.9015291497,0
IHYF.US,D,20211210,000000,24.9258,24.9752,24.9258,24.9406,1224.121165616,0
IHYF.US,D,20211213,000000,24.9356,24.9356,24.9356,24.9356,695.89066263152,0
IHYF.US,D,20211214,000000,24.9356,24.9356,24.896,24.901,3900.6237141987,0
IHYF.US,D,20211220,000000,24.8465,24.8465,24.8316,24.8316,358.55034141392,0
IHYF.US,D,20211221,000000,24.896,24.901,24.896,24.901,450.46042893129,0
IHYF.US,D,20211222,000000,24.9554,24.9554,24.9456,24.9456,809.01077034521,0
IHYF.US,D,20211223,000000,25.0049,25.0148,24.9792,25.0049,1647.3115685806,0
IHYF.US,D,20211227,000000,25.0544,25.0633,25.0346,25.0495,313.1002981361,0
IHYF.US,D,20211228,000000,25.0544,25.0633,25.0346,25.0396,3206.7530534907,0
IHYF.US,D,20211231,000000,25.0633,25.0633,25.0297,25.0297,3951.1237622852,0
IHYF.US,D,20220103,000000,25.0346,25.0346,25.0198,25.0198,1088.7810367442,0
IHYF.US,D,20220104,000000,24.9752,24.9752,24.9702,24.9702,510.05048567332,0
IHYF.US,D,20220105,000000,24.9356,24.9654,24.8862,24.8862,15326.764594243,0
IHYF.US,D,20220106,000000,24.8762,24.8762,24.8564,24.8564,224.22021350392,0
IHYF.US,D,20220111,000000,24.8366,24.8465,24.8366,24.8465,372.69035487813,0
IHYF.US,D,20220113,000000,24.8762,24.8762,24.8663,24.8663,145.44013848903,0
IHYF.US,D,20220114,000000,24.8465,24.891,24.8366,24.891,749.42071360318,0
IHYF.US,D,20220119,000000,24.8158,24.8158,24.7287,24.7287,568.63054145362,0
IHYF.US,D,20220120,000000,24.798,24.798,24.7039,24.7039,1525.1014522113,0
IHYF.US,D,20220121,000000,24.6207,24.6545,24.6207,24.6545,507.02048278813,0
IHYF.US,D,20220124,000000,24.5119,24.6049,24.5119,24.6049,799.92076168965,0
IHYF.US,D,20220125,000000,24.5613,24.5613,24.5168,24.5415,1822.0417349597,0
IHYF.US,D,20220127,000000,24.4435,24.4435,24.3634,24.3634,1372.5913069902,0
IHYF.US,D,20220128,000000,24.2852,24.3634,24.2752,24.3634,2450.2623331554,0
IHYF.US,D,20220131,000000,24.3258,24.3634,24.3248,24.3634,1323.1012598654,0
IHYF.US,D,20220201,000000,24.3832,24.3832,24.3832,24.3832,104.03009905812,0
IHYF.US,D,20220202,000000,24.4723,24.4871,24.4723,24.4871,5985.2656992081,0
IHYF.US,D,20220203,000000,24.4525,24.4525,24.3782,24.3782,4971.2247336319,0
IHYF.US,D,20220204,000000,24.295,24.305,24.2702,24.2702,1537.2214637521,0
IHYF.US,D,20220209,000000,24.3346,24.3346,24.3198,24.3198,435.31041450535,0
IHYF.US,D,20220211,000000,24.1079,24.1079,24.0337,24.0337,676.70064435866,0
IHYF.US,D,20220214,000000,23.9693,23.9693,23.9693,23.9693,39557.697667092,0
IHYF.US,D,20220215,000000,23.9791,23.9841,23.9791,23.9841,376.73035872505,0
IHYF.US,D,20220216,000000,23.9791,23.9941,23.9693,23.9941,1568.5314935657,0
IHYF.US,D,20220225,000000,23.9099,24.0237,23.9099,24.0237,2847.192711115,0
IHYF.US,D,20220302,000000,24.098,24.098,24.0683,24.098,1320.0712569803,0
IHYF.US,D,20220307,000000,23.8129,23.8129,23.8069,23.8069,402.99038373001,0
IHYF.US,D,20220308,000000,23.703,23.703,23.703,23.703,104.03009905812,0
IHYF.US,D,20220318,000000,23.7524,23.7524,23.7524,23.7524,105.04010001985,0
IHYF.US,D,20220321,000000,23.6832,23.7128,23.6832,23.7128,719.1206847513,0
IHYF.US,D,20220329,000000,23.703,23.7624,23.703,23.7624,460.56043854858,0
IHYF.US,D,20220330,000000,23.8217,23.8217,23.8217,23.8217,941.32089633175,0
IHYF.US,D,20220331,000000,23.8613,23.8613,23.813,23.813,991.82094441822,0
IHYF.US,D,20220401,000000,23.8415,23.8415,23.8069,23.8069,898.90085593912,0
IHYF.US,D,20220404,000000,23.8217,23.8613,23.8217,23.8613,3957.1837680556,0
IHYF.US,D,20220411,000000,23.4257,23.4257,23.3713,23.3713,2729.0225985927,0
IHYF.US,D,20220412,000000,23.4554,23.4554,23.4109,23.4109,3185.5430332944,0
IHYF.US,D,20220418,000000,23.3564,23.3564,23.3119,23.3119,2671.4525437741,0
IHYF.US,D,20220419,000000,23.2673,23.3169,23.2673,23.2921,10248.479758668,0
IHYF.US,D,20220420,000000,23.3169,23.3169,23.3169,23.3169,11.110010579023,0
IHYF.US,D,20220421,000000,23.2772,23.2772,23.2277,23.2277,680.74064820558,0
IHYF.US,D,20220422,000000,23.1188,23.1188,23.1014,23.1014,509.04048471159,0
IHYF.US,D,20220425,000000,23.099,23.1089,23.099,23.1089,1934.1518417117,0
IHYF.US,D,20220426,000000,23.1386,23.1386,23.1386,23.1386,2.0200019234587,0
IHYF.US,D,20220427,000000,23.1386,23.1386,23.0495,23.0495,5521.6752577744,0
IHYF.US,D,20220428,000000,23.0891,23.0891,23.0891,23.0891,10.100009617293,0
IHYF.US,D,20220429,000000,22.9406,22.9406,22.891,22.891,1026.160977117,0
IHYF.US,D,20220502,000000,22.8019,22.8019,22.8019,22.8019,22.220021158046,0
IHYF.US,D,20220503,000000,22.8019,22.8901,22.8019,22.8218,6528.6462166185,0
IHYF.US,D,20220504,000000,22.979,22.979,22.979,22.979,5.0500048086467,0
IHYF.US,D,20220505,000000,22.8119,22.8119,22.8119,22.8119,81.810077900077,0
IHYF.US,D,20220506,000000,22.5941,22.5941,22.5643,22.5643,436.32041546708,0
IHYF.US,D,20220509,000000,22.3168,22.3168,22.3168,22.3168,7.0700067321054,0
IHYF.US,D,20220510,000000,22.3564,22.3564,22.3564,22.3564,6.0600057703761,0
IHYF.US,D,20220511,000000,22.292,22.292,22.292,22.292,1.0100009617293,0
IHYF.US,D,20220512,000000,22.2524,22.2524,22.2524,22.2524,1.0100009617293,0
IHYF.US,D,20220513,000000,22.2861,22.3218,22.2861,22.3218,623.17059338701,0
IHYF.US,D,20220516,000000,22.2079,22.2079,22.2079,22.2079,5.0500048086467,0
IHYF.US,D,20220517,000000,22.2965,22.2965,22.2871,22.2871,140.39013368038,0
IHYF.US,D,20220518,000000,22.0197,22.0197,22.0197,22.0197,65.650062512408,0
IHYF.US,D,20220519,000000,22.0792,22.0792,22.0792,22.0792,42.420040392633,0
IHYF.US,D,20220520,000000,22.1683,22.1683,22.1683,22.1683,7.0700067321054,0
IHYF.US,D,20220523,000000,22.0693,22.0693,22.0693,22.0693,4.0400038469174,0
IHYF.US,D,20220524,000000,22.0495,22.0693,22.0495,22.0693,488.84046547701,0
IHYF.US,D,20220525,000000,22.3069,22.3069,22.3069,22.3069,16.16001538767,0
IHYF.US,D,20220526,000000,22.5643,22.5643,22.5643,22.5643,1022.1209732701,0
IHYF.US,D,20220527,000000,22.7227,22.7227,22.7227,22.7227,30.30002885188,0
IHYF.US,D,20220531,000000,22.6931,22.6931,22.6931,22.6931,22.220021158046,0
IHYF.US,D,20220601,000000,22.6733,22.6733,22.6631,22.6631,463.59044143377,0
IHYF.US,D,20220602,000000,22.6435,22.7029,22.6435,22.6633,5797.4055203265,0
IHYF.US,D,20220603,000000,22.6039,22.6039,22.6039,22.6039,38.380036545715,0
IHYF.US,D,20220606,000000,22.5445,22.5445,22.5445,22.5445,4.0400038469174,0
IHYF.US,D,20220607,000000,22.4851,22.5247,22.4455,22.5148,3616.8134439528,0
IHYF.US,D,20220608,000000,22.4604,22.4604,22.4604,22.4604,4.0400038469174,0
IHYF.US,D,20220609,000000,22.3168,22.3168,22.3168,22.3168,2.0200019234587,0
IHYF.US,D,20220610,000000,22.1287,22.1287,22.123,22.123,1910.9218195919,0
IHYF.US,D,20220613,000000,21.5247,21.5247,21.5247,21.5247,41.410039430903,0
IHYF.US,D,20220614,000000,21.5049,21.5198,21.5049,21.5198,151.5001442594,0
IHYF.US,D,20220615,000000,21.6714,21.6714,21.6714,21.6714,1.0100009617293,0
IHYF.US,D,20220616,000000,21.495,21.5148,21.4207,21.4207,768.61073187604,0
IHYF.US,D,20220617,000000,21.4753,21.5198,21.4703,21.4703,5174.2349269395,0
IHYF.US,D,20220621,000000,21.5887,21.5887,21.5688,21.5688,467.398030947,0
IHYF.US,D,20220622,000000,21.3996,21.3996,21.3996,21.3996,4.0206282232,0
IHYF.US,D,20220623,000000,21.5091,21.5339,21.5091,21.5339,1910.8035630758,0
IHYF.US,D,20220624,000000,21.6981,21.7081,21.6981,21.7081,453.3258321658,0
IHYF.US,D,20220627,000000,21.6583,21.6583,21.6235,21.6235,609.1251758148,0
IHYF.US,D,20220628,000000,21.4373,21.4373,21.4373,21.4373,23.1186122834,0
IHYF.US,D,20220629,000000,21.3399,21.3399,21.3051,21.3051,2551.0886076204,0
IHYF.US,D,20220630,000000,21.2504,21.2504,21.2504,21.2504,1.0051570558,0
IHYF.US,D,20220701,000000,21.4693,21.4693,21.4693,21.4693,5.025785279,0
IHYF.US,D,20220705,000000,21.3797,21.4096,21.3598,21.4096,2975.264885168,0
IHYF.US,D,20220706,000000,21.4494,21.4593,21.4494,21.4593,110.567276138,0
IHYF.US,D,20220707,000000,21.6484,21.6484,21.6235,21.6235,230.1809657782,0
IHYF.US,D,20220708,000000,21.6334,21.6334,21.6334,21.6334,7.0360993906,0
IHYF.US,D,20220711,000000,21.6185,21.6185,21.6185,21.6185,3.0154711674,0
IHYF.US,D,20220712,000000,21.6384,21.6384,21.6185,21.6185,2087.7112048966,0
IHYF.US,D,20220713,000000,21.6583,21.6583,21.6086,21.6086,1624.3338021728,0
IHYF.US,D,20220714,000000,21.5339,21.5339,21.5339,21.5339,5.025785279,0
IHYF.US,D,20220715,000000,21.6683,21.6683,21.6086,21.6334,666.4191279954,0
IHYF.US,D,20220718,000000,21.6086,21.6086,21.5887,21.5887,282.4491326798,0
IHYF.US,D,20220719,000000,21.6683,21.6882,21.6185,21.6882,1815.3136427748,0
IHYF.US,D,20220720,000000,21.7578,21.8473,21.7279,21.8473,801.1101734726,0
IHYF.US,D,20220721,000000,21.7876,21.912,21.7876,21.912,555.8518518574,0
IHYF.US,D,20220722,000000,22.0364,22.0463,22.0264,22.0463,1739.9268635898,0
IHYF.US,D,20220725,000000,22.0264,22.0264,21.9369,21.9369,2783.2798875102,0
IHYF.US,D,20220726,000000,21.9269,21.9269,21.7578,21.7578,680.4913267766,0
IHYF.US,D,20220727,000000,22.0264,22.0264,22.0264,22.0264,5.025785279,0
IHYF.US,D,20220728,000000,22.1557,22.1557,22.1557,22.1557,152.7838724816,0
IHYF.US,D,20220729,000000,22.1756,22.295,22.1756,22.295,207.0623534948,0
IHYF.US,D,20220801,000000,22.3647,22.3746,22.295,22.3298,2376.1912799112,0
IHYF.US,D,20220802,000000,22.3348,22.3348,22.2751,22.2751,3250.6779184572,0
IHYF.US,D,20220803,000000,22.2851,22.3348,22.2254,22.3348,5814.833567803,0
IHYF.US,D,20220804,000000,22.4194,22.4194,22.4194,22.4194,1.0051570558,0
IHYF.US,D,20220805,000000,22.4343,22.4343,22.4244,22.4244,388.9957805946,0
IHYF.US,D,20220808,000000,22.3945,22.3945,22.3945,22.3945,4.0206282232,0
IHYF.US,D,20220809,000000,22.3846,22.3846,22.3846,22.3846,2.0103141116,0
IHYF.US,D,20220810,000000,22.4443,22.5537,22.4443,22.5537,1312.7351148748,0
IHYF.US,D,20220811,000000,22.6134,22.6333,22.5686,22.5686,5731.4055321716,0
IHYF.US,D,20220812,000000,22.5935,22.6432,22.5935,22.6134,2863.6924519742,0
IHYF.US,D,20220815,000000,22.6616,22.6616,22.6616,22.6616,616.1612752054,0
IHYF.US,D,20220816,000000,22.6233,22.6731,22.6134,22.6134,1162.9667135606,0
IHYF.US,D,20220817,000000,22.4904,22.4904,22.4904,22.4904,3.0154711674,0
IHYF.US,D,20220818,000000,22.4642,22.484,22.4642,22.484,1004.1518987442,0
IHYF.US,D,20220819,000000,22.3647,22.3743,22.3448,22.3448,504.5888420116,0
IHYF.US,D,20220822,000000,21.9767,21.9767,21.9767,21.9767,5.025785279,0
IHYF.US,D,20220823,000000,21.9965,21.9966,21.9717,21.9717,915.6980778338,0
IHYF.US,D,20220824,000000,21.9816,21.9816,21.9667,21.9667,2154.0515705794,0
IHYF.US,D,20220825,000000,22.0264,22.0264,22.0264,22.0264,11.0567276138,0
IHYF.US,D,20220826,000000,21.9667,21.9667,21.9319,21.9319,3046.6310361298,0
IHYF.US,D,20220829,000000,21.8324,21.8324,21.8324,21.8324,8.0412564464,0
IHYF.US,D,20220830,000000,21.6583,21.6583,21.6583,21.6583,3.0154711674,0
IHYF.US,D,20220831,000000,21.5887,21.5887,21.529,21.529,630.2334739866,0
IHYF.US,D,20220901,000000,21.4693,21.4693,21.4693,21.4693,5.025785279,0
IHYF.US,D,20220902,000000,21.5091,21.5091,21.4942,21.4942,4524.2119081558,0
IHYF.US,D,20220906,000000,21.5091,21.5091,21.5091,21.5091,25.128926395,0
IHYF.US,D,20220907,000000,21.4593,21.5787,21.4593,21.5787,2418.4078762548,0
IHYF.US,D,20220908,000000,21.7081,21.7081,21.7081,21.7081,47.2423816226,0
IHYF.US,D,20220909,000000,21.8324,21.8324,21.8324,21.8324,12.0618846696,0
IHYF.US,D,20220912,000000,21.907,21.907,21.8819,21.8819,1550.9573370994,0
IHYF.US,D,20220914,000000,21.519,21.519,21.519,21.519,21.1082981718,0
IHYF.US,D,20220915,000000,21.4892,21.4981,21.4373,21.4373,310.5935302422,0
IHYF.US,D,20220916,000000,21.33,21.33,21.33,21.33,70.360993906,0
IHYF.US,D,20220919,000000,21.27,21.405,21.27,21.405,1580,0
IHYF.US,D,20220920,000000,21.325,21.325,21.325,21.325,14,0
IHYF.US,D,20220921,000000,21.2,21.23,21.2,21.23,747,0
IHYF.US,D,20220922,000000,21.16,21.16,21.1245,21.1245,144,0
IHYF.US,D,20220923,000000,20.89,20.92,20.89,20.92,3619,0
IHYF.US,D,20220926,000000,20.7595,20.7595,20.729,20.7297,685,0
IHYF.US,D,20220927,000000,20.74,20.74,20.56,20.56,1833,0
IHYF.US,D,20220928,000000,20.63,20.695,20.63,20.695,222,0
IHYF.US,D,20220929,000000,20.66,20.66,20.57,20.6146,208,0
IHYF.US,D,20220930,000000,20.5401,20.555,20.54,20.555,883,0
IHYF.US,D,20221003,000000,20.715,20.715,20.715,20.715,175,0
IHYF.US,D,20221004,000000,20.97,21.04,20.97,21.04,627,0
IHYF.US,D,20221005,000000,21,21.035,21,21.035,591,0
IHYF.US,D,20221006,000000,21.02,21.03,21.02,21.03,207,0
IHYF.US,D,20221007,000000,20.88,20.88,20.88,20.88,22,0
IHYF.US,D,20221010,000000,20.82,20.82,20.8,20.8,467,0
IHYF.US,D,20221011,000000,20.75,20.75,20.675,20.675,4002,0
IHYF.US,D,20221012,000000,20.685,20.7,20.665,20.665,832,0
IHYF.US,D,20221013,000000,20.56,20.705,20.56,20.705,540,0
IHYF.US,D,20221014,000000,20.64,20.65,20.63,20.63,739,0
IHYF.US,D,20221017,000000,20.78,20.78,20.765,20.765,342,0
IHYF.US,D,20221018,000000,20.885,20.885,20.885,20.885,21,0
IHYF.US,D,20221019,000000,20.8,20.8,20.775,20.775,1097,0
IHYF.US,D,20221020,000000,20.78,20.83,20.715,20.715,2379,0
IHYF.US,D,20221021,000000,20.71,20.79,20.71,20.77,1245,0
IHYF.US,D,20221024,000000,20.68,20.68,20.665,20.665,104,0
IHYF.US,D,20221025,000000,20.7698,20.81,20.7698,20.79,1303,0
IHYF.US,D,20221026,000000,20.865,20.865,20.865,20.865,7,0
IHYF.US,D,20221027,000000,21.01,21.01,21.01,21.01,15,0
IHYF.US,D,20221028,000000,21.15,21.15,21.15,21.15,1,0
IHYF.US,D,20221031,000000,21.06,21.07,21.045,21.045,470,0
IHYF.US,D,20221101,000000,21.04,21.04,21.02,21.02,121,0
IHYF.US,D,20221102,000000,21.04,21.21,20.96,20.96,4304,0
IHYF.US,D,20221103,000000,20.85,20.85,20.84,20.845,6690,0
IHYF.US,D,20221104,000000,20.81,20.9,20.81,20.9,3697,0
IHYF.US,D,20221107,000000,20.91,20.91,20.885,20.885,3069,0
IHYF.US,D,20221108,000000,20.94,20.95,20.87,20.8763,51450,0
IHYF.US,D,20221109,000000,20.82,20.82,20.76,20.76,13096,0
IHYF.US,D,20221110,000000,21.15,21.15,21.15,21.15,8,0
IHYF.US,D,20221111,000000,21.24,21.3054,21.22,21.3054,5581,0
IHYF.US,D,20221114,000000,21.23,21.24,21.215,21.215,3441,0
IHYF.US,D,20221115,000000,21.34,21.37,21.3322,21.37,1609,0
IHYF.US,D,20221116,000000,21.345,21.345,21.345,21.345,19,0
IHYF.US,D,20221117,000000,21.29,21.3,21.29,21.3,4238,0
IHYF.US,D,20221118,000000,21.28,21.34,21.28,21.325,3774,0
IHYF.US,D,20221121,000000,21.2,21.2,21.195,21.195,3807,0
IHYF.US,D,20221122,000000,21.279,21.31,21.279,21.31,993,0
IHYF.US,D,20221123,000000,21.36,21.44,21.36,21.425,1697,0
IHYF.US,D,20221125,000000,21.45,21.46,21.45,21.46,4434,0
IHYF.US,D,20221128,000000,21.36,21.36,21.3,21.3,717,0
IHYF.US,D,20221129,000000,21.28,21.28,21.28,21.28,57,0
IHYF.US,D,20221130,000000,21.3,21.5016,21.3,21.5016,3485,0
IHYF.US,D,20221201,000000,21.555,21.62,21.54,21.62,5886,0
IHYF.US,D,20221202,000000,21.55,21.65,21.55,21.65,629,0
IHYF.US,D,20221205,000000,21.55,21.55,21.52,21.545,3600,0
IHYF.US,D,20221206,000000,21.5,21.5096,21.48,21.48,1572,0
IHYF.US,D,20221208,000000,21.54,21.57,21.54,21.565,7734,0
IHYF.US,D,20221209,000000,21.51,21.55,21.51,21.5399,1901,0
IHYF.US,D,20221212,000000,21.6,21.6,21.6,21.6,23,0
IHYF.US,D,20221213,000000,21.725,21.725,21.725,21.725,185,0
IHYF.US,D,20221214,000000,21.76,21.78,21.74,21.74,7176,0
IHYF.US,D,20221215,000000,21.7,21.705,21.63,21.65,38383,0
IHYF.US,D,20221216,000000,21.575,21.575,21.575,21.575,1,0
IHYF.US,D,20221219,000000,21.34,21.34,21.305,21.305,4913,0
IHYF.US,D,20221220,000000,21.21,21.27,21.21,21.26,4791,0
IHYF.US,D,20221221,000000,21.32,21.36,21.32,21.33,1905,0
IHYF.US,D,20221222,000000,21.299,21.315,21.285,21.315,1003,0
IHYF.US,D,20221223,000000,21.32,21.32,21.32,21.32,11,0
IHYF.US,D,20221227,000000,21.2505,21.2505,21.235,21.235,110,0
IHYF.US,D,20221228,000000,21.21,21.21,21.01,21.01,121257,0
IHYF.US,D,20221229,000000,21.075,21.075,21.02,21.065,1614,0
IHYF.US,D,20221230,000000,21.03,21.0399,21.03,21.035,2957,0
IHYF.US,D,20230103,000000,21.19,21.19,21.19,21.19,68,0
IHYF.US,D,20230104,000000,21.25,21.25,21.235,21.235,715,0
IHYF.US,D,20230105,000000,21.26,21.33,21.2599,21.33,351,0
IHYF.US,D,20230106,000000,21.575,21.575,21.575,21.575,2,0
IHYF.US,D,20230109,000000,21.68,21.68,21.68,21.68,4,0
IHYF.US,D,20230110,000000,21.69,21.695,21.69,21.695,305,0
IHYF.US,D,20230111,000000,21.82,21.82,21.795,21.795,295,0
IHYF.US,D,20230112,000000,21.885,21.885,21.885,21.885,104,0
IHYF.US,D,20230113,000000,21.92,21.97,21.91,21.97,878,0
IHYF.US,D,20230117,000000,21.91,21.91,21.91,21.91,14,0
IHYF.US,D,20230118,000000,21.95,21.95,21.95,21.95,162,0
IHYF.US,D,20230119,000000,21.87,21.95,21.87,21.895,63384,0
IHYF.US,D,20230120,000000,21.895,21.895,21.895,21.895,53,0
IHYF.US,D,20230123,000000,21.751,21.77,21.75,21.77,4098,0
IHYF.US,D,20230124,000000,21.79,21.81,21.775,21.775,668,0
IHYF.US,D,20230125,000000,21.81,21.81,21.81,21.81,12,0
IHYF.US,D,20230126,000000,21.875,21.875,21.875,21.875,22,0
IHYF.US,D,20230127,000000,21.85,21.85,21.8403,21.8403,235,0
IHYF.US,D,20230130,000000,21.82,21.82,21.765,21.765,125,0
IHYF.US,D,20230131,000000,21.8,21.8,21.8,21.8,59,0
IHYF.US,D,20230201,000000,21.9197,22.02,21.9197,22.02,161,0
IHYF.US,D,20230202,000000,22.16,22.25,22.16,22.25,1502,0
IHYF.US,D,20230203,000000,22.15,22.15,22.08,22.1,1307,0
IHYF.US,D,20230206,000000,21.95,21.95,21.9006,21.9006,333,0
IHYF.US,D,20230207,000000,21.9,21.97,21.88,21.97,3933,0
IHYF.US,D,20230208,000000,21.91,21.91,21.85,21.85,967,0
IHYF.US,D,20230209,000000,21.93,21.93,21.83,21.83,576,0
IHYF.US,D,20230210,000000,21.72,21.74,21.69,21.69,488,0
IHYF.US,D,20230213,000000,21.64,21.68,21.64,21.68,561,0
IHYF.US,D,20230214,000000,21.64,21.685,21.64,21.685,120,0
IHYF.US,D,20230215,000000,21.6,21.68,21.6,21.66,19347,0
IHYF.US,D,20230216,000000,21.55,21.55,21.55,21.55,20,0
IHYF.US,D,20230217,000000,21.55,21.62,21.55,21.62,3518,0
IHYF.US,D,20230221,000000,21.372,21.39,21.29,21.29,675,0
IHYF.US,D,20230222,000000,21.32,21.335,21.32,21.335,1008,0
IHYF.US,D,20230223,000000,21.5,21.5,21.5,21.5,18,0
IHYF.US,D,20230224,000000,21.43,21.43,21.425,21.425,365,0
IHYF.US,D,20230227,000000,21.507,21.53,21.507,21.53,776,0
IHYF.US,D,20230228,000000,21.49,21.49,21.49,21.49,61,0
IHYF.US,D,20230301,000000,21.455,21.455,21.455,21.455,1117,0
IHYF.US,D,20230302,000000,21.4,21.45,21.4,21.45,2341,0
IHYF.US,D,20230303,000000,21.57,21.575,21.57,21.575,1339,0
IHYF.US,D,20230306,000000,21.63,21.63,21.63,21.63,32,0
IHYF.US,D,20230307,000000,21.6,21.6,21.51,21.51,912,0
IHYF.US,D,20230308,000000,21.54,21.54,21.45,21.45,2186,0
IHYF.US,D,20230309,000000,21.46,21.46,21.4,21.4,11986,0
IHYF.US,D,20230310,000000,21.39,21.5,21.3329,21.3329,31852,0
IHYF.US,D,20230313,000000,21.3,21.32,21.2761,21.2761,15817,0
IHYF.US,D,20230314,000000,21.4,21.4,21.369,21.375,2043,0
IHYF.US,D,20230315,000000,21.26,21.29,21.22,21.22,5241,0
IHYF.US,D,20230316,000000,21.26,21.3259,21.26,21.3259,4067,0
IHYF.US,D,20230317,000000,21.26,21.26,21.26,21.26,14,0
IHYF.US,D,20230320,000000,21.1,21.129,21.0917,21.0966,14304,0
IHYF.US,D,20230321,000000,21.1499,21.17,21.149,21.17,1369,0
IHYF.US,D,20230322,000000,21.18,21.24,21.1579,21.1579,1146,0
IHYF.US,D,20230323,000000,21.24,21.28,21.21,21.23,62033,0
IHYF.US,D,20230324,000000,21.11,21.14,21.11,21.13,4661,0
IHYF.US,D,20230327,000000,21.17,21.17,21.1602,21.165,10687,0
IHYF.US,D,20230328,000000,21.09,21.13,21.09,21.09,9253,0
IHYF.US,D,20230329,000000,21.17,21.21,21.1699,21.195,2569,0
IHYF.US,D,20230330,000000,21.27,21.32,21.2699,21.32,1438,0
IHYF.US,D,20230331,000000,21.4199,21.54,21.395,21.54,2483,0
IHYF.US,D,20230403,000000,21.56,21.61,21.55,21.595,77958,0
IHYF.US,D,20230404,000000,21.57,21.645,21.56,21.56,2219,0
IHYF.US,D,20230405,000000,21.5485,21.5485,21.49,21.51,2164,0
IHYF.US,D,20230406,000000,21.4716,21.55,21.4716,21.55,2751,0
IHYF.US,D,20230410,000000,21.51,21.54,21.48,21.5198,13521,0
IHYF.US,D,20230411,000000,21.54,21.58,21.54,21.555,5492,0
IHYF.US,D,20230412,000000,21.5901,21.5987,21.59,21.5987,653,0
IHYF.US,D,20230413,000000,21.65,21.72,21.65,21.7,45420,0
IHYF.US,D,20230414,000000,21.64,21.67,21.62,21.63,25685,0
IHYF.US,D,20230417,000000,21.615,21.63,21.58,21.63,1504,0
IHYF.US,D,20230418,000000,21.62,21.64,21.59,21.62,3527,0
IHYF.US,D,20230419,000000,21.5501,21.59,21.5501,21.57,7273,0
IHYF.US,D,20230420,000000,21.54,21.55,21.53,21.535,3554,0
IHYF.US,D,20230421,000000,21.5608,21.61,21.5608,21.6,4550,0
IHYF.US,D,20230424,000000,21.4901,21.515,21.49,21.515,2491,0
IHYF.US,D,20230425,000000,21.51,21.53,21.5,21.5,1420,0
IHYF.US,D,20230426,000000,21.5,21.5,21.465,21.465,3399,0
IHYF.US,D,20230427,000000,21.5,21.525,21.493,21.525,4885,0
IHYF.US,D,20230428,000000,21.51,21.58,21.51,21.565,4957,0
IHYF.US,D,20230501,000000,21.5695,21.5695,21.51,21.51,2069,0
IHYF.US,D,20230502,000000,21.46,21.475,21.43,21.44,10544,0
IHYF.US,D,20230503,000000,21.465,21.47,21.465,21.47,212,0
IHYF.US,D,20230504,000000,21.3915,21.3915,21.36,21.36,170,0
IHYF.US,D,20230505,000000,21.42,21.46,21.4,21.45,9000,0
IHYF.US,D,20230508,000000,21.44,21.44,21.41,21.41,3433,0
IHYF.US,D,20230509,000000,21.44,21.44,21.365,21.365,4242,0
IHYF.US,D,20230510,000000,21.47,21.47,21.4125,21.45,1307,0
IHYF.US,D,20230511,000000,21.44,21.44,21.391,21.415,1878,0
IHYF.US,D,20230512,000000,21.44,21.44,21.37,21.385,5872,0
IHYF.US,D,20230515,000000,21.37,21.39,21.33,21.33,10242,0
IHYF.US,D,20230516,000000,21.295,21.31,21.26,21.26,5215,0
IHYF.US,D,20230517,000000,21.24,21.275,21.24,21.275,183,0
IHYF.US,D,20230518,000000,21.25,21.28,21.24,21.275,3788,0
IHYF.US,D,20230519,000000,21.26,21.27,21.231,21.27,445,0
IHYF.US,D,20230522,000000,21.16,21.2,21.16,21.175,1745,0
IHYF.US,D,20230523,000000,21.19,21.19,21.15,21.15,1949,0
IHYF.US,D,20230524,000000,21.14,21.14,21.055,21.055,6731,0
IHYF.US,D,20230525,000000,21.12,21.12,21.065,21.065,734,0
IHYF.US,D,20230526,000000,21.1,21.1384,21.08,21.13,6208,0
IHYF.US,D,20230530,000000,21.21,21.21,21.1602,21.19,3195,0
IHYF.US,D,20230531,000000,21.22,21.23,21.2,21.2,883,0
IHYF.US,D,20230601,000000,21.239,21.3,21.239,21.285,1791,0
IHYF.US,D,20230602,000000,21.39,21.44,21.37,21.44,1199,0
IHYF.US,D,20230605,000000,21.43,21.43,21.38,21.38,781,0
IHYF.US,D,20230606,000000,21.37,21.43,21.37,21.42,22532,0
IHYF.US,D,20230607,000000,21.46,21.46,21.4,21.4,13012,0
IHYF.US,D,20230608,000000,21.43,21.46,21.3903,21.445,4567,0
IHYF.US,D,20230609,000000,21.47,21.47,21.47,21.47,229,0
IHYF.US,D,20230612,000000,21.48,21.49,21.47,21.485,3515,0
IHYF.US,D,20230613,000000,21.39,21.51,21.39,21.47,1961,0
IHYF.US,D,20230614,000000,21.44,21.51,21.44,21.45,8452,0
IHYF.US,D,20230615,000000,21.53,21.63,21.53,21.58,19657,0
IHYF.US,D,20230616,000000,21.575,21.6,21.575,21.5883,4902,0
IHYF.US,D,20230620,000000,21.47,21.5,21.45,21.465,15888,0
IHYF.US,D,20230621,000000,21.46,21.46,21.4,21.41,5384,0
IHYF.US,D,20230622,000000,21.39,21.395,21.3899,21.395,4855,0
IHYF.US,D,20230623,000000,21.37,21.37,21.31,21.31,7837,0
IHYF.US,D,20230626,000000,21.339,21.35,21.31,21.34,4514,0
IHYF.US,D,20230627,000000,21.39,21.43,21.37,21.41,5254,0
IHYF.US,D,20230628,000000,21.46,21.485,21.4599,21.485,12195,0
IHYF.US,D,20230629,000000,21.52,21.52,21.475,21.51,12253,0
IHYF.US,D,20230630,000000,21.55,21.59,21.545,21.58,2705,0
IHYF.US,D,20230703,000000,21.589,21.59,21.56,21.56,1885,0
IHYF.US,D,20230705,000000,21.54,21.54,21.52,21.52,3637,0
IHYF.US,D,20230706,000000,21.39,21.4,21.3604,21.385,7683,0
IHYF.US,D,20230707,000000,21.4,21.459,21.4,21.405,401,0
IHYF.US,D,20230710,000000,21.421,21.4694,21.421,21.4694,1338,0
IHYF.US,D,20230711,000000,21.51,21.5493,21.5,21.545,7389,0
IHYF.US,D,20230712,000000,21.6899,21.71,21.67,21.71,2113,0
IHYF.US,D,20230713,000000,21.81,21.83,21.79,21.83,3225,0
IHYF.US,D,20230714,000000,21.83,21.83,21.755,21.755,1363,0
IHYF.US,D,20230717,000000,21.74,21.7499,21.72,21.72,5216,0
IHYF.US,D,20230718,000000,21.76,21.8,21.76,21.8,3509,0
IHYF.US,D,20230719,000000,21.85,21.85,21.82,21.82,17560,0
IHYF.US,D,20230720,000000,21.76,21.77,21.74,21.755,3337,0
IHYF.US,D,20230721,000000,21.76,21.77,21.76,21.77,1021,0
IHYF.US,D,20230724,000000,21.68,21.69,21.66,21.66,2213,0
IHYF.US,D,20230725,000000,21.6318,21.67,21.6202,21.64,7051,0
IHYF.US,D,20230726,000000,21.6599,21.66,21.65,21.66,4413,0
IHYF.US,D,20230727,000000,21.74,21.74,21.639,21.64,6156,0
IHYF.US,D,20230728,000000,21.68,21.71,21.68,21.7,656,0
IHYF.US,D,20230731,000000,21.74,21.78,21.7316,21.78,3366,0
IHYF.US,D,20230801,000000,21.74,21.74,21.6982,21.6982,1440,0
IHYF.US,D,20230802,000000,21.64,21.64,21.6,21.6051,7170,0
IHYF.US,D,20230803,000000,21.58,21.58,21.57,21.57,813,0
IHYF.US,D,20230804,000000,21.59,21.65,21.5725,21.65,1768,0
IHYF.US,D,20230807,000000,21.699,21.7,21.685,21.685,446,0
IHYF.US,D,20230808,000000,21.69,21.705,21.6899,21.705,786,0
IHYF.US,D,20230809,000000,21.73,21.73,21.715,21.715,787,0
IHYF.US,D,20230810,000000,21.82,21.82,21.76,21.76,10798,0
IHYF.US,D,20230811,000000,21.76,21.76,21.73,21.73,1536,0
IHYF.US,D,20230814,000000,21.69,21.72,21.67,21.69,7587,0
IHYF.US,D,20230815,000000,21.68,21.68,21.66,21.66,803,0
IHYF.US,D,20230816,000000,21.67,21.68,21.64,21.64,4424,0
IHYF.US,D,20230817,000000,21.61,21.62,21.53,21.53,2210,0
IHYF.US,D,20230818,000000,21.539,21.56,21.53,21.5447,13745,0
IHYF.US,D,20230821,000000,21.44,21.44,21.38,21.4,2006,0
IHYF.US,D,20230822,000000,21.41,21.42,21.38,21.38,5089,0
IHYF.US,D,20230823,000000,21.44,21.52,21.44,21.52,10310,0
IHYF.US,D,20230824,000000,21.495,21.495,21.43,21.43,485,0
IHYF.US,D,20230825,000000,21.44,21.48,21.44,21.47,836,0
IHYF.US,D,20230828,000000,21.5196,21.545,21.5099,21.545,1581,0
IHYF.US,D,20230829,000000,21.59,21.6059,21.5899,21.6059,478,0
IHYF.US,D,20230830,000000,21.655,21.655,21.655,21.655,49,0
IHYF.US,D,20230831,000000,21.67,21.68,21.67,21.68,574,0
IHYF.US,D,20230901,000000,21.7,21.75,21.67,21.7,20207,0
IHYF.US,D,20230905,000000,21.66,21.68,21.6,21.6063,7890,0
IHYF.US,D,20230906,000000,21.58,21.58,21.55,21.5698,22937,0
IHYF.US,D,20230907,000000,21.59,21.605,21.59,21.605,311,0
IHYF.US,D,20230908,000000,21.63,21.67,21.63,21.6346,32213,0
IHYF.US,D,20230911,000000,21.63,21.7199,21.63,21.64,19197,0
IHYF.US,D,20230912,000000,21.64,21.64,21.61,21.63,6312,0
IHYF.US,D,20230913,000000,21.66,21.67,21.64,21.64,42167,0
IHYF.US,D,20230914,000000,21.7,21.7,21.6999,21.7,3889,0
IHYF.US,D,20230915,000000,21.64,21.6698,21.64,21.6499,8897,0
IHYF.US,D,20230918,000000,21.5,21.52,21.5,21.505,2608,0
IHYF.US,D,20230919,000000,21.48,21.48,21.46,21.48,3202,0
IHYF.US,D,20230920,000000,21.48,21.5,21.46,21.47,2116,0
IHYF.US,D,20230921,000000,21.41,21.42,21.36,21.37,96837,0
IHYF.US,D,20230922,000000,21.3798,21.38,21.37,21.37,3722,0
IHYF.US,D,20230925,000000,21.33,21.365,21.33,21.34,7219,0
IHYF.US,D,20230926,000000,21.26,21.27,21.25,21.26,2884,0
IHYF.US,D,20230927,000000,21.29,21.29,21.22,21.2268,16128,0
IHYF.US,D,20230928,000000,21.2,21.27,21.2,21.26,9518,0
IHYF.US,D,20230929,000000,21.34,21.3594,21.3,21.31,17913,0
IHYF.US,D,20231002,000000,21.23,21.5,21.195,21.1988,55858,0
IHYF.US,D,20231003,000000,21.09,21.09,21,21,11155,0
IHYF.US,D,20231004,000000,21.01,21.04,20.98,21.0059,5809,0
IHYF.US,D,20231005,000000,21,21.04,21,21.0305,8780,0
IHYF.US,D,20231006,000000,20.9913,21.0599,20.9913,21.05,3004,0
IHYF.US,D,20231009,000000,21.065,21.13,21.065,21.13,4106,0
IHYF.US,D,20231010,000000,21.19,21.23,21.19,21.2,9491,0
IHYF.US,D,20231011,000000,21.23,21.23,21.17,21.19,11951,0
IHYF.US,D,20231012,000000,21.18,21.199,21.1378,21.1378,3138,0
IHYF.US,D,20231013,000000,21.18,21.18,21.12,21.12,149,0
IHYF.US,D,20231016,000000,21.09,21.22,21.09,21.15,15214,0
IHYF.US,D,20231017,000000,21.04,21.04,21.03,21.03,572,0
IHYF.US,D,20231018,000000,21.02,21.03,20.9299,20.9466,34578,0
IHYF.US,D,20231019,000000,20.92,20.94,20.89,20.89,37817,0
IHYF.US,D,20231020,000000,20.84,20.89,20.84,20.86,5030,0
IHYF.US,D,20231023,000000,20.78,20.88,20.78,20.8231,21429,0
IHYF.US,D,20231024,000000,20.88,20.91,20.86,20.91,15539,0
IHYF.US,D,20231025,000000,20.88,20.88,20.8314,20.85,1557,0
IHYF.US,D,20231026,000000,20.83,20.87,20.82,20.82,29547,0
IHYF.US,D,20231027,000000,20.86,20.88,20.84,20.88,13342,0
IHYF.US,D,20231030,000000,20.845,20.87,20.84,20.845,11029,0
IHYF.US,D,20231031,000000,20.84,20.895,20.84,20.895,1769,0
IHYF.US,D,20231101,000000,20.93,21,20.93,20.965,8877,0
IHYF.US,D,20231102,000000,21.14,21.2,21.14,21.2,4968,0
IHYF.US,D,20231103,000000,21.37,21.43,21.33,21.4,8424,0
IHYF.US,D,20231106,000000,21.44,21.44,21.38,21.42,6302,0
IHYF.US,D,20231107,000000,21.35,21.365,21.33,21.365,3867,0
IHYF.US,D,20231108,000000,21.36,21.41,21.36,21.38,6504,0
IHYF.US,D,20231109,000000,21.36,21.36,21.29,21.3187,5070,0
IHYF.US,D,20231110,000000,21.27,21.35,21.27,21.35,7915,0
IHYF.US,D,20231113,000000,21.36,21.38,21.335,21.38,8292,0
IHYF.US,D,20231114,000000,21.54,21.57,21.535,21.535,4271,0
IHYF.US,D,20231115,000000,21.57,21.6,21.53,21.55,17533,0
IHYF.US,D,20231116,000000,21.54,21.57,21.51,21.52,33883,0
IHYF.US,D,20231117,000000,21.55,21.58,21.54,21.565,4418,0
IHYF.US,D,20231120,000000,21.39,21.52,21.39,21.48,8986,0
IHYF.US,D,20231121,000000,21.48,21.54,21.48,21.54,5139,0
IHYF.US,D,20231122,000000,21.53,21.6,21.53,21.5697,26467,0
IHYF.US,D,20231124,000000,21.5455,21.5455,21.5455,21.5455,58,0
IHYF.US,D,20231127,000000,21.51,21.57,21.51,21.5654,7756,0
IHYF.US,D,20231128,000000,21.54,21.65,21.54,21.645,67981,0
IHYF.US,D,20231129,000000,21.73,21.79,21.73,21.7782,11848,0
IHYF.US,D,20231130,000000,21.75,21.77,21.7491,21.7491,16355,0
IHYF.US,D,20231201,000000,21.76,21.86,21.76,21.84,16547,0
IHYF.US,D,20231204,000000,21.86,21.8899,21.83,21.88,16670,0
IHYF.US,D,20231205,000000,21.89,21.92,21.89,21.895,9916,0
IHYF.US,D,20231206,000000,21.92,21.94,21.87,21.89,13111,0
IHYF.US,D,20231207,000000,21.93,21.95,21.91,21.95,2012,0
IHYF.US,D,20231208,000000,21.895,21.895,21.83,21.86,16940,0
IHYF.US,D,20231211,000000,21.8401,21.8401,21.81,21.84,2886,0
IHYF.US,D,20231212,000000,21.85,21.9,21.85,21.9,18947,0
IHYF.US,D,20231213,000000,21.94,22.1,21.91,22.0846,44541,0
IHYF.US,D,20231214,000000,22.29,22.35,22.28,22.33,14734,0
IHYF.US,D,20231215,000000,22.3,22.305,22.29,22.2957,3562,0
IHYF.US,D,20231218,000000,22.15,22.17,22.1,22.1428,12205,0
IHYF.US,D,20231219,000000,22.15,22.21,22.12,22.21,12163,0
IHYF.US,D,20231220,000000,22.23,22.27,22.22,22.2647,1483,0
IHYF.US,D,20231221,000000,22.31,22.33,22.28,22.32,7915,0
IHYF.US,D,20231222,000000,22.335,22.34,22.315,22.315,4132,0
IHYF.US,D,20231226,000000,22.32,22.36,22.3,22.325,2098,0
IHYF.US,D,20231227,000000,22.35,22.421,22.35,22.421,1413,0
IHYF.US,D,20231228,000000,22.39,22.41,22.39,22.4,2910,0
IHYF.US,D,20231229,000000,22.4,22.41,22.3847,22.3849,1783,0
IHYF.US,D,20240102,000000,22.275,22.28,22.22,22.23,6898,0
IHYF.US,D,20240103,000000,22.21,22.21,22.13,22.155,12574,0
IHYF.US,D,20240104,000000,22.15,22.17,22.14,22.1449,7811,0
IHYF.US,D,20240105,000000,22.14,22.15,22.08,22.12,6774,0
IHYF.US,D,20240108,000000,22.17,22.2496,22.17,22.225,3547,0
IHYF.US,D,20240109,000000,22.2595,22.28,22.25,22.25,2941,0
IHYF.US,D,20240110,000000,22.2605,22.32,22.2602,22.2955,4960,0
IHYF.US,D,20240111,000000,22.28,22.36,22.28,22.34,5211,0
IHYF.US,D,20240112,000000,22.38,22.41,22.33,22.4009,11256,0
IHYF.US,D,20240116,000000,22.35,22.35,22.31,22.311,1806,0
IHYF.US,D,20240117,000000,22.22,22.28,22.19,22.25,21653,0
IHYF.US,D,20240118,000000,22.23,22.26,22.19,22.2396,12344,0
IHYF.US,D,20240119,000000,22.27,22.27,22.21,22.25,8920,0
IHYF.US,D,20240122,000000,22.19,22.22,22.16,22.1767,30345,0
IHYF.US,D,20240123,000000,22.17,22.18,22.12,22.14,2959,0
IHYF.US,D,20240124,000000,22.17,22.25,22.16,22.1641,32907,0
IHYF.US,D,20240125,000000,22.2,22.25,22.2,22.25,1444,0
IHYF.US,D,20240126,000000,22.23,22.31,22.23,22.285,15342,0
IHYF.US,D,20240129,000000,22.25,22.32,22.25,22.295,2144,0
IHYF.US,D,20240130,000000,22.32,22.32,22.26,22.29,16512,0
IHYF.US,D,20240131,000000,22.33,22.33,22.2,22.2542,18888,0
IHYF.US,D,20240201,000000,22.32,22.3685,22.31,22.35,29966,0
IHYF.US,D,20240202,000000,22.3,22.32,22.23,22.2778,25653,0
IHYF.US,D,20240205,000000,22.21,22.23,22.17,22.185,5282,0
IHYF.US,D,20240206,000000,22.22,22.25,22.22,22.25,2093,0
IHYF.US,D,20240207,000000,22.3,22.33,22.23,22.29,44127,0
IHYF.US,D,20240208,000000,22.29,22.29,22.16,22.24,91942,0
IHYF.US,D,20240209,000000,22.3,22.3042,22.22,22.3,27266,0
IHYF.US,D,20240212,000000,22.33,22.33,22.27,22.28,65746,0
IHYF.US,D,20240213,000000,22.16,22.17,22.07,22.09,35660,0
IHYF.US,D,20240214,000000,22.15,22.2,22.13,22.179,6803,0
IHYF.US,D,20240215,000000,22.19,22.19,22.13,22.17,45609,0
IHYF.US,D,20240216,000000,22.16,22.19,22.13,22.1558,23969,0
IHYF.US,D,20240220,000000,22.04,22.1,22.02,22.075,182481,0
IHYF.US,D,20240221,000000,22.075,22.075,21.96,21.9807,10651,0
IHYF.US,D,20240222,000000,22.07,22.09,22.03,22.06,24763,0
IHYF.US,D,20240223,000000,22.1,22.1,22.05,22.075,12225,0
IHYF.US,D,20240226,000000,22.085,22.085,22.05,22.0577,947,0
IHYF.US,D,20240227,000000,22.03,22.05,22,22.04,17910,0
IHYF.US,D,20240228,000000,22.05,22.09,22.03,22.09,9547,0
IHYF.US,D,20240229,000000,22.075,22.09,22.06,22.08,5326,0
IHYF.US,D,20240301,000000,22.11,22.17,22.1,22.1454,4047,0
IHYF.US,D,20240304,000000,22.14,22.15,22.12,22.1309,10158,0
IHYF.US,D,20240305,000000,22.13,22.16,22.12,22.155,4724,0
IHYF.US,D,20240306,000000,22.161,22.1727,22.161,22.1727,108,0
IHYF.US,D,20240307,000000,22.23,22.23,22.23,22.23,107,0
IHYF.US,D,20240308,000000,22.19,22.24,22.19,22.2308,21309,0
IHYF.US,D,20240311,000000,22.25,22.25,22.21,22.2258,2395,0
IHYF.US,D,20240312,000000,22.24,22.2599,22.23,22.24,1828,0
IHYF.US,D,20240313,000000,22.25,22.27,22.2499,22.2691,11920,0
IHYF.US,D,20240314,000000,22.25,22.26,22.16,22.185,3046,0
IHYF.US,D,20240315,000000,22.19,22.19,22.15,22.1546,3095,0
IHYF.US,D,20240318,000000,22.031,22.08,22.031,22.0553,576,0
IHYF.US,D,20240319,000000,22.065,22.139,22.065,22.1295,4381,0
IHYF.US,D,20240320,000000,22.17,22.1805,22.16,22.1805,481,0
IHYF.US,D,20240321,000000,22.18,22.25,22.18,22.2154,25188,0
IHYF.US,D,20240322,000000,22.25,22.26,22.22,22.235,1959,0
IHYF.US,D,20240325,000000,22.2,22.25,22.2,22.2296,8165,0
IHYF.US,D,20240326,000000,22.17,22.23,22.16,22.1899,12895,0
IHYF.US,D,20240327,000000,22.21,22.39,22.21,22.3665,45418,0
IHYF.US,D,20240328,000000,22.34,22.39,22.34,22.35,4360,0
IHYF.US,D,20240401,000000,22.26,22.3028,22.26,22.3028,28046,0
IHYF.US,D,20240402,000000,22.23,22.25,22.19,22.2204,11884,0
IHYF.US,D,20240403,000000,22.1702,22.24,22.16,22.24,15302,0
IHYF.US,D,20240404,000000,22.25,22.27,22.24,22.2418,3989,0
IHYF.US,D,20240405,000000,22.23,22.23,22.2,22.225,1351,0
IHYF.US,D,20240408,000000,22.19,22.2201,22.15,22.175,33733,0
IHYF.US,D,20240409,000000,22.23,22.24,22.18,22.24,5149,0
IHYF.US,D,20240410,000000,22.14,22.161,22.09,22.11,482091,0
IHYF.US,D,20240411,000000,22.08,22.09,22.07,22.09,895,0
IHYF.US,D,20240412,000000,22.1,22.1,22.04,22.0571,3781,0
IHYF.US,D,20240415,000000,22.03,22.03,21.96,22.01,57051,0
IHYF.US,D,20240416,000000,21.96,21.96,21.88,21.9142,6733,0
IHYF.US,D,20240417,000000,21.95,21.95,21.91,21.9209,10624,0
IHYF.US,D,20240418,000000,21.91,21.92,21.89,21.92,6091,0
IHYF.US,D,20240419,000000,21.96,21.96,21.92,21.92,3876,0
IHYF.US,D,20240422,000000,21.84,21.8806,21.83,21.8806,1682,0
IHYF.US,D,20240423,000000,21.99,22,21.97,21.9811,984,0
IHYF.US,D,20240424,000000,21.96,21.9606,21.92,21.9606,1106,0
IHYF.US,D,20240425,000000,21.85,21.91,21.82,21.8871,14976,0
IHYF.US,D,20240426,000000,21.92,21.96,21.92,21.9493,2397,0
IHYF.US,D,20240429,000000,21.915,21.9239,21.901,21.9239,695,0
IHYF.US,D,20240430,000000,21.89,21.9,21.8413,21.8413,1305,0
IHYF.US,D,20240501,000000,21.86,21.98,21.85,21.94,58602,0
IHYF.US,D,20240502,000000,21.97,22.014,21.9663,22.014,3598,0
IHYF.US,D,20240503,000000,22.17,22.23,22.17,22.22,1581,0
IHYF.US,D,20240506,000000,22.279,22.29,22.24,22.265,56800,0
IHYF.US,D,20240507,000000,22.2784,22.3,22.24,22.2593,20761,0
IHYF.US,D,20240508,000000,22.22,22.239,22.22,22.22,1653,0
IHYF.US,D,20240509,000000,22.22,22.22,22.18,22.205,10170,0
IHYF.US,D,20240510,000000,22.18,22.2,22.16,22.2,3459,0
IHYF.US,D,20240513,000000,22.23,22.23,22.19,22.19,3103,0
IHYF.US,D,20240514,000000,22.19,22.22,22.16,22.19,1467,0
IHYF.US,D,20240515,000000,22.2103,22.32,22.2103,22.29,6533,0
IHYF.US,D,20240516,000000,22.3,22.32,22.2893,22.2893,1949,0
IHYF.US,D,20240517,000000,22.3,22.31,22.26,22.28,3102,0
IHYF.US,D,20240520,000000,22.16,22.19,22.15,22.1593,6237,0
IHYF.US,D,20240521,000000,22.19,22.2,22.14,22.1665,7467,0
IHYF.US,D,20240522,000000,22.16,22.16,22.1,22.11,9224,0
IHYF.US,D,20240523,000000,22.07,22.1,22.05,22.07,13307,0
IHYF.US,D,20240524,000000,22.08,22.09,22.06,22.09,2153,0
IHYF.US,D,20240528,000000,22.099,22.1,22.06,22.075,2955,0
IHYF.US,D,20240529,000000,22.03,22.03,21.97,21.995,3761,0
IHYF.US,D,20240530,000000,22.03,22.03,22,22.0117,3929,0
IHYF.US,D,20240531,000000,22.051,22.1138,22.05,22.1138,877,0
IHYF.US,D,20240603,000000,22.13,22.17,22.13,22.17,4898,0
IHYF.US,D,20240604,000000,22.13,22.21,22.13,22.19,10664,0
IHYF.US,D,20240605,000000,22.24,22.27,22.24,22.255,4588,0
IHYF.US,D,20240606,000000,22.22,22.26,22.22,22.2404,2990,0
IHYF.US,D,20240607,000000,22.2,22.24,22.18,22.1837,18447,0
IHYF.US,D,20240610,000000,22.19,22.24,22.15,22.18,2250,0
IHYF.US,D,20240611,000000,22.17,22.229,22.17,22.2013,6312,0
IHYF.US,D,20240612,000000,22.32,22.33,22.307,22.307,2308,0
IHYF.US,D,20240613,000000,22.33,22.34,22.28,22.3103,4272,0
IHYF.US,D,20240614,000000,22.205,22.205,22.205,22.205,92,0
IHYF.US,D,20240617,000000,22.2,22.21,22.16,22.205,1443,0
IHYF.US,D,20240618,000000,22.24,22.28,22.21,22.26,4338,0
IHYF.US,D,20240620,000000,22.24,22.26,22.22,22.24,4625,0
IHYF.US,D,20240621,000000,22.25,22.27,22.25,22.25,635,0
IHYF.US,D,20240624,000000,22.12,22.185,22.12,22.16,5613,0
IHYF.US,D,20240625,000000,22.15,22.17,22.13,22.155,6559,0
IHYF.US,D,20240626,000000,22.15,22.17,22.11,22.1503,8582,0
IHYF.US,D,20240627,000000,22.14,22.17,22.11,22.17,4875,0
IHYF.US,D,20240628,000000,22.23,22.23,22.13,22.14,10547,0
IHYF.US,D,20240701,000000,22.11,22.13,22.09,22.12,2799,0
IHYF.US,D,20240702,000000,22.12,22.17,22.12,22.15,8112,0
IHYF.US,D,20240703,000000,22.19,22.19,22.19,22.19,5,0
IHYF.US,D,20240705,000000,22.24,22.28,22.19,22.28,1886,0
IHYF.US,D,20240708,000000,22.28,22.2867,22.26,22.2867,838,0
IHYF.US,D,20240709,000000,22.27,22.27,22.24,22.265,41986,0
IHYF.US,D,20240710,000000,22.26,22.4,22.17,22.3623,25535,0
IHYF.US,D,20240711,000000,22.36,22.45,22.3,22.39,7194,0
IHYF.US,D,20240712,000000,22.42,22.46,22.3944,22.3944,1508,0
IHYF.US,D,20240715,000000,22.46,22.49,22.42,22.44,5374,0
IHYF.US,D,20240716,000000,22.45,22.62,22.42,22.5828,5174,0
IHYF.US,D,20240717,000000,22.52,22.54,22.47,22.4961,14654,0
IHYF.US,D,20240718,000000,22.5001,22.5299,22.49,22.4973,2638,0
IHYF.US,D,20240719,000000,22.52,22.52,22.4,22.4737,4067,0
IHYF.US,D,20240722,000000,22.36,22.39,22.26,22.39,12510,0
IHYF.US,D,20240723,000000,22.39,22.42,22.37,22.4087,8160,0
IHYF.US,D,20240724,000000,22.36,22.4,22.36,22.3623,2114,0
IHYF.US,D,20240725,000000,22.32,22.36,22.32,22.335,3778,0
IHYF.US,D,20240726,000000,22.41,22.419,22.29,22.3803,5088,0
IHYF.US,D,20240729,000000,22.405,22.405,22.39,22.4,718,0
IHYF.US,D,20240730,000000,22.38,22.415,22.34,22.36,1693,0
IHYF.US,D,20240731,000000,22.42,22.43,22.39,22.4272,4249,0
IHYF.US,D,20240801,000000,22.45,22.45,22.26,22.3691,44201,0
IHYF.US,D,20240802,000000,22.39,22.39,22.32,22.3652,5180,0
IHYF.US,D,20240805,000000,22.2,22.2,22.16,22.17,60315,0
IHYF.US,D,20240806,000000,22.25,22.25,22.1501,22.17,19185,0
IHYF.US,D,20240807,000000,22.25,22.27,22.2,22.2,377,0
IHYF.US,D,20240808,000000,22.24,22.25,22.24,22.25,101,0
IHYF.US,D,20240809,000000,22.26,22.3,22.25,22.27,16802,0
IHYF.US,D,20240812,000000,22.31,22.34,22.28,22.285,2002,0
IHYF.US,D,20240813,000000,22.32,22.36,22.31,22.36,5259,0
IHYF.US,D,20240814,000000,22.36,22.44,22.35,22.4044,4110,0
IHYF.US,D,20240815,000000,22.4,22.455,22.4,22.455,332,0
IHYF.US,D,20240816,000000,22.46,22.5,22.46,22.49,1869,0
IHYF.US,D,20240819,000000,22.34,22.42,22.34,22.395,4488,0
IHYF.US,D,20240820,000000,22.39,22.409,22.35,22.375,2462,0
IHYF.US,D,20240821,000000,22.38,22.44,22.38,22.43,2447,0
IHYF.US,D,20240822,000000,22.42,22.44,22.38,22.405,2797,0
IHYF.US,D,20240823,000000,22.46,22.52,22.43,22.5051,12141,0
IHYF.US,D,20240826,000000,22.5,22.62,22.49,22.52,2566,0
IHYF.US,D,20240827,000000,22.5,22.53,22.49,22.505,5839,0
IHYF.US,D,20240828,000000,22.51,22.515,22.5,22.515,1941,0
IHYF.US,D,20240829,000000,22.53,22.62,22.42,22.53,2668,0
IHYF.US,D,20240830,000000,22.525,22.535,22.525,22.535,893,0
IHYF.US,D,20240903,000000,22.55,22.55,22.47,22.47,2584,0
IHYF.US,D,20240904,000000,22.495,22.55,22.495,22.535,5038,0
IHYF.US,D,20240905,000000,22.56,22.67,22.41,22.575,6040,0
IHYF.US,D,20240906,000000,22.59,22.59,22.44,22.54,1294,0
IHYF.US,D,20240909,000000,22.59,22.6,22.59,22.6,396,0
IHYF.US,D,20240910,000000,22.62,22.62,22.59,22.6,1754,0
IHYF.US,D,20240911,000000,22.575,22.6045,22.5518,22.6045,1296,0
IHYF.US,D,20240912,000000,22.62,22.67,22.6,22.635,7728,0
IHYF.US,D,20240913,000000,22.67,22.7,22.67,22.69,1348,0
IHYF.US,D,20240916,000000,22.71,22.75,22.68,22.73,3516,0
IHYF.US,D,20240917,000000,22.73,22.76,22.71,22.73,6637,0
IHYF.US,D,20240918,000000,22.76,22.9,22.74,22.775,3482,0
IHYF.US,D,20240919,000000,22.85,22.96,22.77,22.8,4418,0
IHYF.US,D,20240920,000000,22.81,22.8396,22.79,22.8006,31348,0
IHYF.US,D,20240923,000000,22.71,22.71,22.64,22.69,3876,0
IHYF.US,D,20240924,000000,22.6799,22.6799,22.64,22.66,638,0
IHYF.US,D,20240925,000000,22.645,22.6501,22.645,22.6501,604,0
IHYF.US,D,20240926,000000,22.7,22.73,22.67,22.705,4352,0
IHYF.US,D,20240927,000000,22.7,22.77,22.7,22.745,9308,0
IHYF.US,D,20240930,000000,22.69,22.695,22.68,22.695,1177,0
IHYF.US,D,20241001,000000,22.72,22.74,22.69,22.74,3403,0
IHYF.US,D,20241002,000000,22.73,22.75,22.72,22.72,439,0
IHYF.US,D,20241003,000000,22.685,22.685,22.685,22.685,47,0
IHYF.US,D,20241004,000000,22.6899,22.69,22.66,22.68,482,0
IHYF.US,D,20241007,000000,22.66,22.66,22.625,22.625,1376,0
IHYF.US,D,20241008,000000,22.6,22.74,22.6,22.63,6527,0
IHYF.US,D,20241009,000000,22.64,22.72,22.6292,22.635,1907,0
IHYF.US,D,20241010,000000,22.63,22.645,22.6,22.645,1408,0
IHYF.US,D,20241011,000000,22.63,22.679,22.51,22.66,4336,0
IHYF.US,D,20241014,000000,22.59,22.709,22.59,22.685,20851,0
IHYF.US,D,20241015,000000,22.67,22.709,22.6406,22.69,3157,0
IHYF.US,D,20241016,000000,22.7,22.81,22.66,22.7022,3572,0
IHYF.US,D,20241017,000000,22.7,22.8,22.67,22.685,1852,0
IHYF.US,D,20241018,000000,22.66,22.67,22.65,22.67,1817,0
IHYF.US,D,20241021,000000,22.53,22.53,22.515,22.515,1259,0
IHYF.US,D,20241022,000000,22.51,22.58,22.505,22.5597,6758,0
IHYF.US,D,20241023,000000,22.55,22.56,22.55,22.555,4711,0
IHYF.US,D,20241024,000000,22.55,22.56,22.51,22.51,9075,0
IHYF.US,D,20241025,000000,22.57,22.57,22.51,22.55,3434,0
IHYF.US,D,20241028,000000,22.555,22.579,22.555,22.56,317,0
IHYF.US,D,20241029,000000,22.56,22.581,22.53,22.5559,5080,0
IHYF.US,D,20241030,000000,22.53,22.57,22.51,22.55,1893,0
IHYF.US,D,20241031,000000,22.5157,22.52,22.515,22.515,716,0
IHYF.US,D,20241101,000000,22.54,22.54,22.52,22.54,1864,0
IHYF.US,D,20241104,000000,22.57,22.57,22.57,22.57,459,0
