<TICKER>,<PER>,<DATE>,<TIME>,<OPEN>,<HIGH>,<LOW>,<CLOSE>,<VOL>,<OPENINT>
IUS.US,D,20180913,000000,23.3515,23.3515,23.3515,23.3515,104.02968032158,0
IUS.US,D,20180918,000000,23.4446,23.5387,23.4446,23.5387,543.37833022339,0
IUS.US,D,20180919,000000,23.4882,23.4882,23.4882,23.4882,103.01968342525,0
IUS.US,D,20181002,000000,23.6011,23.6011,23.6011,23.6011,103.01968342525,0
IUS.US,D,20181011,000000,22.3694,22.3981,22.1208,22.3981,1520.0453289706,0
IUS.US,D,20181015,000000,22.3981,22.511,22.3882,22.511,649.42800433762,0
IUS.US,D,20181016,000000,22.6773,22.6773,22.6773,22.6773,325.21900061698,0
IUS.US,D,20181023,000000,22.2129,22.2129,21.9813,21.9813,217.14933271009,0
IUS.US,D,20181025,000000,22.0565,22.0565,22.0565,22.0565,217.14933271009,0
IUS.US,D,20181105,000000,22.2615,22.2615,22.2615,22.2615,320.16901613535,0
IUS.US,D,20181107,000000,22.5644,22.6862,22.5644,22.6802,649.42800433762,0
IUS.US,D,20181114,000000,22.1674,22.1674,22.1674,22.1674,103.01968342525,0
IUS.US,D,20181119,000000,22.1674,22.1674,22.1674,22.1674,103.01968342525,0
IUS.US,D,20181120,000000,21.6595,21.6595,21.6595,21.6595,103.01968342525,0
IUS.US,D,20181206,000000,21.8902,21.8902,21.6595,21.7416,1082.7166728615,0
IUS.US,D,20181217,000000,21.1941,21.1941,20.9624,20.9624,319.15901923902,0
IUS.US,D,20181231,000000,20.3397,20.3397,20.3397,20.3397,102.00968652893,0
IUS.US,D,20190103,000000,20.1802,20.1802,20.1802,20.1802,102.00968652893,0
IUS.US,D,20190107,000000,20.6485,20.6485,20.6485,20.6485,102.00968652893,0
IUS.US,D,20190109,000000,21.1159,21.1159,21.1159,21.1159,102.00968652893,0
IUS.US,D,20190111,000000,21.1159,21.1159,21.1159,21.1159,102.00968652893,0
IUS.US,D,20190115,000000,21.1159,21.1159,21.1159,21.1159,216.13933581377,0
IUS.US,D,20190117,000000,21.1159,21.1159,21.1159,21.1159,102.00968652893,0
IUS.US,D,20190123,000000,21.1159,21.1159,21.1159,21.1159,103.01968342525,0
IUS.US,D,20190208,000000,21.8595,21.8625,21.8595,21.8625,216.13933581377,0
IUS.US,D,20190219,000000,22.6229,22.6229,22.6229,22.6229,109.07966480321,0
IUS.US,D,20190220,000000,22.6139,22.6516,22.6139,22.6516,431.26867473121,0
IUS.US,D,20190311,000000,22.4169,22.4169,22.4169,22.4169,533.27836126013,0
IUS.US,D,20190415,000000,23.3189,23.409,23.3189,23.3921,803.9575294755,0
IUS.US,D,20190416,000000,23.4961,23.506,23.4961,23.506,1068.5767163129,0
IUS.US,D,20190417,000000,23.4189,23.4189,23.4189,23.4189,136.34958100401,0
IUS.US,D,20190430,000000,23.5337,23.5337,23.5337,23.5337,102.00968652893,0
IUS.US,D,20190501,000000,23.5971,23.7308,23.5971,23.7308,1854.3543016546,0
IUS.US,D,20190502,000000,23.506,23.5248,23.3387,23.409,51683.561178795,0
IUS.US,D,20190503,000000,23.5891,23.6604,23.5891,23.6604,681.74790502006,0
IUS.US,D,20190506,000000,23.2041,23.4773,23.2041,23.4773,1710.9347423763,0
IUS.US,D,20190507,000000,23.309,23.309,23.309,23.309,102.00968652893,0
IUS.US,D,20190508,000000,23.2812,23.2812,23.2812,23.2812,105.03967721791,0
IUS.US,D,20190509,000000,22.9595,22.9595,22.9595,22.9595,428.23868404223,0
IUS.US,D,20190510,000000,23.0644,23.1654,23.0644,23.1654,4193.5071135456,0
IUS.US,D,20190513,000000,22.8209,22.8397,22.5773,22.7367,48831.32994357,0
IUS.US,D,20190515,000000,22.8684,22.8684,22.8684,22.8684,102.00968652893,0
IUS.US,D,20190520,000000,22.8783,22.907,22.8783,22.907,1050.3967721791,0
IUS.US,D,20190521,000000,23.0526,23.0526,23.0526,23.0526,185.83942892399,0
IUS.US,D,20190523,000000,22.7545,22.7545,22.6149,22.6149,531.25836746748,0
IUS.US,D,20190524,000000,22.699,22.7743,22.699,22.7545,316.12902855004,0
IUS.US,D,20190528,000000,22.7743,22.7743,22.4842,22.4842,36664.907330427,0
IUS.US,D,20190529,000000,22.316,22.316,22.316,22.316,102.00968652893,0
IUS.US,D,20190530,000000,22.4664,22.4664,22.306,22.306,529.23837367483,0
IUS.US,D,20190531,000000,22.0902,22.0902,22.0902,22.0902,102.00968652893,0
IUS.US,D,20190605,000000,22.709,22.709,22.709,22.709,123.21962135177,0
IUS.US,D,20190610,000000,23.3456,23.3545,23.2327,23.2327,11242.275453005,0
IUS.US,D,20190612,000000,23.2139,23.2229,23.2139,23.2229,219.16932650274,0
IUS.US,D,20190613,000000,23.299,23.309,23.2812,23.2812,2279.5629950078,0
IUS.US,D,20190614,000000,23.2812,23.2812,23.2812,23.2812,107.05967101056,0
IUS.US,D,20190617,000000,23.3545,23.3545,23.3545,23.3545,428.23868404223,0
IUS.US,D,20190618,000000,23.5703,23.5703,23.5437,23.5437,215.12933891744,0
IUS.US,D,20190621,000000,23.8416,23.8416,23.8416,23.8416,102.00968652893,0
IUS.US,D,20190624,000000,23.8318,23.8318,23.6822,23.6822,2472.4724022061,0
IUS.US,D,20190625,000000,23.6139,23.6139,23.5505,23.5505,639.32803537436,0
IUS.US,D,20190626,000000,23.5693,23.5693,23.5505,23.5595,315.11903165372,0
IUS.US,D,20190627,000000,23.6139,23.6139,23.6139,23.6139,102.00968652893,0
IUS.US,D,20190701,000000,23.9833,23.9833,23.8892,23.8892,826.17746119468,0
IUS.US,D,20190702,000000,23.8604,23.8694,23.8604,23.8694,315.11903165372,0
IUS.US,D,20190705,000000,23.9258,24.0021,23.9258,23.9833,4576181.8076039,0
IUS.US,D,20190708,000000,23.9357,23.9545,23.9258,23.9545,30381.716638382,0
IUS.US,D,20190709,000000,23.911,23.911,23.8981,23.8981,8337.5243791712,0
IUS.US,D,20190710,000000,24.0832,24.0832,24.0021,24.0783,16183.180269832,0
IUS.US,D,20190711,000000,24.1149,24.1149,24.0298,24.0298,3961.2078273906,0
IUS.US,D,20190712,000000,24.2179,24.2278,24.2179,24.2278,5739.8123618207,0
IUS.US,D,20190715,000000,24.2941,24.2941,24.2466,24.2941,9044.5222065994,0
IUS.US,D,20190716,000000,24.3129,24.3129,24.2466,24.2624,8123.4050371501,0
IUS.US,D,20190717,000000,24.3229,24.3229,24.0584,24.0584,11242.275453005,0
IUS.US,D,20190718,000000,23.9833,24.1239,23.9545,24.0882,7737.5862227536,0
IUS.US,D,20190719,000000,24.1149,24.1505,24.0209,24.0209,9106.1320172753,0
IUS.US,D,20190722,000000,24.0783,24.0783,24.0021,24.0396,8437.5140719075,0
IUS.US,D,20190723,000000,24.1149,24.2179,24.0882,24.2179,23812.696824678,0
IUS.US,D,20190724,000000,24.2594,24.4238,24.2516,24.4238,6329.6505492751,0
IUS.US,D,20190725,000000,24.2664,24.2664,24.1793,24.2179,12884.530406431,0
IUS.US,D,20190726,000000,24.3684,24.3684,24.3407,24.3595,3965.2478149759,0
IUS.US,D,20190729,000000,24.3505,24.3783,24.3505,24.3664,10613.047386593,0
IUS.US,D,20190730,000000,24.303,24.3457,24.2941,24.3457,4112.7073618395,0
IUS.US,D,20190731,000000,24.3971,24.404,24.106,24.1892,14398.515754024,0
IUS.US,D,20190801,000000,24.2664,24.3239,23.8228,23.8318,7558.8167721039,0
IUS.US,D,20190802,000000,23.5228,23.6724,23.5228,23.6624,46590.146830623,0
IUS.US,D,20190805,000000,23.1466,23.1466,22.8832,22.9377,13036.02994088,0
IUS.US,D,20190806,000000,22.9466,23.1723,22.9466,23.1278,12983.51010227,0
IUS.US,D,20190807,000000,22.912,23.2496,22.912,23.2496,15980.170893671,0
IUS.US,D,20190808,000000,23.5456,23.5693,23.5456,23.5693,6973.0185722348,0
IUS.US,D,20190809,000000,23.3407,23.5228,23.301,23.5228,6676.0794847149,0
IUS.US,D,20190812,000000,23.3159,23.3159,23.0902,23.1506,8388.0242239875,0
IUS.US,D,20190813,000000,23.6822,23.6822,23.5327,23.5417,6845.7589632977,0
IUS.US,D,20190814,000000,23.1179,23.1179,22.8446,22.8634,11172.585667159,0
IUS.US,D,20190815,000000,22.8446,22.8446,22.6942,22.703,11279.645338168,0
IUS.US,D,20190816,000000,23.1179,23.1466,23.0614,23.1466,5397.4234139662,0
IUS.US,D,20190819,000000,23.408,23.4912,23.408,23.4664,10499.927734205,0
IUS.US,D,20190820,000000,23.408,23.408,23.3258,23.3258,7682.0363934556,0
IUS.US,D,20190821,000000,23.4852,23.504,23.4219,23.4664,16836.648261755,0
IUS.US,D,20190822,000000,23.5228,23.5228,23.4367,23.5228,8931.4025542109,0
IUS.US,D,20190823,000000,23.1,23.1615,22.899,22.907,11153.395726128,0
IUS.US,D,20190826,000000,22.9654,23.0614,22.9654,22.9853,8103.2050992236,0
IUS.US,D,20190827,000000,23.1278,23.1278,22.8634,23.0041,21390.724267289,0
IUS.US,D,20190828,000000,23.0139,23.108,23.0139,23.0614,22109.842057472,0
IUS.US,D,20190829,000000,23.3655,23.4367,23.2782,23.4268,17035.617650331,0
IUS.US,D,20190830,000000,23.3783,23.4565,23.3703,23.4268,2646.1918683741,0
IUS.US,D,20190903,000000,23.1723,23.308,23.1723,23.308,8520.3338174062,0
IUS.US,D,20190904,000000,23.5139,23.5793,23.4942,23.5793,8840.5028335416,0
IUS.US,D,20190905,000000,23.9635,24.0396,23.9357,23.9833,11316.005226436,0
IUS.US,D,20190906,000000,23.9457,24.0396,23.9357,24.0298,12177.532579003,0
IUS.US,D,20190909,000000,24.1427,24.1605,24.0584,24.0971,13558.19833628,0
IUS.US,D,20190910,000000,24.2021,24.208,24.1645,24.208,12857.26049023,0
IUS.US,D,20190911,000000,24.3684,24.4624,24.3684,24.4526,13557.188339384,0
IUS.US,D,20190912,000000,24.414,24.5565,24.414,24.5387,8418.3241308773,0
IUS.US,D,20190913,000000,24.4922,24.51,24.4436,24.4436,5014.6345902586,0
IUS.US,D,20190916,000000,24.4338,24.4338,24.3605,24.4238,30688.755694865,0
IUS.US,D,20190917,000000,24.3317,24.3595,24.3268,24.3505,33388.477398745,0
IUS.US,D,20190918,000000,24.4624,24.4624,24.2753,24.3505,13024.91997502,0
IUS.US,D,20190919,000000,24.4338,24.4436,24.3129,24.3407,15834.731340599,0
IUS.US,D,20190920,000000,24.3931,24.4238,24.2367,24.303,6866.9688981205,0
IUS.US,D,20190923,000000,24.1139,24.303,24.1139,24.2466,30921.05498102,0
IUS.US,D,20190924,000000,24.1783,24.1783,23.9763,24.0575,19101.061303318,0
IUS.US,D,20190925,000000,24.1447,24.1457,24.0387,24.1327,7105.3281656535,0
IUS.US,D,20190926,000000,24.1179,24.1595,24.0496,24.105,14992.393929063,0
IUS.US,D,20190927,000000,24.0872,24.0872,23.9337,23.9337,11064.515999251,0
IUS.US,D,20190930,000000,24.0674,24.1882,24.0674,24.1327,12678.491039581,0
IUS.US,D,20191001,000000,24.1327,24.1327,23.811,23.8872,7957.7655461526,0
IUS.US,D,20191002,000000,23.4912,23.5189,23.3209,23.4041,24758.05391964,0
IUS.US,D,20191003,000000,23.1318,23.5179,23.1318,23.4812,13181.46949395,0
IUS.US,D,20191004,000000,23.6694,23.8486,23.6694,23.8486,5486.3031408429,0
IUS.US,D,20191007,000000,23.8802,23.8872,23.8021,23.8021,8629.4134822094,0
IUS.US,D,20191008,000000,23.4624,23.611,23.4614,23.611,12181.572566588,0
IUS.US,D,20191009,000000,23.5655,23.6594,23.5327,23.6594,15348.922833466,0
IUS.US,D,20191010,000000,23.8011,23.8011,23.7268,23.7367,11831.103643563,0
IUS.US,D,20191011,000000,24.1882,24.1882,24.1001,24.1001,1586.7051241282,0
IUS.US,D,20191014,000000,24.0575,24.0624,24.0486,24.0575,18742.512405122,0
IUS.US,D,20191015,000000,24.3129,24.3129,24.3119,24.3129,25093.372889219,0
IUS.US,D,20191016,000000,24.303,24.303,24.2466,24.2466,8318.334438141,0
IUS.US,D,20191017,000000,24.3595,24.3595,24.3129,24.3457,10136.328851528,0
IUS.US,D,20191018,000000,24.2941,24.2991,24.2704,24.2842,4734.8654499763,0
IUS.US,D,20191021,000000,24.2566,24.41,24.2566,24.3912,5791.3222035333,0
IUS.US,D,20191022,000000,24.3684,24.5575,24.3684,24.4931,15148.943447994,0
IUS.US,D,20191023,000000,24.4268,24.4536,24.4238,24.4436,7271.9776535473,0
IUS.US,D,20191024,000000,24.4348,24.4634,24.3684,24.4396,19447.490238757,0
IUS.US,D,20191025,000000,24.6358,24.6486,24.6348,24.6446,7234.6077683832,0
IUS.US,D,20191028,000000,24.813,24.813,24.7287,24.7733,14072.28675651,0
IUS.US,D,20191029,000000,24.7773,24.813,24.7654,24.7832,18334.473659006,0
IUS.US,D,20191030,000000,24.709,24.709,24.6624,24.6813,3386.5195933811,0
IUS.US,D,20191031,000000,24.6446,24.6446,24.5397,24.5852,33569.266843187,0
IUS.US,D,20191101,000000,24.9367,24.9644,24.9269,24.9644,13868.267383452,0
IUS.US,D,20191104,000000,25.1437,25.1684,25.1437,25.1545,25775.12079424,0
IUS.US,D,20191105,000000,25.2396,25.2585,25.1862,25.2486,28574.832190856,0
IUS.US,D,20191106,000000,25.1149,25.1822,25.1149,25.1822,7105.3281656535,0
IUS.US,D,20191107,000000,25.3803,25.3991,25.3585,25.3852,2642.1518807888,0
IUS.US,D,20191108,000000,25.2773,25.3327,25.2694,25.3239,6044.8314245112,0
IUS.US,D,20191111,000000,25.3169,25.3625,25.3169,25.3525,7084.1182308306,0
IUS.US,D,20191112,000000,25.4555,25.4555,25.3565,25.3565,5937.7717535006,0
IUS.US,D,20191113,000000,25.3714,25.3892,25.3139,25.3625,15385.282721734,0
IUS.US,D,20191114,000000,25.3714,25.3714,25.2981,25.3239,6291.2706672147,0
IUS.US,D,20191115,000000,25.4466,25.5239,25.4466,25.5239,9363.6812258384,0
IUS.US,D,20191118,000000,25.5615,25.5872,25.5051,25.5367,24159.125760118,0
IUS.US,D,20191119,000000,25.4625,25.4951,25.408,25.4526,26514.438522351,0
IUS.US,D,20191120,000000,25.403,25.408,25.1892,25.3139,16076.120598821,0
IUS.US,D,20191121,000000,25.3239,25.3525,25.2605,25.3525,24573.224487612,0
IUS.US,D,20191122,000000,25.408,25.408,25.3674,25.3852,5549.9329453114,0
IUS.US,D,20191125,000000,25.5793,25.5971,25.5506,25.5872,14503.555431242,0
IUS.US,D,20191126,000000,25.5793,25.609,25.5575,25.5832,6365.0004406465,0
IUS.US,D,20191127,000000,25.616,25.6348,25.616,25.6348,5100.4843264464,0
IUS.US,D,20191129,000000,25.609,25.6348,25.5615,25.5704,13711.717864522,0
IUS.US,D,20191202,000000,25.4367,25.4555,25.4367,25.4516,6400.3503320179,0
IUS.US,D,20191203,000000,25.1447,25.1664,25.0644,25.1664,9000.0823431611,0
IUS.US,D,20191204,000000,25.3714,25.3991,25.3625,25.3625,23266.288503766,0
IUS.US,D,20191205,000000,25.3239,25.3892,25.3139,25.3605,4733.85545308,0
IUS.US,D,20191206,000000,25.6348,25.6733,25.6348,25.6733,4229.8670018133,0
IUS.US,D,20191209,000000,25.4951,25.6348,25.4951,25.616,11646.274211535,0
IUS.US,D,20191210,000000,25.5971,25.5971,25.5545,25.5615,19646.459627334,0
IUS.US,D,20191211,000000,25.5516,25.6536,25.5516,25.6436,12457.301719285,0
IUS.US,D,20191212,000000,25.815,25.9001,25.7654,25.9001,7132.5980818543,0
IUS.US,D,20191213,000000,25.8506,25.9427,25.7585,25.8436,9250.5615734499,0
IUS.US,D,20191216,000000,26.0882,26.0991,26.0328,26.0328,5148.96417747,0
IUS.US,D,20191217,000000,26.0615,26.0635,26.0575,26.0615,8007.2553940726,0
IUS.US,D,20191218,000000,26.0615,26.0615,26.0516,26.0615,8058.7652357852,0
IUS.US,D,20191219,000000,26.0991,26.1179,26.0991,26.1179,6203.4009372344,0
IUS.US,D,20191220,000000,26.2971,26.308,26.2713,26.2882,10069.66905637,0
IUS.US,D,20191223,000000,26.308,26.3149,26.2882,26.2971,15485.272414471,0
IUS.US,D,20191224,000000,26.2417,26.3744,26.2417,26.3149,16566.979090436,0
IUS.US,D,20191226,000000,26.3644,26.3822,26.3446,26.3822,12049.262973169,0
IUS.US,D,20191227,000000,26.401,26.4308,26.3842,26.3842,5680.2225449375,0
IUS.US,D,20191230,000000,26.2882,26.3288,26.2318,26.2407,2698.7117069831,0
IUS.US,D,20191231,000000,26.1169,26.3546,26.1169,26.2981,11489.724692605,0
IUS.US,D,20200102,000000,26.3822,26.4605,26.3822,26.4605,8452.6640253524,0
IUS.US,D,20200103,000000,26.3546,26.401,26.1654,26.1654,19139.441185378,0
IUS.US,D,20200106,000000,26.2218,26.3822,26.2218,26.3822,33822.776064165,0
IUS.US,D,20200107,000000,26.401,26.401,26.3298,26.3496,28953.581026978,0
IUS.US,D,20200108,000000,26.3822,26.5248,26.3822,26.4357,11603.85434189,0
IUS.US,D,20200109,000000,26.5377,26.5812,26.4703,26.5724,6333.6905368604,0
IUS.US,D,20200110,000000,26.4783,26.6486,26.4783,26.4961,27096.196734634,0
IUS.US,D,20200113,000000,26.6585,26.6585,26.5624,26.6199,22937.029515564,0
IUS.US,D,20200114,000000,26.7595,26.7595,26.6763,26.6763,7817.3759775633,0
IUS.US,D,20200115,000000,26.7496,26.7714,26.707,26.7258,11295.80528851,0
IUS.US,D,20200116,000000,26.8476,26.9318,26.8476,26.9318,8819.2928987187,0
IUS.US,D,20200117,000000,26.9288,26.9822,26.9288,26.9822,15260.04310659,0
IUS.US,D,20200121,000000,26.8863,27.0753,26.8743,27.0753,11761.413857716,0
IUS.US,D,20200122,000000,26.9436,27.0199,26.905,26.905,16527.589211479,0
IUS.US,D,20200123,000000,26.7604,26.9338,26.7604,26.9338,27680.984937607,0
IUS.US,D,20200124,000000,26.9149,26.9149,26.61,26.6921,21055.405297708,0
IUS.US,D,20200127,000000,26.308,26.3149,26.2674,26.2684,35853.879822677,0
IUS.US,D,20200128,000000,26.4407,26.4981,26.4308,26.4703,6648.8095685141,0
IUS.US,D,20200129,000000,26.4308,26.5536,26.411,26.411,21832.092910983,0
IUS.US,D,20200130,000000,26.2417,26.2783,26.1357,26.2783,12608.801253734,0
IUS.US,D,20200131,000000,26.108,26.1268,25.8635,25.8843,9134.4119303724,0
IUS.US,D,20200203,000000,26.1555,26.1555,25.9932,25.9932,11269.545369205,0
IUS.US,D,20200204,000000,26.4525,26.4703,26.3912,26.3942,10009.069242591,0
IUS.US,D,20200205,000000,26.6783,26.8229,26.6783,26.8229,4927.7748571746,0
IUS.US,D,20200206,000000,26.8763,26.9149,26.8675,26.8961,11249.345431279,0
IUS.US,D,20200207,000000,26.7902,26.7902,26.6684,26.7169,13592.538230755,0
IUS.US,D,20200210,000000,26.7546,26.8219,26.7169,26.8219,9740.410068168,0
IUS.US,D,20200211,000000,26.9734,27.0001,26.9536,26.9634,9441.4509868555,0
IUS.US,D,20200212,000000,26.9536,27.1902,26.9536,27.1902,20617.066644703,0
IUS.US,D,20200213,000000,27.0199,27.1714,27.0199,27.0951,7294.1975852664,0
IUS.US,D,20200214,000000,27.0199,27.0655,26.9734,27.0655,12753.230809908,0
IUS.US,D,20200218,000000,26.905,26.9536,26.905,26.9536,14424.775673328,0
IUS.US,D,20200219,000000,27.0565,27.1318,27.0565,27.113,9578.8105647559,0
IUS.US,D,20200220,000000,26.8961,27.0753,26.8278,27.0625,4475.2962476206,0
IUS.US,D,20200221,000000,26.8001,26.8377,26.7546,26.7952,19909.058820379,0
IUS.US,D,20200224,000000,26.1357,26.1357,25.8565,25.9466,15728.681666485,0
IUS.US,D,20200225,000000,25.9268,25.9268,24.9912,25.0724,18103.184369747,0
IUS.US,D,20200226,000000,25.2634,25.3862,24.8931,24.8931,13847.05744863,0
IUS.US,D,20200227,000000,24.4546,24.6832,23.8278,23.8278,19027.331529886,0
IUS.US,D,20200228,000000,22.9921,23.4961,22.8792,23.4961,22539.090738411,0
IUS.US,D,20200302,000000,23.5525,24.5119,23.5525,24.5119,14319.73599611,0
IUS.US,D,20200303,000000,24.7961,24.8258,23.7674,24.0001,11242.275453005,0
IUS.US,D,20200304,000000,24.3793,24.9397,24.2941,24.9297,18062.784493894,0
IUS.US,D,20200305,000000,24.4258,24.5684,23.9703,24.1981,89246.355750055,0
IUS.US,D,20200306,000000,23.3901,23.8189,23.3357,23.4684,27691.08490657,0
IUS.US,D,20200309,000000,21.9961,22.6129,21.8625,21.9763,23462.227901653,0
IUS.US,D,20200310,000000,22.6407,22.9248,21.8535,22.908,20394.867327511,0
IUS.US,D,20200311,000000,22.1753,22.2724,21.7545,21.8239,21365.47434488,0
IUS.US,D,20200312,000000,20.2951,20.8278,19.802,19.8595,40371.595939944,0
IUS.US,D,20200313,000000,20.7308,21.2545,19.6684,21.106,56303.28698259,0
IUS.US,D,20200316,000000,19.1932,20.2753,18.9743,18.9743,34364.134400596,0
IUS.US,D,20200317,000000,19.2218,20.1298,18.7277,19.9209,49260.578624509,0
IUS.US,D,20200318,000000,19.2218,19.3792,18.0546,18.805,76140.636023329,0
IUS.US,D,20200319,000000,18.815,19.3654,18.815,19.004,11621.024289127,0
IUS.US,D,20200320,000000,19.0535,19.3357,18.1961,18.1961,24164.175744599,0
IUS.US,D,20200323,000000,18.2506,18.2506,17.4674,17.7635,56789.095489722,0
IUS.US,D,20200324,000000,18.5575,19.2951,18.5287,19.2852,27835.514462745,0
IUS.US,D,20200325,000000,19.1792,20.309,19.0476,19.6763,35387.261256574,0
IUS.US,D,20200326,000000,19.9734,20.7872,19.9734,20.7584,31975.491740785,0
IUS.US,D,20200327,000000,20.109,20.405,19.9832,19.9922,14545.975300888,0
IUS.US,D,20200330,000000,20.1654,20.6723,19.9545,20.6446,25394.351964325,0
IUS.US,D,20200331,000000,20.7011,20.7872,20.3377,20.3377,22754.220077329,0
IUS.US,D,20200401,000000,19.7337,19.9734,19.3812,19.3812,12863.320471608,0
IUS.US,D,20200402,000000,19.5822,19.9832,19.5822,19.8891,18115.304332504,0
IUS.US,D,20200403,000000,19.9644,19.9922,19.4763,19.5822,7941.6055958114,0
IUS.US,D,20200406,000000,20.2693,20.8921,20.2525,20.8743,106228.44356488,0
IUS.US,D,20200407,000000,21.3238,21.6209,20.9594,20.9594,14663.134940861,0
IUS.US,D,20200408,000000,21.1308,21.7358,21.1308,21.6209,30587.756005233,0
IUS.US,D,20200409,000000,22.0317,22.1941,21.7358,21.9357,22989.549354173,0
IUS.US,D,20200413,000000,21.7724,21.7724,21.4674,21.7268,30541.296148003,0
IUS.US,D,20200414,000000,22.1704,22.3565,22.1704,22.3565,21058.435288397,0
IUS.US,D,20200415,000000,21.8595,21.9248,21.6535,21.8159,12422.96182481,0
IUS.US,D,20200416,000000,21.8209,21.9555,21.7268,21.9555,28040.543832699,0
IUS.US,D,20200417,000000,22.309,22.5298,22.2337,22.5298,12525.981508236,0
IUS.US,D,20200420,000000,22.3466,22.4535,22.0882,22.0882,5378.233472936,0
IUS.US,D,20200421,000000,21.7446,21.7446,21.4317,21.4862,12384.58194275,0
IUS.US,D,20200422,000000,21.8307,21.8912,21.7358,21.8912,15432.752575861,0
IUS.US,D,20200423,000000,22.0605,22.2961,21.9268,21.9555,10228.238569093,0
IUS.US,D,20200424,000000,22.0139,22.299,21.9268,22.2417,12874.430437468,0
IUS.US,D,20200427,000000,22.4337,22.6436,22.4337,22.6436,11948.263283537,0
IUS.US,D,20200428,000000,22.607,22.7585,22.5872,22.5872,10140.368839113,0
IUS.US,D,20200429,000000,23.0179,23.3248,23.0179,23.3248,16984.107808618,0
IUS.US,D,20200430,000000,22.9228,22.9387,22.8169,22.9308,34165.16501202,0
IUS.US,D,20200501,000000,22.5387,22.5387,22.1654,22.309,13635.968097297,0
IUS.US,D,20200504,000000,22.108,22.2724,22.0317,22.2724,12737.070859567,0
IUS.US,D,20200505,000000,22.701,22.7387,22.501,22.5486,10387.818078713,0
IUS.US,D,20200506,000000,22.5198,22.5971,22.4585,22.5198,17418.406474039,0
IUS.US,D,20200507,000000,22.6734,22.6932,22.501,22.5486,14872.2042984,0
IUS.US,D,20200508,000000,22.8555,22.9684,22.8555,22.9684,4701.5355523976,0
IUS.US,D,20200511,000000,23.0565,23.1228,23.0565,23.0664,4856.0650775355,0
IUS.US,D,20200512,000000,23.0179,23.0942,22.6149,22.6149,9651.5303412914,0
IUS.US,D,20200513,000000,22.4436,22.4535,21.9941,21.9941,11131.175794409,0
IUS.US,D,20200514,000000,21.6971,22.2239,21.6822,22.2139,9310.1513903332,0
IUS.US,D,20200515,000000,22.2041,22.5575,22.1169,22.5575,4670.2256486115,0
IUS.US,D,20200518,000000,23.0278,23.305,23.0278,23.2764,14435.885639188,0
IUS.US,D,20200519,000000,23.2189,23.2862,23.103,23.1506,16184.190266728,0
IUS.US,D,20200520,000000,23.4773,23.4961,23.3615,23.3615,9940.3894536406,0
IUS.US,D,20200521,000000,23.3149,23.3436,23.2476,23.2764,4674.2656361968,0
IUS.US,D,20200522,000000,23.1506,23.302,23.1327,23.302,4602.5558565576,0
IUS.US,D,20200526,000000,23.8218,23.8308,23.6684,23.6684,10654.457259343,0
IUS.US,D,20200527,000000,23.6872,23.9545,23.6872,23.9545,4612.6558255209,0
IUS.US,D,20200528,000000,24.1268,24.2624,23.9357,23.9357,4229.8670018133,0
IUS.US,D,20200529,000000,23.7843,23.9495,23.7843,23.9495,3559.2290626529,0
IUS.US,D,20200601,000000,24.1268,24.1357,24.108,24.108,2083.6235971206,0
IUS.US,D,20200602,000000,24.2624,24.3476,24.1268,24.3476,10282.778401495,0
IUS.US,D,20200603,000000,24.6169,24.7495,24.6169,24.7397,8970.7924331676,0
IUS.US,D,20200604,000000,24.7209,24.7307,24.6159,24.6159,7887.0657634098,0
IUS.US,D,20200605,000000,25.401,25.5347,25.3327,25.405,3525.8991650741,0
IUS.US,D,20200608,000000,25.5734,25.803,25.5347,25.7783,19722.209394558,0
IUS.US,D,20200609,000000,25.4288,25.5447,25.4288,25.5071,6015.5415145177,0
IUS.US,D,20200610,000000,25.3061,25.3525,25.2179,25.3525,20232.257827203,0
IUS.US,D,20200611,000000,24.5485,24.5485,23.8684,23.8684,11338.225158156,0
IUS.US,D,20200612,000000,24.3001,24.3001,23.5921,24.0129,14581.325192259,0
IUS.US,D,20200615,000000,23.609,24.2912,23.609,24.1941,5424.693330167,0
IUS.US,D,20200616,000000,24.8842,24.9317,24.3476,24.6634,59629.206762192,0
IUS.US,D,20200617,000000,24.7307,24.7694,24.51,24.6991,27401.215797325,0
IUS.US,D,20200618,000000,24.4922,24.7495,24.3763,24.7495,12686.571014751,0
IUS.US,D,20200619,000000,24.8842,24.8842,24.31,24.414,19303.060682583,0
IUS.US,D,20200622,000000,24.3872,24.3872,23.7921,24.0981,44004.554776028,0
IUS.US,D,20200623,000000,24.4734,24.6951,24.3674,24.5882,35974.069453339,0
IUS.US,D,20200624,000000,24.3288,24.3288,23.6754,23.8278,4953.0247795828,0
IUS.US,D,20200625,000000,23.7476,24.0556,23.7476,24.0318,6681.1294691966,0
IUS.US,D,20200626,000000,23.8951,23.8951,23.4832,23.5209,116332.45251572,0
IUS.US,D,20200629,000000,23.5505,23.9733,23.5505,23.9605,9133.4019334761,0
IUS.US,D,20200630,000000,23.9337,24.3297,23.9337,24.3189,12337.112088622,0
IUS.US,D,20200701,000000,24.3129,24.3129,24.2526,24.3001,6560.9398385338,0
IUS.US,D,20200702,000000,24.5407,24.5407,24.3971,24.3971,3281.4799161632,0
IUS.US,D,20200706,000000,24.708,24.708,24.611,24.611,3845.0581843131,0
IUS.US,D,20200707,000000,24.4536,24.5595,24.3387,24.3387,15679.191818565,0
IUS.US,D,20200708,000000,24.4436,24.4634,24.3001,24.4604,11447.304822959,0
IUS.US,D,20200709,000000,24.4149,24.4149,24.0129,24.0802,4816.6751985787,0
IUS.US,D,20200710,000000,24.2812,24.4773,24.2812,24.4773,3145.1303351592,0
IUS.US,D,20200713,000000,24.7515,24.8001,24.3476,24.3476,13934.92717861,0
IUS.US,D,20200714,000000,24.4634,24.8386,24.4634,24.8386,13081.479801215,0
IUS.US,D,20200715,000000,25.1367,25.1367,25.107,25.107,4740.9254313543,0
IUS.US,D,20200716,000000,25.1932,25.209,25.1932,25.209,2568.422107357,0
IUS.US,D,20200717,000000,25.213,25.2426,25.213,25.2328,7332.5774673268,0
IUS.US,D,20200720,000000,25.0308,25.1565,25.0308,25.1565,10511.037700065,0
IUS.US,D,20200721,000000,25.4634,25.5307,25.406,25.406,6396.3103444326,0
IUS.US,D,20200722,000000,25.4348,25.5605,25.415,25.5605,7900.1957230621,0
IUS.US,D,20200723,000000,25.4733,25.617,25.3922,25.3922,10805.956793792,0
IUS.US,D,20200724,000000,25.3189,25.3189,25.203,25.213,10437.307926633,0
IUS.US,D,20200727,000000,25.2426,25.3011,25.213,25.3011,10133.298860839,0
IUS.US,D,20200728,000000,25.2911,25.2911,25.1664,25.1664,8345.6043543418,0
IUS.US,D,20200729,000000,25.3476,25.4387,25.3189,25.4387,5706.482464242,0
IUS.US,D,20200730,000000,25.1367,25.3061,25.1367,25.3061,13520.828451116,0
IUS.US,D,20200731,000000,25.2823,25.2823,24.9733,25.0238,9042.5022128068,0
IUS.US,D,20200803,000000,25.5119,25.5407,25.4248,25.5307,3091.6004996539,0
IUS.US,D,20200804,000000,25.5119,25.6456,25.5119,25.6456,63240.955663453,0
IUS.US,D,20200805,000000,25.8773,25.8773,25.8387,25.8387,6543.7698912962,0
IUS.US,D,20200806,000000,25.9249,25.9634,25.8674,25.9535,8827.3728738893,0
IUS.US,D,20200807,000000,25.8208,26.0318,25.8208,25.9922,18304.173752116,0
IUS.US,D,20200810,000000,26.2813,26.3109,26.2713,26.2911,14737.87471119,0
IUS.US,D,20200811,000000,26.6169,26.7902,26.2615,26.2911,26267.999279646,0
IUS.US,D,20200812,000000,26.6169,26.6268,26.5397,26.5882,4404.5964648777,0
IUS.US,D,20200813,000000,26.607,26.607,26.4357,26.4456,27918.334208244,0
IUS.US,D,20200814,000000,26.4555,26.5783,26.4555,26.4555,9623.2504281942,0
IUS.US,D,20200817,000000,26.4833,26.5684,26.4833,26.5308,5302.4837057116,0
IUS.US,D,20200818,000000,26.4931,26.5308,26.4655,26.4743,11839.183618734,0
IUS.US,D,20200819,000000,26.5595,26.5595,26.3773,26.3773,9729.3001023085,0
IUS.US,D,20200820,000000,26.3179,26.3199,26.3011,26.3199,14390.435778853,0
IUS.US,D,20200821,000000,26.3109,26.3109,26.2713,26.2713,7434.5871538558,0
IUS.US,D,20200824,000000,26.5119,26.7149,26.5119,26.6665,9768.6899812652,0
IUS.US,D,20200825,000000,26.7714,26.7714,26.6665,26.7051,11251.365425072,0
IUS.US,D,20200826,000000,26.7051,26.8327,26.7051,26.8001,7602.2466386459,0
IUS.US,D,20200827,000000,26.8675,26.906,26.8575,26.906,7929.4856330555,0
IUS.US,D,20200828,000000,26.9446,27.1674,26.9446,27.1674,3587.50897575,0
IUS.US,D,20200831,000000,27.0595,27.0684,27.0407,27.0407,13135.009636719,0
IUS.US,D,20200901,000000,26.9556,27.0457,26.9556,27.0457,7974.9354933902,0
IUS.US,D,20200902,000000,27.4159,27.4159,27.3961,27.406,15259.033109693,0
IUS.US,D,20200903,000000,27.4833,27.4833,26.5932,26.7902,26826.527563315,0
IUS.US,D,20200904,000000,26.7802,26.7802,26.4357,26.6466,11889.68346355,0
IUS.US,D,20200908,000000,26.0882,26.2911,26.0318,26.0318,16923.507994839,0
IUS.US,D,20200909,000000,26.3674,26.5496,26.3674,26.4931,17429.516439898,0
IUS.US,D,20200910,000000,26.5595,26.5595,25.9634,25.9962,7996.145428213,0
IUS.US,D,20200911,000000,26.0981,26.108,25.9249,25.9249,12937.05024504,0
IUS.US,D,20200914,000000,26.2238,26.5119,26.2238,26.4555,34028.815431016,0
IUS.US,D,20200915,000000,26.6615,26.6615,26.4506,26.4723,8717.2832121898,0
IUS.US,D,20200916,000000,26.5971,26.8278,26.5783,26.5783,13856.147420697,0
IUS.US,D,20200917,000000,26.3011,26.3337,26.3011,26.3337,5634.7726846028,0
IUS.US,D,20200918,000000,26.4555,26.4743,26.1011,26.1942,7681.0263965593,0
IUS.US,D,20200921,000000,25.799,26.2911,25.4694,25.5852,6601.3397143868,0
IUS.US,D,20200922,000000,26.1664,26.1664,25.5852,25.7892,9419.2310551364,0
IUS.US,D,20200923,000000,25.7456,25.7456,25.1882,25.1882,12976.440123996,0
IUS.US,D,20200924,000000,24.9199,25.4694,24.9199,25.3437,16066.020629858,0
IUS.US,D,20200925,000000,25.1615,25.6,25.1021,25.5575,17126.517371,0
IUS.US,D,20200928,000000,25.3249,26.0496,25.3249,25.9624,19550.509922182,0
IUS.US,D,20200929,000000,25.8843,25.8843,25.6238,25.7793,12951.190201589,0
IUS.US,D,20200930,000000,25.9337,26.204,25.9337,25.9724,10176.728727381,0
IUS.US,D,20201001,000000,25.9812,26.0308,25.8753,25.9912,17840.585176702,0
IUS.US,D,20201002,000000,25.809,26.0407,25.809,25.9624,7044.7283518739,0
IUS.US,D,20201005,000000,26.011,26.407,26.011,26.407,7057.8583115262,0
IUS.US,D,20201006,000000,26.4466,26.609,26.1239,26.1239,8212.2847640268,0
IUS.US,D,20201007,000000,26.4367,26.5417,26.407,26.5278,14985.323950789,0
IUS.US,D,20201008,000000,26.8209,26.909,26.812,26.909,7806.2660117037,0
IUS.US,D,20201009,000000,27.0545,27.0545,27.0001,27.0001,14139.956548564,0
IUS.US,D,20201012,000000,27.2575,27.3971,27.2575,27.3773,11835.143631148,0
IUS.US,D,20201013,000000,27.2387,27.2387,27.0496,27.113,7568.9167410671,0
IUS.US,D,20201014,000000,27.2971,27.2971,26.9882,27.0288,24915.613435467,0
IUS.US,D,20201015,000000,26.7268,27.0545,26.7268,26.8506,9087.9520731414,0
IUS.US,D,20201016,000000,27.1407,27.2476,27.1407,27.2476,7658.8064648401,0
IUS.US,D,20201019,000000,27.1308,27.1308,26.6288,26.6971,40848.314475009,0
IUS.US,D,20201020,000000,26.9001,27.0723,26.812,26.8902,9628.3004126759,0
IUS.US,D,20201021,000000,26.9585,26.9783,26.811,26.811,7582.0467007194,0
IUS.US,D,20201022,000000,26.8605,27.0635,26.8605,27.002,23411.728056837,0
IUS.US,D,20201023,000000,27.0268,27.0347,27.0268,27.0347,12409.831865158,0
IUS.US,D,20201026,000000,26.7734,26.7734,26.3585,26.4891,13541.028389043,0
IUS.US,D,20201027,000000,26.4268,26.4268,26.2645,26.2645,9129.3619458908,0
IUS.US,D,20201028,000000,25.5377,25.5575,25.3535,25.3535,13967.247079293,0
IUS.US,D,20201029,000000,25.4595,25.8565,25.4268,25.7219,14808.574493932,0
IUS.US,D,20201030,000000,25.4694,25.4694,25.2872,25.2872,25974.090182816,0
IUS.US,D,20201102,000000,25.8753,25.8941,25.7307,25.7694,13279.439192894,0
IUS.US,D,20201103,000000,26.3872,26.4803,26.3684,26.407,8530.4337863695,0
IUS.US,D,20201104,000000,26.5328,27.0169,26.5328,26.6971,5032.8145343925,0
IUS.US,D,20201105,000000,27.305,27.3822,27.1802,27.2149,9350.5512661862,0
IUS.US,D,20201106,000000,27.1902,27.2387,27.1704,27.1902,6236.7308348131,0
IUS.US,D,20201109,000000,28.1704,28.4457,28.1704,28.4159,18767.76232753,0
IUS.US,D,20201110,000000,28.0011,28.2625,27.9813,28.2625,19276.800763278,0
IUS.US,D,20201111,000000,28.2051,28.2229,28.1753,28.1753,9435.3910054776,0
IUS.US,D,20201112,000000,28.0595,28.2041,27.7694,27.9238,5585.2828366828,0
IUS.US,D,20201113,000000,28.2337,28.4159,28.2337,28.3921,7529.5268621104,0
IUS.US,D,20201116,000000,28.8407,28.9189,28.8407,28.8704,9461.6509247821,0
IUS.US,D,20201117,000000,28.6872,29.0447,28.6872,28.9971,25142.862737139,0
IUS.US,D,20201118,000000,29.1328,29.1328,28.6872,28.6872,8401.1541836398,0
IUS.US,D,20201119,000000,28.6575,28.7773,28.6377,28.7773,12522.951517547,0
IUS.US,D,20201120,000000,28.6575,28.6773,28.5704,28.5921,2535.0922097783,0
IUS.US,D,20201123,000000,28.8476,29.0982,28.8317,29.0159,21197.81486009,0
IUS.US,D,20201124,000000,29.2952,29.6922,29.2952,29.6922,7642.6465144989,0
IUS.US,D,20201125,000000,29.711,29.711,29.4407,29.4704,6002.4115548655,0
IUS.US,D,20201127,000000,29.5565,29.5665,29.508,29.5228,3388.5395871738,0
IUS.US,D,20201130,000000,29.2486,29.2486,29.1763,29.1763,11731.113950826,0
IUS.US,D,20201201,000000,29.6298,29.6546,29.5813,29.6347,134101.32791279,0
IUS.US,D,20201202,000000,29.508,29.7209,29.508,29.7209,46550.756951666,0
IUS.US,D,20201203,000000,29.7783,29.9427,29.7397,29.7397,16454.869434944,0
IUS.US,D,20201204,000000,30.1555,30.2436,30.1555,30.2436,7123.5081097873,0
IUS.US,D,20201207,000000,30.1367,30.1367,30.0486,30.1367,6624.5696430023,0
IUS.US,D,20201208,000000,30.1179,30.311,30.1179,30.2684,13214.799391529,0
IUS.US,D,20201209,000000,30.3685,30.3685,30.113,30.2189,14821.704453584,0
IUS.US,D,20201210,000000,30.1367,30.2139,30.0784,30.1902,16703.328671439,0
IUS.US,D,20201211,000000,30.0298,30.0298,29.8614,29.9823,12753.230809908,0
IUS.US,D,20201214,000000,30.0357,30.0357,29.8764,29.8962,19611.109735962,0
IUS.US,D,20201215,000000,30.1367,30.1575,30.1179,30.1575,7697.1863469005,0
IUS.US,D,20201216,000000,30.108,30.1367,30.108,30.1278,4443.9863438344,0
IUS.US,D,20201217,000000,30.2041,30.2812,30.1753,30.2585,10356.508174927,0
IUS.US,D,20201218,000000,30.1179,30.1179,30.012,30.012,10636.277315209,0
IUS.US,D,20201221,000000,29.6912,29.9625,29.4624,29.915,10761.516930353,0
IUS.US,D,20201222,000000,29.8357,29.8764,29.6624,29.6624,14856.04434806,0
IUS.US,D,20201223,000000,29.9823,30.0784,29.9823,29.9921,11958.3632525,0
IUS.US,D,20201224,000000,29.9427,30.0397,29.915,30.0298,16841.698246236,0
IUS.US,D,20201228,000000,30.2822,30.3209,30.1961,30.1961,12272.472287257,0
IUS.US,D,20201229,000000,30.0882,30.1179,30.0219,30.0694,15973.100915395,0
IUS.US,D,20201230,000000,30.2446,30.2546,30.1961,30.2229,6651.8395592031,0
IUS.US,D,20201231,000000,30.1763,30.2634,30.1635,30.2634,2683.5617535382,0
IUS.US,D,20210104,000000,30.3793,30.3793,29.8654,29.9427,11282.675328858,0
IUS.US,D,20210105,000000,30.1278,30.4387,30.1278,30.2822,10232.278556679,0
IUS.US,D,20210106,000000,30.7487,31.0496,30.71,30.8219,42215.850272634,0
IUS.US,D,20210107,000000,31.1467,31.2348,31.1269,31.1862,6542.7598943999,0
IUS.US,D,20210108,000000,31.2813,31.2813,30.9229,31.2238,32910.748866783,0
IUS.US,D,20210111,000000,30.8169,31.311,30.8169,31.2248,16122.580456052,0
IUS.US,D,20210112,000000,31.4388,31.4941,31.4189,31.4941,10839.286691371,0
IUS.US,D,20210113,000000,31.4288,31.4486,31.3971,31.3971,10838.276694474,0
IUS.US,D,20210114,000000,31.6218,31.7209,31.5337,31.5525,22517.880803588,0
IUS.US,D,20210115,000000,31.311,31.3397,31.2724,31.311,8853.6327931938,0
IUS.US,D,20210119,000000,31.3595,31.5061,31.3595,31.4654,17626.465834682,0
IUS.US,D,20210120,000000,31.5922,31.8228,31.5922,31.7962,12582.541334429,0
IUS.US,D,20210121,000000,31.7476,31.7773,31.6912,31.7427,10630.217333831,0
IUS.US,D,20210122,000000,31.5724,31.6714,31.5525,31.6218,8279.9545560806,0
IUS.US,D,20210125,000000,31.5932,31.6416,31.4486,31.6218,5987.2616014206,0
IUS.US,D,20210126,000000,31.5625,31.5922,31.5239,31.5239,14964.114015966,0
IUS.US,D,20210127,000000,31.2446,31.2446,30.8852,30.908,10351.458190446,0
IUS.US,D,20210128,000000,31.3229,31.3397,31.0783,31.0783,13136.019633616,0
IUS.US,D,20210129,000000,31.0684,31.0684,30.4288,30.4872,14624.755058801,0
IUS.US,D,20210201,000000,30.5843,30.9327,30.506,30.8397,20583.736747124,0
IUS.US,D,20210202,000000,31.1862,31.2852,31.1862,31.2446,14175.306439935,0
IUS.US,D,20210203,000000,31.3011,31.4288,31.3011,31.4288,4246.0269521545,0
IUS.US,D,20210204,000000,31.6416,31.7289,31.6218,31.7289,8546.5937367107,0
IUS.US,D,20210205,000000,31.9724,31.9724,31.8743,31.9041,10740.306995531,0
IUS.US,D,20210208,000000,32.1764,32.3308,32.1071,32.2733,8862.7227652607,0
IUS.US,D,20210209,000000,32.2724,32.3308,32.2555,32.2555,5351.9735536315,0
IUS.US,D,20210210,000000,32.3992,32.3992,32.1664,32.2655,8583.9636218748,0
IUS.US,D,20210211,000000,32.2921,32.2921,32.0783,32.2536,14123.796598223,0
IUS.US,D,20210212,000000,32.2526,32.4665,32.2526,32.4367,5545.8929577261,0
IUS.US,D,20210216,000000,32.5842,32.5842,32.4951,32.5249,8851.6127994012,0
IUS.US,D,20210217,000000,32.4367,32.5249,32.4367,32.5249,6956.8586218936,0
IUS.US,D,20210218,000000,32.3021,32.3506,32.1952,32.2823,6556.8998509485,0
IUS.US,D,20210219,000000,32.3209,32.5546,32.3209,32.4773,25699.371027015,0
IUS.US,D,20210222,000000,32.4763,32.7774,32.4763,32.5605,10674.65719727,0
IUS.US,D,20210223,000000,32.3892,32.6783,32.3892,32.6407,10077.749031541,0
IUS.US,D,20210224,000000,33.0883,33.1654,33.0685,33.1654,4590.4358938017,0
IUS.US,D,20210225,000000,32.4367,32.5249,32.3407,32.3407,8335.5043853786,0
IUS.US,D,20210226,000000,32.2238,32.4951,32.1565,32.1952,13522.848444909,0
IUS.US,D,20210301,000000,32.9812,33.0397,32.9328,32.9328,4880.3050030473,0
IUS.US,D,20210302,000000,32.9812,33.0685,32.802,32.8545,33933.875722761,0
IUS.US,D,20210303,000000,32.9179,32.9624,32.71,32.71,20107.018212058,0
IUS.US,D,20210304,000000,32.7922,32.8733,31.9139,32.3209,13127.939658445,0
IUS.US,D,20210305,000000,32.4565,33.1021,32.409,33.1021,10473.667814901,0
IUS.US,D,20210308,000000,33.2437,33.6407,33.2249,33.2249,21388.704273496,0
IUS.US,D,20210309,000000,33.3298,33.6357,33.3298,33.4021,19771.699242478,0
IUS.US,D,20210310,000000,33.7189,33.8457,33.6407,33.7813,43932.844996388,0
IUS.US,D,20210311,000000,33.913,34.1843,33.913,33.9823,11019.066138917,0
IUS.US,D,20210312,000000,34.0487,34.2279,34.0487,34.2279,13133.999639823,0
IUS.US,D,20210315,000000,34.2615,34.4565,34.1843,34.4397,23256.188534803,0
IUS.US,D,20210316,000000,34.3011,34.3011,34.1744,34.1744,6015.5415145177,0
IUS.US,D,20210317,000000,33.9614,34.4189,33.9614,34.3823,17310.336806132,0
IUS.US,D,20210318,000000,34.2912,34.311,33.8575,33.8575,8024.4253413101,0
IUS.US,D,20210319,000000,33.6219,34.0487,33.6219,33.8783,5429.7433146486,0
IUS.US,D,20210322,000000,33.806,33.9902,33.806,33.914,20286.797659604,0
IUS.US,D,20210323,000000,33.6387,33.6387,33.3061,33.3061,10603.957414527,0
IUS.US,D,20210324,000000,33.6793,33.6892,33.4753,33.4753,14652.024975001,0
IUS.US,D,20210325,000000,33.3179,33.6209,33.308,33.6209,8803.1329483775,0
IUS.US,D,20210326,000000,33.8843,34.2337,33.7278,34.2337,23370.318184088,0
IUS.US,D,20210329,000000,34.1694,34.2149,34.0793,34.0902,12297.722209666,0
IUS.US,D,20210330,000000,34.0793,34.1566,34.0555,34.0694,12561.331399606,0
IUS.US,D,20210331,000000,34.1852,34.2734,34.1407,34.1407,8151.6849502472,0
IUS.US,D,20210401,000000,34.2535,34.4199,34.2337,34.4199,19220.240937084,0
IUS.US,D,20210405,000000,34.8337,34.8487,34.7803,34.8189,165255.69217687,0
IUS.US,D,20210406,000000,34.8684,34.8684,34.0497,34.7843,30735.215552097,0
IUS.US,D,20210407,000000,34.8189,34.8189,34.7417,34.7714,13382.45887632,0
IUS.US,D,20210408,000000,34.7031,34.7853,34.6545,34.7853,14076.326744096,0
IUS.US,D,20210409,000000,34.8189,34.9951,34.7704,34.9951,8075.9351830228,0
IUS.US,D,20210412,000000,34.9754,35.0189,34.9228,35.0041,10105.018947741,0
IUS.US,D,20210413,000000,40.9418,40.9418,34.3328,34.9268,12369.431989305,0
IUS.US,D,20210414,000000,35.0526,35.2279,34.9951,34.9961,8555.6837087776,0
IUS.US,D,20210415,000000,35.1318,35.2773,35.0972,35.2773,52624.87828617,0
IUS.US,D,20210416,000000,35.3368,35.4625,35.3368,35.4051,19896.938857622,0
IUS.US,D,20210419,000000,35.2674,35.2674,35.1714,35.2149,14036.936865138,0
IUS.US,D,20210420,000000,35.0526,35.0664,34.6833,34.8209,16099.350527437,0
IUS.US,D,20210421,000000,34.8585,35.2674,34.8585,35.2486,8558.7136994666,0
IUS.US,D,20210422,000000,35.2575,35.3556,34.9476,34.9566,13731.917802449,0
IUS.US,D,20210423,000000,35.317,35.4813,35.317,35.3565,6927.5687119001,0
IUS.US,D,20210426,000000,35.511,35.511,35.3655,35.3744,22183.571830904,0
IUS.US,D,20210427,000000,35.4051,35.514,35.4051,35.506,9337.421306534,0
IUS.US,D,20210428,000000,35.5893,35.6575,35.511,35.5298,10277.728417014,0
IUS.US,D,20210429,000000,35.8338,35.8338,35.5407,35.7645,9335.4013127413,0
IUS.US,D,20210430,000000,35.4912,35.4912,35.4051,35.4051,20603.936685051,0
IUS.US,D,20210503,000000,35.7447,35.912,35.7258,35.812,11208.945555426,0
IUS.US,D,20210504,000000,35.5308,35.5902,35.4813,35.5902,9431.3510178923,0
IUS.US,D,20210505,000000,35.9991,35.9991,35.9506,35.9893,16856.848199681,0
IUS.US,D,20210506,000000,35.7941,36.1724,35.7941,36.1724,5484.2831470502,0
IUS.US,D,20210507,000000,36.2813,36.5932,36.2813,36.5932,18691.002563409,0
IUS.US,D,20210510,000000,36.7793,36.7892,36.3496,36.3496,23722.807100905,0
IUS.US,D,20210511,000000,35.9793,35.9793,35.8239,35.912,14419.725688846,0
IUS.US,D,20210512,000000,35.7743,35.7743,35.112,35.1546,11631.124258091,0
IUS.US,D,20210513,000000,35.4337,35.6774,35.317,35.6774,8619.3135132462,0
IUS.US,D,20210514,000000,35.9893,36.2427,35.9893,36.2209,8540.5337553327,0
IUS.US,D,20210517,000000,36.0674,36.2813,36.0674,36.2694,6852.828941572,0
IUS.US,D,20210518,000000,36.0962,36.1308,36.0081,36.0674,6584.1697671493,0
IUS.US,D,20210519,000000,35.4625,35.5605,35.2773,35.4724,3787.4883612225,0
IUS.US,D,20210520,000000,35.6674,35.8625,35.6674,35.8229,4062.2075170232,0
IUS.US,D,20210521,000000,36.1358,36.1367,35.8724,35.9793,10879.686567224,0
IUS.US,D,20210524,000000,35.9506,36.2526,35.9506,36.1753,15170.153382817,0
IUS.US,D,20210525,000000,36.0764,36.106,35.9219,35.9595,7952.715561671,0
IUS.US,D,20210526,000000,35.9407,36.1496,35.9407,36.116,5813.5421352525,0
IUS.US,D,20210527,000000,36.1753,36.4189,36.1753,36.3496,11693.744065662,0
IUS.US,D,20210528,000000,36.3695,36.4189,36.31,36.31,18804.122215797,0
IUS.US,D,20210601,000000,36.5833,36.6031,36.5467,36.5773,14537.895325716,0
IUS.US,D,20210602,000000,36.6229,36.6724,36.613,36.6724,26154.879627259,0
IUS.US,D,20210603,000000,36.3893,36.7011,36.3893,36.6624,152655.9808952,0
IUS.US,D,20210604,000000,36.7496,36.8813,36.7496,36.8813,13831.907495184,0
IUS.US,D,20210607,000000,36.9259,36.9259,36.7595,36.7892,7692.1363624189,0
IUS.US,D,20210608,000000,36.7595,36.9437,36.7397,36.9259,5186.3340626341,0
IUS.US,D,20210609,000000,36.8368,36.8962,36.7496,36.7595,79226.176541605,0
IUS.US,D,20210610,000000,36.7298,36.9535,36.6922,36.6922,9535.3806982139,0
IUS.US,D,20210611,000000,40.5516,40.5516,36.4972,36.8566,11936.14332078,0
IUS.US,D,20210614,000000,36.614,36.6526,36.5535,36.6031,13236.009326352,0
IUS.US,D,20210615,000000,36.6922,36.813,36.6922,36.7545,12454.271728596,0
IUS.US,D,20210616,000000,36.6378,36.6378,36.516,36.516,9814.1398415998,0
IUS.US,D,20210617,000000,36.1753,36.1951,35.8338,36.0862,21136.205049414,0
IUS.US,D,20210618,000000,35.6972,35.7258,35.4932,35.4932,4060.1875232306,0
IUS.US,D,20210621,000000,35.5704,36.0496,35.5704,35.9961,20837.245968102,0
IUS.US,D,20210622,000000,36.01,36.2506,36.01,36.1893,16104.400511918,0
IUS.US,D,20210623,000000,36.1773,36.2061,36.0882,36.0882,8271.87458091,0
IUS.US,D,20210624,000000,36.3031,36.313,36.2794,36.2794,11134.205785098,0
IUS.US,D,20210625,000000,36.3229,36.4496,36.3229,36.4496,12662.331089239,0
IUS.US,D,20210628,000000,36.3427,36.3823,36.2654,36.3823,7757.7861606801,0
IUS.US,D,20210629,000000,36.412,36.412,36.3625,36.3625,5700.422482864,0
IUS.US,D,20210630,000000,36.4021,36.4804,36.3823,36.4596,9233.3916262124,0
IUS.US,D,20210701,000000,36.5873,36.6952,36.5873,36.6664,13716.767849003,0
IUS.US,D,20210702,000000,36.705,36.8615,36.705,36.8615,248230.97719763,0
IUS.US,D,20210706,000000,36.4605,36.6071,36.4219,36.6051,12422.96182481,0
IUS.US,D,20210707,000000,36.6952,36.7278,36.6952,36.7278,5190.3740502194,0
IUS.US,D,20210708,000000,36.3941,36.5477,36.3823,36.3823,9840.3997609043,0
IUS.US,D,20210709,000000,36.705,36.8912,36.705,36.8644,12841.100539889,0
IUS.US,D,20210712,000000,36.9209,36.9585,36.8912,36.9308,11027.146114087,0
IUS.US,D,20210713,000000,36.8813,36.9308,36.7535,36.7635,9158.6518558843,0
IUS.US,D,20210714,000000,36.9585,36.9585,36.715,36.7417,4241.9869645692,0
IUS.US,D,20210715,000000,36.6862,36.6862,36.6566,36.6566,9052.60218177,0
IUS.US,D,20210716,000000,36.707,36.707,36.3328,36.3467,11171.575670262,0
IUS.US,D,20210719,000000,35.9615,35.9615,35.5209,35.7368,10949.37635307,0
IUS.US,D,20210720,000000,36.2358,36.4021,36.2358,36.313,6369.0404282318,0
IUS.US,D,20210721,000000,36.3922,36.6368,36.3922,36.6368,8690.013295989,0
IUS.US,D,20210722,000000,36.5288,36.6268,36.5189,36.5971,7242.6877435538,0
IUS.US,D,20210723,000000,36.8021,36.911,36.8021,36.8912,6326.6205585861,0
IUS.US,D,20210726,000000,37.008,37.0566,36.9685,37.0566,10704.95710416,0
IUS.US,D,20210727,000000,36.7932,36.912,36.7239,36.912,8916.252600766,0
IUS.US,D,20210728,000000,36.8318,36.8952,36.8219,36.8952,6388.230369262,0
IUS.US,D,20210729,000000,37.1545,37.1743,37.0664,37.0664,3257.2399906514,0
IUS.US,D,20210730,000000,36.9487,36.9981,36.9397,36.9397,23521.817718537,0
IUS.US,D,20210802,000000,36.9783,36.9883,36.8516,36.8813,6833.6390005418,0
IUS.US,D,20210803,000000,37.1061,37.2229,37.1061,37.2031,10696.877128988,0
IUS.US,D,20210804,000000,36.9011,36.9487,36.8566,36.8566,11462.454776404,0
IUS.US,D,20210805,000000,36.911,36.9783,36.8813,36.9525,10883.726554809,0
IUS.US,D,20210806,000000,37.0278,37.1061,37.0278,37.0556,12278.532268635,0
IUS.US,D,20210809,000000,37.008,37.008,36.9833,36.9833,5026.7545530146,0
IUS.US,D,20210810,000000,37.1743,37.1843,37.1457,37.1585,13351.148972534,0
IUS.US,D,20210811,000000,37.2922,37.3695,37.2823,37.3695,6211.480912405,0
IUS.US,D,20210812,000000,37.3209,37.4189,37.3021,37.4189,5448.9332556788,0
IUS.US,D,20210813,000000,37.2823,37.4476,37.2823,37.4041,7077.0482525564,0
IUS.US,D,20210816,000000,37.2724,37.5665,37.2328,37.5665,6386.2103754694,0
IUS.US,D,20210817,000000,37.2952,37.3041,37.1259,37.3041,3707.6986064128,0
IUS.US,D,20210818,000000,37.2229,37.2526,36.8823,36.8823,5372.173491558,0
IUS.US,D,20210819,000000,36.6764,36.911,36.6764,36.8219,9109.1620079643,0
IUS.US,D,20210820,000000,37.016,37.1259,37.016,37.0664,10326.208268037,0
IUS.US,D,20210823,000000,37.312,37.4476,37.312,37.3991,12721.920906123,0
IUS.US,D,20210824,000000,37.5367,37.5367,37.4189,37.4576,16055.920660894,0
IUS.US,D,20210825,000000,37.5565,37.5843,37.5071,37.5308,5227.7439353834,0
IUS.US,D,20210826,000000,37.3695,37.3991,37.2496,37.2496,4750.0154034212,0
IUS.US,D,20210827,000000,37.3793,37.6338,37.3793,37.5843,7448.7271104043,0
IUS.US,D,20210830,000000,37.6635,37.7912,37.6338,37.6734,21083.685210805,0
IUS.US,D,20210831,000000,37.712,37.712,37.6536,37.6744,8469.8339725899,0
IUS.US,D,20210901,000000,37.6041,37.7219,37.6041,37.6436,12923.920285388,0
IUS.US,D,20210902,000000,37.8398,37.8586,37.7615,37.8586,11028.156110984,0
IUS.US,D,20210903,000000,37.7516,37.81,37.7219,37.81,7493.1669738427,0
IUS.US,D,20210907,000000,37.6338,37.6338,37.5417,37.5467,22912.789590052,0
IUS.US,D,20210908,000000,37.5269,37.5467,37.3991,37.4774,13291.55915565,0
IUS.US,D,20210909,000000,37.3892,37.4189,37.2823,37.2823,2922.9310179675,0
IUS.US,D,20210910,000000,37.3991,37.3991,36.9743,36.9743,8327.424410208,0
IUS.US,D,20210913,000000,37.2229,37.2922,37.0566,37.1902,9775.7599595395,0
IUS.US,D,20210914,000000,37.1555,37.1645,36.8784,36.8784,8826.362876993,0
IUS.US,D,20210915,000000,37.0566,37.2922,37.0566,37.2625,11195.815595773,0
IUS.US,D,20210916,000000,37.1357,37.2229,37.1159,37.1813,3345.1097206317,0
IUS.US,D,20210917,000000,36.9783,36.9883,36.8615,36.9259,11072.595974422,0
IUS.US,D,20210920,000000,36.2912,36.3704,35.9575,36.3209,5473.1731811906,0
IUS.US,D,20210921,000000,36.3506,36.3506,36.2912,36.2912,2526.0022377114,0
IUS.US,D,20210922,000000,36.6852,36.6852,36.507,36.5259,7794.1460489478,0
IUS.US,D,20210923,000000,36.9783,37.1367,36.9487,36.9487,9889.8896088243,0
IUS.US,D,20210924,000000,36.7328,37.0674,36.7328,37.0278,11227.12549956,0
IUS.US,D,20210927,000000,37.0278,37.213,37.0278,37.0922,10491.847759034,0
IUS.US,D,20210928,000000,36.9685,36.9685,36.507,36.6437,7724.4562631013,0
IUS.US,D,20210929,000000,36.7526,36.7526,36.6061,36.6556,4836.8751365053,0
IUS.US,D,20210930,000000,36.6358,36.6358,36.1447,36.1447,4695.4755710196,0
IUS.US,D,20211001,000000,36.1941,36.6556,36.1941,36.5041,5459.0332246421,0
IUS.US,D,20211004,000000,36.5565,36.5565,36.1249,36.2427,11522.044593287,0
IUS.US,D,20211005,000000,36.6852,36.6852,36.5961,36.6754,27521.405427988,0
IUS.US,D,20211006,000000,36.2229,36.6061,36.1447,36.6061,6383.1803847804,0
IUS.US,D,20211007,000000,37.0823,37.1367,36.9635,36.9635,8538.5137615401,0
IUS.US,D,20211008,000000,36.9585,37.0476,36.911,36.9595,8152.6949471436,0
IUS.US,D,20211011,000000,36.8912,36.9487,36.7219,36.7219,3171.3902544637,0
IUS.US,D,20211012,000000,36.6852,36.6942,36.5961,36.5961,10022.199202243,0
IUS.US,D,20211013,000000,36.4634,36.6852,36.4634,36.6259,11030.176104776,0
IUS.US,D,20211014,000000,36.9308,37.2833,36.9308,37.2734,6691.2294381598,0
IUS.US,D,20211015,000000,37.5189,37.5189,37.4496,37.4536,8335.5043853786,0
IUS.US,D,20211018,000000,37.4398,37.4793,37.313,37.4694,15920.581076787,0
IUS.US,D,20211019,000000,37.7149,37.7447,37.5585,37.7447,18605.152827221,0
IUS.US,D,20211020,000000,37.9803,38.0388,37.9803,38.01,9955.5394070855,0
IUS.US,D,20211021,000000,37.9506,38.0684,37.8922,38.0436,19261.650809833,0
IUS.US,D,20211022,000000,37.912,38.0684,37.8426,38.011,9422.2610458253,0
IUS.US,D,20211025,000000,38.0388,38.1575,37.9754,38.0912,15947.850992988,0
IUS.US,D,20211026,000000,38.1962,38.2258,38.0684,38.0882,18910.171889912,0
IUS.US,D,20211027,000000,37.9803,37.9803,37.7437,37.7437,8058.7652357852,0
IUS.US,D,20211028,000000,37.9803,38.0754,37.9803,38.0754,6412.4702947738,0
IUS.US,D,20211029,000000,38.0932,38.1477,37.9952,38.1041,3762.2384388144,0
IUS.US,D,20211101,000000,40.6407,40.6407,38.1655,38.2348,20556.466830923,0
IUS.US,D,20211102,000000,38.3932,38.4228,38.2744,38.4031,22074.492166101,0
IUS.US,D,20211103,000000,40.8169,40.8169,38.3833,38.6763,17728.475521211,0
IUS.US,D,20211104,000000,38.7427,38.7952,38.5892,38.6823,7604.2666324385,0
IUS.US,D,20211105,000000,38.9813,39.0506,38.8645,38.9615,12574.461359259,0
IUS.US,D,20211108,000000,39.2268,39.2268,38.9417,38.9912,12825.950586444,0
IUS.US,D,20211109,000000,39.0012,39.0012,38.8447,38.9813,8572.8536560152,0
IUS.US,D,20211110,000000,38.9318,38.9516,38.6675,38.6863,9295.0014368883,0
IUS.US,D,20211111,000000,38.8546,38.8546,38.7556,38.7852,10110.068932223,0
IUS.US,D,20211112,000000,38.7862,39.011,38.7862,38.9585,6590.2297485272,0
IUS.US,D,20211115,000000,39.0506,39.0506,38.9417,38.9536,5511.553063251,0
IUS.US,D,20211116,000000,39.0893,39.1872,39.0407,39.0506,11182.685636122,0
IUS.US,D,20211117,000000,38.9615,38.9615,38.9031,38.9219,13163.289549817,0
IUS.US,D,20211118,000000,38.8931,38.9714,38.7754,38.9516,17716.355558454,0
IUS.US,D,20211119,000000,38.805,38.8348,38.6961,38.6961,5159.0641464333,0
IUS.US,D,20211122,000000,39.0209,39.1288,38.9318,38.9318,15850.89129094,0
IUS.US,D,20211123,000000,38.7556,38.9912,38.7556,38.9813,26281.129239299,0
IUS.US,D,20211124,000000,38.8931,38.9912,38.8625,38.9912,18107.224357332,0
IUS.US,D,20211126,000000,38.3932,38.3932,38.0446,38.1803,8645.5734325506,0
IUS.US,D,20211129,000000,38.6486,38.6486,38.3536,38.3932,5613.56274978,0
IUS.US,D,20211130,000000,38.1477,38.1477,37.5685,37.5685,7586.0866883047,0
IUS.US,D,20211201,000000,38.1962,38.2595,37.2833,37.2833,26404.348860651,0
IUS.US,D,20211202,000000,37.4596,38.0288,37.4011,37.9704,24529.79462107,0
IUS.US,D,20211203,000000,38.1675,38.1675,37.509,37.813,30495.846287667,0
IUS.US,D,20211206,000000,38.1625,38.4902,38.1575,38.3041,21355.374375917,0
IUS.US,D,20211207,000000,38.8931,39.0209,38.8348,38.8645,13748.07775279,0
IUS.US,D,20211208,000000,38.7902,38.9912,38.7902,38.9912,7605.2766293349,0
IUS.US,D,20211209,000000,38.9031,38.9714,38.8248,38.8248,9861.6096957272,0
IUS.US,D,20211210,000000,39.0803,39.2863,38.9516,39.2863,19411.13035049,0
IUS.US,D,20211213,000000,39.1674,39.1674,38.9516,38.9615,9275.8114958581,0
IUS.US,D,20211214,000000,38.8645,38.913,38.6763,38.805,19343.460558436,0
IUS.US,D,20211215,000000,38.9318,39.3051,38.609,39.2863,42348.159866054,0
IUS.US,D,20211216,000000,39.5804,39.5804,39.0991,39.207,23656.147305748,0
IUS.US,D,20211217,000000,38.7754,39.0704,38.7655,38.7655,23249.118556529,0
IUS.US,D,20211220,000000,38.4298,38.4298,38.0556,38.3813,27328.496020789,0
IUS.US,D,20211221,000000,38.6863,38.9328,38.6863,38.8744,15797.361455435,0
IUS.US,D,20211222,000000,38.9328,39.2685,38.9229,39.2585,37850.643686714,0
IUS.US,D,20211223,000000,39.512,39.5842,39.5051,39.5051,17144.697315134,0
IUS.US,D,20211227,000000,39.4951,39.9882,39.4951,39.9882,16494.2593139,0
IUS.US,D,20211228,000000,40.1071,40.112,40.0179,40.0377,15893.311160586,0
IUS.US,D,20211229,000000,40.1556,40.1852,40.0922,40.1556,29948.427969859,0
IUS.US,D,20211230,000000,40.2497,40.2545,40.0873,40.0873,11996.74313456,0
IUS.US,D,20211231,000000,40.0873,40.117,39.9972,39.9972,12644.151145106,0
IUS.US,D,20220103,000000,40.1268,40.215,40.015,40.215,23618.777420583,0
IUS.US,D,20220104,000000,40.4367,40.5506,40.3566,40.4615,27650.685030717,0
IUS.US,D,20220105,000000,40.5902,40.6883,40.008,40.008,44274.223947347,0
IUS.US,D,20220106,000000,40.2051,40.2051,39.9288,39.9586,19815.12910902,0
IUS.US,D,20220107,000000,39.9882,40.0773,39.8407,40.0279,11002.906188575,0
IUS.US,D,20220110,000000,39.8506,39.8803,39.3962,39.8803,22700.690241824,0
IUS.US,D,20220111,000000,40.008,40.2942,39.6922,40.2942,17864.825102214,0
IUS.US,D,20220112,000000,40.4517,40.4813,40.2645,40.3338,15339.832861399,0
IUS.US,D,20220113,000000,40.5408,40.5408,40.0377,40.0971,30461.506393192,0
IUS.US,D,20220114,000000,40.0179,40.2051,39.8605,40.2051,12053.302960754,0
IUS.US,D,20220118,000000,39.9189,39.9189,39.4951,39.6041,17479.006287818,0
IUS.US,D,20220119,000000,39.8209,39.8209,39.1794,39.1794,42796.598488022,0
IUS.US,D,20220120,000000,39.513,39.6773,38.7754,38.7754,22020.962330596,0
IUS.US,D,20220121,000000,38.5387,38.8308,38.1645,38.1833,47098.175269475,0
IUS.US,D,20220124,000000,37.71,38.3714,36.9803,38.3714,31170.524214414,0
IUS.US,D,20220125,000000,37.819,38.3912,37.6813,38.0655,16488.199332522,0
IUS.US,D,20220126,000000,38.4595,38.6378,37.5427,37.9467,33959.12564517,0
IUS.US,D,20220127,000000,38.2922,38.5882,37.7199,37.8388,21268.514642833,0
IUS.US,D,20220128,000000,37.8783,38.5882,37.7397,38.5882,50496.814825611,0
IUS.US,D,20220131,000000,38.618,39.0516,38.4595,39.0516,22124.992010918,0
IUS.US,D,20220201,000000,39.0021,39.3774,38.8645,39.3437,64521.631727995,0
IUS.US,D,20220202,000000,39.5249,39.7814,39.3576,39.7506,46253.817864146,0
IUS.US,D,20220203,000000,39.4753,39.5249,39.1011,39.1011,25617.561278413,0
IUS.US,D,20220204,000000,39.0021,39.219,38.7259,39.0615,12578.501346844,0
IUS.US,D,20220207,000000,39.0219,39.2585,38.9041,39.0021,28994.990899727,0
IUS.US,D,20220208,000000,39.0219,39.3279,38.8645,39.3179,14212.6763251,0
IUS.US,D,20220209,000000,39.6724,39.8209,39.6635,39.7912,25614.531287724,0
IUS.US,D,20220210,000000,39.407,39.7714,39.0219,39.1794,26108.419770027,0
IUS.US,D,20220211,000000,39.219,39.3377,38.6575,38.7952,15492.342392745,0
IUS.US,D,20220214,000000,38.6763,38.6763,38.2328,38.4893,48347.54143023,0
IUS.US,D,20220215,000000,38.8645,38.9724,38.7259,38.9724,38879.830524069,0
IUS.US,D,20220216,000000,38.9328,39.0913,38.7259,39.0318,40818.014568119,0
IUS.US,D,20220217,000000,38.9041,38.9041,38.3912,38.4298,29258.600089668,0
IUS.US,D,20220218,000000,38.5289,38.5289,38.1149,38.2031,27926.414183414,0
IUS.US,D,20220222,000000,38.2922,38.2922,37.5327,37.7991,47929.40271515,0
IUS.US,D,20220223,000000,38.1932,38.1932,37.2962,37.3061,40971.534096361,0
IUS.US,D,20220224,000000,36.6159,37.6417,36.4576,37.6219,28473.832501223,0
IUS.US,D,20220225,000000,37.8388,38.5784,37.7497,38.5189,26082.159850723,0
IUS.US,D,20220228,000000,38.0655,38.5486,38.0655,38.5169,14637.885018453,0
IUS.US,D,20220301,000000,38.3318,38.608,37.9081,38.0853,25953.890244889,0
IUS.US,D,20220302,000000,38.5387,38.9922,38.3417,38.8645,38573.801464483,0
IUS.US,D,20220303,000000,39.0417,39.1159,38.6625,38.8546,47479.954096286,0
IUS.US,D,20220304,000000,38.6763,38.8348,38.3615,38.815,24370.215111451,0
IUS.US,D,20220307,000000,38.8744,38.8744,37.9179,37.9467,19332.350592576,0
IUS.US,D,20220308,000000,37.8486,38.3417,37.6417,37.6714,29200.020269681,0
IUS.US,D,20220309,000000,38.0556,38.4298,38.0556,38.2724,29762.588540934,0
IUS.US,D,20220310,000000,37.9962,38.3021,37.9081,38.3021,34681.273426042,0
IUS.US,D,20220311,000000,38.4873,38.4873,37.9467,37.9467,17740.595483966,0
IUS.US,D,20220314,000000,38.1347,38.2031,37.6219,37.7001,72135.998329397,0
IUS.US,D,20220315,000000,37.8586,38.2922,37.7892,38.2338,31926.001892865,0
IUS.US,D,20220316,000000,38.5784,38.7803,38.0298,38.7655,24435.864909711,0
IUS.US,D,20220317,000000,38.8546,39.2883,38.7655,39.2328,50749.314049693,0
IUS.US,D,20220318,000000,39.3279,39.5842,39.1011,39.5348,23585.447523005,0
IUS.US,D,20220321,000000,39.7526,39.8813,39.4209,39.7427,82709.655837033,0
IUS.US,D,20220322,000000,39.911,40.0249,39.865,39.9704,48027.372414095,0
IUS.US,D,20220323,000000,39.9704,39.9704,39.6536,39.6536,61039.162429462,0
IUS.US,D,20220324,000000,39.8615,40.1189,39.8565,40.109,45187.261141626,0
IUS.US,D,20220325,000000,40.2377,40.4457,40.109,40.4457,44430.773466277,0
IUS.US,D,20220328,000000,40.3862,40.4753,40.1189,40.4753,33686.426483162,0
IUS.US,D,20220329,000000,40.7229,40.8714,40.5151,40.8417,43767.205505391,0
IUS.US,D,20220330,000000,40.9011,40.9011,40.6041,40.7364,32506.750108252,0
IUS.US,D,20220331,000000,40.6734,40.6935,40.1486,40.1586,34599.46367744,0
IUS.US,D,20220401,000000,40.317,40.317,39.9506,40.2971,52784.45779579,0
IUS.US,D,20220404,000000,40.3566,40.4357,40.1388,40.4061,49579.737643748,0
IUS.US,D,20220405,000000,40.4357,40.5744,39.9804,39.9804,62536.987826713,0
IUS.US,D,20220406,000000,39.8615,40.4752,39.6733,39.8813,161167.22474053,0
IUS.US,D,20220407,000000,39.9308,40.2873,39.7094,40.1288,286441.17977944,0
IUS.US,D,20220408,000000,40.1784,40.4853,40.1184,40.3268,97413.190653748,0
IUS.US,D,20220411,000000,40.2179,40.2675,39.7922,39.7922,48136.452078898,0
IUS.US,D,20220412,000000,39.9804,40.3071,39.6848,39.7625,120539.08958893,0
IUS.US,D,20220413,000000,39.7229,40.1882,39.7229,40.1414,38111.222885965,0
IUS.US,D,20220414,000000,40.0893,40.208,39.8715,39.8715,39327.259149142,0
IUS.US,D,20220418,000000,39.8516,40.0298,39.7526,39.9011,55924.538146467,0
IUS.US,D,20220419,000000,39.9011,40.4555,39.9011,40.3862,46270.987811384,0
IUS.US,D,20220420,000000,40.6041,40.7625,40.5097,40.614,41950.2210889,0
IUS.US,D,20220421,000000,40.8714,40.9011,40.0397,40.0397,46869.915970905,0
IUS.US,D,20220422,000000,39.911,39.911,38.9407,38.9506,61185.61197943,0
IUS.US,D,20220425,000000,38.7229,39.0694,38.1189,39.0496,29129.320486938,0
IUS.US,D,20220426,000000,38.8318,38.8318,38.1982,38.2278,263170.85128808,0
IUS.US,D,20220427,000000,38.2873,38.7427,38.1264,38.2773,60434.174288563,0
IUS.US,D,20220428,000000,38.7724,39.1982,38.312,39.1189,28277.893103335,0
IUS.US,D,20220429,000000,38.9704,38.9704,37.7724,37.8615,37014.366256555,0
IUS.US,D,20220502,000000,37.8813,38.0849,37.2524,38.0298,40583.695288172,0
IUS.US,D,20220503,000000,38.1091,38.4754,37.9902,38.2971,3044900.2631615,0
IUS.US,D,20220504,000000,38.4754,39.4358,38.1982,39.4358,115056.82643567,0
IUS.US,D,20220505,000000,39.0595,39.0595,37.9704,38.2971,23929.856464652,0
IUS.US,D,20220506,000000,38.2674,38.406,37.7823,38.2576,49691.84729924,0
IUS.US,D,20220509,000000,37.8021,37.8021,37.0892,37.1981,25461.011759483,0
IUS.US,D,20220510,000000,37.6833,37.7229,36.9951,37.2576,25543.831504981,0
IUS.US,D,20220511,000000,37.2774,37.6833,36.7723,36.8066,21529.093842085,0
IUS.US,D,20220512,000000,36.6437,36.8813,36.2082,36.7906,27803.194562062,0
IUS.US,D,20220513,000000,37.109,37.6724,37.109,37.5545,19492.940099092,0
IUS.US,D,20220516,000000,37.5051,37.8644,37.3948,37.6536,23037.0192083,0
IUS.US,D,20220517,000000,38.1387,38.2476,37.8813,38.2079,13172.379521884,0
IUS.US,D,20220518,000000,37.9309,37.9309,36.6239,36.7229,102191.48597026,0
IUS.US,D,20220519,000000,36.3763,36.7921,36.1981,36.4754,29205.070254163,0
IUS.US,D,20220520,000000,36.8417,36.8417,35.7229,36.4754,20443.347178534,0
IUS.US,D,20220523,000000,36.8417,37.2378,36.6932,37.1387,44064.144592911,0
IUS.US,D,20220524,000000,36.8813,37.1288,36.3863,37.0694,21964.402504402,0
IUS.US,D,20220525,000000,36.9705,37.5051,36.9705,37.416,135350.69407354,0
IUS.US,D,20220526,000000,37.6338,38.1585,37.6338,38.0398,33404.637349086,0
IUS.US,D,20220527,000000,38.2873,38.8219,38.2873,38.8219,18137.524264222,0
IUS.US,D,20220531,000000,38.6932,38.8081,38.3982,38.4742,56797.175464893,0
IUS.US,D,20220601,000000,38.7922,38.7922,38.0399,38.2576,28080.943708552,0
IUS.US,D,20220602,000000,38.2867,38.7823,38.02,38.7405,53879.294431408,0
IUS.US,D,20220603,000000,38.3764,38.4951,38.2674,38.3169,34339.894475084,0
IUS.US,D,20220606,000000,38.5347,38.7323,38.3889,38.4853,18595.052858258,0
IUS.US,D,20220607,000000,38.2873,38.9209,38.2674,38.8813,26742.69782092,0
IUS.US,D,20220608,000000,38.9111,38.9209,38.4456,38.4951,30428.176495614,0
IUS.US,D,20220609,000000,38.2659,38.3962,37.6436,37.6436,20314.067575805,0
IUS.US,D,20220610,000000,37.2278,37.2278,36.7723,36.7723,32316.870691743,0
IUS.US,D,20220613,000000,35.9903,35.9903,35.3565,35.4061,28724.311731512,0
IUS.US,D,20220614,000000,35.5645,35.7724,35.1388,35.3466,18046.624543553,0
IUS.US,D,20220615,000000,35.6437,35.7873,35.0299,35.5546,29043.470750751,0
IUS.US,D,20220616,000000,34.9704,34.9704,34.1784,34.3961,31483.623252275,0
IUS.US,D,20220617,000000,34.4753,34.5843,34.0051,34.2773,27698.154884844,0
IUS.US,D,20220621,000000,34.8537,35.1425,34.8338,35.029,21831.434576099,0
IUS.US,D,20220622,000000,34.7243,35.3117,34.7144,34.9334,30186.724573522,0
IUS.US,D,20220623,000000,34.9732,35.2022,34.7144,35.1732,37669.118801799,0
IUS.US,D,20220624,000000,35.5705,36.2276,35.5705,36.2077,59801.898292447,0
IUS.US,D,20220627,000000,36.3968,36.4466,36.1479,36.2276,21282.986831618,0
IUS.US,D,20220628,000000,36.6158,36.6158,35.5755,35.5904,26571.590081971,0
IUS.US,D,20220629,000000,35.6153,35.6174,35.3515,35.461,30832.607173707,0
IUS.US,D,20220630,000000,35.1624,35.5208,34.8438,35.2221,38837.332587204,0
IUS.US,D,20220701,000000,35.0628,35.5506,34.8537,35.5108,78270.323622169,0
IUS.US,D,20220705,000000,34.9234,35.5108,34.7592,35.4909,22898.195573606,0
IUS.US,D,20220706,000000,35.5705,35.7398,35.2322,35.5805,34367.383021379,0
IUS.US,D,20220707,000000,35.9887,36.1977,35.8792,36.1081,14325.937237707,0
IUS.US,D,20220708,000000,36.0185,36.2276,35.8891,36.0783,30814.526478835,0
IUS.US,D,20220711,000000,35.8692,35.9181,35.6402,35.69,22092.600168709,0
IUS.US,D,20220712,000000,35.7199,35.8493,35.3814,35.5008,20269.463435682,0
IUS.US,D,20220713,000000,34.9958,35.5397,34.9958,35.3316,13958.296441956,0
IUS.US,D,20220714,000000,34.8438,35.159,34.585,35.1126,26869.921547375,0
IUS.US,D,20220715,000000,35.6004,35.7443,35.4709,35.7443,16764.822079465,0
IUS.US,D,20220718,000000,36.0882,36.112,35.4809,35.5108,33267.474083272,0
IUS.US,D,20220719,000000,35.8991,36.5076,35.8991,36.5063,21650.627627369,0
IUS.US,D,20220720,000000,36.4715,36.7254,36.3869,36.6557,19248.908658406,0
IUS.US,D,20220721,000000,36.4367,36.8448,36.3371,36.8249,23427.558140165,0
IUS.US,D,20220722,000000,36.8249,36.9344,36.3172,36.4626,16556.894088425,0
IUS.US,D,20220725,000000,36.6158,36.6557,36.4737,36.586,18412.174279005,0
IUS.US,D,20220726,000000,36.4566,36.4566,36.1479,36.2375,16946.633511244,0
IUS.US,D,20220727,000000,36.5063,37.0638,36.4665,37.034,17669.861306164,0
IUS.US,D,20220728,000000,36.9643,37.3725,36.7552,37.3326,36698.788176947,0
IUS.US,D,20220729,000000,37.5417,37.8803,37.4322,37.8503,32633.645279668,0
IUS.US,D,20220801,000000,37.6512,37.8802,37.6114,37.7707,15346.492014983,0
IUS.US,D,20220802,000000,37.6811,37.8603,37.4023,37.454,120221.55365972,0
IUS.US,D,20220803,000000,37.7906,38.0892,37.691,37.9698,25243.663491854,0
IUS.US,D,20220804,000000,38.0395,38.0395,37.8105,37.8702,57089.794061498,0
IUS.US,D,20220805,000000,37.5317,37.8802,37.5218,37.8802,20647.149061918,0
IUS.US,D,20220808,000000,38.1291,38.2884,37.91,37.9499,54199.896330963,0
IUS.US,D,20220809,000000,37.9897,37.9897,37.7108,37.7906,33307.653405212,0
IUS.US,D,20220810,000000,38.3979,38.5173,38.368,38.5173,18981.716167504,0
IUS.US,D,20220811,000000,38.816,38.9554,38.6088,38.6144,21015.794340717,0
IUS.US,D,20220812,000000,38.8956,39.2739,38.806,39.2739,38300.938639305,0
IUS.US,D,20220815,000000,38.9753,39.4034,38.9753,39.3735,21596.38554275,0
IUS.US,D,20220816,000000,39.4034,39.7518,39.3125,39.5538,20656.189409354,0
IUS.US,D,20220817,000000,39.2839,39.473,39.0946,39.2441,21252.852340163,0
IUS.US,D,20220818,000000,39.3536,39.4133,39.1942,39.3735,39654.981788683,0
IUS.US,D,20220819,000000,39.2341,39.2341,38.8309,38.9056,22164.922948201,0
IUS.US,D,20220822,000000,38.5173,38.5173,38.0395,38.1191,44289.666574462,0
IUS.US,D,20220823,000000,38.0892,38.363,38.0494,38.0494,22289.478846215,0
IUS.US,D,20220824,000000,38.0693,38.2784,38.0532,38.1988,12733.831605835,0
IUS.US,D,20220825,000000,38.3979,38.7563,38.2884,38.7563,19948.028860161,0
IUS.US,D,20220826,000000,38.6866,38.7363,37.4919,37.4919,23278.894648988,0
IUS.US,D,20220829,000000,37.3028,37.6014,37.2928,37.3127,21740.026618686,0
IUS.US,D,20220830,000000,37.5616,37.5616,36.7552,36.8946,26945.257776013,0
IUS.US,D,20220831,000000,37.0738,37.0738,36.6059,36.6059,17921.986551337,0
IUS.US,D,20220901,000000,36.4267,36.7154,36.2076,36.7054,29640.285795138,0
IUS.US,D,20220902,000000,37.1534,37.1534,36.3072,36.3242,20517.570748661,0
IUS.US,D,20220906,000000,36.4068,36.4516,36.0333,36.138,33169.034744519,0
IUS.US,D,20220907,000000,35.9986,36.805,35.9986,36.7353,50954.41160126,0
IUS.US,D,20220908,000000,36.6358,36.9245,36.4367,36.8946,14742.797702835,0
IUS.US,D,20220909,000000,37.2032,37.5616,37.2032,37.5118,247114.88372758,0
IUS.US,D,20220912,000000,37.8005,37.9748,37.7607,37.8901,69987.356404238,0
IUS.US,D,20220913,000000,37.1136,37.1236,36.2176,36.2873,21210.664052126,0
IUS.US,D,20220914,000000,36.3271,36.3968,36.076,36.2973,15433.882040203,0
IUS.US,D,20220915,000000,36.2276,36.4394,35.909,35.9887,11556.577472992,0
IUS.US,D,20220916,000000,35.8592,35.9688,35.4112,35.69,53359.144019369,0
IUS.US,D,20220919,000000,35.5,35.96,35.44,35.955,31780,0
IUS.US,D,20220920,000000,35.79,35.79,35.2847,35.53,77203,0
IUS.US,D,20220921,000000,35.78,35.85,34.91,34.9546,252497,0
IUS.US,D,20220922,000000,34.97,34.97,34.635,34.6958,123294,0
IUS.US,D,20220923,000000,34.33,34.33,33.64,34,46040,0
IUS.US,D,20220926,000000,33.87,34.1573,33.565,33.63,41766,0
IUS.US,D,20220927,000000,33.91,34.1,33.42,33.6,61833,0
IUS.US,D,20220928,000000,33.7,34.48,33.61,34.305,27876,0
IUS.US,D,20220929,000000,34.03,34.03,33.42,33.63,16825,0
IUS.US,D,20220930,000000,33.62,33.89,33.18,33.2,31201,0
IUS.US,D,20221003,000000,33.5,34.291,33.5,34.15,15598,0
IUS.US,D,20221004,000000,34.73,35.22,34.73,35.205,25817,0
IUS.US,D,20221005,000000,34.96,35.35,34.66,35.2,20566,0
IUS.US,D,20221006,000000,34.99,35.26,34.84,34.8736,106863,0
IUS.US,D,20221007,000000,34.55,34.55,33.93,33.98,31123,0
IUS.US,D,20221010,000000,34.1,34.1,33.635,33.81,23164,0
IUS.US,D,20221011,000000,33.68,34.132,33.5,33.69,21460,0
IUS.US,D,20221012,000000,33.74,33.86,33.59,33.6086,22254,0
IUS.US,D,20221013,000000,33,34.51,32.87,34.46,25595,0
IUS.US,D,20221014,000000,34.73,34.73,33.6699,33.72,39714,0
IUS.US,D,20221017,000000,34.35,34.51,34.27,34.3967,30780,0
IUS.US,D,20221018,000000,34.99,35.15,34.52,34.82,30949,0
IUS.US,D,20221019,000000,34.58,34.89,34.43,34.621,38460,0
IUS.US,D,20221020,000000,34.69,34.9804,34.33,34.43,17026,0
IUS.US,D,20221021,000000,34.33,35.24,34.33,35.2057,23745,0
IUS.US,D,20221024,000000,35.25,35.79,35.25,35.6604,54976,0
IUS.US,D,20221025,000000,35.75,36.23,35.68,36.21,155109,0
IUS.US,D,20221026,000000,36.01,36.5,35.99,36.0681,212510,0
IUS.US,D,20221027,000000,36.19,36.3,35.85,35.8585,61616,0
IUS.US,D,20221028,000000,35.99,36.76,35.9,36.7131,32733,0
IUS.US,D,20221031,000000,36.62,36.65,36.45,36.4834,26898,0
IUS.US,D,20221101,000000,36.89,36.89,36.28,36.42,50243,0
IUS.US,D,20221102,000000,36.45,36.68,35.58,35.6042,194158,0
IUS.US,D,20221103,000000,35.21,35.535,35.0613,35.2928,31193,0
IUS.US,D,20221104,000000,35.86,35.9498,35.3,35.8,19321,0
IUS.US,D,20221107,000000,35.96,36.23,35.8057,36.22,28400,0
IUS.US,D,20221108,000000,36.38,36.65,36.08,36.3991,28624,0
IUS.US,D,20221109,000000,36.17,36.25,35.63,35.65,54403,0
IUS.US,D,20221110,000000,36.83,37.37,36.75,37.36,74561,0
IUS.US,D,20221111,000000,37.51,37.76,37.3218,37.7,21251,0
IUS.US,D,20221114,000000,37.69,37.93,37.4424,37.4439,35560,0
IUS.US,D,20221115,000000,38.08,38.08,37.545,37.77,39307,0
IUS.US,D,20221116,000000,37.68,37.68,37.3995,37.45,124257,0
IUS.US,D,20221117,000000,37.07,37.44,36.89,37.44,20338,0
IUS.US,D,20221118,000000,37.76,37.76,37.38,37.64,22171,0
IUS.US,D,20221121,000000,37.55,37.59,37.3,37.53,55199,0
IUS.US,D,20221122,000000,37.62,38.1,37.62,38.08,50833,0
IUS.US,D,20221123,000000,38.12,38.51,38.03,38.51,16538,0
IUS.US,D,20221125,000000,38.28,38.32,38.2,38.2262,9029,0
IUS.US,D,20221128,000000,37.95,38.06,37.595,37.68,21152,0
IUS.US,D,20221129,000000,37.71,37.82,37.56,37.66,30062,0
IUS.US,D,20221130,000000,37.73,38.67,37.5,38.67,17708,0
IUS.US,D,20221201,000000,38.86,38.86,38.41,38.56,141697,0
IUS.US,D,20221202,000000,38.25,38.64,38.2,38.58,34056,0
IUS.US,D,20221205,000000,38.47,38.47,37.81,37.95,19582,0
IUS.US,D,20221206,000000,37.96,37.96,37.22,37.45,75935,0
IUS.US,D,20221207,000000,37.31,37.57,37.3,37.4,12055,0
IUS.US,D,20221208,000000,37.51,37.74,37.485,37.57,15563,0
IUS.US,D,20221209,000000,37.54,37.6299,37.26,37.28,12226,0
IUS.US,D,20221212,000000,37.28,37.82,37.28,37.82,19819,0
IUS.US,D,20221213,000000,38.75,38.75,37.86,38.03,39625,0
IUS.US,D,20221214,000000,37.9,38.31,37.5701,37.82,47154,0
IUS.US,D,20221215,000000,37.44,37.44,36.81,36.92,44718,0
IUS.US,D,20221216,000000,36.82,36.82,36.3489,36.59,149656,0
IUS.US,D,20221219,000000,36.55,36.57,35.98,36.08,53074,0
IUS.US,D,20221220,000000,36.2703,36.33,36.1,36.21,25214,0
IUS.US,D,20221221,000000,36.39,36.7734,36.39,36.68,14773,0
IUS.US,D,20221222,000000,36.58,36.58,35.79,36.32,63970,0
IUS.US,D,20221223,000000,36.32,36.57,36.1389,36.57,37338,0
IUS.US,D,20221227,000000,36.64,36.66,36.4,36.52,30068,0
IUS.US,D,20221228,000000,36.57,36.64,36.0212,36.03,22228,0
IUS.US,D,20221229,000000,36.31,36.66,36.31,36.58,32736,0
IUS.US,D,20221230,000000,36.38,36.52,36.155,36.52,72749,0
IUS.US,D,20230103,000000,36.75,36.75,36.14,36.39,41882,0
IUS.US,D,20230104,000000,36.61,36.8499,36.43,36.645,51596,0
IUS.US,D,20230105,000000,36.56,36.58,36.295,36.46,23605,0
IUS.US,D,20230106,000000,36.82,37.33,36.64,37.28,24877,0
IUS.US,D,20230109,000000,37.51,37.6499,37.115,37.14,26535,0
IUS.US,D,20230110,000000,37.05,37.43,37.05,37.43,13347,0
IUS.US,D,20230111,000000,37.65,37.79,37.43,37.79,19062,0
IUS.US,D,20230112,000000,37.95,38.02,37.685,37.92,17959,0
IUS.US,D,20230113,000000,37.7,38.04,37.7,38,25606,0
IUS.US,D,20230117,000000,38.06,38.06,37.815,37.84,147782,0
IUS.US,D,20230118,000000,37.94,38.0203,37.26,37.26,19415,0
IUS.US,D,20230119,000000,37.03,37.2001,36.99,37.03,11689,0
IUS.US,D,20230120,000000,37.09,37.64,37.09,37.61,97734,0
IUS.US,D,20230123,000000,37.76,38.19,37.76,38,29570,0
IUS.US,D,20230124,000000,37.89,38.04,37.8,37.95,9732,0
IUS.US,D,20230125,000000,37.66,38.05,37.58,38.05,15167,0
IUS.US,D,20230126,000000,38.33,38.42,38.07,38.41,23672,0
IUS.US,D,20230127,000000,38.42,38.57,38.301,38.37,23677,0
IUS.US,D,20230130,000000,38.25,38.255,37.97,38,42994,0
IUS.US,D,20230131,000000,38.14,38.59,38.03,38.59,141454,0
IUS.US,D,20230201,000000,38.41,39.091,38.235,38.86,37571,0
IUS.US,D,20230202,000000,39.15,39.43,39.02,39.35,55564,0
IUS.US,D,20230203,000000,39,39.34,38.855,38.96,42364,0
IUS.US,D,20230206,000000,38.69,38.7498,38.58,38.6507,48788,0
IUS.US,D,20230207,000000,38.63,39.15,38.45,39.09,16291,0
IUS.US,D,20230208,000000,38.9,38.95,38.595,38.61,417109,0
IUS.US,D,20230209,000000,38.88,38.91,38.22,38.29,106525,0
IUS.US,D,20230210,000000,38.24,38.54,38.24,38.54,16786,0
IUS.US,D,20230213,000000,38.51,38.96,38.51,38.94,18797,0
IUS.US,D,20230214,000000,38.67,39.0775,38.5887,38.87,24405,0
IUS.US,D,20230215,000000,38.73,38.99,38.61,38.985,20372,0
IUS.US,D,20230216,000000,38.73,38.99,38.53,38.6,19129,0
IUS.US,D,20230217,000000,38.3,38.51,38.25,38.495,24813,0
IUS.US,D,20230221,000000,38.29,38.29,37.73,37.76,24846,0
IUS.US,D,20230222,000000,37.77,37.9175,37.6,37.6714,23251,0
IUS.US,D,20230223,000000,37.99,37.99,37.3883,37.79,20620,0
IUS.US,D,20230224,000000,37.42,37.51,37.18,37.47,19761,0
IUS.US,D,20230227,000000,37.8,37.82,37.47,37.53,22806,0
IUS.US,D,20230228,000000,37.51,37.62,37.36,37.36,16167,0
IUS.US,D,20230301,000000,37.4,37.405,37.2,37.32,141175,0
IUS.US,D,20230302,000000,37.28,37.68,37.1,37.6,66118,0
IUS.US,D,20230303,000000,37.66,38.115,37.66,38.09,20317,0
IUS.US,D,20230306,000000,38.14,38.34,38.09,38.09,46032,0
IUS.US,D,20230307,000000,38.13,38.13,37.51,37.58,14717,0
IUS.US,D,20230308,000000,37.6,37.6486,37.38,37.57,20388,0
IUS.US,D,20230309,000000,37.7,37.79,36.92,36.99,43945,0
IUS.US,D,20230310,000000,36.95,37.035,36.39,36.49,1733184,0
IUS.US,D,20230313,000000,36.21,36.73,36.09,36.39,49004,0
IUS.US,D,20230314,000000,36.88,37.02,36.4201,36.85,30829,0
IUS.US,D,20230315,000000,36.2,36.49,36.06,36.49,18020,0
IUS.US,D,20230316,000000,36.22,37.07,36.22,37.04,18892,0
IUS.US,D,20230317,000000,36.91,36.96,36.51,36.62,30686,0
IUS.US,D,20230320,000000,36.6,36.8625,36.54,36.85,26728,0
IUS.US,D,20230321,000000,37.25,37.37,37.08,37.32,14857,0
IUS.US,D,20230322,000000,37.37,37.44,36.72,36.72,28220,0
IUS.US,D,20230323,000000,36.94,37.24,36.51,36.7542,64174,0
IUS.US,D,20230324,000000,36.61,36.97,36.37,36.97,89715,0
IUS.US,D,20230327,000000,37.05,37.24,37,37.12,12828,0
IUS.US,D,20230328,000000,37.06,37.1999,36.99,37.11,15260,0
IUS.US,D,20230329,000000,37.51,37.59,37.36,37.59,11254,0
IUS.US,D,20230330,000000,37.76,37.83,37.65,37.76,12433,0
IUS.US,D,20230331,000000,37.95,38.3,37.92,38.3,7515,0
IUS.US,D,20230403,000000,38.32,38.6,38.32,38.6,20653,0
IUS.US,D,20230404,000000,38.66,38.66,38.1401,38.28,78851,0
IUS.US,D,20230405,000000,38.26,38.34,38.17,38.33,17649,0
IUS.US,D,20230406,000000,38.24,38.406,38.2,38.35,14396,0
IUS.US,D,20230410,000000,38.15,38.49,38.15,38.49,35342,0
IUS.US,D,20230411,000000,38.57,38.69,38.51,38.56,20763,0
IUS.US,D,20230412,000000,38.78,38.8,38.3499,38.4,14919,0
IUS.US,D,20230413,000000,38.5,38.85,38.4011,38.788,65639,0
IUS.US,D,20230414,000000,38.75,38.88,38.47,38.7,13609,0
IUS.US,D,20230417,000000,38.61,38.78,38.54,38.78,25600,0
IUS.US,D,20230418,000000,38.94,38.94,38.7,38.83,22076,0
IUS.US,D,20230419,000000,38.66,38.715,38.59,38.6685,8575,0
IUS.US,D,20230420,000000,38.48,38.61,38.33,38.49,36120,0
IUS.US,D,20230421,000000,38.53,38.53,38.4,38.48,14304,0
IUS.US,D,20230424,000000,38.52,38.59,38.42,38.58,13545,0
IUS.US,D,20230425,000000,38.43,38.44,38.01,38.03,14412,0
IUS.US,D,20230426,000000,38.09,38.09,37.7,37.7784,25910,0
IUS.US,D,20230427,000000,38.03,38.5385,38.03,38.491,22812,0
IUS.US,D,20230428,000000,38.5543,38.84,38.5543,38.82,23317,0
IUS.US,D,20230501,000000,38.82,38.97,38.785,38.82,64505,0
IUS.US,D,20230502,000000,38.77,38.77,38.05,38.35,81804,0
IUS.US,D,20230503,000000,38.42,38.52,38.0649,38.0649,22497,0
IUS.US,D,20230504,000000,37.93,37.93,37.58,37.69,17444,0
IUS.US,D,20230505,000000,38.13,38.5,38.13,38.41,31110,0
IUS.US,D,20230508,000000,38.53,38.53,38.31,38.43,31741,0
IUS.US,D,20230509,000000,38.3,38.36,38.2668,38.29,106274,0
IUS.US,D,20230510,000000,38.56,38.5799,38.01,38.36,25522,0
IUS.US,D,20230511,000000,38.33,38.33,38.17,38.3,9938,0
IUS.US,D,20230512,000000,38.42,38.42,38.065,38.2513,31465,0
IUS.US,D,20230515,000000,38.4,38.42,38.22,38.41,16361,0
IUS.US,D,20230516,000000,38.27,38.27,38.05,38.05,35809,0
IUS.US,D,20230517,000000,38.26,38.55,38.08,38.51,37648,0
IUS.US,D,20230518,000000,38.53,38.82,38.43,38.81,16424,0
IUS.US,D,20230519,000000,38.97,38.97,38.64,38.72,19313,0
IUS.US,D,20230522,000000,38.76,38.86,38.58,38.7,76745,0
IUS.US,D,20230523,000000,38.6,38.679,38.33,38.33,56958,0
IUS.US,D,20230524,000000,38.25,38.25,37.98,38.06,33207,0
IUS.US,D,20230525,000000,38.19,38.19,37.8301,38.03,58687,0
IUS.US,D,20230526,000000,38.21,38.51,38.1217,38.48,24330,0
IUS.US,D,20230530,000000,38.55,38.5961,38.29,38.38,179785,0
IUS.US,D,20230531,000000,38.29,38.3,38.095,38.2,37349,0
IUS.US,D,20230601,000000,38.16,38.5999,38.12,38.48,26210,0
IUS.US,D,20230602,000000,38.76,39.189,38.76,39.14,45242,0
IUS.US,D,20230605,000000,39.26,39.27,39.02,39.05,30500,0
IUS.US,D,20230606,000000,39.06,39.21,38.92,39.2,19969,0
IUS.US,D,20230607,000000,39.26,39.3216,39.19,39.2,524378,0
IUS.US,D,20230608,000000,39.16,39.41,39.16,39.38,19835,0
IUS.US,D,20230609,000000,39.44,39.58,39.33,39.41,21182,0
IUS.US,D,20230612,000000,39.49,39.71,39.43,39.71,51486,0
IUS.US,D,20230613,000000,39.92,40.03,39.88,40,50775,0
IUS.US,D,20230614,000000,40.06,40.1,39.725,39.93,53007,0
IUS.US,D,20230615,000000,40.12,40.5092,40.12,40.43,29251,0
IUS.US,D,20230616,000000,40.71,40.73,40.3,40.31,60648,0
IUS.US,D,20230620,000000,40.06,40.06,39.7465,39.85,86183,0
IUS.US,D,20230621,000000,39.82,39.89,39.6797,39.73,35592,0
IUS.US,D,20230622,000000,39.67,39.8,39.54,39.8,13927,0
IUS.US,D,20230623,000000,39.54,39.669,39.46,39.53,33464,0
IUS.US,D,20230626,000000,39.64,39.69,39.43,39.53,42032,0
IUS.US,D,20230627,000000,39.59,40.01,39.5471,39.97,28902,0
IUS.US,D,20230628,000000,39.8,40.009,39.7641,39.9403,22476,0
IUS.US,D,20230629,000000,40.02,40.19,40,40.19,11102,0
IUS.US,D,20230630,000000,40.37,40.65,40.37,40.53,12097,0
IUS.US,D,20230703,000000,40.48,40.68,40.48,40.6535,29099,0
IUS.US,D,20230705,000000,40.54,40.63,40.4355,40.54,34516,0
IUS.US,D,20230706,000000,40.27,40.27,39.9,40.15,14144,0
IUS.US,D,20230707,000000,40.09,40.53,40.09,40.14,30800,0
IUS.US,D,20230710,000000,40.1,40.32,40.1,40.2825,60388,0
IUS.US,D,20230711,000000,40.46,40.749,40.46,40.74,70612,0
IUS.US,D,20230712,000000,41.1,41.1,40.86,40.91,32800,0
IUS.US,D,20230713,000000,41.05,41.2,41.03,41.1,30968,0
IUS.US,D,20230714,000000,41.2,41.2,40.89,40.92,18430,0
IUS.US,D,20230717,000000,40.89,41,40.8357,40.9041,39898,0
IUS.US,D,20230718,000000,40.95,41.24,40.95,41.21,157457,0
IUS.US,D,20230719,000000,41.4,41.5,41.3533,41.42,12878,0
IUS.US,D,20230720,000000,41.43,41.4735,41.2775,41.36,24095,0
IUS.US,D,20230721,000000,41.54,41.54,41.38,41.4011,28427,0
IUS.US,D,20230724,000000,41.54,41.66,41.516,41.58,12782,0
IUS.US,D,20230725,000000,41.48,41.7772,41.48,41.67,25580,0
IUS.US,D,20230726,000000,41.68,41.92,41.6609,41.78,28818,0
IUS.US,D,20230727,000000,42.15,42.15,41.53,41.61,25347,0
IUS.US,D,20230728,000000,41.84,42.01,41.8,41.89,23717,0
IUS.US,D,20230731,000000,42.07,42.0888,41.9499,42.08,21297,0
IUS.US,D,20230801,000000,42,42.0417,41.8715,42.01,27739,0
IUS.US,D,20230802,000000,41.84,41.84,41.42,41.52,134570,0
IUS.US,D,20230803,000000,41.27,41.57,41.27,41.36,31445,0
IUS.US,D,20230804,000000,41.57,41.74,41.21,41.23,32694,0
IUS.US,D,20230807,000000,41.43,41.58,41.38,41.57,24538,0
IUS.US,D,20230808,000000,41.94,41.94,41.0801,41.46,366189,0
IUS.US,D,20230809,000000,41.46,41.57,41.3,41.3,11355,0
IUS.US,D,20230810,000000,41.58,41.809,41.235,41.32,56437,0
IUS.US,D,20230811,000000,41.28,41.4456,41.26,41.4,32288,0
IUS.US,D,20230814,000000,41.3,41.54,41.275,41.54,19699,0
IUS.US,D,20230815,000000,41.38,41.38,40.96,40.99,22594,0
IUS.US,D,20230816,000000,41.04,41.13,40.71,40.71,201098,0
IUS.US,D,20230817,000000,40.86,40.86,40.4376,40.44,26046,0
IUS.US,D,20230818,000000,40.15,40.58,40.15,40.52,6281,0
IUS.US,D,20230821,000000,40.63,40.675,40.3101,40.59,20227,0
IUS.US,D,20230822,000000,40.78,40.78,40.455,40.48,28173,0
IUS.US,D,20230823,000000,40.59,40.81,40.5,40.78,19779,0
IUS.US,D,20230824,000000,40.9,40.9,40.26,40.26,106146,0
IUS.US,D,20230825,000000,40.35,40.65,40.16,40.53,36679,0
IUS.US,D,20230828,000000,40.8,40.88,40.645,40.81,32878,0
IUS.US,D,20230829,000000,40.9495,41.31,40.89,41.27,38932,0
IUS.US,D,20230830,000000,41.38,41.4744,41.26,41.44,16653,0
IUS.US,D,20230831,000000,41.57,41.57,41.36,41.36,109960,0
IUS.US,D,20230901,000000,41.63,41.675,41.412,41.57,48173,0
IUS.US,D,20230905,000000,41.56,41.56,41.25,41.27,195542,0
IUS.US,D,20230906,000000,41.13,41.2,40.94,41.09,25917,0
IUS.US,D,20230907,000000,40.95,41.05,40.8201,41,93050,0
IUS.US,D,20230908,000000,41.07,41.23,41.04,41.1,74445,0
IUS.US,D,20230911,000000,41.21,41.39,41.155,41.22,47816,0
IUS.US,D,20230912,000000,41.12,41.38,41.12,41.18,47762,0
IUS.US,D,20230913,000000,41.23,41.26,41.04,41.125,12622,0
IUS.US,D,20230914,000000,41.43,41.58,41.3,41.56,25302,0
IUS.US,D,20230915,000000,41.37,41.38,41.066,41.12,20019,0
IUS.US,D,20230918,000000,40.89,41.04,40.84,40.96,35671,0
IUS.US,D,20230919,000000,40.8701,40.92,40.6474,40.88,18053,0
IUS.US,D,20230920,000000,40.92,41.07,40.61,40.63,116616,0
IUS.US,D,20230921,000000,40.51,40.51,40.09,40.1,106925,0
IUS.US,D,20230922,000000,40.24,40.29,39.98,40.01,69332,0
IUS.US,D,20230925,000000,39.99,40.2,39.9,40.2,35829,0
IUS.US,D,20230926,000000,39.9118,39.9118,39.58,39.65,49237,0
IUS.US,D,20230927,000000,39.76,39.87,39.496,39.77,29944,0
IUS.US,D,20230928,000000,39.84,40.13,39.7266,39.99,18303,0
IUS.US,D,20230929,000000,40.1899,40.1899,39.7,39.83,59793,0
IUS.US,D,20231002,000000,39.78,39.78,39.47,39.68,23846,0
IUS.US,D,20231003,000000,39.5294,39.585,39.11,39.22,38943,0
IUS.US,D,20231004,000000,39.24,39.29,38.95,39.26,41565,0
IUS.US,D,20231005,000000,39.27,39.27,38.99,39.175,45749,0
IUS.US,D,20231006,000000,38.96,39.68,38.93,39.54,28017,0
IUS.US,D,20231009,000000,39.54,39.96,39.495,39.91,17059,0
IUS.US,D,20231010,000000,40.01,40.3794,40.005,40.17,21545,0
IUS.US,D,20231011,000000,40.24,40.25,39.9649,40.24,22573,0
IUS.US,D,20231012,000000,40.31,40.31,39.7199,39.92,30709,0
IUS.US,D,20231013,000000,40.11,40.2,39.71,39.85,44859,0
IUS.US,D,20231016,000000,40.07,40.32,40.05,40.26,23852,0
IUS.US,D,20231017,000000,40.01,40.5,40.01,40.41,21155,0
IUS.US,D,20231018,000000,40.38,40.3805,39.91,39.99,68880,0
IUS.US,D,20231019,000000,39.98,40.19,39.61,39.67,56736,0
IUS.US,D,20231020,000000,39.69,39.69,39.2399,39.24,29848,0
IUS.US,D,20231023,000000,39.21,39.35,38.92,39.03,82890,0
IUS.US,D,20231024,000000,39.27,39.42,39.1,39.28,43831,0
IUS.US,D,20231025,000000,40.93,40.93,38.7199,38.96,69224,0
IUS.US,D,20231026,000000,38.68,38.71,38.305,38.4,71615,0
IUS.US,D,20231027,000000,38.53,38.53,38,38.09,46402,0
IUS.US,D,20231030,000000,38.24,38.58,38.217,38.53,43395,0
IUS.US,D,20231031,000000,38.59,38.81,38.4321,38.81,35315,0
IUS.US,D,20231101,000000,38.82,39.14,38.82,39.11,39765,0
IUS.US,D,20231102,000000,39.31,39.78,39.31,39.78,55985,0
IUS.US,D,20231103,000000,39.96,40.25,39.96,40.12,58861,0
IUS.US,D,20231106,000000,40.21,40.21,39.9347,40.06,22629,0
IUS.US,D,20231107,000000,40.04,40.16,39.8983,40.06,82260,0
IUS.US,D,20231108,000000,40,40.0325,39.73,39.86,40771,0
IUS.US,D,20231109,000000,40.06,40.06,39.5128,39.56,101247,0
IUS.US,D,20231110,000000,39.78,40.12,39.6158,40.11,43515,0
IUS.US,D,20231113,000000,40.07,40.1544,39.9443,40.06,40069,0
IUS.US,D,20231114,000000,40.5,40.9,40.5,40.82,56096,0
IUS.US,D,20231115,000000,40.94,41.1,40.9133,40.97,38524,0
IUS.US,D,20231116,000000,40.91,40.91,40.655,40.84,45105,0
IUS.US,D,20231117,000000,40.93,41.03,40.87,41,27407,0
IUS.US,D,20231120,000000,41.07,41.32,41,41.24,49717,0
IUS.US,D,20231121,000000,41.22,41.22,41.0467,41.16,29962,0
IUS.US,D,20231122,000000,41.15,41.38,41.15,41.36,135633,0
IUS.US,D,20231124,000000,41.37,41.45,41.37,41.43,16167,0
IUS.US,D,20231127,000000,41.39,41.39,41.2663,41.32,22112,0
IUS.US,D,20231128,000000,41.32,41.4599,41.225,41.33,62156,0
IUS.US,D,20231129,000000,41.55,41.5825,41.2256,41.25,44397,0
IUS.US,D,20231130,000000,41.39,41.53,41.2437,41.51,72419,0
IUS.US,D,20231201,000000,41.38,41.8699,41.38,41.84,38996,0
IUS.US,D,20231204,000000,41.59,41.76,41.56,41.69,158582,0
IUS.US,D,20231205,000000,41.54,41.64,41.44,41.49,78858,0
IUS.US,D,20231206,000000,41.54,41.63,41.31,41.35,58593,0
IUS.US,D,20231207,000000,41.54,41.67,41.5173,41.64,58824,0
IUS.US,D,20231208,000000,41.52,41.8199,41.52,41.77,39543,0
IUS.US,D,20231211,000000,41.84,42.04,41.84,42.03,52192,0
IUS.US,D,20231212,000000,42.03,42.0676,41.8226,42.04,46609,0
IUS.US,D,20231213,000000,42.07,42.61,41.95,42.58,49625,0
IUS.US,D,20231214,000000,42.81,43.0558,42.81,42.97,42260,0
IUS.US,D,20231215,000000,42.98,42.98,42.73,42.83,32968,0
IUS.US,D,20231218,000000,42.88,42.97,42.8299,42.84,65235,0
IUS.US,D,20231219,000000,43.02,43.23,43.02,43.23,44528,0
IUS.US,D,20231220,000000,43.2,43.32,42.62,42.63,91942,0
IUS.US,D,20231221,000000,42.96,43.11,42.74,43.09,89551,0
IUS.US,D,20231222,000000,43.22,43.3236,43.09,43.2,41611,0
IUS.US,D,20231226,000000,43.35,43.63,43.245,43.63,85723,0
IUS.US,D,20231227,000000,43.46,43.464,43.3181,43.4,48518,0
IUS.US,D,20231228,000000,43.46,43.5145,43.37,43.37,42618,0
IUS.US,D,20231229,000000,43.43,43.43,43.16,43.3,36540,0
IUS.US,D,20240102,000000,43.1,43.3922,43.1,43.28,47696,0
IUS.US,D,20240103,000000,43.14,43.2199,42.95,43.01,62236,0
IUS.US,D,20240104,000000,42.92,43.109,42.76,42.76,37406,0
IUS.US,D,20240105,000000,42.85,43.09,42.78,42.91,122770,0
IUS.US,D,20240108,000000,42.92,43.35,42.8363,43.3,48004,0
IUS.US,D,20240109,000000,43.19,43.21,43.03,43.19,69185,0
IUS.US,D,20240110,000000,43.25,43.31,43.13,43.28,44006,0
IUS.US,D,20240111,000000,43.26,43.37,42.955,43.19,65183,0
IUS.US,D,20240112,000000,43.3,43.4288,43.175,43.27,23973,0
IUS.US,D,20240116,000000,43.16,43.16,42.8724,43.01,45372,0
IUS.US,D,20240117,000000,42.66,42.82,42.5801,42.73,33469,0
IUS.US,D,20240118,000000,42.85,43.04,42.6617,43,30615,0
IUS.US,D,20240119,000000,43.13,43.46,43.009,43.44,353507,0
IUS.US,D,20240122,000000,43.61,43.6664,43.51,43.57,71644,0
IUS.US,D,20240123,000000,43.64,43.73,43.535,43.7,42562,0
IUS.US,D,20240124,000000,43.93,43.96,43.64,43.66,50196,0
IUS.US,D,20240125,000000,43.85,44.04,43.8,44.04,37845,0
IUS.US,D,20240126,000000,43.98,44.15,43.95,44.07,35848,0
IUS.US,D,20240129,000000,44.1,44.3,43.956,44.3,46481,0
IUS.US,D,20240130,000000,44.31,44.4197,44.16,44.37,170843,0
IUS.US,D,20240131,000000,44.21,44.21,43.75,43.76,52827,0
IUS.US,D,20240201,000000,43.85,44.24,43.85,44.21,164797,0
IUS.US,D,20240202,000000,44.34,44.7215,44.225,44.56,167680,0
IUS.US,D,20240205,000000,44.46,44.46,44.1203,44.3,91576,0
IUS.US,D,20240206,000000,44.41,44.47,44.31,44.45,96149,0
IUS.US,D,20240207,000000,44.61,44.7241,44.55,44.69,54710,0
IUS.US,D,20240208,000000,44.74,44.75,44.57,44.73,39180,0
IUS.US,D,20240209,000000,44.82,44.87,44.69,44.87,96439,0
IUS.US,D,20240212,000000,44.94,45.21,44.89,45.04,78474,0
IUS.US,D,20240213,000000,44.54,44.54,44.12,44.39,53309,0
IUS.US,D,20240214,000000,44.65,44.72,44.39,44.7,49300,0
IUS.US,D,20240215,000000,44.8,45.11,44.8,45.05,28021,0
IUS.US,D,20240216,000000,44.99,45.13,44.8399,44.86,31679,0
IUS.US,D,20240220,000000,44.74,44.77,44.6,44.7,807185,0
IUS.US,D,20240221,000000,44.68,44.86,44.56,44.86,55281,0
IUS.US,D,20240222,000000,45.22,45.5296,45.03,45.4,30495,0
IUS.US,D,20240223,000000,45.43,45.59,45.43,45.5,90866,0
IUS.US,D,20240226,000000,45.55,45.5584,45.36,45.36,35450,0
IUS.US,D,20240227,000000,45.4341,45.48,45.3249,45.46,38517,0
IUS.US,D,20240228,000000,45.34,45.41,45.29,45.36,40101,0
IUS.US,D,20240229,000000,45.58,45.62,45.37,45.55,117764,0
IUS.US,D,20240301,000000,45.74,46,45.6433,45.98,134687,0
IUS.US,D,20240304,000000,45.96,45.96,45.82,45.84,169729,0
IUS.US,D,20240305,000000,45.77,45.82,45.37,45.54,90393,0
IUS.US,D,20240306,000000,45.77,45.93,45.66,45.72,97836,0
IUS.US,D,20240307,000000,45.92,46.24,45.92,46.18,51989,0
IUS.US,D,20240308,000000,46.21,46.365,45.9713,46.04,47018,0
IUS.US,D,20240311,000000,45.97,46.11,45.81,46.11,82527,0
IUS.US,D,20240312,000000,46.22,46.44,46.17,46.37,43523,0
IUS.US,D,20240313,000000,46.42,46.58,46.36,46.41,55547,0
IUS.US,D,20240314,000000,46.45,46.5,46.065,46.29,33068,0
IUS.US,D,20240315,000000,46.2,46.28,46.0657,46.18,55320,0
IUS.US,D,20240318,000000,46.31,46.36,46.1841,46.24,40633,0
IUS.US,D,20240319,000000,46.21,46.53,46.1918,46.53,52436,0
IUS.US,D,20240320,000000,46.53,46.96,46.465,46.94,48839,0
IUS.US,D,20240321,000000,47.15,47.33,47.1009,47.12,89288,0
IUS.US,D,20240322,000000,47.12,47.17,46.99,47.01,54852,0
IUS.US,D,20240325,000000,46.96,47.06,46.91,46.95,173447,0
IUS.US,D,20240326,000000,47.06,47.12,46.84,46.86,188982,0
IUS.US,D,20240327,000000,47.01,47.37,47.01,47.37,232855,0
IUS.US,D,20240328,000000,47.32,47.56,47.32,47.46,74094,0
IUS.US,D,20240401,000000,47.56,47.56,47.36,47.46,61884,0
IUS.US,D,20240402,000000,47.15,47.25,46.95,47.17,71190,0
IUS.US,D,20240403,000000,47.08,47.3899,47.08,47.32,61523,0
IUS.US,D,20240404,000000,47.61,47.66,46.77,46.83,43879,0
IUS.US,D,20240405,000000,46.9,47.36,46.89,47.22,102199,0
IUS.US,D,20240408,000000,47.24,47.3,47.151,47.17,39719,0
IUS.US,D,20240409,000000,47.23,47.3,46.78,47.18,485493,0
IUS.US,D,20240410,000000,46.81,46.95,46.55,46.74,1390271,0
IUS.US,D,20240411,000000,46.92,47.02,46.5,46.91,65385,0
IUS.US,D,20240412,000000,46.67,46.76,46.1,46.25,49556,0
IUS.US,D,20240415,000000,46.53,46.67,45.7,45.77,71153,0
IUS.US,D,20240416,000000,45.83,45.84,45.54,45.66,119091,0
IUS.US,D,20240417,000000,45.85,45.89,45.32,45.4,54036,0
IUS.US,D,20240418,000000,45.58,45.7493,45.295,45.37,51543,0
IUS.US,D,20240419,000000,45.31,45.5,45.16,45.32,181069,0
IUS.US,D,20240422,000000,45.46,45.89,45.32,45.62,90710,0
IUS.US,D,20240423,000000,45.76,46.11,45.71,46.01,219395,0
IUS.US,D,20240424,000000,46.07,46.07,45.7901,46.04,64197,0
IUS.US,D,20240425,000000,45.43,45.81,45.25,45.71,136536,0
IUS.US,D,20240426,000000,45.97,46.09,45.8,45.96,86524,0
IUS.US,D,20240429,000000,46.11,46.21,45.94,46.17,95107,0
IUS.US,D,20240430,000000,46.06,46.06,45.33,45.33,67613,0
IUS.US,D,20240501,000000,45.22,45.68,45.1,45.1,53954,0
IUS.US,D,20240502,000000,45.49,45.5795,45.07,45.49,35236,0
IUS.US,D,20240503,000000,46.03,46.03,45.66,45.9,52547,0
IUS.US,D,20240506,000000,46.11,46.31,46.11,46.31,73093,0
IUS.US,D,20240507,000000,46.38,46.48,46.33,46.36,47505,0
IUS.US,D,20240508,000000,46.23,46.45,46.2112,46.4042,66221,0
IUS.US,D,20240509,000000,46.36,46.77,46.36,46.75,39438,0
IUS.US,D,20240510,000000,46.89,46.98,46.69,46.77,57783,0
IUS.US,D,20240513,000000,46.89,46.9493,46.7346,46.76,303359,0
IUS.US,D,20240514,000000,46.84,46.98,46.7027,46.96,52504,0
IUS.US,D,20240515,000000,47.11,47.4,47.04,47.34,74054,0
IUS.US,D,20240516,000000,47.45,47.51,47.32,47.32,85781,0
IUS.US,D,20240517,000000,47.31,47.4322,47.2837,47.43,39914,0
IUS.US,D,20240520,000000,47.43,47.55,47.34,47.38,55170,0
IUS.US,D,20240521,000000,47.22,47.39,47.22,47.36,74573,0
IUS.US,D,20240522,000000,47.29,47.3576,47.035,47.1575,67810,0
IUS.US,D,20240523,000000,47.44,47.44,46.65,46.76,75422,0
IUS.US,D,20240524,000000,46.87,47.1384,46.87,47.03,61044,0
IUS.US,D,20240528,000000,47.11,47.11,46.73,46.93,148426,0
IUS.US,D,20240529,000000,46.73,46.73,46.432,46.51,92443,0
IUS.US,D,20240530,000000,46.47,46.61,46.39,46.51,55793,0
IUS.US,D,20240531,000000,46.51,47.05,46.275,47,47650,0
IUS.US,D,20240603,000000,47.12,47.12,46.5,46.84,40610,0
IUS.US,D,20240604,000000,46.79,46.8,46.545,46.77,62268,0
IUS.US,D,20240605,000000,46.89,47.14,46.72,47.13,849353,0
IUS.US,D,20240606,000000,47.14,47.235,47,47.11,717515,0
IUS.US,D,20240607,000000,47.04,47.2899,46.99,46.99,24127,0
IUS.US,D,20240610,000000,46.95,47.18,46.85,47.15,62228,0
IUS.US,D,20240611,000000,47.09,47.23,46.89,47.23,56661,0
IUS.US,D,20240612,000000,47.69,47.69,47.28,47.37,64535,0
IUS.US,D,20240613,000000,47.45,47.45,47.0373,47.3,88093,0
IUS.US,D,20240614,000000,47.15,47.15,46.88,47.1,46360,0
IUS.US,D,20240617,000000,47.1,47.6,46.9599,47.52,57568,0
IUS.US,D,20240618,000000,47.58,47.7496,47.5139,47.59,64730,0
IUS.US,D,20240620,000000,47.68,47.7469,47.55,47.66,132582,0
IUS.US,D,20240621,000000,47.7,47.7099,47.5,47.64,38613,0
IUS.US,D,20240624,000000,47.59,47.8682,47.54,47.67,41607,0
IUS.US,D,20240625,000000,47.74,47.74,47.36,47.51,47976,0
IUS.US,D,20240626,000000,47.47,47.56,47.3636,47.53,41181,0
IUS.US,D,20240627,000000,47.55,47.55,47.3148,47.51,52735,0
IUS.US,D,20240628,000000,47.65,47.789,47.36,47.43,67374,0
IUS.US,D,20240701,000000,47.56,47.62,47.22,47.33,54272,0
IUS.US,D,20240702,000000,47.23,47.53,47.13,47.52,64210,0
IUS.US,D,20240703,000000,47.5,47.5992,47.39,47.57,30279,0
IUS.US,D,20240705,000000,47.64,47.729,47.4001,47.71,65376,0
IUS.US,D,20240708,000000,47.83,47.83,47.605,47.71,52738,0
IUS.US,D,20240709,000000,47.75,47.8,47.58,47.58,75922,0
IUS.US,D,20240710,000000,47.62,48.03,47.62,47.98,98536,0
IUS.US,D,20240711,000000,48.1,48.19,47.98,48.07,49160,0
IUS.US,D,20240712,000000,48.27,48.64,48.235,48.42,27925,0
IUS.US,D,20240715,000000,48.62,48.82,48.4731,48.6,29513,0
IUS.US,D,20240716,000000,48.82,49.15,48.7,49.13,58798,0
IUS.US,D,20240717,000000,48.8,49.122,48.8,49,40233,0
IUS.US,D,20240718,000000,49.11,49.232,48.508,48.5906,74074,0
IUS.US,D,20240719,000000,48.72,48.72,48.1747,48.26,13530,0
IUS.US,D,20240722,000000,48.48,48.5,48.14,48.43,74355,0
IUS.US,D,20240723,000000,48.49,48.49,48.24,48.25,54233,0
IUS.US,D,20240724,000000,48.01,48.168,47.635,47.66,91218,0
IUS.US,D,20240725,000000,47.58,48.23,47.57,47.57,63581,0
IUS.US,D,20240726,000000,47.94,48.39,47.78,48.27,64109,0
IUS.US,D,20240729,000000,48.41,48.41,48.125,48.3,48641,0
IUS.US,D,20240730,000000,48.32,48.57,48.2417,48.47,46378,0
IUS.US,D,20240731,000000,48.9,49.1196,48.615,48.74,128488,0
IUS.US,D,20240801,000000,48.94,49.07,47.985,48.24,58677,0
IUS.US,D,20240802,000000,47.72,47.75,47.03,47.39,85763,0
IUS.US,D,20240805,000000,46.15,46.49,45.8213,46.07,96444,0
IUS.US,D,20240806,000000,46.26,47,46.21,46.44,69670,0
IUS.US,D,20240807,000000,47.12,47.2,46.2591,46.31,220439,0
IUS.US,D,20240808,000000,46.73,47.12,46.55,47.1,159732,0
IUS.US,D,20240809,000000,47.1,47.3061,46.95,47.23,43106,0
IUS.US,D,20240812,000000,47.13,47.37,46.94,47.07,69585,0
IUS.US,D,20240813,000000,47.18,47.62,47.1452,47.58,60191,0
IUS.US,D,20240814,000000,47.7,47.81,47.53,47.75,54682,0
IUS.US,D,20240815,000000,48.21,48.48,48.1398,48.44,63348,0
IUS.US,D,20240816,000000,48.4,48.62,48.345,48.58,87725,0
IUS.US,D,20240819,000000,48.66,48.93,48.66,48.93,115900,0
IUS.US,D,20240820,000000,48.98,48.98,48.664,48.75,68957,0
IUS.US,D,20240821,000000,48.83,48.985,48.8,48.97,59202,0
IUS.US,D,20240822,000000,49.1,49.1,48.61,48.71,52976,0
IUS.US,D,20240823,000000,48.88,49.3,48.88,49.3,50223,0
IUS.US,D,20240826,000000,49.48,49.51,49.2224,49.33,62167,0
IUS.US,D,20240827,000000,49.28,49.3196,49.16,49.27,40358,0
IUS.US,D,20240828,000000,49.15,49.3,48.865,49.09,45105,0
IUS.US,D,20240829,000000,49.36,49.5382,49.1817,49.24,41460,0
IUS.US,D,20240830,000000,49.48,49.66,49.2,49.64,43015,0
IUS.US,D,20240903,000000,49.33,49.33,48.76,48.91,63276,0
IUS.US,D,20240904,000000,48.74,49.0293,48.66,48.79,115387,0
IUS.US,D,20240905,000000,48.8,48.8,48.316,48.49,83438,0
IUS.US,D,20240906,000000,48.56,48.676,47.838,47.87,120331,0
IUS.US,D,20240909,000000,47.97,48.41,47.97,48.23,39362,0
IUS.US,D,20240910,000000,48.25,48.25,47.915,48.24,48696,0
IUS.US,D,20240911,000000,48.08,48.4,47.39,48.34,84099,0
IUS.US,D,20240912,000000,48.47,48.79,48.32,48.79,40868,0
IUS.US,D,20240913,000000,48.92,49.27,48.92,49.18,34718,0
IUS.US,D,20240916,000000,49.31,49.45,49.16,49.42,46906,0
IUS.US,D,20240917,000000,49.66,49.68,49.3164,49.48,28468,0
IUS.US,D,20240918,000000,49.61,49.8,49.42,49.47,41255,0
IUS.US,D,20240919,000000,50.13,50.1696,49.8301,50.06,20896,0
IUS.US,D,20240920,000000,49.85,50.01,49.72,49.88,34270,0
IUS.US,D,20240923,000000,49.87,49.92,49.734,49.8773,31398,0
IUS.US,D,20240924,000000,50.08,50.08,49.858,49.99,69610,0
IUS.US,D,20240925,000000,49.94,49.94,49.602,49.64,32621,0
IUS.US,D,20240926,000000,49.93,49.9862,49.817,49.92,111497,0
IUS.US,D,20240927,000000,50.11,50.33,50.0201,50.14,51033,0
IUS.US,D,20240930,000000,50.15,50.33,49.9,50.3,74641,0
IUS.US,D,20241001,000000,50.28,50.28,49.8451,50.14,72219,0
IUS.US,D,20241002,000000,50.13,50.16,49.8682,50.05,58391,0
IUS.US,D,20241003,000000,50.01,50.01,49.7081,49.93,41281,0
IUS.US,D,20241004,000000,50.16,50.32,49.96,50.31,51046,0
IUS.US,D,20241007,000000,50.25,50.25,49.72,49.86,53698,0
IUS.US,D,20241008,000000,49.84,50.0399,49.7967,49.96,56452,0
IUS.US,D,20241009,000000,49.98,50.36,49.91,50.36,26583,0
IUS.US,D,20241010,000000,50.39,50.39,50.14,50.24,76910,0
IUS.US,D,20241011,000000,50.17,50.58,50.17,50.49,34704,0
IUS.US,D,20241014,000000,50.62,50.85,50.62,50.83,32726,0
IUS.US,D,20241015,000000,50.74,50.86,50.46,50.5,48677,0
IUS.US,D,20241016,000000,50.46,50.79,50.4232,50.76,39874,0
IUS.US,D,20241017,000000,50.76,50.81,50.6,50.65,89111,0
IUS.US,D,20241018,000000,50.75,50.82,50.605,50.75,39894,0
IUS.US,D,20241021,000000,50.79,50.79,50.3602,50.45,61241,0
IUS.US,D,20241022,000000,50.3,50.41,50.17,50.31,29524,0
IUS.US,D,20241023,000000,50.21,50.29,49.81,50.03,25542,0
IUS.US,D,20241024,000000,50.17,50.17,49.867324,49.98,36128,0
IUS.US,D,20241025,000000,50.15,50.35,49.86,49.9,27633,0
IUS.US,D,20241028,000000,49.96,50.18,49.96,50.07,84063,0
IUS.US,D,20241029,000000,49.97,50.0299,49.77,49.88,33473,0
IUS.US,D,20241030,000000,50.02,50.17,49.8482,49.9,37307,0
IUS.US,D,20241031,000000,49.78,49.825,49.33,49.39,38878,0
IUS.US,D,20241101,000000,49.71,49.8194,49.475,49.55,41091,0
IUS.US,D,20241104,000000,49.6,49.7217,49.36,49.49,25683,0
