<TICKER>,<PER>,<DATE>,<TIME>,<OPEN>,<HIGH>,<LOW>,<CLOSE>,<VOL>,<OPENINT>
LDEM.US,D,20200218,000000,49.5547,49.5835,49.4595,49.4694,6734.362842668,0
LDEM.US,D,20200219,000000,49.7839,49.8315,49.761,49.767,4057.7560541525,0
LDEM.US,D,20200220,000000,49.3345,49.3345,48.7433,48.9863,6597.2560542544,0
LDEM.US,D,20200221,000000,48.8574,48.9348,48.7096,48.7552,5146.5452562605,0
LDEM.US,D,20200224,000000,46.8904,47.0422,46.8904,47.0422,1427.5236205416,0
LDEM.US,D,20200225,000000,47.5679,47.5679,46.6315,46.6702,2438.6861850919,0
LDEM.US,D,20200226,000000,47.061,47.061,46.9757,46.9757,675.452560567,0
LDEM.US,D,20200227,000000,46.4222,46.4887,46.0919,46.4123,1079.7159587571,0
LDEM.US,D,20200228,000000,44.2439,45.5731,44.2439,45.5731,461.7272727458,0
LDEM.US,D,20200302,000000,45.706,46.3518,45.706,46.3518,623.0293767618,0
LDEM.US,D,20200304,000000,46.7089,46.7466,46.7089,46.7466,278.2461294276,0
LDEM.US,D,20200305,000000,46.5631,46.6127,45.9272,45.9272,1322.6772529312,0
LDEM.US,D,20200306,000000,45.0653,45.1883,45.0653,45.1883,373.011115537,0
LDEM.US,D,20200309,000000,42.2829,42.3622,42.028,42.144,707.7129813702,0
LDEM.US,D,20200310,000000,43.9801,44.0892,43.9801,44.0892,833.7302501327,0
LDEM.US,D,20200311,000000,42.1053,42.2849,42.1053,42.2849,1160.3670107651,0
LDEM.US,D,20200312,000000,38.8369,38.8369,38.1505,38.1505,1434.5805875923,0
LDEM.US,D,20200316,000000,36.0675,36.8987,35.6628,35.6628,2406.4257642887,0
LDEM.US,D,20200317,000000,35.9812,37.5097,35.9812,37.5097,3198.8223502673,0
LDEM.US,D,20200318,000000,34.6252,34.6252,34.0281,34.5389,2130.1959111613,0
LDEM.US,D,20200319,000000,34.8256,34.8256,34.5677,34.5677,1128.1065899619,0
LDEM.US,D,20200320,000000,36.6497,36.6497,34.8871,34.9188,3198.8223502673,0
LDEM.US,D,20200323,000000,33.918,34.3673,33.918,33.9884,3537.5567687009,0
LDEM.US,D,20200324,000000,35.762,36.0695,35.7391,36.0695,2065.6750695549,0
LDEM.US,D,20200325,000000,37.968,37.968,37.4532,37.4532,1572.695514156,0
LDEM.US,D,20200326,000000,38.1505,38.7129,38.1505,38.7129,1040.3985709032,0
LDEM.US,D,20200327,000000,37.0416,37.0416,36.9761,37.0148,415.3529178412,0
LDEM.US,D,20200402,000000,37.0792,37.0792,36.9463,37.0495,3882.3400160351,0
LDEM.US,D,20200403,000000,36.2678,36.3303,36.1964,36.3303,349.8239380847,0
LDEM.US,D,20200406,000000,37.7012,38.2497,37.7012,38.2497,484.9144501981,0
LDEM.US,D,20200407,000000,39.3061,39.325,38.703,38.7229,1663.427947665,0
LDEM.US,D,20200413,000000,39.197,39.326,39.197,39.326,279.2542675777,0
LDEM.US,D,20200416,000000,39.3438,39.3478,39.2952,39.3478,690.5746328185,0
LDEM.US,D,20200417,000000,40.1185,40.1453,40.0114,40.1086,2726.0055578704,0
LDEM.US,D,20200420,000000,39.7743,39.8219,39.7743,39.8219,388.1331877885,0
LDEM.US,D,20200421,000000,38.7705,38.7804,38.7705,38.7804,283.2868201781,0
LDEM.US,D,20200422,000000,39.7455,39.7455,39.7455,39.7455,114.9277491114,0
LDEM.US,D,20200423,000000,40.1542,40.3476,39.6583,39.6583,13118.901747251,0
LDEM.US,D,20200424,000000,39.439,39.439,39.439,39.439,103.8382294603,0
LDEM.US,D,20200427,000000,40.1741,40.1741,40.1741,40.1741,225.8229456224,0
LDEM.US,D,20200430,000000,40.7573,40.7573,40.7395,40.7474,1071.6508535563,0
LDEM.US,D,20200501,000000,39.812,39.812,39.5253,39.5253,2491.1093688971,0
LDEM.US,D,20200504,000000,39.8219,40.061,39.7495,39.8874,1384.1736800873,0
LDEM.US,D,20200507,000000,40.1542,40.308,40.1542,40.2296,1552.532751154,0
LDEM.US,D,20200508,000000,40.8634,41.044,40.8634,41.0301,450.6377530947,0
LDEM.US,D,20200511,000000,40.8912,40.9001,40.797,40.797,893.2104009886,0
LDEM.US,D,20200512,000000,41.4556,41.4556,40.6799,40.6799,679.4851131674,0
LDEM.US,D,20200513,000000,41.1303,41.1303,40.5282,40.5371,419.3854704416,0
LDEM.US,D,20200514,000000,39.8021,40.6968,39.688,40.6968,761.1443033255,0
LDEM.US,D,20200515,000000,40.2514,40.308,39.9747,40.0709,987.975387098,0
LDEM.US,D,20200520,000000,41.9318,41.9883,41.7889,41.8385,575.6468837071,0
LDEM.US,D,20200521,000000,41.5598,41.656,41.5598,41.6262,2319.7258833801,0
LDEM.US,D,20200522,000000,41.0628,41.0628,40.8139,40.8654,1444.6619690933,0
LDEM.US,D,20200526,000000,42.1242,42.1996,41.779,41.779,2012.2437475996,0
LDEM.US,D,20200527,000000,41.8464,41.9417,41.8464,41.9417,299.4170305797,0
LDEM.US,D,20200528,000000,41.9318,41.9318,41.6838,41.6838,1290.416832128,0
LDEM.US,D,20200529,000000,41.7502,42.4109,41.656,42.4109,2714.9160382193,0
LDEM.US,D,20200601,000000,43.1389,43.3562,43.1389,43.3562,1209.76578012,0
LDEM.US,D,20200602,000000,43.7559,44.1963,43.7033,44.1884,1622.0942835109,0
LDEM.US,D,20200603,000000,44.855,45.218,44.855,45.218,843.8116316337,0
LDEM.US,D,20200604,000000,44.9036,44.9036,44.7974,44.9036,429.4668519426,0
LDEM.US,D,20200608,000000,46.0681,46.0869,46.0681,46.0869,408.2959507905,0
LDEM.US,D,20200609,000000,45.3618,45.7527,45.3618,45.7527,1024.2683605016,0
LDEM.US,D,20200610,000000,45.9828,45.9828,45.9629,45.9629,494.9958316991,0
LDEM.US,D,20200615,000000,43.7014,44.3362,43.7014,44.3362,3132.2852323607,0
LDEM.US,D,20200616,000000,45.222,45.222,44.5485,44.5485,2736.0869393714,0
LDEM.US,D,20200617,000000,45.0395,45.0395,44.9968,44.9968,187.5136959186,0
LDEM.US,D,20200618,000000,44.8956,44.8956,44.8956,44.8956,222.7985311721,0
LDEM.US,D,20200619,000000,45.2309,45.2309,45.2309,45.2309,164.3265184663,0
LDEM.US,D,20200622,000000,45.3281,45.6227,45.3281,45.5453,570.6061929566,0
LDEM.US,D,20200623,000000,46.204,46.2506,46.0016,46.0016,983.9428344976,0
LDEM.US,D,20200624,000000,45.3281,45.3281,45.2825,45.2825,525.2399762021,0
LDEM.US,D,20200625,000000,45.3271,45.3271,45.1942,45.1942,372.0029773869,0
LDEM.US,D,20200626,000000,45.0097,45.0702,44.9532,44.973,1952.7635967437,0
LDEM.US,D,20200629,000000,44.9056,45.3281,44.9056,45.2874,625.045653062,0
LDEM.US,D,20200630,000000,45.0682,45.217,45.0682,45.217,338.7344184336,0
LDEM.US,D,20200701,000000,45.4055,45.7705,45.4055,45.7606,4431.7753078396,0
LDEM.US,D,20200702,000000,46.6335,46.6662,46.6166,46.6365,693.5990472688,0
LDEM.US,D,20200706,000000,48.1184,48.1373,48.1184,48.1373,513.1423184009,0
LDEM.US,D,20200707,000000,47.7335,47.9071,47.7335,47.9071,875.0639142868,0
LDEM.US,D,20200708,000000,48.4358,48.6441,48.4358,48.6441,364.9460103362,0
LDEM.US,D,20200709,000000,48.4537,48.5797,48.3009,48.5797,1069.6345772561,0
LDEM.US,D,20200715,000000,48.6669,48.6669,48.3773,48.4785,800.4616911794,0
LDEM.US,D,20200716,000000,47.8298,47.8803,47.8298,47.8803,597.8259230093,0
LDEM.US,D,20200717,000000,48.0391,48.2057,48.0391,48.1134,1191.6192934182,0
LDEM.US,D,20200721,000000,49.4268,49.4843,49.2928,49.3643,661.3386264656,0
LDEM.US,D,20200722,000000,49.3028,49.3028,49.0707,49.148,1780.3719730766,0
LDEM.US,D,20200723,000000,49.1768,49.1768,49.1768,49.1768,434.5075426931,0
LDEM.US,D,20200724,000000,48.4844,48.8197,48.4071,48.8197,1179.521635617,0
LDEM.US,D,20200727,000000,49.2254,49.7055,49.2254,49.7055,739.9734021734,0
LDEM.US,D,20200729,000000,49.7799,49.9465,49.7799,49.9465,317.5635172815,0
LDEM.US,D,20200730,000000,49.3305,49.3415,49.0607,49.3415,800.4616911794,0
LDEM.US,D,20200731,000000,49.0042,49.0042,48.6858,48.9268,1712.8267170199,0
LDEM.US,D,20200803,000000,49.1857,49.1857,49.1857,49.1857,127.0254069126,0
LDEM.US,D,20200804,000000,49.4942,49.8483,49.4942,49.8483,1060.5613339052,0
LDEM.US,D,20200806,000000,50.2639,50.497,50.1876,50.497,1268.2377928258,0
LDEM.US,D,20200807,000000,49.6678,49.6678,49.6678,49.6678,356.8809051354,0
LDEM.US,D,20200810,000000,49.5706,49.7075,49.5706,49.7075,454.6703056951,0
LDEM.US,D,20200811,000000,49.9654,49.9654,49.5666,49.5666,770.2175466764,0
LDEM.US,D,20200812,000000,50.0953,50.1955,50.0666,50.0923,761.1443033255,0
LDEM.US,D,20200813,000000,50.0527,50.0527,49.8692,49.8781,2458.8489480939,0
LDEM.US,D,20200814,000000,49.8027,49.8692,49.8027,49.8086,610.9317189606,0
LDEM.US,D,20200817,000000,50.1102,50.1776,50.1102,50.1479,6900.7056374345,0
LDEM.US,D,20200818,000000,50.1677,50.1677,50.0338,50.0338,219.7741167218,0
LDEM.US,D,20200819,000000,49.8215,49.9664,49.5805,49.5805,68388.059550184,0
LDEM.US,D,20200820,000000,48.7155,49.1113,48.7155,49.1113,1386.1899563875,0
LDEM.US,D,20200821,000000,49.3107,49.6599,49.2928,49.6599,590.7689559586,0
LDEM.US,D,20200824,000000,50.4266,50.4266,50.1965,50.2153,938.5766177431,0
LDEM.US,D,20200825,000000,50.5139,50.745,50.4564,50.7391,558.5085351554,0
LDEM.US,D,20200826,000000,50.7837,50.8789,50.7837,50.8125,748.0385073742,0
LDEM.US,D,20200827,000000,51.1487,51.1487,50.6101,50.7887,1826.7463279812,0
LDEM.US,D,20200828,000000,50.9563,51.0634,50.87,51.0634,541.3701866037,0
LDEM.US,D,20200831,000000,49.9078,50.0239,49.8404,50.014,1468.8572846957,0
LDEM.US,D,20200901,000000,50.4762,50.745,50.4762,50.745,4382.3765384847,0
LDEM.US,D,20200902,000000,50.4276,50.7549,50.4088,50.745,1644.2733228131,0
LDEM.US,D,20200903,000000,50.139,50.139,49.6966,49.888,1033.3416038525,0
LDEM.US,D,20200904,000000,49.3107,50.0338,49.3107,49.883,1658.3872569145,0
LDEM.US,D,20200908,000000,48.9943,49.1946,48.6669,49.1857,3211.9281462186,0
LDEM.US,D,20200909,000000,49.5904,49.5904,49.3593,49.3593,1007.1300119499,0
LDEM.US,D,20200910,000000,49.3593,49.3692,48.8108,48.8108,175086.37694232,0
LDEM.US,D,20200911,000000,49.3107,49.3107,49.1282,49.2631,338.7344184336,0
LDEM.US,D,20200914,000000,49.7928,50.0041,49.7928,49.8027,5784.6967052738,0
LDEM.US,D,20200915,000000,50.4564,50.4663,50.3314,50.3403,1416.4341008905,0
LDEM.US,D,20200916,000000,50.5238,50.7063,50.4177,50.7063,1427.5236205416,0
LDEM.US,D,20200917,000000,49.9465,50.2064,49.8791,50.2064,3056.6748711032,0
LDEM.US,D,20200921,000000,48.7731,48.7731,48.7731,48.7731,367.9704247865,0
LDEM.US,D,20200922,000000,48.9645,48.9645,48.6471,48.6659,1447.6863835436,0
LDEM.US,D,20200923,000000,48.6669,48.6669,48.1085,48.166,1870.0962684355,0
LDEM.US,D,20200924,000000,47.3675,47.8922,47.3675,47.8922,1091.8136165583,0
LDEM.US,D,20200925,000000,47.4935,47.8674,47.4647,47.8674,2483.0442636963,0
LDEM.US,D,20200928,000000,48.3971,48.4061,48.3396,48.4061,785.3396189279,0
LDEM.US,D,20200929,000000,48.3198,48.5985,48.3198,48.5797,1918.4868996403,0
LDEM.US,D,20200930,000000,48.8782,49.1907,48.8782,49.1907,645.208416064,0
LDEM.US,D,20201001,000000,49.4654,49.6192,49.4466,49.6192,39128.866019831,0
LDEM.US,D,20201002,000000,49.3305,49.4367,49.1183,49.1183,1240.009924623,0
LDEM.US,D,20201005,000000,49.4069,49.7343,49.4069,49.7343,1478.9386661967,0
LDEM.US,D,20201006,000000,50.0427,50.1965,49.648,49.648,2020.3088528004,0
LDEM.US,D,20201007,000000,50.3691,50.3988,50.3691,50.3988,878.0883287371,0
LDEM.US,D,20201008,000000,50.6002,50.8224,50.6002,50.6776,730.9001588225,0
LDEM.US,D,20201009,000000,51.3035,51.3035,51.3035,51.3035,143.1556173142,0
LDEM.US,D,20201012,000000,51.361,51.6189,51.361,51.6189,507.0934895003,0
LDEM.US,D,20201013,000000,51.3035,51.3699,51.3035,51.3699,932.5277888425,0
LDEM.US,D,20201014,000000,51.4761,51.5683,51.2549,51.2549,1537.4106789025,0
LDEM.US,D,20201015,000000,50.6726,50.7639,50.6577,50.745,613.9561334109,0
LDEM.US,D,20201016,000000,51.0228,51.1398,51.0228,51.1398,1306.5470425296,0
LDEM.US,D,20201019,000000,51.0525,51.0525,50.8125,50.8125,486.9307264983,0
LDEM.US,D,20201020,000000,51.3323,51.4652,51.3223,51.4652,1714.8429933201,0
LDEM.US,D,20201021,000000,51.7647,51.7647,51.5167,51.5167,2357.0269949338,0
LDEM.US,D,20201022,000000,51.6011,51.7072,51.6011,51.6874,1219.847161621,0
LDEM.US,D,20201023,000000,51.4572,51.7945,51.4572,51.7856,1451.718936144,0
LDEM.US,D,20201026,000000,51.2162,51.3223,51.1299,51.1299,2207.822548719,0
LDEM.US,D,20201027,000000,51.4374,51.61,51.4374,51.5584,1265.2133783755,0
LDEM.US,D,20201028,000000,50.5139,50.6488,50.4276,50.6488,2479.0117110959,0
LDEM.US,D,20201029,000000,50.5139,51,50.5139,50.8789,1297.4737991787,0
LDEM.US,D,20201030,000000,50.4951,50.5437,50.2153,50.2253,1006.1218737998,0
LDEM.US,D,20201102,000000,50.8412,50.8601,50.8026,50.8026,924.4626836417,0
LDEM.US,D,20201103,000000,51.2162,51.3987,51.1686,51.1686,1218.8390234709,0
LDEM.US,D,20201104,000000,52.1496,52.1972,52.1208,52.1208,955.7149662948,0
LDEM.US,D,20201105,000000,53.7952,53.8627,53.6226,53.8627,1248.0750298238,0
LDEM.US,D,20201106,000000,53.9589,54.3051,53.9589,54.3051,1294.4493847284,0
LDEM.US,D,20201109,000000,56.0657,56.0657,54.9964,54.9964,1505626.0993061,0
LDEM.US,D,20201110,000000,54.315,54.4687,54.2277,54.4102,5910.7139740363,0
LDEM.US,D,20201111,000000,53.9202,54.3814,53.9202,54.3814,4127.3175865094,0
LDEM.US,D,20201112,000000,54.4013,54.4013,54.0452,54.0452,852.8848749846,0
LDEM.US,D,20201113,000000,54.4588,54.7286,54.4588,54.7286,1013.1788408505,0
LDEM.US,D,20201116,000000,55.2573,55.422,55.2186,55.3347,3111.1143312086,0
LDEM.US,D,20201117,000000,54.9885,55.416,54.9885,55.2573,6581.1258438528,0
LDEM.US,D,20201118,000000,55.3823,55.3823,55.2484,55.2484,1279.3273124769,0
LDEM.US,D,20201119,000000,54.8347,55.2087,54.8347,55.1789,1925.543866691,0
LDEM.US,D,20201120,000000,55.3059,55.5946,55.3059,55.4597,5042.7070268002,0
LDEM.US,D,20201123,000000,55.9407,55.9407,55.4398,55.6997,3312.7419612286,0
LDEM.US,D,20201124,000000,55.9695,56.2195,55.9695,56.2195,5603.2318382558,0
LDEM.US,D,20201125,000000,55.7771,56.0945,55.7771,56.0856,7828.1927355265,0
LDEM.US,D,20201127,000000,56.5954,56.5954,56.4218,56.4218,7985.4622869421,0
LDEM.US,D,20201130,000000,55.5172,55.5172,55.0559,55.0559,16684.686384155,0
LDEM.US,D,20201201,000000,55.7195,56.0756,55.7195,55.9219,4338.0184598803,0
LDEM.US,D,20201202,000000,55.6809,56.0171,55.6809,56.0171,2848.9984121826,0
LDEM.US,D,20201203,000000,56.6728,56.6728,56.6242,56.6242,1100.8868599092,0
LDEM.US,D,20201204,000000,56.9029,56.9416,56.8067,56.894,7883.640333782,0
LDEM.US,D,20201207,000000,56.7968,57.0567,56.7968,56.8642,5319.9450180777,0
LDEM.US,D,20201208,000000,56.9604,57.1539,56.9128,57.1053,3512.3533149484,0
LDEM.US,D,20201209,000000,57.3364,57.3364,56.518,56.518,2184.6353712667,0
LDEM.US,D,20201210,000000,56.894,57.1826,56.894,57.1826,2152.3749504635,0
LDEM.US,D,20201211,000000,57.0279,57.1926,57.018,57.1926,4898.5432713359,0
LDEM.US,D,20201214,000000,57.016,57.016,56.6559,56.772,6165.7729260116,0
LDEM.US,D,20201215,000000,57.0358,57.3185,56.9386,57.3185,3395.4092895368,0
LDEM.US,D,20201216,000000,57.5814,57.7669,57.3473,57.7669,2809.6810243287,0
LDEM.US,D,20201217,000000,58.0496,58.1656,58.0496,58.1656,984.9509726477,0
LDEM.US,D,20201218,000000,57.9911,58.1279,57.6211,58.0595,7786.8590713724,0
LDEM.US,D,20201221,000000,57.0944,57.4505,56.9575,57.4505,3403.4743947376,0
LDEM.US,D,20201222,000000,57.1142,57.1578,56.7918,57.016,1886.2264788371,0
LDEM.US,D,20201223,000000,57.6399,57.6399,57.4455,57.5616,2645.3545058624,0
LDEM.US,D,20201224,000000,57.3285,57.3285,57.1142,57.1142,998.056768599,0
LDEM.US,D,20201228,000000,57.3384,57.3473,57.2501,57.26,5403.620484536,0
LDEM.US,D,20201229,000000,57.6598,57.7907,57.6598,57.7907,5117.3092499076,0
LDEM.US,D,20201230,000000,58.5565,58.615,58.5565,58.6021,1053.5043668545,0
LDEM.US,D,20201231,000000,58.4692,58.4692,58.2837,58.2837,827.6814212321,0
LDEM.US,D,20210104,000000,59.3956,59.5315,58.7886,58.8292,1793.4777690279,0
LDEM.US,D,20210105,000000,59.5464,59.9114,59.102,59.102,497540.37238995,0
LDEM.US,D,20210106,000000,58.986,59.6972,58.986,59.102,10197.317388261,0
LDEM.US,D,20210107,000000,59.3262,59.7369,59.3262,59.7369,3421.6208814394,0
LDEM.US,D,20210108,000000,61.0521,61.3249,60.7893,61.0412,4250.3104408216,0
LDEM.US,D,20210111,000000,60.8577,61.0323,60.8577,60.945,2563.6953157043,0
LDEM.US,D,20210112,000000,61.1503,61.5114,61.1503,61.2575,7010.5926957954,0
LDEM.US,D,20210113,000000,61.6671,62.0659,61.4668,61.9399,11332.480945274,0
LDEM.US,D,20210114,000000,62.5629,62.9735,62.4567,62.4954,36359.510521507,0
LDEM.US,D,20210115,000000,61.9885,61.9885,61.438,61.5481,9970.486304489,0
LDEM.US,D,20210119,000000,62.7781,62.7781,62.666,62.7781,4913.6653435874,0
LDEM.US,D,20210120,000000,63.9089,63.9525,63.7829,63.9188,3507.3126241979,0
LDEM.US,D,20210121,000000,64.1628,64.2412,64.0458,64.1886,4975.1617707435,0
LDEM.US,D,20210122,000000,63.4804,63.8702,63.4804,63.7323,13282.220127567,0
LDEM.US,D,20210125,000000,64.3186,64.3186,63.7343,63.8028,7340.2538708781,0
LDEM.US,D,20210126,000000,63.5389,63.651,63.4268,63.4804,2148.3423978631,0
LDEM.US,D,20210127,000000,62.2811,62.3982,61.9102,62.0659,10818.330488723,0
LDEM.US,D,20210128,000000,61.9201,62.7007,61.9201,62.5718,4930.8036921391,0
LDEM.US,D,20210129,000000,61.4122,61.4132,60.8528,61.0521,4719.0946806181,0
LDEM.US,D,20210201,000000,62.427,62.7692,62.3684,62.7692,2806.6566098784,0
LDEM.US,D,20210202,000000,63.4596,63.5687,63.4596,63.5488,4041.6258437509,0
LDEM.US,D,20210203,000000,64.017,64.0944,63.6748,63.6748,7152.7401749595,0
LDEM.US,D,20210204,000000,63.8117,63.8117,63.3534,63.6361,9429.1161178853,0
LDEM.US,D,20210205,000000,63.9873,64.3186,63.9873,64.3186,2788.5101231766,0
LDEM.US,D,20210208,000000,64.3672,64.6201,64.2214,64.5626,6207.1065901657,0
LDEM.US,D,20210209,000000,64.8264,65.1567,64.8264,65.0546,8932.104009886,0
LDEM.US,D,20210210,000000,65.3522,65.4781,65.3522,65.3809,2472.9628821953,0
LDEM.US,D,20210211,000000,66.103,66.3947,66.103,66.2389,4174.7000795641,0
LDEM.US,D,20210212,000000,65.8868,66.3758,65.8868,66.2489,3342.9861057316,0
LDEM.US,D,20210216,000000,66.357,66.473,66.1308,66.1516,121124.77432006,0
LDEM.US,D,20210217,000000,66.2102,66.2687,65.8402,66.2687,65498.735611997,0
LDEM.US,D,20210218,000000,65.2351,65.2351,64.8403,65.1865,10125.739579604,0
LDEM.US,D,20210219,000000,65.5128,65.8203,65.4008,65.4206,11268.968241818,0
LDEM.US,D,20210222,000000,63.7046,64.0458,63.6163,63.6163,5966.1615722918,0
LDEM.US,D,20210223,000000,63.4318,63.7631,63.3921,63.7631,4541.6623662005,0
LDEM.US,D,20210224,000000,62.6809,63.5488,62.5252,63.5389,7012.6089720956,0
LDEM.US,D,20210225,000000,63.529,63.529,61.9399,62.0857,14477.871973586,0
LDEM.US,D,20210226,000000,61.2773,61.2862,60.7605,61.0422,9826.3225490247,0
LDEM.US,D,20210301,000000,62.427,62.9338,62.2613,62.7097,10145.902342606,0
LDEM.US,D,20210302,000000,62.3784,62.417,62.1443,62.2028,10948.380310086,0
LDEM.US,D,20210303,000000,62.6025,62.6611,62.2613,62.2911,7641.687177758,0
LDEM.US,D,20210304,000000,61.9885,62.1839,60.5552,60.7794,5258.4485909216,0
LDEM.US,D,20210305,000000,60.945,61.559,60.4094,61.559,12865.859071576,0
LDEM.US,D,20210308,000000,60.331,60.3459,59.5801,59.5801,15911.444423028,0
LDEM.US,D,20210309,000000,60.5552,61.2962,60.5552,61.0521,2365.0921001346,0
LDEM.US,D,20210310,000000,61.3596,61.3596,60.8528,61.2188,4154.5373165621,0
LDEM.US,D,20210311,000000,62.4567,63.0697,62.4081,63.0023,2670.5579596149,0
LDEM.US,D,20210312,000000,61.7157,61.93,61.559,61.8219,10686.26439106,0
LDEM.US,D,20210315,000000,61.5987,61.8268,61.5987,61.8268,925.4708217918,0
LDEM.US,D,20210316,000000,62.1145,62.301,61.9885,62.0957,3750.273918372,0
LDEM.US,D,20210317,000000,61.3745,62.2811,61.2763,62.2811,3532.5160779504,0
LDEM.US,D,20210318,000000,61.6761,61.7356,61.3547,61.3646,4575.9390633039,0
LDEM.US,D,20210319,000000,61.2773,61.9885,61.2773,61.9885,32023.508337926,0
LDEM.US,D,20210322,000000,61.8229,61.8903,61.8229,61.8239,2218.9120683701,0
LDEM.US,D,20210323,000000,61.1107,61.1503,60.6871,60.7298,35050.947202677,0
LDEM.US,D,20210324,000000,60.2041,60.2437,59.961,59.961,3847.0551807816,0
LDEM.US,D,20210325,000000,59.4046,59.8727,59.4046,59.8241,2356.0188567837,0
LDEM.US,D,20210326,000000,60.4381,60.4481,60.4381,60.4481,2795.5670902273,0
LDEM.US,D,20210329,000000,60.7605,61.1107,60.7506,61.0045,22261.706630508,0
LDEM.US,D,20210330,000000,61.0521,61.4033,60.9361,61.2575,11645.003771805,0
LDEM.US,D,20210331,000000,61.199,61.5888,61.199,61.3348,17087.941644195,0
LDEM.US,D,20210401,000000,62.2811,62.2911,62.1522,62.174,6221.2205242671,0
LDEM.US,D,20210405,000000,62.1542,62.2861,61.813,62.1443,7277.7493055719,0
LDEM.US,D,20210406,000000,62.1929,62.4815,62.1929,62.2613,11159.081183457,0
LDEM.US,D,20210407,000000,61.5491,61.6166,61.2862,61.2862,5969.1859867421,0
LDEM.US,D,20210408,000000,62.1542,62.301,62.1542,62.1929,3939.8038905908,0
LDEM.US,D,20210409,000000,61.5392,61.5987,61.4529,61.5987,6484.3445814432,0
LDEM.US,D,20210412,000000,61.2674,61.2674,61.1057,61.1057,2812.705438779,0
LDEM.US,D,20210413,000000,61.4618,61.4618,60.9361,61.3448,157736.3193791,0
LDEM.US,D,20210414,000000,61.7356,61.7544,61.6761,61.7544,20046.827114738,0
LDEM.US,D,20210415,000000,61.9498,62.1542,61.93,62.1542,12288.195911569,0
LDEM.US,D,20210416,000000,62.2802,62.3873,62.2058,62.3684,2588.8987694568,0
LDEM.US,D,20210419,000000,61.8814,62.0659,61.8814,62.0659,5641.5410879596,0
LDEM.US,D,20210420,000000,61.7743,61.7832,61.5838,61.6473,1983.0077412467,0
LDEM.US,D,20210421,000000,61.4033,62.0094,61.4033,62.0094,2032.4065106016,0
LDEM.US,D,20210422,000000,61.9498,61.9498,61.6761,61.8913,2850.0065503327,0
LDEM.US,D,20210423,000000,62.5629,62.8118,62.5629,62.8118,1581.7687575069,0
LDEM.US,D,20210426,000000,62.6412,62.914,62.6412,62.7781,5790.7455341744,0
LDEM.US,D,20210427,000000,63.0023,63.0896,62.8465,62.8465,3621.2322351592,0
LDEM.US,D,20210428,000000,63.2949,63.4705,63.2949,63.4705,1166.4158396657,0
LDEM.US,D,20210429,000000,63.6649,63.6649,62.9735,62.9735,3218.9851132693,0
LDEM.US,D,20210430,000000,62.6412,62.6412,62.3109,62.3972,2694.7532752173,0
LDEM.US,D,20210503,000000,62.056,62.3932,62.056,62.2712,3125.22826531,0
LDEM.US,D,20210504,000000,61.2476,61.4916,61.192,61.4321,6166.7810641617,0
LDEM.US,D,20210505,000000,61.7058,61.9002,61.7058,61.7614,4145.4640732112,0
LDEM.US,D,20210506,000000,62.1542,62.5053,62.1542,62.5053,1382.1574037871,0
LDEM.US,D,20210510,000000,62.422,62.422,62.056,62.056,5895.5919017848,0
LDEM.US,D,20210511,000000,61.1008,61.6691,61.1008,61.5689,3509.3289004981,0
LDEM.US,D,20210512,000000,60.7119,60.7119,59.9214,59.9214,3918.6329894387,0
LDEM.US,D,20210513,000000,60.1654,60.333,59.6585,59.9412,5336.0752284793,0
LDEM.US,D,20210514,000000,60.9262,61.0521,60.8488,61.0521,19905.687773724,0
LDEM.US,D,20210517,000000,60.5066,60.697,60.5066,60.697,893.2104009886,0
LDEM.US,D,20210518,000000,61.6076,62.0471,61.6076,61.8913,4672.7203257135,0
LDEM.US,D,20210519,000000,61.3983,61.6473,61.3646,61.3646,1899.3322747884,0
LDEM.US,D,20210520,000000,61.8814,61.9498,61.6582,61.9498,46725.186980835,0
LDEM.US,D,20210521,000000,61.5491,61.5689,61.1841,61.1841,83022.192937035,0
LDEM.US,D,20210524,000000,61.5114,61.8993,61.5114,61.6761,2916.5436682393,0
LDEM.US,D,20210525,000000,62.3982,62.3982,62.2325,62.2425,976.8858674469,0
LDEM.US,D,20210526,000000,62.5629,62.7186,62.4766,62.6313,16939.74533613,0
LDEM.US,D,20210527,000000,62.6511,62.7007,62.6412,62.7007,2049.5448591533,0
LDEM.US,D,20210528,000000,62.7394,63.0896,62.7394,63.0221,2104.9924574088,0
LDEM.US,D,20210601,000000,64.4366,64.4366,64.2214,64.2214,11747.833863115,0
LDEM.US,D,20210602,000000,64.4029,64.4356,64.4029,64.4257,6372.4412467821,0
LDEM.US,D,20210603,000000,63.7631,63.899,63.7244,63.8028,4656.5901153119,0
LDEM.US,D,20210604,000000,64.1132,64.386,64.1132,64.386,445.5970623442,0
LDEM.US,D,20210607,000000,63.9972,64.1529,63.8821,64.1529,2148.3423978631,0
LDEM.US,D,20210608,000000,63.9773,63.9773,63.7671,63.8266,1852.9579198838,0
LDEM.US,D,20210609,000000,63.8702,63.8702,63.6946,63.7046,15321.68360522,0
LDEM.US,D,20210610,000000,64.0369,64.2432,64.0369,64.1698,11966.599841687,0
LDEM.US,D,20210611,000000,64.2432,64.2432,63.9883,64.0964,3147.4073046122,0
LDEM.US,D,20210614,000000,64.394,64.4674,64.394,64.4267,2298.554982228,0
LDEM.US,D,20210615,000000,64.0567,64.1152,63.646,63.646,37421.079993562,0
LDEM.US,D,20210616,000000,63.5677,63.6064,62.667,62.9705,7270.6923385212,0
LDEM.US,D,20210617,000000,63.3425,63.646,63.3425,63.528,6005.4789601457,0
LDEM.US,D,20210618,000000,63.1273,63.1273,62.9507,62.9507,3839.9982137309,0
LDEM.US,D,20210621,000000,62.912,63.3187,62.912,63.3187,1783.3963875269,0
LDEM.US,D,20210622,000000,62.7553,62.9606,62.5202,62.9219,13117.893609101,0
LDEM.US,D,20210623,000000,63.7244,63.7928,63.6064,63.6064,12209.561135861,0
LDEM.US,D,20210624,000000,64.0359,64.0359,63.8801,64.0081,17180.690354004,0
LDEM.US,D,20210625,000000,64.4674,64.4674,64.1747,64.3969,780.2989281774,0
LDEM.US,D,20210628,000000,64.5269,64.5269,64.4088,64.4485,18886.460103973,0
LDEM.US,D,20210629,000000,64.2035,64.4812,64.2035,64.4664,1423.4910679412,0
LDEM.US,D,20210630,000000,64.1351,64.3989,64.0865,64.39,30915.564510967,0
LDEM.US,D,20210701,000000,64.3801,64.3801,63.8414,64.0488,403478.05857117,0
LDEM.US,D,20210702,000000,63.8712,63.9684,63.656,63.9684,9813.2167530734,0
LDEM.US,D,20210706,000000,63.1372,63.1372,62.6234,62.794,11378.855300179,0
LDEM.US,D,20210707,000000,63.156,63.156,62.7652,62.8584,2851.0146884828,0
LDEM.US,D,20210708,000000,61.5511,61.6781,61.3944,61.6493,2904.4460104381,0
LDEM.US,D,20210709,000000,62.4319,62.6472,62.4121,62.6472,3080.8701867056,0
LDEM.US,D,20210712,000000,62.3833,62.7156,62.3734,62.7156,1542.451369653,0
LDEM.US,D,20210713,000000,62.8823,62.8823,62.5807,62.5807,7717.2975390155,0
LDEM.US,D,20210714,000000,63.2056,63.2056,62.9507,62.9705,895.2266772888,0
LDEM.US,D,20210715,000000,63.0687,63.0687,63.0687,63.0687,379.0599444376,0
LDEM.US,D,20210716,000000,63.1759,63.1759,62.6769,62.794,1463.8165939452,0
LDEM.US,D,20210719,000000,61.6691,61.6691,61.3358,61.444,3543.6055976015,0
LDEM.US,D,20210720,000000,61.3458,61.8447,61.3458,61.8447,2410.4583168891,0
LDEM.US,D,20210721,000000,61.7475,62.2365,61.7475,62.2365,1056.5287813048,0
LDEM.US,D,20210722,000000,62.422,62.4518,62.3436,62.4518,4281.5627234747,0
LDEM.US,D,20210723,000000,61.444,61.7177,61.435,61.7177,28291.380906256,0
LDEM.US,D,20210726,000000,60.3766,60.4649,60.1812,60.4649,1966.8775308451,0
LDEM.US,D,20210727,000000,59.0167,59.1824,58.5079,59.1824,14549.449782243,0
LDEM.US,D,20210728,000000,60.2596,60.7585,60.1763,60.7585,3256.286224823,0
LDEM.US,D,20210729,000000,61.2376,61.2376,60.9936,61.1503,13864.923978325,0
LDEM.US,D,20210730,000000,60.6832,60.7387,60.5532,60.6603,1995.1053990479,0
LDEM.US,D,20210802,000000,61.0908,61.1008,61.0521,61.0819,4229.1395396695,0
LDEM.US,D,20210803,000000,60.8855,61.2674,60.8855,61.2674,3796.6482732766,0
LDEM.US,D,20210804,000000,61.7961,61.7961,61.7177,61.7177,2085.8378325569,0
LDEM.US,D,20210805,000000,61.7068,61.7376,61.6146,61.6166,3337.9454149811,0
LDEM.US,D,20210806,000000,61.316,61.316,60.8567,61.0035,3697.8507345668,0
LDEM.US,D,20210809,000000,61.3061,61.3844,61.2773,61.2773,1552.532751154,0
LDEM.US,D,20210810,000000,61.5709,61.6285,61.4142,61.4142,1995.1053990479,0
LDEM.US,D,20210811,000000,61.8159,61.8348,61.7475,61.8348,1623.102421661,0
LDEM.US,D,20210812,000000,61.4241,61.4241,61.1642,61.2476,1315.6202858805,0
LDEM.US,D,20210813,000000,61.2674,61.3249,61.189,61.3249,1158.3507344649,0
LDEM.US,D,20210816,000000,60.8171,60.8171,60.6018,60.7238,7574.1419217013,0
LDEM.US,D,20210817,000000,59.8479,59.9263,59.5543,59.8678,10088.438468051,0
LDEM.US,D,20210818,000000,60.3866,60.4342,60.0632,60.0632,2582.8499405562,0
LDEM.US,D,20210819,000000,59.0852,59.3193,58.985,59.0752,4478.1496627442,0
LDEM.US,D,20210820,000000,58.6636,59.0167,58.5763,59.0167,10641.906312456,0
LDEM.US,D,20210823,000000,59.3589,59.5841,59.3589,59.5841,593.7933704089,0
LDEM.US,D,20210824,000000,60.7972,60.8954,60.6316,60.8954,64732.550617921,0
LDEM.US,D,20210825,000000,60.9252,60.9936,60.9252,60.944,2620.1510521099,0
LDEM.US,D,20210826,000000,60.6217,60.6217,60.3866,60.3866,3304.6768560278,0
LDEM.US,D,20210827,000000,60.8369,61.2674,60.8369,61.2674,1476.9223898965,0
LDEM.US,D,20210830,000000,61.4727,61.4826,61.3259,61.3259,1647.2977372634,0
LDEM.US,D,20210831,000000,62.305,62.305,62.2514,62.2514,875.0639142868,0
LDEM.US,D,20210901,000000,62.55,62.9309,62.55,62.912,2785.4857087263,0
LDEM.US,D,20210902,000000,62.8039,62.8039,62.4428,62.4428,1117.0170703108,0
LDEM.US,D,20210903,000000,62.8624,62.9408,62.8198,62.9219,4523.5158794987,0
LDEM.US,D,20210907,000000,63.4893,63.5171,63.4596,63.5171,4487.2229060951,0
LDEM.US,D,20210908,000000,62.9606,62.9606,62.3327,62.4468,1207.7495038198,0
LDEM.US,D,20210909,000000,62.0213,62.2563,62.0213,62.2563,1695.6883684682,0
LDEM.US,D,20210910,000000,62.6184,62.7354,62.3922,62.3922,1451.718936144,0
LDEM.US,D,20210913,000000,62.2167,62.3833,61.9915,62.2742,4473.1089719937,0
LDEM.US,D,20210914,000000,62.1284,62.1284,61.688,61.8159,5362.2868203819,0
LDEM.US,D,20210915,000000,61.5908,61.7961,61.3557,61.7961,2910.4948393387,0
LDEM.US,D,20210916,000000,60.7387,60.8181,60.7387,60.8181,2676.6067885155,0
LDEM.US,D,20210917,000000,60.9053,60.9688,60.7387,60.7387,5197.9603019156,0
LDEM.US,D,20210920,000000,59.4373,59.4859,58.6547,58.6735,10418.099643133,0
LDEM.US,D,20210921,000000,59.4274,59.6724,59.3292,59.5444,11687.345574109,0
LDEM.US,D,20210922,000000,60.3479,60.5532,60.2527,60.2527,15567.669313844,0
LDEM.US,D,20210923,000000,60.5235,60.7,60.5235,60.6911,1348.8888448338,0
LDEM.US,D,20210924,000000,60.083,60.083,60.083,60.083,863.9743946357,0
LDEM.US,D,20210927,000000,60.1812,60.6117,60.1812,60.455,67103.691546956,0
LDEM.US,D,20210928,000000,59.8678,59.8678,59.5494,59.6436,6917.8439859862,0
LDEM.US,D,20210929,000000,59.5841,59.5841,59.5841,59.5841,465.7598253462,0
LDEM.US,D,20210930,000000,59.9065,59.9461,59.7993,59.8192,3686.7612149157,0
LDEM.US,D,20211001,000000,59.3936,59.3936,59.3936,59.3936,569.5980548065,0
LDEM.US,D,20211004,000000,58.9671,58.9671,58.9671,58.9671,2047.5285828531,0
LDEM.US,D,20211005,000000,59.1437,59.4274,59.1437,59.3976,3429.6859866402,0
LDEM.US,D,20211006,000000,58.4097,58.8888,58.4097,58.8699,3019.3737595495,0
LDEM.US,D,20211007,000000,59.7607,60.2298,59.7607,60.1614,8211.2852325645,0
LDEM.US,D,20211008,000000,60.1128,60.2596,60.1128,60.2596,1241.0180627731,0
LDEM.US,D,20211011,000000,60.2983,60.328,60.0444,60.1316,7677.9801511616,0
LDEM.US,D,20211012,000000,60.2298,60.2298,59.9938,60.0047,2153.3830886136,0
LDEM.US,D,20211013,000000,60.5582,60.9044,60.5582,60.827,2179.5946805162,0
LDEM.US,D,20211014,000000,61.0908,61.1206,61.0521,61.0521,1531.3618500019,0
LDEM.US,D,20211015,000000,61.9082,61.9082,61.8546,61.8546,625.045653062,0
LDEM.US,D,20211018,000000,61.4926,61.933,61.4926,61.8348,1336.7911870326,0
LDEM.US,D,20211019,000000,62.5688,62.5688,62.5301,62.5301,760.1361651754,0
LDEM.US,D,20211020,000000,62.7652,62.7652,62.6571,62.7156,1672.5011910159,0
LDEM.US,D,20211021,000000,62.1185,62.2563,61.9816,62.2266,9187.1629618613,0
LDEM.US,D,20211022,000000,62.4309,62.4319,61.9032,62.0312,3870.2423582339,0
LDEM.US,D,20211025,000000,62.2167,62.4418,62.2167,62.4319,1156.3344581647,0
LDEM.US,D,20211026,000000,62.6283,62.6283,61.9459,62.0599,2690.7207226169,0
LDEM.US,D,20211027,000000,61.6979,61.8844,61.561,61.561,6396.6365623845,0
LDEM.US,D,20211028,000000,61.2773,61.4142,61.2773,61.3646,2790.5263994768,0
LDEM.US,D,20211029,000000,60.4828,60.4828,60.4352,60.4352,782.3152044776,0
LDEM.US,D,20211101,000000,60.3766,60.5334,60.3181,60.4947,13763.102025165,0
LDEM.US,D,20211102,000000,60.2973,60.3082,60.2348,60.3082,4890.4781661351,0
LDEM.US,D,20211103,000000,60.3082,60.3866,60.2596,60.3072,2033.4146487517,0
LDEM.US,D,20211104,000000,61.0621,61.0621,60.5919,60.7685,7527.7675667967,0
LDEM.US,D,20211105,000000,60.9252,60.9252,60.7585,60.7585,8748.6228665678,0
LDEM.US,D,20211108,000000,61.1206,61.3358,61.1107,61.3358,5528.6296151484,0
LDEM.US,D,20211109,000000,61.3656,61.3656,60.9153,61.0819,8101.3981742036,0
LDEM.US,D,20211110,000000,60.827,60.8468,60.8022,60.8071,2697.7776896676,0
LDEM.US,D,20211111,000000,61.8249,61.8249,61.7763,61.7763,4976.1699088936,0
LDEM.US,D,20211112,000000,61.6691,61.7376,61.5997,61.7078,10766.915443068,0
LDEM.US,D,20211115,000000,61.6592,61.6592,61.4826,61.5312,19440.936086528,0
LDEM.US,D,20211116,000000,61.6096,61.6096,61.3557,61.4628,17104.071854597,0
LDEM.US,D,20211117,000000,61.2307,61.3755,61.1077,61.1077,1194.6437078685,0
LDEM.US,D,20211118,000000,60.5721,60.6117,60.4947,60.6117,7687.0533945125,0
LDEM.US,D,20211119,000000,60.6117,60.6117,60.328,60.328,1184.5623263675,0
LDEM.US,D,20211122,000000,60.1128,60.1128,59.5841,59.6823,27287.275308757,0
LDEM.US,D,20211123,000000,59.6039,59.7993,59.4224,59.5057,9749.7040496171,0
LDEM.US,D,20211124,000000,59.2211,59.4472,59.1338,59.4472,14654.296149854,0
LDEM.US,D,20211126,000000,57.4891,57.4891,57.4891,57.4891,566.5736403562,0
LDEM.US,D,20211129,000000,57.9593,57.9593,57.4753,57.5487,19300.804883664,0
LDEM.US,D,20211130,000000,57.509,57.6359,56.9991,57.6072,19571.994046041,0
LDEM.US,D,20211201,000000,58.4979,58.4979,58.126,58.126,21883.654824221,0
LDEM.US,D,20211202,000000,58.37,58.7866,58.0426,58.488,9052.0724497479,0
LDEM.US,D,20211203,000000,57.4802,57.6112,57.3334,57.4118,9215.3908300641,0
LDEM.US,D,20211206,000000,57.3136,57.9494,57.2055,57.8611,13969.770345936,0
LDEM.US,D,20211207,000000,58.7419,58.9572,58.7419,58.9572,7352.3515286793,0
LDEM.US,D,20211208,000000,58.9572,59.1437,58.9572,59.1338,29534.41524533,0
LDEM.US,D,20211209,000000,58.7419,58.8699,58.6547,58.6933,11150.007940106,0
LDEM.US,D,20211210,000000,58.5862,58.7717,58.5852,58.7717,8069.1377534004,0
LDEM.US,D,20211213,000000,57.9234,57.9234,57.7709,57.8294,5656.6631602111,0
LDEM.US,D,20211214,000000,57.4624,57.8393,57.4624,57.8393,9255.7163560681,0
LDEM.US,D,20211215,000000,57.3235,57.5814,56.8374,57.5814,21725.377134655,0
LDEM.US,D,20211216,000000,58.0575,58.0575,57.504,57.7203,22635.725884195,0
LDEM.US,D,20211217,000000,57.1747,57.4772,57.1648,57.3334,12542.246725394,0
LDEM.US,D,20211220,000000,56.3514,56.3712,56.097,56.3514,22388.732037421,0
LDEM.US,D,20211221,000000,56.7383,57.3136,56.7383,57.3136,6654.7199288101,0
LDEM.US,D,20211222,000000,56.9565,57.4911,56.9565,57.4911,15611.019254298,0
LDEM.US,D,20211223,000000,57.63,57.8095,57.5219,57.7739,7662.8580789101,0
LDEM.US,D,20211227,000000,57.6607,58.1518,57.6607,57.9286,213658.75070329,0
LDEM.US,D,20211228,000000,58.1369,58.1666,56.5498,57.2242,26804.377134859,0
LDEM.US,D,20211229,000000,56.8077,56.8077,56.4605,56.4605,39117.77650018,0
LDEM.US,D,20211230,000000,56.5795,57.4015,56.5795,57.2342,6492.409686644,0
LDEM.US,D,20211231,000000,57.2441,57.502,57.1053,57.1053,26110.77808759,0
LDEM.US,D,20220103,000000,57.1043,57.4723,57.1043,57.3839,6265.5786028715,0
LDEM.US,D,20220104,000000,57.1945,57.383,57.1444,57.2243,20231.316396207,0
LDEM.US,D,20220105,000000,57.0557,57.0557,56.2247,56.2247,3746.2413657716,0
LDEM.US,D,20220106,000000,56.7283,56.7283,56.3415,56.4639,20320.032553416,0
LDEM.US,D,20220107,000000,56.8771,57.0557,56.5934,56.9746,5541.7354110997,0
LDEM.US,D,20220110,000000,56.9862,57.016,56.5498,56.9466,11010.884875392,0
LDEM.US,D,20220111,000000,57.879,58.4543,57.879,58.4444,21598.351727742,0
LDEM.US,D,20220112,000000,59.6843,60.0414,59.6843,60.0027,10795.143311271,0
LDEM.US,D,20220113,000000,59.6347,59.6347,59.3966,59.4264,5264.4974198222,0
LDEM.US,D,20220114,000000,58.9503,59.2082,58.9503,59.1387,4940.8850736401,0
LDEM.US,D,20220118,000000,58.0377,58.3571,57.9484,57.998,21775.78404216,0
LDEM.US,D,20220119,000000,58.3055,58.4226,58.3055,58.3245,5442.9378723899,0
LDEM.US,D,20220120,000000,59.1387,59.4561,58.6135,58.6135,5970.1941248922,0
LDEM.US,D,20220121,000000,58.5336,58.6031,58.1071,58.1071,37391.843987209,0
LDEM.US,D,20220124,000000,57.0656,57.0656,55.6323,56.8474,13791.329893368,0
LDEM.US,D,20220125,000000,56.6093,57.0953,56.4507,56.9187,3205.879317318,0
LDEM.US,D,20220126,000000,56.897,57.1488,56.1629,56.1629,6039.7556572491,0
LDEM.US,D,20220127,000000,55.9861,56.0101,55.3198,55.5579,185801.87733973,0
LDEM.US,D,20220128,000000,55.1313,55.8852,55.1313,55.7959,7690.0778089628,0
LDEM.US,D,20220131,000000,56.5101,57.7401,56.5101,57.6508,71263.269554269,0
LDEM.US,D,20220201,000000,57.5566,57.8889,57.5516,57.8889,2541.5162764021,0
LDEM.US,D,20220202,000000,58.117,58.117,57.6012,57.8925,6395.6284242344,0
LDEM.US,D,20220203,000000,57.1747,57.4822,57.1251,57.303,3362.1407305835,0
LDEM.US,D,20220204,000000,57.5646,57.631,57.5646,57.5814,4200.9116714667,0
LDEM.US,D,20220207,000000,57.3037,57.6012,57.2937,57.3433,13885.086741327,0
LDEM.US,D,20220208,000000,57.502,57.7985,57.4128,57.7985,27070.525606485,0
LDEM.US,D,20220209,000000,58.5932,58.6724,58.5918,58.5918,2031.3983724515,0
LDEM.US,D,20220210,000000,58.3154,58.9205,58.1183,58.2638,2290.4898770272,0
LDEM.US,D,20220211,000000,58.3848,58.3848,58.1418,58.2063,2028.3739580012,0
LDEM.US,D,20220214,000000,56.9366,57.2441,56.6986,56.9862,14732.930925561,0
LDEM.US,D,20220215,000000,58.3849,58.3849,58.3849,58.3849,562.5410877558,0
LDEM.US,D,20220216,000000,58.3551,58.8114,58.3551,58.668,1066.6101628058,0
LDEM.US,D,20220217,000000,58.1468,58.484,57.9859,57.9859,1256.1401350246,0
LDEM.US,D,20220218,000000,57.4425,57.4425,57.4425,57.4425,485.9225883482,0
LDEM.US,D,20220222,000000,56.2919,56.6192,56.1729,56.5597,5152.5940851611,0
LDEM.US,D,20220223,000000,56.5597,56.5597,55.6372,55.6471,1603.9477968091,0
LDEM.US,D,20220224,000000,52.8102,54.4271,52.8102,54.4271,2125.1552204108,0
LDEM.US,D,20220225,000000,54.8834,55.3595,54.8834,55.2702,2059.6262406543,0
LDEM.US,D,20220228,000000,54.1592,55.4983,54.1592,54.923,170220.09409178,0
LDEM.US,D,20220301,000000,54.4866,54.4866,53.2764,53.8617,25372.820961717,0
LDEM.US,D,20220302,000000,53.8022,54.1196,53.7426,53.941,43004.149068816,0
LDEM.US,D,20220303,000000,53.5641,53.5641,52.9392,53.2467,11180.252084609,0
LDEM.US,D,20220304,000000,51.7885,51.858,51.729,51.7985,3675.6716952646,0
LDEM.US,D,20220307,000000,50.9652,51.0843,49.6559,49.6559,21889.703653121,0
LDEM.US,D,20220308,000000,50.5387,50.7966,50.2411,50.3006,18767.499802262,0
LDEM.US,D,20220309,000000,51.1339,51.8778,50.1618,50.1618,33337.112347507,0
LDEM.US,D,20220310,000000,50.7669,50.9553,50.7035,50.866,5613.3132197568,0
LDEM.US,D,20220311,000000,50.8561,50.8561,49.6956,49.6956,88890.565108767,0
LDEM.US,D,20220314,000000,49.3583,49.646,48.6641,48.6739,54711.657405927,0
LDEM.US,D,20220315,000000,48.1581,48.8921,48.1581,48.7632,14499.042874738,0
LDEM.US,D,20220316,000000,51.0743,52.106,51.0743,52.106,4529.5647083993,0
LDEM.US,D,20220317,000000,52.4035,52.7805,52.1258,52.711,10597.548233851,0
LDEM.US,D,20220318,000000,52.9789,53.6236,52.9789,53.569,8367.54664583,0
LDEM.US,D,20220321,000000,52.6714,52.7904,52.2349,52.6614,31747.278484799,0
LDEM.US,D,20220322,000000,53.3756,53.9162,53.3756,53.7625,7366.4654627807,0
LDEM.US,D,20220323,000000,53.4649,53.8121,53.0681,53.5641,22458.293569778,0
LDEM.US,D,20220324,000000,53.4451,53.6534,53.4451,53.6534,1803.5591505289,0
LDEM.US,D,20220325,000000,53.2169,53.3558,53.207,53.2318,3072.8050815048,0
LDEM.US,D,20220328,000000,53.2268,53.2567,53.1276,53.2219,2588.8987694568,0
LDEM.US,D,20220329,000000,54.4866,54.5263,54.3775,54.4717,4332.9777691298,0
LDEM.US,D,20220330,000000,54.2783,54.6552,54.2485,54.2485,6597.2560542544,0
LDEM.US,D,20220331,000000,53.8517,53.9212,53.4451,53.4451,8905.8924179834,0
LDEM.US,D,20220401,000000,54.5163,54.7346,54.1096,54.7346,19931.899365627,0
LDEM.US,D,20220404,000000,55.2702,55.5678,55.1512,55.4191,5704.0456532658,0
LDEM.US,D,20220405,000000,55.0321,55.0321,54.3279,54.5312,1738.0301707724,0
LDEM.US,D,20220406,000000,53.9807,53.9807,53.6832,53.6832,887.161572088,0
LDEM.US,D,20220407,000000,52.8499,53.2268,52.8201,52.9094,30865.157603462,0
LDEM.US,D,20220408,000000,53.3756,53.4441,53.2268,53.2268,13960.697102585,0
LDEM.US,D,20220411,000000,52.6317,52.8102,52.4234,52.4234,9352.4976184777,0
LDEM.US,D,20220412,000000,52.7805,52.7805,52.106,52.2448,113024.38428401,0
LDEM.US,D,20220413,000000,52.5523,52.7507,52.5126,52.6912,87232.177851853,0
LDEM.US,D,20220414,000000,52.3043,52.5325,51.8973,52.0266,12728.752283163,0
LDEM.US,D,20220418,000000,51.5802,51.8861,51.5455,51.8861,7316.0585552757,0
LDEM.US,D,20220419,000000,51.1835,51.3818,51.1438,51.3422,5220.1393412178,0
LDEM.US,D,20220420,000000,51.3114,51.3124,51.1041,51.1239,1507.1665343995,0
LDEM.US,D,20220421,000000,51.1339,51.1339,50.1519,50.1618,3330.8884479304,0
LDEM.US,D,20220422,000000,50.3304,50.6478,49.7948,49.7948,4396.4904725861,0
LDEM.US,D,20220425,000000,49.2298,49.504,49.2298,49.4575,24166.079596047,0
LDEM.US,D,20220426,000000,49.2194,49.2294,48.3862,48.5747,4242.2453356208,0
LDEM.US,D,20220427,000000,49.1798,49.1798,48.6838,48.6838,4088.0001986555,0
LDEM.US,D,20220428,000000,49.3682,49.646,48.8624,49.5765,5903.6570069856,0
LDEM.US,D,20220429,000000,50.4098,50.4098,49.6956,49.7848,4111.1873761078,0
LDEM.US,D,20220502,000000,49.7055,49.7503,49.1748,49.7253,6092.1788410543,0
LDEM.US,D,20220503,000000,50.0065,50.1519,49.9446,50.1184,9195.2280670621,0
LDEM.US,D,20220504,000000,49.3583,50.5982,49.3583,50.3006,5628.4352920083,0
LDEM.US,D,20220505,000000,49.2492,49.2492,48.3465,48.4953,11900.06272378,0
LDEM.US,D,20220506,000000,48.0986,48.3267,47.7018,47.9498,4602.1506552065,0
LDEM.US,D,20220509,000000,47.0769,47.1959,46.3825,46.3825,11526.043470093,0
LDEM.US,D,20220510,000000,47.0183,47.0183,46.3825,46.3825,22002.615125932,0
LDEM.US,D,20220511,000000,47.1959,47.1959,46.4817,46.5016,7954.210004289,0
LDEM.US,D,20220512,000000,45.9411,46.4817,45.7576,46.2782,4821.9247719283,0
LDEM.US,D,20220513,000000,47.3844,47.5629,47.0174,47.0174,18617.287217897,0
LDEM.US,D,20220516,000000,47.0174,47.5123,47.0074,47.2554,160934.13359121,0
LDEM.US,D,20220517,000000,48.5251,48.5449,48.1482,48.4259,46494.323344462,0
LDEM.US,D,20220518,000000,47.811,47.811,47.2356,47.2951,111137.14966702,0
LDEM.US,D,20220519,000000,47.4637,48.1978,47.4637,47.6026,31395.438270414,0
LDEM.US,D,20220520,000000,48.3763,48.3862,47.4538,47.9696,72656.516477707,0
LDEM.US,D,20220523,000000,48.3862,48.5053,48.1482,48.3168,20620.457722145,0
LDEM.US,D,20220524,000000,47.553,47.553,47.0372,47.0372,5037.6663360497,0
LDEM.US,D,20220525,000000,47.2058,47.7381,47.2058,47.6522,11045.161572496,0
LDEM.US,D,20220526,000000,48.2573,48.5152,48.1382,48.3565,7158.7890038601,0
LDEM.US,D,20220527,000000,48.8146,49.0012,48.7433,48.9516,6909.7788807854,0
LDEM.US,D,20220531,000000,50.1915,50.2015,49.884,49.884,7077.129813702,0
LDEM.US,D,20220601,000000,49.9436,50.0328,49.2194,49.2194,19586.107980143,0
LDEM.US,D,20220602,000000,49.751,50.3304,49.751,50.3304,1297.4737991787,0
LDEM.US,D,20220603,000000,49.9634,49.9634,49.2988,49.4773,6728.3140137674,0
LDEM.US,D,20220606,000000,50.385,50.385,49.6162,49.6956,8270.7653834204,0
LDEM.US,D,20220607,000000,49.5666,49.9832,49.5567,49.9832,6237.3507346687,0
LDEM.US,D,20220608,000000,50.2015,50.5685,50.2015,50.38,1966.8775308451,0
LDEM.US,D,20220609,000000,50.08,50.115,49.18,49.18,2413,0
LDEM.US,D,20220610,000000,48.9,49.01,48.63,48.7211,6356,0
LDEM.US,D,20220613,000000,47.31,47.31,46.68,46.84,8319,0
LDEM.US,D,20220614,000000,47.4,47.81,47.4,47.54,19385,0
LDEM.US,D,20220615,000000,47.8017,48.53,47.77,48.22,6470,0
LDEM.US,D,20220616,000000,46.88,46.9107,46.48,46.65,11878,0
LDEM.US,D,20220617,000000,47.25,47.39,46.81,46.89,17181,0
LDEM.US,D,20220621,000000,47.835,48.08,47.8131,47.91,113623,0
LDEM.US,D,20220622,000000,46.92,47.44,46.92,47.12,25055,0
LDEM.US,D,20220623,000000,47.32,47.4227,46.97,47.28,18805,0
LDEM.US,D,20220624,000000,47.78,48.48,47.78,48.3735,3911,0
LDEM.US,D,20220627,000000,48.57,48.6,48.25,48.28,9672,0
LDEM.US,D,20220628,000000,48.59,48.605,47.985,48,17472,0
LDEM.US,D,20220629,000000,47.75,47.9479,47.62,47.73,10543,0
LDEM.US,D,20220630,000000,46.88,47.6,46.88,47.45,8000,0
LDEM.US,D,20220701,000000,46.78,47.24,46.78,47.18,9837,0
LDEM.US,D,20220705,000000,46.34,47.05,46.305,46.96,8006,0
LDEM.US,D,20220706,000000,46.51,46.9399,46.46,46.74,7926,0
LDEM.US,D,20220707,000000,47.22,47.82,47.22,47.53,1548,0
LDEM.US,D,20220708,000000,47.45,47.5,47.33,47.44,3071,0
LDEM.US,D,20220711,000000,46.12,46.32,45.76,45.76,5652,0
LDEM.US,D,20220712,000000,45.74,46,45.71,45.87,6819,0
LDEM.US,D,20220713,000000,45.9099,45.9099,45.52,45.52,3262,0
LDEM.US,D,20220714,000000,45,45.32,44.97,45.32,5297,0
LDEM.US,D,20220715,000000,45.1499,45.409,44.99,45.31,4737,0
LDEM.US,D,20220718,000000,46.186,46.186,45.69,45.69,14295,0
LDEM.US,D,20220719,000000,46.3599,46.43,46.26,46.26,1493,0
LDEM.US,D,20220720,000000,46.27,46.41,46.21,46.34,13609,0
LDEM.US,D,20220721,000000,46.61,46.96,46.53,46.96,162933,0
LDEM.US,D,20220722,000000,46.6,46.615,46.12,46.44,58577,0
LDEM.US,D,20220725,000000,46.31,46.43,46.22,46.37,7148,0
LDEM.US,D,20220726,000000,46.16,46.18,45.9451,46.08,4835,0
LDEM.US,D,20220727,000000,46.23,46.8019,46.23,46.7,4922,0
LDEM.US,D,20220728,000000,46.37,47.01,46.37,47.01,2365,0
LDEM.US,D,20220729,000000,46.36,46.46,46.22,46.43,7229,0
LDEM.US,D,20220801,000000,46.17,46.5,46.04,46.3,7376,0
LDEM.US,D,20220802,000000,46.52,46.52,46.1513,46.1513,4950,0
LDEM.US,D,20220803,000000,46.1499,46.6499,46.1499,46.46,4131,0
LDEM.US,D,20220804,000000,46.81,46.95,46.8,46.95,3321,0
LDEM.US,D,20220805,000000,46.83,46.855,46.66,46.67,2265,0
LDEM.US,D,20220808,000000,46.89,47.1979,46.88,46.98,3856,0
LDEM.US,D,20220809,000000,46.96,46.96,46.79,46.89,3100,0
LDEM.US,D,20220810,000000,47.13,47.5,47.13,47.38,1817,0
LDEM.US,D,20220811,000000,48.28,48.28,47.71,47.75,6821,0
LDEM.US,D,20220812,000000,47.75,48.1787,47.68,47.96,6534,0
LDEM.US,D,20220815,000000,47.8279,47.9799,47.8279,47.93,3017,0
LDEM.US,D,20220816,000000,47.7,47.8591,47.7,47.71,1061,0
LDEM.US,D,20220817,000000,47.68,47.68,47.65,47.65,846,0
LDEM.US,D,20220818,000000,47.2187,47.27,47.02,47.14,21963,0
LDEM.US,D,20220819,000000,46.58,46.72,46.27,46.27,1851,0
LDEM.US,D,20220822,000000,46.3,46.37,46.15,46.26,128970,0
LDEM.US,D,20220823,000000,46.3,46.6,46.27,46.27,23384,0
LDEM.US,D,20220824,000000,46.63,46.63,46.44,46.48,1405,0
LDEM.US,D,20220825,000000,47.02,47.4587,47.02,47.35,5453,0
LDEM.US,D,20220826,000000,47.9,47.9,46.83,46.84,6488,0
LDEM.US,D,20220829,000000,46.69,46.92,46.35,46.35,7742,0
LDEM.US,D,20220830,000000,46.38,46.43,45.926,46.01,1590,0
LDEM.US,D,20220831,000000,46.57,46.57,46.0214,46.0214,7267,0
LDEM.US,D,20220901,000000,45.18,45.5497,45.14,45.5497,6053,0
LDEM.US,D,20220902,000000,45.37,45.37,45.11,45.1625,2784,0
LDEM.US,D,20220906,000000,44.92,44.92,44.61,44.6946,11826,0
LDEM.US,D,20220907,000000,44.51,45.1199,44.49,45.0631,9792,0
LDEM.US,D,20220908,000000,44.765,44.94,44.765,44.94,979,0
LDEM.US,D,20220909,000000,45.5799,45.59,45.52,45.55,6990,0
LDEM.US,D,20220912,000000,45.95,46.28,45.82,46.09,29461,0
LDEM.US,D,20220913,000000,45.17,45.17,44.53,44.54,2242,0
LDEM.US,D,20220914,000000,44.98,44.98,44.77,44.79,35268,0
LDEM.US,D,20220915,000000,44.68,44.7299,44.35,44.35,77203,0
LDEM.US,D,20220916,000000,43.8,44.02,43.741,44.02,4689,0
LDEM.US,D,20220919,000000,44.07,44.2599,43.96,44.18,6137,0
LDEM.US,D,20220920,000000,44.0299,44.1199,43.84,43.9172,10115,0
LDEM.US,D,20220921,000000,43.66,43.79,43.18,43.28,6345,0
LDEM.US,D,20220922,000000,43.043,43.1299,42.82,43.06,4490,0
LDEM.US,D,20220923,000000,42.17,42.17,41.67,41.92,144705,0
LDEM.US,D,20220926,000000,41.945,42,41.5,41.69,309998,0
LDEM.US,D,20220927,000000,41.86,42.06,41.38,41.45,14346,0
LDEM.US,D,20220928,000000,41.48,42.02,41.47,42.02,5545,0
LDEM.US,D,20220929,000000,41.01,41.01,40.7036,40.87,13892,0
LDEM.US,D,20220930,000000,40.96,41.23,40.72,40.75,70129,0
LDEM.US,D,20221003,000000,40.98,41.54,40.98,41.52,8805,0
LDEM.US,D,20221004,000000,42.18,42.8,42.18,42.725,26050,0
LDEM.US,D,20221005,000000,42.56,42.7,42.49,42.49,2202,0
LDEM.US,D,20221006,000000,42.41,42.59,42.28,42.37,2713,0
LDEM.US,D,20221007,000000,41.92,41.92,41.35,41.44,3258,0
LDEM.US,D,20221010,000000,41.06,41.06,40.86,40.98,5820,0
LDEM.US,D,20221011,000000,40.46,40.57,40.26,40.275,12823,0
LDEM.US,D,20221012,000000,40.23,40.4099,40.17,40.17,3299,0
LDEM.US,D,20221013,000000,39.22,40.53,39.18,40.48,11085,0
LDEM.US,D,20221014,000000,40.15,40.15,39.71,39.71,1703,0
LDEM.US,D,20221017,000000,40.875,40.9601,40.77,40.94,5102,0
LDEM.US,D,20221018,000000,41.35,41.35,40.69,41,4128,0
LDEM.US,D,20221019,000000,40.2977,40.2977,40.03,40.05,3711,0
LDEM.US,D,20221020,000000,40.8369,40.8369,40.28,40.3425,92494,0
LDEM.US,D,20221021,000000,40.425,40.98,40.425,40.88,9293,0
LDEM.US,D,20221024,000000,38.7,39.29,38.7,39.22,7500,0
LDEM.US,D,20221025,000000,39.39,39.63,39.39,39.54,8826,0
LDEM.US,D,20221026,000000,39.66,40.53,39.66,40.2604,5662,0
LDEM.US,D,20221027,000000,40.2471,40.37,39.96,39.96,4542,0
LDEM.US,D,20221028,000000,39.47,39.9,39.47,39.9,5154,0
LDEM.US,D,20221031,000000,39.78,39.91,39.76,39.77,24193,0
LDEM.US,D,20221101,000000,40.68,40.787,40.51,40.51,9051,0
LDEM.US,D,20221102,000000,40.73,40.9299,40.24,40.34,6361,0
LDEM.US,D,20221103,000000,40.45,40.65,40.38,40.4,5470,0
LDEM.US,D,20221104,000000,41.94,42.23,41.6831,42.23,5533,0
LDEM.US,D,20221107,000000,42.19,42.19,42.1,42.1,3791,0
LDEM.US,D,20221108,000000,42.2,42.49,42.2,42.4629,4681,0
LDEM.US,D,20221109,000000,41.64,41.77,41.59,41.59,5992,0
LDEM.US,D,20221110,000000,42.905,43.33,42.8401,43.33,3695,0
LDEM.US,D,20221111,000000,44.0399,44.53,44.0399,44.25,3579,0
LDEM.US,D,20221114,000000,44.2401,44.3802,44.11,44.16,4368,0
LDEM.US,D,20221115,000000,45.33,45.405,44.9997,45.08,1282,0
LDEM.US,D,20221116,000000,44.45,44.5299,44.45,44.48,1993,0
LDEM.US,D,20221117,000000,44.2032,44.51,44.2032,44.51,2183,0
LDEM.US,D,20221118,000000,44.2,44.28,44.16,44.16,1056,0
LDEM.US,D,20221121,000000,43.69,43.82,43.6199,43.82,38563,0
LDEM.US,D,20221122,000000,43.687,43.73,43.64,43.66,1829,0
LDEM.US,D,20221123,000000,44.081,44.27,43.93,44.27,3500,0
LDEM.US,D,20221125,000000,44.0801,44.27,43.93,43.93,3450,0
LDEM.US,D,20221128,000000,44.26,44.32,43.845,43.93,4545,0
LDEM.US,D,20221129,000000,44.79,44.83,44.72,44.75,1988,0
LDEM.US,D,20221130,000000,45.8707,46.4,45.7,46.37,29557,0
LDEM.US,D,20221201,000000,45.7952,45.93,45.74,45.8,29093,0
LDEM.US,D,20221202,000000,45.905,46.29,45.905,46.29,7590,0
LDEM.US,D,20221205,000000,45.785,45.835,45.5365,45.58,9267,0
LDEM.US,D,20221206,000000,45.78,45.78,45.6305,45.74,6083,0
LDEM.US,D,20221207,000000,45.5,45.61,45.42,45.42,5651,0
LDEM.US,D,20221208,000000,46.02,46.16,45.978,46.16,6846,0
LDEM.US,D,20221209,000000,46.03,46.17,45.64,45.64,4571,0
LDEM.US,D,20221212,000000,45.15,45.59,45.13,45.46,5161,0
LDEM.US,D,20221213,000000,44.585,44.71,44.23,44.71,4315,0
LDEM.US,D,20221214,000000,44.17,44.44,43.9521,44.36,36557,0
LDEM.US,D,20221215,000000,43.91,43.91,42,42,16152,0
LDEM.US,D,20221216,000000,43.51,43.51,43.2101,43.33,16144,0
LDEM.US,D,20221219,000000,43.6,43.6,43.2501,43.49,7932,0
LDEM.US,D,20221220,000000,43.35,43.4894,43.271,43.345,5886,0
LDEM.US,D,20221221,000000,43.6201,44.2,43.561,44.2,6944,0
LDEM.US,D,20221222,000000,43.63,43.63,43.445,43.55,5797,0
LDEM.US,D,20221223,000000,43.41,43.57,43.27,43.5,12480,0
LDEM.US,D,20221227,000000,44,44.13,43.86,43.98,19966,0
LDEM.US,D,20221228,000000,43.9001,43.901,43.35,43.53,26396,0
LDEM.US,D,20221229,000000,44.04,44.34,44.04,44.291,6413,0
LDEM.US,D,20221230,000000,43.965,43.965,42.63,42.63,2366,0
LDEM.US,D,20230103,000000,44.39,44.39,43.95,44.1,7530,0
LDEM.US,D,20230104,000000,44.75,45.4118,44.75,45.4118,7026,0
LDEM.US,D,20230105,000000,45.17,45.22,44.56,44.56,3698,0
LDEM.US,D,20230106,000000,45.53,46.18,45.53,46.18,3970,0
LDEM.US,D,20230109,000000,46.68,46.79,46.4,46.4,11569,0
LDEM.US,D,20230110,000000,46.7931,46.94,46.77,46.94,727,0
LDEM.US,D,20230111,000000,46.93,47.42,46.925,47.08,75898,0
LDEM.US,D,20230112,000000,46.9801,47.34,46.9801,47.34,3273,0
LDEM.US,D,20230113,000000,47.33,47.54,47.27,47.54,3890,0
LDEM.US,D,20230117,000000,47.2501,47.43,47.16,47.43,65207,0
LDEM.US,D,20230118,000000,47.505,47.505,46.9,46.9,4415,0
LDEM.US,D,20230119,000000,47.17,47.43,47.17,47.43,11377,0
LDEM.US,D,20230120,000000,47.81,47.93,47.73,47.93,4514,0
LDEM.US,D,20230123,000000,48.3084,48.48,48.3,48.4,13864,0
LDEM.US,D,20230124,000000,48.21,48.32,48.16,48.25,2022,0
LDEM.US,D,20230125,000000,47.87,48.3281,47.87,48.3281,2893,0
LDEM.US,D,20230126,000000,48.52,48.7391,48.52,48.7391,733,0
LDEM.US,D,20230127,000000,48.45,48.51,48.265,48.51,4666,0
LDEM.US,D,20230130,000000,47.7593,47.8236,47.65,47.65,6009,0
LDEM.US,D,20230131,000000,47.315,47.4,47.3127,47.4,811,0
LDEM.US,D,20230201,000000,47.85,48.17,47.44,48.17,3109,0
LDEM.US,D,20230202,000000,47.541,47.86,47.541,47.68,2807,0
LDEM.US,D,20230203,000000,47.35,47.35,46.82,46.91,3825,0
LDEM.US,D,20230206,000000,46.24,46.33,46.04,46.2774,3570,0
LDEM.US,D,20230207,000000,46.38,46.55,46.065,46.55,1413,0
LDEM.US,D,20230208,000000,46.385,46.4199,46.29,46.29,1883,0
LDEM.US,D,20230209,000000,46.8799,46.8799,46.5,46.5603,1621,0
LDEM.US,D,20230210,000000,45.951,46.14,45.951,46.14,417,0
LDEM.US,D,20230213,000000,46.5,46.6,46.37,46.48,22008,0
LDEM.US,D,20230214,000000,46.1,46.35,46.1,46.28,3923,0
LDEM.US,D,20230215,000000,45.83,46.14,45.76,46.14,40183,0
LDEM.US,D,20230216,000000,45.915,46.228,45.915,45.96,2954,0
LDEM.US,D,20230217,000000,45.3664,45.4701,45.3664,45.42,3744,0
LDEM.US,D,20230221,000000,45.25,45.25,44.8701,44.96,608,0
LDEM.US,D,20230222,000000,44.62,44.78,44.5853,44.6558,4455,0
LDEM.US,D,20230223,000000,45.17,45.17,44.7001,44.8969,1760,0
LDEM.US,D,20230224,000000,43.8499,43.95,43.72,43.95,1591,0
LDEM.US,D,20230227,000000,44.06,44.22,44.02,44.05,5120,0
LDEM.US,D,20230228,000000,43.94,43.94,43.77,43.77,890,0
LDEM.US,D,20230301,000000,44.86,44.86,44.7,44.77,3396,0
LDEM.US,D,20230302,000000,44.69,44.9399,44.6301,44.78,6458,0
LDEM.US,D,20230303,000000,44.99,45.25,44.99,45.25,714,0
LDEM.US,D,20230306,000000,45.2501,45.32,45.01,45.01,2024,0
LDEM.US,D,20230307,000000,44.3741,44.545,44.3435,44.49,2662,0
LDEM.US,D,20230308,000000,44.418,44.418,44.2831,44.4,2840,0
LDEM.US,D,20230309,000000,44.08,44.08,43.51,43.56,2366,0
LDEM.US,D,20230310,000000,43.63,43.7,43.3635,43.3635,3162,0
LDEM.US,D,20230313,000000,43.48,43.6399,43.39,43.39,33385,0
LDEM.US,D,20230314,000000,43.47,43.48,43.21,43.37,22496,0
LDEM.US,D,20230315,000000,42.42,42.55,42.295,42.55,1171,0
LDEM.US,D,20230316,000000,42.9135,43.3761,42.9135,43.3761,6642,0
LDEM.US,D,20230317,000000,43.25,43.27,42.8501,42.97,7104,0
LDEM.US,D,20230320,000000,43.2,43.44,43.01,43.38,22860,0
LDEM.US,D,20230321,000000,43.65,43.9,43.6201,43.82,2814,0
LDEM.US,D,20230322,000000,44.26,44.485,43.92,43.93,2771,0
LDEM.US,D,20230323,000000,44.79,44.79,44.3611,44.5924,804,0
LDEM.US,D,20230324,000000,44.38,44.48,44.38,44.4347,3352,0
LDEM.US,D,20230327,000000,44.17,44.3184,44.05,44.31,3704,0
LDEM.US,D,20230328,000000,44.73,45.04,44.73,45.04,1023,0
LDEM.US,D,20230329,000000,45.2071,45.2071,45.2071,45.2071,245,0
LDEM.US,D,20230330,000000,45.649,45.649,45.54,45.54,1480,0
LDEM.US,D,20230331,000000,45.4101,45.53,45.4101,45.53,5411,0
LDEM.US,D,20230403,000000,45.3801,45.63,45.3801,45.62,1904,0
LDEM.US,D,20230404,000000,45.53,45.68,45.53,45.62,4390,0
LDEM.US,D,20230405,000000,45.57,45.63,45.1801,45.27,4130,0
LDEM.US,D,20230406,000000,45.17,45.61,45.17,45.45,6554,0
LDEM.US,D,20230410,000000,45.45,45.5,45.32,45.5,5161,0
LDEM.US,D,20230411,000000,45.83,45.83,45.66,45.66,1289,0
LDEM.US,D,20230412,000000,45.61,45.61,45.27,45.27,2241,0
LDEM.US,D,20230413,000000,46.1,46.1,46.1,46.1,566,0
LDEM.US,D,20230414,000000,45.785,45.785,45.7667,45.7667,394,0
LDEM.US,D,20230417,000000,45.7701,45.9565,45.7701,45.9565,5925,0
LDEM.US,D,20230418,000000,45.8315,45.88,45.75,45.8691,1059,0
LDEM.US,D,20230419,000000,45.29,45.4799,45.29,45.45,6968,0
LDEM.US,D,20230420,000000,45.49,45.54,45.19,45.19,114926,0
LDEM.US,D,20230421,000000,44.8257,44.93,44.77,44.88,4103,0
LDEM.US,D,20230424,000000,44.78,44.79,44.5801,44.718,4482,0
LDEM.US,D,20230425,000000,43.9845,44.08,43.81,43.95,2890,0
LDEM.US,D,20230426,000000,44.19,44.2185,44.1,44.11,1573,0
LDEM.US,D,20230427,000000,44.38,44.69,44.38,44.69,6649,0
LDEM.US,D,20230428,000000,44.65,44.9,44.65,44.83,1577,0
LDEM.US,D,20230501,000000,45.01,45.01,44.6101,44.78,1881,0
LDEM.US,D,20230502,000000,44.28,44.28,44.21,44.21,535,0
LDEM.US,D,20230503,000000,44.29,44.51,44.28,44.33,2571,0
LDEM.US,D,20230504,000000,44.585,44.625,44.53,44.53,1281,0
LDEM.US,D,20230505,000000,45.1001,45.2,45.1001,45.2,399,0
LDEM.US,D,20230508,000000,45.0941,45.185,45.09,45.09,728,0
LDEM.US,D,20230509,000000,44.84,44.951,44.8,44.93,1098,0
LDEM.US,D,20230510,000000,44.86,44.94,44.6701,44.88,3507,0
LDEM.US,D,20230511,000000,44.52,44.88,44.52,44.88,1910,0
LDEM.US,D,20230512,000000,44.5,44.5,44.27,44.42,7784,0
LDEM.US,D,20230515,000000,44.76,45.14,44.73,45.14,4609,0
LDEM.US,D,20230516,000000,45.05,45.05,44.83,44.86,61520,0
LDEM.US,D,20230517,000000,44.851,45.0799,44.851,45.01,1459,0
LDEM.US,D,20230518,000000,44.565,44.65,44.4601,44.65,2745,0
LDEM.US,D,20230519,000000,44.69,44.7,44.4901,44.52,5350,0
LDEM.US,D,20230522,000000,45.0001,45.02,44.761,45,27555,0
LDEM.US,D,20230523,000000,44.61,44.62,44.28,44.34,3054,0
LDEM.US,D,20230524,000000,43.8801,44,43.84,43.84,2217,0
LDEM.US,D,20230525,000000,43.6901,43.7132,43.58,43.59,5442,0
LDEM.US,D,20230526,000000,43.98,44.3799,43.98,44.16,1899,0
LDEM.US,D,20230530,000000,43.7186,43.7186,43.53,43.57,3928,0
LDEM.US,D,20230531,000000,43.34,43.42,43.1674,43.42,3889,0
LDEM.US,D,20230601,000000,43.7299,44.12,43.7299,44.12,1242,0
LDEM.US,D,20230602,000000,44.64,44.69,44.64,44.69,1392,0
LDEM.US,D,20230605,000000,44.68,44.78,44.65,44.78,2641,0
LDEM.US,D,20230606,000000,45.18,45.31,45.18,45.2358,1272,0
LDEM.US,D,20230607,000000,44.61,44.61,44.61,44.61,495,0
LDEM.US,D,20230608,000000,45.06,45.06,44.9,44.97,1416,0
LDEM.US,D,20230609,000000,45.19,45.28,45,45,3186,0
LDEM.US,D,20230612,000000,45.18,45.31,45.18,45.29,1828,0
LDEM.US,D,20230613,000000,45.68,45.68,45.55,45.55,422,0
LDEM.US,D,20230614,000000,45.929,46.08,45.929,46.08,297,0
LDEM.US,D,20230615,000000,46.34,46.4,46.25,46.37,1923,0
LDEM.US,D,20230616,000000,46.3409,46.39,46.26,46.36,1462,0
LDEM.US,D,20230620,000000,45.29,45.37,45.28,45.28,1632,0
LDEM.US,D,20230621,000000,45.17,45.3,45.17,45.3,359,0
LDEM.US,D,20230622,000000,44.931,45.13,44.931,44.96,1590,0
LDEM.US,D,20230623,000000,44.334,44.43,44.18,44.4,24796,0
LDEM.US,D,20230626,000000,44.43,44.58,44.34,44.34,3896,0
LDEM.US,D,20230627,000000,44.82,44.88,44.79,44.88,2576,0
LDEM.US,D,20230628,000000,44.4,44.68,44.4,44.68,930,0
LDEM.US,D,20230629,000000,44.37,44.37,44.22,44.22,4072,0
LDEM.US,D,20230630,000000,44.69,44.81,44.63,44.76,4401,0
LDEM.US,D,20230703,000000,45.19,45.19,45.1,45.1,716,0
LDEM.US,D,20230705,000000,44.95,44.99,44.864,44.99,774,0
LDEM.US,D,20230706,000000,43.96,44,43.91,43.91,439,0
LDEM.US,D,20230707,000000,44.64,44.93,44.64,44.75,2236,0
LDEM.US,D,20230710,000000,44.5699,44.63,44.55,44.63,571,0
LDEM.US,D,20230711,000000,44.95,45.1,44.95,45.1,703,0
LDEM.US,D,20230712,000000,45.8101,46.1199,45.8101,45.92,2369,0
LDEM.US,D,20230713,000000,46.31,46.64,46.31,46.46,403,0
LDEM.US,D,20230714,000000,46.1701,46.37,46.1701,46.34,2387,0
LDEM.US,D,20230717,000000,45.99,46.27,45.84,46.13,7318,0
LDEM.US,D,20230718,000000,45.825,45.87,45.825,45.87,1179,0
LDEM.US,D,20230719,000000,45.91,45.97,45.89,45.97,38790,0
LDEM.US,D,20230720,000000,45.63,45.63,45.5001,45.56,12116,0
LDEM.US,D,20230721,000000,45.622,45.622,45.605,45.62,675,0
LDEM.US,D,20230724,000000,45.75,46.288,45.75,46.1,1070,0
LDEM.US,D,20230725,000000,46.46,46.52,46.38,46.38,10317,0
LDEM.US,D,20230726,000000,46.8,46.865,46.7735,46.84,1288,0
LDEM.US,D,20230727,000000,46.2001,46.23,46.13,46.13,1254,0
LDEM.US,D,20230728,000000,47.11,47.4,47.11,47.4,851,0
LDEM.US,D,20230731,000000,47.58,47.58,47.55,47.55,1393,0
LDEM.US,D,20230801,000000,47.03,47.03,46.8,46.8,856,0
LDEM.US,D,20230802,000000,45.849,45.87,45.815,45.87,983,0
LDEM.US,D,20230803,000000,46.0224,46.0224,46.0224,46.0224,119,0
LDEM.US,D,20230804,000000,45.9248,46.07,45.9248,46.02,430,0
LDEM.US,D,20230807,000000,46.02,46.02,45.69,45.76,3989,0
LDEM.US,D,20230808,000000,44.95,45.28,44.95,45.2385,2026,0
LDEM.US,D,20230809,000000,45.27,45.32,45.0517,45.28,1225,0
LDEM.US,D,20230810,000000,45.825,45.84,45.47,45.63,3346,0
LDEM.US,D,20230811,000000,44.72,44.909,44.72,44.77,1172,0
LDEM.US,D,20230814,000000,44.4,44.5403,44.3221,44.5403,6141,0
LDEM.US,D,20230815,000000,43.9905,44.0341,43.9868,44.0341,636,0
LDEM.US,D,20230816,000000,43.715,43.81,43.5,43.5,3663,0
LDEM.US,D,20230817,000000,43.87,43.87,43.622,43.71,2493,0
LDEM.US,D,20230818,000000,43.27,43.305,43.27,43.305,1863,0
LDEM.US,D,20230821,000000,43.275,43.48,43.2461,43.48,11908,0
LDEM.US,D,20230822,000000,43.66,43.66,43.341,43.42,1791,0
LDEM.US,D,20230823,000000,43.92,44.01,43.92,44,2465,0
LDEM.US,D,20230824,000000,43.82,43.8722,43.67,43.67,2099,0
LDEM.US,D,20230825,000000,43.72,43.88,43.63,43.8,24976,0
LDEM.US,D,20230828,000000,44.22,44.26,44.05,44.14,98798,0
LDEM.US,D,20230829,000000,44.48,44.66,44.48,44.66,1047,0
LDEM.US,D,20230830,000000,44.5401,44.61,44.5401,44.61,515,0
LDEM.US,D,20230831,000000,44.2,44.2,43.91,43.91,1706,0
LDEM.US,D,20230901,000000,44.4226,44.47,44.315,44.32,4409,0
LDEM.US,D,20230905,000000,44.1,44.1699,44.07,44.07,1896,0
LDEM.US,D,20230906,000000,43.88,44.02,43.72,43.73,2275,0
LDEM.US,D,20230907,000000,43.2462,43.25,43.08,43.25,1127,0
LDEM.US,D,20230908,000000,43.36,43.36,43.26,43.26,998,0
LDEM.US,D,20230911,000000,43.55,43.76,43.55,43.725,1842,0
LDEM.US,D,20230912,000000,43.66,43.78,43.64,43.78,1819,0
LDEM.US,D,20230913,000000,43.776,43.776,43.6388,43.6388,2181,0
LDEM.US,D,20230914,000000,43.82,43.978,43.82,43.82,1159,0
LDEM.US,D,20230915,000000,43.87,43.97,43.69,43.7807,5489,0
LDEM.US,D,20230918,000000,43.65,43.81,43.6361,43.81,1780,0
LDEM.US,D,20230919,000000,43.418,43.51,43.418,43.51,1157,0
LDEM.US,D,20230920,000000,43.6,43.7488,43.39,43.39,1858,0
LDEM.US,D,20230921,000000,42.78,42.78,42.7,42.7,786,0
LDEM.US,D,20230922,000000,43.2899,43.29,43.152,43.22,7948,0
LDEM.US,D,20230925,000000,42.85,43.01,42.7901,42.975,3552,0
LDEM.US,D,20230926,000000,42.448,42.47,42.32,42.42,4808,0
LDEM.US,D,20230927,000000,42.4587,42.49,42.2602,42.28,3209,0
LDEM.US,D,20230928,000000,42.4108,42.56,42.3902,42.56,9934,0
LDEM.US,D,20230929,000000,42.91,42.91,42.3101,42.7783,194028,0
LDEM.US,D,20231002,000000,42.63,42.63,42.37,42.4914,10967,0
LDEM.US,D,20231003,000000,42.05,42.1299,41.945,41.97,4587,0
LDEM.US,D,20231004,000000,41.87,42.05,41.8,41.9566,5261,0
LDEM.US,D,20231005,000000,41.899,42.25,41.87,42.21,10349,0
LDEM.US,D,20231006,000000,42.12,42.795,42.12,42.795,3564,0
LDEM.US,D,20231009,000000,42.17,42.7,42.17,42.7,9306,0
LDEM.US,D,20231010,000000,43.01,43.3214,43.01,43.2923,2540,0
LDEM.US,D,20231011,000000,43.65,43.65,43.45,43.545,6624,0
LDEM.US,D,20231012,000000,43.1601,43.1601,42.8801,42.93,1136,0
LDEM.US,D,20231013,000000,43.01,43.1,42.76,42.85,5126,0
LDEM.US,D,20231016,000000,42.97,43.21,42.93,43.12,2941,0
LDEM.US,D,20231017,000000,42.82,43.25,42.82,43.1,9472,0
LDEM.US,D,20231018,000000,42.465,42.465,42.19,42.19,6330,0
LDEM.US,D,20231019,000000,42.033,42.131,41.52,41.93,229892,0
LDEM.US,D,20231020,000000,41.56,41.56,41.03,41.19,35615,0
LDEM.US,D,20231023,000000,41.1401,41.3,41.07,41.18,14600,0
LDEM.US,D,20231024,000000,41.56,41.77,41.56,41.59,14987,0
LDEM.US,D,20231025,000000,41.087,41.26,41.06,41.12,6148,0
LDEM.US,D,20231026,000000,41.02,41.02,40.82,40.99,2649,0
LDEM.US,D,20231027,000000,40.9204,40.9204,40.81,40.81,410,0
LDEM.US,D,20231030,000000,41.1421,41.33,41.1421,41.245,6545,0
LDEM.US,D,20231031,000000,40.88,41.0095,40.7131,40.93,17289,0
LDEM.US,D,20231101,000000,41,41.255,41,41.23,11247,0
LDEM.US,D,20231102,000000,41.9603,42.01,41.9603,41.9963,578,0
LDEM.US,D,20231103,000000,42.44,43.06,42.44,42.8826,911,0
LDEM.US,D,20231106,000000,43.33,43.33,43.07,43.13,6671,0
LDEM.US,D,20231107,000000,42.63,43.06,42.63,43.06,10691,0
LDEM.US,D,20231108,000000,42.86,42.86,42.711,42.74,5745,0
LDEM.US,D,20231109,000000,42.75,42.75,42.24,42.27,2342,0
LDEM.US,D,20231110,000000,42.27,42.53,42.21,42.53,2741,0
LDEM.US,D,20231113,000000,42.695,42.695,42.545,42.575,970,0
LDEM.US,D,20231114,000000,43.3876,43.715,43.3876,43.63,2810,0
LDEM.US,D,20231115,000000,44.1179,44.3621,44.1179,44.26,2050,0
LDEM.US,D,20231116,000000,43.54,43.55,43.54,43.55,883,0
LDEM.US,D,20231117,000000,43.61,43.72,43.61,43.72,1468,0
LDEM.US,D,20231120,000000,44.18,44.215,44.1,44.1,6539,0
LDEM.US,D,20231121,000000,43.8401,43.8683,43.8401,43.8683,4996,0
LDEM.US,D,20231122,000000,43.76,43.7904,43.76,43.7904,1803,0
LDEM.US,D,20231124,000000,43.95,43.95,43.95,43.95,169,0
LDEM.US,D,20231127,000000,43.64,43.7081,43.61,43.61,1772,0
LDEM.US,D,20231128,000000,43.8,43.9432,43.7482,43.88,1081,0
LDEM.US,D,20231129,000000,43.64,43.665,43.49,43.49,3712,0
LDEM.US,D,20231130,000000,43.58,43.65,43.5414,43.644,2134,0
LDEM.US,D,20231201,000000,43.2,43.7485,43.2,43.7485,1742,0
LDEM.US,D,20231204,000000,43.44,43.44,43.13,43.13,1351,0
LDEM.US,D,20231205,000000,42.84,43.0889,42.79,42.93,3400,0
LDEM.US,D,20231206,000000,43.22,43.33,42.93,42.93,192018,0
LDEM.US,D,20231207,000000,43.08,43.2535,43.08,43.13,4466,0
LDEM.US,D,20231208,000000,42.81,42.9999,42.81,42.86,1078,0
LDEM.US,D,20231211,000000,42.88,43.055,42.88,43,820,0
LDEM.US,D,20231212,000000,42.84,43.035,42.7901,42.99,4992,0
LDEM.US,D,20231213,000000,42.83,43.3919,42.63,43.3919,3990,0
LDEM.US,D,20231214,000000,44,44.3,44,44.3,5559,0
LDEM.US,D,20231215,000000,44.17,44.1882,44.07,44.07,2385,0
LDEM.US,D,20231218,000000,43.99,43.99,43.92,43.92,2588,0
LDEM.US,D,20231219,000000,44.11,44.4582,44.11,44.3857,3901,0
LDEM.US,D,20231220,000000,42.96,43.07,42.42,42.42,5152,0
LDEM.US,D,20231221,000000,43.1482,43.4,43.14,43.4,2075,0
LDEM.US,D,20231222,000000,42.74,43.125,42.74,42.88,22220,0
LDEM.US,D,20231226,000000,43.26,43.33,43.25,43.305,2122,0
LDEM.US,D,20231227,000000,43.36,43.62,43.36,43.62,6217,0
LDEM.US,D,20231228,000000,43.935,44.04,43.83,43.91,3369,0
LDEM.US,D,20231229,000000,43.71,43.97,43.71,43.97,2565,0
LDEM.US,D,20240102,000000,43.315,43.3175,43.1,43.17,6882,0
LDEM.US,D,20240103,000000,42.905,43.1799,42.871,43.15,4435,0
LDEM.US,D,20240104,000000,42.97,43.08,42.919,42.97,4134,0
LDEM.US,D,20240105,000000,42.94,43.08,42.83,42.99,13503,0
LDEM.US,D,20240108,000000,42.7292,43.0248,42.725,43.0248,1270,0
LDEM.US,D,20240109,000000,42.5,42.55,42.44,42.55,4351,0
LDEM.US,D,20240110,000000,42.41,42.49,42.3777,42.49,2093,0
LDEM.US,D,20240111,000000,42.745,42.745,42.41,42.74,920,0
LDEM.US,D,20240112,000000,42.9187,42.9187,42.73,42.74,4744,0
LDEM.US,D,20240116,000000,41.86,41.9407,41.7659,41.77,2246,0
LDEM.US,D,20240117,000000,40.87,41.08,40.87,41.08,1839,0
LDEM.US,D,20240118,000000,41.34,41.4887,41.34,41.425,2086,0
LDEM.US,D,20240119,000000,41.26,41.77,41.26,41.68,5516,0
LDEM.US,D,20240122,000000,41.3661,41.3661,41.2101,41.22,3924,0
LDEM.US,D,20240123,000000,41.667,41.87,41.6301,41.87,7229,0
LDEM.US,D,20240124,000000,42.52,42.52,42.17,42.17,10538,0
LDEM.US,D,20240125,000000,42.2,42.23,42.11,42.215,5918,0
LDEM.US,D,20240126,000000,42.3595,42.3595,42.17,42.17,532,0
LDEM.US,D,20240129,000000,42.27,42.33,42.27,42.33,3313,0
LDEM.US,D,20240130,000000,41.96,41.96,41.86,41.86,316,0
LDEM.US,D,20240131,000000,42.04,42.04,41.79,41.84,1152,0
LDEM.US,D,20240201,000000,42.12,42.12,42.12,42.12,306,0
LDEM.US,D,20240202,000000,41.9046,42.1091,41.9046,41.96,2185,0
LDEM.US,D,20240205,000000,41.9479,42.14,41.9479,42.14,772,0
LDEM.US,D,20240206,000000,42.972,43.02,42.972,43.02,691,0
LDEM.US,D,20240207,000000,42.785,42.81,42.7,42.81,4057,0
LDEM.US,D,20240208,000000,42.43,42.4953,42.43,42.4953,1187,0
LDEM.US,D,20240209,000000,42.37,42.83,42.37,42.83,2221,0
LDEM.US,D,20240212,000000,43.15,43.32,43.01,43.01,8685,0
LDEM.US,D,20240213,000000,42.36,42.4261,42.01,42.27,5337,0
LDEM.US,D,20240214,000000,42.74,42.845,42.73,42.79,3999,0
LDEM.US,D,20240215,000000,42.88,43.1,42.88,43.1,2441,0
LDEM.US,D,20240216,000000,43.26,43.45,43.22,43.22,1214,0
LDEM.US,D,20240220,000000,43.41,43.48,43.14,43.36,22708,0
LDEM.US,D,20240221,000000,43.46,43.46,43.3014,43.37,903,0
LDEM.US,D,20240222,000000,43.55,43.7699,43.55,43.7602,1459,0
LDEM.US,D,20240223,000000,43.59,43.7931,43.59,43.7198,1796,0
LDEM.US,D,20240226,000000,43.6163,43.6596,43.4701,43.62,3545,0
LDEM.US,D,20240227,000000,43.8599,43.8599,43.72,43.7491,834,0
LDEM.US,D,20240228,000000,43.2199,43.2199,43.0101,43.125,1783,0
LDEM.US,D,20240229,000000,43.32,43.32,43.24,43.25,685,0
LDEM.US,D,20240301,000000,43.34,43.6499,43.34,43.555,1581,0
LDEM.US,D,20240304,000000,43.42,43.42,43.25,43.25,2509,0
LDEM.US,D,20240305,000000,42.99,43.02,42.8891,42.97,2881,0
LDEM.US,D,20240306,000000,43.64,43.65,43.5101,43.65,515,0
LDEM.US,D,20240307,000000,43.5012,43.8,43.5012,43.8,1168,0
LDEM.US,D,20240308,000000,43.87,43.87,43.84,43.84,1146,0
LDEM.US,D,20240311,000000,44.11,44.11,44,44.0217,793,0
LDEM.US,D,20240312,000000,44.41,44.58,44.41,44.58,513,0
LDEM.US,D,20240313,000000,44.37,44.37,44.37,44.37,379,0
LDEM.US,D,20240314,000000,44.28,44.28,44,44.1302,1481,0
LDEM.US,D,20240315,000000,44.06,44.07,43.83,43.96,1780,0
LDEM.US,D,20240318,000000,43.81,43.81,43.81,43.81,253,0
LDEM.US,D,20240319,000000,43.73,43.73,43.7199,43.72,858,0
LDEM.US,D,20240320,000000,43.73,44.07,43.73,44.07,822,0
LDEM.US,D,20240321,000000,44.05,44.15,44.05,44.1,1816,0
LDEM.US,D,20240322,000000,43.67,43.7,43.57,43.57,1098,0
LDEM.US,D,20240325,000000,43.7,43.8,43.6519,43.8,3560,0
LDEM.US,D,20240326,000000,43.88,43.88,43.71,43.71,621,0
LDEM.US,D,20240327,000000,43.79,43.96,43.79,43.96,1002,0
LDEM.US,D,20240328,000000,43.91,43.93,43.83,43.83,640,0
LDEM.US,D,20240401,000000,44.1,44.11,43.9199,44.02,3768,0
LDEM.US,D,20240402,000000,43.8912,44.02,43.8912,44.02,1728,0
LDEM.US,D,20240403,000000,43.939,43.94,43.83,43.83,1086,0
LDEM.US,D,20240404,000000,44.335,44.3999,43.78,43.87,891,0
LDEM.US,D,20240405,000000,43.7,43.93,43.7,43.78,2240,0
LDEM.US,D,20240408,000000,44.16,44.24,44.16,44.24,517,0
LDEM.US,D,20240409,000000,44.415,44.45,44.415,44.45,326,0
LDEM.US,D,20240410,000000,43.98,44,43.87,44,1208,0
LDEM.US,D,20240411,000000,44.08,44.08,44.08,44.08,128,0
LDEM.US,D,20240412,000000,43.53,43.53,43.2,43.2,416,0
LDEM.US,D,20240415,000000,43.37,43.37,42.7405,42.76,1722,0
LDEM.US,D,20240416,000000,42.38,42.435,42.26,42.34,2430,0
LDEM.US,D,20240417,000000,42.245,42.3299,42.1,42.1,1252,0
LDEM.US,D,20240418,000000,42.45,42.5699,42.3,42.51,1253,0
LDEM.US,D,20240419,000000,42.3799,42.3799,42.25,42.29,776,0
LDEM.US,D,20240422,000000,42.735,42.99,42.735,42.99,615,0
LDEM.US,D,20240423,000000,42.95,43.29,42.95,43.25,1597,0
LDEM.US,D,20240424,000000,43.25,43.26,43.23,43.26,693,0
LDEM.US,D,20240425,000000,43.01,43.52,43.01,43.52,657,0
LDEM.US,D,20240426,000000,43.84,43.84,43.84,43.84,157,0
LDEM.US,D,20240429,000000,44.15,44.48,44.15,44.48,3418,0
LDEM.US,D,20240430,000000,43.9,43.95,43.76,43.76,4136,0
LDEM.US,D,20240501,000000,44.01,44.01,43.93,44,2946,0
LDEM.US,D,20240502,000000,44.39,44.96,44.39,44.96,330,0
LDEM.US,D,20240503,000000,45.27,45.6,45.1114,45.6,1986,0
LDEM.US,D,20240506,000000,45.61,45.78,45.53,45.78,10811,0
LDEM.US,D,20240507,000000,45.3977,45.3977,45.2601,45.27,775,0
LDEM.US,D,20240508,000000,45.38,45.38,45.38,45.38,41,0
LDEM.US,D,20240509,000000,45.3801,45.64,45.3801,45.64,438,0
LDEM.US,D,20240510,000000,45.755,45.76,45.65,45.65,1341,0
LDEM.US,D,20240513,000000,46.1621,46.23,46.1621,46.23,952,0
LDEM.US,D,20240514,000000,46.06,46.23,46.06,46.2,2900,0
LDEM.US,D,20240515,000000,46.74,46.82,46.56,46.82,1237,0
LDEM.US,D,20240516,000000,46.89,47.09,46.83,47.0777,1810,0
LDEM.US,D,20240517,000000,47,47.34,47,47.34,4525,0
LDEM.US,D,20240520,000000,47.19,47.19,47,47.01,1464,0
LDEM.US,D,20240521,000000,46.7084,46.7084,46.7084,46.7084,181,0
LDEM.US,D,20240522,000000,46.64,46.64,46.35,46.35,582,0
LDEM.US,D,20240523,000000,46.6,46.6,45.94,45.98,560,0
LDEM.US,D,20240524,000000,46,46.14,45.99,45.99,1365,0
LDEM.US,D,20240528,000000,46.03,46.03,45.89,45.89,6757,0
LDEM.US,D,20240529,000000,45.2621,45.31,45.2022,45.31,656,0
LDEM.US,D,20240530,000000,45.2,45.21,45.18,45.21,2616,0
LDEM.US,D,20240531,000000,44.81,44.81,44.5,44.7,7688,0
LDEM.US,D,20240603,000000,45.19,45.19,44.98,45.08,1327,0
LDEM.US,D,20240604,000000,44.57,44.74,44.57,44.74,7703,0
LDEM.US,D,20240605,000000,45.24,45.3299,45.175,45.22,769,0
LDEM.US,D,20240606,000000,45.37,45.4113,45.33,45.33,518,0
LDEM.US,D,20240607,000000,45.09,45.0901,44.86,44.86,889,0
LDEM.US,D,20240610,000000,45.15,45.25,45.12,45.22,1487,0
LDEM.US,D,20240611,000000,44.54,44.54,44.54,44.54,62,0
LDEM.US,D,20240612,000000,44.98,45.0703,44.78,44.78,1756,0
LDEM.US,D,20240613,000000,44.65,44.65,44.65,44.65,388,0
LDEM.US,D,20240614,000000,44.663,44.79,44.663,44.79,633,0
LDEM.US,D,20240617,000000,44.84,45.09,44.8189,44.97,1086,0
LDEM.US,D,20240618,000000,45.04,45.325,45.04,45.325,325,0
LDEM.US,D,20240620,000000,45.5098,45.5098,45.18,45.25,2469,0
LDEM.US,D,20240621,000000,45.23,45.23,45.23,45.23,243,0
LDEM.US,D,20240624,000000,45.5075,45.5075,45.27,45.27,551,0
LDEM.US,D,20240625,000000,45.02,45.02,45.02,45.02,300,0
LDEM.US,D,20240626,000000,45.01,45.08,44.98,45.08,6580,0
LDEM.US,D,20240627,000000,45.11,45.11,44.98,44.98,1568,0
LDEM.US,D,20240628,000000,45.27,45.28,45.1059,45.1059,3456,0
LDEM.US,D,20240701,000000,45.1701,45.3,45.1701,45.3,730,0
LDEM.US,D,20240702,000000,45.215,45.3759,45.215,45.3759,271,0
LDEM.US,D,20240703,000000,45.74,46.22,45.74,46.22,1055,0
LDEM.US,D,20240705,000000,45.92,45.92,45.92,45.92,201,0
LDEM.US,D,20240708,000000,46.07,46.07,45.9001,46.07,1953,0
LDEM.US,D,20240709,000000,45.99,46.2999,45.99,46.18,1354,0
LDEM.US,D,20240710,000000,46.4278,46.4278,46.4278,46.4278,244,0
LDEM.US,D,20240711,000000,46.93,46.93,46.93,46.93,113,0
LDEM.US,D,20240712,000000,47.26,47.26,47.26,47.26,228,0
LDEM.US,D,20240715,000000,46.64,46.6835,46.52,46.52,1644,0
LDEM.US,D,20240716,000000,46.52,46.7283,46.4803,46.68,1559,0
LDEM.US,D,20240717,000000,46.31,46.31,46.16,46.17,1629,0
LDEM.US,D,20240718,000000,46.33,46.33,45.91,45.92,640,0
LDEM.US,D,20240719,000000,45.7,45.7,45.49,45.49,1948,0
LDEM.US,D,20240722,000000,45.76,45.94,45.76,45.94,2679,0
LDEM.US,D,20240723,000000,45.52,45.52,45.36,45.4031,1237,0
LDEM.US,D,20240724,000000,45.04,45.21,44.94,44.94,1035,0
LDEM.US,D,20240725,000000,44.929,45.03,44.77,44.77,758,0
LDEM.US,D,20240726,000000,45.17,45.39,45.15,45.39,4672,0
LDEM.US,D,20240729,000000,45.12,45.14,45.12,45.14,210,0
LDEM.US,D,20240730,000000,45.104,45.104,45.0165,45.0165,493,0
LDEM.US,D,20240731,000000,45.728,45.91,45.68,45.71,2600,0
LDEM.US,D,20240801,000000,45.52,45.52,45.18,45.18,212,0
LDEM.US,D,20240802,000000,44.55,44.81,44.55,44.81,864,0
LDEM.US,D,20240805,000000,43.17,43.7,43.17,43.65,2824,0
LDEM.US,D,20240806,000000,43.8101,44.05,43.8087,43.8087,634,0
LDEM.US,D,20240807,000000,44.62,44.6899,43.96,43.96,5266,0
LDEM.US,D,20240808,000000,44.95,45.06,44.95,45.06,3049,0
LDEM.US,D,20240809,000000,45.1,45.21,45.1,45.15,938,0
LDEM.US,D,20240812,000000,45.34,45.42,45.31,45.42,1817,0
LDEM.US,D,20240813,000000,45.73,45.73,45.68,45.68,454,0
LDEM.US,D,20240814,000000,45.53,45.53,45.53,45.53,150,0
LDEM.US,D,20240815,000000,45.96,46.01,45.89,45.9701,3771,0
LDEM.US,D,20240816,000000,46.46,46.46,46.46,46.46,502,0
LDEM.US,D,20240819,000000,46.78,47.04,46.78,47.04,433,0
LDEM.US,D,20240820,000000,46.78,46.78,46.48,46.48,556,0
LDEM.US,D,20240821,000000,46.55,46.9,46.55,46.9,1438,0
LDEM.US,D,20240822,000000,46.5,46.5,46.21,46.2466,2427,0
LDEM.US,D,20240823,000000,47.03,47.1,46.9312,47.1,5170,0
LDEM.US,D,20240826,000000,46.76,46.85,46.7506,46.85,789,0
LDEM.US,D,20240827,000000,47.0099,47.0099,46.93,46.93,341,0
LDEM.US,D,20240828,000000,46.56,46.56,46.39,46.45,452,0
LDEM.US,D,20240829,000000,46.714,46.79,46.714,46.79,236,0
LDEM.US,D,20240830,000000,46.56,46.7,46.56,46.7,146,0
LDEM.US,D,20240903,000000,46.0696,46.12,46.0696,46.12,1016,0
LDEM.US,D,20240904,000000,46.101,46.1551,46.101,46.1551,234,0
LDEM.US,D,20240905,000000,46.41,46.41,46.2,46.3,4542,0
LDEM.US,D,20240906,000000,45.957,45.957,45.57,45.57,243,0
LDEM.US,D,20240909,000000,45.78,45.83,45.78,45.83,537,0
LDEM.US,D,20240910,000000,45.6675,45.93,45.66,45.93,640,0
LDEM.US,D,20240911,000000,46.1744,46.1744,46.1744,46.1744,172,0
LDEM.US,D,20240912,000000,46.28,46.4899,46.28,46.41,933,0
LDEM.US,D,20240913,000000,46.58,46.58,46.58,46.58,85,0
LDEM.US,D,20240916,000000,46.835,46.91,46.835,46.91,976,0
LDEM.US,D,20240917,000000,47.08,47.08,46.9,46.9,461,0
LDEM.US,D,20240918,000000,46.8542,46.8542,46.8542,46.8542,214,0
LDEM.US,D,20240919,000000,47.92,47.92,47.92,47.92,126,0
LDEM.US,D,20240920,000000,47.8,47.8,47.75,47.75,1657,0
LDEM.US,D,20240923,000000,48.32,48.32,48.32,48.32,335,0
LDEM.US,D,20240924,000000,49.57,50.09,49.4515,50.09,735,0
LDEM.US,D,20240925,000000,49.509,49.509,49.381,49.381,640,0
LDEM.US,D,20240926,000000,50.86,51.09,50.85,51.09,1279,0
LDEM.US,D,20240927,000000,51.0601,51.199,51.06,51.0925,16897,0
LDEM.US,D,20240930,000000,50.31,50.32,50.31,50.32,582,0
LDEM.US,D,20241001,000000,50.46,50.63,50.2305,50.61,2818,0
LDEM.US,D,20241002,000000,51.79,51.79,51.79,51.79,223,0
LDEM.US,D,20241003,000000,50.63,50.89,50.63,50.89,541,0
LDEM.US,D,20241004,000000,51.2899,51.44,51.2899,51.44,503,0
LDEM.US,D,20241007,000000,51.45,51.68,51.45,51.68,402,0
LDEM.US,D,20241008,000000,50.111,50.64,50.111,50.64,520,0
LDEM.US,D,20241009,000000,50.015,50.4199,50.015,50.19,910,0
LDEM.US,D,20241010,000000,50.31,50.31,50.31,50.31,286,0
LDEM.US,D,20241011,000000,50.67,50.67,50.67,50.67,135,0
LDEM.US,D,20241014,000000,50.44,50.55,50.3888,50.3888,789,0
LDEM.US,D,20241015,000000,49.3116,49.3116,49.25,49.25,401,0
LDEM.US,D,20241016,000000,49.77,49.9293,49.76,49.7769,673,0
LDEM.US,D,20241017,000000,49.4689,49.4689,49.4689,49.4689,218,0
LDEM.US,D,20241018,000000,50.29,50.29,50.0872,50.0872,961,0
LDEM.US,D,20241021,000000,49.71,49.71,49.62,49.6428,344,0
LDEM.US,D,20241022,000000,49.5,49.58,49.5,49.551,839,0
LDEM.US,D,20241023,000000,49.3,49.3,49.0373,49.1463,888,0
LDEM.US,D,20241024,000000,49.03,49.17,48.92,49.17,1010,0
LDEM.US,D,20241025,000000,49.314579,49.314579,49.14,49.14,1912,0
LDEM.US,D,20241028,000000,49.305,49.4199,49.27,49.27,1816,0
LDEM.US,D,20241029,000000,49.26,49.26,49.1,49.17,2422,0
LDEM.US,D,20241030,000000,48.61,48.61,48.52,48.52,261,0
LDEM.US,D,20241031,000000,48.3,48.3,48.14,48.14,1248,0
LDEM.US,D,20241101,000000,48.52,48.52,48.52,48.52,1275,0
LDEM.US,D,20241104,000000,48.98,48.98,48.7,48.7,3000,0
