<TICKER>,<PER>,<DATE>,<TIME>,<OPEN>,<HIGH>,<LOW>,<CLOSE>,<VOL>,<OPENINT>
QQQJ.US,D,20201014,000000,26.6964,26.7493,26.229,26.3077,1564994.1976202,0
QQQJ.US,D,20201015,000000,26.0007,26.2778,25.8432,26.229,528178.02963397,0
QQQJ.US,D,20201016,000000,26.3864,26.4253,26.1791,26.209,468788.83963494,0
QQQJ.US,D,20201019,000000,26.3177,26.4751,25.8931,26.1004,568459.74225262,0
QQQJ.US,D,20201020,000000,26.1692,26.219,25.8831,25.8831,492877.60476505,0
QQQJ.US,D,20201021,000000,25.9808,26.0854,25.6947,25.7545,262777.22554553,0
QQQJ.US,D,20201022,000000,25.8332,25.9429,25.5392,25.8432,204482.61458677,0
QQQJ.US,D,20201023,000000,26.0406,26.1094,25.8632,26.0804,227321.292197,0
QQQJ.US,D,20201026,000000,25.9718,26.0306,25.3409,25.618,601791.73075398,0
QQQJ.US,D,20201027,000000,25.7744,25.8422,25.5681,25.618,486692.38039906,0
QQQJ.US,D,20201028,000000,25.2322,25.2372,24.8146,24.8574,642900.1465158,0
QQQJ.US,D,20201029,000000,24.8176,25.1734,24.699,25.0339,423258.96664994,0
QQQJ.US,D,20201030,000000,24.975,24.975,24.3252,24.5914,386581.03763593,0
QQQJ.US,D,20201102,000000,24.9651,24.9651,24.4248,24.7179,327753.68472448,0
QQQJ.US,D,20201103,000000,25.015,25.282,24.9462,25.2023,291760.9963012,0
QQQJ.US,D,20201104,000000,25.608,26.2479,25.5592,26.0306,553568.04959014,0
QQQJ.US,D,20201105,000000,26.4353,26.7692,26.3177,26.6914,645754.47957682,0
QQQJ.US,D,20201106,000000,26.8489,26.9974,26.6227,26.9476,545848.80931896,0
QQQJ.US,D,20201109,000000,27.7569,27.9931,26.7692,26.8489,793440.38101154,0
QQQJ.US,D,20201110,000000,26.8788,26.8788,26.0705,26.5549,432129.97295067,0
QQQJ.US,D,20201111,000000,26.7213,27.0064,26.7213,26.9476,314876.57933318,0
QQQJ.US,D,20201112,000000,26.9775,27.0363,26.5549,26.6914,408024.15205183,0
QQQJ.US,D,20201113,000000,26.9177,27.1649,26.8738,27.0752,367824.70843529,0
QQQJ.US,D,20201116,000000,27.3134,27.3921,27.13,27.3921,535191.96370414,0
QQQJ.US,D,20201117,000000,27.3333,27.5606,27.125,27.5018,474247.68890911,0
QQQJ.US,D,20201118,000000,27.5895,27.5895,27.2137,27.2237,423024.19900978,0
QQQJ.US,D,20201119,000000,27.3233,27.7181,27.1549,27.6683,529848.49168902,0
QQQJ.US,D,20201120,000000,27.747,27.9433,27.6543,27.7769,582692.27961771,0
QQQJ.US,D,20201123,000000,27.9145,28.0709,27.7569,28.0031,663729.25325742,0
QQQJ.US,D,20201124,000000,28.2693,28.3181,28.046,28.1895,653761.66135539,0
QQQJ.US,D,20201125,000000,28.3181,28.3181,28.0609,28.2095,436039.75711194,0
QQQJ.US,D,20201127,000000,28.4177,28.5165,28.3281,28.5165,452421.32133704,0
QQQJ.US,D,20201130,000000,28.6739,28.7527,28.1845,28.6639,868216.88424675,0
QQQJ.US,D,20201201,000000,28.7965,28.9101,28.6739,28.8613,750174.91214562,0
QQQJ.US,D,20201202,000000,28.8413,28.8813,28.4765,28.7427,588489.23442496,0
QQQJ.US,D,20201203,000000,28.8315,29.2649,28.8315,29.0567,737247.64272864,0
QQQJ.US,D,20201204,000000,29.1563,29.4613,29.1065,29.4335,1022483.3025698,0
QQQJ.US,D,20201207,000000,29.4933,29.5211,29.3547,29.5121,766594.60103022,0
QQQJ.US,D,20201208,000000,29.5411,29.6896,29.4833,29.5909,685281.72524929,0
QQQJ.US,D,20201209,000000,29.7295,29.7295,28.9491,29.1663,934340.09305267,0
QQQJ.US,D,20201210,000000,29.0965,29.5121,28.8913,29.4833,512139.58734451,0
QQQJ.US,D,20201211,000000,29.4533,29.6507,29.1863,29.5033,628150.91968624,0
QQQJ.US,D,20201214,000000,29.7494,29.8969,29.5121,29.5311,1063142.2486615,0
QQQJ.US,D,20201215,000000,29.7195,29.8671,29.6209,29.8671,1051451.0208372,0
QQQJ.US,D,20201216,000000,29.9757,29.9847,29.7494,29.9457,612628.16358074,0
QQQJ.US,D,20201217,000000,30.1531,30.3693,30.1531,30.3594,1006080.6694539,0
QQQJ.US,D,20201218,000000,30.487,30.5867,30.3395,30.5667,1059993.95441,0
QQQJ.US,D,20201221,000000,30.2907,30.5667,29.9717,30.5567,1481365.750414,0
QQQJ.US,D,20201222,000000,30.7451,30.9325,30.5667,30.9325,956458.41525419,0
QQQJ.US,D,20201223,000000,31.09,31.1089,30.7302,30.8737,957424.57438873,0
QQQJ.US,D,20201224,000000,31.0312,31.0312,30.6953,30.8438,410977.80988369,0
QQQJ.US,D,20201228,000000,31.1089,31.2375,30.3993,30.4192,1046787.7730103,0
QQQJ.US,D,20201229,000000,30.6245,30.7053,29.9837,30.1711,817819.09421007,0
QQQJ.US,D,20201230,000000,30.3495,30.5667,30.2907,30.4481,493351.15316743,0
QQQJ.US,D,20201231,000000,30.5567,30.5567,30.2408,30.4681,558654.68179379,0
QQQJ.US,D,20210104,000000,30.6753,30.6953,29.6397,30.0325,1094310.1610951,0
QQQJ.US,D,20210105,000000,29.9936,30.477,29.9417,30.4581,380499.15116284,0
QQQJ.US,D,20210106,000000,30.3545,30.9724,30.2507,30.6355,734778.56938482,0
QQQJ.US,D,20210107,000000,30.9724,31.5525,30.9724,31.5136,860561.85392843,0
QQQJ.US,D,20210108,000000,31.6821,31.9791,31.4359,31.8495,818611.68581577,0
QQQJ.US,D,20210111,000000,31.5924,32.0379,31.3282,31.8595,835813.93350093,0
QQQJ.US,D,20210112,000000,32.0479,32.2044,31.9093,32.1166,1171112.2876872,0
QQQJ.US,D,20210113,000000,32.2143,32.2343,31.8864,32.0279,1198165.7467348,0
QQQJ.US,D,20210114,000000,32.2442,32.4804,32.1735,32.2741,1061182.8418186,0
QQQJ.US,D,20210115,000000,32.2741,32.3628,31.6721,31.8794,1152585.7097242,0
QQQJ.US,D,20210119,000000,32.1904,32.3628,32.1067,32.2941,963565.65441212,0
QQQJ.US,D,20210120,000000,32.5702,32.7286,32.3778,32.5801,1606459.7812449,0
QQQJ.US,D,20210121,000000,32.7974,32.8273,32.4416,32.5801,909544.01516052,0
QQQJ.US,D,20210122,000000,32.4705,32.6389,32.3529,32.61,711995.07220283,0
QQQJ.US,D,20210125,000000,32.7874,32.9658,31.9293,32.4416,1132237.1743486,0
QQQJ.US,D,20210126,000000,32.7087,32.7087,31.9093,31.9592,983912.18322672,0
QQQJ.US,D,20210127,000000,31.5824,31.6721,30.8937,31.0411,1557270.9442269,0
QQQJ.US,D,20210128,000000,31.1807,31.8107,31.1189,31.5525,827623.15138838,0
QQQJ.US,D,20210129,000000,31.5724,31.6023,30.6953,30.9325,880763.91034909,0
QQQJ.US,D,20210201,000000,31.2674,31.5973,31.0741,31.5425,691138.87688735,0
QQQJ.US,D,20210202,000000,31.9641,32.323,31.9093,32.2642,764882.00119361,0
QQQJ.US,D,20210203,000000,32.4216,32.4804,32.0967,32.313,730555.76170333,0
QQQJ.US,D,20210204,000000,32.5602,32.7974,32.4077,32.7974,858638.56518398,0
QQQJ.US,D,20210205,000000,33.0944,33.241,32.927,33.222,1011512.4301542,0
QQQJ.US,D,20210208,000000,33.5071,33.6756,33.3496,33.6058,1253307.0470396,0
QQQJ.US,D,20210209,000000,33.6058,33.8679,33.5021,33.7642,988657.70005577,0
QQQJ.US,D,20210210,000000,33.9028,34.141,33.3296,33.7942,1145167.453607,0
QQQJ.US,D,20210211,000000,34.0414,34.0414,33.6656,33.9826,803168.18887084,0
QQQJ.US,D,20210212,000000,33.9426,34.3952,33.829,34.3952,966460.11869368,0
QQQJ.US,D,20210216,000000,34.6922,34.7221,33.9098,34.1111,1848464.0837575,0
QQQJ.US,D,20210217,000000,33.9925,34.0214,33.2509,33.834,1087407.591162,0
QQQJ.US,D,20210218,000000,33.4274,33.7443,33.1542,33.6356,1022451.1975934,0
QQQJ.US,D,20210219,000000,33.8928,34.2396,33.844,34.0513,770774.26764963,0
QQQJ.US,D,20210222,000000,33.814,33.8629,33.0655,33.0755,1352946.8479613,0
QQQJ.US,D,20210223,000000,32.2741,32.917,31.4159,32.7874,1953973.0756835,0
QQQJ.US,D,20210224,000000,32.8273,33.3596,32.4705,33.2898,1173396.7574166,0
QQQJ.US,D,20210225,000000,33.2021,33.3696,31.9691,32.1166,1597551.6535651,0
QQQJ.US,D,20210226,000000,32.2841,32.8871,31.8794,32.629,1447790.9680284,0
QQQJ.US,D,20210301,000000,33.1632,33.7244,33.0805,33.6855,1343442.7716566,0
QQQJ.US,D,20210302,000000,33.814,33.824,33.1343,33.1632,840817.29342195,0
QQQJ.US,D,20210303,000000,33.1632,33.222,32.0329,32.1366,1451712.7915558,0
QQQJ.US,D,20210304,000000,31.8007,32.1166,30.3195,30.8937,2255893.2904648,0
QQQJ.US,D,20210305,000000,31.09,31.2275,29.5201,31.1588,1753119.3267142,0
QQQJ.US,D,20210308,000000,31.1289,31.6223,30.6155,30.6555,1147194.0802444,0
QQQJ.US,D,20210309,000000,31.4359,31.8794,31.3771,31.6821,1111258.5788104,0
QQQJ.US,D,20210310,000000,32.1705,32.323,31.6821,31.7708,784918.51632953,0
QQQJ.US,D,20210311,000000,32.2642,32.8572,32.2642,32.7874,932723.80814536,0
QQQJ.US,D,20210312,000000,32.5303,32.7585,32.1166,32.7585,725401.90970527,0
QQQJ.US,D,20210315,000000,32.927,33.222,32.7785,33.222,654500.07581336,0
QQQJ.US,D,20210316,000000,33.4423,33.4872,32.7087,33.0057,666070.90997602,0
QQQJ.US,D,20210317,000000,32.6389,33.231,32.3828,33.1343,562607.60701714,0
QQQJ.US,D,20210318,000000,32.8572,32.8961,32.1266,32.1854,648195.46106627,0
QQQJ.US,D,20210319,000000,32.2243,32.7486,32.0678,32.6389,468897.19393039,0
QQQJ.US,D,20210322,000000,32.7874,33.0556,32.6519,32.8672,402148.94136454,0
QQQJ.US,D,20210323,000000,32.7974,32.7974,32.0269,32.1266,467074.23323729,0
QQQJ.US,D,20210324,000000,32.2343,32.323,30.9704,30.9803,820190.84934408,0
QQQJ.US,D,20210325,000000,30.5149,31.0302,30.2787,30.9803,718759.18942512,0
QQQJ.US,D,20210326,000000,30.9803,31.1977,30.2887,31.0791,388412.02457315,0
QQQJ.US,D,20210329,000000,30.9704,31.1777,30.4182,30.5448,911897.71124528,0
QQQJ.US,D,20210330,000000,30.4761,30.9605,30.3475,30.9116,333566.69201993,0
QQQJ.US,D,20210331,000000,31.1279,31.6412,31.1179,31.4528,575459.6303956,0
QQQJ.US,D,20210401,000000,31.8685,32.1057,31.8097,31.9781,760612.03932798,0
QQQJ.US,D,20210405,000000,32.3,32.3529,31.9313,32.0668,762009.60908334,0
QQQJ.US,D,20210406,000000,31.9881,32.5502,31.9781,32.3628,703600.62414603,0
QQQJ.US,D,20210407,000000,32.3828,32.3828,31.9183,31.9582,350188.04028776,0
QQQJ.US,D,20210408,000000,32.2642,32.4416,32.1266,32.3927,536015.65700575,0
QQQJ.US,D,20210409,000000,32.313,32.4027,32.0718,32.3529,392221.48068306,0
QQQJ.US,D,20210412,000000,32.2442,32.302,31.9582,32.2542,280853.33055799,0
QQQJ.US,D,20210413,000000,32.3927,32.6888,32.3728,32.6688,506580.41001898,0
QQQJ.US,D,20210414,000000,32.7087,32.936,32.313,32.3728,1474799.2794529,0
QQQJ.US,D,20210415,000000,32.7286,32.8472,32.619,32.7974,327294.18224927,0
QQQJ.US,D,20210416,000000,32.8472,32.933,32.6589,32.8074,348866.71985143,0
QQQJ.US,D,20210419,000000,32.6688,32.8672,32.1555,32.3429,417639.5924936,0
QQQJ.US,D,20210420,000000,32.323,32.4206,31.6621,31.997,339406.78788925,0
QQQJ.US,D,20210421,000000,31.8395,32.5402,31.7598,32.5402,444182.38175984,0
QQQJ.US,D,20210422,000000,32.5901,33.0456,32.4416,32.5901,691768.93704985,0
QQQJ.US,D,20210423,000000,32.7187,33.1343,32.7187,33.0655,367520.71443969,0
QQQJ.US,D,20210426,000000,33.0944,33.518,33.0456,33.4782,444663.95640634,0
QQQJ.US,D,20210427,000000,33.5768,33.7054,33.3506,33.4383,374210.58890397,0
QQQJ.US,D,20210428,000000,33.3705,33.4184,33.1542,33.3207,289911.95031475,0
QQQJ.US,D,20210429,000000,33.4582,33.4582,32.6888,33.0256,474305.8791789,0
QQQJ.US,D,20210430,000000,32.8772,32.9658,32.5203,32.61,440537.46365414,0
QQQJ.US,D,20210503,000000,32.6389,32.7685,32.2243,32.2243,590307.17871549,0
QQQJ.US,D,20210504,000000,31.9083,31.9641,31.1379,31.5914,863837.56480515,0
QQQJ.US,D,20210505,000000,31.9183,31.9681,31.4149,31.5415,440981.91692164,0
QQQJ.US,D,20210506,000000,31.4927,31.4927,30.6813,31.0691,826506.50017681,0
QQQJ.US,D,20210507,000000,31.4249,31.7698,31.39,31.5615,816235.9175597,0
QQQJ.US,D,20210510,000000,31.4827,31.4827,30.8019,30.8219,679182.78300749,0
QQQJ.US,D,20210511,000000,30.0105,30.9545,29.9727,30.8418,717914.42723272,0
QQQJ.US,D,20210512,000000,30.4371,30.6933,29.8929,29.9727,1096014.7346877,0
QQQJ.US,D,20210513,000000,30.1889,30.4471,29.6667,30.0305,728367.6069033,0
QQQJ.US,D,20210514,000000,30.3673,31.0003,30.2587,30.8917,283800.96870678,0
QQQJ.US,D,20210517,000000,30.8418,30.9505,30.5547,30.8219,369212.24538552,0
QQQJ.US,D,20210518,000000,31.0103,31.3173,30.8817,30.9803,286619.18366931,0
QQQJ.US,D,20210519,000000,30.3375,30.9605,30.2897,30.9205,384239.38091733,0
QQQJ.US,D,20210520,000000,31.1179,31.6861,31.099,31.6113,353337.33781977,0
QQQJ.US,D,20210521,000000,31.7797,31.8784,31.5315,31.5315,392037.88034908,0
QQQJ.US,D,20210524,000000,31.7399,32.0548,31.6711,31.9083,220623.39148861,0
QQQJ.US,D,20210525,000000,32.0967,32.1735,31.8196,31.8884,257852.12150456,0
QQQJ.US,D,20210526,000000,32.0768,32.2592,32.0668,32.2343,332272.46015746,0
QQQJ.US,D,20210527,000000,32.2542,32.4804,32.017,32.3828,356085.32314635,0
QQQJ.US,D,20210528,000000,32.5502,32.6589,32.4216,32.4416,464509.84824468,0
QQQJ.US,D,20210601,000000,32.605,32.6489,32.1655,32.3529,344580.70549758,0
QQQJ.US,D,20210602,000000,32.4027,32.4216,32.1944,32.2941,296440.29661636,0
QQQJ.US,D,20210603,000000,32.1067,32.1067,31.705,31.9183,248659.06215899,0
QQQJ.US,D,20210604,000000,32.0967,32.2642,32.0967,32.2542,334468.6412016,0
QQQJ.US,D,20210607,000000,32.2642,32.4515,32.1266,32.3927,276662.62785293,0
QQQJ.US,D,20210608,000000,32.5602,32.6489,32.1944,32.5402,329114.13310083,0
QQQJ.US,D,20210609,000000,32.6,32.7177,32.4904,32.4904,208208.79841405,0
QQQJ.US,D,20210610,000000,32.5702,32.917,32.4904,32.8971,243760.04341137,0
QQQJ.US,D,20210611,000000,32.936,33.0256,32.8622,33.0256,351786.26614583,0
QQQJ.US,D,20210614,000000,33.0456,33.1732,32.9858,33.1244,268189.92391608,0
QQQJ.US,D,20210615,000000,33.0845,33.0845,32.6489,32.6788,244787.40265723,0
QQQJ.US,D,20210616,000000,32.6489,32.8772,32.3728,32.6987,295294.5502699,0
QQQJ.US,D,20210617,000000,32.5402,32.9758,32.5402,32.927,362292.61968362,0
QQQJ.US,D,20210618,000000,32.6987,32.8871,32.5702,32.7386,313528.17032298,0
QQQJ.US,D,20210621,000000,32.7087,32.9958,32.4027,32.9559,446953.44253824,0
QQQJ.US,D,20210622,000000,32.9758,33.2918,32.8572,33.2619,374065.11322951,0
QQQJ.US,D,20210623,000000,33.2818,33.4802,33.2629,33.3516,370364.01141506,0
QQQJ.US,D,20210624,000000,33.6177,33.7862,33.5579,33.6775,506408.84905117,0
QQQJ.US,D,20210625,000000,33.7762,33.9566,33.7364,33.8649,366103.07907405,0
QQQJ.US,D,20210628,000000,34.0044,34.2367,33.9845,34.1918,342258.11110874,0
QQQJ.US,D,20210629,000000,34.163,34.3494,34.123,34.2915,260228.89304113,0
QQQJ.US,D,20210630,000000,34.2416,34.2416,34.0094,34.0234,273814.31447499,0
QQQJ.US,D,20210701,000000,34.0732,34.123,33.816,33.9944,244013.8733813,0
QQQJ.US,D,20210702,000000,34.1131,34.165,33.9496,34.0832,233923.88125662,0
QQQJ.US,D,20210706,000000,34.0434,34.0932,33.7562,34.0134,319474.61392674,0
QQQJ.US,D,20210707,000000,34.153,34.2118,33.5679,33.836,622896.73963683,0
QQQJ.US,D,20210708,000000,33.1244,33.6875,32.9658,33.4991,396587.75747798,0
QQQJ.US,D,20210709,000000,33.6078,33.9994,33.534,33.9646,196493.49185744,0
QQQJ.US,D,20210712,000000,34.0832,34.123,33.819,33.9048,275895.11826008,0
QQQJ.US,D,20210713,000000,33.8649,33.9346,33.5858,33.6177,538771.66857645,0
QQQJ.US,D,20210714,000000,33.7364,33.8061,33.1154,33.1632,288876.56482478,0
QQQJ.US,D,20210715,000000,33.0356,33.224,32.5402,32.7685,336194.28368489,0
QQQJ.US,D,20210716,000000,32.8871,32.9668,32.5402,32.5602,252802.61067991,0
QQQJ.US,D,20210719,000000,32.0957,32.5203,31.9273,32.4316,479412.57699282,0
QQQJ.US,D,20210720,000000,32.61,33.1931,32.4027,33.1144,692886.59154193,0
QQQJ.US,D,20210721,000000,33.1443,33.4692,33.0845,33.4692,206106.92573819,0
QQQJ.US,D,20210722,000000,33.4991,33.5878,33.3516,33.4892,292146.2560184,0
QQQJ.US,D,20210723,000000,33.6177,33.8848,33.4892,33.8748,281194.4459326,0
QQQJ.US,D,20210726,000000,33.7762,33.836,33.551,33.6476,229293.74168662,0
QQQJ.US,D,20210727,000000,33.6078,33.6078,32.8074,33.2619,251846.48435051,0
QQQJ.US,D,20210728,000000,33.3217,33.856,33.3217,33.7662,237336.03828317,0
QQQJ.US,D,20210729,000000,33.856,33.9456,33.6974,33.7164,171419.50526304,0
QQQJ.US,D,20210730,000000,33.4254,33.7962,33.3815,33.4991,177506.40813869,0
QQQJ.US,D,20210802,000000,33.6376,33.816,33.535,33.6277,336966.80968031,0
QQQJ.US,D,20210803,000000,33.6277,33.7214,33.3416,33.7164,259206.55019784,0
QQQJ.US,D,20210804,000000,33.6576,33.9247,33.6376,33.826,414762.18398077,0
QQQJ.US,D,20210805,000000,33.7862,34.0533,33.7164,33.9845,224477.99522163,0
QQQJ.US,D,20210806,000000,33.9546,33.9546,33.5878,33.7064,169224.32749941,0
QQQJ.US,D,20210809,000000,33.7463,33.826,33.539,33.7662,220956.4806191,0
QQQJ.US,D,20210810,000000,33.8848,33.8848,33.4512,33.4991,204195.67635989,0
QQQJ.US,D,20210811,000000,33.5878,33.5878,33.0556,33.3616,280995.79639091,0
QQQJ.US,D,20210812,000000,33.3516,33.4792,33.223,33.4393,214543.51157656,0
QQQJ.US,D,20210813,000000,33.4194,33.4692,33.2639,33.2818,170944.95358013,0
QQQJ.US,D,20210816,000000,33.1632,33.223,32.8074,33.0944,275016.24453021,0
QQQJ.US,D,20210817,000000,32.8572,32.917,32.5502,32.8472,461458.87220301,0
QQQJ.US,D,20210818,000000,32.8472,33.0057,32.5901,32.619,313211.1336807,0
QQQJ.US,D,20210819,000000,32.3628,32.7177,32.2841,32.4804,454323.5411907,0
QQQJ.US,D,20210820,000000,32.5303,32.8672,32.5303,32.8672,252239.77031181,0
QQQJ.US,D,20210823,000000,32.9858,33.4393,32.9858,33.4094,236854.46363667,0
QQQJ.US,D,20210824,000000,33.6078,33.822,33.5878,33.7762,389351.09513381,0
QQQJ.US,D,20210825,000000,33.816,34.0932,33.7403,34.0533,299460.17096211,0
QQQJ.US,D,20210826,000000,34.0832,34.2317,33.829,33.8649,203725.13779905,0
QQQJ.US,D,20210827,000000,33.9247,34.4092,33.9247,34.3494,222551.69663563,0
QQQJ.US,D,20210830,000000,34.3892,34.5776,34.3014,34.4978,298168.94894119,0
QQQJ.US,D,20210831,000000,34.429,34.5078,34.3014,34.3992,266948.86592083,0
QQQJ.US,D,20210901,000000,34.5078,34.7052,34.461,34.5776,218210.50185354,0
QQQJ.US,D,20210902,000000,34.746,34.8536,34.6364,34.7162,319190.68554141,0
QQQJ.US,D,20210903,000000,34.776,34.9672,34.727,34.9334,211017.98385197,0
QQQJ.US,D,20210907,000000,34.9822,34.9822,34.6762,34.7062,231779.87079918,0
QQQJ.US,D,20210908,000000,34.6364,34.6564,34.2516,34.3592,319809.70961826,0
QQQJ.US,D,20210909,000000,34.3274,34.5876,34.3114,34.4092,276068.68578892,0
QQQJ.US,D,20210910,000000,34.5975,34.6074,34.153,34.1918,224358.60484053,0
QQQJ.US,D,20210913,000000,34.2816,34.2816,33.7034,33.9845,322448.33736887,0
QQQJ.US,D,20210914,000000,34.0044,34.0932,33.7882,33.8848,192252.6251267,0
QQQJ.US,D,20210915,000000,33.8948,34.0324,33.6716,34.0044,261972.59457367,0
QQQJ.US,D,20210916,000000,33.9845,34.2018,33.835,34.163,447982.80834512,0
QQQJ.US,D,20210917,000000,34.0932,34.2018,33.816,34.0044,198460.9249445,0
QQQJ.US,D,20210920,000000,33.3516,33.6277,33.0246,33.3994,494027.36423357,0
QQQJ.US,D,20210921,000000,33.6277,33.7423,33.2818,33.3994,186845.94643923,0
QQQJ.US,D,20210922,000000,33.5679,33.9346,33.51,33.816,191110.8919023,0
QQQJ.US,D,20210923,000000,33.9746,34.3214,33.9546,34.2317,235576.28426242,0
QQQJ.US,D,20210924,000000,34.0732,34.1918,33.8948,34.133,192140.25770919,0
QQQJ.US,D,20210927,000000,34.0932,34.0932,33.7433,33.9148,162543.48255975,0
QQQJ.US,D,20210928,000000,33.6177,33.6177,32.916,32.9848,457701.58667979,0
QQQJ.US,D,20210929,000000,33.0745,33.1931,32.6977,32.7476,201159.74952592,0
QQQJ.US,D,20210930,000000,32.8961,33.0316,32.6878,32.6977,248454.39293423,0
QQQJ.US,D,20211001,000000,32.8762,33.0835,32.4017,32.9748,416776.77125196,0
QQQJ.US,D,20211004,000000,32.8462,32.8542,32.0947,32.2133,374018.96232589,0
QQQJ.US,D,20211005,000000,32.322,32.7675,32.306,32.5193,261288.35726343,0
QQQJ.US,D,20211006,000000,32.1535,32.7077,32.1246,32.6479,243213.25553149,0
QQQJ.US,D,20211007,000000,32.935,33.3904,32.926,33.1433,193735.47372572,0
QQQJ.US,D,20211008,000000,33.233,33.2918,32.8213,32.8363,235094.70961592,0
QQQJ.US,D,20211011,000000,32.7765,33.0795,32.7077,32.7177,220207.03007549,0
QQQJ.US,D,20211012,000000,32.7964,33.0346,32.7864,32.8762,176657.63282423,0
QQQJ.US,D,20211013,000000,33.0047,33.2918,32.9748,33.213,327382.47093447,0
QQQJ.US,D,20211014,000000,33.4892,33.7562,33.4892,33.6676,340978.92845397,0
QQQJ.US,D,20211015,000000,33.8748,33.9247,33.7064,33.7463,241937.08271827,0
QQQJ.US,D,20211018,000000,33.7463,33.9944,33.5878,33.9944,412475.70769041,0
QQQJ.US,D,20211019,000000,34.123,34.3882,34.0832,34.2716,300461.44491463,0
QQQJ.US,D,20211020,000000,34.2716,34.3992,34.158,34.3114,248732.30163648,0
QQQJ.US,D,20211021,000000,34.3114,34.6274,34.2895,34.6274,333204.50775455,0
QQQJ.US,D,20211022,000000,34.5975,34.726,34.3014,34.469,182833.82766559,0
QQQJ.US,D,20211025,000000,34.5776,34.756,34.3592,34.6274,244087.11285879,0
QQQJ.US,D,20211026,000000,34.8248,34.8338,34.2516,34.3494,363276.83786741,0
QQQJ.US,D,20211027,000000,34.459,34.5736,34.0044,34.0533,368063.48919751,0
QQQJ.US,D,20211028,000000,34.0832,34.5576,34.0284,34.5576,180958.69638578,0
QQQJ.US,D,20211029,000000,34.3792,34.5965,34.3244,34.5876,270311.86220222,0
QQQJ.US,D,20211101,000000,34.6364,34.9534,34.6364,34.9534,256031.16737248,0
QQQJ.US,D,20211102,000000,35.0032,35.0032,34.725,34.9244,225664.87606915,0
QQQJ.US,D,20211103,000000,34.8946,35.1616,34.7172,35.1516,243936.62078175,0
QQQJ.US,D,20211104,000000,35.1516,35.2802,34.8996,35.0132,270947.94204781,0
QQQJ.US,D,20211105,000000,35.2214,35.3102,34.7858,35.0132,282033.18844191,0
QQQJ.US,D,20211108,000000,35.2702,35.5056,35.2702,35.4378,281441.25293892,0
QQQJ.US,D,20211109,000000,35.4478,35.6998,35.2802,35.5664,246933.4196757,0
QQQJ.US,D,20211110,000000,35.369,35.5274,34.6564,34.8348,308869.93889861,0
QQQJ.US,D,20211111,000000,35.073,35.3102,35.0132,35.1616,181994.08187576,0
QQQJ.US,D,20211112,000000,35.3291,35.6162,35.3192,35.6162,256218.78082851,0
QQQJ.US,D,20211115,000000,35.6959,35.7328,35.389,35.5174,209027.4753131,0
QQQJ.US,D,20211116,000000,35.5862,35.8584,35.4976,35.8444,417585.41534588,0
QQQJ.US,D,20211117,000000,35.8046,35.8046,35.2634,35.379,342423.65239346,0
QQQJ.US,D,20211118,000000,35.4576,35.4576,34.8696,35.0232,485650.97522601,0
QQQJ.US,D,20211119,000000,35.1616,35.3002,35.0152,35.043,266097.08076484,0
QQQJ.US,D,20211122,000000,35.1616,35.2214,34.2816,34.459,389496.57080828,0
QQQJ.US,D,20211123,000000,34.2915,34.6074,33.7314,34.163,405939.3351447,0
QQQJ.US,D,20211124,000000,33.9746,34.4878,33.7662,34.469,181140.29015873,0
QQQJ.US,D,20211126,000000,33.9974,34.3792,33.7762,33.9247,193849.84770427,0
QQQJ.US,D,20211129,000000,34.2058,34.4092,33.856,34.2516,274013.96729718,0
QQQJ.US,D,20211130,000000,34.163,34.2866,33.3018,33.5679,362005.68145676,0
QQQJ.US,D,20211201,000000,33.9646,34.0434,32.5293,32.5692,433326.88660333,0
QQQJ.US,D,20211202,000000,32.5592,33.1433,32.4017,33.0346,251297.6899096,0
QQQJ.US,D,20211203,000000,33.1433,33.1433,31.8993,32.303,461357.54087114,0
QQQJ.US,D,20211206,000000,32.1834,32.4017,31.698,32.2731,468172.82539962,0
QQQJ.US,D,20211207,000000,32.906,33.5778,32.906,33.3805,627484.74142525,0
QQQJ.US,D,20211208,000000,33.529,33.9138,33.213,33.826,219948.183703,0
QQQJ.US,D,20211209,000000,33.6974,33.9148,33.0246,33.0546,194419.71103595,0
QQQJ.US,D,20211210,000000,33.2519,33.4792,32.8462,33.0047,364329.27912611,0
QQQJ.US,D,20211213,000000,33.0047,33.0835,32.4994,32.7276,360052.29429688,0
QQQJ.US,D,20211214,000000,32.312,32.4017,31.8764,32.2333,682549.79241092,0
QQQJ.US,D,20211215,000000,32.0947,32.7964,31.7479,32.7765,585593.76686288,0
QQQJ.US,D,20211216,000000,33.0246,33.0286,32.0628,32.2432,336647.76647701,0
QQQJ.US,D,20211217,000000,31.9861,32.7476,31.708,32.5392,361216.09969259,0
QQQJ.US,D,20211220,000000,32.1117,32.3848,31.9621,32.2412,628266.2969453,0
QQQJ.US,D,20211221,000000,32.3708,32.9658,32.2622,32.9579,314164.25016857,0
QQQJ.US,D,20211222,000000,32.8682,33.1273,32.7486,33.0974,195203.27311703,0
QQQJ.US,D,20211223,000000,33.1373,33.4752,33.0974,33.4054,293827.7541591,0
QQQJ.US,D,20211227,000000,33.3954,33.6346,33.2768,33.6346,374724.26852691,0
QQQJ.US,D,20211228,000000,33.6944,33.7742,33.3167,33.3954,593607.97160503,0
QQQJ.US,D,20211229,000000,33.3167,33.4054,33.1293,33.3466,306041.69113094,0
QQQJ.US,D,20211230,000000,33.3466,33.824,33.3466,33.6048,349123.55966289,0
QQQJ.US,D,20211231,000000,33.5848,33.7044,33.3855,33.4254,368979.48430637,0
QQQJ.US,D,20220103,000000,33.4852,33.5589,33.0874,33.3068,343380.78200338,0
QQQJ.US,D,20220104,000000,33.3167,33.3855,32.609,32.8981,546984.52286029,0
QQQJ.US,D,20220105,000000,32.7187,32.8632,31.6532,31.6532,506738.92834013,0
QQQJ.US,D,20220106,000000,31.6332,31.9263,31.1458,31.6631,342216.97660767,0
QQQJ.US,D,20220107,000000,31.6731,31.9322,31.3352,31.3851,225731.09258304,0
QQQJ.US,D,20220110,000000,31.1349,31.4638,30.5279,31.4439,637218.56896762,0
QQQJ.US,D,20220111,000000,31.4439,31.8316,31.2255,31.8126,367911.99383997,0
QQQJ.US,D,20220112,000000,31.9921,32.2014,31.5694,31.713,249816.84787161,0
QQQJ.US,D,20220113,000000,31.8226,31.8226,30.9255,30.9863,408733.47137491,0
QQQJ.US,D,20220114,000000,30.7671,31.0262,30.3495,30.8867,323522.85079888,0
QQQJ.US,D,20220118,000000,30.4491,30.6475,30.0005,30.0604,441883.86610332,0
QQQJ.US,D,20220119,000000,30.2597,30.4182,29.7514,29.8013,509405.64794511,0
QQQJ.US,D,20220120,000000,30.0505,30.5349,29.3865,29.4533,551774.18403193,0
QQQJ.US,D,20220121,000000,29.2739,29.4435,28.6061,28.656,896195.36792785,0
QQQJ.US,D,20220124,000000,27.9693,29.0547,27.2925,29.0049,1780515.9076975,0
QQQJ.US,D,20220125,000000,28.5075,28.8135,28.049,28.348,579974.39270653,0
QQQJ.US,D,20220126,000000,28.8753,29.0747,27.7799,28.0589,781530.4380353,0
QQQJ.US,D,20220127,000000,28.4477,28.5354,27.5516,27.6204,510725.96510093,0
QQQJ.US,D,20220128,000000,27.6104,28.4177,27.2925,28.3679,567474.52078833,0
QQQJ.US,D,20220131,000000,28.3579,29.5121,28.3579,29.4633,437970.06881999,0
QQQJ.US,D,20220201,000000,29.5819,29.8869,29.2511,29.8611,386047.29240273,0
QQQJ.US,D,20220202,000000,29.9407,29.9807,29.5033,29.7514,333886.73850374,0
QQQJ.US,D,20220203,000000,29.1543,29.567,28.9361,28.9949,409470.88255236,0
QQQJ.US,D,20220204,000000,29.0049,29.6317,28.8553,29.4435,225224.4359237,0
QQQJ.US,D,20220207,000000,29.5321,29.8511,29.3915,29.4933,286939.23015313,0
QQQJ.US,D,20220208,000000,29.3337,29.8661,29.2441,29.8411,231400.63076506,0
QQQJ.US,D,20220209,000000,30.2299,30.7771,30.2299,30.7771,333121.23547192,0
QQQJ.US,D,20220210,000000,30.2299,31.1558,30.1401,30.3095,337551.72221971,0
QQQJ.US,D,20220211,000000,30.3195,30.5369,29.4483,29.6119,398064.58639392,0
QQQJ.US,D,20220214,000000,29.5033,29.8311,29.2241,29.4235,541015.00380473,0
QQQJ.US,D,20220215,000000,29.8909,30.4093,29.871,30.3993,204991.27780713,0
QQQJ.US,D,20220216,000000,30.0005,30.1899,29.6617,30.1003,173085.95419603,0
QQQJ.US,D,20220217,000000,29.6916,29.7813,29.1943,29.2441,254435.95135595,0
QQQJ.US,D,20220218,000000,29.1345,29.3219,28.6271,28.8055,231593.26062366,0
QQQJ.US,D,20220222,000000,28.4577,28.8255,28.0091,28.2185,346673.54864882,0
QQQJ.US,D,20220223,000000,28.3381,28.4477,27.427,27.4819,290587.15810036,0
QQQJ.US,D,20220224,000000,26.506,28.4187,26.3067,28.3979,678826.61842517,0
QQQJ.US,D,20220225,000000,28.5463,29.0149,28.1187,29.0149,278076.25009651,0
QQQJ.US,D,20220228,000000,28.8453,29.1443,28.5613,29.0347,206320.62448758,0
QQQJ.US,D,20220301,000000,28.9551,29.1783,28.4577,28.6859,587869.20706758,0
QQQJ.US,D,20220302,000000,28.7855,29.1743,28.5663,29.0747,369185.15681164,0
QQQJ.US,D,20220303,000000,29.0647,29.1345,28.2383,28.3579,245428.49890539,0
QQQJ.US,D,20220304,000000,28.0589,28.2981,27.5038,27.6802,282868.92110969,0
QQQJ.US,D,20220307,000000,27.6204,27.8197,26.5858,26.6346,290709.55832302,0
QQQJ.US,D,20220308,000000,26.6057,27.3263,26.3665,26.6845,389099.27172492,0
QQQJ.US,D,20220309,000000,27.2426,27.7599,27.2177,27.6204,194072.57597827,0
QQQJ.US,D,20220310,000000,27.2426,27.3453,26.834,27.2526,186797.78897459,0
QQQJ.US,D,20220311,000000,27.5417,27.5417,26.5459,26.5459,200300.94140633,0
QQQJ.US,D,20220314,000000,26.4562,26.7941,25.8781,25.9778,254702.82397256,0
QQQJ.US,D,20220315,000000,26.0476,26.6845,25.9878,26.6446,232184.19284613,0
QQQJ.US,D,20220316,000000,26.9935,27.9293,26.9935,27.9293,308964.24726688,0
QQQJ.US,D,20220317,000000,27.7899,28.4277,27.5616,28.4277,208142.58190017,0
QQQJ.US,D,20220318,000000,28.3381,29.0747,28.2583,29.0247,318941.87197405,0
QQQJ.US,D,20220321,000000,28.9551,29.0347,28.4167,28.7357,230033.1594251,0
QQQJ.US,D,20220322,000000,28.7059,29.3039,28.7059,29.1943,1450562.0288067,0
QQQJ.US,D,20220323,000000,29.0149,29.254,28.6859,28.7357,101468.78129796,0
QQQJ.US,D,20220324,000000,28.8553,29.2041,28.6361,29.2041,220735.75890612,0
QQQJ.US,D,20220325,000000,29.2341,29.2341,28.6061,28.9451,204343.15859538,0
QQQJ.US,D,20220328,000000,28.8553,29.1443,28.6061,29.1443,191637.6141719,0
QQQJ.US,D,20220329,000000,29.4035,29.9119,29.3537,29.8521,187342.57029344,0
QQQJ.US,D,20220330,000000,29.7723,29.8521,29.2241,29.3637,104506.71469295,0
QQQJ.US,D,20220331,000000,29.4435,29.4532,28.8753,28.9451,167525.77358998,0
QQQJ.US,D,20220401,000000,29.1045,29.2222,28.7257,29.0049,221289.5697496,0
QQQJ.US,D,20220404,000000,29.1443,29.5131,29.1145,29.4733,185948.01037962,0
QQQJ.US,D,20220405,000000,29.3737,29.4733,28.7071,28.7855,350746.8675338,0
QQQJ.US,D,20220406,000000,28.4088,28.4567,27.8785,28.2373,265759.97851228,0
QQQJ.US,D,20220407,000000,28.1577,28.4404,27.8287,28.3669,140360.95040536,0
QQQJ.US,D,20220408,000000,28.1676,28.3969,27.9583,28.0979,136657.84202988,0
QQQJ.US,D,20220411,000000,27.8187,28.1577,27.6891,27.739,291280.42493522,0
QQQJ.US,D,20220412,000000,28.0081,28.3869,27.5596,27.6593,174093.24783162,0
QQQJ.US,D,20220413,000000,27.6593,28.2779,27.6593,28.2274,236771.19135404,0
QQQJ.US,D,20220414,000000,28.1975,28.2673,27.8387,27.8586,109132.8411409,0
QQQJ.US,D,20220418,000000,27.7489,27.7769,27.3204,27.5297,398428.77722033,0
QQQJ.US,D,20220419,000000,27.5097,28.2192,27.4599,28.1875,255867.63264877,0
QQQJ.US,D,20220420,000000,28.1875,28.3051,27.8586,27.9085,200204.62647703,0
QQQJ.US,D,20220421,000000,28.2373,28.346,27.1509,27.2008,169846.3614178,0
QQQJ.US,D,20220422,000000,27.121,27.2152,26.5429,26.5429,1061831.9643109,0
QQQJ.US,D,20220425,000000,26.3934,26.9416,26.2738,26.9017,319804.6932157,0
QQQJ.US,D,20220426,000000,26.7423,26.7423,25.915,25.915,469028.62367767,0
QQQJ.US,D,20220427,000000,26.0246,26.4133,25.8253,25.925,269128.99447676,0
QQQJ.US,D,20220428,000000,26.224,26.6725,25.6988,26.5529,378889.88921912,0
QQQJ.US,D,20220429,000000,26.4034,26.9017,25.7755,25.8153,259851.65956805,0
QQQJ.US,D,20220502,000000,25.8054,26.3037,25.596,26.3037,224921.44520862,0
QQQJ.US,D,20220503,000000,26.2439,26.5513,26.1642,26.4133,467802.61489012,0
QQQJ.US,D,20220504,000000,26.2439,27.081,25.8485,27.0213,288115.074915,0
QQQJ.US,D,20220505,000000,26.7124,26.7124,25.3967,25.6857,298616.41205023,0
QQQJ.US,D,20220506,000000,25.5362,25.5362,24.5993,24.8684,358144.05476014,0
QQQJ.US,D,20220509,000000,24.4199,24.6192,23.5627,23.6524,792317.71011689,0
QQQJ.US,D,20220510,000000,24.091,24.2765,23.2103,23.8118,343334.63109977,0
QQQJ.US,D,20220511,000000,23.5926,24.1308,23.0444,23.0743,493658.15700458,0
QQQJ.US,D,20220512,000000,22.875,23.8418,22.7554,23.5228,448796.46884161,0
QQQJ.US,D,20220513,000000,23.9913,24.7488,23.9714,24.6192,372777.90433064,0
QQQJ.US,D,20220516,000000,24.4896,24.7381,24.2404,24.3002,308633.16469742,0
QQQJ.US,D,20220517,000000,24.8385,25.0678,24.4996,25.0578,189810.64035675,0
QQQJ.US,D,20220518,000000,24.7338,24.8385,24.0012,24.091,343643.64149793,0
QQQJ.US,D,20220519,000000,23.9216,24.7288,23.9116,24.3502,384298.57446763,0
QQQJ.US,D,20220520,000000,24.679,24.689,23.7222,24.4,364188.81985421,0
QQQJ.US,D,20220523,000000,24.5794,24.5993,24.1307,24.5395,216303.2655973,0
QQQJ.US,D,20220524,000000,24.1707,24.1806,23.493,23.7322,256154.57087565,0
QQQJ.US,D,20220525,000000,23.6424,24.3352,23.6424,24.1707,173215.37738228,0
QQQJ.US,D,20220526,000000,24.2704,25.008,24.2704,24.9382,158717.97396161,0
QQQJ.US,D,20220527,000000,25.1974,25.8552,25.1974,25.8552,1011434.1742741,0
QQQJ.US,D,20220531,000000,25.7754,25.7754,25.2671,25.4565,199325.75274717,0
QQQJ.US,D,20220601,000000,25.5462,25.7555,24.9083,25.1575,183896.30172942,0
QQQJ.US,D,20220602,000000,25.1774,25.9947,25.1774,25.9748,240022.82349843,0
QQQJ.US,D,20220603,000000,25.6758,25.8153,25.3568,25.4764,190696.53705021,0
QQQJ.US,D,20220606,000000,25.8452,25.915,25.5462,25.6758,157971.53325954,0
QQQJ.US,D,20220607,000000,25.4366,26.0047,25.319,25.9548,148370.13874496,0
QQQJ.US,D,20220608,000000,25.9848,26.112,25.6957,25.7854,369075.79923568,0
QQQJ.US,D,20220609,000000,25.5462,25.6618,25.0378,25.0378,153038.40297445,0
QQQJ.US,D,20220610,000000,24.5993,24.6746,24.1508,24.1906,287389.70310371,0
QQQJ.US,D,20220613,000000,23.493,23.5726,22.7481,22.835,1526743.124761,0
QQQJ.US,D,20220614,000000,23.0644,23.194,22.6457,22.885,262013.72907473,0
QQQJ.US,D,20220615,000000,23.0942,23.6622,22.875,23.3634,275827.89846567,0
QQQJ.US,D,20220616,000000,22.6856,22.8052,22.0676,22.2072,262940.76026924,0
QQQJ.US,D,20220617,000000,22.3368,22.8949,22.267,22.6756,368477.8440496,0
QQQJ.US,D,20220621,000000,23.0021,23.3913,23.0021,23.1319,315401.17889006,0
QQQJ.US,D,20220622,000000,22.7824,23.3715,22.7824,23.1119,283299.33635143,0
QQQJ.US,D,20220623,000000,23.2816,23.6683,23.1119,23.6111,233256.96207362,0
QQQJ.US,D,20220624,000000,23.8806,24.4697,23.8806,24.4497,107291.61170473,0
QQQJ.US,D,20220627,000000,24.5895,24.6194,24.2061,24.4098,146347.90189369,0
QQQJ.US,D,20220628,000000,24.5196,24.6044,23.7223,23.7409,151651.63231405,0
QQQJ.US,D,20220629,000000,23.681,23.681,23.2916,23.5212,137601.50453193,0
QQQJ.US,D,20220630,000000,23.2317,23.5212,22.8923,23.2417,197531.15415995,0
QQQJ.US,D,20220701,000000,23.2417,23.523,23.0251,23.4613,201743.08738329,0
QQQJ.US,D,20220705,000000,23.0919,23.8706,22.9322,23.8706,292130.87386159,0
QQQJ.US,D,20220706,000000,23.7908,24.0004,23.4813,23.7109,208821.7394854,0
QQQJ.US,D,20220707,000000,23.8806,24.4098,23.8527,24.3698,263260.3503666,0
QQQJ.US,D,20220708,000000,24.1302,24.4996,23.9705,24.3299,221068.89941924,0
QQQJ.US,D,20220711,000000,24.0503,24.1561,23.7209,23.7808,174128.63148927,0
QQQJ.US,D,20220712,000000,23.7708,24.0304,23.4114,23.5711,239358.00494243,0
QQQJ.US,D,20220713,000000,23.2117,23.641,23.022,23.4913,190944.3116209,0
QQQJ.US,D,20220714,000000,23.2217,23.2926,22.8324,23.2517,88459.612529444,0
QQQJ.US,D,20220715,000000,23.4314,23.7009,23.1418,23.7009,63125.910963501,0
QQQJ.US,D,20220718,000000,23.9106,24.1691,23.5512,23.651,157319.96289928,0
QQQJ.US,D,20220719,000000,23.8507,24.4795,23.8507,24.4697,286287.25473555,0
QQQJ.US,D,20220720,000000,24.4697,25.0487,24.4697,24.9688,192276.50453102,0
QQQJ.US,D,20220721,000000,24.9189,25.2084,24.7791,25.2084,199333.12035942,0
QQQJ.US,D,20220722,000000,25.1286,25.2783,24.4896,24.6693,138966.75185259,0
QQQJ.US,D,20220725,000000,24.6693,24.6693,24.4297,24.6094,70393.874689679,0
QQQJ.US,D,20220726,000000,24.4397,24.4397,24.1324,24.1602,107662.22176243,0
QQQJ.US,D,20220727,000000,24.4896,25.1685,24.3998,25.0587,328947.47732347,0
QQQJ.US,D,20220728,000000,25.1485,25.478,24.8191,25.458,1030453.2192739,0
QQQJ.US,D,20220729,000000,25.2783,25.6677,25.1636,25.6277,156072.91013755,0
QQQJ.US,D,20220801,000000,25.4381,25.7276,25.207,25.5279,114254.0725455,0
QQQJ.US,D,20220802,000000,25.3682,25.9572,25.3579,25.6876,116058.04204259,0
QQQJ.US,D,20220803,000000,25.8574,26.1968,25.7376,26.1469,165414.28688925,0
QQQJ.US,D,20220804,000000,26.107,26.2867,26.0321,26.2367,208311.90024386,0
QQQJ.US,D,20220805,000000,25.9372,26.4479,25.8574,26.3865,160662.46496023,0
QQQJ.US,D,20220808,000000,26.4564,26.9256,26.4564,26.5462,156002.79472123,0
QQQJ.US,D,20220809,000000,26.2966,26.3164,25.9019,26.0171,112771.6323147,0
QQQJ.US,D,20220810,000000,26.5862,27.0254,26.5862,27.0155,142882.19702978,0
QQQJ.US,D,20220811,000000,27.2051,27.5196,26.8457,26.8757,278048.69331772,0
QQQJ.US,D,20220812,000000,27.0354,27.4058,26.9056,27.4048,157383.06677397,0
QQQJ.US,D,20220815,000000,27.2251,27.5247,27.1852,27.4647,106587.4525951,0
QQQJ.US,D,20220816,000000,27.3749,27.5745,27.1552,27.4148,326578.57790059,0
QQQJ.US,D,20220817,000000,27.0654,27.0858,26.666,26.7958,113701.16240536,0
QQQJ.US,D,20220818,000000,26.9056,26.9556,26.696,26.8857,165085.74608134,0
QQQJ.US,D,20220819,000000,26.5762,26.5762,26.1868,26.2667,311705.09480108,0
QQQJ.US,D,20220822,000000,25.8673,25.9672,25.6178,25.6677,165904.0931547,0
QQQJ.US,D,20220823,000000,25.6777,25.9273,25.6277,25.6777,96398.680954704,0
QQQJ.US,D,20220824,000000,25.6976,26.047,25.6377,25.8773,76183.404780267,0
QQQJ.US,D,20220825,000000,26.097,26.4564,26.0371,26.4564,228617.32481071,0
QQQJ.US,D,20220826,000000,26.4863,26.4863,25.4428,25.468,136171.15003896,0
QQQJ.US,D,20220829,000000,25.1386,25.4281,25.0886,25.1286,147017.00329517,0
QQQJ.US,D,20220830,000000,25.2883,25.3183,24.6893,24.9189,868521.66527822,0
QQQJ.US,D,20220831,000000,25.0387,25.1585,24.6893,24.7192,71555.787303015,0
QQQJ.US,D,20220901,000000,24.3798,24.5096,23.9805,24.4896,275191.990927,0
QQQJ.US,D,20220902,000000,24.7592,24.8191,24.2001,24.3199,173341.33552886,0
QQQJ.US,D,20220906,000000,24.3499,24.3715,23.9263,24.1602,97067.782356177,0
QQQJ.US,D,20220907,000000,24.1402,24.9489,24.1402,24.9089,109064.53008887,0
QQQJ.US,D,20220908,000000,24.6793,25.2384,24.6387,25.2384,75363.054409299,0
QQQJ.US,D,20220909,000000,25.4281,25.7874,25.4031,25.7575,98775.59356802,0
QQQJ.US,D,20220912,000000,25.8374,25.9372,25.7076,25.9073,71388.511952647,0
QQQJ.US,D,20220913,000000,25.1286,25.1885,24.7393,24.8191,156072.91013755,0
QQQJ.US,D,20220914,000000,24.868,24.8869,24.5196,24.8091,128144.9381677,0
QQQJ.US,D,20220915,000000,24.7192,25.0487,24.5098,24.6593,76067.213518933,0
QQQJ.US,D,20220916,000000,24.25,24.3898,24.0204,24.26,114473.43363371,0
QQQJ.US,D,20220919,000000,23.97,24.4,23.97,24.4,271225,0
QQQJ.US,D,20220920,000000,24.15,24.2384,23.82,23.91,163257,0
QQQJ.US,D,20220921,000000,24.04,24.31,23.47,23.5,340059,0
QQQJ.US,D,20220922,000000,23.44,23.45,22.83,22.89,144323,0
QQQJ.US,D,20220923,000000,22.65,22.65,22.142,22.45,229983,0
QQQJ.US,D,20220926,000000,22.39,22.7395,22.13,22.15,244828,0
QQQJ.US,D,20220927,000000,22.5,22.696,22.15,22.34,187135,0
QQQJ.US,D,20220928,000000,22.43,23.06,22.42,22.94,136731,0
QQQJ.US,D,20220929,000000,22.62,22.64,22.2019,22.4,104529,0
QQQJ.US,D,20220930,000000,22.32,22.8,22.15,22.15,134803,0
QQQJ.US,D,20221003,000000,22.43,22.95,22.22,22.84,165479,0
QQQJ.US,D,20221004,000000,23.3,23.68,23.3,23.68,179729,0
QQQJ.US,D,20221005,000000,23.35,23.66,23.1057,23.56,111732,0
QQQJ.US,D,20221006,000000,23.46,23.74,23.2429,23.39,115608,0
QQQJ.US,D,20221007,000000,22.98,23.06,22.475,22.59,126773,0
QQQJ.US,D,20221010,000000,22.6,22.6,22.05,22.25,103822,0
QQQJ.US,D,20221011,000000,22.09,22.306,21.69,21.97,111825,0
QQQJ.US,D,20221012,000000,22,22.0614,21.7866,21.92,87946,0
QQQJ.US,D,20221013,000000,21.33,22.37,21.145,22.26,183451,0
QQQJ.US,D,20221014,000000,22.43,22.58,21.64,21.65,107648,0
QQQJ.US,D,20221017,000000,22.13,22.39,22.09,22.25,113444,0
QQQJ.US,D,20221018,000000,22.76,22.89,22.34,22.52,139130,0
QQQJ.US,D,20221019,000000,22.38,22.3992,21.89,22.06,180084,0
QQQJ.US,D,20221020,000000,22.04,22.44,21.88,21.97,150698,0
QQQJ.US,D,20221021,000000,21.94,22.52,21.7445,22.52,109503,0
QQQJ.US,D,20221024,000000,22.53,22.61,22.14,22.56,99386,0
QQQJ.US,D,20221025,000000,22.65,23.275,22.65,23.26,120832,0
QQQJ.US,D,20221026,000000,23.18,23.79,23.17,23.36,1141321,0
QQQJ.US,D,20221027,000000,23.43,23.62,23.205,23.23,154449,0
QQQJ.US,D,20221028,000000,23.16,23.65,23.07,23.64,93182,0
QQQJ.US,D,20221031,000000,23.48,23.66,23.32,23.5,102747,0
QQQJ.US,D,20221101,000000,23.84,23.94,23.52,23.61,69149,0
QQQJ.US,D,20221102,000000,23.47,23.72,22.77,22.8,117588,0
QQQJ.US,D,20221103,000000,22.58,23,22.47,22.83,152252,0
QQQJ.US,D,20221104,000000,23.19,23.26,22.52,22.95,320407,0
QQQJ.US,D,20221107,000000,23.09,23.14,22.821,23.08,156347,0
QQQJ.US,D,20221108,000000,23.14,23.527,22.96,23.22,110204,0
QQQJ.US,D,20221109,000000,23.01,23.142,22.7,22.72,123401,0
QQQJ.US,D,20221110,000000,23.74,24.4,23.72,24.37,429442,0
QQQJ.US,D,20221111,000000,24.43,24.9899,24.3979,24.87,164743,0
QQQJ.US,D,20221114,000000,24.74,24.9787,24.5764,24.61,95713,0
QQQJ.US,D,20221115,000000,25.1,25.32,24.9,25.11,109092,0
QQQJ.US,D,20221116,000000,24.91,24.91,24.5015,24.54,164063,0
QQQJ.US,D,20221117,000000,24.12,24.4716,24,24.39,111620,0
QQQJ.US,D,20221118,000000,24.66,24.66,24.2385,24.47,169244,0
QQQJ.US,D,20221121,000000,24.25,24.352,24.161,24.23,270144,0
QQQJ.US,D,20221122,000000,24.27,24.48,24.08,24.48,151980,0
QQQJ.US,D,20221123,000000,24.47,24.8215,24.47,24.75,168217,0
QQQJ.US,D,20221125,000000,24.65,24.79,24.64,24.75,46857,0
QQQJ.US,D,20221128,000000,24.54,24.69,24.3025,24.36,132609,0
QQQJ.US,D,20221129,000000,24.47,24.5387,24.26,24.36,227644,0
QQQJ.US,D,20221130,000000,24.47,25.32,24.42,25.3,177937,0
QQQJ.US,D,20221201,000000,25.39,25.58,25.26,25.5,196468,0
QQQJ.US,D,20221202,000000,25.17,25.66,25.13,25.57,149265,0
QQQJ.US,D,20221205,000000,25.47,25.47,24.9335,25.01,141032,0
QQQJ.US,D,20221206,000000,24.97,24.97,24.3084,24.46,185984,0
QQQJ.US,D,20221207,000000,24.44,24.615,24.37,24.45,124268,0
QQQJ.US,D,20221208,000000,24.6,24.9265,24.535,24.81,205789,0
QQQJ.US,D,20221209,000000,24.76,24.8605,24.56,24.6,101537,0
QQQJ.US,D,20221212,000000,24.62,25.08,24.62,25.06,194605,0
QQQJ.US,D,20221213,000000,25.9,25.9828,25.165,25.36,624836,0
QQQJ.US,D,20221214,000000,25.29,25.53,24.97,25.2,167668,0
QQQJ.US,D,20221215,000000,24.85,24.85,24.3655,24.37,155656,0
QQQJ.US,D,20221216,000000,24.13,24.3257,24.0184,24.16,156146,0
QQQJ.US,D,20221219,000000,24.03,24.07,23.61,23.72,254795,0
QQQJ.US,D,20221220,000000,23.57,23.8716,23.57,23.81,185723,0
QQQJ.US,D,20221221,000000,23.94,24.29,23.87,24.21,171478,0
QQQJ.US,D,20221222,000000,23.97,23.97,23.53,23.93,303045,0
QQQJ.US,D,20221223,000000,23.9,23.95,23.6654,23.94,247654,0
QQQJ.US,D,20221227,000000,23.91,23.99,23.73,23.8,294004,0
QQQJ.US,D,20221228,000000,23.75,23.87,23.42,23.44,251230,0
QQQJ.US,D,20221229,000000,23.56,24.07,23.56,24.01,281773,0
QQQJ.US,D,20221230,000000,23.71,23.924,23.64,23.91,353043,0
QQQJ.US,D,20230103,000000,24.13,24.2736,23.66,23.77,326682,0
QQQJ.US,D,20230104,000000,24.05,24.3194,23.925,24.25,93591,0
QQQJ.US,D,20230105,000000,24.21,24.21,23.95,24.04,99067,0
QQQJ.US,D,20230106,000000,24.22,24.52,23.9799,24.46,100115,0
QQQJ.US,D,20230109,000000,24.58,24.834,24.5531,24.6,107398,0
QQQJ.US,D,20230110,000000,24.48,24.8594,24.48,24.84,162671,0
QQQJ.US,D,20230111,000000,24.91,25.25,24.9,25.25,153449,0
QQQJ.US,D,20230112,000000,25.24,25.39,24.94,25.36,119574,0
QQQJ.US,D,20230113,000000,25.18,25.48,25.18,25.45,93918,0
QQQJ.US,D,20230117,000000,25.47,25.6,25.38,25.5,78205,0
QQQJ.US,D,20230118,000000,25.61,25.77,25.21,25.21,332920,0
QQQJ.US,D,20230119,000000,25.09,25.12,24.8,24.91,90848,0
QQQJ.US,D,20230120,000000,25.05,25.4,24.9917,25.39,76171,0
QQQJ.US,D,20230123,000000,25.53,25.97,25.4708,25.92,156002,0
QQQJ.US,D,20230124,000000,25.82,25.87,25.67,25.72,74989,0
QQQJ.US,D,20230125,000000,25.5,25.83,25.33,25.82,109156,0
QQQJ.US,D,20230126,000000,26.02,26.16,25.86,26.15,259343,0
QQQJ.US,D,20230127,000000,26.08,26.34,26.036,26.22,110028,0
QQQJ.US,D,20230130,000000,25.99,26.1309,25.76,25.79,126459,0
QQQJ.US,D,20230131,000000,25.81,26.23,25.81,26.22,313084,0
QQQJ.US,D,20230201,000000,26.24,26.8795,26.12,26.75,143754,0
QQQJ.US,D,20230202,000000,26.92,27.2507,26.8734,27.14,257975,0
QQQJ.US,D,20230203,000000,26.83,27.02,26.6055,26.68,142565,0
QQQJ.US,D,20230206,000000,26.47,26.58,26.25,26.32,64015,0
QQQJ.US,D,20230207,000000,26.38,26.79,26.21,26.76,100314,0
QQQJ.US,D,20230208,000000,26.72,26.72,26.42,26.45,200398,0
QQQJ.US,D,20230209,000000,26.71,26.855,26.18,26.26,189837,0
QQQJ.US,D,20230210,000000,26.08,26.1287,25.92,26.02,73756,0
QQQJ.US,D,20230213,000000,26.08,26.42,26.02,26.39,184183,0
QQQJ.US,D,20230214,000000,26.26,26.63,26.07,26.53,168880,0
QQQJ.US,D,20230215,000000,26.46,26.92,26.4,26.91,212001,0
QQQJ.US,D,20230216,000000,26.55,26.75,26.43,26.47,132848,0
QQQJ.US,D,20230217,000000,26.31,26.31,26.0006,26.23,86252,0
QQQJ.US,D,20230221,000000,25.9,25.95,25.48,25.5,169056,0
QQQJ.US,D,20230222,000000,25.58,25.67,25.41,25.55,121186,0
QQQJ.US,D,20230223,000000,25.75,25.76,25.3194,25.64,138565,0
QQQJ.US,D,20230224,000000,25.25,25.27,25.086,25.21,441839,0
QQQJ.US,D,20230227,000000,25.42,25.5187,25.2,25.25,59911,0
QQQJ.US,D,20230228,000000,25.24,25.36,25.142,25.17,108748,0
QQQJ.US,D,20230301,000000,25.27,25.425,25.2152,25.34,57068,0
QQQJ.US,D,20230302,000000,25.16,25.62,25.05,25.6,92451,0
QQQJ.US,D,20230303,000000,25.69,26.05,25.69,25.97,136588,0
QQQJ.US,D,20230306,000000,26.01,26.079,25.6785,25.74,122634,0
QQQJ.US,D,20230307,000000,25.69,25.8047,25.415,25.43,91210,0
QQQJ.US,D,20230308,000000,25.49,25.5199,25.34,25.47,416412,0
QQQJ.US,D,20230309,000000,25.46,25.6,24.8773,24.93,237147,0
QQQJ.US,D,20230310,000000,24.85,24.85,24.13,24.28,943475,0
QQQJ.US,D,20230313,000000,24.03,24.4959,23.95,24.25,104174,0
QQQJ.US,D,20230314,000000,24.59,24.745,24.29,24.54,83209,0
QQQJ.US,D,20230315,000000,24.14,24.23,23.88,24.23,125696,0
QQQJ.US,D,20230316,000000,24.08,24.64,24.0201,24.62,93760,0
QQQJ.US,D,20230317,000000,24.55,24.55,24.105,24.25,91162,0
QQQJ.US,D,20230320,000000,24.22,24.51,24.1504,24.48,63738,0
QQQJ.US,D,20230321,000000,24.66,24.93,24.66,24.87,84063,0
QQQJ.US,D,20230322,000000,24.88,25,24.33,24.33,120221,0
QQQJ.US,D,20230323,000000,24.52,24.91,24.298,24.5,110020,0
QQQJ.US,D,20230324,000000,24.35,24.488,24.15,24.47,329775,0
QQQJ.US,D,20230327,000000,24.58,24.7114,24.46,24.6,103851,0
QQQJ.US,D,20230328,000000,24.55,24.63,24.45,24.58,81845,0
QQQJ.US,D,20230329,000000,24.81,24.9616,24.7,24.95,98350,0
QQQJ.US,D,20230330,000000,25.16,25.18,24.9429,25.06,71336,0
QQQJ.US,D,20230331,000000,25.15,25.5,25.1352,25.5,228056,0
QQQJ.US,D,20230403,000000,25.46,25.46,25.1915,25.35,76990,0
QQQJ.US,D,20230404,000000,25.41,25.44,24.99,25.11,213491,0
QQQJ.US,D,20230405,000000,25,25,24.6958,24.82,185884,0
QQQJ.US,D,20230406,000000,24.73,24.95,24.65,24.95,68583,0
QQQJ.US,D,20230410,000000,24.81,25.15,24.75,25.15,253828,0
QQQJ.US,D,20230411,000000,25.23,25.37,25.18,25.27,66925,0
QQQJ.US,D,20230412,000000,25.47,25.5,25.01,25.03,95195,0
QQQJ.US,D,20230413,000000,25.17,25.34,25.09,25.3,76639,0
QQQJ.US,D,20230414,000000,25.27,25.405,24.992,25.16,90274,0
QQQJ.US,D,20230417,000000,25.15,25.37,25.15,25.37,75191,0
QQQJ.US,D,20230418,000000,25.49,25.49,25.24,25.32,98976,0
QQQJ.US,D,20230419,000000,25.11,25.2314,25.0264,25.17,95878,0
QQQJ.US,D,20230420,000000,24.94,25.16,24.89,25.03,95813,0
QQQJ.US,D,20230421,000000,25.06,25.0809,24.9148,25.04,75357,0
QQQJ.US,D,20230424,000000,24.98,25.015,24.8285,24.97,71966,0
QQQJ.US,D,20230425,000000,24.78,24.8,24.39,24.39,66217,0
QQQJ.US,D,20230426,000000,24.46,24.48,24.22,24.25,118847,0
QQQJ.US,D,20230427,000000,24.38,24.6192,24.2332,24.61,98489,0
QQQJ.US,D,20230428,000000,24.51,24.85,24.495,24.84,93205,0
QQQJ.US,D,20230501,000000,24.81,25.0399,24.81,24.91,78364,0
QQQJ.US,D,20230502,000000,24.76,24.76,24.3715,24.57,98014,0
QQQJ.US,D,20230503,000000,24.63,24.8785,24.52,24.56,79097,0
QQQJ.US,D,20230504,000000,24.52,24.52,24.2481,24.32,121938,0
QQQJ.US,D,20230505,000000,24.5,24.7499,24.46,24.69,61162,0
QQQJ.US,D,20230508,000000,24.71,24.74,24.59,24.71,80234,0
QQQJ.US,D,20230509,000000,24.54,24.61,24.49,24.54,153503,0
QQQJ.US,D,20230510,000000,24.75,24.75,24.3635,24.56,116475,0
QQQJ.US,D,20230511,000000,24.54,24.595,24.3942,24.59,115659,0
QQQJ.US,D,20230512,000000,24.64,24.76,24.4899,24.65,73079,0
QQQJ.US,D,20230515,000000,24.72,25.02,24.68,24.99,107155,0
QQQJ.US,D,20230516,000000,24.81,24.81,24.59,24.6,72916,0
QQQJ.US,D,20230517,000000,24.68,24.9,24.5337,24.9,95222,0
QQQJ.US,D,20230518,000000,24.87,25.1,24.81,25.09,147612,0
QQQJ.US,D,20230519,000000,25.12,25.15,24.8636,24.98,108345,0
QQQJ.US,D,20230522,000000,24.98,25.24,24.97,25.17,176933,0
QQQJ.US,D,20230523,000000,25.06,25.14,24.805,24.81,91085,0
QQQJ.US,D,20230524,000000,24.59,24.6356,24.4401,24.51,69720,0
QQQJ.US,D,20230525,000000,24.64,24.64,24.39,24.55,69180,0
QQQJ.US,D,20230526,000000,24.58,24.88,24.58,24.8,173318,0
QQQJ.US,D,20230530,000000,24.94,25.05,24.69,24.8,111946,0
QQQJ.US,D,20230531,000000,24.69,24.7,24.42,24.63,137658,0
QQQJ.US,D,20230601,000000,24.61,24.95,24.49,24.89,69689,0
QQQJ.US,D,20230602,000000,25.17,25.44,25.14,25.42,149473,0
QQQJ.US,D,20230605,000000,25.38,25.3979,25.17,25.33,113002,0
QQQJ.US,D,20230606,000000,25.27,25.5956,25.2342,25.48,159505,0
QQQJ.US,D,20230607,000000,25.5,25.688,25.42,25.45,152570,0
QQQJ.US,D,20230608,000000,25.42,25.51,25.3554,25.49,114007,0
QQQJ.US,D,20230609,000000,25.57,25.63,25.385,25.48,122330,0
QQQJ.US,D,20230612,000000,25.49,25.75,25.475,25.75,878430,0
QQQJ.US,D,20230613,000000,25.96,26.07,25.94,26.02,295642,0
QQQJ.US,D,20230614,000000,26.03,26.1483,25.8122,25.99,181594,0
QQQJ.US,D,20230615,000000,25.91,26.29,25.8972,26.25,154038,0
QQQJ.US,D,20230616,000000,26.39,26.39,26.02,26.11,92760,0
QQQJ.US,D,20230620,000000,25.92,25.9315,25.66,25.84,166168,0
QQQJ.US,D,20230621,000000,25.73,25.7498,25.5732,25.63,151958,0
QQQJ.US,D,20230622,000000,25.56,25.6702,25.46,25.64,113092,0
QQQJ.US,D,20230623,000000,25.43,25.47,25.31,25.31,364857,0
QQQJ.US,D,20230626,000000,25.4884,25.52,25.3,25.38,78983,0
QQQJ.US,D,20230627,000000,25.42,25.78,25.41,25.76,60084,0
QQQJ.US,D,20230628,000000,25.7,25.83,25.65,25.81,71591,0
QQQJ.US,D,20230629,000000,25.79,25.9358,25.7686,25.93,85751,0
QQQJ.US,D,20230630,000000,26.06,26.2099,26.05,26.14,102730,0
QQQJ.US,D,20230703,000000,26.15,26.16,26.06,26.13,98974,0
QQQJ.US,D,20230705,000000,26.05,26.05,25.9,25.97,163968,0
QQQJ.US,D,20230706,000000,25.75,25.75,25.42,25.63,88886,0
QQQJ.US,D,20230707,000000,25.66,25.91,25.66,25.72,89448,0
QQQJ.US,D,20230710,000000,25.69,26.11,25.6847,26.11,265585,0
QQQJ.US,D,20230711,000000,26.18,26.4,26.11,26.39,155365,0
QQQJ.US,D,20230712,000000,26.64,26.64,26.4411,26.51,704527,0
QQQJ.US,D,20230713,000000,26.67,26.79,26.655,26.78,102227,0
QQQJ.US,D,20230714,000000,26.77,26.77,26.49,26.54,83554,0
QQQJ.US,D,20230717,000000,26.53,26.85,26.53,26.78,102495,0
QQQJ.US,D,20230718,000000,26.76,26.94,26.75,26.89,84456,0
QQQJ.US,D,20230719,000000,26.93,27.09,26.8622,26.98,322733,0
QQQJ.US,D,20230720,000000,26.83,26.88,26.617,26.64,139164,0
QQQJ.US,D,20230721,000000,26.79,26.835,26.66,26.76,105411,0
QQQJ.US,D,20230724,000000,26.76,26.765,26.54,26.6,130594,0
QQQJ.US,D,20230725,000000,26.56,26.76,26.56,26.69,85950,0
QQQJ.US,D,20230726,000000,26.63,26.74,26.5401,26.7,150331,0
QQQJ.US,D,20230727,000000,26.85,26.9,26.4314,26.49,229088,0
QQQJ.US,D,20230728,000000,26.73,26.79,26.6301,26.76,317320,0
QQQJ.US,D,20230731,000000,26.79,26.99,26.79,26.93,103334,0
QQQJ.US,D,20230801,000000,26.68,26.6909,26.555,26.66,67937,0
QQQJ.US,D,20230802,000000,26.48,26.48,26.165,26.21,121375,0
QQQJ.US,D,20230803,000000,26.15,26.25,26.0489,26.15,60407,0
QQQJ.US,D,20230804,000000,26.21,26.32,26.0121,26.07,146112,0
QQQJ.US,D,20230807,000000,26.16,26.19,26.0199,26.19,82021,0
QQQJ.US,D,20230808,000000,26,26.03,25.8001,25.99,87470,0
QQQJ.US,D,20230809,000000,26.06,26.19,25.9975,26.06,225069,0
QQQJ.US,D,20230810,000000,26.17,26.3905,25.98,26.07,86640,0
QQQJ.US,D,20230811,000000,25.89,26.06,25.87,26.01,77563,0
QQQJ.US,D,20230814,000000,25.92,26.12,25.8425,26.11,56285,0
QQQJ.US,D,20230815,000000,26,26,25.805,25.81,54983,0
QQQJ.US,D,20230816,000000,25.76,25.78,25.53,25.55,115471,0
QQQJ.US,D,20230817,000000,25.57,25.6064,25.2616,25.27,113887,0
QQQJ.US,D,20230818,000000,25.06,25.3004,25,25.28,81450,0
QQQJ.US,D,20230821,000000,25.27,25.424,25.22,25.37,69646,0
QQQJ.US,D,20230822,000000,25.43,25.5181,25.35,25.43,697392,0
QQQJ.US,D,20230823,000000,25.42,25.7,25.42,25.69,50608,0
QQQJ.US,D,20230824,000000,25.75,25.75,25.3023,25.31,76524,0
QQQJ.US,D,20230825,000000,25.43,25.56,25.18,25.5,56135,0
QQQJ.US,D,20230828,000000,25.57,25.7175,25.57,25.65,51694,0
QQQJ.US,D,20230829,000000,25.64,26.0599,25.6375,26.04,100060,0
QQQJ.US,D,20230830,000000,26.06,26.28,26.06,26.23,88527,0
QQQJ.US,D,20230831,000000,26.25,26.3887,26.18,26.18,70250,0
QQQJ.US,D,20230901,000000,26.38,26.46,26.28,26.36,48771,0
QQQJ.US,D,20230905,000000,26.2,26.2213,26.04,26.04,88753,0
QQQJ.US,D,20230906,000000,25.98,26.08,25.8,25.93,77385,0
QQQJ.US,D,20230907,000000,25.75,25.75,25.5,25.6,66549,0
QQQJ.US,D,20230908,000000,25.59,25.6372,25.46,25.51,51843,0
QQQJ.US,D,20230911,000000,25.65,25.67,25.49,25.51,69593,0
QQQJ.US,D,20230912,000000,25.48,25.55,25.41,25.42,64644,0
QQQJ.US,D,20230913,000000,25.41,25.45,25.21,25.29,62974,0
QQQJ.US,D,20230914,000000,25.37,25.4419,25.2601,25.41,94866,0
QQQJ.US,D,20230915,000000,25.35,25.38,25.1525,25.19,97096,0
QQQJ.US,D,20230918,000000,25.15,25.16,25.04,25.04,67242,0
QQQJ.US,D,20230919,000000,25,25.07,24.94,25.01,62616,0
QQQJ.US,D,20230920,000000,25.11,25.17,24.89,24.89,97404,0
QQQJ.US,D,20230921,000000,24.83,24.83,24.54,24.56,118271,0
QQQJ.US,D,20230922,000000,24.64,24.7199,24.5,24.5,71546,0
QQQJ.US,D,20230925,000000,24.42,24.6014,24.382,24.54,77463,0
QQQJ.US,D,20230926,000000,24.38,24.4799,24.2226,24.26,74263,0
QQQJ.US,D,20230927,000000,24.35,24.45,24.19,24.38,93015,0
QQQJ.US,D,20230928,000000,24.35,24.7018,24.35,24.61,133046,0
QQQJ.US,D,20230929,000000,24.83,24.89,24.63,24.64,67777,0
QQQJ.US,D,20231002,000000,24.65,24.65,24.4,24.49,89216,0
QQQJ.US,D,20231003,000000,24.35,24.44,24.0402,24.12,83490,0
QQQJ.US,D,20231004,000000,24.16,24.3,24,24.26,118959,0
QQQJ.US,D,20231005,000000,24.24,24.34,24.08,24.24,106324,0
QQQJ.US,D,20231006,000000,24.13,24.631,24.1,24.52,140081,0
QQQJ.US,D,20231009,000000,24.32,24.5684,24.26,24.53,71521,0
QQQJ.US,D,20231010,000000,24.54,24.91,24.54,24.78,88043,0
QQQJ.US,D,20231011,000000,24.87,24.95,24.7,24.87,79687,0
QQQJ.US,D,20231012,000000,24.9,24.9,24.34,24.47,88102,0
QQQJ.US,D,20231013,000000,24.54,24.54,24.2446,24.32,134745,0
QQQJ.US,D,20231016,000000,24.35,24.67,24.34,24.64,67726,0
QQQJ.US,D,20231017,000000,24.47,24.8456,24.47,24.7,81936,0
QQQJ.US,D,20231018,000000,24.52,24.5206,24.2,24.25,58334,0
QQQJ.US,D,20231019,000000,24.26,24.26,23.82,23.87,95910,0
QQQJ.US,D,20231020,000000,23.78,23.8499,23.53,23.55,44923,0
QQQJ.US,D,20231023,000000,23.42,23.63,23.3,23.4,55737,0
QQQJ.US,D,20231024,000000,23.55,23.734,23.51,23.66,110548,0
QQQJ.US,D,20231025,000000,23.49,23.49,23.16,23.19,67731,0
QQQJ.US,D,20231026,000000,23.15,23.19,22.97,23.04,82605,0
QQQJ.US,D,20231027,000000,23.03,23.0303,22.67,22.71,88028,0
QQQJ.US,D,20231030,000000,22.91,22.91,22.66,22.85,73306,0
QQQJ.US,D,20231031,000000,22.78,22.999,22.7201,22.98,125745,0
QQQJ.US,D,20231101,000000,22.93,23.0044,22.7664,23,94381,0
QQQJ.US,D,20231102,000000,23.13,23.33,23.13,23.32,130877,0
QQQJ.US,D,20231103,000000,23.52,23.96,23.52,23.88,100333,0
QQQJ.US,D,20231106,000000,23.92,23.935,23.56,23.66,172136,0
QQQJ.US,D,20231107,000000,23.7,23.93,23.6401,23.86,96345,0
QQQJ.US,D,20231108,000000,23.9,23.98,23.74,23.79,117402,0
QQQJ.US,D,20231109,000000,23.93,23.94,23.49,23.54,84595,0
QQQJ.US,D,20231110,000000,23.61,23.8414,23.495,23.83,102869,0
QQQJ.US,D,20231113,000000,23.77,23.8813,23.67,23.79,79142,0
QQQJ.US,D,20231114,000000,24.1,24.61,24.1,24.55,241191,0
QQQJ.US,D,20231115,000000,24.65,24.98,24.64,24.74,240541,0
QQQJ.US,D,20231116,000000,24.67,24.7185,24.43,24.52,132508,0
QQQJ.US,D,20231117,000000,24.63,24.68,24.5491,24.67,66845,0
QQQJ.US,D,20231120,000000,24.68,24.9013,24.66,24.85,81183,0
QQQJ.US,D,20231121,000000,24.79,24.8,24.7,24.76,139257,0
QQQJ.US,D,20231122,000000,24.85,25.0214,24.85,24.93,99894,0
QQQJ.US,D,20231124,000000,24.92,24.99,24.885,24.98,60133,0
QQQJ.US,D,20231127,000000,24.94,24.97,24.85,24.91,70777,0
QQQJ.US,D,20231128,000000,24.82,24.92,24.721,24.78,123551,0
QQQJ.US,D,20231129,000000,24.92,25.14,24.905,24.97,170880,0
QQQJ.US,D,20231130,000000,25.01,25.12,24.9,25.12,133789,0
QQQJ.US,D,20231201,000000,25.06,25.6,25,25.57,226688,0
QQQJ.US,D,20231204,000000,25.41,25.6975,25.41,25.62,169085,0
QQQJ.US,D,20231205,000000,25.47,25.47,25.26,25.34,79206,0
QQQJ.US,D,20231206,000000,25.44,25.585,25.315,25.32,109779,0
QQQJ.US,D,20231207,000000,25.36,25.4452,25.3092,25.4,226020,0
QQQJ.US,D,20231208,000000,25.38,25.5708,25.37,25.48,98762,0
QQQJ.US,D,20231211,000000,25.48,25.7087,25.48,25.7,110289,0
QQQJ.US,D,20231212,000000,25.72,25.8551,25.61,25.82,109389,0
QQQJ.US,D,20231213,000000,25.83,26.35,25.74,26.35,108983,0
QQQJ.US,D,20231214,000000,26.6,26.9,26.5575,26.79,178775,0
QQQJ.US,D,20231215,000000,26.83,26.83,26.61,26.67,149122,0
QQQJ.US,D,20231218,000000,26.69,26.7399,26.57,26.7,98276,0
QQQJ.US,D,20231219,000000,26.79,27.04,26.79,27.04,265694,0
QQQJ.US,D,20231220,000000,26.87,26.94,26.35,26.38,246695,0
QQQJ.US,D,20231221,000000,26.65,26.86,26.6,26.86,95998,0
QQQJ.US,D,20231222,000000,26.86,27,26.8,26.91,73361,0
QQQJ.US,D,20231226,000000,26.92,27.14,26.92,27.07,235277,0
QQQJ.US,D,20231227,000000,27.1,27.15,27.01,27.12,100572,0
QQQJ.US,D,20231228,000000,27.05,27.23,27.05,27.13,196915,0
QQQJ.US,D,20231229,000000,27.1,27.2,26.92,26.99,107314,0
QQQJ.US,D,20240102,000000,26.74,26.845,26.53,26.64,215936,0
QQQJ.US,D,20240103,000000,26.355,26.395,26.125,26.16,206526,0
QQQJ.US,D,20240104,000000,26.07,26.25,26.01,26.08,104030,0
QQQJ.US,D,20240105,000000,26.02,26.265,25.985,26.1,65870,0
QQQJ.US,D,20240108,000000,26.06,26.53,26.04,26.52,95350,0
QQQJ.US,D,20240109,000000,26.39,26.5201,26.31,26.41,76059,0
QQQJ.US,D,20240110,000000,26.37,26.4497,26.2052,26.41,117692,0
QQQJ.US,D,20240111,000000,26.41,26.424,26.05,26.36,153688,0
QQQJ.US,D,20240112,000000,26.4,26.6,26.2,26.24,79442,0
QQQJ.US,D,20240116,000000,26.08,26.1,25.88,25.99,104280,0
QQQJ.US,D,20240117,000000,25.78,25.8,25.605,25.8,192286,0
QQQJ.US,D,20240118,000000,25.95,26.05,25.7934,26.05,154077,0
QQQJ.US,D,20240119,000000,26.15,26.36,25.99,26.33,117400,0
QQQJ.US,D,20240122,000000,26.51,26.73,26.505,26.62,130572,0
QQQJ.US,D,20240123,000000,26.74,26.8,26.6299,26.78,138943,0
QQQJ.US,D,20240124,000000,27.09,27.09,26.6163,26.62,241908,0
QQQJ.US,D,20240125,000000,26.86,26.86,26.63,26.79,263334,0
QQQJ.US,D,20240126,000000,26.79,26.85,26.665,26.68,270689,0
QQQJ.US,D,20240129,000000,26.73,27.03,26.67,27.03,155342,0
QQQJ.US,D,20240130,000000,27.02,27.02,26.82,26.83,290324,0
QQQJ.US,D,20240131,000000,26.71,26.94,26.406,26.46,166498,0
QQQJ.US,D,20240201,000000,26.63,26.81,26.37,26.81,98297,0
QQQJ.US,D,20240202,000000,26.64,26.7699,26.3664,26.68,244185,0
QQQJ.US,D,20240205,000000,26.56,26.65,26.3201,26.6,436198,0
QQQJ.US,D,20240206,000000,26.66,26.94,26.64,26.93,161019,0
QQQJ.US,D,20240207,000000,27.05,27.1,26.8532,26.97,122169,0
QQQJ.US,D,20240208,000000,27.01,27.28,27.01,27.28,224949,0
QQQJ.US,D,20240209,000000,27.3,27.5401,27.28,27.52,174219,0
QQQJ.US,D,20240212,000000,27.53,27.79,27.46,27.66,222587,0
QQQJ.US,D,20240213,000000,27,27.3292,26.93,27.16,140993,0
QQQJ.US,D,20240214,000000,27.35,27.7156,27.35,27.69,137350,0
QQQJ.US,D,20240215,000000,27.95,28.21,27.93,28.21,189908,0
QQQJ.US,D,20240216,000000,28.1,28.2221,27.78,27.78,212315,0
QQQJ.US,D,20240220,000000,27.62,27.64,27.375,27.58,133208,0
QQQJ.US,D,20240221,000000,27.43,27.4687,27.275,27.45,88547,0
QQQJ.US,D,20240222,000000,27.75,28.09,27.75,28.06,212568,0
QQQJ.US,D,20240223,000000,28.02,28.105,27.84,27.95,131471,0
QQQJ.US,D,20240226,000000,27.95,28.03,27.92,27.92,110054,0
QQQJ.US,D,20240227,000000,28.09,28.1,27.97,28.06,106477,0
QQQJ.US,D,20240228,000000,27.93,28.0716,27.86,27.96,146309,0
QQQJ.US,D,20240229,000000,28.24,28.2799,28,28.2,152942,0
QQQJ.US,D,20240301,000000,28.35,28.63,28.2518,28.6,108974,0
QQQJ.US,D,20240304,000000,28.7,28.8221,28.625,28.7,123717,0
QQQJ.US,D,20240305,000000,28.48,28.58,28.1699,28.33,108193,0
QQQJ.US,D,20240306,000000,28.74,28.8088,28.5134,28.62,119093,0
QQQJ.US,D,20240307,000000,28.78,28.98,28.72,28.96,75957,0
QQQJ.US,D,20240308,000000,29.1,29.29,28.775,28.82,144526,0
QQQJ.US,D,20240311,000000,28.72,28.83,28.61,28.77,82586,0
QQQJ.US,D,20240312,000000,28.87,28.995,28.7,28.93,69709,0
QQQJ.US,D,20240313,000000,28.94,29.08,28.87,28.93,155996,0
QQQJ.US,D,20240314,000000,28.88,28.9162,28.35,28.52,99506,0
QQQJ.US,D,20240315,000000,28.4,28.52,28.3,28.3,330766,0
QQQJ.US,D,20240318,000000,28.35,28.42,28.1979,28.2,107355,0
QQQJ.US,D,20240319,000000,28.01,28.22,27.95,28.21,108510,0
QQQJ.US,D,20240320,000000,28.2,28.53,28.12,28.49,103505,0
QQQJ.US,D,20240321,000000,28.76,28.895,28.6911,28.75,236751,0
QQQJ.US,D,20240322,000000,28.74,28.74,28.5324,28.61,70326,0
QQQJ.US,D,20240325,000000,28.57,28.7301,28.57,28.64,79327,0
QQQJ.US,D,20240326,000000,28.79,28.8836,28.63,28.67,77879,0
QQQJ.US,D,20240327,000000,28.83,28.94,28.6619,28.92,72947,0
QQQJ.US,D,20240328,000000,28.94,29.06,28.91,28.91,84717,0
QQQJ.US,D,20240401,000000,28.98,29.0406,28.79,28.84,110351,0
QQQJ.US,D,20240402,000000,28.59,28.59,28.3601,28.49,95130,0
QQQJ.US,D,20240403,000000,28.31,28.5798,28.31,28.48,70814,0
QQQJ.US,D,20240404,000000,28.68,28.8314,28.18,28.2,61030,0
QQQJ.US,D,20240405,000000,28.14,28.43,28.13,28.37,74774,0
QQQJ.US,D,20240408,000000,28.45,28.515,28.38,28.45,78152,0
QQQJ.US,D,20240409,000000,28.52,28.65,28.4,28.65,125379,0
QQQJ.US,D,20240410,000000,28.15,28.3344,28.1099,28.23,89900,0
QQQJ.US,D,20240411,000000,28.28,28.377,28.09,28.34,95138,0
QQQJ.US,D,20240412,000000,28.11,28.11,27.615,27.69,129107,0
QQQJ.US,D,20240415,000000,27.86,27.91,27.2019,27.29,109865,0
QQQJ.US,D,20240416,000000,27.29,27.3858,27.09,27.27,84558,0
QQQJ.US,D,20240417,000000,27.34,27.41,27.0297,27.08,64123,0
QQQJ.US,D,20240418,000000,27.14,27.2745,26.9245,26.93,76727,0
QQQJ.US,D,20240419,000000,26.84,26.97,26.51,26.6,70929,0
QQQJ.US,D,20240422,000000,26.72,26.98,26.5995,26.85,236478,0
QQQJ.US,D,20240423,000000,26.96,27.36,26.95,27.25,100519,0
QQQJ.US,D,20240424,000000,27.4,27.48,27.03,27.24,76264,0
QQQJ.US,D,20240425,000000,26.99,27.33,26.849,27.23,82339,0
QQQJ.US,D,20240426,000000,27.33,27.52,27.24,27.45,82361,0
QQQJ.US,D,20240429,000000,27.53,27.6801,27.485,27.64,97358,0
QQQJ.US,D,20240430,000000,27.48,27.55,27.14,27.18,92349,0
QQQJ.US,D,20240501,000000,27.01,27.45,26.825,26.96,98262,0
QQQJ.US,D,20240502,000000,27.21,27.2824,26.8,27.25,64200,0
QQQJ.US,D,20240503,000000,27.54,27.65,27.4,27.45,114400,0
QQQJ.US,D,20240506,000000,27.6,27.81,27.6,27.81,91917,0
QQQJ.US,D,20240507,000000,27.79,27.8794,27.73,27.78,108510,0
QQQJ.US,D,20240508,000000,27.55,27.685,27.55,27.63,62989,0
QQQJ.US,D,20240509,000000,27.68,27.8155,27.62,27.81,54518,0
QQQJ.US,D,20240510,000000,27.93,27.9799,27.73,27.77,41744,0
QQQJ.US,D,20240513,000000,27.92,28.0101,27.8042,27.83,66506,0
QQQJ.US,D,20240514,000000,27.87,28.08,27.85,28.06,72945,0
QQQJ.US,D,20240515,000000,28.27,28.46,28.185,28.44,102034,0
QQQJ.US,D,20240516,000000,28.4,28.46,28.3343,28.34,53878,0
QQQJ.US,D,20240517,000000,28.37,28.38,28.165,28.28,67258,0
QQQJ.US,D,20240520,000000,28.24,28.38,28.24,28.35,51078,0
QQQJ.US,D,20240521,000000,28.22,28.2346,28.13,28.21,115026,0
QQQJ.US,D,20240522,000000,28.15,28.36,28.12,28.25,110360,0
QQQJ.US,D,20240523,000000,28.39,28.39,27.7103,27.82,108327,0
QQQJ.US,D,20240524,000000,27.88,28.08,27.845,28.08,72310,0
QQQJ.US,D,20240528,000000,28.1,28.1078,27.8445,27.94,58630,0
QQQJ.US,D,20240529,000000,27.6,27.67,27.5785,27.62,76751,0
QQQJ.US,D,20240530,000000,27.53,27.6458,27.44,27.54,82915,0
QQQJ.US,D,20240531,000000,27.59,27.71,27.26,27.68,147318,0
QQQJ.US,D,20240603,000000,27.76,27.77,27.3,27.57,63314,0
QQQJ.US,D,20240604,000000,27.47,27.56,27.35,27.42,57545,0
QQQJ.US,D,20240605,000000,27.54,27.83,27.5,27.83,67270,0
QQQJ.US,D,20240606,000000,27.75,27.8,27.7,27.75,81319,0
QQQJ.US,D,20240607,000000,27.51,27.72,27.495,27.54,64843,0
QQQJ.US,D,20240610,000000,27.44,27.79,27.41,27.78,80842,0
QQQJ.US,D,20240611,000000,27.62,27.76,27.48,27.72,50387,0
QQQJ.US,D,20240612,000000,28.16,28.32,28,28.09,161395,0
QQQJ.US,D,20240613,000000,28.05,28.1,27.87,28.05,224589,0
QQQJ.US,D,20240614,000000,27.83,27.8796,27.585,27.71,68483,0
QQQJ.US,D,20240617,000000,27.69,27.93,27.56,27.86,94188,0
QQQJ.US,D,20240618,000000,27.86,28,27.86,27.94,80193,0
QQQJ.US,D,20240620,000000,27.89,27.96,27.7,27.8,137309,0
QQQJ.US,D,20240621,000000,27.77,27.895,27.63,27.87,73715,0
QQQJ.US,D,20240624,000000,27.86,28.06,27.85,27.85,62905,0
QQQJ.US,D,20240625,000000,27.85,27.86,27.7544,27.85,70331,0
QQQJ.US,D,20240626,000000,27.8,27.8689,27.74,27.84,96767,0
QQQJ.US,D,20240627,000000,27.8,28,27.7298,28,70300,0
QQQJ.US,D,20240628,000000,28.06,28.18,27.805,27.87,91484,0
QQQJ.US,D,20240701,000000,27.88,27.9154,27.7,27.76,84263,0
QQQJ.US,D,20240702,000000,27.69,27.89,27.69,27.83,83262,0
QQQJ.US,D,20240703,000000,27.9,28,27.8725,27.95,196835,0
QQQJ.US,D,20240705,000000,27.93,27.955,27.806,27.91,67030,0
QQQJ.US,D,20240708,000000,27.99,28.1557,27.99,28.15,137214,0
QQQJ.US,D,20240709,000000,28.11,28.2043,28.02,28.08,69365,0
QQQJ.US,D,20240710,000000,28.15,28.32,28.06,28.31,132475,0
QQQJ.US,D,20240711,000000,28.49,28.7137,28.48,28.54,101588,0
QQQJ.US,D,20240712,000000,28.66,29.09,28.64,28.96,330222,0
QQQJ.US,D,20240715,000000,28.96,29.052,28.841,28.91,80278,0
QQQJ.US,D,20240716,000000,29,29.41,29,29.39,250564,0
QQQJ.US,D,20240717,000000,29.03,29.1864,28.71,28.73,131880,0
QQQJ.US,D,20240718,000000,28.79,28.92,28.23,28.37,113462,0
QQQJ.US,D,20240719,000000,28.35,28.37,28.17,28.24,91153,0
QQQJ.US,D,20240722,000000,28.46,28.61,28.21,28.59,94357,0
QQQJ.US,D,20240723,000000,28.44,28.6,28.4145,28.49,104925,0
QQQJ.US,D,20240724,000000,28.4,28.54,28.08,28.12,121328,0
QQQJ.US,D,20240725,000000,28.04,28.4905,27.88,28.02,233778,0
QQQJ.US,D,20240726,000000,28.22,28.49,28.2064,28.38,103337,0
QQQJ.US,D,20240729,000000,28.52,28.53,28.3083,28.39,177542,0
QQQJ.US,D,20240730,000000,28.48,28.5595,28.16,28.25,42372,0
QQQJ.US,D,20240731,000000,28.57,28.8,28.39,28.52,83623,0
QQQJ.US,D,20240801,000000,28.54,28.71,27.85,28.02,94786,0
QQQJ.US,D,20240802,000000,27.54,27.54,27.1,27.37,124540,0
QQQJ.US,D,20240805,000000,26.23,27.06,26.23,26.74,226274,0
QQQJ.US,D,20240806,000000,26.87,27.33,26.835,26.98,368644,0
QQQJ.US,D,20240807,000000,27.34,27.51,26.73,26.76,90061,0
QQQJ.US,D,20240808,000000,27.04,27.6,26.97,27.59,78388,0
QQQJ.US,D,20240809,000000,27.54,27.68,27.41,27.6,73704,0
QQQJ.US,D,20240812,000000,27.6,27.64,27.41,27.45,88359,0
QQQJ.US,D,20240813,000000,27.57,27.96,27.57,27.93,105878,0
QQQJ.US,D,20240814,000000,27.98,27.98,27.7261,27.85,64820,0
QQQJ.US,D,20240815,000000,28.24,28.4499,28.232,28.4,100772,0
QQQJ.US,D,20240816,000000,28.32,28.5,28.32,28.48,72203,0
QQQJ.US,D,20240819,000000,28.5,28.86,28.5,28.86,85850,0
QQQJ.US,D,20240820,000000,28.77,28.8577,28.585,28.63,82724,0
QQQJ.US,D,20240821,000000,28.69,28.97,28.69,28.94,123110,0
QQQJ.US,D,20240822,000000,29,29,28.63,28.67,98819,0
QQQJ.US,D,20240823,000000,28.9,29.16,28.8203,29.13,78113,0
QQQJ.US,D,20240826,000000,29.16,29.285,29.02,29.04,195818,0
QQQJ.US,D,20240827,000000,29.01,29.18,28.91,29.17,81713,0
QQQJ.US,D,20240828,000000,29,29.0834,28.7659,28.89,73049,0
QQQJ.US,D,20240829,000000,29,29.35,29,29.02,86733,0
QQQJ.US,D,20240830,000000,29.15,29.15,28.81,29.08,96516,0
QQQJ.US,D,20240903,000000,28.89,28.9799,28.3,28.36,88982,0
QQQJ.US,D,20240904,000000,28.28,28.5983,28.2716,28.43,107666,0
QQQJ.US,D,20240905,000000,28.41,28.49,28.2103,28.36,176664,0
QQQJ.US,D,20240906,000000,28.34,28.493,27.84,27.91,290628,0
QQQJ.US,D,20240909,000000,28.04,28.31,28.04,28.13,59585,0
QQQJ.US,D,20240910,000000,28.17,28.17,27.86,28.15,45774,0
QQQJ.US,D,20240911,000000,28.16,28.61,27.87,28.6,94667,0
QQQJ.US,D,20240912,000000,28.61,28.78,28.41,28.7,60300,0
QQQJ.US,D,20240913,000000,28.84,29.15,28.84,29.1,72212,0
QQQJ.US,D,20240916,000000,29.05,29.19,28.99,29.14,55052,0
QQQJ.US,D,20240917,000000,29.29,29.5698,29.26,29.35,95757,0
QQQJ.US,D,20240918,000000,29.38,29.68,29.22,29.29,91872,0
QQQJ.US,D,20240919,000000,29.8,29.89,29.665,29.76,106447,0
QQQJ.US,D,20240920,000000,29.7,29.7,29.385,29.56,49049,0
QQQJ.US,D,20240923,000000,29.59,29.68,29.5419,29.63,66622,0
QQQJ.US,D,20240924,000000,29.83,29.96,29.76,29.95,71456,0
QQQJ.US,D,20240925,000000,29.91,29.91,29.6619,29.72,71861,0
QQQJ.US,D,20240926,000000,30.15,30.29,29.99,30.28,214455,0
QQQJ.US,D,20240927,000000,30.41,30.5699,30.29,30.35,72836,0
QQQJ.US,D,20240930,000000,30.3,30.455,30.14,30.37,57417,0
QQQJ.US,D,20241001,000000,30.32,30.32,29.9,30.1,175691,0
QQQJ.US,D,20241002,000000,30.12,30.28,29.95,30.25,64968,0
QQQJ.US,D,20241003,000000,30.04,30.2,29.98,30.11,110256,0
QQQJ.US,D,20241004,000000,30.44,30.4534,30.19,30.4,62701,0
QQQJ.US,D,20241007,000000,30.34,30.34,30.0543,30.17,47911,0
QQQJ.US,D,20241008,000000,30.07,30.2511,30.04,30.17,35853,0
QQQJ.US,D,20241009,000000,30.12,30.395,30.1,30.36,54356,0
QQQJ.US,D,20241010,000000,30.2,30.3067,30.0911,30.24,45092,0
QQQJ.US,D,20241011,000000,30.17,30.63,30.17,30.56,55940,0
QQQJ.US,D,20241014,000000,30.54,30.67,30.4808,30.65,49824,0
QQQJ.US,D,20241015,000000,30.56,30.728,30.34,30.37,44751,0
QQQJ.US,D,20241016,000000,30.46,30.59,30.434,30.54,51005,0
QQQJ.US,D,20241017,000000,30.63,30.65,30.45,30.46,52284,0
QQQJ.US,D,20241018,000000,30.64,30.65,30.54,30.61,71398,0
QQQJ.US,D,20241021,000000,30.52,30.5901,30.265,30.43,62619,0
QQQJ.US,D,20241022,000000,30.28,30.39,30.25,30.33,128453,0
QQQJ.US,D,20241023,000000,30.19,30.254,29.84,30.01,94785,0
QQQJ.US,D,20241024,000000,30.04,30.09,29.869315,29.89,31723,0
QQQJ.US,D,20241025,000000,30.1,30.2,29.89,29.92,45505,0
QQQJ.US,D,20241028,000000,30.09,30.275,30.09,30.21,63458,0
QQQJ.US,D,20241029,000000,30.17,30.32,30.1101,30.25,39066,0
QQQJ.US,D,20241030,000000,30.1,30.32,30.065,30.1,43386,0
QQQJ.US,D,20241031,000000,29.85,29.87,29.46,29.46,66225,0
QQQJ.US,D,20241101,000000,29.6,29.8269,29.57,29.67,43227,0
QQQJ.US,D,20241104,000000,29.61,29.9199,29.61,29.67,105451,0
