<TICKER>,<PER>,<DATE>,<TIME>,<OPEN>,<HIGH>,<LOW>,<CLOSE>,<VOL>,<OPENINT>
QQQN.US,D,20200911,000000,25.1435,25.2113,24.8854,24.9202,204834.44160945,0
QQQN.US,D,20200914,000000,25.2611,25.3607,25.1435,25.3099,250890.98150669,0
QQQN.US,D,20200915,000000,25.6497,25.6895,25.4804,25.6168,379915.52552388,0
QQQN.US,D,20200916,000000,25.8371,25.857,25.4504,25.4504,383151.87678586,0
QQQN.US,D,20200917,000000,25.0737,25.4106,24.984,25.3687,299304.78934639,0
QQQN.US,D,20200918,000000,25.4952,25.5501,25.1235,25.3209,329670.29410183,0
QQQN.US,D,20200921,000000,24.9452,25.4106,24.7259,25.3966,361050.3573459,0
QQQN.US,D,20200922,000000,25.5401,25.8769,25.2611,25.868,216090.92288252,0
QQQN.US,D,20200923,000000,25.9566,26.0064,25.291,25.291,286052.30724849,0
QQQN.US,D,20200924,000000,25.1335,25.2113,24.8406,24.994,12219.860253377,0
QQQN.US,D,20200925,000000,25.1833,25.6397,25.1833,25.5899,13476.267006865,0
QQQN.US,D,20200928,000000,25.9766,26.0314,25.8401,26.0134,7935.8343503084,0
QQQN.US,D,20200929,000000,26.1261,26.2755,26.0254,26.0702,10668.418687169,0
QQQN.US,D,20200930,000000,26.1261,26.413,26.0603,26.2367,25215.441289859,0
QQQN.US,D,20201001,000000,26.5346,26.7429,26.5346,26.6562,328912.6366746,0
QQQN.US,D,20201002,000000,26.2157,26.7129,26.2157,26.4758,34938.544352597,0
QQQN.US,D,20201005,000000,26.703,27.1006,26.703,27.0876,16666.456359374,0
QQQN.US,D,20201006,000000,27.1504,27.4384,26.9412,26.974,41837.742779301,0
QQQN.US,D,20201007,000000,27.0846,27.6128,27.0846,27.5032,9562.5398993537,0
QQQN.US,D,20201008,000000,27.8021,27.8021,27.543,27.6128,29288.728040984,0
QQQN.US,D,20201009,000000,27.8918,28.12,27.8719,28.0612,28898.358850004,0
QQQN.US,D,20201012,000000,28.409,28.409,28.1509,28.1509,23957.027496828,0
QQQN.US,D,20201013,000000,28.1898,28.4828,28.1898,28.3891,15264.539239067,0
QQQN.US,D,20201014,000000,28.5664,28.5754,28.0512,28.1878,128981.39266702,0
QQQN.US,D,20201015,000000,27.7423,28.131,27.7423,28.0742,10719.598195497,0
QQQN.US,D,20201016,000000,28.1659,28.2147,27.9327,27.9327,65978.41439425,0
QQQN.US,D,20201019,000000,28.1609,28.2097,27.6925,27.7423,18443.689874092,0
QQQN.US,D,20201020,000000,27.9118,27.9915,27.6248,27.6248,21125.094702623,0
QQQN.US,D,20201021,000000,27.7324,27.842,27.3099,27.3139,11058.787878149,0
QQQN.US,D,20201022,000000,27.3637,27.3836,27.0648,27.2103,65892.111693931,0
QQQN.US,D,20201023,000000,27.3836,27.4514,27.1873,27.4514,16883.216629943,0
QQQN.US,D,20201026,000000,27.3239,27.4334,26.7817,27.0638,55522.741898567,0
QQQN.US,D,20201027,000000,27.3139,27.4135,27.1743,27.1883,183206.58350148,0
QQQN.US,D,20201028,000000,26.8555,26.8555,26.3682,26.3692,15815.471593432,0
QQQN.US,D,20201029,000000,26.3493,26.4978,26.2397,26.3931,9275.5332448029,0
QQQN.US,D,20201030,000000,26.1799,26.1799,25.4544,25.5899,28873.270855725,0
QQQN.US,D,20201102,000000,25.8809,25.9846,25.3946,25.6667,12751.72573209,0
QQQN.US,D,20201103,000000,26.0204,26.1549,25.9308,26.1549,12364.367100424,0
QQQN.US,D,20201104,000000,26.8156,27.4434,26.7717,27.2809,14168.695648963,0
QQQN.US,D,20201105,000000,27.9716,28.2297,27.8021,28.2067,32799.040200491,0
QQQN.US,D,20201106,000000,28.2197,28.5564,28.0722,28.4738,45640.079192214,0
QQQN.US,D,20201109,000000,28.2197,28.2197,26.9053,26.9053,41249.680193403,0
QQQN.US,D,20201110,000000,26.9252,26.9252,25.9108,26.5346,21033.774403448,0
QQQN.US,D,20201111,000000,26.8455,27.2641,26.8455,27.2142,14786.863827997,0
QQQN.US,D,20201112,000000,27.3437,27.5132,27.1036,27.1743,21859.67117511,0
QQQN.US,D,20201113,000000,27.4434,27.563,27.1046,27.2441,39609.928887333,0
QQQN.US,D,20201116,000000,27.2142,27.4135,26.9452,27.3447,24890.300884003,0
QQQN.US,D,20201117,000000,27.3437,27.7015,27.3437,27.6228,29297.759718925,0
QQQN.US,D,20201118,000000,27.6626,27.6626,27.4634,27.4634,9585.6208540903,0
QQQN.US,D,20201119,000000,27.553,28.0812,27.553,28.0234,26430.70373273,0
QQQN.US,D,20201120,000000,28.1898,28.419,28.141,28.2535,12142.589230998,0
QQQN.US,D,20201123,000000,28.4578,28.4578,28.1011,28.3711,61765.638394933,0
QQQN.US,D,20201124,000000,28.4578,28.5854,28.3293,28.4877,15330.771543963,0
QQQN.US,D,20201125,000000,28.5754,28.705,28.5256,28.6572,8689.4776984472,0
QQQN.US,D,20201127,000000,28.8047,29.0836,28.8047,29.0726,9821.4480003122,0
QQQN.US,D,20201130,000000,29.1235,29.4115,28.7448,29.3677,13761.266621874,0
QQQN.US,D,20201201,000000,29.5808,29.5808,29.0936,29.2729,68015.559529699,0
QQQN.US,D,20201202,000000,29.1922,29.1922,28.8345,29.0468,14770.807511658,0
QQQN.US,D,20201203,000000,29.2122,29.7802,29.2122,29.553,11834.508661253,0
QQQN.US,D,20201204,000000,29.561,29.8191,29.561,29.7593,11731.146124824,0
QQQN.US,D,20201207,000000,29.6208,29.8589,29.6208,29.829,13423.080458994,0
QQQN.US,D,20201208,000000,29.9187,30.1668,29.7901,30.1568,18566.119286173,0
QQQN.US,D,20201209,000000,30.2266,30.2266,29.2521,29.4443,19965.025847166,0
QQQN.US,D,20201210,000000,29.3517,30.0582,29.3517,30.0363,23650.953966625,0
QQQN.US,D,20201211,000000,30.0183,30.1768,29.7204,30.1468,48370.656489532,0
QQQN.US,D,20201214,000000,30.4558,30.5754,30.2665,30.2764,16785.875212141,0
QQQN.US,D,20201215,000000,30.4957,30.6452,30.4059,30.5544,22501.92382865,0
QQQN.US,D,20201216,000000,30.7248,30.8863,30.5256,30.8544,31276.700707646,0
QQQN.US,D,20201217,000000,31.1732,31.3915,31.0936,31.3447,58762.103719861,0
QQQN.US,D,20201218,000000,31.5599,31.7782,31.4653,31.6964,42492.037670095,0
QQQN.US,D,20201221,000000,31.4503,31.7482,31.1832,31.7174,50886.480555822,0
QQQN.US,D,20201222,000000,32.0063,32.1758,31.817,32.1448,92263.607760162,0
QQQN.US,D,20201223,000000,32.385,32.385,31.8778,32.0482,82785.363521586,0
QQQN.US,D,20201224,000000,32.0582,32.2156,31.9317,32.0462,9484.2653572035,0
QQQN.US,D,20201228,000000,32.1658,32.3152,31.4703,31.4852,45400.237966908,0
QQQN.US,D,20201229,000000,31.7184,31.7184,31.0637,31.237,46606.468731838,0
QQQN.US,D,20201230,000000,31.4603,31.5998,31.4205,31.54,17800.433700781,0
QQQN.US,D,20201231,000000,31.54,31.54,31.3217,31.53,27527.550842604,0
QQQN.US,D,20210104,000000,31.5499,31.5699,30.5455,30.8345,300829.13587878,0
QQQN.US,D,20210105,000000,30.695,31.3018,30.695,31.2729,23624.862452574,0
QQQN.US,D,20210106,000000,31.233,31.7284,31.1434,31.3517,26724.735025679,0
QQQN.US,D,20210107,000000,31.5599,32.3751,31.5599,32.3751,24789.948906888,0
QQQN.US,D,20210108,000000,32.6481,32.9521,32.4897,32.8922,28604.327557055,0
QQQN.US,D,20210111,000000,32.6332,33.1005,32.395,33.0109,22910.356375511,0
QQQN.US,D,20210112,000000,32.9619,33.25,32.9619,33.1822,39981.231202661,0
QQQN.US,D,20210113,000000,33.3586,33.3586,32.9521,33.1802,22848.1381497,0
QQQN.US,D,20210114,000000,33.1902,33.4781,33.1902,33.2151,68093.834071849,0
QQQN.US,D,20210115,000000,33.25,33.3686,32.6232,32.7766,33586.803220849,0
QQQN.US,D,20210119,000000,33.1603,33.2699,33.0457,33.22,68326.650658757,0
QQQN.US,D,20210120,000000,33.4134,33.6476,33.3486,33.5379,49238.701091582,0
QQQN.US,D,20210121,000000,33.9365,33.9365,33.4303,33.4881,24611.322387622,0
QQQN.US,D,20210122,000000,33.4881,33.5081,33.26,33.5081,24063.40059257,0
QQQN.US,D,20210125,000000,33.787,33.9266,32.8225,33.3376,33860.764118374,0
QQQN.US,D,20210126,000000,33.4184,33.4682,32.7626,32.7626,20366.433755629,0
QQQN.US,D,20210127,000000,32.5046,32.5445,31.7582,31.9017,40208.026670942,0
QQQN.US,D,20210128,000000,32.0761,32.5345,31.9177,32.4149,18812.985149878,0
QQQN.US,D,20210129,000000,32.2654,32.3162,31.4005,31.7981,66456.089805321,0
QQQN.US,D,20210201,000000,31.9963,32.4149,31.818,32.3152,34930.516194428,0
QQQN.US,D,20210202,000000,32.8125,33.3686,32.8125,33.3686,42340.50618465,0
QQQN.US,D,20210203,000000,33.5878,33.5878,33.0706,33.2101,38532.14865311,0
QQQN.US,D,20210204,000000,33.24,33.7074,33.24,33.7074,27094.030301464,0
QQQN.US,D,20210205,000000,33.9863,34.1149,33.827,34.095,36267.204529609,0
QQQN.US,D,20210208,000000,34.364,34.5435,34.2046,34.4537,24952.519109816,0
QQQN.US,D,20210209,000000,34.4837,34.8912,34.4537,34.7916,29868.762468713,0
QQQN.US,D,20210210,000000,35.0397,35.2091,34.3242,34.7328,39033.908538688,0
QQQN.US,D,20210211,000000,34.9998,35.0297,34.7467,35.0097,97229.023587846,0
QQQN.US,D,20210212,000000,34.8613,35.3774,34.8613,35.3536,38711.778692147,0
QQQN.US,D,20210216,000000,35.6365,35.6365,34.8414,34.9899,135596.59499848,0
QQQN.US,D,20210217,000000,34.8712,34.8712,34.1697,34.8613,52637.622556491,0
QQQN.US,D,20210218,000000,34.5235,34.7218,34.2096,34.6131,22209.899575243,0
QQQN.US,D,20210219,000000,34.9899,35.3078,34.9899,35.1223,41332.972334409,0
QQQN.US,D,20210222,000000,34.8613,34.8613,33.9863,33.9863,33831.662045011,0
QQQN.US,D,20210223,000000,33.3486,33.807,32.4657,33.6974,73171.644113903,0
QQQN.US,D,20210224,000000,33.6774,34.2444,33.3456,34.1638,15630.823955539,0
QQQN.US,D,20210225,000000,34.1049,34.1777,32.8026,32.9919,38225.071603136,0
QQQN.US,D,20210226,000000,33.26,33.7472,32.7726,33.5329,59405.359893173,0
QQQN.US,D,20210301,000000,34.0153,34.5335,33.9863,34.5335,26131.654840925,0
QQQN.US,D,20210302,000000,34.7018,34.7018,33.9764,34.0353,21512.45333429,0
QQQN.US,D,20210303,000000,34.0651,34.0651,32.7228,32.7626,41935.084197103,0
QQQN.US,D,20210304,000000,32.4647,32.4647,30.9839,31.54,67486.704610299,0
QQQN.US,D,20210305,000000,31.818,31.818,30.0582,31.7184,37359.034040628,0
QQQN.US,D,20210308,000000,31.7482,32.1458,31.1832,31.3118,120148.4116413,0
QQQN.US,D,20210309,000000,32.116,32.5345,32.0063,32.3452,151649.90077768,0
QQQN.US,D,20210310,000000,32.9719,33.0099,32.2854,32.5046,66384.839901568,0
QQQN.US,D,20210311,000000,32.8125,33.5389,32.6481,33.4891,36249.141173728,0
QQQN.US,D,20210312,000000,33.0207,33.4493,32.8773,33.4493,19008.671505253,0
QQQN.US,D,20210315,000000,33.4593,33.828,33.4204,33.783,40729.856951944,0
QQQN.US,D,20210316,000000,33.9774,34.0611,33.3945,33.5489,18153.672660228,0
QQQN.US,D,20210317,000000,33.24,33.8379,32.9421,33.7382,12295.124236213,0
QQQN.US,D,20210318,000000,33.3297,33.3496,32.678,32.7528,18170.732496337,0
QQQN.US,D,20210319,000000,32.9221,33.3197,32.7029,33.1802,21350.886651133,0
QQQN.US,D,20210322,000000,33.4493,33.6286,33.3297,33.5589,34215.006597593,0
QQQN.US,D,20210323,000000,33.1503,33.2888,32.5345,32.6332,135051.68376275,0
QQQN.US,D,20210324,000000,32.5923,32.5923,31.1424,31.1424,38668.627341987,0
QQQN.US,D,20210325,000000,30.5445,31.0926,30.4049,31.0527,54721.933121184,0
QQQN.US,D,20210326,000000,31.1324,31.1324,29.9974,30.8933,29937.001813151,0
QQQN.US,D,20210329,000000,30.8435,30.8435,30.2555,30.3851,21554.601164678,0
QQQN.US,D,20210330,000000,30.3851,30.8335,30.2386,30.7936,47985.304897408,0
QQQN.US,D,20210331,000000,31.1125,31.5589,31.1125,31.4195,47221.626351557,0
QQQN.US,D,20210401,000000,31.8479,32.1359,31.7841,31.9565,50291.393331526,0
QQQN.US,D,20210405,000000,32.2554,32.3252,31.7184,31.9565,41461.422865117,0
QQQN.US,D,20210406,000000,32.0363,32.4947,31.9665,32.3651,18924.375844476,0
QQQN.US,D,20210407,000000,32.4249,32.4249,31.8579,31.8877,17730.1873168,0
QQQN.US,D,20210408,000000,32.3751,32.4468,32.2256,32.3751,12050.265412052,0
QQQN.US,D,20210409,000000,32.1458,32.385,32.0363,32.385,7035.6771155807,0
QQQN.US,D,20210412,000000,32.2256,32.2654,31.9765,32.2654,18437.668755465,0
QQQN.US,D,20210413,000000,32.5445,32.8623,32.5275,32.7926,16445.682009719,0
QQQN.US,D,20210414,000000,33.0307,33.0706,32.4448,32.4547,17738.215474968,0
QQQN.US,D,20210415,000000,32.7428,32.9521,32.7428,32.9421,9033.684979954,0
QQQN.US,D,20210416,000000,33.0805,33.0805,32.8026,32.8623,12719.613099413,0
QQQN.US,D,20210419,000000,32.7128,32.9082,32.2854,32.4647,27613.853542923,0
QQQN.US,D,20210420,000000,32.2654,32.2654,31.7134,31.9465,15131.071109504,0
QQQN.US,D,20210421,000000,31.8778,32.5345,31.7383,32.5245,14115.509101092,0
QQQN.US,D,20210422,000000,32.6132,33.0507,32.5933,32.653,13246.460979271,0
QQQN.US,D,20210423,000000,32.8723,33.23,32.8723,33.1702,7483.2469335167,0
QQQN.US,D,20210426,000000,33.3895,33.828,33.24,33.828,39815.650440419,0
QQQN.US,D,20210427,000000,33.828,34.0461,33.6137,33.7084,13807.428531347,0
QQQN.US,D,20210428,000000,33.6884,33.6884,33.4543,33.5091,22638.402517527,0
QQQN.US,D,20210429,000000,33.7183,33.7183,32.7218,33.0109,25437.219159284,0
QQQN.US,D,20210430,000000,32.9022,33.0307,32.5933,32.6232,20514.95468176,0
QQQN.US,D,20210503,000000,32.7029,32.7029,32.1658,32.1758,17703.092282978,0
QQQN.US,D,20210504,000000,31.9865,31.9865,30.9431,31.3905,56364.694986567,0
QQQN.US,D,20210505,000000,31.808,31.827,31.2221,31.3008,28071.458558571,0
QQQN.US,D,20210506,000000,31.1324,31.1324,30.2146,30.5794,237596.35157842,0
QQQN.US,D,20210507,000000,31.0527,31.4195,31.0527,31.232,14354.346806628,0
QQQN.US,D,20210510,000000,31.0627,31.0627,30.3551,30.4149,68920.734363282,0
QQQN.US,D,20210511,000000,29.5888,30.5046,29.3597,30.4249,26959.55865213,0
QQQN.US,D,20210512,000000,29.8868,30.2555,29.3796,29.4294,405758.16667071,0
QQQN.US,D,20210513,000000,29.6486,29.9167,29.1016,29.4693,46069.585654269,0
QQQN.US,D,20210514,000000,29.7782,30.5943,29.7483,30.5345,33699.197435219,0
QQQN.US,D,20210517,000000,30.4449,30.5644,30.2256,30.5644,8578.0870038488,0
QQQN.US,D,20210518,000000,30.7238,31.0119,30.694,30.694,12662.412472458,0
QQQN.US,D,20210519,000000,30.136,30.6292,30.0064,30.6142,11494.315458831,0
QQQN.US,D,20210520,000000,31.1712,31.4593,31.1712,31.4005,17375.944837582,0
QQQN.US,D,20210521,000000,31.4393,31.6686,31.3377,31.3706,18236.964801234,0
QQQN.US,D,20210524,000000,31.4792,31.8977,31.4792,31.7482,23074.933617981,0
QQQN.US,D,20210525,000000,31.9865,31.9865,31.6686,31.7482,375217.04595532,0
QQQN.US,D,20210526,000000,31.8778,32.1858,31.8778,32.1558,28840.154703277,0
QQQN.US,D,20210527,000000,32.1458,32.3152,32.106,32.2356,3697.970356713,0
QQQN.US,D,20210528,000000,32.3352,32.5445,32.3152,32.3352,30841.173126964,0
QQQN.US,D,20210601,000000,32.5046,32.5933,32.2056,32.2455,17482.317933324,0
QQQN.US,D,20210602,000000,32.2854,32.3043,32.1359,32.2156,9273.5262052605,0
QQQN.US,D,20210603,000000,31.9177,32.0053,31.5689,31.7582,46875.412030508,0
QQQN.US,D,20210604,000000,32.096,32.1858,32.0582,32.1758,8731.6255288358,0
QQQN.US,D,20210607,000000,32.2156,32.4747,32.2156,32.4049,16509.907275072,0
QQQN.US,D,20210608,000000,32.4149,32.5733,32.1877,32.4249,17009.660121109,0
QQQN.US,D,20210609,000000,32.5245,32.5365,32.2056,32.2056,85733.704609244,0
QQQN.US,D,20210610,000000,32.4448,32.7826,32.2654,32.7029,8591.1327608739,0
QQQN.US,D,20210611,000000,32.8424,32.8823,32.694,32.8125,9595.6560518019,0
QQQN.US,D,20210614,000000,33.0217,33.0815,32.9121,33.0716,16941.42077667,0
QQQN.US,D,20210615,000000,32.9022,32.9121,32.4917,32.5046,10285.074134586,0
QQQN.US,D,20210616,000000,32.4448,32.7428,32.1658,32.5345,17820.504096204,0
QQQN.US,D,20210617,000000,32.2356,32.653,31.9277,32.4448,7241.3986686679,0
QQQN.US,D,20210618,000000,32.3452,32.6132,32.3452,32.4647,9520.3920689651,0
QQQN.US,D,20210621,000000,32.5445,32.7228,32.3252,32.693,16066.351536221,0
QQQN.US,D,20210622,000000,32.8225,33.1513,32.8026,33.1264,28791.985754262,0
QQQN.US,D,20210623,000000,33.251,33.3805,33.1613,33.1613,17984.077818902,0
QQQN.US,D,20210624,000000,33.5299,33.8389,33.5299,33.5898,19748.265576596,0
QQQN.US,D,20210625,000000,33.7692,34.0173,33.7502,33.8488,18667.474783059,0
QQQN.US,D,20210628,000000,34.1568,34.2315,34.0471,34.2066,9664.8989160117,0
QQQN.US,D,20210629,000000,34.2962,34.386,34.1717,34.2962,17613.779023345,0
QQQN.US,D,20210630,000000,34.2864,34.2864,34.097,34.2016,14573.11411674,0
QQQN.US,D,20210701,000000,34.1269,34.2365,33.8588,34.0771,15768.306164188,0
QQQN.US,D,20210702,000000,34.2266,34.2266,34.0273,34.097,9128.0158384428,0
QQQN.US,D,20210706,000000,33.9973,34.0771,33.7792,34.0372,24543.083043183,0
QQQN.US,D,20210707,000000,34.1169,34.1707,33.4811,33.7292,17411.068029572,0
QQQN.US,D,20210708,000000,33.0019,33.5399,32.7626,33.3805,16779.854093514,0
QQQN.US,D,20210709,000000,33.6197,33.8588,33.3506,33.819,8281.0451515864,0
QQQN.US,D,20210712,000000,33.8788,33.8788,33.6695,33.819,9782.3107292371,0
QQQN.US,D,20210713,000000,33.7193,33.799,33.4004,33.4104,13044.753505268,0
QQQN.US,D,20210714,000000,33.5699,33.5699,32.8524,32.9121,8787.8226360206,0
QQQN.US,D,20210715,000000,32.8823,32.9819,32.2754,32.4947,10138.560247998,0
QQQN.US,D,20210716,000000,32.7128,32.7228,32.1359,32.1658,6895.1843476188,0
QQQN.US,D,20210719,000000,31.6686,32.107,31.54,32.0462,20284.145134393,0
QQQN.US,D,20210720,000000,32.0562,32.8723,32.0562,32.7626,14649.381619348,0
QQQN.US,D,20210721,000000,32.7726,33.2111,32.7726,33.1782,6218.8120218591,0
QQQN.US,D,20210722,000000,33.2908,33.3008,33.1862,33.2808,4115.4345815143,0
QQQN.US,D,20210723,000000,33.3506,33.819,33.3506,33.7492,6428.5476540308,0
QQQN.US,D,20210726,000000,33.5798,33.7094,33.4104,33.5001,10973.488697601,0
QQQN.US,D,20210727,000000,32.7626,32.9819,32.4847,32.9819,18294.16542819,0
QQQN.US,D,20210728,000000,33.1115,33.5917,33.1115,33.5299,16653.410602349,0
QQQN.US,D,20210729,000000,33.5997,33.7094,33.4004,33.4303,10455.672495683,0
QQQN.US,D,20210730,000000,33.221,33.4473,33.0417,33.1015,15780.348401442,0
QQQN.US,D,20210802,000000,33.3406,33.4114,33.0517,33.2111,93095.52565045,0
QQQN.US,D,20210803,000000,33.1712,33.3705,32.9221,33.2808,9896.7119831489,0
QQQN.US,D,20210804,000000,33.241,33.6595,33.241,33.5798,21028.756804592,0
QQQN.US,D,20210805,000000,33.5898,33.8738,33.3705,33.7792,6068.2840561855,0
QQQN.US,D,20210806,000000,33.6496,33.6496,33.2758,33.4383,6263.9704115611,0
QQQN.US,D,20210809,000000,33.5101,33.6097,33.3536,33.5201,22429.670405127,0
QQQN.US,D,20210810,000000,33.7292,33.7742,33.3406,33.3506,8259.9712363921,0
QQQN.US,D,20210811,000000,33.2938,33.3506,32.7936,33.1812,10434.598580489,0
QQQN.US,D,20210812,000000,33.1812,33.3905,33.1015,33.3805,15834.538469084,0
QQQN.US,D,20210813,000000,33.3506,33.3506,33.1613,33.1912,12886.197381426,0
QQQN.US,D,20210816,000000,33.0217,33.0217,32.5733,32.8324,5963.9179999852,0
QQQN.US,D,20210817,000000,32.5445,32.693,32.3551,32.693,5287.5456742255,0
QQQN.US,D,20210818,000000,32.6132,32.7518,32.5883,32.5883,3730.08298939,0
QQQN.US,D,20210819,000000,32.1558,32.4299,32.116,32.2356,9079.8468894273,0
QQQN.US,D,20210820,000000,32.3352,32.5933,32.3352,32.5644,5020.6094150978,0
QQQN.US,D,20210823,000000,32.7128,33.2709,32.7128,33.221,22985.620358348,0
QQQN.US,D,20210824,000000,33.4801,33.7193,33.4801,33.6894,11883.681130039,0
QQQN.US,D,20210825,000000,33.787,34.0771,33.7762,34.0173,50097.714015692,0
QQQN.US,D,20210826,000000,34.0173,34.087,33.5997,33.6097,31940.027276381,0
QQQN.US,D,20210827,000000,33.9385,34.1867,33.9385,34.0771,28228.007642871,0
QQQN.US,D,20210830,000000,34.097,34.3332,34.0471,34.2166,12980.528239914,0
QQQN.US,D,20210831,000000,34.1867,34.2345,34.1468,34.1767,13717.111751943,0
QQQN.US,D,20210901,000000,34.2962,34.5803,34.2962,34.4557,18914.340646765,0
QQQN.US,D,20210902,000000,34.4757,34.7298,34.4757,34.5255,133334.6614343,0
QQQN.US,D,20210903,000000,34.655,34.8434,34.655,34.7946,12023.170378231,0
QQQN.US,D,20210907,000000,34.9241,34.9241,34.7646,34.7646,17023.709397905,0
QQQN.US,D,20210908,000000,34.7646,34.7646,34.2864,34.2864,13247.464499042,0
QQQN.US,D,20210909,000000,34.5055,34.5255,34.1867,34.1867,4655.3282183967,0
QQQN.US,D,20210910,000000,34.5753,34.5753,34.0273,34.0273,12650.370235203,0
QQQN.US,D,20210913,000000,34.0571,34.0571,33.4483,33.7243,8774.7768789956,0
QQQN.US,D,20210914,000000,33.8887,33.8887,33.6087,33.6087,2775.7356870199,0
QQQN.US,D,20210915,000000,33.6595,33.789,33.4921,33.7592,7258.4585047776,0
QQQN.US,D,20210916,000000,33.5499,34.0273,33.5499,33.9286,3021.5980309533,0
QQQN.US,D,20210917,000000,33.9087,33.9784,33.6585,33.9685,25049.860527617,0
QQQN.US,D,20210920,000000,33.1712,33.3606,32.7726,33.1812,16939.413737128,0
QQQN.US,D,20210921,000000,33.4503,33.4503,33.2808,33.3207,7668.8980911807,0
QQQN.US,D,20210922,000000,33.6565,33.7692,33.6296,33.7213,6638.2832862026,0
QQQN.US,D,20210923,000000,33.8788,34.2464,33.8788,34.1667,9778.2966501524,0
QQQN.US,D,20210924,000000,33.9087,34.0851,33.9087,34.0273,3426.0164987295,0
QQQN.US,D,20210927,000000,33.9784,33.9784,33.6097,33.7292,4390.3989988113,0
QQQN.US,D,20210928,000000,32.8773,32.9221,32.5435,32.7128,28674.573941036,0
QQQN.US,D,20210929,000000,32.7577,32.7577,32.4139,32.4239,10285.074134586,0
QQQN.US,D,20210930,000000,32.653,32.682,32.4438,32.4537,6354.2871909652,0
QQQN.US,D,20211001,000000,32.4339,32.7528,32.0402,32.7029,16881.2095904,0
QQQN.US,D,20211004,000000,32.5036,32.5036,31.6756,31.7971,64240.318150607,0
QQQN.US,D,20211005,000000,31.9167,32.3611,31.9167,32.3442,3333.6926797831,0
QQQN.US,D,20211006,000000,31.827,32.4438,31.827,32.3541,5499.2883459396,0
QQQN.US,D,20211007,000000,32.8623,33.1174,32.8026,32.8026,5395.9258095104,0
QQQN.US,D,20211008,000000,32.8026,32.8026,32.4537,32.5135,5694.9747013152,0
QQQN.US,D,20211011,000000,32.5733,32.7408,32.394,32.394,6251.9281743072,0
QQQN.US,D,20211012,000000,32.5245,32.693,32.4987,32.5733,4618.1979868639,0
QQQN.US,D,20211013,000000,32.7358,32.8843,32.7358,32.8723,3737.1076277881,0
QQQN.US,D,20211014,000000,33.3008,33.3506,33.231,33.256,25567.676729535,0
QQQN.US,D,20211015,000000,33.4702,33.4702,33.2808,33.2908,6515.8538741215,0
QQQN.US,D,20211018,000000,33.3406,33.7392,33.3406,33.7292,7320.6767305893,0
QQQN.US,D,20211019,000000,33.9445,34.0671,33.8987,33.9365,3481.2100861431,0
QQQN.US,D,20211020,000000,34.1369,34.1369,33.9286,33.9585,11141.076499383,0
QQQN.US,D,20211021,000000,33.8887,34.3959,33.8887,34.3561,11165.160973891,0
QQQN.US,D,20211022,000000,34.2962,34.4258,34.1169,34.1568,11826.480503084,0
QQQN.US,D,20211025,000000,34.3412,34.5315,34.3412,34.4657,14042.252157798,0
QQQN.US,D,20211026,000000,34.5853,34.6052,34.0571,34.1069,18044.289005172,0
QQQN.US,D,20211027,000000,34.3461,34.3461,33.799,33.809,11498.329537916,0
QQQN.US,D,20211028,000000,33.9385,34.4457,33.9385,34.4358,4681.4197324467,0
QQQN.US,D,20211029,000000,34.3162,34.4557,34.3162,34.4258,9910.7612599451,0
QQQN.US,D,20211101,000000,34.5055,34.8942,34.5055,34.8942,106508.57091173,0
QQQN.US,D,20211102,000000,34.7447,34.7896,34.5953,34.7896,3590.5937411992,0
QQQN.US,D,20211103,000000,34.8444,35.1134,34.7447,35.0935,19696.082548496,0
QQQN.US,D,20211104,000000,35.0427,35.2031,35.0018,35.1333,5506.3129843377,0
QQQN.US,D,20211105,000000,35.4512,35.5209,35.2031,35.3814,8153.5981406495,0
QQQN.US,D,20211108,000000,35.7302,36.1418,35.7302,36.0691,6478.7236425887,0
QQQN.US,D,20211109,000000,36.2424,36.2424,35.9674,36.0591,7371.8562389183,0
QQQN.US,D,20211110,000000,35.8,35.8478,35.3416,35.3814,3426.0164987295,0
QQQN.US,D,20211111,000000,35.7003,35.789,35.6605,35.7302,10640.320133576,0
QQQN.US,D,20211112,000000,36.0351,36.348,36.0351,36.348,4435.5573885133,0
QQQN.US,D,20211115,000000,36.2783,36.378,36.2006,36.358,8523.8969362064,0
QQQN.US,D,20211116,000000,36.4058,36.7357,36.3979,36.7357,4445.5925862249,0
QQQN.US,D,20211117,000000,36.7457,36.7457,36.1487,36.2095,5816.4005936252,0
QQQN.US,D,20211118,000000,36.2783,36.2783,35.9166,36.1388,11660.899740843,0
QQQN.US,D,20211119,000000,36.1189,36.2584,36.0093,36.0391,7428.0533461031,0
QQQN.US,D,20211122,000000,36.2185,36.2185,35.0387,35.2499,6782.7901332492,0
QQQN.US,D,20211123,000000,35.1832,35.1931,34.665,35.0437,14431.617829007,0
QQQN.US,D,20211124,000000,34.5553,35.3516,34.5553,35.3216,5618.7071987073,0
QQQN.US,D,20211126,000000,34.9241,35.1223,34.7148,34.7946,5835.4674692771,0
QQQN.US,D,20211129,000000,35.223,35.3616,35.223,35.3018,3343.7278774947,0
QQQN.US,D,20211130,000000,35.3018,35.3038,34.3561,34.5315,4798.8315456721,0
QQQN.US,D,20211201,000000,34.6899,34.8832,33.3606,33.3606,17770.328107646,0
QQQN.US,D,20211202,000000,33.221,33.9485,33.0537,33.8488,49441.412085357,0
QQQN.US,D,20211203,000000,33.8987,33.8987,32.663,33.1613,12461.708518226,0
QQQN.US,D,20211206,000000,33.0317,33.0317,32.4039,33.0019,33867.788756773,0
QQQN.US,D,20211207,000000,33.6715,34.3322,33.6595,34.1966,30192.899354797,0
QQQN.US,D,20211208,000000,34.4159,34.675,34.4159,34.6052,4105.3993838027,0
QQQN.US,D,20211209,000000,34.4457,34.4637,33.6894,33.6894,5318.6547871314,0
QQQN.US,D,20211210,000000,34.0372,34.0372,33.5967,33.7492,5729.0943735345,0
QQQN.US,D,20211213,000000,33.4303,33.5399,33.1613,33.3456,11065.812516547,0
QQQN.US,D,20211214,000000,32.8623,32.9121,32.3541,32.7228,13876.671395557,0
QQQN.US,D,20211215,000000,32.8125,33.6097,32.4059,33.6097,28896.351810462,0
QQQN.US,D,20211216,000000,33.6197,33.6197,32.5435,32.7029,4924.2715170667,0
QQQN.US,D,20211217,000000,32.4139,33.217,32.4139,33.1513,12299.138315298,0
QQQN.US,D,20211220,000000,32.7478,32.7577,32.3741,32.6332,20466.785732744,0
QQQN.US,D,20211221,000000,32.9121,33.6496,32.9121,33.6496,14707.585766075,0
QQQN.US,D,20211222,000000,33.5201,33.6854,33.3307,33.6296,8635.2876308048,0
QQQN.US,D,20211223,000000,33.7392,34.0421,33.7392,33.9485,4879.1131273646,0
QQQN.US,D,20211227,000000,34.1468,34.2564,33.9485,34.2564,8880.146454967,0
QQQN.US,D,20211228,000000,34.1976,34.4368,33.9685,33.9685,10849.052245977,0
QQQN.US,D,20211229,000000,33.8488,34.0771,33.7792,34.0471,43101.174171187,0
QQQN.US,D,20211230,000000,34.1867,34.381,34.1069,34.1418,5299.5879114794,0
QQQN.US,D,20211231,000000,34.0471,34.1518,33.9485,34.095,3456.1220918642,0
QQQN.US,D,20220103,000000,33.9186,33.9186,33.5699,33.789,6779.7795739357,0
QQQN.US,D,20220104,000000,33.6794,33.7243,32.9799,33.4204,8854.054940917,0
QQQN.US,D,20220105,000000,33.2111,33.2111,31.8857,31.9057,18457.739150888,0
QQQN.US,D,20220106,000000,31.9355,32.103,31.5569,31.8559,14713.606884701,0
QQQN.US,D,20220107,000000,31.826,32.0711,31.4283,31.4623,5796.330198202,0
QQQN.US,D,20220110,000000,30.9899,31.4573,30.5176,31.4573,20529.003958556,0
QQQN.US,D,20220111,000000,31.3656,31.8758,31.2978,31.806,16754.766099235,0
QQQN.US,D,20220112,000000,32.1838,32.1838,31.6566,31.7363,6710.5367097259,0
QQQN.US,D,20220113,000000,31.9755,31.9755,30.9103,30.9601,7069.7967878001,0
QQQN.US,D,20220114,000000,30.7906,30.9103,30.3921,30.8603,6675.4135177354,0
QQQN.US,D,20220118,000000,30.4518,30.4518,29.9436,29.9436,14652.392178662,0
QQQN.US,D,20220119,000000,29.9337,30.2007,29.6845,29.6845,85036.25836829,0
QQQN.US,D,20220120,000000,30.2525,30.3223,29.2361,29.2759,10685.478523279,0
QQQN.US,D,20220121,000000,29.0886,29.2749,28.3601,28.3801,49509.651429795,0
QQQN.US,D,20220124,000000,27.7224,28.9172,27.0618,28.8973,29589.783972331,0
QQQN.US,D,20220125,000000,28.2905,28.5574,27.9018,28.121,74674.916731095,0
QQQN.US,D,20220126,000000,28.6781,28.8803,27.7324,27.9616,28611.352195454,0
QQQN.US,D,20220127,000000,28.2307,28.2307,27.4235,27.5232,7950.8871468758,0
QQQN.US,D,20220128,000000,27.4932,28.3502,27.1743,28.3403,57144.429848756,0
QQQN.US,D,20220131,000000,28.4299,29.3257,28.4299,29.3257,9956.9231694184,0
QQQN.US,D,20220201,000000,29.5749,29.9237,29.3247,29.8839,108109.18494673,0
QQQN.US,D,20220202,000000,30.0532,30.0532,29.7044,29.8141,14349.329207772,0
QQQN.US,D,20220203,000000,29.0568,29.4902,28.9541,28.9541,5897.6856950889,0
QQQN.US,D,20220204,000000,29.0268,29.565,28.9272,29.4553,10707.555958244,0
QQQN.US,D,20220207,000000,29.565,29.8937,29.4205,29.545,6202.7557055205,0
QQQN.US,D,20220208,000000,29.4055,29.8739,29.2759,29.8739,5643.7951929862,0
QQQN.US,D,20220209,000000,30.3821,30.7807,30.3811,30.7807,9531.4307864479,0
QQQN.US,D,20220210,000000,30.8803,31.1394,30.3323,30.3511,11510.371775169,0
QQQN.US,D,20220211,000000,30.4518,30.4518,29.4255,29.4255,3995.0122089755,0
QQQN.US,D,20220214,000000,29.5052,29.6248,29.2859,29.3139,10337.257162687,0
QQQN.US,D,20220215,000000,29.6746,30.3721,29.6746,30.3521,8409.4956822945,0
QQQN.US,D,20220216,000000,29.9436,30.108,29.7064,30.0632,6206.7697846052,0
QQQN.US,D,20220217,000000,29.7742,29.7742,29.1922,29.2112,4729.5886814623,0
QQQN.US,D,20220218,000000,28.8973,29.1763,28.5496,28.7578,40064.523343667,0
QQQN.US,D,20220222,000000,28.5396,28.6182,27.8918,28.111,8035.182807653,0
QQQN.US,D,20220223,000000,28.2505,28.2805,27.3487,27.3737,15711.105537232,0
QQQN.US,D,20220224,000000,26.0882,28.4499,26.0483,28.4499,10935.354946296,0
QQQN.US,D,20220225,000000,28.6222,28.9461,28.5156,28.9461,3584.5726225723,0
QQQN.US,D,20220228,000000,28.5684,29.1564,28.5684,29.1364,6781.7866134781,0
QQQN.US,D,20220301,000000,29.1962,29.1962,28.5684,28.7677,79243.942249172,0
QQQN.US,D,20220302,000000,28.8375,29.1564,28.6192,29.0866,17221.402792823,0
QQQN.US,D,20220303,000000,29.1564,29.1564,28.3701,28.4698,4013.0755648563,0
QQQN.US,D,20220304,000000,28.2107,28.2107,27.573,27.8121,8018.1229715433,0
QQQN.US,D,20220307,000000,27.5052,27.6328,26.6961,26.7459,6435.5722924289,0
QQQN.US,D,20220308,000000,26.3941,27.3816,26.3941,26.5964,9941.870372851,0
QQQN.US,D,20220309,000000,27.1345,27.7823,27.1345,27.7423,7582.5953908612,0
QQQN.US,D,20220310,000000,27.2112,27.2939,27.0648,27.1943,3473.1819279739,0
QQQN.US,D,20220311,000000,27.6228,27.697,26.7159,26.7259,7324.6908096739,0
QQQN.US,D,20220314,000000,26.5166,26.9053,25.9486,26.437,84452.209861476,0
QQQN.US,D,20220315,000000,26.128,26.8854,26.128,26.8654,6119.4635645145,0
QQQN.US,D,20220316,000000,27.3239,28.2107,27.3239,28.2107,5668.8831872651,0
QQQN.US,D,20220317,000000,27.8619,28.7651,27.8619,28.7651,5424.0243631028,0
QQQN.US,D,20220318,000000,29.0588,29.3168,29.0588,29.3069,105568.27288615,0
QQQN.US,D,20220321,000000,29.1972,29.4865,28.8684,29.0631,9223.3502167027,0
QQQN.US,D,20220322,000000,29.2926,29.4962,29.2371,29.4763,26149.718196806,0
QQQN.US,D,20220323,000000,29.2371,29.4463,28.8883,28.9182,8778.7909580802,0
QQQN.US,D,20220324,000000,29.2173,29.5161,29.2172,29.5161,14633.325303009,0
QQQN.US,D,20220325,000000,29.2969,29.3766,29.1823,29.3467,8895.1992515344,0
QQQN.US,D,20220328,000000,29.3667,29.3667,29.0976,29.3467,4983.479183565,0
QQQN.US,D,20220329,000000,29.8749,30.0027,29.6256,29.8749,12868.134025544,0
QQQN.US,D,20220330,000000,29.7802,29.7802,29.2869,29.3467,13272.55249332,0
QQQN.US,D,20220331,000000,29.5161,29.5161,28.8385,28.8385,8068.2989601011,0
QQQN.US,D,20220401,000000,29.0359,29.0836,28.6392,28.968,32155.784027179,0
QQQN.US,D,20220404,000000,29.1373,29.2731,29.0971,29.2278,25776.408841935,0
QQQN.US,D,20220405,000000,29.2969,29.343,28.4997,28.5196,10952.414782406,0
QQQN.US,D,20220406,000000,27.9018,28.1708,27.8898,28.1609,11435.107792332,0
QQQN.US,D,20220407,000000,28.0114,28.3502,27.9131,28.3502,5929.7983277659,0
QQQN.US,D,20220408,000000,28.2207,28.3403,28.0912,28.0912,4427.5292303441,0
QQQN.US,D,20220411,000000,27.8569,27.9118,27.6925,27.6925,2021.0888191099,0
QQQN.US,D,20220412,000000,27.9018,28.2705,27.543,27.5829,10208.806631979,0
QQQN.US,D,20220413,000000,27.6128,28.2007,27.6128,28.1808,10536.957597147,0
QQQN.US,D,20220414,000000,28.0812,28.0812,27.7523,27.7523,4314.1314962033,0
QQQN.US,D,20220418,000000,27.6726,27.6726,27.347,27.573,10644.334212661,0
QQQN.US,D,20220419,000000,28.1038,28.2207,28.0512,28.1908,2588.0774898135,0
QQQN.US,D,20220420,000000,27.9716,28.1773,27.9207,27.9716,8045.2180053645,0
QQQN.US,D,20220421,000000,28.1908,28.39,27.1046,27.1245,11209.315843822,0
QQQN.US,D,20220422,000000,27.1445,27.1445,26.4669,26.5067,5549.4643344974,0
QQQN.US,D,20220425,000000,26.3351,26.8754,26.2575,26.8754,6237.878897511,0
QQQN.US,D,20220426,000000,26.3682,26.3682,25.8391,25.8391,3801.3328931422,0
QQQN.US,D,20220427,000000,26.0962,26.2825,25.7493,25.8889,12695.528624906,0
QQQN.US,D,20220428,000000,26.0384,26.6064,25.7195,26.4621,12688.503986508,0
QQQN.US,D,20220429,000000,26.2277,26.3572,25.6995,25.7493,18086.43683556,0
QQQN.US,D,20220502,000000,25.7394,26.2051,25.5012,26.2051,7003.5644829037,0
QQQN.US,D,20220503,000000,26.1879,26.438,26.1579,26.3323,11559.544243956,0
QQQN.US,D,20220504,000000,26.407,27.0648,25.8988,26.995,5734.1119723903,0
QQQN.US,D,20220505,000000,26.5566,26.5566,25.4704,25.8091,14046.266236883,0
QQQN.US,D,20220506,000000,25.5102,25.5102,24.8724,25.1813,5986.9989547218,0
QQQN.US,D,20220509,000000,24.6631,24.8076,23.9358,24.0653,11989.050706011,0
QQQN.US,D,20220510,000000,24.5038,24.5038,23.7663,24.1949,14626.300664612,0
QQQN.US,D,20220511,000000,23.9856,24.4041,23.587,23.6567,7588.6165094882,0
QQQN.US,D,20220512,000000,23.3279,24.2048,23.318,24.03,16673.480997772,0
QQQN.US,D,20220513,000000,24.5436,25.2013,24.5436,25.1173,6031.1538246527,0
QQQN.US,D,20220516,000000,25.002,25.0586,24.809,24.809,3667.8647635783,0
QQQN.US,D,20220517,000000,25.4604,25.6298,25.1035,25.6298,15188.27173646,0
QQQN.US,D,20220518,000000,25.1714,25.281,24.4487,24.5137,4717.5464442084,0
QQQN.US,D,20220519,000000,24.4639,25.0468,24.3561,24.7927,10923.312709043,0
QQQN.US,D,20220520,000000,25.012,25.0195,24.1151,24.7896,9804.3881642025,0
QQQN.US,D,20220523,000000,24.9322,25.002,24.7728,24.9721,5568.5312101494,0
QQQN.US,D,20220524,000000,24.5536,24.5536,24.0234,24.3344,4221.8076772569,0
QQQN.US,D,20220525,000000,24.2845,24.9124,24.2845,24.8724,15451.193916502,0
QQQN.US,D,20220526,000000,24.7229,25.4902,24.7229,25.4704,4910.2222402705,0
QQQN.US,D,20220527,000000,25.9088,26.3174,25.9088,26.3174,3880.6109550636,0
QQQN.US,D,20220531,000000,26.3273,26.3273,25.8944,25.9586,4859.0427319415,0
QQQN.US,D,20220601,000000,25.7689,25.8988,25.4977,25.7493,10802.890336504,0
QQQN.US,D,20220602,000000,25.57,26.5366,25.57,26.5366,6548.9700265697,0
QQQN.US,D,20220603,000000,26.0583,26.2034,25.9786,25.9786,8060.2708019319,0
QQQN.US,D,20220606,000000,26.2077,26.3772,26.1181,26.2177,6220.8190614014,0
QQQN.US,D,20220607,000000,26.2077,26.4379,26.2077,26.407,1859.5221359537,0
QQQN.US,D,20220608,000000,26.4107,26.5166,26.1779,26.1978,10499.827365614,0
QQQN.US,D,20220609,000000,26.0107,26.0202,25.6099,25.6099,6950.3779350324,0
QQQN.US,D,20220610,000000,24.8411,24.8411,24.6913,24.7312,6614.3510970524,0
QQQN.US,D,20220613,000000,23.9624,23.9655,23.2735,23.4632,5265.2398118117,0
QQQN.US,D,20220614,000000,23.633,23.633,23.1038,23.3234,10739.807209826,0
QQQN.US,D,20220615,000000,23.4632,23.8027,23.4632,23.7927,17654.628526309,0
QQQN.US,D,20220616,000000,23.0339,23.0339,22.4698,22.5347,6714.5078368624,0
QQQN.US,D,20220617,000000,22.9141,23.0039,22.5746,22.7044,54820.791535003,0
QQQN.US,D,20220621,000000,23.3705,23.583,23.2635,23.2935,13404.97805617,0
QQQN.US,D,20220622,000000,23.1238,23.4512,23.1238,23.1936,2319.6300939996,0
QQQN.US,D,20220623,000000,23.2735,23.4732,23.1936,23.4732,3920.1347961634,0
QQQN.US,D,20220624,000000,23.8426,24.2121,23.8426,24.2121,7575.8557992284,0
QQQN.US,D,20220627,000000,24.4044,24.4044,24.0523,24.222,3352.2460814407,0
QQQN.US,D,20220628,000000,24.272,24.4178,23.6629,23.6629,18353.722570182,0
QQQN.US,D,20220629,000000,23.2136,23.3933,23.2036,23.3833,5909.24764879,0
QQQN.US,D,20220630,000000,22.944,23.2635,22.944,23.1238,3059.7884011955,0
QQQN.US,D,20220701,000000,22.8642,23.2136,22.8578,23.1337,7575.8557992284,0
QQQN.US,D,20220705,000000,22.7044,23.4233,22.7044,23.4233,2298.5971786395,0
QQQN.US,D,20220706,000000,23.5032,23.5032,23.4233,23.4325,840.3150470059,0
QQQN.US,D,20220707,000000,23.9325,24.0623,23.8426,24.0323,8122.711598591,0
QQQN.US,D,20220708,000000,24.1422,24.2147,23.9025,24.0717,7189.2507835618,0
QQQN.US,D,20220711,000000,23.6929,23.7727,23.613,23.6929,9966.5971784931,0
QQQN.US,D,20220712,000000,23.6231,23.8326,23.2835,23.4632,21281.304074829,0
QQQN.US,D,20220713,000000,23.0539,23.4633,23.0539,23.4532,3396.3150469571,0
QQQN.US,D,20220714,000000,22.994,23.3135,22.7914,23.2935,14121.098745812,0
QQQN.US,D,20220715,000000,23.4233,23.7827,23.3343,23.7827,3396.3150469571,0
QQQN.US,D,20220718,000000,23.9624,24.1621,23.6929,23.6929,15358.034482465,0
QQQN.US,D,20220719,000000,24.1022,24.5016,23.994,24.4018,4579.1661441132,0
QQQN.US,D,20220720,000000,24.3319,24.881,24.3319,24.8111,13542.19278971,0
QQQN.US,D,20220721,000000,24.7213,24.9908,24.7213,24.9908,10616.61441986,0
QQQN.US,D,20220722,000000,24.8311,24.861,24.4121,24.5016,2297.5956112414,0
QQQN.US,D,20220725,000000,24.272,24.4916,24.272,24.4916,3765.893416856,0
QQQN.US,D,20220726,000000,24.222,24.222,24.0392,24.0836,465.7288401165,0
QQQN.US,D,20220727,000000,24.3119,25.0408,24.3119,24.9409,36829.636362933,0
QQQN.US,D,20220728,000000,25.0907,25.3031,25.0907,25.2604,21489.630093634,0
QQQN.US,D,20220729,000000,25.4102,25.6099,25.3003,25.6099,77087.637929563,0
QQQN.US,D,20220801,000000,25.3103,25.7397,25.3103,25.54,11447.915360283,0
QQQN.US,D,20220802,000000,25.4701,25.8095,25.4401,25.6149,5235.1927898687,0
QQQN.US,D,20220803,000000,25.7098,26.0791,25.6708,25.9992,2609.0830720505,0
QQQN.US,D,20220804,000000,25.9294,26.0242,25.8994,25.9992,18850.49999964,0
QQQN.US,D,20220805,000000,26.0954,26.0954,25.9094,26.0592,1549.4247648607,0
QQQN.US,D,20220808,000000,26.139,26.5684,26.139,26.3138,4304.7366770338,0
QQQN.US,D,20220809,000000,26.139,26.139,25.7297,25.8046,2204.4498432181,0
QQQN.US,D,20220810,000000,26.4286,26.7481,26.4136,26.7452,6136.6034481587,0
QQQN.US,D,20220811,000000,27.177,27.2107,26.778,26.808,16836.347962061,0
QQQN.US,D,20220812,000000,26.9529,27.3172,26.9529,27.3072,14923.35423169,0
QQQN.US,D,20220815,000000,27.0376,27.3821,27.0376,27.3421,14375.496864929,0
QQQN.US,D,20220816,000000,27.2373,27.3771,27.1365,27.2772,25443.818181332,0
QQQN.US,D,20220817,000000,26.9378,27.0526,26.7081,26.808,4279.6974920813,0
QQQN.US,D,20220818,000000,26.9877,26.9877,26.9178,26.9577,8866.8761753793,0
QQQN.US,D,20220819,000000,26.5384,26.5384,26.4033,26.4485,3633.6865203068,0
QQQN.US,D,20220822,000000,25.9493,26.0858,25.827,25.827,8498.2993728785,0
QQQN.US,D,20220823,000000,26.1989,26.1989,25.8794,25.8794,5072.9388713765,0
QQQN.US,D,20220824,000000,25.9393,26.2089,25.9194,26.1076,8377.1097177084,0
QQQN.US,D,20220825,000000,26.4326,26.6283,26.4036,26.6283,977.5297805456,0
QQQN.US,D,20220826,000000,26.5594,26.5765,25.7035,25.7035,8778.7382443465,0
QQQN.US,D,20220829,000000,25.55,25.55,25.3203,25.3203,7779.1739810427,0
QQQN.US,D,20220830,000000,25.4002,25.4501,24.9609,25.1435,20033.351096796,0
QQQN.US,D,20220831,000000,25.2271,25.2672,24.9709,24.9709,2279.5673980756,0
QQQN.US,D,20220901,000000,24.6514,24.7013,24.2021,24.6514,10817.929466878,0
QQQN.US,D,20220902,000000,25.0008,25.0108,24.4966,24.4966,694.0862068833,0
QQQN.US,D,20220906,000000,24.5216,24.6114,24.4417,24.4669,3571.5893416246,0
QQQN.US,D,20220907,000000,24.5299,25.1905,24.5299,25.1905,1465.2931034203,0
QQQN.US,D,20220908,000000,25.2505,25.53,25.2505,25.52,3935.1583071349,0
QQQN.US,D,20220909,000000,25.7,25.995,25.7,25.91,11925,0
QQQN.US,D,20220912,000000,26.0499,26.13,25.8887,26.05,5103,0
QQQN.US,D,20220913,000000,25.32,25.3259,25,25,4456,0
QQQN.US,D,20220914,000000,25.15,25.15,25.0961,25.0961,932,0
QQQN.US,D,20220915,000000,25.042,25.108,24.85,24.85,10683,0
QQQN.US,D,20220916,000000,24.51,24.5926,24.338,24.57,5228,0
QQQN.US,D,20220919,000000,24.34,24.6468,24.34,24.6468,5312,0
QQQN.US,D,20220920,000000,24.28,24.28,24.08,24.24,12059,0
QQQN.US,D,20220921,000000,24.23,24.3615,23.75,23.75,4980,0
QQQN.US,D,20220922,000000,23.23,23.3281,23.1622,23.18,5128,0
QQQN.US,D,20220923,000000,22.95,22.95,22.48,22.81,5030,0
QQQN.US,D,20220926,000000,22.84,22.8426,22.39,22.47,33583,0
QQQN.US,D,20220927,000000,22.86,22.86,22.4504,22.6,2307,0
QQQN.US,D,20220928,000000,22.62,23.1886,22.62,23.1886,3174,0
QQQN.US,D,20220929,000000,22.71,22.71,22.448,22.6489,3871,0
QQQN.US,D,20220930,000000,22.973,23.02,22.39,22.41,8225,0
QQQN.US,D,20221003,000000,22.55,23.1125,22.55,23.09,10630,0
QQQN.US,D,20221004,000000,23.63,23.83,23.611,23.83,3012,0
QQQN.US,D,20221005,000000,23.51,23.77,23.311,23.75,3410,0
QQQN.US,D,20221006,000000,23.595,23.745,23.5785,23.71,1515,0
QQQN.US,D,20221007,000000,23.25,23.2599,22.82,22.875,5533,0
QQQN.US,D,20221010,000000,22.5875,22.6,22.4084,22.5255,3991,0
QQQN.US,D,20221011,000000,22.12,22.48,22.12,22.36,5351,0
QQQN.US,D,20221012,000000,22.26,22.35,22.23,22.23,1487,0
QQQN.US,D,20221013,000000,21.585,22.81,21.5629,22.77,4545,0
QQQN.US,D,20221014,000000,22.89,23,22.026,22.026,4784,0
QQQN.US,D,20221017,000000,22.63,22.65,22.5,22.6,4910,0
QQQN.US,D,20221018,000000,23.2,23.21,22.8551,22.9437,2995,0
QQQN.US,D,20221019,000000,22.66,22.7874,22.57,22.6307,3361,0
QQQN.US,D,20221020,000000,22.65,22.99,22.5766,22.5766,7645,0
QQQN.US,D,20221021,000000,22.58,23.22,22.52,23.22,5261,0
QQQN.US,D,20221024,000000,23.2866,23.35,23.16,23.325,4792,0
QQQN.US,D,20221025,000000,23.41,23.99,23.41,23.97,6823,0
QQQN.US,D,20221026,000000,24.03,24.442,23.99,23.99,5046,0
QQQN.US,D,20221027,000000,24.06,24.14,23.87,23.89,3417,0
QQQN.US,D,20221028,000000,23.99,24.42,23.95,24.42,5860,0
QQQN.US,D,20221031,000000,24.26,24.26,24.15,24.16,3489,0
QQQN.US,D,20221101,000000,24.52,24.52,24.2718,24.345,8020,0
QQQN.US,D,20221102,000000,24.15,24.28,23.42,23.42,7610,0
QQQN.US,D,20221103,000000,23.1,23.58,23.07,23.36,2197,0
QQQN.US,D,20221104,000000,23.73,23.73,23.39,23.482,952,0
QQQN.US,D,20221107,000000,23.41,23.618,23.41,23.575,2222,0
QQQN.US,D,20221108,000000,23.66,23.87,23.66,23.82,1949,0
QQQN.US,D,20221109,000000,23.591,23.6009,23.25,23.2668,10430,0
QQQN.US,D,20221110,000000,24.4,24.82,24.3,24.8,11365,0
QQQN.US,D,20221111,000000,24.92,25.27,24.92,25.21,5860,0
QQQN.US,D,20221114,000000,25.235,25.28,25.0195,25.0195,2354,0
QQQN.US,D,20221115,000000,25.49,25.61,25.32,25.4,5954,0
QQQN.US,D,20221116,000000,25.16,25.16,24.86,24.8858,20505,0
QQQN.US,D,20221117,000000,24.54,24.84,24.54,24.783,6394,0
QQQN.US,D,20221118,000000,24.94,24.94,24.73,24.864,1737,0
QQQN.US,D,20221121,000000,24.6194,24.63,24.571,24.63,1872,0
QQQN.US,D,20221122,000000,24.73,24.91,24.73,24.91,920,0
QQQN.US,D,20221123,000000,25.1,25.18,25.1,25.18,2807,0
QQQN.US,D,20221125,000000,25.13,25.15,25.12,25.12,620,0
QQQN.US,D,20221128,000000,24.98,25.02,24.66,24.66,3376,0
QQQN.US,D,20221129,000000,24.69,24.69,24.6063,24.66,4507,0
QQQN.US,D,20221130,000000,24.74,25.5782,24.66,25.5675,4512,0
QQQN.US,D,20221201,000000,25.65,25.78,25.64,25.73,4376,0
QQQN.US,D,20221202,000000,25.45,25.81,25.44,25.81,1742,0
QQQN.US,D,20221205,000000,25.2062,25.2062,25.15,25.2,1954,0
QQQN.US,D,20221206,000000,24.8338,24.8338,24.55,24.65,15925,0
QQQN.US,D,20221207,000000,24.83,24.83,24.62,24.82,85782,0
QQQN.US,D,20221208,000000,24.88,25.0403,24.88,25.0403,6890,0
QQQN.US,D,20221209,000000,25.08,25.08,24.84,24.84,2000,0
QQQN.US,D,20221212,000000,24.99,25.365,24.99,25.365,4324,0
QQQN.US,D,20221213,000000,26.2,26.2,25.48,25.54,4661,0
QQQN.US,D,20221214,000000,25.61,25.68,25.29,25.29,10080,0
QQQN.US,D,20221215,000000,24.91,24.93,24.5412,24.5412,2516,0
QQQN.US,D,20221216,000000,24.27,24.3,24.15,24.15,2699,0
QQQN.US,D,20221219,000000,24.17,24.17,23.8,23.8,6574,0
QQQN.US,D,20221220,000000,23.8,24.029,23.8,24,4914,0
QQQN.US,D,20221221,000000,24.199,24.4026,24.199,24.32,5805,0
QQQN.US,D,20221222,000000,24.02,24.1,23.73,24.1,4910,0
QQQN.US,D,20221223,000000,23.94,24.07,23.94,24.07,1827,0
QQQN.US,D,20221227,000000,24.01,24.04,23.93,24,4319,0
QQQN.US,D,20221228,000000,23.62,23.72,23.6,23.6,1575,0
QQQN.US,D,20221229,000000,23.73,24.3,23.73,24.13,61442,0
QQQN.US,D,20221230,000000,23.87,24.03,23.846,24.03,7431,0
QQQN.US,D,20230103,000000,24.1,24.1,23.795,23.87,12474,0
QQQN.US,D,20230104,000000,24.03,24.3,24.03,24.28,10640,0
QQQN.US,D,20230105,000000,23.96,24.01,23.925,23.925,689,0
QQQN.US,D,20230106,000000,24.045,24.3598,24.045,24.31,1804,0
QQQN.US,D,20230109,000000,24.44,24.75,24.44,24.6,3726,0
QQQN.US,D,20230110,000000,24.62,24.775,24.553,24.775,1259,0
QQQN.US,D,20230111,000000,25.008,25.17,25.008,25.17,2485,0
QQQN.US,D,20230112,000000,25.17,25.33,25.17,25.33,909,0
QQQN.US,D,20230113,000000,25.22,25.49,25.22,25.49,3488,0
QQQN.US,D,20230117,000000,25.4122,25.509,25.4122,25.445,2742,0
QQQN.US,D,20230118,000000,25.6891,25.6891,25.24,25.24,5420,0
QQQN.US,D,20230119,000000,25.09,25.09,24.836,24.91,1968,0
QQQN.US,D,20230120,000000,25.02,25.38,25.02,25.34,6917,0
QQQN.US,D,20230123,000000,25.47,25.8845,25.47,25.86,3410,0
QQQN.US,D,20230124,000000,25.7,25.73,25.66,25.66,877,0
QQQN.US,D,20230125,000000,25.53,25.72,25.53,25.7147,987,0
QQQN.US,D,20230126,000000,25.861,26.065,25.86,26.065,7348,0
QQQN.US,D,20230127,000000,26.05,26.2398,25.98,26.19,6738,0
QQQN.US,D,20230130,000000,25.92,25.96,25.75,25.78,4602,0
QQQN.US,D,20230131,000000,25.8,26.09,25.74,26.09,30267,0
QQQN.US,D,20230201,000000,26.153,26.85,26.153,26.77,4691,0
QQQN.US,D,20230202,000000,26.95,27.2,26.9,27.11,20031,0
QQQN.US,D,20230203,000000,26.73,26.91,26.57,26.5952,14166,0
QQQN.US,D,20230206,000000,26.4875,26.5029,26.33,26.33,2556,0
QQQN.US,D,20230207,000000,26.31,26.81,26.31,26.76,1947,0
QQQN.US,D,20230208,000000,26.6901,26.6901,26.45,26.46,4269,0
QQQN.US,D,20230209,000000,26.8,26.8,26.305,26.305,13545,0
QQQN.US,D,20230210,000000,26.17,26.17,26.02,26.1,2586,0
QQQN.US,D,20230213,000000,26.25,26.4415,26.25,26.44,2586,0
QQQN.US,D,20230214,000000,26.59,26.59,26.415,26.5815,659,0
QQQN.US,D,20230215,000000,26.65,26.99,26.65,26.98,3861,0
QQQN.US,D,20230216,000000,26.6848,26.741,26.49,26.5,2715,0
QQQN.US,D,20230217,000000,26.42,26.42,26.17,26.26,5051,0
QQQN.US,D,20230221,000000,25.97,25.97,25.5908,25.63,1002,0
QQQN.US,D,20230222,000000,25.5962,25.645,25.5672,25.5672,1685,0
QQQN.US,D,20230223,000000,25.69,25.74,25.5,25.71,5701,0
QQQN.US,D,20230224,000000,25.24,25.38,25.22,25.32,12724,0
QQQN.US,D,20230227,000000,25.45,25.4597,25.35,25.4,4099,0
QQQN.US,D,20230228,000000,25.4601,25.49,25.3,25.3,2584,0
QQQN.US,D,20230301,000000,25.472,25.472,25.415,25.46,2937,0
QQQN.US,D,20230302,000000,25.21,25.65,25.21,25.635,716,0
QQQN.US,D,20230303,000000,25.67,26.0424,25.67,26,4855,0
QQQN.US,D,20230306,000000,26.0149,26.11,25.81,25.81,8278,0
QQQN.US,D,20230307,000000,25.87,25.87,25.55,25.55,6192,0
QQQN.US,D,20230308,000000,25.53,25.68,25.53,25.68,4916,0
QQQN.US,D,20230309,000000,25.6337,25.6337,25,25,1700,0
QQQN.US,D,20230310,000000,24.99,24.99,24.41,24.51,3838,0
QQQN.US,D,20230313,000000,24.22,24.5703,24.15,24.43,4288,0
QQQN.US,D,20230314,000000,24.77,24.81,24.6,24.65,4740,0
QQQN.US,D,20230315,000000,24.24,24.37,24.23,24.37,2537,0
QQQN.US,D,20230316,000000,24.66,24.79,24.66,24.79,1333,0
QQQN.US,D,20230317,000000,24.3423,24.5,24.3423,24.43,12005,0
QQQN.US,D,20230320,000000,24.41,24.74,24.41,24.68,1828,0
QQQN.US,D,20230321,000000,25,25.17,25,25.17,3503,0
QQQN.US,D,20230322,000000,24.96,25.09,24.56,24.56,5893,0
QQQN.US,D,20230323,000000,24.82,25.1445,24.595,24.84,2807,0
QQQN.US,D,20230324,000000,24.51,24.7,24.4457,24.7,1405,0
QQQN.US,D,20230327,000000,24.85,24.94,24.81,24.87,3796,0
QQQN.US,D,20230328,000000,24.78,24.83,24.71,24.8,6822,0
QQQN.US,D,20230329,000000,24.97,25.18,24.94,25.18,4246,0
QQQN.US,D,20230330,000000,25.41,25.41,25.18,25.31,5516,0
QQQN.US,D,20230331,000000,25.3,25.68,25.3,25.67,3686,0
QQQN.US,D,20230403,000000,25.59,25.6,25.43,25.59,9584,0
QQQN.US,D,20230404,000000,25.49,25.5,25.27,25.27,6784,0
QQQN.US,D,20230405,000000,25.121,25.184,24.9,25,3337,0
QQQN.US,D,20230406,000000,24.81,25.15,24.81,25.15,9289,0
QQQN.US,D,20230410,000000,24.99,25.35,24.99,25.35,2484,0
QQQN.US,D,20230411,000000,25.37,25.4,25.2997,25.31,3924,0
QQQN.US,D,20230412,000000,25.3916,25.3916,25.0844,25.0844,7482,0
QQQN.US,D,20230413,000000,25.27,25.38,25.27,25.32,3461,0
QQQN.US,D,20230414,000000,25.2501,25.2501,25.07,25.21,960,0
QQQN.US,D,20230417,000000,25.22,25.44,25.22,25.44,5945,0
QQQN.US,D,20230418,000000,25.63,25.63,25.4501,25.49,3469,0
QQQN.US,D,20230419,000000,25.21,25.38,25.21,25.31,9357,0
QQQN.US,D,20230420,000000,25.25,25.2923,25.1201,25.26,3568,0
QQQN.US,D,20230421,000000,25.2,25.24,25.17,25.2391,1767,0
QQQN.US,D,20230424,000000,25.015,25.2,24.995,25.1665,1330,0
QQQN.US,D,20230425,000000,24.89,24.89,24.65,24.65,5453,0
QQQN.US,D,20230426,000000,24.61,24.6442,24.43,24.4556,1683,0
QQQN.US,D,20230427,000000,24.65,24.72,24.65,24.72,923,0
QQQN.US,D,20230428,000000,24.67,24.91,24.67,24.91,3901,0
QQQN.US,D,20230501,000000,24.86,25.0385,24.86,24.94,5652,0
QQQN.US,D,20230502,000000,24.79,24.79,24.41,24.55,3175,0
QQQN.US,D,20230503,000000,24.7018,24.7018,24.5057,24.5057,11885,0
QQQN.US,D,20230504,000000,24.37,24.3827,24.23,24.2622,3415,0
QQQN.US,D,20230505,000000,24.6,24.65,24.6,24.65,267,0
QQQN.US,D,20230508,000000,24.5516,24.73,24.53,24.7,17943,0
QQQN.US,D,20230509,000000,24.45,24.555,24.45,24.49,1296,0
QQQN.US,D,20230510,000000,24.61,24.75,24.4422,24.48,2763,0
QQQN.US,D,20230511,000000,24.34,24.4765,24.301,24.4765,1112,0
QQQN.US,D,20230512,000000,24.6523,24.695,24.57,24.57,2093,0
QQQN.US,D,20230515,000000,24.63,24.92,24.58,24.92,2593,0
QQQN.US,D,20230516,000000,24.6,24.6,24.4,24.4,6342,0
QQQN.US,D,20230517,000000,24.44,24.74,24.38,24.74,1564,0
QQQN.US,D,20230518,000000,24.85,24.895,24.7334,24.89,3715,0
QQQN.US,D,20230519,000000,24.6806,24.6806,24.66,24.68,5083,0
QQQN.US,D,20230522,000000,24.72,24.9165,24.72,24.86,5466,0
QQQN.US,D,20230523,000000,24.73,24.73,24.48,24.48,4004,0
QQQN.US,D,20230524,000000,24.37,24.4,24.17,24.2,2231,0
QQQN.US,D,20230525,000000,24.27,24.344,24.185,24.33,3380,0
QQQN.US,D,20230526,000000,24.5445,24.605,24.52,24.52,15371,0
QQQN.US,D,20230530,000000,24.69,24.7026,24.43,24.49,7243,0
QQQN.US,D,20230531,000000,24.32,24.34,24.3,24.32,632,0
QQQN.US,D,20230601,000000,24.66,24.7,24.66,24.7,3268,0
QQQN.US,D,20230602,000000,25.03,25.2445,25.03,25.2,5443,0
QQQN.US,D,20230605,000000,25.13,25.13,25,25.1,8216,0
QQQN.US,D,20230606,000000,25.0452,25.4447,25.0452,25.35,6354,0
QQQN.US,D,20230607,000000,25.43,25.51,25.23,25.23,14645,0
QQQN.US,D,20230608,000000,25.32,25.36,25.26,25.31,2932,0
QQQN.US,D,20230609,000000,25.4841,25.4841,25.3337,25.37,754,0
QQQN.US,D,20230612,000000,25.47,25.63,25.47,25.63,7411,0
QQQN.US,D,20230613,000000,25.95,25.95,25.8749,25.91,6312,0
QQQN.US,D,20230614,000000,25.94,26.04,25.88,25.93,5826,0
QQQN.US,D,20230615,000000,26.0167,26.235,26.0015,26.18,3505,0
QQQN.US,D,20230616,000000,26.36,26.36,26.03,26.13,35452,0
QQQN.US,D,20230620,000000,26.02,26.02,25.7545,25.8,15909,0
QQQN.US,D,20230621,000000,25.7,25.81,25.67,25.69,5517,0
QQQN.US,D,20230622,000000,25.53,25.715,25.53,25.715,652,0
QQQN.US,D,20230623,000000,25.55,25.605,25.45,25.45,4354,0
QQQN.US,D,20230626,000000,25.5402,25.6,25.53,25.53,2073,0
QQQN.US,D,20230627,000000,25.63,25.9318,25.6187,25.89,5139,0
QQQN.US,D,20230628,000000,25.81,25.98,25.81,25.94,5225,0
QQQN.US,D,20230629,000000,25.97,26.05,25.9033,26.02,6528,0
QQQN.US,D,20230630,000000,26.19,26.19,26.15,26.18,2113,0
QQQN.US,D,20230703,000000,26.16,26.26,26.16,26.22,8186,0
QQQN.US,D,20230705,000000,26.03,26.09,26.03,26.03,6053,0
QQQN.US,D,20230706,000000,25.66,25.75,25.636,25.74,5611,0
QQQN.US,D,20230707,000000,25.93,25.9356,25.81,25.81,4360,0
QQQN.US,D,20230710,000000,26.107,26.1347,26.08,26.08,5531,0
QQQN.US,D,20230711,000000,26.13,26.449,26.13,26.39,5179,0
QQQN.US,D,20230712,000000,26.55,26.5957,26.52,26.52,3125,0
QQQN.US,D,20230713,000000,26.775,26.83,26.761,26.83,1616,0
QQQN.US,D,20230714,000000,26.6307,26.64,26.62,26.62,2876,0
QQQN.US,D,20230717,000000,26.781,26.88,26.78,26.84,32324,0
QQQN.US,D,20230718,000000,26.75,26.8,26.72,26.8,1594,0
QQQN.US,D,20230719,000000,26.93,26.95,26.7405,26.83,8630,0
QQQN.US,D,20230720,000000,26.71,26.71,26.49,26.49,192748,0
QQQN.US,D,20230721,000000,26.6,26.71,26.6,26.61,7611,0
QQQN.US,D,20230724,000000,26.64,26.64,26.44,26.44,16181,0
QQQN.US,D,20230725,000000,26.45,26.6899,26.45,26.57,3061,0
QQQN.US,D,20230726,000000,26.48,26.5965,26.42,26.58,4354,0
QQQN.US,D,20230727,000000,26.7723,26.7723,26.3284,26.3978,4737,0
QQQN.US,D,20230728,000000,26.64,26.66,26.5152,26.66,3934,0
QQQN.US,D,20230731,000000,26.8199,26.8199,26.7,26.79,17038,0
QQQN.US,D,20230801,000000,26.52,26.55,26.5003,26.55,1608,0
QQQN.US,D,20230802,000000,26.1961,26.1961,26.08,26.08,5422,0
QQQN.US,D,20230803,000000,25.97,26.0898,25.93,25.99,3611,0
QQQN.US,D,20230804,000000,26.04,26.1563,25.86,25.89,1420,0
QQQN.US,D,20230807,000000,26.01,26.03,25.952,26.03,1606,0
QQQN.US,D,20230808,000000,25.87,25.87,25.72,25.82,2324,0
QQQN.US,D,20230809,000000,25.94,25.94,25.78,25.78,8829,0
QQQN.US,D,20230810,000000,26.16,26.172,25.84,25.87,9392,0
QQQN.US,D,20230811,000000,25.66,25.73,25.66,25.72,1864,0
QQQN.US,D,20230814,000000,25.67,25.88,25.61,25.88,919,0
QQQN.US,D,20230815,000000,25.66,25.66,25.54,25.54,5851,0
QQQN.US,D,20230816,000000,25.4453,25.46,25.24,25.24,4217,0
QQQN.US,D,20230817,000000,25.2501,25.2501,24.99,24.99,1166,0
QQQN.US,D,20230818,000000,24.71,24.97,24.71,24.96,2145,0
QQQN.US,D,20230821,000000,24.99,25.04,24.9899,25.03,766,0
QQQN.US,D,20230822,000000,25.09,25.09,25.09,25.09,394,0
QQQN.US,D,20230823,000000,25.1944,25.315,25.1944,25.3,1497,0
QQQN.US,D,20230824,000000,25.39,25.45,25.009,25.05,9822,0
QQQN.US,D,20230825,000000,25.09,25.29,25.09,25.21,34446,0
QQQN.US,D,20230828,000000,25.4358,25.4358,25.3001,25.345,1114,0
QQQN.US,D,20230829,000000,25.47,25.79,25.47,25.75,1632,0
QQQN.US,D,20230830,000000,25.9263,26,25.78,25.955,6649,0
QQQN.US,D,20230831,000000,25.91,25.91,25.82,25.82,1849,0
QQQN.US,D,20230901,000000,26.0279,26.0279,25.93,25.98,2523,0
QQQN.US,D,20230905,000000,25.83,25.83,25.67,25.67,392,0
QQQN.US,D,20230906,000000,25.5003,25.51,25.481,25.51,942,0
QQQN.US,D,20230907,000000,25.13,25.22,25.13,25.22,1454,0
QQQN.US,D,20230908,000000,25.25,25.25,25.19,25.19,788,0
QQQN.US,D,20230911,000000,25.25,25.25,25.19,25.19,507,0
QQQN.US,D,20230912,000000,25.1,25.1,25.07,25.07,2832,0
QQQN.US,D,20230913,000000,24.786,25.1,24.786,25.1,2762,0
QQQN.US,D,20230914,000000,25.0329,25.1,25.0329,25.07,100777,0
QQQN.US,D,20230915,000000,24.98,24.98,24.82,24.85,6469,0
QQQN.US,D,20230918,000000,24.731,24.9,24.73,24.75,2114,0
QQQN.US,D,20230919,000000,24.6148,24.78,24.6148,24.7,8525,0
QQQN.US,D,20230920,000000,24.82,24.85,24.53,24.53,4920,0
QQQN.US,D,20230921,000000,24.51,24.51,24.27,24.28,1078,0
QQQN.US,D,20230922,000000,24.35,24.35,24.22,24.24,2376,0
QQQN.US,D,20230925,000000,24.2501,24.31,24.2501,24.2923,659,0
QQQN.US,D,20230926,000000,24.2,24.25,24.04,24.05,3907,0
QQQN.US,D,20230927,000000,24.15,24.205,24.065,24.155,640,0
QQQN.US,D,20230928,000000,24.46,24.46,24.415,24.415,11999,0
QQQN.US,D,20230929,000000,24.62,24.62,24.48,24.48,183093,0
QQQN.US,D,20231002,000000,24.49,24.51,24.3438,24.45,9040,0
QQQN.US,D,20231003,000000,24.25,24.3,23.98,24.03,22485,0
QQQN.US,D,20231004,000000,24.08,24.27,24.08,24.2678,1534,0
QQQN.US,D,20231005,000000,23.9503,24.07,23.9503,24.07,288,0
QQQN.US,D,20231006,000000,24.3712,24.41,24.3471,24.3478,1491,0
QQQN.US,D,20231009,000000,24.2,24.34,24.2,24.31,1452,0
QQQN.US,D,20231010,000000,24.5,24.7437,24.5,24.61,1583,0
QQQN.US,D,20231011,000000,24.64,24.72,24.62,24.72,1096,0
QQQN.US,D,20231012,000000,24.4,24.4,24.32,24.34,3284,0
QQQN.US,D,20231013,000000,24.2652,24.2652,24.11,24.15,1276,0
QQQN.US,D,20231016,000000,24.25,24.455,24.25,24.445,727,0
QQQN.US,D,20231017,000000,24.3,24.53,24.3,24.5,2239,0
QQQN.US,D,20231018,000000,24.2,24.2,23.95,23.97,1708,0
QQQN.US,D,20231019,000000,23.97,23.97,23.53,23.53,2612,0
QQQN.US,D,20231020,000000,23.46,23.46,23.23,23.23,1803,0
QQQN.US,D,20231023,000000,23.2956,23.3094,23.2,23.2,420,0
QQQN.US,D,20231024,000000,23.5097,23.5098,23.3935,23.46,1429,0
QQQN.US,D,20231025,000000,23.25,23.25,23.01,23.01,1424,0
QQQN.US,D,20231026,000000,23,23,22.8,22.82,3918,0
QQQN.US,D,20231027,000000,22.68,22.68,22.5,22.51,2083,0
QQQN.US,D,20231030,000000,22.53,22.72,22.53,22.63,2018,0
QQQN.US,D,20231031,000000,22.65,22.9339,22.65,22.87,798,0
QQQN.US,D,20231101,000000,22.8301,23.02,22.76,23,4044,0
QQQN.US,D,20231102,000000,23.2299,23.38,23.2299,23.38,1470,0
QQQN.US,D,20231103,000000,23.828,24.07,23.815,23.95,22280,0
QQQN.US,D,20231106,000000,24.08,24.08,23.75,23.8,3734,0
QQQN.US,D,20231107,000000,24.16,24.16,24.03,24.03,2004,0
QQQN.US,D,20231108,000000,24.0603,24.0603,23.9563,24.06,4583,0
QQQN.US,D,20231109,000000,24.1,24.1,23.74,23.76,2635,0
QQQN.US,D,20231110,000000,23.81,24.137,23.81,24.137,2775,0
QQQN.US,D,20231113,000000,24.1645,24.2063,24.14,24.18,1783,0
QQQN.US,D,20231114,000000,24.49,24.97,24.49,24.88,5205,0
QQQN.US,D,20231115,000000,24.99,25.27,24.99,25.04,2411,0
QQQN.US,D,20231116,000000,24.92,24.99,24.82,24.87,5216,0
QQQN.US,D,20231117,000000,24.91,25,24.91,24.99,7924,0
QQQN.US,D,20231120,000000,25.06,25.21,25.06,25.2,1791,0
QQQN.US,D,20231121,000000,25.11,25.17,25.03,25.08,17692,0
QQQN.US,D,20231122,000000,25.17,25.3,25.17,25.19,3606,0
QQQN.US,D,20231124,000000,25.24,25.2858,25.22,25.26,3535,0
QQQN.US,D,20231127,000000,25.2667,25.2835,25.2,25.2,5418,0
QQQN.US,D,20231128,000000,25.11,25.17,25.09,25.115,3661,0
QQQN.US,D,20231129,000000,25.3501,25.3501,25.22,25.24,3060,0
QQQN.US,D,20231130,000000,25.34,25.43,25.21,25.43,805,0
QQQN.US,D,20231201,000000,25.46,25.81,25.46,25.81,3799,0
QQQN.US,D,20231204,000000,25.6,25.74,25.6,25.74,5885,0
QQQN.US,D,20231205,000000,25.6,25.6001,25.565,25.565,565,0
QQQN.US,D,20231206,000000,25.7321,25.7321,25.45,25.48,12531,0
QQQN.US,D,20231207,000000,25.59,25.6348,25.56,25.56,8396,0
QQQN.US,D,20231208,000000,25.62,25.64,25.59,25.59,5206,0
QQQN.US,D,20231211,000000,25.825,25.9,25.8101,25.9,5768,0
QQQN.US,D,20231212,000000,25.82,26.0035,25.82,25.95,6641,0
QQQN.US,D,20231213,000000,26.0435,26.4637,25.95,26.42,5763,0
QQQN.US,D,20231214,000000,26.71,27.01,26.71,26.9,13670,0
QQQN.US,D,20231215,000000,26.93,26.9388,26.79,26.9,3229,0
QQQN.US,D,20231218,000000,26.82,26.99,26.8001,26.92,29868,0
QQQN.US,D,20231219,000000,26.95,27.18,26.95,27.09,10825,0
QQQN.US,D,20231220,000000,26.9,27,26.44,26.44,6643,0
QQQN.US,D,20231221,000000,26.64,26.92,26.64,26.92,3103,0
QQQN.US,D,20231222,000000,26.86,27.0452,26.86,26.95,2832,0
QQQN.US,D,20231226,000000,27,27.21,27,27.13,21011,0
QQQN.US,D,20231227,000000,27.195,27.2,27.11,27.2,13727,0
QQQN.US,D,20231228,000000,27.282,27.34,27.2,27.21,17345,0
QQQN.US,D,20231229,000000,27.21,27.28,27.05,27.15,8826,0
QQQN.US,D,20240102,000000,26.86,26.86,26.5811,26.65,6126,0
QQQN.US,D,20240103,000000,26.43,26.43,26.2,26.22,3403,0
QQQN.US,D,20240104,000000,26.2,26.3125,26.1,26.12,8046,0
QQQN.US,D,20240105,000000,26.18,26.19,26.1,26.12,1011,0
QQQN.US,D,20240108,000000,26.07,26.55,26.07,26.55,726,0
QQQN.US,D,20240109,000000,26.51,26.51,26.37,26.43,10906,0
QQQN.US,D,20240110,000000,26.4099,26.52,26.32,26.52,19113,0
QQQN.US,D,20240111,000000,26.2394,26.4,26.17,26.4,1661,0
QQQN.US,D,20240112,000000,26.2838,26.34,26.27,26.29,2162,0
QQQN.US,D,20240116,000000,26.16,26.1654,26.03,26.09,4645,0
QQQN.US,D,20240117,000000,25.82,25.88,25.75,25.88,23283,0
QQQN.US,D,20240118,000000,26.1,26.12,25.9137,26.12,3330,0
QQQN.US,D,20240119,000000,26.24,26.51,26.175,26.51,4123,0
QQQN.US,D,20240122,000000,26.65,26.8425,26.65,26.84,1923,0
QQQN.US,D,20240123,000000,26.95,27.01,26.9101,26.97,10079,0
QQQN.US,D,20240124,000000,27.21,27.21,26.83,26.86,4202,0
QQQN.US,D,20240125,000000,27.03,27.03,26.86,27,2366,0
QQQN.US,D,20240126,000000,26.84,26.85,26.84,26.85,253,0
QQQN.US,D,20240129,000000,26.84,27.14,26.84,27.14,10301,0
QQQN.US,D,20240130,000000,27,27.07,26.975,27,3369,0
QQQN.US,D,20240131,000000,26.9122,26.9723,26.61,26.63,4463,0
QQQN.US,D,20240201,000000,26.76,27.02,26.72,27.02,2748,0
QQQN.US,D,20240202,000000,26.75,27.0447,26.75,26.92,3192,0
QQQN.US,D,20240205,000000,26.76,27.04,26.7424,26.975,2780,0
QQQN.US,D,20240206,000000,27.115,27.33,27.09,27.33,2970,0
QQQN.US,D,20240207,000000,27.43,27.48,27.22,27.35,4318,0
QQQN.US,D,20240208,000000,27.5,27.7944,27.5,27.78,11497,0
QQQN.US,D,20240209,000000,27.89,28.08,27.89,28.08,3599,0
QQQN.US,D,20240212,000000,28.08,28.2848,28.08,28.17,3968,0
QQQN.US,D,20240213,000000,27.65,27.71,27.54,27.7,4519,0
QQQN.US,D,20240214,000000,27.93,28.25,27.93,28.25,1001,0
QQQN.US,D,20240215,000000,28.62,28.68,28.5999,28.68,72347,0
QQQN.US,D,20240216,000000,28.67,28.73,28.17,28.17,136277,0
QQQN.US,D,20240220,000000,28.03,28.06,27.81,28.05,32036,0
QQQN.US,D,20240221,000000,27.85,27.85,27.72,27.85,211249,0
QQQN.US,D,20240222,000000,28.16,28.71,28.16,28.65,4246,0
QQQN.US,D,20240223,000000,28.53,28.53,28.35,28.39,773665,0
QQQN.US,D,20240226,000000,28.41,28.48,28.39,28.39,374357,0
QQQN.US,D,20240227,000000,28.58,28.58,28.49,28.52,500422,0
QQQN.US,D,20240228,000000,28.44,28.61,28.44,28.5,421361,0
QQQN.US,D,20240229,000000,28.7,28.7,28.515,28.67,15251,0
QQQN.US,D,20240301,000000,28.82,29.22,28.82,29.15,14040,0
QQQN.US,D,20240304,000000,29.32,29.5089,29.272,29.34,15453,0
QQQN.US,D,20240305,000000,28.855,29.05,28.855,29.05,3298,0
QQQN.US,D,20240306,000000,29.42,29.4945,29.27,29.27,4789,0
QQQN.US,D,20240307,000000,29.48,29.71,29.46,29.65,4355,0
QQQN.US,D,20240308,000000,29.9,29.96,29.5,29.5,5266,0
QQQN.US,D,20240311,000000,29.36,29.455,29.21,29.41,12590,0
QQQN.US,D,20240312,000000,29.61,29.67,29.569,29.67,2440,0
QQQN.US,D,20240313,000000,29.65,29.78,29.64,29.64,4063,0
QQQN.US,D,20240314,000000,29.63,29.63,29.05,29.2,4351,0
QQQN.US,D,20240315,000000,29.11,29.21,28.97,29.04,20340,0
QQQN.US,D,20240318,000000,29.25,29.25,28.89,28.9,5039,0
QQQN.US,D,20240319,000000,28.67,28.8577,28.65,28.85,3405,0
QQQN.US,D,20240320,000000,28.815,29.1418,28.7413,29.14,3217,0
QQQN.US,D,20240321,000000,29.425,29.5245,29.425,29.45,2032,0
QQQN.US,D,20240322,000000,29.45,29.45,29.25,29.3,5266,0
QQQN.US,D,20240325,000000,29.24,29.47,29.24,29.38,10153,0
QQQN.US,D,20240326,000000,29.61,29.61,29.4,29.4,2401,0
QQQN.US,D,20240327,000000,29.51,29.75,29.51,29.75,2587,0
QQQN.US,D,20240328,000000,29.76,29.8231,29.68,29.69,3557,0
QQQN.US,D,20240401,000000,29.67,29.71,29.58,29.63,9784,0
QQQN.US,D,20240402,000000,29.29,29.29,29.13,29.17,5114,0
QQQN.US,D,20240403,000000,28.98,29.11,28.98,29.11,2008,0
QQQN.US,D,20240404,000000,29.34,29.47,28.8999,28.92,2541,0
QQQN.US,D,20240405,000000,28.83,29.07,28.83,29.01,1489,0
QQQN.US,D,20240408,000000,29.09,29.15,29.07,29.08,6464,0
QQQN.US,D,20240409,000000,29.2,29.29,29.0227,29.29,1374,0
QQQN.US,D,20240410,000000,28.76,28.86,28.76,28.86,1982,0
QQQN.US,D,20240411,000000,28.92,28.98,28.69,28.96,4330,0
QQQN.US,D,20240412,000000,28.7,28.7,28.2001,28.24,7743,0
QQQN.US,D,20240415,000000,28.44,28.44,27.77,27.85,4872,0
QQQN.US,D,20240416,000000,27.739,27.915,27.739,27.89,1029,0
QQQN.US,D,20240417,000000,28,28,27.69,27.69,1101,0
QQQN.US,D,20240418,000000,27.61,27.8,27.51,27.53,3167,0
QQQN.US,D,20240419,000000,27.48,27.48,27.025,27.04,4928,0
QQQN.US,D,20240422,000000,27.22,27.409,27.22,27.36,1259,0
QQQN.US,D,20240423,000000,27.8422,27.8422,27.7653,27.7653,1139,0
QQQN.US,D,20240424,000000,27.8721,27.8721,27.5571,27.66,3356,0
QQQN.US,D,20240425,000000,27.41,27.77,27.2601,27.69,4006,0
QQQN.US,D,20240426,000000,27.82,28.0932,27.82,28.02,22670,0
QQQN.US,D,20240429,000000,28.19,28.3,28.14,28.2945,6278,0
QQQN.US,D,20240430,000000,27.98,27.98,27.72,27.72,8761,0
QQQN.US,D,20240501,000000,27.49,27.97,27.35,27.52,52963,0
QQQN.US,D,20240502,000000,27.51,27.8,27.305,27.7566,10071,0
QQQN.US,D,20240503,000000,28.19,28.19,27.98,28.0426,18470,0
QQQN.US,D,20240506,000000,28.225,28.39,28.225,28.39,586,0
QQQN.US,D,20240507,000000,28.41,28.47,28.25,28.25,17189,0
QQQN.US,D,20240508,000000,28.05,28.23,28.05,28.12,11270,0
QQQN.US,D,20240509,000000,28.13,28.31,28.11,28.31,26350,0
QQQN.US,D,20240510,000000,28.273,28.2749,28.19,28.19,3053,0
QQQN.US,D,20240513,000000,28.4299,28.4299,28.31,28.38,6178,0
QQQN.US,D,20240514,000000,28.56,28.59,28.44,28.57,4937,0
QQQN.US,D,20240515,000000,28.81,29.13,28.79,29.13,2983,0
QQQN.US,D,20240516,000000,29.0159,29.0159,28.93,28.94,4263,0
QQQN.US,D,20240517,000000,28.99,28.99,28.865,28.95,1971,0
QQQN.US,D,20240520,000000,28.91,29.11,28.91,29.11,4986,0
QQQN.US,D,20240521,000000,28.91,28.9892,28.85,28.89,6778,0
QQQN.US,D,20240522,000000,28.94,29.05,28.8457,28.96,7477,0
QQQN.US,D,20240523,000000,28.855,28.8739,28.549,28.66,2019,0
QQQN.US,D,20240524,000000,28.855,29,28.855,28.97,1016,0
QQQN.US,D,20240528,000000,29.04,29.04,28.81,28.85,2991,0
QQQN.US,D,20240529,000000,28.49,28.62,28.49,28.51,14642,0
QQQN.US,D,20240530,000000,28.4394,28.4921,28.37,28.48,3738,0
QQQN.US,D,20240531,000000,28.41,28.61,28.1599,28.61,6550,0
QQQN.US,D,20240603,000000,28.62,28.62,28.4041,28.47,2469,0
QQQN.US,D,20240604,000000,28.4206,28.4224,28.28,28.28,1812,0
QQQN.US,D,20240605,000000,28.5,28.78,28.5,28.78,2582,0
QQQN.US,D,20240606,000000,28.66,28.7003,28.66,28.67,3713,0
QQQN.US,D,20240607,000000,28.45,28.61,28.45,28.48,1559,0
QQQN.US,D,20240610,000000,28.33,28.79,28.33,28.79,2569,0
QQQN.US,D,20240611,000000,28.7,28.8494,28.7,28.8254,2201,0
QQQN.US,D,20240612,000000,29.22,29.3878,29.1596,29.1596,2714,0
QQQN.US,D,20240613,000000,29.11,29.2,29.035,29.17,4357,0
QQQN.US,D,20240614,000000,28.82,28.8525,28.79,28.82,4469,0
QQQN.US,D,20240617,000000,28.7,29.03,28.7,29.03,10472,0
QQQN.US,D,20240618,000000,29.105,29.105,29.0526,29.09,2836,0
QQQN.US,D,20240620,000000,29.09,29.09,28.87,28.87,5879,0
QQQN.US,D,20240621,000000,28.8,29.04,28.8,29.01,12050,0
QQQN.US,D,20240624,000000,29.03,29.13,28.91,28.95,2667,0
QQQN.US,D,20240625,000000,28.91,28.99,28.91,28.97,5544,0
QQQN.US,D,20240626,000000,28.815,28.85,28.8045,28.85,3297,0
QQQN.US,D,20240627,000000,28.885,29.055,28.86,29.055,3902,0
QQQN.US,D,20240628,000000,29.21,29.2571,28.86,28.87,979,0
QQQN.US,D,20240701,000000,28.95,28.95,28.74,28.79,1318,0
QQQN.US,D,20240702,000000,28.67,28.85,28.67,28.845,2160,0
QQQN.US,D,20240703,000000,28.96,29.06,28.9457,29.06,877,0
QQQN.US,D,20240705,000000,29.03,29.03,28.87,28.99,11099,0
QQQN.US,D,20240708,000000,29.11,29.26,29.11,29.25,2263,0
QQQN.US,D,20240709,000000,29.22,29.33,29.22,29.24,1529,0
QQQN.US,D,20240710,000000,29.42,29.42,29.42,29.42,117,0
QQQN.US,D,20240711,000000,29.7,29.7,29.55,29.55,1522,0
QQQN.US,D,20240712,000000,30.0399,30.0399,29.94,29.9855,370,0
QQQN.US,D,20240715,000000,30.06,30.12,29.99,30.07,1261,0
QQQN.US,D,20240716,000000,30.3,30.45,30.18,30.45,150950,0
QQQN.US,D,20240717,000000,29.855,29.855,29.59,29.62,2147,0
QQQN.US,D,20240718,000000,29.75,29.75,29.27,29.29,2803,0
QQQN.US,D,20240719,000000,29.28,29.36,29.23,29.2384,3242,0
QQQN.US,D,20240722,000000,29.59,29.64,29.42,29.64,4213,0
QQQN.US,D,20240723,000000,29.53,29.68,29.51,29.51,3152,0
QQQN.US,D,20240724,000000,29.44,29.49,29.09,29.09,4185,0
QQQN.US,D,20240725,000000,28.87,29.29,28.73,28.76,7266,0
QQQN.US,D,20240726,000000,29.315,29.315,29.23,29.26,1688,0
QQQN.US,D,20240729,000000,29.2303,29.31,29.18,29.25,3618,0
QQQN.US,D,20240730,000000,28.945,28.945,28.945,28.945,449,0
QQQN.US,D,20240731,000000,29.3,29.35,29.24,29.24,1158,0
QQQN.US,D,20240801,000000,29.21,29.21,28.49,28.59,2276,0
QQQN.US,D,20240802,000000,28.09,28.09,27.74,27.9,2805,0
QQQN.US,D,20240805,000000,26.73,27.2776,26.73,27.18,9133,0
QQQN.US,D,20240806,000000,27.45,27.81,27.45,27.62,6461,0
QQQN.US,D,20240807,000000,27.4742,27.4742,27.31,27.31,1044,0
QQQN.US,D,20240808,000000,27.6,28.26,27.6,28.22,2032,0
QQQN.US,D,20240809,000000,28.2,28.4,28.14,28.4,8003,0
QQQN.US,D,20240812,000000,28.3062,28.3062,28.22,28.22,3239,0
QQQN.US,D,20240813,000000,28.35,28.81,28.35,28.77,19494,0
QQQN.US,D,20240814,000000,28.88,28.88,28.62,28.67,7402,0
QQQN.US,D,20240815,000000,29.2211,29.335,29.2211,29.32,3268,0
QQQN.US,D,20240816,000000,29.3023,29.46,29.3023,29.46,2164,0
QQQN.US,D,20240819,000000,29.47,29.79,29.46,29.79,9365,0
QQQN.US,D,20240820,000000,29.5603,29.6799,29.5603,29.61,2444,0
QQQN.US,D,20240821,000000,29.72,29.985,29.72,29.985,7822,0
QQQN.US,D,20240822,000000,30.01,30.01,29.65,29.65,36575,0
QQQN.US,D,20240823,000000,29.96,30.2,29.96,30.2,3175,0
QQQN.US,D,20240826,000000,30.23,30.3,29.98,29.98,8646,0
QQQN.US,D,20240827,000000,29.89,30.18,29.845,30.16,26940,0
QQQN.US,D,20240828,000000,30.03,30.03,29.69,29.72,545,0
QQQN.US,D,20240829,000000,30.0501,30.13,29.7603,29.83,6394,0
QQQN.US,D,20240830,000000,29.86,29.86,29.86,29.86,270,0
QQQN.US,D,20240903,000000,29.7,29.7,29.01,29.06,14930,0
QQQN.US,D,20240904,000000,29.09,29.16,29.03,29.11,8605,0
QQQN.US,D,20240905,000000,29.02,29.06,28.9,28.92,5311,0
QQQN.US,D,20240906,000000,28.93,28.93,28.395,28.4606,4095,0
QQQN.US,D,20240909,000000,28.62,28.925,28.62,28.76,2631,0
QQQN.US,D,20240910,000000,28.55,28.85,28.55,28.85,766,0
QQQN.US,D,20240911,000000,28.71,29.35,28.71,29.33,2812,0
QQQN.US,D,20240912,000000,29.3695,29.57,29.3695,29.5,1727,0
QQQN.US,D,20240913,000000,29.65,30.03,29.65,30.02,2818,0
QQQN.US,D,20240916,000000,29.94,29.94,29.94,29.94,350,0
QQQN.US,D,20240917,000000,30.3526,30.3575,30.16,30.2,3723,0
QQQN.US,D,20240918,000000,30.22,30.44,30.06,30.09,2809,0
QQQN.US,D,20240919,000000,30.62,30.75,30.56,30.69,2800,0
QQQN.US,D,20240920,000000,30.49,30.49,30.4,30.47,1519,0
QQQN.US,D,20240923,000000,30.51,30.61,30.51,30.57,10804,0
QQQN.US,D,20240924,000000,30.68,30.835,30.6,30.83,4585,0
QQQN.US,D,20240925,000000,30.78,30.78,30.66,30.66,2972,0
QQQN.US,D,20240926,000000,31.0913,31.25,31.05,31.25,3416,0
QQQN.US,D,20240927,000000,31.385,31.385,31.22,31.34,19765,0
QQQN.US,D,20240930,000000,31.25,31.29,31.0202,31.23,10111,0
QQQN.US,D,20241001,000000,31.11,31.11,30.75,30.93,20764,0
QQQN.US,D,20241002,000000,30.72,31.103,30.72,30.99,5982,0
QQQN.US,D,20241003,000000,30.8,30.9,30.76,30.9,10710,0
QQQN.US,D,20241004,000000,31.18,31.27,31.014,31.27,2326,0
QQQN.US,D,20241007,000000,31.14,31.18,31.02,31.09,3829,0
QQQN.US,D,20241008,000000,31.06,31.2514,31.06,31.18,8501,0
QQQN.US,D,20241009,000000,31.2,31.37,31.2,31.37,7147,0
QQQN.US,D,20241010,000000,31.11,31.2,31.11,31.2,9360,0
QQQN.US,D,20241011,000000,31.39,31.72,31.39,31.72,10482,0
QQQN.US,D,20241014,000000,31.81,31.8101,31.77,31.77,698,0
QQQN.US,D,20241015,000000,31.85,31.85,31.4,31.44,2521,0
QQQN.US,D,20241016,000000,31.61,31.69,31.51,31.69,912,0
QQQN.US,D,20241017,000000,31.7795,31.86,31.65,31.65,20165,0
QQQN.US,D,20241018,000000,31.81,31.845,31.81,31.84,2192,0
QQQN.US,D,20241021,000000,31.8,31.8,31.65,31.73,2452,0
QQQN.US,D,20241022,000000,31.6,31.7,31.6,31.65,395,0
QQQN.US,D,20241023,000000,31.65,31.65,31.65,31.65,1,0
