<TICKER>,<PER>,<DATE>,<TIME>,<OPEN>,<HIGH>,<LOW>,<CLOSE>,<VOL>,<OPENINT>
QYLG.US,D,20200923,000000,25.6878,25.6878,25.0751,25.0751,10101.273942402,0
QYLG.US,D,20200924,000000,24.9315,25.3325,24.9315,25.1969,3410.190082955,0
QYLG.US,D,20200925,000000,25.2869,25.6978,25.1651,25.6502,7170.8943717114,0
QYLG.US,D,20200928,000000,25.879,26.0214,25.8294,25.9828,3617.2661987743,0
QYLG.US,D,20200929,000000,26.0898,26.0898,25.974,25.9848,10105.314451979,0
QYLG.US,D,20200930,000000,26.061,26.3095,25.9987,26.1304,9743.6888448413,0
QYLG.US,D,20201001,000000,26.3719,26.3719,26.2997,26.3363,855.57790292148,0
QYLG.US,D,20201005,000000,26.1739,26.3363,26.1739,26.2729,3653.6307849669,0
QYLG.US,D,20201006,000000,26.1947,26.2997,25.971,25.971,1236.39593055,0
QYLG.US,D,20201007,000000,26.261,26.3284,26.2086,26.2897,12566.994911742,0
QYLG.US,D,20201008,000000,26.3759,26.4155,26.361,26.3699,2022.2750432689,0
QYLG.US,D,20201009,000000,26.4867,26.6313,26.4867,26.6035,5444.5866549549,0
QYLG.US,D,20201012,000000,26.8461,27.1698,26.8243,27.055,3192.0025657991,0
QYLG.US,D,20201013,000000,27.1174,27.1174,27.057,27.0827,836.38548243091,0
QYLG.US,D,20201014,000000,27.1896,27.1896,26.8837,26.9679,4244.5553105975,0
QYLG.US,D,20201015,000000,26.7976,26.8837,26.7293,26.8263,3923.3347992291,0
QYLG.US,D,20201016,000000,27.1025,27.1025,26.7194,26.7194,6224.4050033083,0
QYLG.US,D,20201019,000000,26.959,26.959,26.2234,26.2313,2110.1561265678,0
QYLG.US,D,20201020,000000,26.2769,26.5383,26.2769,26.3462,2063.6902664328,0
QYLG.US,D,20201021,000000,26.4343,26.4343,26.3175,26.3175,1529.3328748797,0
QYLG.US,D,20201022,000000,26.2709,26.2709,26.1749,26.1749,2421.2753639938,0
QYLG.US,D,20201023,000000,26.261,26.3699,26.261,26.3699,1089.9274583852,0
QYLG.US,D,20201026,000000,26.1729,26.1729,25.773,25.9086,4916.2900277672,0
QYLG.US,D,20201027,000000,26.1927,26.2066,26.1363,26.2066,2533.3995047545,0
QYLG.US,D,20201028,000000,25.8403,25.8403,25.478,25.478,3487.9698923115,0
QYLG.US,D,20201029,000000,25.478,25.8502,25.3889,25.8126,2610.1691867168,0
QYLG.US,D,20201030,000000,25.5799,25.5799,25.0067,25.0563,12864.982493044,0
QYLG.US,D,20201102,000000,25.4374,25.5245,25.0563,25.2057,18177.242459353,0
QYLG.US,D,20201103,000000,25.669,25.669,25.5997,25.5997,1274.7807715312,0
QYLG.US,D,20201104,000000,26.4719,26.8174,26.3858,26.6471,4481.9352482439,0
QYLG.US,D,20201105,000000,27.0936,27.2382,27.0936,27.1658,3445.5445417534,0
QYLG.US,D,20201106,000000,26.9025,27.254,26.8927,27.245,2957.6530103354,0
QYLG.US,D,20201109,000000,28.2331,28.2331,26.8431,26.8431,5052.6572259896,0
QYLG.US,D,20201110,000000,26.7006,26.7006,26.2254,26.4155,13356.914534039,0
QYLG.US,D,20201112,000000,26.9115,27.0669,26.8352,26.8352,1820.2495644209,0
QYLG.US,D,20201113,000000,26.9253,27.0619,26.9253,27.0619,1222.2541470307,0
QYLG.US,D,20201116,000000,27.1896,27.2223,27.0669,27.2223,2132.3789292411,0
QYLG.US,D,20201117,000000,27.258,27.2758,27.2194,27.2194,771.73732919954,0
QYLG.US,D,20201118,000000,27.2758,27.2758,27.1104,27.1104,587.89414344782,0
QYLG.US,D,20201119,000000,27.1421,27.3134,27.1421,27.2688,1730.3482263335,0
QYLG.US,D,20201120,000000,27.1698,27.2708,27.156,27.1718,1557.6164419184,0
QYLG.US,D,20201123,000000,27.1223,27.2431,27.0273,27.1352,2043.487718548,0
QYLG.US,D,20201124,000000,27.4352,27.4777,27.4322,27.4322,1129.3224267606,0
QYLG.US,D,20201125,000000,27.5252,27.6421,27.5163,27.5747,2374.8095038588,0
QYLG.US,D,20201127,000000,27.6609,27.6609,27.6609,27.6609,313.13949221447,0
QYLG.US,D,20201130,000000,27.6034,27.6322,27.5896,27.6034,632.33974879439,0
QYLG.US,D,20201201,000000,27.9469,28.1133,27.9469,28.0291,2142.4802031835,0
QYLG.US,D,20201203,000000,28.1905,28.1905,28.0449,28.0449,3883.9398308537,0
QYLG.US,D,20201204,000000,28.1519,28.2004,28.1281,28.1598,1090.9375857795,0
QYLG.US,D,20201207,000000,28.2667,28.2855,28.2469,28.2677,1583.8797541687,0
QYLG.US,D,20201208,000000,28.237,28.3638,28.2004,28.334,1601.0519198708,0
QYLG.US,D,20201209,000000,28.2618,28.2618,27.8915,27.9827,3523.3243511099,0
QYLG.US,D,20201210,000000,27.9845,28.0539,27.9647,28.0271,4235.4641640493,0
QYLG.US,D,20201211,000000,27.9499,27.9747,27.7995,27.9747,3855.656263815,0
QYLG.US,D,20201214,000000,28.2093,28.2093,28.1469,28.1469,717.19044991057,0
QYLG.US,D,20201215,000000,28.3449,28.3449,28.2163,28.2489,4403.1453114932,0
QYLG.US,D,20201216,000000,28.2469,28.4103,28.2469,28.4103,1805.0976535073,0
QYLG.US,D,20201217,000000,28.4508,28.5271,28.4508,28.5172,2170.7637702223,0
QYLG.US,D,20201218,000000,28.4687,28.4687,28.2766,28.2766,1762.6723029492,0
QYLG.US,D,20201221,000000,28.237,28.4202,28.0836,28.3578,2767.7490602182,0
QYLG.US,D,20201222,000000,28.4638,28.4687,28.433,28.433,2984.9264499799,0
QYLG.US,D,20201223,000000,28.4202,28.5271,28.4202,28.435,2329.353771118,0
QYLG.US,D,20201224,000000,28.5034,28.5667,28.4291,28.4291,2244.5030700018,0
QYLG.US,D,20201228,000000,28.7954,28.7954,28.5469,28.7152,2623.3008428419,0
QYLG.US,D,20201229,000000,28.9072,28.9072,28.7092,28.7092,1354.5808356762,0
QYLG.US,D,20201230,000000,28.739,28.7588,28.6132,28.6132,5775.9084402657,0
QYLG.US,D,20201231,000000,28.7588,28.7588,28.5271,28.6666,5119.3256340095,0
QYLG.US,D,20210104,000000,28.833,28.833,28.1133,28.3152,2973.8150486432,0
QYLG.US,D,20210105,000000,28.3924,28.5736,28.3924,28.5736,1576.808862409,0
QYLG.US,D,20210106,000000,28.3251,28.5667,28.3251,28.5667,1842.4723670942,0
QYLG.US,D,20210107,000000,28.7518,28.8052,28.7518,28.8052,1561.6569514954,0
QYLG.US,D,20210108,000000,29.0547,29.0567,28.9132,29.0567,1305.0845933584,0
QYLG.US,D,20210111,000000,28.8528,28.9439,28.7994,28.7994,1054.5729995868,0
QYLG.US,D,20210112,000000,28.838,28.9023,28.7954,28.8152,1334.3782877913,0
QYLG.US,D,20210113,000000,28.8528,28.9379,28.8528,28.9379,522.2358628222,0
QYLG.US,D,20210114,000000,29.0023,29.0023,28.8726,28.8924,1090.9375857795,0
QYLG.US,D,20210115,000000,28.8528,28.8528,28.641,28.6608,11682.123314389,0
QYLG.US,D,20210119,000000,28.8142,28.9785,28.8142,28.9785,1156.5958664051,0
QYLG.US,D,20210120,000000,29.0855,29.5191,29.0855,29.4379,3426.3521212629,0
QYLG.US,D,20210121,000000,29.5013,29.6279,29.5013,29.6181,2425.3158735708,0
QYLG.US,D,20210122,000000,29.5785,29.6081,29.5567,29.5567,2600.0679127744,0
QYLG.US,D,20210125,000000,29.7715,29.7715,29.5111,29.7002,1266.6997523773,0
QYLG.US,D,20210126,000000,29.6804,29.7814,29.6804,29.719,1412.1580971478,0
QYLG.US,D,20210127,000000,29.4815,29.5477,29.0557,29.1547,7969.9051405554,0
QYLG.US,D,20210128,000000,29.3567,29.5983,29.3081,29.3081,2361.6778477337,0
QYLG.US,D,20210129,000000,29.0458,29.0458,28.7478,28.9983,3757.6739065737,0
QYLG.US,D,20210201,000000,28.9983,29.4617,28.9983,29.4121,3419.2812295032,0
QYLG.US,D,20210202,000000,29.6181,29.821,29.6181,29.7715,6832.5016946409,0
QYLG.US,D,20210203,000000,29.8408,29.8685,29.7002,29.7002,6893.1093382953,0
QYLG.US,D,20210204,000000,29.8774,29.8903,29.724,29.8764,2851.5896339402,0
QYLG.US,D,20210205,000000,29.8685,30.0536,29.8685,29.9774,3706.1574094674,0
QYLG.US,D,20210208,000000,30.1774,30.1774,30.0338,30.0724,3004.1188704705,0
QYLG.US,D,20210209,000000,30.119,30.1477,30.0636,30.0684,21291.465215795,0
QYLG.US,D,20210210,000000,30.2071,30.2071,30.009,30.009,2206.1182290207,0
QYLG.US,D,20210211,000000,30.1338,30.1576,30.119,30.119,2619.2603332649,0
QYLG.US,D,20210212,000000,30.2071,30.2427,30.0952,30.2427,4700.1227653998,0
QYLG.US,D,20210216,000000,30.313,30.3605,30.2071,30.2566,3979.9019333065,0
QYLG.US,D,20210217,000000,30.1378,30.1576,30.0438,30.119,2760.6781684586,0
QYLG.US,D,20210218,000000,30.0636,30.1378,29.9646,30.1288,3900.1018691615,0
QYLG.US,D,20210219,000000,30.1675,30.2467,29.8874,30.0636,14992.310785314,0
QYLG.US,D,20210222,000000,29.4815,29.5785,29.2685,29.2685,17171.15557469,0
QYLG.US,D,20210223,000000,28.8429,29.127,28.2737,29.127,130230.67430242,0
QYLG.US,D,20210224,000000,28.7578,29.3587,28.7578,29.3587,2073.7915403752,0
QYLG.US,D,20210225,000000,28.9795,29.2449,28.3855,28.4093,30549.282784007,0
QYLG.US,D,20210226,000000,28.4964,28.7578,28.3994,28.7578,15736.774674869,0
QYLG.US,D,20210301,000000,28.932,29.3854,28.932,29.2883,9261.8580777887,0
QYLG.US,D,20210302,000000,29.1913,29.2685,28.8241,28.9053,6876.9472999875,0
QYLG.US,D,20210303,000000,28.7478,28.7726,28.0797,28.0797,9690.1520929466,0
QYLG.US,D,20210304,000000,28.0797,28.2905,27.4034,27.7133,7562.8238006766,0
QYLG.US,D,20210305,000000,27.7133,28.1391,27.0946,28.1391,13653.891987945,0
QYLG.US,D,20210308,000000,28.0499,28.0499,27.5005,27.5094,4842.5507279877,0
QYLG.US,D,20210309,000000,27.9945,28.4766,27.9945,28.3202,3575.8509756104,0
QYLG.US,D,20210310,000000,28.5152,28.6162,28.242,28.242,5190.0345516063,0
QYLG.US,D,20210311,000000,28.7676,28.9795,28.635,28.8756,1756.6115385838,0
QYLG.US,D,20210312,000000,28.6122,28.6458,28.3232,28.6458,3345.5419297237,0
QYLG.US,D,20210315,000000,28.5251,28.937,28.5251,28.937,3097.0505907406,0
QYLG.US,D,20210316,000000,29.2487,29.4507,29.127,29.127,4722.3455680731,0
QYLG.US,D,20210317,000000,28.9518,29.3063,28.7578,29.2121,2438.4475296959,0
QYLG.US,D,20210318,000000,28.6696,28.6696,28.3707,28.4647,3253.6203368478,0
QYLG.US,D,20210319,000000,28.5548,28.6024,28.4271,28.5014,2617.2400784764,0
QYLG.US,D,20210322,000000,28.7874,29.0587,28.7102,28.8993,4162.734991664,0
QYLG.US,D,20210323,000000,28.8647,29.0389,28.8647,28.9538,3934.4462005657,0
QYLG.US,D,20210324,000000,28.739,28.7786,28.5648,28.5648,2295.0094397138,0
QYLG.US,D,20210325,000000,28.1955,28.4964,28.1955,28.4182,7565.8541828593,0
QYLG.US,D,20210326,000000,28.4766,28.5874,28.3697,28.3697,1733.3786085162,0
QYLG.US,D,20210329,000000,28.631,28.7043,28.6222,28.7043,1260.6389880118,0
QYLG.US,D,20210330,000000,28.7488,28.7488,28.5548,28.6716,1967.72816398,0
QYLG.US,D,20210331,000000,28.8864,29.128,28.8864,29.0735,4163.7451190582,0
QYLG.US,D,20210401,000000,29.1478,29.3419,29.1478,29.2923,1873.7863163156,0
QYLG.US,D,20210405,000000,29.3715,29.7398,29.3715,29.7052,2137.4295662123,0
QYLG.US,D,20210406,000000,29.7299,29.7685,29.6616,29.7299,2262.6853630981,0
QYLG.US,D,20210407,000000,29.7299,29.7586,29.7299,29.7586,1004.0666298748,0
QYLG.US,D,20210408,000000,29.9526,29.9526,29.8854,29.9398,4820.3279253144,0
QYLG.US,D,20210409,000000,29.9438,30.011,29.8744,29.9724,4684.9708544862,0
QYLG.US,D,20210412,000000,29.914,30.0516,29.914,30.013,2368.7487394933,0
QYLG.US,D,20210413,000000,30.1566,30.2457,30.108,30.1814,10036.625789171,0
QYLG.US,D,20210414,000000,30.216,30.216,30.022,30.0318,2826.3364490842,0
QYLG.US,D,20210415,000000,30.1616,30.2259,30.1616,30.1873,5479.9411137533,0
QYLG.US,D,20210416,000000,30.2754,30.2754,30.119,30.222,10503.30464531,0
QYLG.US,D,20210419,000000,30.0892,30.0892,29.8576,29.8666,4014.2462647107,0
QYLG.US,D,20210420,000000,29.9724,29.9724,29.7685,29.9081,5552.6702861386,0
QYLG.US,D,20210421,000000,29.6903,29.8666,29.6141,29.8477,8356.7839325494,0
QYLG.US,D,20210422,000000,30.0022,30.0022,29.623,29.6616,779.81834835346,0
QYLG.US,D,20210423,000000,29.8666,30.0418,29.8666,30.0418,2893.004857104,0
QYLG.US,D,20210426,000000,30.0516,30.1665,30.022,30.1566,10312.390567799,0
QYLG.US,D,20210427,000000,30.2358,30.2358,29.9626,30.0348,7600.1985142635,0
QYLG.US,D,20210428,000000,30.0982,30.0982,29.9338,29.9824,4309.2034638288,0
QYLG.US,D,20210429,000000,30.1764,30.1863,29.8566,30.0982,5891.062963209,0
QYLG.US,D,20210430,000000,29.9724,29.9724,29.8497,29.8636,6603.2027761484,0
QYLG.US,D,20210503,000000,30.0982,30.0982,29.7982,29.8279,7701.2112536875,0
QYLG.US,D,20210504,000000,29.6804,29.6804,29.0785,29.3617,5264.7839787801,0
QYLG.US,D,20210505,000000,29.5844,29.5844,29.2439,29.2815,12069.002106382,0
QYLG.US,D,20210506,000000,29.3221,29.4003,29.1379,29.1953,10551.790760234,0
QYLG.US,D,20210507,000000,29.5656,29.8566,29.5656,29.7299,9093.1668029506,0
QYLG.US,D,20210510,000000,29.6804,29.6804,29.03,29.03,16989.332643727,0
QYLG.US,D,20210511,000000,28.5152,28.9993,28.2816,28.9538,20745.996422906,0
QYLG.US,D,20210512,000000,28.5934,28.7004,28.1757,28.2529,13925.616256996,0
QYLG.US,D,20210513,000000,28.5648,28.6608,28.3014,28.4667,11826.571531764,0
QYLG.US,D,20210514,000000,28.8062,29.1181,28.73,29.0884,10808.36311837,0
QYLG.US,D,20210517,000000,29.0003,29.0003,28.6608,28.8756,18047.94615289,0
QYLG.US,D,20210518,000000,29.0488,29.0785,28.7102,28.7202,13072.058608863,0
QYLG.US,D,20210519,000000,28.2628,28.6806,28.2241,28.6806,7588.0769855326,0
QYLG.US,D,20210520,000000,28.9825,29.3221,28.9825,29.3221,5773.8881854772,0
QYLG.US,D,20210521,000000,29.4467,29.4567,29.1478,29.1478,8192.1331672883,0
QYLG.US,D,20210524,000000,29.2241,29.4665,29.1953,29.4003,16208.504167979,0
QYLG.US,D,20210525,000000,29.5458,29.5458,29.3419,29.4379,14516.540782626,0
QYLG.US,D,20210526,000000,29.5062,29.5458,29.4191,29.526,15104.434926074,0
QYLG.US,D,20210527,000000,29.5745,29.5745,29.4477,29.4665,17655.00659653,0
QYLG.US,D,20210528,000000,29.5844,29.6339,29.526,29.526,9047.7110702098,0
QYLG.US,D,20210601,000000,29.6705,30.1566,29.3805,29.4665,15443.837730539,0
QYLG.US,D,20210602,000000,29.5557,29.5557,29.424,29.4864,8565.8803031572,0
QYLG.US,D,20210603,000000,29.4003,29.4379,29.1953,29.3121,8780.0273107361,0
QYLG.US,D,20210604,000000,29.525,29.6903,29.525,29.6903,20969.234577033,0
QYLG.US,D,20210607,000000,29.6339,29.7299,29.6121,29.7299,11293.224267606,0
QYLG.US,D,20210608,000000,29.9042,29.9042,29.7101,29.7784,6600.1723939657,0
QYLG.US,D,20210609,000000,29.8368,29.8368,29.72,29.7299,10380.069103213,0
QYLG.US,D,20210610,000000,29.8744,29.9438,29.8368,29.9428,10639.671843532,0
QYLG.US,D,20210611,000000,29.9438,29.9922,29.924,29.9724,7744.6467316399,0
QYLG.US,D,20210614,000000,30.0892,30.118,29.924,30.0863,16950.947802745,0
QYLG.US,D,20210615,000000,30.117,30.118,29.9883,30.0616,17710.563603214,0
QYLG.US,D,20210616,000000,30.0318,30.108,29.8744,30.012,15662.025247695,0
QYLG.US,D,20210617,000000,30.1278,30.2655,30.108,30.2556,10957.861972718,0
QYLG.US,D,20210618,000000,30.1378,30.1378,29.924,29.9626,9493.1772510697,0
QYLG.US,D,20210621,000000,30.022,30.118,29.7972,30.0804,12414.465675212,0
QYLG.US,D,20210622,000000,30.1873,30.3239,30.1477,30.2863,15935.769771534,0
QYLG.US,D,20210623,000000,30.3724,30.3823,30.315,30.315,4524.360598802,0
QYLG.US,D,20210624,000000,30.4169,30.5288,30.4169,30.4912,13175.091603075,0
QYLG.US,D,20210625,000000,30.5873,30.5873,30.4021,30.4496,9105.2883316815,0
QYLG.US,D,20210628,000000,30.5873,30.6615,30.5001,30.6615,15210.498302469,0
QYLG.US,D,20210629,000000,30.7239,30.7535,30.6665,30.7535,5292.0574184246,0
QYLG.US,D,20210630,000000,30.7427,30.7635,30.6565,30.7089,5525.3968464941,0
QYLG.US,D,20210701,000000,30.7635,30.7733,30.6863,30.7437,6030.4605436142,0
QYLG.US,D,20210702,000000,30.9099,30.9684,30.8515,30.9387,5919.3465302478,0
QYLG.US,D,20210706,000000,31.0466,31.0466,30.8911,31.0466,17507.527996972,0
QYLG.US,D,20210707,000000,31.1832,31.1832,30.9882,31.0416,9009.3262292286,0
QYLG.US,D,20210708,000000,30.8219,30.9981,30.6467,30.9684,13793.289568351,0
QYLG.US,D,20210709,000000,30.9882,31.0862,30.9387,31.0733,5281.9561444822,0
QYLG.US,D,20210712,000000,31.1832,31.1832,31.0367,31.1406,11327.56859901,0
QYLG.US,D,20210713,000000,31.1634,31.3,31.1198,31.1198,12270.017457836,0
QYLG.US,D,20210714,000000,31.31,31.31,31.1604,31.1733,11800.308219515,0
QYLG.US,D,20210715,000000,31.2129,31.2129,30.9387,31.0139,26894.641871647,0
QYLG.US,D,20210716,000000,31.2317,31.2317,30.809,30.809,9747.7293544182,0
QYLG.US,D,20210719,000000,30.4417,30.5288,30.2665,30.4041,55187.300056921,0
QYLG.US,D,20210720,000000,30.5971,30.8515,30.4516,30.8119,25264.296257342,0
QYLG.US,D,20210721,000000,30.9585,30.9585,30.7882,30.9288,13799.350332716,0
QYLG.US,D,20210722,000000,30.9684,31.1149,30.9288,31.1,15683.237922974,0
QYLG.US,D,20210723,000000,31.1149,31.3901,31.1149,31.3901,4790.0241034872,0
QYLG.US,D,20210726,000000,31.3782,31.4228,31.3298,31.3782,13267.013195951,0
QYLG.US,D,20210727,000000,31.3584,31.3684,30.8911,31.1238,14424.619189751,0
QYLG.US,D,20210728,000000,31.2802,31.3198,31.1149,31.2713,9573.9874426089,0
QYLG.US,D,20210729,000000,31.2614,31.3584,31.2614,31.3,14487.247088194,0
QYLG.US,D,20210730,000000,31.105,31.2317,31.105,31.203,8254.7610657312,0
QYLG.US,D,20210802,000000,31.3782,31.3782,31.203,31.2317,13536.717210213,0
QYLG.US,D,20210803,000000,31.2901,31.3486,31.0664,31.3198,17745.918062012,0
QYLG.US,D,20210804,000000,31.3782,31.4178,31.2723,31.3584,18204.515898998,0
QYLG.US,D,20210805,000000,31.3198,31.5346,31.3198,31.495,9508.3291619833,0
QYLG.US,D,20210806,000000,31.4852,31.4852,31.3792,31.4426,18134.817108795,0
QYLG.US,D,20210809,000000,31.5534,31.5534,31.392,31.4693,44642.580188448,0
QYLG.US,D,20210810,000000,31.5436,31.5436,31.3386,31.3882,9221.4529820191,0
QYLG.US,D,20210811,000000,31.3486,31.5148,31.3298,31.3782,15056.958938545,0
QYLG.US,D,20210812,000000,31.3782,31.4752,31.31,31.4752,8957.8097321224,0
QYLG.US,D,20210813,000000,31.5148,31.5436,31.4485,31.5346,13621.56791133,0
QYLG.US,D,20210816,000000,31.5148,31.5148,31.2416,31.4901,15039.786772843,0
QYLG.US,D,20210817,000000,31.4376,31.4376,31.2515,31.3882,10391.180504549,0
QYLG.US,D,20210818,000000,31.3882,31.4376,31.2317,31.2366,8396.1789009248,0
QYLG.US,D,20210819,000000,31.0664,31.398,31.0367,31.3198,43000.113045413,0
QYLG.US,D,20210820,000000,31.4752,31.6426,31.3742,31.5534,11813.43987564,0
QYLG.US,D,20210823,000000,31.6524,31.8475,31.5534,31.8079,21660.161714693,0
QYLG.US,D,20210824,000000,31.9059,31.9059,31.7683,31.8564,15263.02492697,0
QYLG.US,D,20210825,000000,31.8564,31.9148,31.8178,31.896,18029.763859794,0
QYLG.US,D,20210826,000000,31.896,31.896,31.7208,31.7683,11367.973694779,0
QYLG.US,D,20210827,000000,31.7782,32.0227,31.7198,31.993,22814.73732631,0
QYLG.US,D,20210830,000000,31.9732,32.2365,31.9732,32.1831,28251.24296211,0
QYLG.US,D,20210831,000000,32.1781,32.2276,32.1207,32.1881,7796.1632287461,0
QYLG.US,D,20210901,000000,32.286,32.4365,32.2177,32.2177,23898.60402033,0
QYLG.US,D,20210902,000000,32.2177,32.2514,32.1881,32.1881,18325.731186307,0
QYLG.US,D,20210903,000000,32.2276,32.2959,32.1593,32.2662,18813.622717725,0
QYLG.US,D,20210907,000000,32.3157,32.3355,32.2465,32.3058,10995.236686305,0
QYLG.US,D,20210908,000000,32.3157,32.3157,32.1306,32.2029,18680.285901685,0
QYLG.US,D,20210909,000000,32.2959,32.3256,32.1593,32.1831,11437.672484982,0
QYLG.US,D,20210910,000000,32.3355,32.3355,32.0495,32.0495,16767.104616994,0
QYLG.US,D,20210913,000000,32.0515,32.1979,31.9148,32.0277,20096.48450841,0
QYLG.US,D,20210914,000000,32.1593,32.1683,31.9365,31.993,8744.6728519377,0
QYLG.US,D,20210915,000000,31.9831,32.1633,31.896,32.1306,15443.837730539,0
QYLG.US,D,20210916,000000,32.1395,32.2078,31.9741,32.1781,18777.258131532,0
QYLG.US,D,20210917,000000,32.1108,32.1108,31.7019,31.798,24868.326318801,0
QYLG.US,D,20210920,000000,31.406,31.4456,30.8773,31.1594,35727.195806883,0
QYLG.US,D,20210921,000000,31.3664,31.4832,31.1307,31.2298,13047.815551401,0
QYLG.US,D,20210922,000000,31.2694,31.6108,31.2694,31.5426,39772.756020815,0
QYLG.US,D,20210923,000000,31.6604,31.8475,31.5138,31.7683,10532.598339743,0
QYLG.US,D,20210924,000000,31.6703,31.8079,31.602,31.8079,7205.2387031156,0
QYLG.US,D,20210927,000000,31.6316,31.7099,31.4158,31.6703,18559.070614376,0
QYLG.US,D,20210928,000000,31.3278,31.3278,30.7853,30.8278,36456.507785524,0
QYLG.US,D,20210929,000000,30.9941,31.1208,30.7486,30.7555,12201.328795028,0
QYLG.US,D,20210930,000000,30.9892,30.9892,30.6615,30.7239,18782.308768503,0
QYLG.US,D,20211001,000000,30.7882,30.9337,30.4358,30.8872,9891.1674444004,0
QYLG.US,D,20211004,000000,30.7882,30.7882,30.0734,30.1408,21226.817062564,0
QYLG.US,D,20211005,000000,30.2596,30.8575,30.2596,30.6813,16337.800474441,0
QYLG.US,D,20211006,000000,30.3081,30.906,30.2694,30.906,19023.729215726,0
QYLG.US,D,20211007,000000,31.0238,31.3356,31.0238,31.1604,24786.505999866,0
QYLG.US,D,20211008,000000,31.2782,31.2782,30.9743,31.0535,14389.264730953,0
QYLG.US,D,20211011,000000,30.8971,31.1694,30.7882,30.7941,18008.551184514,0
QYLG.US,D,20211012,000000,30.8268,30.9248,30.5833,30.6535,16915.593343947,0
QYLG.US,D,20211013,000000,30.8377,30.906,30.7011,30.906,11235.647006134,0
QYLG.US,D,20211014,000000,31.1119,31.4614,31.1119,31.4258,8725.4804314471,0
QYLG.US,D,20211015,000000,31.4742,31.6118,31.4356,31.6118,16361.033404509,0
QYLG.US,D,20211018,000000,31.4742,31.7198,31.3664,31.7198,12979.126888593,0
QYLG.US,D,20211019,000000,31.8178,31.8861,31.7396,31.8861,8779.0171833419,0
QYLG.US,D,20211020,000000,31.7782,31.9355,31.7198,31.8564,32904.899867376,0
QYLG.US,D,20211021,000000,31.8277,31.9623,31.8079,31.9544,14020.568232054,0
QYLG.US,D,20211022,000000,31.9841,31.9841,31.7247,31.8376,17835.8194001,0
QYLG.US,D,20211025,000000,31.9059,32.0821,31.7683,31.9455,23906.685039483,0
QYLG.US,D,20211026,000000,32.19,32.2771,31.9939,32.1613,9718.4356599853,0
QYLG.US,D,20211027,000000,32.1613,32.3276,32.1019,32.1415,17480.254557328,0
QYLG.US,D,20211028,000000,32.2682,32.3474,32.1514,32.3078,23417.783380671,0
QYLG.US,D,20211029,000000,32.2286,32.3474,32.1851,32.3474,54559.000817704,0
QYLG.US,D,20211101,000000,32.386,32.5038,32.2098,32.4345,106138.12582239,0
QYLG.US,D,20211102,000000,32.4246,32.6206,32.4246,32.6108,14690.282694436,0
QYLG.US,D,20211103,000000,32.6108,32.7692,32.5632,32.7296,10703.30986937,0
QYLG.US,D,20211104,000000,32.7592,33.0622,32.7592,33.0226,17497.42672303,0
QYLG.US,D,20211105,000000,33.1216,33.1612,32.9256,33.0226,33300.869805918,0
QYLG.US,D,20211108,000000,33.0721,33.0721,32.9552,33.0176,36677.725684863,0
QYLG.US,D,20211109,000000,33.1018,33.1018,32.8364,32.9156,30409.885203603,0
QYLG.US,D,20211110,000000,32.7978,32.885,32.5731,32.6504,19127.772337333,0
QYLG.US,D,20211111,000000,32.69,32.8068,32.69,32.7098,16749.932451292,0
QYLG.US,D,20211112,000000,32.779,32.9107,32.7098,32.9097,12540.731599493,0
QYLG.US,D,20211115,000000,32.975,32.975,32.788,32.9058,34304.936435792,0
QYLG.US,D,20211116,000000,32.9552,33.0424,32.8562,33.0028,32626.104706566,0
QYLG.US,D,20211117,000000,33.1018,33.1018,32.98,33.0325,36012.051732058,0
QYLG.US,D,20211118,000000,33.0127,33.2285,32.9938,33.1998,21179.341075035,0
QYLG.US,D,20211119,000000,33.3859,33.4819,33.1998,33.3077,24791.556636838,0
QYLG.US,D,20211122,000000,33.573,33.6819,33.1156,33.1305,39605.074873371,0
QYLG.US,D,20211123,000000,32.9136,33.1602,32.6572,32.9038,25449.149570488,0
QYLG.US,D,20211124,000000,32.8444,33.1196,32.6572,33.1008,20819.735722685,0
QYLG.US,D,20211126,000000,32.9236,32.9532,32.4702,32.7068,31934.167441511,0
QYLG.US,D,20211129,000000,32.8542,33.2384,32.8542,33.1602,35282.739753417,0
QYLG.US,D,20211130,000000,32.983,33.1889,32.5988,32.6672,37014.098107145,0
QYLG.US,D,20211201,000000,33.1107,33.2225,32.2167,32.2247,28907.825768367,0
QYLG.US,D,20211202,000000,32.1553,32.579,32.0959,32.4019,20037.897119543,0
QYLG.US,D,20211203,000000,32.6276,32.6276,31.6138,31.9781,30057.350743013,0
QYLG.US,D,20211206,000000,32.1355,32.2633,31.6237,32.1355,41403.101635118,0
QYLG.US,D,20211207,000000,32.7464,33.1404,32.7464,33.1404,15140.799512267,0
QYLG.US,D,20211208,000000,33.1503,33.2384,32.974,33.2255,14541.793967483,0
QYLG.US,D,20211209,000000,33.1988,33.2879,32.7562,32.8246,19709.605716416,0
QYLG.US,D,20211210,000000,33.1008,33.1889,32.7562,33.1889,16008.498943919,0
QYLG.US,D,20211213,000000,33.0711,33.081,32.7166,32.7364,11485.148472511,0
QYLG.US,D,20211214,000000,32.3721,32.5098,32.0177,32.2929,17424.697550644,0
QYLG.US,D,20211215,000000,32.776,33.1206,32.0177,33.0414,9150.7440644223,0
QYLG.US,D,20211216,000000,33.2186,33.2186,32.1851,32.1851,15743.845566628,0
QYLG.US,D,20211217,000000,32.0177,32.3276,31.8989,32.1553,56793.402613763,0
QYLG.US,D,20211220,000000,32.0079,32.0079,31.6435,31.7811,28433.065893074,0
QYLG.US,D,20211221,000000,32.2049,32.5196,31.8791,32.4405,30791.713358625,0
QYLG.US,D,20211222,000000,32.5196,32.7958,32.3435,32.7958,22171.286176179,0
QYLG.US,D,20211223,000000,32.9334,33.0117,32.7562,32.9236,23349.094717863,0
QYLG.US,D,20211227,000000,33.1206,33.3473,33.1206,33.3473,20747.0065503,0
QYLG.US,D,20211228,000000,33.3859,33.3859,33.1503,33.1889,36981.774030529,0
QYLG.US,D,20211229,000000,33.278,33.3077,33.1008,33.1701,33663.50554045,0
QYLG.US,D,20211230,000000,31.7118,31.791,31.594,31.6336,85767.896790149,0
QYLG.US,D,20211231,000000,31.6435,31.6624,31.3772,31.3872,102127.92006726,0
QYLG.US,D,20220103,000000,31.594,31.7505,31.5148,31.7217,77952.541140913,0
QYLG.US,D,20220104,000000,31.7514,31.7514,31.2812,31.4564,61017.755376476,0
QYLG.US,D,20220105,000000,31.397,31.407,30.7031,30.8654,82666.805689832,0
QYLG.US,D,20220106,000000,30.6487,30.8951,30.4813,30.7565,50601.32168707,0
QYLG.US,D,20220107,000000,30.7565,30.8258,30.3724,30.4813,46678.997015235,0
QYLG.US,D,20220110,000000,30.1368,30.5694,29.7131,30.4714,91848.863703475,0
QYLG.US,D,20220111,000000,30.4813,30.9238,30.3328,30.904,51493.264176184,0
QYLG.US,D,20220112,000000,31.101,31.1406,30.8852,30.9733,43332.444958117,0
QYLG.US,D,20220113,000000,31.1307,31.1505,30.2843,30.3328,61378.370856219,0
QYLG.US,D,20220114,000000,30.1655,30.5397,30.1368,30.5179,44950.66904369,0
QYLG.US,D,20220118,000000,30.1071,30.2546,29.7428,29.8408,59601.55676975,0
QYLG.US,D,20220119,000000,29.9784,30.117,29.4963,29.5062,42486.968329138,0
QYLG.US,D,20220120,000000,29.7527,30.0675,29.0627,29.1221,40996.02029524,0
QYLG.US,D,20220121,000000,28.9647,29.1122,28.3836,28.3934,129954.90952379,0
QYLG.US,D,20220124,000000,27.9005,28.3242,27.0144,28.3242,90371.047325703,0
QYLG.US,D,20220125,000000,27.8223,28.1965,27.6143,27.8707,35910.02886524,0
QYLG.US,D,20220126,000000,28.4914,28.4914,27.5757,27.8025,51725.59347686,0
QYLG.US,D,20220127,000000,28.1865,28.2163,27.5015,27.551,45286.031338579,0
QYLG.US,D,20220128,000000,27.7529,28.334,27.4084,28.3143,39108.092195405,0
QYLG.US,D,20220131,000000,28.5608,29.1319,28.3538,29.1023,46430.505676253,0
QYLG.US,D,20220201,000000,29.1903,29.2795,28.935,29.2201,28008.812387493,0
QYLG.US,D,20220202,000000,29.5161,29.525,29.1201,29.4467,23958.201536589,0
QYLG.US,D,20220203,000000,28.8458,29.0132,28.4518,28.4518,39260.621431935,0
QYLG.US,D,20220204,000000,28.6004,29.033,28.4132,28.836,26772.416456943,0
QYLG.US,D,20220207,000000,28.836,29.0429,28.5954,28.6884,36437.315365034,0
QYLG.US,D,20220208,000000,28.6488,29.0033,28.541,28.8954,29221.975387976,0
QYLG.US,D,20220209,000000,29.2795,29.3973,29.1557,29.3963,20176.284572554,0
QYLG.US,D,20220210,000000,29.0231,29.3389,28.8062,28.9449,22507.658598461,0
QYLG.US,D,20220211,000000,28.8458,29.0429,28.0677,28.1865,30763.429791587,0
QYLG.US,D,20220214,000000,28.0479,28.4222,27.9301,28.2163,15330.703462384,0
QYLG.US,D,20220215,000000,28.639,28.8458,28.5806,28.8062,23007.67165861,0
QYLG.US,D,20220216,000000,28.9053,28.9053,28.432,28.8162,22706.653695126,0
QYLG.US,D,20220217,000000,28.6686,28.6686,28.0291,28.0677,38301.000407407,0
QYLG.US,D,20220218,000000,28.1667,28.1667,27.6153,27.7727,35066.57249105,0
QYLG.US,D,20220222,000000,27.5856,27.7707,27.1818,27.349,50258.888500423,0
QYLG.US,D,20220223,000000,27.546,27.6054,26.8174,26.8669,28940.149844983,0
QYLG.US,D,20220224,000000,26.1383,27.6549,25.9512,27.6054,76297.952469148,0
QYLG.US,D,20220225,000000,27.6549,27.9697,27.4768,27.9599,42654.649476582,0
QYLG.US,D,20220228,000000,27.7133,28.0093,27.6678,27.9301,27974.468056089,0
QYLG.US,D,20220301,000000,28.0677,28.0677,27.4768,27.5856,25952.19301282,0
QYLG.US,D,20220302,000000,27.7925,28.0579,27.5856,28.0391,30166.44450159,0
QYLG.US,D,20220303,000000,28.2361,28.2361,27.6549,27.7529,25552.182564701,0
QYLG.US,D,20220304,000000,27.5361,27.5906,27.2808,27.4678,30771.51081074,0
QYLG.US,D,20220307,000000,27.4768,27.4966,26.5759,26.5907,58896.487848571,0
QYLG.US,D,20220308,000000,26.364,27.1402,26.1868,26.4729,50454.853214906,0
QYLG.US,D,20220309,000000,26.955,27.4382,26.9273,27.3392,29285.613413813,0
QYLG.US,D,20220310,000000,27.0639,27.1223,26.7629,27.1223,19081.306477198,0
QYLG.US,D,20220311,000000,27.251,27.251,26.5055,26.5907,31192.733934138,0
QYLG.US,D,20220314,000000,26.6007,26.7441,26.0502,26.0987,39977.811881846,0
QYLG.US,D,20220315,000000,26.1868,26.9253,26.1868,26.8273,69665.455998566,0
QYLG.US,D,20220316,000000,27.4184,27.7727,26.9847,27.7727,40748.539083651,0
QYLG.US,D,20220317,000000,27.8123,28.1271,27.6153,28.0677,30848.280492703,0
QYLG.US,D,20220318,000000,28.0677,28.8062,28.0677,28.5212,38450.499261755,0
QYLG.US,D,20220321,000000,28.6696,28.6924,28.3197,28.541,31309.90871187,0
QYLG.US,D,20220322,000000,28.7488,29.054,28.6746,28.927,21734.911141867,0
QYLG.US,D,20220323,000000,28.8676,29.0259,28.7092,28.739,17785.313030388,0
QYLG.US,D,20220324,000000,28.8578,29.0557,28.729,29.0557,16061.02556842,0
QYLG.US,D,20220325,000000,29.0953,29.1892,28.9072,29.1647,40481.865451572,0
QYLG.US,D,20220328,000000,29.1647,29.4517,29.1053,29.4517,24975.39982259,0
QYLG.US,D,20220329,000000,29.6695,29.7933,29.5176,29.6992,32646.30725445,0
QYLG.US,D,20220330,000000,29.719,29.7487,29.5086,29.5804,31854.367377366,0
QYLG.US,D,20220331,000000,29.7289,29.7289,29.3429,29.3725,33243.292544446,0
QYLG.US,D,20220401,000000,29.3527,29.4023,29.1745,29.2933,24670.341349529,0
QYLG.US,D,20220404,000000,29.3231,29.6794,29.3231,29.6299,25516.828105902,0
QYLG.US,D,20220405,000000,29.6596,29.6596,29.2835,29.2835,21087.419482159,0
QYLG.US,D,20220406,000000,29.0953,29.0953,28.7813,28.9567,33082.682288762,0
QYLG.US,D,20220407,000000,28.9072,29.0755,28.7092,28.9072,32811.968147106,0
QYLG.US,D,20220408,000000,29.0062,29.0062,28.7043,28.7092,18256.032396104,0
QYLG.US,D,20220411,000000,28.5904,28.5904,28.2241,28.2241,32268.519609005,0
QYLG.US,D,20220412,000000,28.63,28.6994,28.0657,28.1845,16366.084041481,0
QYLG.US,D,20220413,000000,28.2341,28.7092,28.1647,28.64,21203.584132496,0
QYLG.US,D,20220414,000000,28.739,28.739,27.9965,27.9965,14879.176517159,0
QYLG.US,D,20220418,000000,27.7985,28.0657,27.7787,27.9965,31719.010306537,0
QYLG.US,D,20220419,000000,27.8381,28.4024,27.8381,28.3628,17525.710290068,0
QYLG.US,D,20220420,000000,28.4024,28.5089,28.0362,28.0955,103583.51364237,0
QYLG.US,D,20220421,000000,28.2539,28.5119,27.6005,27.6698,35170.615612656,0
QYLG.US,D,20220422,000000,27.6797,27.6797,27.0461,27.0956,39612.145765131,0
QYLG.US,D,20220425,000000,26.9669,27.3926,26.8481,27.3134,29247.228572832,0
QYLG.US,D,20220426,000000,27.155,27.244,26.4323,26.462,52631.677749493,0
QYLG.US,D,20220427,000000,26.4818,26.8283,26.264,26.4252,35474.663958323,0
QYLG.US,D,20220428,000000,26.8679,27.4025,26.5016,27.4025,26089.570338436,0
QYLG.US,D,20220429,000000,27.0065,27.2242,26.0858,26.264,87726.533807581,0
QYLG.US,D,20220502,000000,26.1551,26.5313,25.868,26.5016,32362.461456668,0
QYLG.US,D,20220503,000000,26.5313,26.759,26.4224,26.6402,9234.5846381442,0
QYLG.US,D,20220504,000000,26.6798,27.4223,26.2343,27.4197,31816.992663778,0
QYLG.US,D,20220505,000000,27.1451,27.1451,25.8878,26.2046,51275.076659028,0
QYLG.US,D,20220506,000000,26.0858,26.2978,25.5215,25.878,47941.656258035,0
QYLG.US,D,20220509,000000,25.4027,25.5017,24.7098,24.779,125955.81517,0
QYLG.US,D,20220510,000000,25.6205,25.6205,24.8552,25.2047,29704.816282422,0
QYLG.US,D,20220511,000000,25.1157,25.3433,24.2841,24.4326,57295.4359287,0
QYLG.US,D,20220512,000000,24.1851,24.68,23.8089,24.393,25310.762117477,0
QYLG.US,D,20220513,000000,24.8088,25.3334,24.6108,25.2147,36337.312753004,0
QYLG.US,D,20220516,000000,25.2939,25.2939,24.8187,24.9869,17995.41952839,0
QYLG.US,D,20220517,000000,25.4918,25.6402,25.1949,25.6205,13059.937080132,0
QYLG.US,D,20220518,000000,25.2939,25.2939,24.2445,24.3732,26421.902251142,0
QYLG.US,D,20220519,000000,24.2247,24.6007,24.0562,24.2346,12843.769817765,0
QYLG.US,D,20220520,000000,24.581,24.581,23.4711,24.0663,40059.632200779,0
QYLG.US,D,20220523,000000,24.0267,24.2049,23.7891,24.1724,21268.232285729,0
QYLG.US,D,20220524,000000,23.8881,23.8881,23.4822,23.8583,15251.913525634,0
QYLG.US,D,20220525,000000,23.6703,24.1455,23.6703,24.0465,19347.980109277,0
QYLG.US,D,20220526,000000,23.9871,24.6582,23.9871,24.5807,15538.789705598,0
QYLG.US,D,20220527,000000,24.9077,25.1355,24.8384,25.1355,18710.589723512,0
QYLG.US,D,20220531,000000,25.1355,25.2443,24.8978,25.1057,19282.321828652,0
QYLG.US,D,20220601,000000,25.2345,25.2641,24.8089,24.9969,14523.611674386,0
QYLG.US,D,20220602,000000,24.8582,25.4225,24.8582,25.3731,20792.462283041,0
QYLG.US,D,20220603,000000,25.1255,25.1676,24.9573,25.0365,10902.304966035,0
QYLG.US,D,20220606,000000,25.2741,25.2939,24.9979,25.0463,11900.310831544,0
QYLG.US,D,20220607,000000,24.9473,25.2345,24.8484,25.2345,10254.813306327,0
QYLG.US,D,20220608,000000,25.2147,25.2741,25.0463,25.1355,14918.571485534,0
QYLG.US,D,20220609,000000,24.9969,25.1268,24.7296,24.7394,16650.939966656,0
QYLG.US,D,20220610,000000,24.4524,24.4524,24.096,24.1653,25317.833009237,0
QYLG.US,D,20220613,000000,23.6604,23.6802,23.1456,23.195,36592.874983747,0
QYLG.US,D,20220614,000000,23.4228,23.4228,23.0763,23.2941,16100.420536795,0
QYLG.US,D,20220615,000000,23.4525,24.0365,23.3931,23.7593,12006.37420794,0
QYLG.US,D,20220616,000000,23.1159,23.2789,22.7595,22.9674,26564.330213729,0
QYLG.US,D,20220617,000000,23.0367,23.2743,22.8486,23.2446,9767.9319023031,0
QYLG.US,D,20220621,000000,23.5291,23.7182,23.4893,23.6585,16272.162671211,0
QYLG.US,D,20220622,000000,23.5291,23.8127,23.5291,23.6485,22284.892123257,0
QYLG.US,D,20220623,000000,23.8077,23.9072,23.6286,23.8674,11420.366438341,0
QYLG.US,D,20220624,000000,23.9669,24.3449,23.9669,24.3449,18568.900684906,0
QYLG.US,D,20220627,000000,24.4942,24.4942,24.2455,24.3151,21248.595890382,0
QYLG.US,D,20220628,000000,24.3648,24.4245,23.7878,23.8574,25277.184931472,0
QYLG.US,D,20220629,000000,23.8773,23.9159,23.6983,23.8873,14239.775684912,0
QYLG.US,D,20220630,000000,23.7182,23.8176,23.4147,23.8176,12399.369862997,0
QYLG.US,D,20220701,000000,23.6485,23.8077,23.5093,23.758,36005.011986252,0
QYLG.US,D,20220705,000000,23.5689,24.0763,23.5391,24.0763,27533.717465716,0
QYLG.US,D,20220706,000000,24.0763,24.2652,24.0166,24.1261,31000.434931465,0
QYLG.US,D,20220707,000000,24.1559,24.5101,24.1559,24.4743,24925.386986267,0
QYLG.US,D,20220708,000000,24.3748,24.5728,24.3648,24.5141,15122.285958883,0
QYLG.US,D,20220711,000000,24.4245,24.4245,24.1659,24.2455,10771.047945191,0
QYLG.US,D,20220712,000000,24.2653,24.3051,24.0067,24.0465,11049.470890396,0
QYLG.US,D,20220713,000000,23.8276,24.1758,23.748,24.0962,13955.321917789,0
QYLG.US,D,20220714,000000,23.9171,24.1559,23.8176,24.0863,10755.970890396,0
QYLG.US,D,20220715,000000,24.3947,24.5738,24.2554,24.5738,40645.729451999,0
QYLG.US,D,20220718,000000,24.6434,24.6832,24.1957,24.2952,35811.020547896,0
QYLG.US,D,20220719,000000,24.534,24.7727,24.4046,24.7628,8524.5667808103,0
QYLG.US,D,20220720,000000,24.7628,25.1607,24.7628,25.0513,151475.1489724,0
QYLG.US,D,20220721,000000,25.1309,25.3199,24.9926,25.3199,67939.21917799,0
QYLG.US,D,20220722,000000,25.3199,25.3199,24.9717,25.0812,13961.352739707,0
QYLG.US,D,20220725,000000,25.1011,25.111,24.8623,24.9539,26334.58904106,0
QYLG.US,D,20220726,000000,24.912,24.912,24.5837,24.6434,68580.496575249,0
QYLG.US,D,20220727,000000,24.8722,25.3697,24.8722,25.3,18375.914383537,0
QYLG.US,D,20220728,000000,25.3697,25.5387,25.1409,25.509,18862.400684906,0
QYLG.US,D,20220729,000000,25.5886,25.8174,25.509,25.7577,24983.684931473,0
QYLG.US,D,20220801,000000,25.7179,25.9169,25.6184,25.7776,44693.416095829,0
QYLG.US,D,20220802,000000,25.6283,25.9169,25.6184,25.7477,22594.474315038,0
QYLG.US,D,20220803,000000,25.8472,26.1646,25.8472,26.1357,45651.311643773,0
QYLG.US,D,20220804,000000,26.1755,26.1755,26.0064,26.1755,11738.994862998,0
QYLG.US,D,20220805,000000,25.9666,26.2054,25.8771,26.1158,32323.195205435,0
QYLG.US,D,20220808,000000,26.1158,26.3248,25.9762,26.076,18596.039383536,0
QYLG.US,D,20220809,000000,25.9965,25.9965,25.8331,25.9069,17593.917808195,0
QYLG.US,D,20220810,000000,26.275,26.3148,26.1259,26.275,34804.87842461,0
QYLG.US,D,20220811,000000,26.4243,26.4641,26.2153,26.2352,34005.794520502,0
QYLG.US,D,20220812,000000,26.2352,26.5237,26.2352,26.5138,110245.43493136,0
QYLG.US,D,20220815,000000,26.484,26.6431,26.4443,26.6232,19713.751712302,0
QYLG.US,D,20220816,000000,26.5934,26.6039,26.4143,26.5934,54409.070205405,0
QYLG.US,D,20220817,000000,26.484,26.484,26.3248,26.4243,25896.349315033,0
QYLG.US,D,20220818,000000,26.4442,26.4939,26.3149,26.4641,16341.517123265,0
QYLG.US,D,20220819,000000,26.1954,26.1954,25.8671,25.9467,116452.15582176,0
QYLG.US,D,20220822,000000,25.6681,25.6681,25.1707,25.2503,103885.93321904,0
QYLG.US,D,20220823,000000,25.2801,25.4045,25.1708,25.2801,26407.96404106,0
QYLG.US,D,20220824,000000,25.2503,25.4393,25.2123,25.3398,15223.8047945,0
QYLG.US,D,20220825,000000,25.4692,25.6681,25.4393,25.6681,9861.3989725893,0
QYLG.US,D,20220826,000000,25.5985,25.6681,24.8225,24.8225,25113.347602705,0
QYLG.US,D,20220829,000000,24.6335,24.7628,24.4843,24.6082,31929.181506806,0
QYLG.US,D,20220830,000000,24.713,24.723,24.136,24.3097,48892.878424591,0
QYLG.US,D,20220831,000000,24.4942,24.5539,24.1957,24.1957,23545.333904077,0
QYLG.US,D,20220901,000000,24.0266,24.1957,23.7281,24.1559,36864.404109539,0
QYLG.US,D,20220902,000000,24.4842,24.5141,23.7779,23.8574,11507.813356149,0
QYLG.US,D,20220906,000000,23.9569,23.9569,23.5789,23.6883,20941.023972574,0
QYLG.US,D,20220907,000000,23.8381,24.2106,23.7679,24.2057,13737.207191762,0
QYLG.US,D,20220908,000000,24.0365,24.3847,23.9967,24.2753,18569.905821892,0
QYLG.US,D,20220909,000000,24.524,24.8712,24.4743,24.8324,24515.291095857,0
QYLG.US,D,20220912,000000,24.922,25.1607,24.8822,25.0911,22631.664383531,0
QYLG.US,D,20220913,000000,24.4643,24.4823,23.7381,23.7381,46502.662671169,0
QYLG.US,D,20220914,000000,23.9072,23.9868,23.7846,23.9171,53265.224314996,0
QYLG.US,D,20220915,000000,23.8375,23.9569,23.4467,23.5291,14143.282534227,0
QYLG.US,D,20220916,000000,23.3401,23.3889,23.1511,23.36,16352.573630115,0
QYLG.US,D,20220919,000000,23.24,23.535,23.1701,23.47,22660,0
QYLG.US,D,20220920,000000,23.4,23.5199,23.24,23.36,33254,0
QYLG.US,D,20220921,000000,23.37,23.57,23.07,23.07,15970,0
QYLG.US,D,20220922,000000,23.02,23.02,22.8,22.89,74121,0
QYLG.US,D,20220923,000000,22.65,22.66,22.32,22.53,33170,0
QYLG.US,D,20220926,000000,22.56,22.83,22.43,22.51,21557,0
QYLG.US,D,20220927,000000,22.77,22.82,22.34,22.49,17953,0
QYLG.US,D,20220928,000000,22.549,22.96,22.42,22.8981,13168,0
QYLG.US,D,20220929,000000,22.65,22.65,22.09,22.32,22251,0
QYLG.US,D,20220930,000000,22.31,22.589,22.025,22.03,27314,0
QYLG.US,D,20221003,000000,22.16,22.58,22.04,22.51,11028,0
QYLG.US,D,20221004,000000,22.94,23.14,22.94,23.06,25522,0
QYLG.US,D,20221005,000000,22.92,23.155,22.652,23.07,37046,0
QYLG.US,D,20221006,000000,23.155,23.2291,22.9,22.94,19420,0
QYLG.US,D,20221007,000000,22.64,22.64,22.16,22.18,60367,0
QYLG.US,D,20221010,000000,22.25,22.25,21.8099,21.99,18896,0
QYLG.US,D,20221011,000000,21.751,22.09,21.6353,21.68,15420,0
QYLG.US,D,20221012,000000,21.8,21.82,21.6508,21.73,6085,0
QYLG.US,D,20221013,000000,21.15,22.25,21.055,22.15,14997,0
QYLG.US,D,20221014,000000,22.33,22.33,21.58,21.58,34961,0
QYLG.US,D,20221017,000000,21.99,22.3,21.99,22.27,13955,0
QYLG.US,D,20221018,000000,22.88,22.88,22.3667,22.41,6103,0
QYLG.US,D,20221019,000000,22.34,22.6399,22.25,22.39,15148,0
QYLG.US,D,20221020,000000,22.33,22.72,22.19,22.2585,15511,0
QYLG.US,D,20221021,000000,22.2,22.74,22.0944,22.66,8821,0
QYLG.US,D,20221024,000000,22.66,22.78,22.5,22.76,19456,0
QYLG.US,D,20221025,000000,22.86,23.1,22.8,23.0569,10915,0
QYLG.US,D,20221026,000000,22.81,23.01,22.7,22.78,16469,0
QYLG.US,D,20221027,000000,22.75,22.75,22.43,22.47,14424,0
QYLG.US,D,20221028,000000,22.49,22.99,22.38,22.99,21589,0
QYLG.US,D,20221031,000000,22.89,22.89,22.7001,22.84,5875,0
QYLG.US,D,20221101,000000,23.05,23.05,22.62,22.67,48033,0
QYLG.US,D,20221102,000000,22.689,22.71,22.12,22.12,22601,0
QYLG.US,D,20221103,000000,21.94,22,21.7533,21.7533,53557,0
QYLG.US,D,20221104,000000,22.1,22.13,21.68,22.09,18963,0
QYLG.US,D,20221107,000000,22.18,22.3,22.01,22.3,11200,0
QYLG.US,D,20221108,000000,22.42,22.61,22.28,22.42,10941,0
QYLG.US,D,20221109,000000,22.32,22.32,22,22.03,9436,0
QYLG.US,D,20221110,000000,22.77,23.13,22.75,23.12,14181,0
QYLG.US,D,20221111,000000,23.21,23.47,23.11,23.46,132247,0
QYLG.US,D,20221114,000000,23.41,23.5,23.2999,23.33,19479,0
QYLG.US,D,20221115,000000,23.53,23.62,23.435,23.49,26592,0
QYLG.US,D,20221116,000000,23.375,23.375,23.25,23.34,6469,0
QYLG.US,D,20221117,000000,23.16,23.34,23.157,23.27,12099,0
QYLG.US,D,20221118,000000,23.52,23.52,23.16,23.26,15714,0
QYLG.US,D,20221121,000000,23.16,23.16,23,23.04,5620,0
QYLG.US,D,20221122,000000,22.9536,23.26,22.9536,23.24,5212,0
QYLG.US,D,20221123,000000,23.24,23.5,23.24,23.4487,30222,0
QYLG.US,D,20221125,000000,23.34,23.44,23.34,23.38,11367,0
QYLG.US,D,20221128,000000,23.19,23.36,23.03,23.08,13843,0
QYLG.US,D,20221129,000000,23.17,23.17,22.9001,22.96,7531,0
QYLG.US,D,20221130,000000,23.05,23.75,22.986,23.75,21543,0
QYLG.US,D,20221201,000000,23.75,23.88,23.649,23.77,53335,0
QYLG.US,D,20221202,000000,23.55,23.8,23.5164,23.76,14613,0
QYLG.US,D,20221205,000000,23.65,23.65,23.4001,23.5,13557,0
QYLG.US,D,20221206,000000,23.5,23.5,23,23.13,10500,0
QYLG.US,D,20221207,000000,23.07,23.122,22.9,23.05,9151,0
QYLG.US,D,20221208,000000,23.17,23.29,23.07,23.29,8529,0
QYLG.US,D,20221209,000000,23.25,23.34,23.11,23.17,7031,0
QYLG.US,D,20221212,000000,23.17,23.31,23.095,23.31,7935,0
QYLG.US,D,20221213,000000,23.94,23.98,23.4653,23.56,17439,0
QYLG.US,D,20221214,000000,23.62,23.7599,23.4,23.59,8332,0
QYLG.US,D,20221215,000000,23.26,23.3001,22.835,22.87,21778,0
QYLG.US,D,20221216,000000,22.87,22.87,22.56,22.71,18771,0
QYLG.US,D,20221219,000000,22.7,22.7,22.36,22.41,32569,0
QYLG.US,D,20221220,000000,22.4,22.53,22.3,22.47,23945,0
QYLG.US,D,20221221,000000,22.57,22.77,22.52,22.73,23328,0
QYLG.US,D,20221222,000000,22.56,22.56,21.96,22.31,18511,0
QYLG.US,D,20221223,000000,22.23,22.34,22.03,22.3103,7226,0
QYLG.US,D,20221227,000000,22.24,22.24,22.01,22.1,16632,0
QYLG.US,D,20221228,000000,22.07,22.2,21.8134,21.84,17701,0
QYLG.US,D,20221229,000000,21.87,22.25,21.87,22.13,18116,0
QYLG.US,D,20221230,000000,21.91,22.165,21.91,22.12,36072,0
QYLG.US,D,20230103,000000,22.3,22.381,21.905,22.09,44646,0
QYLG.US,D,20230104,000000,22.24,22.27,21.9101,22.1197,12555,0
QYLG.US,D,20230105,000000,22.07,22.07,21.8657,21.9,11613,0
QYLG.US,D,20230106,000000,21.94,22.4685,21.77,22.35,18355,0
QYLG.US,D,20230109,000000,22.57,22.83,22.53,22.53,30707,0
QYLG.US,D,20230110,000000,22.49,22.71,22.4337,22.69,39455,0
QYLG.US,D,20230111,000000,22.78,22.97,22.7,22.97,34267,0
QYLG.US,D,20230112,000000,23.07,23.14,22.78,23.13,12926,0
QYLG.US,D,20230113,000000,23.02,23.28,22.96,23.28,7201,0
QYLG.US,D,20230117,000000,23.17,23.34,23.17,23.23,18797,0
QYLG.US,D,20230118,000000,23.34,23.38,23.13,23.13,17564,0
QYLG.US,D,20230119,000000,23.06,23.1099,22.9,23.01,8761,0
QYLG.US,D,20230120,000000,23.12,23.46,22.95,23.45,6999,0
QYLG.US,D,20230123,000000,23.36,23.76,23.36,23.68,16998,0
QYLG.US,D,20230124,000000,23.57,23.72,23.57,23.6784,6345,0
QYLG.US,D,20230125,000000,23.4499,23.6326,23.29,23.6326,7376,0
QYLG.US,D,20230126,000000,23.86,23.9276,23.6901,23.9276,5878,0
QYLG.US,D,20230127,000000,23.85,24.165,23.85,24.11,14093,0
QYLG.US,D,20230130,000000,23.97,24,23.76,23.81,47363,0
QYLG.US,D,20230131,000000,23.83,24.05,23.8025,24.05,33441,0
QYLG.US,D,20230201,000000,24.05,24.44,23.94,24.33,26147,0
QYLG.US,D,20230202,000000,24.74,24.84,24.57,24.82,23517,0
QYLG.US,D,20230203,000000,24.55,24.865,24.55,24.61,26336,0
QYLG.US,D,20230206,000000,24.44,24.55,24.44,24.49,8367,0
QYLG.US,D,20230207,000000,24.47,24.78,24.42,24.78,6557,0
QYLG.US,D,20230208,000000,24.74,24.74,24.5,24.54,11096,0
QYLG.US,D,20230209,000000,24.75,24.75,24.35,24.37,14749,0
QYLG.US,D,20230210,000000,24.34,24.3531,24.16,24.34,10676,0
QYLG.US,D,20230213,000000,24.42,24.56,24.385,24.52,13898,0
QYLG.US,D,20230214,000000,24.39,24.66,24.39,24.58,11743,0
QYLG.US,D,20230215,000000,24.52,24.72,24.52,24.72,6061,0
QYLG.US,D,20230216,000000,24.57,24.71,24.4,24.43,23396,0
QYLG.US,D,20230217,000000,24.23,24.23,23.9801,24.155,27682,0
QYLG.US,D,20230221,000000,23.94,23.94,23.62,23.65,7952,0
QYLG.US,D,20230222,000000,23.59,23.7199,23.51,23.6,14679,0
QYLG.US,D,20230223,000000,23.85,23.85,23.55,23.82,13810,0
QYLG.US,D,20230224,000000,23.53,23.53,23.37,23.53,14080,0
QYLG.US,D,20230227,000000,23.66,23.815,23.62,23.62,27118,0
QYLG.US,D,20230228,000000,23.66,23.8,23.6001,23.66,3524,0
QYLG.US,D,20230301,000000,23.71,23.71,23.48,23.51,5434,0
QYLG.US,D,20230302,000000,23.34,23.63,23.34,23.63,8323,0
QYLG.US,D,20230303,000000,23.82,24.09,23.78,24.09,21268,0
QYLG.US,D,20230306,000000,24.1,24.2891,24.05,24.05,23888,0
QYLG.US,D,20230307,000000,24.02,24.1,23.82,23.83,19419,0
QYLG.US,D,20230308,000000,23.889,24.03,23.8201,23.9672,15458,0
QYLG.US,D,20230309,000000,24.01,24.16,23.65,23.65,17011,0
QYLG.US,D,20230310,000000,23.7,23.71,23.3,23.37,9728,0
QYLG.US,D,20230313,000000,23.11,23.74,23.04,23.47,17364,0
QYLG.US,D,20230314,000000,23.84,24.05,23.7883,24.05,6920,0
QYLG.US,D,20230315,000000,23.99,24.17,23.75,24.17,11349,0
QYLG.US,D,20230316,000000,24.26,24.619,24.12,24.6,41019,0
QYLG.US,D,20230317,000000,24.57,24.75,24.34,24.41,13975,0
QYLG.US,D,20230320,000000,24.2,24.44,24.2,24.38,22827,0
QYLG.US,D,20230321,000000,24.37,24.73,24.37,24.64,14571,0
QYLG.US,D,20230322,000000,24.73,24.9,24.4,24.47,14421,0
QYLG.US,D,20230323,000000,24.75,24.88,24.615,24.69,8778,0
QYLG.US,D,20230324,000000,24.68,24.77,24.53,24.77,11807,0
QYLG.US,D,20230327,000000,24.84,24.87,24.605,24.67,14073,0
QYLG.US,D,20230328,000000,24.55,24.6,24.46,24.6,13501,0
QYLG.US,D,20230329,000000,24.75,24.95,24.75,24.86,14848,0
QYLG.US,D,20230330,000000,24.99,25.07,24.955,25.035,11499,0
QYLG.US,D,20230331,000000,25.24,25.33,25.06,25.33,16356,0
QYLG.US,D,20230403,000000,25.25,25.3,25.11,25.25,21163,0
QYLG.US,D,20230404,000000,25.36,25.36,25.1745,25.26,16868,0
QYLG.US,D,20230405,000000,25.22,25.22,25.0301,25.13,14032,0
QYLG.US,D,20230406,000000,25.07,25.26,24.9581,25.25,15813,0
QYLG.US,D,20230410,000000,25.04,25.22,24.98,25.17,17118,0
QYLG.US,D,20230411,000000,25.15,25.1999,25.08,25.1,9238,0
QYLG.US,D,20230412,000000,25.15,25.25,24.9701,25,26825,0
QYLG.US,D,20230413,000000,25.18,25.34,25.145,25.32,51170,0
QYLG.US,D,20230414,000000,25.29,25.35,25.16,25.32,32456,0
QYLG.US,D,20230417,000000,25.29,25.339,25.1501,25.26,14321,0
QYLG.US,D,20230418,000000,25.44,25.44,25.25,25.35,36776,0
QYLG.US,D,20230419,000000,25.15,25.36,25.15,25.26,17981,0
QYLG.US,D,20230420,000000,25.23,25.32,25.19,25.2102,18523,0
QYLG.US,D,20230421,000000,25.2,25.255,25.09,25.213,6898,0
QYLG.US,D,20230424,000000,25.11,25.11,24.95,25.09,8471,0
QYLG.US,D,20230425,000000,25,25,24.72,24.72,24536,0
QYLG.US,D,20230426,000000,24.95,25.0099,24.78,24.83,23417,0
QYLG.US,D,20230427,000000,25.04,25.38,25,25.31,38395,0
QYLG.US,D,20230428,000000,25.37,25.49,25.2801,25.49,20842,0
QYLG.US,D,20230501,000000,25.39,25.54,25.39,25.43,59041,0
QYLG.US,D,20230502,000000,25.42,25.47,25.2022,25.305,18612,0
QYLG.US,D,20230503,000000,25.22,25.4,25.16,25.17,14134,0
QYLG.US,D,20230504,000000,25.2,25.28,25.1218,25.18,29464,0
QYLG.US,D,20230505,000000,25.3,25.5497,25.3,25.51,7971,0
QYLG.US,D,20230508,000000,25.46,25.6,25.46,25.57,8812,0
QYLG.US,D,20230509,000000,25.57,25.57,25.5,25.53,3988,0
QYLG.US,D,20230510,000000,25.65,25.69,25.565,25.64,8505,0
QYLG.US,D,20230511,000000,25.76,25.77,25.6109,25.755,14465,0
QYLG.US,D,20230512,000000,25.77,25.77,25.5901,25.72,13041,0
QYLG.US,D,20230515,000000,25.66,25.785,25.66,25.74,10053,0
QYLG.US,D,20230516,000000,25.69,25.9,25.69,25.83,16382,0
QYLG.US,D,20230517,000000,25.81,25.98,25.7801,25.9,29542,0
QYLG.US,D,20230518,000000,25.92,26.23,25.92,26.23,45744,0
QYLG.US,D,20230519,000000,26.3,26.32,26.1301,26.25,16292,0
QYLG.US,D,20230522,000000,26.05,26.23,26.05,26.12,13534,0
QYLG.US,D,20230523,000000,26,26.15,25.9107,25.94,23065,0
QYLG.US,D,20230524,000000,25.82,25.89,25.67,25.79,14937,0
QYLG.US,D,20230525,000000,26.16,26.35,26.135,26.26,19936,0
QYLG.US,D,20230526,000000,26.3,26.75,26.3,26.66,30761,0
QYLG.US,D,20230530,000000,26.96,26.98,26.7003,26.82,17667,0
QYLG.US,D,20230531,000000,26.77,26.8,26.6075,26.73,28033,0
QYLG.US,D,20230601,000000,26.76,27,26.7067,26.95,24740,0
QYLG.US,D,20230602,000000,27,27.08,26.9,27.01,19563,0
QYLG.US,D,20230605,000000,27,27.16,27,27.04,30464,0
QYLG.US,D,20230606,000000,27.03,27.11,27,27.1,9267,0
QYLG.US,D,20230607,000000,27.19,27.2,26.78,26.8,44220,0
QYLG.US,D,20230608,000000,26.9,27.0499,26.9,26.99,5366,0
QYLG.US,D,20230609,000000,27.085,27.199,27,27.02,8543,0
QYLG.US,D,20230612,000000,27.16,27.35,27.125,27.35,11076,0
QYLG.US,D,20230613,000000,27.43,27.45,27.3,27.38,19097,0
QYLG.US,D,20230614,000000,27.36,27.51,27.32,27.49,19242,0
QYLG.US,D,20230615,000000,27.48,27.8299,27.48,27.75,45272,0
QYLG.US,D,20230616,000000,27.98,27.98,27.63,27.63,20273,0
QYLG.US,D,20230620,000000,27.43,27.5,27.26,27.46,14056,0
QYLG.US,D,20230621,000000,27.43,27.43,27.1065,27.14,15485,0
QYLG.US,D,20230622,000000,27.14,27.43,27.07,27.38,181837,0
QYLG.US,D,20230623,000000,27.12,27.36,27.1,27.15,18837,0
QYLG.US,D,20230626,000000,27.33,27.365,26.9,26.9,10992,0
QYLG.US,D,20230627,000000,27.07,27.36,26.97,27.33,12370,0
QYLG.US,D,20230628,000000,27.12,27.46,27.12,27.3,21255,0
QYLG.US,D,20230629,000000,27.27,27.36,27.24,27.27,14637,0
QYLG.US,D,20230630,000000,27.47,27.7,27.47,27.65,24482,0
QYLG.US,D,20230703,000000,27.65,27.7,27.6001,27.67,8423,0
QYLG.US,D,20230705,000000,27.56,27.77,27.56,27.7,10667,0
QYLG.US,D,20230706,000000,27.56,27.59,27.4,27.57,14964,0
QYLG.US,D,20230707,000000,27.94,27.94,27.53,27.54,32025,0
QYLG.US,D,20230710,000000,27.55,27.58,27.3644,27.57,20754,0
QYLG.US,D,20230711,000000,27.61,27.67,27.45,27.67,35934,0
QYLG.US,D,20230712,000000,27.94,27.9987,27.8,27.95,53479,0
QYLG.US,D,20230713,000000,28.02,28.25,27.965,28.25,22293,0
QYLG.US,D,20230714,000000,28.18,28.36,28.17,28.26,20808,0
QYLG.US,D,20230717,000000,28.2,28.42,28.2,28.37,35991,0
QYLG.US,D,20230718,000000,28.41,28.58,28.25,28.54,39047,0
QYLG.US,D,20230719,000000,28.6,28.62,28.44,28.53,28467,0
QYLG.US,D,20230720,000000,28.44,28.47,28.11,28.17,19676,0
QYLG.US,D,20230721,000000,28.24,28.365,28.03,28.11,14174,0
QYLG.US,D,20230724,000000,28.06,28.1,27.9,27.99,24086,0
QYLG.US,D,20230725,000000,27.96,28.24,27.96,28.17,37407,0
QYLG.US,D,20230726,000000,28.15,28.15,27.9598,28.11,21484,0
QYLG.US,D,20230727,000000,28.42,28.42,27.99,28.06,15424,0
QYLG.US,D,20230728,000000,28.2,28.475,28.2,28.44,12687,0
QYLG.US,D,20230731,000000,28.48,28.48,28.37,28.45,39674,0
QYLG.US,D,20230801,000000,28.44,28.4499,28.27,28.42,19227,0
QYLG.US,D,20230802,000000,28.23,28.23,27.88,27.96,21910,0
QYLG.US,D,20230803,000000,27.85,28.01,27.8396,27.93,49681,0
QYLG.US,D,20230804,000000,28.08,28.19,27.82,27.85,24600,0
QYLG.US,D,20230807,000000,27.87,28.07,27.82,28.07,16812,0
QYLG.US,D,20230808,000000,27.81,27.87,27.63,27.87,15832,0
QYLG.US,D,20230809,000000,27.87,27.87,27.5001,27.61,16253,0
QYLG.US,D,20230810,000000,27.72,28,27.64,27.67,218293,0
QYLG.US,D,20230811,000000,27.51,27.59,27.362,27.47,26507,0
QYLG.US,D,20230814,000000,27.47,27.77,27.41,27.77,18048,0
QYLG.US,D,20230815,000000,27.71,27.71,27.47,27.54,6801,0
QYLG.US,D,20230816,000000,27.53,27.55,27.21,27.25,14289,0
QYLG.US,D,20230817,000000,27.235,27.28,26.87,26.92,15583,0
QYLG.US,D,20230818,000000,26.61,26.91,26.59,26.85,11924,0
QYLG.US,D,20230821,000000,26.86,27.11,26.81,27.09,11536,0
QYLG.US,D,20230822,000000,27.11,27.15,26.97,27,16433,0
QYLG.US,D,20230823,000000,27.02,27.37,27.02,27.28,239282,0
QYLG.US,D,20230824,000000,27.41,27.43,26.97,26.97,110599,0
QYLG.US,D,20230825,000000,27.03,27.16,26.86,27.14,14954,0
QYLG.US,D,20230828,000000,27.24,27.3,26.86,27.2,30779,0
QYLG.US,D,20230829,000000,27.29,27.62,27.2599,27.62,26855,0
QYLG.US,D,20230830,000000,27.62,27.7499,27.5701,27.72,10265,0
QYLG.US,D,20230831,000000,27.66,27.83,27.66,27.75,16306,0
QYLG.US,D,20230901,000000,27.91,27.91,27.71,27.77,40506,0
QYLG.US,D,20230905,000000,27.77,27.83,27.7205,27.81,15827,0
QYLG.US,D,20230906,000000,27.79,27.79,27.56,27.68,29589,0
QYLG.US,D,20230907,000000,27.5,27.6,27.3801,27.55,13121,0
QYLG.US,D,20230908,000000,27.6,27.631,27.52,27.52,9804,0
QYLG.US,D,20230911,000000,27.61,27.77,27.57,27.7,33552,0
QYLG.US,D,20230912,000000,27.71,27.7499,27.52,27.62,35818,0
QYLG.US,D,20230913,000000,27.64,27.73,27.53,27.68,18480,0
QYLG.US,D,20230914,000000,27.77,27.8499,27.6701,27.82,146707,0
QYLG.US,D,20230915,000000,27.4201,27.5,27.24,27.25,13103,0
QYLG.US,D,20230918,000000,27.16,27.2392,27.1,27.22,12604,0
QYLG.US,D,20230919,000000,27.16,27.1996,27.015,27.15,28020,0
QYLG.US,D,20230920,000000,27.12,27.15,26.8,26.8,12812,0
QYLG.US,D,20230921,000000,26.58,26.68,26.4,26.4,21033,0
QYLG.US,D,20230922,000000,26.48,26.725,26.46,26.47,21732,0
QYLG.US,D,20230925,000000,26.42,26.59,26.328,26.59,17248,0
QYLG.US,D,20230926,000000,26.44,26.44,26.14,26.15,31516,0
QYLG.US,D,20230927,000000,26.28,26.36,26.015,26.23,26255,0
QYLG.US,D,20230928,000000,26.3,26.58,26.21,26.5,11470,0
QYLG.US,D,20230929,000000,26.64,26.79,26.4,26.45,10710,0
QYLG.US,D,20231002,000000,26.44,26.74,26.44,26.65,38451,0
QYLG.US,D,20231003,000000,26.58,26.6,26.13,26.26,16013,0
QYLG.US,D,20231004,000000,26.26,26.67,26.26,26.64,29002,0
QYLG.US,D,20231005,000000,26.64,26.64,26.31,26.57,23532,0
QYLG.US,D,20231006,000000,26.32,27.02,26.32,26.95,45485,0
QYLG.US,D,20231009,000000,26.8275,27.1191,26.76,27.03,25392,0
QYLG.US,D,20231010,000000,27.04,27.37,27.04,27.15,17835,0
QYLG.US,D,20231011,000000,27.21,27.4,27.21,27.4,123239,0
QYLG.US,D,20231012,000000,27.41,27.5,27.15,27.29,23220,0
QYLG.US,D,20231013,000000,27.3112,27.35,26.956,26.98,24810,0
QYLG.US,D,20231016,000000,26.93,27.3799,26.93,27.295,85745,0
QYLG.US,D,20231017,000000,27.01,27.2934,26.96,27.2,14411,0
QYLG.US,D,20231018,000000,27.13,27.1799,26.89,26.95,22474,0
QYLG.US,D,20231019,000000,26.99,27.05,26.63,26.63,12469,0
QYLG.US,D,20231020,000000,26.61,26.61,26.3,26.3,20841,0
QYLG.US,D,20231023,000000,26.04,26.4,26,26.21,17233,0
QYLG.US,D,20231024,000000,26.41,26.5,26.2988,26.41,7910,0
QYLG.US,D,20231025,000000,26.39,26.39,25.9026,26.01,11094,0
QYLG.US,D,20231026,000000,25.87,25.91,25.5,25.54,20489,0
QYLG.US,D,20231027,000000,25.7,25.91,25.5925,25.73,15838,0
QYLG.US,D,20231030,000000,25.9,26.02,25.8,25.97,10241,0
QYLG.US,D,20231031,000000,25.89,26.18,25.79,26.04,21327,0
QYLG.US,D,20231101,000000,26.16,26.5,26.15,26.47,12024,0
QYLG.US,D,20231102,000000,26.72,26.88,26.61,26.82,101225,0
QYLG.US,D,20231103,000000,26.88,27.04,26.85,26.96,34069,0
QYLG.US,D,20231106,000000,26.95,27.09,26.95,27,17931,0
QYLG.US,D,20231107,000000,27.03,27.26,27.03,27.23,16746,0
QYLG.US,D,20231108,000000,27.27,27.27,27.13,27.25,44517,0
QYLG.US,D,20231109,000000,27.2,27.31,27.1299,27.14,8442,0
QYLG.US,D,20231110,000000,27.22,27.4591,27.18,27.4,16659,0
QYLG.US,D,20231113,000000,27.33,27.47,27.33,27.44,19990,0
QYLG.US,D,20231114,000000,27.65,27.75,27.57,27.68,36209,0
QYLG.US,D,20231115,000000,27.74,27.7899,27.67,27.69,22942,0
QYLG.US,D,20231116,000000,27.65,27.8,27.65,27.8,13441,0
QYLG.US,D,20231117,000000,27.77,27.8,27.6355,27.7575,11222,0
QYLG.US,D,20231120,000000,27.7,27.93,27.59,27.92,20078,0
QYLG.US,D,20231121,000000,27.74,27.83,27.64,27.72,25251,0
QYLG.US,D,20231122,000000,27.83,27.99,27.79,27.8718,23937,0
QYLG.US,D,20231124,000000,27.91,27.91,27.78,27.88,8977,0
QYLG.US,D,20231127,000000,27.77,27.94,27.77,27.82,17824,0
QYLG.US,D,20231128,000000,27.81,27.95,27.685,27.89,32808,0
QYLG.US,D,20231129,000000,28,28.07,27.87,27.93,48470,0
QYLG.US,D,20231130,000000,27.9117,27.9117,27.66,27.8,25202,0
QYLG.US,D,20231201,000000,27.69,27.95,27.68,27.95,17158,0
QYLG.US,D,20231204,000000,27.78,27.78,27.58,27.77,22397,0
QYLG.US,D,20231205,000000,27.58,27.86,27.58,27.75,17298,0
QYLG.US,D,20231206,000000,27.97,27.97,27.66,27.72,14123,0
QYLG.US,D,20231207,000000,27.78,28.02,27.77,27.98,37425,0
QYLG.US,D,20231208,000000,27.94,28.07,27.94,28.05,14924,0
QYLG.US,D,20231211,000000,27.98,28.1899,27.98,28.16,24034,0
QYLG.US,D,20231212,000000,28.2,28.33,28.18,28.33,14286,0
QYLG.US,D,20231213,000000,28.31,28.57,28.31,28.48,22628,0
QYLG.US,D,20231214,000000,28.51,28.58,28.34,28.42,193116,0
QYLG.US,D,20231215,000000,28.5,28.77,28.5,28.7,17365,0
QYLG.US,D,20231218,000000,28.63,28.87,28.63,28.77,34278,0
QYLG.US,D,20231219,000000,28.79,28.98,28.79,28.97,28251,0
QYLG.US,D,20231220,000000,28.82,29,28.66,28.66,230490,0
QYLG.US,D,20231221,000000,28.8688,28.89,28.73,28.89,9184,0
QYLG.US,D,20231222,000000,28.96,28.9889,28.86,28.93,15207,0
QYLG.US,D,20231226,000000,28.99,29.09,28.9206,29.06,27288,0
QYLG.US,D,20231227,000000,29.09,29.12,29.03,29.06,23445,0
QYLG.US,D,20231228,000000,29.01,29.019,28.9101,28.95,14712,0
QYLG.US,D,20231229,000000,28.99,28.99,28.73,28.91,39584,0
QYLG.US,D,20240102,000000,28.63,28.63,28.38,28.48,30214,0
QYLG.US,D,20240103,000000,28.31,28.43,28.23,28.25,37140,0
QYLG.US,D,20240104,000000,28.23,28.4,28.12,28.21,28117,0
QYLG.US,D,20240105,000000,28.15,28.3999,28.14,28.26,16577,0
QYLG.US,D,20240108,000000,28.24,28.74,28.2308,28.66,13732,0
QYLG.US,D,20240109,000000,28.49,28.79,28.49,28.71,17894,0
QYLG.US,D,20240110,000000,28.83,28.96,28.76,28.93,64274,0
QYLG.US,D,20240111,000000,28.93,28.99,28.75,28.99,20703,0
QYLG.US,D,20240112,000000,29,29.0324,28.9288,28.98,19639,0
QYLG.US,D,20240116,000000,28.99,29.0489,28.9,29.02,14668,0
QYLG.US,D,20240117,000000,28.9,28.96,28.74,28.95,26168,0
QYLG.US,D,20240118,000000,29.01,29.22,29.01,29.16,12227,0
QYLG.US,D,20240119,000000,29.37,29.69,29.27,29.69,27805,0
QYLG.US,D,20240122,000000,29.65,29.65,29.49,29.56,22395,0
QYLG.US,D,20240123,000000,29.56,29.5999,29.5,29.58,21317,0
QYLG.US,D,20240124,000000,29.79,29.9499,29.71,29.72,20130,0
QYLG.US,D,20240125,000000,29.86,29.87,29.69,29.75,13877,0
QYLG.US,D,20240126,000000,29.75,29.78,29.6,29.7,23068,0
QYLG.US,D,20240129,000000,29.74,29.91,29.67,29.91,26320,0
QYLG.US,D,20240130,000000,29.88,29.88,29.69,29.77,24558,0
QYLG.US,D,20240131,000000,29.57,29.6499,29.365,29.39,17047,0
QYLG.US,D,20240201,000000,29.42,29.66,29.39,29.57,22626,0
QYLG.US,D,20240202,000000,29.72,30,29.72,29.98,24449,0
QYLG.US,D,20240205,000000,29.96,30,29.77,29.96,17245,0
QYLG.US,D,20240206,000000,30,30,29.8,29.84,11566,0
QYLG.US,D,20240207,000000,30.06,30.1299,29.9301,30.11,25762,0
QYLG.US,D,20240208,000000,30.09,30.17,30.01,30.1,16448,0
QYLG.US,D,20240209,000000,30.09,30.32,30.09,30.22,16479,0
QYLG.US,D,20240212,000000,30.31,30.35,30.17,30.21,17659,0
QYLG.US,D,20240213,000000,30.03,30.03,29.855,29.91,19960,0
QYLG.US,D,20240214,000000,30.13,30.18,30,30.09,29849,0
QYLG.US,D,20240215,000000,30.11,30.2386,30.0801,30.18,13538,0
QYLG.US,D,20240216,000000,30.19,30.27,29.95,29.95,21751,0
QYLG.US,D,20240220,000000,29.63,29.77,29.47,29.65,42508,0
QYLG.US,D,20240221,000000,29.55,29.6,29.31,29.6,9921,0
QYLG.US,D,20240222,000000,30.09,30.29,29.9514,30.27,22747,0
QYLG.US,D,20240223,000000,30.32,30.32,30.16,30.23,27532,0
QYLG.US,D,20240226,000000,30.22,30.25,30.16,30.2,36792,0
QYLG.US,D,20240227,000000,30.3,30.3,30.09,30.2,20032,0
QYLG.US,D,20240228,000000,30.2,30.25,30.06,30.18,12551,0
QYLG.US,D,20240229,000000,30.22,30.35,30.2091,30.27,19320,0
QYLG.US,D,20240301,000000,30.33,30.6788,30.33,30.65,23105,0
QYLG.US,D,20240304,000000,30.54,30.6598,30.5,30.5,31737,0
QYLG.US,D,20240305,000000,30.34,30.4,30.1,30.24,17442,0
QYLG.US,D,20240306,000000,30.46,30.475,30.28,30.37,33368,0
QYLG.US,D,20240307,000000,30.48,30.6899,30.4752,30.65,19954,0
QYLG.US,D,20240308,000000,30.6997,30.78,30.33,30.41,15378,0
QYLG.US,D,20240311,000000,30.26,30.38,30.21,30.28,10395,0
QYLG.US,D,20240312,000000,30.35,30.64,30.35,30.55,12426,0
QYLG.US,D,20240313,000000,30.55,30.67,30.4401,30.55,35139,0
QYLG.US,D,20240314,000000,30.4301,30.5399,30.32,30.4,15574,0
QYLG.US,D,20240315,000000,30.18,30.27,30,30.08,15167,0
QYLG.US,D,20240318,000000,30.15,30.34,30.1,30.12,41251,0
QYLG.US,D,20240319,000000,30,30.27,30,30.245,10645,0
QYLG.US,D,20240320,000000,30.24,30.53,30.18,30.45,12006,0
QYLG.US,D,20240321,000000,30.63,30.7799,30.55,30.63,41972,0
QYLG.US,D,20240322,000000,30.63,30.7,30.55,30.67,15476,0
QYLG.US,D,20240325,000000,30.35,30.6462,30.35,30.56,11666,0
QYLG.US,D,20240326,000000,30.7,30.7,30.55,30.55,14767,0
QYLG.US,D,20240327,000000,30.58,30.728,30.5,30.58,10630,0
QYLG.US,D,20240328,000000,30.63,30.66,30.58,30.64,5004,0
QYLG.US,D,20240401,000000,30.65,30.71,30.57,30.6,16495,0
QYLG.US,D,20240402,000000,30.5,30.5,30.33,30.48,20092,0
QYLG.US,D,20240403,000000,30.39,30.66,30.39,30.49,13914,0
QYLG.US,D,20240404,000000,30.72,30.75,30.19,30.19,20046,0
QYLG.US,D,20240405,000000,30.17,30.52,30.16,30.36,13815,0
QYLG.US,D,20240408,000000,30.43,30.5599,30.375,30.49,9329,0
QYLG.US,D,20240409,000000,30.6,30.6,30.26,30.55,8612,0
QYLG.US,D,20240410,000000,30.37,30.43,30.3,30.41,5381,0
QYLG.US,D,20240411,000000,30.52,30.75,30.39,30.73,18041,0
QYLG.US,D,20240412,000000,30.48,30.58,30.3,30.4,113080,0
QYLG.US,D,20240415,000000,30.66,30.66,29.95,30.06,37982,0
QYLG.US,D,20240416,000000,30.07,30.18,30.01,30.08,17094,0
QYLG.US,D,20240417,000000,30.13,30.15,29.69,29.69,26532,0
QYLG.US,D,20240418,000000,29.83,29.87,29.56,29.61,17544,0
QYLG.US,D,20240419,000000,29.49,29.5,28.9,29.01,29504,0
QYLG.US,D,20240422,000000,28.94,29.24,28.83,29.04,24198,0
QYLG.US,D,20240423,000000,29.26,29.5,29.26,29.46,23616,0
QYLG.US,D,20240424,000000,29.66,29.66,29.3701,29.53,29011,0
QYLG.US,D,20240425,000000,29.13,29.47,29.03,29.42,16640,0
QYLG.US,D,20240426,000000,29.49,29.8,29.49,29.74,19923,0
QYLG.US,D,20240429,000000,29.88,29.88,29.73,29.84,13498,0
QYLG.US,D,20240430,000000,29.8,29.81,29.47,29.48,24623,0
QYLG.US,D,20240501,000000,29.42,29.9,29.28,29.35,13689,0
QYLG.US,D,20240502,000000,29.56,29.62,29.3,29.62,490054,0
QYLG.US,D,20240503,000000,29.87,30.0299,29.83,29.93,18584,0
QYLG.US,D,20240506,000000,30.03,30.19,30.01,30.1,10580,0
QYLG.US,D,20240507,000000,30.22,30.23,30.09,30.22,15973,0
QYLG.US,D,20240508,000000,30.11,30.21,30.11,30.2,6218,0
QYLG.US,D,20240509,000000,30.07,30.25,30.07,30.15,10531,0
QYLG.US,D,20240510,000000,30.29,30.2999,30.2,30.28,7100,0
QYLG.US,D,20240513,000000,30.28,30.28,30.22,30.24,8989,0
QYLG.US,D,20240514,000000,30.28,30.43,30.2799,30.42,10289,0
QYLG.US,D,20240515,000000,30.43,30.66,30.43,30.62,23124,0
QYLG.US,D,20240516,000000,30.68,30.71,30.62,30.62,23975,0
QYLG.US,D,20240517,000000,30.67,30.67,30.49,30.61,22823,0
QYLG.US,D,20240520,000000,30.48,30.64,30.48,30.5637,12136,0
QYLG.US,D,20240521,000000,30.53,30.63,30.5077,30.63,15642,0
QYLG.US,D,20240522,000000,30.65,30.65,30.51,30.5903,9127,0
QYLG.US,D,20240523,000000,30.79,30.85,30.48,30.49,12113,0
QYLG.US,D,20240524,000000,30.62,30.85,30.62,30.81,8932,0
QYLG.US,D,20240528,000000,30.77,30.88,30.72,30.88,9866,0
QYLG.US,D,20240529,000000,30.7,30.8091,30.65,30.73,18062,0
QYLG.US,D,20240530,000000,30.61,30.62,30.38,30.4,32550,0
QYLG.US,D,20240531,000000,30.42,30.43,30,30.43,12041,0
QYLG.US,D,20240603,000000,30.55,30.6296,30.3962,30.5,12043,0
QYLG.US,D,20240604,000000,30.51,30.67,30.46,30.67,6201,0
QYLG.US,D,20240605,000000,30.72,31,30.72,30.98,12400,0
QYLG.US,D,20240606,000000,31,31.128,30.94,30.98,32889,0
QYLG.US,D,20240607,000000,30.95,31.15,30.9301,31.1,6116,0
QYLG.US,D,20240610,000000,31.07,31.12,30.91,31.1,13424,0
QYLG.US,D,20240611,000000,31,31.25,31,31.25,9925,0
QYLG.US,D,20240612,000000,31.36,31.54,31.2301,31.54,12068,0
QYLG.US,D,20240613,000000,31.54,31.66,31.4401,31.6,13284,0
QYLG.US,D,20240614,000000,31.58,31.69,31.58,31.63,12976,0
QYLG.US,D,20240617,000000,31.68,31.8999,31.64,31.87,6483,0
QYLG.US,D,20240618,000000,31.81,31.9,31.71,31.89,13378,0
QYLG.US,D,20240620,000000,31.96,31.96,31.63,31.79,14930,0
QYLG.US,D,20240621,000000,31.7318,31.78,31.61,31.61,19224,0
QYLG.US,D,20240624,000000,31.54,31.57,31.22,31.32,10605,0
QYLG.US,D,20240625,000000,31.46,31.5797,31.41,31.52,11477,0
QYLG.US,D,20240626,000000,31.44,31.6122,31.44,31.56,13479,0
QYLG.US,D,20240627,000000,31.65,31.73,31.6,31.7,11706,0
QYLG.US,D,20240628,000000,31.68,31.94,31.5,31.55,22981,0
QYLG.US,D,20240701,000000,31.69,31.75,31.5,31.75,26575,0
QYLG.US,D,20240702,000000,31.61,31.91,31.61,31.91,10454,0
QYLG.US,D,20240703,000000,31.95,32.14,31.95,32.14,11958,0
QYLG.US,D,20240705,000000,32.15,32.39,32.15,32.28,29794,0
QYLG.US,D,20240708,000000,32.33,32.4399,32.2701,32.43,14977,0
QYLG.US,D,20240709,000000,32.41,32.5,32.33,32.36,18321,0
QYLG.US,D,20240710,000000,32.41,32.5801,32.41,32.54,21944,0
QYLG.US,D,20240711,000000,32.54,32.6,32.17,32.2,19238,0
QYLG.US,D,20240712,000000,32.16,32.449,32.16,32.34,17696,0
QYLG.US,D,20240715,000000,32.32,32.53,32.3,32.33,18314,0
QYLG.US,D,20240716,000000,32.41,32.47,32.25,32.44,88557,0
QYLG.US,D,20240717,000000,32.05,32.12,31.85,31.85,79546,0
QYLG.US,D,20240718,000000,31.93,32.02,31.53,31.8,23845,0
QYLG.US,D,20240719,000000,31.67,31.79,31.4,31.55,18138,0
QYLG.US,D,20240722,000000,31.58,31.757,31.437,31.74,21531,0
QYLG.US,D,20240723,000000,31.65,31.78,31.58,31.69,33216,0
QYLG.US,D,20240724,000000,31.36,31.36,30.71,30.77,55811,0
QYLG.US,D,20240725,000000,30.67,30.964,30.39,30.44,22238,0
QYLG.US,D,20240726,000000,30.62,30.91,30.55,30.63,93524,0
QYLG.US,D,20240729,000000,30.93,30.96,30.67,30.83,17992,0
QYLG.US,D,20240730,000000,30.82,30.875,30.21,30.4,16803,0
QYLG.US,D,20240731,000000,30.95,31.23,30.91,31.23,50977,0
QYLG.US,D,20240801,000000,31.3,31.43,30.3001,30.59,17069,0
QYLG.US,D,20240802,000000,29.87,30.09,29.59,29.81,77530,0
QYLG.US,D,20240805,000000,28.13,29.325,28.13,28.91,62594,0
QYLG.US,D,20240806,000000,29,29.79,29,29.23,34615,0
QYLG.US,D,20240807,000000,29.66,29.85,28.95,29.01,15157,0
QYLG.US,D,20240808,000000,29.39,29.899,29.11,29.88,9125,0
QYLG.US,D,20240809,000000,29.83,30.09,29.7001,30.03,14224,0
QYLG.US,D,20240812,000000,29.99,30.2,29.85,30.04,7733,0
QYLG.US,D,20240813,000000,30.31,30.85,30.29,30.81,16802,0
QYLG.US,D,20240814,000000,30.7901,30.9769,30.6272,30.79,7515,0
QYLG.US,D,20240815,000000,31.24,31.6,31.15,31.6,20010,0
QYLG.US,D,20240816,000000,31.51,31.67,31.39,31.59,15262,0
QYLG.US,D,20240819,000000,31.5,31.7,31.33,31.7,8134,0
QYLG.US,D,20240820,000000,31.74,31.8,31.65,31.71,14188,0
QYLG.US,D,20240821,000000,31.76,31.82,31.64,31.82,7438,0
QYLG.US,D,20240822,000000,31.83,31.83,31.37,31.37,8507,0
QYLG.US,D,20240823,000000,31.68,31.8,31.49,31.7,14916,0
QYLG.US,D,20240826,000000,31.71,31.73,31.395,31.48,7631,0
QYLG.US,D,20240827,000000,31.34,31.62,31.34,31.52,6255,0
QYLG.US,D,20240828,000000,31.59,31.59,31.14,31.31,7538,0
QYLG.US,D,20240829,000000,31.49,31.66,31.305,31.33,7761,0
QYLG.US,D,20240830,000000,31.44,31.66,31.3401,31.57,6857,0
QYLG.US,D,20240903,000000,31.39,31.39,30.75,30.77,21899,0
QYLG.US,D,20240904,000000,30.72,30.99,30.66,30.77,20843,0
QYLG.US,D,20240905,000000,30.6,31.0088,30.6,30.75,40870,0
QYLG.US,D,20240906,000000,30.75,30.75,30.01,30.1,21162,0
QYLG.US,D,20240909,000000,30.37,30.5158,30.2383,30.48,12097,0
QYLG.US,D,20240910,000000,30.57,30.72,30.375,30.6897,11137,0
QYLG.US,D,20240911,000000,30.78,31.3,30.35,31.3,13328,0
QYLG.US,D,20240912,000000,31.26,31.61,31.26,31.49,13990,0
QYLG.US,D,20240913,000000,31.53,31.76,31.53,31.63,25303,0
QYLG.US,D,20240916,000000,31.51,31.635,31.44,31.62,7253,0
QYLG.US,D,20240917,000000,31.66,31.77,31.48,31.53,13501,0
QYLG.US,D,20240918,000000,31.59,31.8,31.485,31.57,4172,0
QYLG.US,D,20240919,000000,31.95,32.19,31.92,32.05,14974,0
QYLG.US,D,20240920,000000,32.04,32.04,31.7208,32,11412,0
QYLG.US,D,20240923,000000,31.89,31.91,31.77,31.88,11392,0
QYLG.US,D,20240924,000000,31.89,32.01,31.795,31.93,9425,0
QYLG.US,D,20240925,000000,31.94,32.05,31.94,32.01,5372,0
QYLG.US,D,20240926,000000,32.25,32.254,32.03,32.1,5446,0
QYLG.US,D,20240927,000000,32.19,32.2191,31.99,32.09,10365,0
QYLG.US,D,20240930,000000,32.05,32.15,31.93,32.15,12402,0
QYLG.US,D,20241001,000000,32.16,32.16,31.6,31.785,13008,0
QYLG.US,D,20241002,000000,31.81,31.96,31.66,31.89,14838,0
QYLG.US,D,20241003,000000,31.8,31.9647,31.6979,31.87,11736,0
QYLG.US,D,20241004,000000,32.04,32.15,31.9576,32.08,6195,0
QYLG.US,D,20241007,000000,32.05,32.11,31.8401,31.93,7734,0
QYLG.US,D,20241008,000000,32.07,32.28,32.03,32.27,10012,0
QYLG.US,D,20241009,000000,32.28,32.44,32.14,32.44,26962,0
QYLG.US,D,20241010,000000,32.37,32.435,32.2654,32.43,11752,0
QYLG.US,D,20241011,000000,32.38,32.44,32.38,32.42,5697,0
QYLG.US,D,20241014,000000,32.5,32.62,32.48,32.5,9103,0
QYLG.US,D,20241015,000000,32.54,32.55,32.272,32.39,10615,0
QYLG.US,D,20241016,000000,32.43,32.43,32.27,32.39,6480,0
QYLG.US,D,20241017,000000,32.55,32.55,32.32,32.33,7246,0
QYLG.US,D,20241018,000000,32.45,32.6499,32.45,32.52,8131,0
QYLG.US,D,20241021,000000,32.67,32.67,32.29,32.48,7825,0
QYLG.US,D,20241022,000000,32.37,32.53,32.3,32.5,15021,0
QYLG.US,D,20241023,000000,32.42,32.42,31.95,32.14,9774,0
QYLG.US,D,20241024,000000,32.31,32.3684,32.17,32.26,6343,0
QYLG.US,D,20241025,000000,32.5,32.71,32.42,32.48,12968,0
QYLG.US,D,20241028,000000,32.66,32.68,32.4986,32.51,9213,0
QYLG.US,D,20241029,000000,32.54,32.7288,32.49,32.72,10939,0
QYLG.US,D,20241030,000000,32.71,32.72,32.52,32.56,8676,0
QYLG.US,D,20241031,000000,32.37,32.37,31.9,31.92,16090,0
QYLG.US,D,20241101,000000,32.02,32.29,32.02,32.12,9757,0
QYLG.US,D,20241104,000000,32,32.24,31.945,32.035,25493,0
