<TICKER>,<PER>,<DATE>,<TIME>,<OPEN>,<HIGH>,<LOW>,<CLOSE>,<VOL>,<OPENINT>
REIT.US,D,20210301,000000,23.7549,23.7549,23.3924,23.3924,99259.124154658,0
REIT.US,D,20210302,000000,23.2923,23.304,23.0358,23.2422,47222.959448648,0
REIT.US,D,20210303,000000,23.1213,23.197,23.0968,23.1272,47840.898448483,0
REIT.US,D,20210304,000000,23.1704,23.1704,22.7235,22.8384,46107.207976129,0
REIT.US,D,20210305,000000,22.9966,23.0358,22.584,23.0358,44774.61794189,0
REIT.US,D,20210308,000000,23.2265,23.6193,23.2265,23.5437,50178.275620839,0
REIT.US,D,20210309,000000,23.6243,23.6685,23.5192,23.5192,44767.491791975,0
REIT.US,D,20210310,000000,24.0712,24.0712,23.5221,23.7618,9487.9596020739,0
REIT.US,D,20210311,000000,23.8601,24.0712,23.8601,23.9121,2985.856814687,0
REIT.US,D,20210312,000000,24.0241,24.3345,23.9995,24.3345,2056.4032613937,0
REIT.US,D,20210315,000000,24.9445,24.9445,24.2431,24.6616,10834.801936145,0
REIT.US,D,20210316,000000,24.859,24.859,24.4651,24.6007,4409.0507549981,0
REIT.US,D,20210317,000000,24.5811,24.6007,24.2922,24.5005,3356.4166103045,0
REIT.US,D,20210318,000000,24.4169,24.5713,24.3394,24.4356,13415.486227052,0
REIT.US,D,20210319,000000,25.0338,25.0338,24.0977,24.0977,5634.748540502,0
REIT.US,D,20210322,000000,23.9544,24.0309,23.9347,24.0309,2224.3767951214,0
REIT.US,D,20210323,000000,23.7707,24.2,23.7707,23.9445,4694.0967516269,0
REIT.US,D,20210324,000000,24.1272,24.2716,24.1173,24.1272,2376.0619861846,0
REIT.US,D,20210325,000000,24.0977,24.1536,23.6646,24.1536,3139.5780485832,0
REIT.US,D,20210329,000000,24.3207,24.5811,24.2716,24.4533,5599.1177909234,0
REIT.US,D,20210330,000000,24.1566,24.6282,24.1566,24.5859,3579.3633005249,0
REIT.US,D,20210331,000000,24.4749,24.6194,24.4552,24.5693,3589.5435146902,0
REIT.US,D,20210401,000000,24.6665,24.6665,24.5811,24.6665,2679.432368311,0
REIT.US,D,20210405,000000,25.4288,25.4288,24.7352,24.7352,4302.1585062623,0
REIT.US,D,20210406,000000,24.8216,24.9287,24.7774,24.9287,4537.321453481,0
REIT.US,D,20210407,000000,25.0191,25.0191,24.8512,24.9082,4808.1151502784,0
REIT.US,D,20210408,000000,24.966,24.966,24.8953,24.9169,2619.3691047356,0
REIT.US,D,20210409,000000,25.0721,25.863,24.86,25.863,2946.1539794423,0
REIT.US,D,20210412,000000,25.1301,25.1301,24.7254,24.9857,3231.1999760711,0
REIT.US,D,20210413,000000,25.0437,25.1361,24.9366,25.1361,1769.3212219318,0
REIT.US,D,20210414,000000,25.2165,25.2165,24.9749,24.9749,2671.2881969787,0
REIT.US,D,20210415,000000,25.1585,25.4503,25.1585,25.4503,860.22809696914,0
REIT.US,D,20210416,000000,25.6596,25.6596,25.4681,25.4935,4614.6910811374,0
REIT.US,D,20210419,000000,25.7941,25.7941,25.3698,25.5241,2946.1539794423,0
REIT.US,D,20210420,000000,25.7087,25.7657,25.7077,25.7657,1287.7970919124,0
REIT.US,D,20210421,000000,25.9729,25.9729,25.9375,25.9375,1612.5459237859,0
REIT.US,D,20210422,000000,26.3059,26.3059,25.7402,25.7912,3287.1911539803,0
REIT.US,D,20210423,000000,25.9975,25.9975,25.7764,25.8304,6801.4010838472,0
REIT.US,D,20210426,000000,25.9778,26.1133,25.9778,25.9778,4353.0595770888,0
REIT.US,D,20210427,000000,26.0269,26.0555,25.9877,26.0269,3656.7329281813,0
REIT.US,D,20210428,000000,26.0456,26.0456,26.0319,26.0319,1481.2211610534,0
REIT.US,D,20210429,000000,26.3059,26.3059,26.1123,26.1802,3747.3368342526,0
REIT.US,D,20210430,000000,26.2381,26.2381,26.1703,26.2146,12952.286482531,0
REIT.US,D,20210503,000000,26.5564,26.5564,26.1783,26.1783,7365.3849486056,0
REIT.US,D,20210504,000000,26.2774,26.3157,26.0231,26.0231,6792.2388910984,0
REIT.US,D,20210505,000000,26.1802,26.1802,25.4778,25.5947,6060.2814926122,0
REIT.US,D,20210506,000000,25.8727,26.0839,25.689,25.8393,4773.5024221164,0
REIT.US,D,20210507,000000,26.2184,26.2184,25.9091,26.1684,4859.016221105,0
REIT.US,D,20210510,000000,26.2283,26.4602,26.2184,26.3354,4732.7815654551,0
REIT.US,D,20210511,000000,26.3354,26.3354,25.7372,25.8668,3140.5960699998,0
REIT.US,D,20210512,000000,25.8236,25.8236,25.2903,25.2903,2866.7483089528,0
REIT.US,D,20210513,000000,25.5241,25.7667,25.3512,25.6468,4261.437649601,0
REIT.US,D,20210514,000000,25.8924,25.9111,25.8776,25.8964,3823.6884404924,0
REIT.US,D,20210517,000000,25.968,26.1654,25.8727,25.9238,3623.1382214357,0
REIT.US,D,20210518,000000,26.0269,26.0319,25.8727,25.9337,5131.8459607354,0
REIT.US,D,20210519,000000,25.6498,25.9022,25.6498,25.9022,1341.7522269886,0
REIT.US,D,20210520,000000,25.8825,26.136,25.8825,26.136,2878.9645659512,0
REIT.US,D,20210521,000000,26.3059,26.3059,26.1095,26.1095,3436.8403022105,0
REIT.US,D,20210524,000000,26.8452,26.8452,26.2774,26.4366,4797.9349361131,0
REIT.US,D,20210525,000000,26.4985,26.4985,26.4219,26.4307,3474.5070946221,0
REIT.US,D,20210526,000000,26.4503,26.6625,26.4307,26.4995,5161.3685818149,0
REIT.US,D,20210527,000000,26.526,26.5476,26.4032,26.4032,5048.3682045799,0
REIT.US,D,20210528,000000,26.5083,26.5947,26.4886,26.5544,3950.9411175589,0
REIT.US,D,20210601,000000,26.5564,26.9228,26.5564,26.9228,2315.9987226092,0
REIT.US,D,20210602,000000,27.3856,27.3856,27.076,27.357,2905.433122781,0
REIT.US,D,20210603,000000,27.4916,27.4916,27.2402,27.2893,4387.6723052509,0
REIT.US,D,20210604,000000,27.7322,27.7322,27.1841,27.3118,3691.3456563433,0
REIT.US,D,20210607,000000,27.9159,27.9159,27.4347,27.6163,6061.2995140287,0
REIT.US,D,20210608,000000,27.9728,27.9728,27.8089,27.9159,7680.9715877304,0
REIT.US,D,20210609,000000,29.2941,29.2941,27.8904,27.9444,7723.7284872247,0
REIT.US,D,20210610,000000,28.9188,28.9188,27.9012,28.1272,5036.1519475815,0
REIT.US,D,20210611,000000,28.3589,28.3589,27.9444,28.0701,6765.7703342686,0
REIT.US,D,20210614,000000,28.3108,28.3108,27.9925,28.1468,6137.6511202686,0
REIT.US,D,20210615,000000,28.3678,28.3678,27.9012,27.9542,8322.3250801453,0
REIT.US,D,20210616,000000,27.9827,28.0652,27.7617,27.7617,4145.3832081164,0
REIT.US,D,20210617,000000,28.3609,28.3609,27.5771,27.7224,6974.4647246575,0
REIT.US,D,20210618,000000,27.4523,27.6065,27.3452,27.3452,9044.1022644661,0
REIT.US,D,20210621,000000,27.2775,27.7902,27.2775,27.7902,4711.4031157079,0
REIT.US,D,20210622,000000,27.8099,27.8099,27.6988,27.6988,8596.1728411923,0
REIT.US,D,20210623,000000,27.7322,27.7803,27.6939,27.7126,5270.2968733837,0
REIT.US,D,20210624,000000,27.9935,27.9935,27.5967,27.6448,6810.5632765959,0
REIT.US,D,20210625,000000,27.7519,27.7519,27.4611,27.7233,199697.11710966,0
REIT.US,D,20210628,000000,27.8874,27.8874,27.3167,27.4994,6664.9862140319,0
REIT.US,D,20210629,000000,27.6645,27.6645,27.5141,27.5771,2139.8810175493,0
REIT.US,D,20210630,000000,27.5868,27.6359,27.471,27.471,3614.9940501035,0
REIT.US,D,20210701,000000,27.7902,27.7902,27.3452,27.4906,3200.6593335751,0
REIT.US,D,20210702,000000,27.6743,27.6743,27.5417,27.5417,1677.699294444,0
REIT.US,D,20210706,000000,28.2744,28.2744,27.4228,27.8196,7354.1867130238,0
REIT.US,D,20210707,000000,27.6939,27.8874,27.6939,27.858,5028.0077762492,0
REIT.US,D,20210708,000000,27.7381,27.7715,27.6743,27.741,3779.9135195816,0
REIT.US,D,20210709,000000,27.965,28.1585,27.965,28.1585,2676.3783040614,0
REIT.US,D,20210712,000000,28.3708,28.3815,28.188,28.3815,4062.9234733773,0
REIT.US,D,20210713,000000,28.9424,28.9424,28.1192,28.1252,3773.8053910824,0
REIT.US,D,20210714,000000,28.2843,28.3708,28.129,28.3029,6182.444062596,0
REIT.US,D,20210715,000000,28.5554,28.5554,28.2076,28.3334,5100.287296823,0
REIT.US,D,20210716,000000,28.4965,28.526,28.3708,28.3708,4195.2662575264,0
REIT.US,D,20210719,000000,28.3806,28.3806,27.7086,27.7617,9248.724569189,0
REIT.US,D,20210720,000000,28.3708,28.6714,28.3708,28.6517,5400.6036146998,0
REIT.US,D,20210721,000000,30.018,30.018,28.633,28.6811,6884.8788400027,0
REIT.US,D,20210722,000000,28.633,28.633,28.3039,28.3039,2640.7475544828,0
REIT.US,D,20210723,000000,28.526,28.5819,28.526,28.5819,6827.869640677,0
REIT.US,D,20210726,000000,30.0278,30.0278,28.4739,28.5309,4975.0706625896,0
REIT.US,D,20210727,000000,28.856,28.856,28.3235,28.7331,1790.699671679,0
REIT.US,D,20210728,000000,30.1242,30.1242,28.5751,28.7008,7859.1253356234,0
REIT.US,D,20210729,000000,28.9385,28.9523,28.6615,28.6714,2167.3675957956,0
REIT.US,D,20210730,000000,28.6144,29.0299,28.6144,28.8069,1433.3741544764,0
REIT.US,D,20210802,000000,28.9523,28.9719,28.633,28.633,8706.1191541777,0
REIT.US,D,20210803,000000,28.7107,28.7107,28.5063,28.5603,3288.2091753968,0
REIT.US,D,20210804,000000,28.1782,28.5653,28.0809,28.4001,4038.4909593806,0
REIT.US,D,20210805,000000,28.5653,28.7401,28.5653,28.7401,6083.6959851924,0
REIT.US,D,20210806,000000,28.8756,28.8756,28.7588,28.8069,5388.3873577014,0
REIT.US,D,20210809,000000,28.962,28.962,28.4837,28.5063,4985.2508767549,0
REIT.US,D,20210810,000000,28.5653,28.5653,28.2263,28.2263,6416.5889883982,0
REIT.US,D,20210811,000000,28.856,28.856,28.1979,28.358,10274.890157053,0
REIT.US,D,20210812,000000,28.8943,28.8943,28.2646,28.2744,4537.321453481,0
REIT.US,D,20210813,000000,28.2646,28.4689,28.2646,28.4424,3782.9675838312,0
REIT.US,D,20210816,000000,28.3334,28.5653,28.3334,28.4444,4328.6270630921,0
REIT.US,D,20210817,000000,29.0495,29.0495,28.1585,28.2076,5727.3884894064,0
REIT.US,D,20210818,000000,28.5162,28.5162,28.2076,28.2076,3673.0212708458,0
REIT.US,D,20210819,000000,28.0809,28.188,28.0229,28.1782,4245.1493069365,0
REIT.US,D,20210820,000000,28.2165,28.3245,28.2165,28.3,5305.9276229623,0
REIT.US,D,20210823,000000,28.5162,28.5162,28.1782,28.2263,4468.0959971569,0
REIT.US,D,20210824,000000,28.2165,28.2165,28.0809,28.1094,2730.3334391376,0
REIT.US,D,20210825,000000,28.1585,28.3334,28.1585,28.1625,1588.1134097892,0
REIT.US,D,20210826,000000,28.2843,28.2843,28.1094,28.1683,3143.6501342494,0
REIT.US,D,20210827,000000,28.1094,28.5063,28.1094,28.5023,2397.4404359318,0
REIT.US,D,20210830,000000,28.6418,28.7518,28.4394,28.7518,1590.1494526223,0
REIT.US,D,20210831,000000,28.7588,28.8943,28.7588,28.8756,2611.2249334034,0
REIT.US,D,20210901,000000,29.02,29.2626,29.0014,29.1752,5144.0622177338,0
REIT.US,D,20210902,000000,29.6408,29.6408,29.1654,29.243,2976.6946219382,0
REIT.US,D,20210903,000000,29.4856,29.4856,29.2656,29.4365,6162.0836342654,0
REIT.US,D,20210907,000000,29.631,29.7567,28.9424,29.0878,6985.6629602394,0
REIT.US,D,20210908,000000,29.2715,29.2715,29.2715,29.2715,680.03830624306,0
REIT.US,D,20210909,000000,29.407,29.407,28.7588,28.7588,2985.856814687,0
REIT.US,D,20210910,000000,28.9719,28.9719,28.353,28.353,3646.5527140159,0
REIT.US,D,20210913,000000,28.6714,28.691,28.4935,28.5376,1903.700048914,0
REIT.US,D,20210914,000000,28.7205,28.7205,28.3344,28.4788,1756.0869435169,0
REIT.US,D,20210915,000000,28.4689,28.5751,28.41,28.5456,1726.5643224375,0
REIT.US,D,20210916,000000,28.4492,28.7097,28.4492,28.5692,2692.6666467259,0
REIT.US,D,20210917,000000,28.7205,28.7205,28.3275,28.3275,5256.0445735523,0
REIT.US,D,20210920,000000,28.5849,28.5849,27.8776,28.1851,8359.9918725569,0
REIT.US,D,20210921,000000,28.188,28.4492,28.188,28.2744,2709.9730108069,0
REIT.US,D,20210922,000000,29.7763,29.7763,28.4051,28.4965,6953.0862749104,0
REIT.US,D,20210923,000000,29.1506,29.1506,28.4779,28.5465,22583.787104335,0
REIT.US,D,20210924,000000,28.468,28.468,28.13,28.1546,5691.7577398278,0
REIT.US,D,20210927,000000,28.0583,28.3217,27.7951,27.8344,3452.1106234584,0
REIT.US,D,20210928,000000,27.5083,27.7273,27.468,27.6006,2325.160915358,0
REIT.US,D,20210929,000000,27.8835,27.9611,27.8639,27.9562,5156.2784747322,0
REIT.US,D,20210930,000000,28.0879,28.0879,27.3903,27.3903,2439.1793140095,0
REIT.US,D,20211001,000000,27.747,27.9336,27.5809,27.9267,3158.9204554973,0
REIT.US,D,20211004,000000,27.9611,27.9611,27.6979,27.8511,6390.1204315684,0
REIT.US,D,20211005,000000,27.5614,27.6301,27.5614,27.6301,2380.1340718507,0
REIT.US,D,20211006,000000,27.2686,27.7892,27.2499,27.7892,3313.6597108101,0
REIT.US,D,20211007,000000,28.1075,28.1075,27.8835,27.8835,4868.1784138538,0
REIT.US,D,20211008,000000,27.8737,27.9032,27.8737,27.9032,1220.6076784213,0
REIT.US,D,20211011,000000,27.8443,27.8443,27.7077,27.7077,3112.0914703369,0
REIT.US,D,20211012,000000,28.195,28.195,28.195,28.195,558.89375767581,0
REIT.US,D,20211013,000000,28.2538,28.2833,28.078,28.2833,1791.7176930955,0
REIT.US,D,20211014,000000,28.6437,28.6437,28.5386,28.6437,1906.7541131636,0
REIT.US,D,20211015,000000,28.8186,28.8972,28.6733,28.7018,3831.8326118247,0
REIT.US,D,20211018,000000,28.7215,28.8,28.5653,28.7813,2716.0811393061,0
REIT.US,D,20211019,000000,28.8579,28.8579,28.7312,28.7312,6574.3823079606,0
REIT.US,D,20211020,000000,28.7215,29.1458,28.7215,29.1458,5750.8029819866,0
REIT.US,D,20211021,000000,29.2478,29.2478,29.0337,29.1015,3598.705707439,0
REIT.US,D,20211022,000000,29.1408,29.2774,29.1408,29.2184,1828.3664640906,0
REIT.US,D,20211025,000000,29.4532,29.4532,29.1801,29.2478,3764.6431983336,0
REIT.US,D,20211026,000000,29.2577,29.3549,29.2577,29.3265,2883.0366516173,0
REIT.US,D,20211027,000000,29.6673,29.6673,29.1654,29.1654,2015.6824047324,0
REIT.US,D,20211028,000000,29.073,29.5957,29.073,29.5957,5111.4855324048,0
REIT.US,D,20211029,000000,29.4914,29.4914,29.2478,29.2478,3991.6619742201,0
REIT.US,D,20211101,000000,29.2969,29.4384,28.907,29.4384,5784.3976887322,0
REIT.US,D,20211102,000000,29.6182,29.6575,29.5111,29.6232,6561.1480295457,0
REIT.US,D,20211103,000000,29.628,29.8432,29.628,29.8432,2852.4960091214,0
REIT.US,D,20211104,000000,29.7066,29.7066,29.404,29.463,3431.7501951278,0
REIT.US,D,20211105,000000,29.628,29.8137,29.628,29.6477,1257.2564494164,0
REIT.US,D,20211108,000000,29.8814,29.8814,29.4424,29.4532,6191.6062553448,0
REIT.US,D,20211109,000000,29.5632,29.6398,29.5347,29.5603,4223.7708571893,0
REIT.US,D,20211110,000000,29.5897,29.7252,29.5897,29.6477,4281.7980779316,0
REIT.US,D,20211111,000000,29.628,29.7165,29.4817,29.7165,2490.0803848361,0
REIT.US,D,20211112,000000,29.6575,29.6575,29.5985,29.6477,1202.2832929237,0
REIT.US,D,20211115,000000,29.7351,29.9502,29.7351,29.9404,5553.3068271795,0
REIT.US,D,20211116,000000,30.0966,30.0966,29.6869,29.7449,5470.8470924405,0
REIT.US,D,20211117,000000,30.0278,30.0278,29.5603,29.853,2775.126381465,0
REIT.US,D,20211118,000000,29.8235,29.9306,29.7646,29.8913,4386.6542838344,0
REIT.US,D,20211119,000000,29.9207,29.9207,29.6909,29.6968,1462.8967755558,0
REIT.US,D,20211122,000000,29.853,29.853,29.5701,29.5985,3288.2091753968,0
REIT.US,D,20211123,000000,29.4532,29.6349,29.4532,29.6349,930.47157470982,0
REIT.US,D,20211124,000000,29.7548,30.018,29.7548,30.018,4037.4729379641,0
REIT.US,D,20211126,000000,29.7548,29.8284,29.1506,29.1506,3509.1198227842,0
REIT.US,D,20211129,000000,29.3353,29.5947,29.3353,29.463,3832.8506332412,0
REIT.US,D,20211130,000000,29.3265,29.35,29.0043,29.0043,3737.1566200873,0
REIT.US,D,20211201,000000,29.2478,29.3549,28.5171,28.5171,6453.2377593934,0
REIT.US,D,20211202,000000,28.4001,29.2675,28.4001,29.1074,6279.1560971665,0
REIT.US,D,20211203,000000,29.2478,29.2774,28.8953,29.0043,4540.3755177306,0
REIT.US,D,20211206,000000,29.0436,29.7351,29.0436,29.5504,12025.886993487,0
REIT.US,D,20211207,000000,29.9011,29.9698,29.853,29.8736,11053.676540699,0
REIT.US,D,20211208,000000,29.9885,30.2714,29.7842,30.1977,2615.2970190695,0
REIT.US,D,20211209,000000,29.96,29.96,29.7489,29.7489,3831.8326118247,0
REIT.US,D,20211210,000000,29.7646,29.8264,29.6742,29.741,6046.0291927808,0
REIT.US,D,20211213,000000,29.8235,29.9847,29.6919,29.9552,4588.2225243076,0
REIT.US,D,20211214,000000,30.0769,30.134,29.5406,29.5798,16800.40743702,0
REIT.US,D,20211215,000000,29.6182,29.9885,29.2478,29.9502,14232.957424527,0
REIT.US,D,20211216,000000,30.3697,30.3697,29.7351,29.856,20182.274582737,0
REIT.US,D,20211217,000000,31.461,31.461,29.853,29.853,8659.2901690172,0
REIT.US,D,20211220,000000,30.1162,30.1162,29.3314,29.6084,14499.679035659,0
REIT.US,D,20211221,000000,29.8814,30.0671,29.8814,29.9207,2706.9189465573,0
REIT.US,D,20211222,000000,30.3825,30.3825,29.3756,29.5574,8364.0639582231,0
REIT.US,D,20211223,000000,29.7243,29.7243,29.4198,29.4886,5016.8095406674,0
REIT.US,D,20211227,000000,29.5672,29.7833,29.4886,29.7833,3397.1374669657,0
REIT.US,D,20211228,000000,30.2154,30.2154,29.8839,30.0535,5074.8367614097,0
REIT.US,D,20211229,000000,30.3235,30.353,30.0091,30.353,5359.8827580385,0
REIT.US,D,20211230,000000,30.3825,30.5789,30.3481,30.4018,5332.3961797922,0
REIT.US,D,20211231,000000,30.6477,30.7139,30.5299,30.5986,3638.4085426837,0
REIT.US,D,20220103,000000,30.8148,30.8148,29.9698,30.294,7404.0697624338,0
REIT.US,D,20220104,000000,30.5986,30.5986,30.3285,30.4316,13685.261902433,0
REIT.US,D,20220105,000000,31.8069,31.8069,29.7539,29.8501,7673.8454378147,0
REIT.US,D,20220106,000000,29.6359,29.8813,29.6359,29.8813,2701.8288394747,0
REIT.US,D,20220107,000000,31.1487,31.1487,29.4886,29.5574,23000.157863697,0
REIT.US,D,20220110,000000,29.8618,29.8618,29.1173,29.2478,15236.726541227,0
REIT.US,D,20220111,000000,29.469,29.469,28.9385,29.4139,24011.053130313,0
REIT.US,D,20220112,000000,29.6949,29.6949,29.3903,29.4565,4169.8157221132,0
REIT.US,D,20220113,000000,29.6065,29.6262,29.4886,29.523,2164.313531546,0
REIT.US,D,20220114,000000,29.5771,29.5771,29.0367,29.2135,3152.8123269982,0
REIT.US,D,20220118,000000,29.3609,29.3609,28.8205,28.8599,28095.355053437,0
REIT.US,D,20220119,000000,29.135,29.135,28.526,28.526,12739.520006475,0
REIT.US,D,20220120,000000,28.4965,28.909,28.3394,28.3737,44710.482592649,0
REIT.US,D,20220121,000000,28.0545,28.4473,28.0545,28.0742,33346.309519907,0
REIT.US,D,20220124,000000,27.9955,28.0249,27.3493,28.0249,29792.396754795,0
REIT.US,D,20220125,000000,27.858,28.181,27.5043,28.0839,27877.498470299,0
REIT.US,D,20220126,000000,28.3098,28.3688,27.9464,27.9464,6088.7860922751,0
REIT.US,D,20220127,000000,29.9502,29.9502,27.3374,27.3374,2972.6225362721,0
REIT.US,D,20220128,000000,27.1605,28.0939,27.1605,28.0939,2245.7552448686,0
REIT.US,D,20220131,000000,28.2116,28.4512,27.9857,28.4512,3355.3985888879,0
REIT.US,D,20220201,000000,28.4375,28.4375,28.2411,28.3638,21506.720445645,0
REIT.US,D,20220202,000000,28.4641,28.7419,28.4641,28.7027,3769.7333054163,0
REIT.US,D,20220203,000000,28.4867,28.5887,28.3885,28.3885,4281.7980779316,0
REIT.US,D,20220204,000000,28.1301,28.2805,28.1087,28.1087,2653.9818328977,0
REIT.US,D,20220207,000000,28.0348,28.1821,28.0348,28.1133,2834.1716236238,0
REIT.US,D,20220208,000000,27.9365,28.0642,27.8481,27.8677,31187.086095443,0
REIT.US,D,20220209,000000,27.9758,28.5483,27.9758,28.5483,6797.328998181,0
REIT.US,D,20220210,000000,29.1448,29.1448,27.8481,28.0053,6652.7699570336,0
REIT.US,D,20220211,000000,28.1429,28.1429,27.7016,27.9561,2604.0987834877,0
REIT.US,D,20220214,000000,27.6811,27.9365,27.524,27.6397,2959.3882578572,0
REIT.US,D,20220215,000000,27.9758,27.9758,27.8284,27.8284,1618.6540522851,0
REIT.US,D,20220216,000000,27.9168,27.9602,27.7696,27.7696,1668.5371016952,0
REIT.US,D,20220217,000000,28.0545,28.0545,27.7271,27.74,5050.4042474129,0
REIT.US,D,20220218,000000,27.7793,27.7793,27.5927,27.6019,2135.8089318832,0
REIT.US,D,20220222,000000,27.5141,27.5632,27.357,27.4367,3816.5622905767,0
REIT.US,D,20220223,000000,27.524,27.524,27.1605,27.1605,3562.0569364438,0
REIT.US,D,20220224,000000,26.689,27.4097,26.0309,27.4097,5523.7842061001,0
REIT.US,D,20220225,000000,27.3276,28.1192,27.3276,28.1192,7062.0145664792,0
REIT.US,D,20220228,000000,27.3669,28.467,27.1704,27.6909,28169.670616844,0
REIT.US,D,20220301,000000,27.6124,27.7008,27.4758,27.5141,3526.4261868652,0
REIT.US,D,20220302,000000,27.7647,28.0299,27.74,27.9562,6556.0579224631,0
REIT.US,D,20220303,000000,28.2607,28.3295,27.966,28.3,5603.1898765896,0
REIT.US,D,20220304,000000,28.0545,28.3828,27.9464,28.3828,9013.5616219702,0
REIT.US,D,20220307,000000,29.3314,29.3314,27.8481,27.8776,6366.7059389882,0
REIT.US,D,20220308,000000,27.8776,28.0937,27.7352,27.9168,5821.0464597273,0
REIT.US,D,20220309,000000,28.3197,28.4189,28.2656,28.3786,5710.0821253254,0
REIT.US,D,20220310,000000,27.8383,28.0839,27.8383,28.0742,5085.016975575,0
REIT.US,D,20220311,000000,26.8953,28.526,26.8953,28.0053,8626.7134836882,0
REIT.US,D,20220314,000000,28.1429,28.2214,27.8138,27.8138,6605.9409718731,0
REIT.US,D,20220315,000000,27.799,28.0545,27.799,28.0046,3721.8862988393,0
REIT.US,D,20220316,000000,28.1232,28.2313,28.0446,28.2017,6067.4076425279,0
REIT.US,D,20220317,000000,28.1035,28.6046,28.1035,28.6046,6676.1844496138,0
REIT.US,D,20220318,000000,28.6536,28.7911,28.6536,28.7813,5332.3961797922,0
REIT.US,D,20220321,000000,28.9483,28.9483,28.4081,28.6136,4456.897761575,0
REIT.US,D,20220322,000000,28.6144,28.7813,28.6144,28.6828,9109.2556351241,0
REIT.US,D,20220323,000000,28.7911,28.7911,28.4278,28.5554,4720.5653084567,0
REIT.US,D,20220324,000000,28.5456,28.575,28.2896,28.575,5780.5861494654,0
REIT.US,D,20220325,000000,28.8211,28.9565,28.6833,28.9565,4880.4808193378,0
REIT.US,D,20220328,000000,28.9393,29.231,28.9393,29.231,4389.7913447874,0
REIT.US,D,20220329,000000,29.2937,30.1599,29.2937,30.1599,14280.79077382,0
REIT.US,D,20220330,000000,30.1894,30.1894,29.8645,29.8842,8094.8524497259,0
REIT.US,D,20220331,000000,30.0024,30.1697,29.8448,29.8448,3434.8263218528,0
REIT.US,D,20220401,000000,29.6332,30.1247,29.6332,30.1247,3144.2731340238,0
REIT.US,D,20220404,000000,30.6028,30.6028,29.7169,29.8153,6587.226817774,0
REIT.US,D,20220405,000000,29.6283,30.9867,28.5456,29.6482,8842.5697442789,0
REIT.US,D,20220406,000000,29.7759,29.9925,29.4413,29.9925,3551.6571491267,0
REIT.US,D,20220407,000000,30.1303,30.1303,29.5004,29.7858,4625.4848398095,0
REIT.US,D,20220408,000000,29.7956,29.8153,29.5988,29.7562,2724.6980760749,0
REIT.US,D,20220411,000000,29.7956,29.835,29.4282,29.4282,3890.9745083397,0
REIT.US,D,20220412,000000,29.6676,29.8448,29.525,29.525,2355.9190299842,0
REIT.US,D,20220413,000000,29.9334,29.9334,29.4216,29.7661,4324.7724496088,0
REIT.US,D,20220414,000000,30.2386,30.2386,29.7759,29.8744,3184.9099435104,0
REIT.US,D,20220418,000000,29.963,29.963,29.5692,29.5692,5110.0787929369,0
REIT.US,D,20220419,000000,29.4807,30.2878,29.4807,30.2386,7612.2903370728,0
REIT.US,D,20220420,000000,31.8726,31.8726,30.4355,31.0064,9422.6601996998,0
REIT.US,D,20220421,000000,30.9375,30.967,30.6323,30.6323,7590.9560120924,0
REIT.US,D,20220422,000000,30.4345,30.4345,30.0516,30.0516,1459.8773808052,0
REIT.US,D,20220425,000000,30.3272,30.3272,29.648,30.1008,4976.9932418684,0
REIT.US,D,20220426,000000,30.1992,30.1992,29.6676,29.6676,4428.3963137996,0
REIT.US,D,20220427,000000,29.8547,29.8547,29.4315,29.4315,1512.7052331378,0
REIT.US,D,20220428,000000,29.5299,29.8645,29.2924,29.8645,3285.4860469897,0
REIT.US,D,20220429,000000,29.8153,29.8153,28.3389,28.3389,4502.5584911126,0
REIT.US,D,20220502,000000,28.5456,28.5554,27.2856,27.7285,8488.0135815086,0
REIT.US,D,20220503,000000,27.9845,28.2207,27.9253,28.1124,2127.3369766223,0
REIT.US,D,20220504,000000,28.4964,28.4964,27.6896,28.2995,3422.6352790069,0
REIT.US,D,20220505,000000,28.3881,28.3881,27.4431,27.5809,4599.0709136432,0
REIT.US,D,20220506,000000,27.7876,27.7876,26.9509,27.1773,2801.9080140994,0
REIT.US,D,20220509,000000,26.7836,26.7836,26.0158,26.0749,4888.6081812351,0
REIT.US,D,20220510,000000,26.7442,26.7442,25.7206,25.7993,4209.9734628093,0
REIT.US,D,20220511,000000,25.4646,26.3013,25.4646,25.7895,13133.816826061,0
REIT.US,D,20220512,000000,25.7895,25.9062,25.6418,25.9062,5002.3912477975,0
REIT.US,D,20220513,000000,25.8878,26.5277,25.8878,26.5277,4398.9346269219,0
REIT.US,D,20220516,000000,26.8131,26.8131,26.4686,26.5375,2249.247405082,0
REIT.US,D,20220517,000000,27.0001,27.0001,26.6951,26.8722,24582.221978667,0
REIT.US,D,20220518,000000,26.6163,26.6754,26.0463,26.0847,9488.6950151155,0
REIT.US,D,20220519,000000,26.0748,26.0847,25.741,25.8761,5027.7892537266,0
REIT.US,D,20220520,000000,26.3308,26.3308,25.6024,25.9292,1402.985847524,0
REIT.US,D,20220523,000000,26.5671,26.5671,26.0452,26.1831,3123.9547292805,0
REIT.US,D,20220524,000000,25.8484,26.3505,25.6221,26.2816,3861.5128214619,0
REIT.US,D,20220525,000000,26.4982,26.6163,26.2619,26.6163,7446.695338415,0
REIT.US,D,20220526,000000,26.8229,26.882,26.636,26.6655,4420.2689519023,0
REIT.US,D,20220527,000000,26.882,27.3151,26.882,27.3151,2323.409582395,0
REIT.US,D,20220531,000000,28.4767,28.4767,26.9067,27.01,5590.6090651157,0
REIT.US,D,20220601,000000,26.5474,26.8689,26.5474,26.8689,1504.5778712405,0
REIT.US,D,20220602,000000,26.9706,27.1576,26.5277,27.1576,1830.6882673702,0
REIT.US,D,20220603,000000,26.9804,26.9804,26.6754,26.7639,2458.5269739378,0
REIT.US,D,20220606,000000,26.9903,26.9903,26.5769,26.5769,1393.8425653896,0
REIT.US,D,20220607,000000,26.4489,27.01,26.4489,27.01,2954.2960496741,0
REIT.US,D,20220608,000000,26.6852,26.882,26.3308,26.38,2532.6891512508,0
REIT.US,D,20220609,000000,26.1339,26.2914,25.7993,25.7993,5348.8200486706,0
REIT.US,D,20220610,000000,25.6418,25.6418,25.2579,25.3563,4869.305696729,0
REIT.US,D,20220613,000000,24.874,24.874,24.0865,24.2539,28644.887007087,0
REIT.US,D,20220614,000000,24.0274,24.2539,23.9585,24.0607,4689.4878147509,0
REIT.US,D,20220615,000000,24.3326,24.933,24.3326,24.6856,5924.8468231428,0
REIT.US,D,20220616,000000,24.0176,24.3228,24.0176,24.0963,1466.9888224654,0
REIT.US,D,20220617,000000,24.5098,24.5098,24.2637,24.3425,1049.4456049908,0
REIT.US,D,20220621,000000,24.6083,24.7264,24.4901,24.4901,1848.9748316392,0
REIT.US,D,20220622,000000,24.3818,24.7593,24.3818,24.7593,1115.4804204065,0
REIT.US,D,20220623,000000,24.9934,25.1739,24.8845,25.1739,1518.4295005563,0
REIT.US,D,20220624,000000,25.1617,25.6944,25.1617,25.6944,3047.9719249357,0
REIT.US,D,20220627,000000,25.5774,25.8546,25.5477,25.7024,2258.9543334956,0
REIT.US,D,20220628,000000,25.9932,26.1317,25.5032,25.5075,1059.7688264029,0
REIT.US,D,20220629,000000,25.2369,25.2904,25.2013,25.2904,1979.1107063139,0
REIT.US,D,20220630,000000,25.1716,25.2211,25.124,25.124,1223.4318863431,0
REIT.US,D,20220701,000000,25.4684,25.8546,25.429,25.8546,1769.9856852792,0
REIT.US,D,20220705,000000,25.4883,25.5604,24.9043,25.5604,1213.3292283221,0
REIT.US,D,20220706,000000,25.4092,25.7655,25.4092,25.5428,1860.9096074682,0
REIT.US,D,20220707,000000,25.8546,25.8546,25.6154,25.6154,1563.8914616508,0
REIT.US,D,20220708,000000,25.4586,25.6566,25.4586,25.4759,5158.4171855226,0
REIT.US,D,20220711,000000,25.4586,25.4784,25.2904,25.4249,2563.0443399277,0
REIT.US,D,20220712,000000,25.4092,25.5081,25.3217,25.3217,809.2229074821,0
REIT.US,D,20220713,000000,25.33,25.33,25.2211,25.2211,1282.0273028649,0
REIT.US,D,20220714,000000,24.8251,25.0429,24.8251,24.9835,991.0707518601,0
REIT.US,D,20220715,000000,25.0528,25.4666,25.0528,25.4136,1312.3352769279,0
REIT.US,D,20220718,000000,26.2208,26.2208,25.2805,25.3399,5268.5361579515,0
REIT.US,D,20220719,000000,25.7457,25.9833,25.7457,25.9833,1520.4500321605,0
REIT.US,D,20220720,000000,25.6764,26.092,25.6764,25.8645,1933.6487452194,0
REIT.US,D,20220721,000000,26.0229,26.0328,25.7952,26.0328,2663.0606543356,0
REIT.US,D,20220722,000000,26.3099,26.3099,26.1317,26.2703,3577.3512052361,0
REIT.US,D,20220725,000000,26.4782,26.4782,26.2208,26.3495,3718.7884175301,0
REIT.US,D,20220726,000000,26.3619,26.3891,26.2901,26.3891,544.5332673319,0
REIT.US,D,20220727,000000,26.3891,26.5642,26.3198,26.5642,863.7772607955,0
REIT.US,D,20220728,000000,26.7256,27.3627,26.7256,27.3627,2242.790080662,0
REIT.US,D,20220729,000000,27.6363,27.6957,27.3888,27.6462,3004.5304954454,0
REIT.US,D,20220801,000000,27.5967,27.5967,27.2997,27.3888,2916.6373706627,0
REIT.US,D,20220802,000000,27.3212,27.3888,26.98,26.98,2085.1886155344,0
REIT.US,D,20220803,000000,27.2799,27.3492,27.0226,27.0226,1758.8727614561,0
REIT.US,D,20220804,000000,27.1414,27.1414,26.9137,27.0226,1066.8406870176,0
REIT.US,D,20220805,000000,26.6959,27.0664,26.6959,27.0664,1972.0388456992,0
REIT.US,D,20220808,000000,27.0424,27.5571,27.0424,27.3033,2220.5642330158,0
REIT.US,D,20220809,000000,27.4284,27.5967,27.3789,27.5967,1178.9801910507,0
REIT.US,D,20220810,000000,27.8936,27.948,27.8936,27.948,1361.8383012308,0
REIT.US,D,20220811,000000,28.0597,28.0597,27.9144,27.9144,657.6830371671,0
REIT.US,D,20220812,000000,28.1609,28.4084,28.1362,28.4084,2560.0135425214,0
REIT.US,D,20220815,000000,28.4282,28.4804,28.349,28.4455,1609.3534227453,0
REIT.US,D,20220816,000000,28.537,28.5667,28.3842,28.4148,3509.6633964954,0
REIT.US,D,20220817,000000,28.4183,28.448,28.0718,28.3392,2699.4302232112,0
REIT.US,D,20220818,000000,28.1906,28.339,28.037,28.0718,2034.6753254294,0
REIT.US,D,20220819,000000,28.0421,28.0421,27.8145,27.8936,1069.8714844239,0
REIT.US,D,20220822,000000,27.7551,27.7551,27.2364,27.2803,2188.2357273486,0
REIT.US,D,20220823,000000,27.2701,27.2701,26.9212,26.9212,998.1426124748,0
REIT.US,D,20220824,000000,26.8246,27.1216,26.8246,27.1216,1080.984408247,0
REIT.US,D,20220825,000000,27.1513,28.0124,27.1513,28.0124,2157.9277532856,0
REIT.US,D,20220826,000000,27.181,27.181,26.839,26.839,1015.3171311105,0
REIT.US,D,20220829,000000,26.4881,26.7702,26.4881,26.5079,1974.0593773034,0
REIT.US,D,20220830,000000,26.4881,26.4881,26.2245,26.2245,1410.3310597316,0
REIT.US,D,20220831,000000,26.3693,26.493,26.0925,26.0925,1254.7501262082,0
REIT.US,D,20220901,000000,25.7358,26.1378,25.7358,26.1378,1522.4705637647,0
REIT.US,D,20220902,000000,26.3693,26.3693,25.7754,25.791,1010.2658021,0
REIT.US,D,20220906,000000,26.102,26.2109,26.0723,26.2109,7347.6631786733,0
REIT.US,D,20220907,000000,26.3099,26.6165,26.3079,26.6165,3265.1790723872,0
REIT.US,D,20220908,000000,26.7256,26.7256,26.3297,26.686,4108.7510171407,0
REIT.US,D,20220909,000000,26.8642,26.9632,26.8642,26.9114,989.0502202559,0
REIT.US,D,20220912,000000,26.9335,27.0622,26.9335,27.0622,554.6359253529,0
REIT.US,D,20220913,000000,26.7256,26.7256,26.2505,26.2604,2038.7163886378,0
REIT.US,D,20220914,000000,26.0278,26.0278,25.8348,25.9144,2148.8353610667,0
REIT.US,D,20220915,000000,25.7655,25.7655,25.4586,25.4586,1109.2718507058,0
REIT.US,D,20220916,000000,25.0627,25.3498,25.0627,25.3498,4933.1279116543,0
REIT.US,D,20220919,000000,25.0627,25.2112,25.0627,25.2112,1826.5605701968,0
REIT.US,D,20220920,000000,24.6569,24.7955,24.6569,24.7955,1940.7206058341,0
REIT.US,D,20220921,000000,24.8449,24.8549,24.2411,24.3527,2349.8782556846,0
REIT.US,D,20220922,000000,24.46,24.46,23.99,24.1272,4080,0
REIT.US,D,20220923,000000,23.99,23.99,23.68,23.8494,1717,0
REIT.US,D,20220926,000000,23.68,23.68,23.17,23.2341,1679,0
REIT.US,D,20220927,000000,23.54,23.54,22.84,23.01,932,0
REIT.US,D,20220928,000000,22.86,23.47,22.86,23.28,2475,0
REIT.US,D,20220929,000000,22.89,22.8944,22.64,22.7113,1864,0
REIT.US,D,20220930,000000,22.98,23.1,22.82,23.09,3844,0
REIT.US,D,20221003,000000,23.45,23.49,22.99,23.4069,2826,0
REIT.US,D,20221004,000000,23.82,24,23.7499,23.7926,4886,0
REIT.US,D,20221005,000000,23.64,23.64,23.38,23.4159,1769,0
REIT.US,D,20221006,000000,23.61,23.61,22.88,22.96,2990,0
REIT.US,D,20221007,000000,22.4,22.4,22.34,22.4,768,0
REIT.US,D,20221010,000000,22.56,22.56,22.1661,22.1661,8753,0
REIT.US,D,20221011,000000,22,22.58,21.92,22.58,5615,0
REIT.US,D,20221012,000000,22.39,22.45,22.2616,22.2616,1288,0
REIT.US,D,20221013,000000,22,22.79,21.76,22.79,9916,0
REIT.US,D,20221014,000000,22.93,22.93,22.0759,22.0759,4242,0
REIT.US,D,20221017,000000,22.88,22.8858,22.8281,22.8858,1070,0
REIT.US,D,20221018,000000,23.33,23.33,22.97,23.26,6160,0
REIT.US,D,20221019,000000,23.01,23.01,22.5484,22.5484,587,0
REIT.US,D,20221020,000000,22.8,22.8001,22.49,22.5434,1673,0
REIT.US,D,20221021,000000,23,23,22.52,22.81,2233,0
REIT.US,D,20221024,000000,23.1,23.1,22.6399,22.82,5134,0
REIT.US,D,20221025,000000,22.92,23.69,22.92,23.69,9177,0
REIT.US,D,20221026,000000,23.9,23.9,23.5313,23.62,3310,0
REIT.US,D,20221027,000000,23.7175,23.758,23.56,23.6,1663,0
REIT.US,D,20221028,000000,24,24.12,23.982,24.12,2350,0
REIT.US,D,20221031,000000,23.72,24.01,23.72,23.88,7446,0
REIT.US,D,20221101,000000,24.1508,24.1508,23.94,23.96,7394,0
REIT.US,D,20221102,000000,23.78,23.78,23.16,23.16,2051,0
REIT.US,D,20221103,000000,23.42,23.43,22.93,23.39,4466,0
REIT.US,D,20221104,000000,23.42,23.77,23.33,23.77,1344,0
REIT.US,D,20221107,000000,23.92,23.92,23.5738,23.5738,1066,0
REIT.US,D,20221108,000000,23.78,23.865,23.56,23.6788,6540,0
REIT.US,D,20221109,000000,23.71,23.868,23.54,23.63,4392,0
REIT.US,D,20221110,000000,24.5,25.017,24.5,25.017,2511,0
REIT.US,D,20221111,000000,24.9901,25.11,24.77,24.77,5719,0
REIT.US,D,20221114,000000,24.98,24.98,24.5899,24.75,1291,0
REIT.US,D,20221115,000000,24.75,24.75,24.41,24.41,1245,0
REIT.US,D,20221116,000000,24.64,24.64,24.3999,24.43,2554,0
REIT.US,D,20221117,000000,24.17,24.33,24,24.33,1214,0
REIT.US,D,20221118,000000,24.355,24.49,24.3489,24.39,1881,0
REIT.US,D,20221121,000000,24.59,24.75,24.45,24.75,2841,0
REIT.US,D,20221122,000000,24.7799,24.97,24.695,24.97,1906,0
REIT.US,D,20221123,000000,24.8699,24.8699,24.6545,24.78,5423,0
REIT.US,D,20221125,000000,24.65,24.9363,24.65,24.9363,546,0
REIT.US,D,20221128,000000,25,25,24.23,24.27,4328,0
REIT.US,D,20221129,000000,24.46,24.71,24.46,24.6984,1612,0
REIT.US,D,20221130,000000,24.75,25.27,24.515,25.27,2996,0
REIT.US,D,20221201,000000,25.39,25.39,25.17,25.17,1822,0
REIT.US,D,20221202,000000,25,25.17,24.97,25.17,2177,0
REIT.US,D,20221205,000000,25.1,25.1,24.67,24.67,973,0
REIT.US,D,20221206,000000,24.54,24.74,24.3781,24.4579,2395,0
REIT.US,D,20221207,000000,24.5,24.73,24.5,24.61,2586,0
REIT.US,D,20221208,000000,24.78,24.91,24.7423,24.7423,2595,0
REIT.US,D,20221209,000000,24.9,24.9,24.6903,24.6903,1214,0
REIT.US,D,20221212,000000,24.72,24.89,24.51,24.89,9022,0
REIT.US,D,20221213,000000,25.2199,25.2199,25.05,25.2075,1580,0
REIT.US,D,20221214,000000,25.38,25.38,25.12,25.12,1122,0
REIT.US,D,20221215,000000,25,25,24.83,24.85,594,0
REIT.US,D,20221216,000000,24.68,24.68,24,24.16,4889,0
REIT.US,D,20221219,000000,23.82,23.85,23.7902,23.85,959,0
REIT.US,D,20221220,000000,23.57,23.95,23.57,23.77,2531,0
REIT.US,D,20221221,000000,24.15,24.1849,24.0228,24.0228,2647,0
REIT.US,D,20221222,000000,23.5766,23.6779,23.55,23.6779,2355,0
REIT.US,D,20221223,000000,23.75,23.9111,23.75,23.9111,2248,0
REIT.US,D,20221227,000000,24.08,24.08,23.271,23.9165,20960,0
REIT.US,D,20221228,000000,23.79,23.8155,23.4763,23.4763,2500,0
REIT.US,D,20221229,000000,23.66,24,23.66,23.9525,2017,0
REIT.US,D,20221230,000000,23.95,23.95,23.76,23.88,3439,0
REIT.US,D,20230103,000000,24.1,24.1,23.65,23.7996,3202,0
REIT.US,D,20230104,000000,24.4,24.4,24.2,24.2512,1776,0
REIT.US,D,20230105,000000,24.2,24.2,23.5775,23.64,1231,0
REIT.US,D,20230106,000000,23.71,24.16,23.71,24.16,1355,0
REIT.US,D,20230109,000000,24.16,24.35,24.08,24.13,2617,0
REIT.US,D,20230110,000000,24.19,24.19,24.05,24.1597,1597,0
REIT.US,D,20230111,000000,24.859,25.1,24.859,25.0768,3624,0
REIT.US,D,20230112,000000,25.08,25.35,25.08,25.3,1637,0
REIT.US,D,20230113,000000,25.25,25.25,25.0995,25.24,3626,0
REIT.US,D,20230117,000000,25.39,25.39,25.326,25.33,5659,0
REIT.US,D,20230118,000000,25.59,25.59,24.97,25.0318,5083,0
REIT.US,D,20230119,000000,24.77,25,24.77,24.95,3659,0
REIT.US,D,20230120,000000,25.06,25.252,24.905,25.2229,9508,0
REIT.US,D,20230123,000000,25.39,25.5203,25.15,25.5,2778,0
REIT.US,D,20230124,000000,25.5,25.63,25.15,25.6271,3764,0
REIT.US,D,20230125,000000,25.35,25.57,25.35,25.5682,2127,0
REIT.US,D,20230126,000000,25.81,25.81,25.6937,25.7811,1821,0
REIT.US,D,20230127,000000,25.9,26.2,25.9,26.1248,1868,0
REIT.US,D,20230130,000000,26.1,26.1,25.7967,25.7967,2430,0
REIT.US,D,20230131,000000,25.97,26.32,25.97,26.32,5032,0
REIT.US,D,20230201,000000,26.32,26.55,26.0317,26.44,4491,0
REIT.US,D,20230202,000000,26.82,27.19,26.82,27.0094,2752,0
REIT.US,D,20230203,000000,26.91,26.91,26.4325,26.55,4565,0
REIT.US,D,20230206,000000,26.63,26.63,26.372,26.4602,4708,0
REIT.US,D,20230207,000000,26.48,26.51,26.14,26.41,3544,0
REIT.US,D,20230208,000000,26.45,26.45,26.265,26.3107,6430,0
REIT.US,D,20230209,000000,26.82,26.82,26.06,26.06,3134,0
REIT.US,D,20230210,000000,26.15,26.19,25.89,26.19,3835,0
REIT.US,D,20230213,000000,26.56,26.56,26.32,26.41,4017,0
REIT.US,D,20230214,000000,26.43,26.48,26.05,26.21,1865,0
REIT.US,D,20230215,000000,26.17,26.29,26.06,26.29,2522,0
REIT.US,D,20230216,000000,26.12,26.1201,25.76,26.04,4041,0
REIT.US,D,20230217,000000,26.09,26.09,25.66,25.93,2333,0
REIT.US,D,20230221,000000,25.67,25.77,25.4,25.51,5235,0
REIT.US,D,20230222,000000,25.44,25.5199,25.28,25.35,2230,0
REIT.US,D,20230223,000000,25.4899,25.49,25.33,25.49,2138,0
REIT.US,D,20230224,000000,25.37,25.37,25.08,25.15,754,0
REIT.US,D,20230227,000000,25.4,25.4,25.154,25.154,884,0
REIT.US,D,20230228,000000,25.1,25.1,25.1,25.1,289,0
REIT.US,D,20230301,000000,24.96,24.96,24.56,24.7691,10136,0
REIT.US,D,20230302,000000,24.86,25.12,24.86,25.12,1007,0
REIT.US,D,20230303,000000,25.41,25.51,25.35,25.5,2163,0
REIT.US,D,20230306,000000,25.56,25.56,25.43,25.43,1526,0
REIT.US,D,20230307,000000,25.3401,25.3401,24.81,24.89,3600,0
REIT.US,D,20230308,000000,24.915,25.14,24.915,25.14,1027,0
REIT.US,D,20230309,000000,25.06,25.06,24.58,24.58,2150,0
REIT.US,D,20230310,000000,24.5,24.5,23.6045,23.6045,2598,0
REIT.US,D,20230313,000000,23.56,24.1,23.56,23.9047,2216,0
REIT.US,D,20230314,000000,24.42,24.42,23.95,24.14,2990,0
REIT.US,D,20230315,000000,23.87,24.01,23.76,23.9904,18676,0
REIT.US,D,20230316,000000,24,24,23.86,23.92,1815,0
REIT.US,D,20230317,000000,23.5,23.5,23.3593,23.3593,1596,0
REIT.US,D,20230320,000000,23.48,23.72,23.48,23.64,1768,0
REIT.US,D,20230321,000000,23.8,23.8,23.52,23.5546,1177,0
REIT.US,D,20230322,000000,23.15,23.2699,22.63,22.63,3195,0
REIT.US,D,20230323,000000,22.77,22.77,22.42,22.42,4863,0
REIT.US,D,20230324,000000,22.25,22.9023,22.25,22.9023,1508,0
REIT.US,D,20230327,000000,23.06,23.08,22.9916,22.9916,1561,0
REIT.US,D,20230328,000000,22.9301,23.03,22.9301,23.02,854,0
REIT.US,D,20230329,000000,23.405,23.55,23.365,23.4802,3416,0
REIT.US,D,20230330,000000,23.7283,23.82,23.7283,23.82,3154,0
REIT.US,D,20230331,000000,24,24.36,23.9656,24.36,1763,0
REIT.US,D,20230403,000000,24.38,24.4711,24.07,24.146,8636,0
REIT.US,D,20230404,000000,24.17,24.17,24,24.085,1292,0
REIT.US,D,20230405,000000,23.96,23.9799,23.91,23.9651,7247,0
REIT.US,D,20230406,000000,23.82,24.18,23.82,24.13,17656,0
REIT.US,D,20230410,000000,23.9,24.22,23.85,24.22,13404,0
REIT.US,D,20230411,000000,24.5,24.5,24.21,24.3,3400,0
REIT.US,D,20230412,000000,24.32,24.45,24.08,24.1161,4198,0
REIT.US,D,20230413,000000,23.8,23.9751,23.8,23.9751,1827,0
REIT.US,D,20230414,000000,24.08,24.08,23.51,23.6351,3307,0
REIT.US,D,20230417,000000,23.58,24.16,23.58,24.1466,2931,0
REIT.US,D,20230418,000000,24.16,24.16,24.03,24.1181,1485,0
REIT.US,D,20230419,000000,24.08,24.2992,24.08,24.28,2557,0
REIT.US,D,20230420,000000,24.26,24.26,24.0408,24.1,3075,0
REIT.US,D,20230421,000000,24.23,24.2699,24.11,24.11,1299,0
REIT.US,D,20230424,000000,24.17,24.17,23.9101,24.1,2230,0
REIT.US,D,20230425,000000,23.9,23.945,23.85,23.91,2694,0
REIT.US,D,20230426,000000,23.86,23.925,23.6,23.73,3973,0
REIT.US,D,20230427,000000,23.85,24.18,23.85,24.18,1000,0
REIT.US,D,20230428,000000,24.38,24.57,24.38,24.54,2919,0
REIT.US,D,20230501,000000,24.56,24.56,24.41,24.41,5052,0
REIT.US,D,20230502,000000,24.21,24.28,23.92,23.97,2664,0
REIT.US,D,20230503,000000,24.12,24.1501,23.86,23.8798,3650,0
REIT.US,D,20230504,000000,23.92,24.27,23.8,24.18,1580,0
REIT.US,D,20230505,000000,24.3701,24.54,24.3701,24.52,2229,0
REIT.US,D,20230508,000000,24.63,24.63,24.42,24.4753,1167,0
REIT.US,D,20230509,000000,24.1,24.294,24.1,24.27,1151,0
REIT.US,D,20230510,000000,24.36,24.53,24.36,24.53,1394,0
REIT.US,D,20230511,000000,24.21,24.21,24.21,24.21,317,0
REIT.US,D,20230512,000000,24.14,24.21,24.1,24.17,2923,0
REIT.US,D,20230515,000000,24.34,24.34,24.2076,24.2076,1920,0
REIT.US,D,20230516,000000,24.21,24.21,23.53,23.53,1253,0
REIT.US,D,20230517,000000,23.64,23.816,23.64,23.79,881,0
REIT.US,D,20230518,000000,23.8,23.8,23.56,23.66,3244,0
REIT.US,D,20230519,000000,23.85,23.85,23.63,23.63,1306,0
REIT.US,D,20230522,000000,23.81,23.95,23.56,23.76,3678,0
REIT.US,D,20230523,000000,23.92,23.92,23.6,23.64,2657,0
REIT.US,D,20230524,000000,23.56,23.56,23.0866,23.0866,8487,0
REIT.US,D,20230525,000000,23.21,23.25,23.1353,23.1353,1904,0
REIT.US,D,20230526,000000,23.13,23.41,23.13,23.41,975,0
REIT.US,D,20230530,000000,23.5,23.7062,23.44,23.5,2983,0
REIT.US,D,20230531,000000,23.54,23.6382,23.4601,23.62,2157,0
REIT.US,D,20230601,000000,23.61,23.61,23.4901,23.5991,917,0
REIT.US,D,20230602,000000,24.09,24.1501,24.09,24.11,2095,0
REIT.US,D,20230605,000000,24.23,24.23,23.97,23.97,7086,0
REIT.US,D,20230606,000000,24.22,24.2537,24.16,24.2537,2309,0
REIT.US,D,20230607,000000,24.4372,24.67,24.4372,24.62,3089,0
REIT.US,D,20230608,000000,24.77,24.77,24.36,24.54,1455,0
REIT.US,D,20230609,000000,24.44,24.44,24.32,24.4,1100,0
REIT.US,D,20230612,000000,24.31,24.31,24.162,24.28,1621,0
REIT.US,D,20230613,000000,24.2,24.499,24.2,24.43,5063,0
REIT.US,D,20230614,000000,24.6,24.71,24.4001,24.52,3938,0
REIT.US,D,20230615,000000,24.44,24.61,24.44,24.61,4722,0
REIT.US,D,20230616,000000,24.56,24.8228,24.56,24.67,1344,0
REIT.US,D,20230620,000000,24.72,25.5,24.29,24.45,6919,0
REIT.US,D,20230621,000000,24.19,24.301,24.19,24.26,2447,0
REIT.US,D,20230622,000000,24.19,24.19,23.56,23.73,19412,0
REIT.US,D,20230623,000000,23.6399,23.6399,23.32,23.32,993,0
REIT.US,D,20230626,000000,23.71,24.04,23.19,24.04,4024,0
REIT.US,D,20230627,000000,24.14,24.3,24.14,24.3,2496,0
REIT.US,D,20230628,000000,24.18,24.25,24.17,24.17,2449,0
REIT.US,D,20230629,000000,24.3403,24.415,24.34,24.415,1263,0
REIT.US,D,20230630,000000,24.65,24.65,24.3234,24.53,1415,0
REIT.US,D,20230703,000000,24.33,24.84,24.33,24.84,1320,0
REIT.US,D,20230705,000000,24.61,25.06,24.61,24.83,4000,0
REIT.US,D,20230706,000000,24.76,24.8,24.76,24.8,2043,0
REIT.US,D,20230707,000000,24.65,24.76,24.6201,24.66,1458,0
REIT.US,D,20230710,000000,24.99,24.99,24.58,24.76,2579,0
REIT.US,D,20230711,000000,24.88,25.1964,24.88,25.1964,749,0
REIT.US,D,20230712,000000,25.49,25.5,25.3,25.3,4065,0
REIT.US,D,20230713,000000,25.3,25.511,25.25,25.511,3058,0
REIT.US,D,20230714,000000,25.44,25.47,25.39,25.47,692,0
REIT.US,D,20230717,000000,25.52,25.52,25.39,25.44,1482,0
REIT.US,D,20230718,000000,25.46,25.46,25.05,25.12,2197,0
REIT.US,D,20230719,000000,25.3401,25.51,25.3401,25.45,1313,0
REIT.US,D,20230720,000000,25.31,25.55,25.31,25.55,5585,0
REIT.US,D,20230721,000000,25.5,25.76,25.5,25.68,2201,0
REIT.US,D,20230724,000000,25.68,25.81,25.68,25.81,1033,0
REIT.US,D,20230725,000000,25.86,25.86,25.655,25.67,2162,0
REIT.US,D,20230726,000000,25.84,25.84,25.63,25.7525,4582,0
REIT.US,D,20230727,000000,25.82,25.82,25.13,25.13,1015,0
REIT.US,D,20230728,000000,25.42,25.42,25.2199,25.25,3280,0
REIT.US,D,20230731,000000,25.48,25.48,25.33,25.347,2273,0
REIT.US,D,20230801,000000,25.33,25.34,25.19,25.27,1555,0
REIT.US,D,20230802,000000,25.23,25.23,25.1,25.16,1404,0
REIT.US,D,20230803,000000,25.23,25.23,24.5078,24.9,4058,0
REIT.US,D,20230804,000000,24.89,24.89,24.643,24.643,1310,0
REIT.US,D,20230807,000000,24.64,25.06,24.64,25.06,2111,0
REIT.US,D,20230808,000000,24.92,24.92,24.6967,24.82,1042,0
REIT.US,D,20230809,000000,24.87,24.87,24.77,24.7901,2519,0
REIT.US,D,20230810,000000,24.93,25.08,24.65,24.65,3731,0
REIT.US,D,20230811,000000,24.6601,24.77,24.6601,24.77,2126,0
REIT.US,D,20230814,000000,24.8,24.8677,23.77,24.533,2904,0
REIT.US,D,20230815,000000,24.22,24.25,24.22,24.22,1609,0
REIT.US,D,20230816,000000,24.55,24.55,24.02,24.02,5222,0
REIT.US,D,20230817,000000,24.23,24.23,23.86,23.89,2862,0
REIT.US,D,20230818,000000,23.95,23.99,23.9,23.99,2664,0
REIT.US,D,20230821,000000,24.13,24.13,23.74,23.75,1978,0
REIT.US,D,20230822,000000,23.68,23.8286,23.68,23.77,6984,0
REIT.US,D,20230823,000000,23.92,24.1501,23.92,24.14,1184,0
REIT.US,D,20230824,000000,24.26,24.3,24.12,24.12,3705,0
REIT.US,D,20230825,000000,24.07,24.12,24.07,24.12,463,0
REIT.US,D,20230828,000000,24.07,24.42,24.07,24.27,2923,0
REIT.US,D,20230829,000000,24.275,24.5893,24.275,24.54,1549,0
REIT.US,D,20230830,000000,24.6401,24.74,24.6401,24.74,1070,0
REIT.US,D,20230831,000000,24.83,24.83,24.5043,24.5043,885,0
REIT.US,D,20230901,000000,24.5901,24.69,24.52,24.5531,1846,0
REIT.US,D,20230905,000000,24.63,24.63,24.31,24.31,1316,0
REIT.US,D,20230906,000000,24.25,24.28,24.0601,24.23,2167,0
REIT.US,D,20230907,000000,24.62,24.63,24.34,24.405,2219,0
REIT.US,D,20230908,000000,24.5,24.5,24.3178,24.3178,643,0
REIT.US,D,20230911,000000,24.29,24.35,24.28,24.3,1710,0
REIT.US,D,20230912,000000,24.19,24.41,24.18,24.3765,2426,0
REIT.US,D,20230913,000000,24.13,24.13,24.11,24.11,441,0
REIT.US,D,20230914,000000,24.5,24.648,24.49,24.5811,3977,0
REIT.US,D,20230915,000000,24.45,24.59,24.45,24.5065,1122,0
REIT.US,D,20230918,000000,24.59,24.59,24.2501,24.29,1020,0
REIT.US,D,20230919,000000,24.18,24.28,24.18,24.1881,1687,0
REIT.US,D,20230920,000000,24.42,24.42,24.2633,24.2633,742,0
REIT.US,D,20230921,000000,23.94,23.94,23.34,23.34,2263,0
REIT.US,D,20230922,000000,23.28,23.365,23.13,23.13,2155,0
REIT.US,D,20230925,000000,23.1,23.16,23.03,23.16,1665,0
REIT.US,D,20230926,000000,23.05,23.05,22.65,22.71,2795,0
REIT.US,D,20230927,000000,22.92,22.92,22.5351,22.5351,3271,0
REIT.US,D,20230928,000000,22.51,22.88,22.51,22.76,2214,0
REIT.US,D,20230929,000000,22.99,23.045,22.7903,22.7903,3192,0
REIT.US,D,20231002,000000,22.81,22.82,22.4,22.4,1357,0
REIT.US,D,20231003,000000,22.19,22.19,21.9001,21.94,1867,0
REIT.US,D,20231004,000000,21.96,22.2103,21.88,22.2103,2584,0
REIT.US,D,20231005,000000,22.301,22.38,22.1,22.3403,2205,0
REIT.US,D,20231006,000000,22.34,22.43,22.168,22.43,1525,0
REIT.US,D,20231009,000000,22.38,22.6283,22.37,22.6283,5399,0
REIT.US,D,20231010,000000,22.7375,22.74,22.7292,22.74,906,0
REIT.US,D,20231011,000000,22.93,23.12,22.91,23.1023,1742,0
REIT.US,D,20231012,000000,22.783,22.783,22.783,22.783,184,0
REIT.US,D,20231013,000000,22.6775,22.6775,22.6775,22.6775,838,0
REIT.US,D,20231016,000000,22.87,22.9699,22.8499,22.96,1417,0
REIT.US,D,20231017,000000,23.11,23.11,22.79,22.8933,878,0
REIT.US,D,20231018,000000,22.61,22.61,22.48,22.48,1239,0
REIT.US,D,20231019,000000,22.34,22.34,21.88,21.88,1199,0
REIT.US,D,20231020,000000,21.97,21.97,21.7288,21.7288,1932,0
REIT.US,D,20231023,000000,21.65,21.7,21.41,21.4924,2935,0
REIT.US,D,20231024,000000,21.695,21.745,21.675,21.745,1266,0
REIT.US,D,20231025,000000,21.24,21.28,21.23,21.28,1435,0
REIT.US,D,20231026,000000,21.56,21.56,21.5438,21.5438,742,0
REIT.US,D,20231027,000000,21.28,21.28,21.205,21.2061,570,0
REIT.US,D,20231030,000000,21.41,21.41,21.1,21.36,1395,0
REIT.US,D,20231031,000000,21.29,21.61,21.29,21.61,2523,0
REIT.US,D,20231101,000000,21.78,21.83,21.66,21.83,6007,0
REIT.US,D,20231102,000000,22.29,22.5,22.29,22.45,1486,0
REIT.US,D,20231103,000000,23.15,23.15,22.99,22.99,6430,0
REIT.US,D,20231106,000000,23.09,23.09,22.58,22.6355,1767,0
REIT.US,D,20231107,000000,22.68,22.68,22.41,22.49,758,0
REIT.US,D,20231108,000000,22.5597,22.5969,22.46,22.5969,857,0
REIT.US,D,20231109,000000,22.27,22.27,22.196,22.196,569,0
REIT.US,D,20231110,000000,22.3,22.3974,22.24,22.3974,1938,0
REIT.US,D,20231113,000000,22.2,22.2,22.1,22.15,2615,0
REIT.US,D,20231114,000000,22.7,23.5,22.7,23.37,1035,0
REIT.US,D,20231115,000000,23.57,23.57,23.45,23.45,2425,0
REIT.US,D,20231116,000000,23.4,23.49,23.3645,23.3645,1710,0
REIT.US,D,20231117,000000,23.66,23.66,23.3427,23.3427,1028,0
REIT.US,D,20231120,000000,23.31,23.5397,23.31,23.5,1930,0
REIT.US,D,20231121,000000,23.43,23.43,23.37,23.42,2457,0
REIT.US,D,20231122,000000,23.58,23.58,23.43,23.4823,1330,0
REIT.US,D,20231124,000000,23.38,23.5404,23.3,23.5404,1830,0
REIT.US,D,20231127,000000,23.55,23.66,23.55,23.5715,2279,0
REIT.US,D,20231128,000000,23.65,23.7,23.46,23.7,2767,0
REIT.US,D,20231129,000000,23.82,24,23.75,23.8145,9704,0
REIT.US,D,20231130,000000,23.91,24.07,23.892,24.07,3721,0
REIT.US,D,20231201,000000,23.95,24.64,23.95,24.64,3324,0
REIT.US,D,20231204,000000,24.64,24.96,24.64,24.96,5910,0
REIT.US,D,20231205,000000,24.66,24.702,24.56,24.702,1101,0
REIT.US,D,20231206,000000,24.81,24.93,24.6457,24.6457,2565,0
REIT.US,D,20231207,000000,24.59,24.7501,24.59,24.75,1201,0
REIT.US,D,20231208,000000,24.62,24.7701,24.555,24.7701,5064,0
REIT.US,D,20231211,000000,24.72,24.88,24.7,24.88,2629,0
REIT.US,D,20231212,000000,25,25,24.77,24.9025,2972,0
REIT.US,D,20231213,000000,25,25.9,25,25.9,3306,0
REIT.US,D,20231214,000000,26.35,26.77,26.35,26.59,6919,0
REIT.US,D,20231215,000000,26.31,26.42,26.05,26.29,7603,0
REIT.US,D,20231218,000000,26.28,26.28,26.1,26.1,5150,0
REIT.US,D,20231219,000000,26.29,26.3999,26.29,26.38,1971,0
REIT.US,D,20231220,000000,26.37,26.5699,26.04,26.04,3858,0
REIT.US,D,20231221,000000,26.19,26.19,25.6577,25.8853,5269,0
REIT.US,D,20231222,000000,26.116,26.1199,26.03,26.05,2909,0
REIT.US,D,20231226,000000,26.06,26.2393,26.0525,26.2393,5697,0
REIT.US,D,20231227,000000,26.35,26.41,26.27,26.325,8996,0
REIT.US,D,20231228,000000,26.43,26.59,26.385,26.59,3016,0
REIT.US,D,20231229,000000,26.66,26.66,26.26,26.26,3105,0
REIT.US,D,20240102,000000,26.21,26.58,26.21,26.57,6708,0
REIT.US,D,20240103,000000,26.54,26.54,25.95,26.01,4229,0
REIT.US,D,20240104,000000,26,26.09,25.89,25.97,2348,0
REIT.US,D,20240105,000000,25.82,25.93,25.71,25.93,2194,0
REIT.US,D,20240108,000000,25.91,26.3,25.91,26.28,4961,0
REIT.US,D,20240109,000000,26.14,26.2499,26.09,26.1224,3320,0
REIT.US,D,20240110,000000,26.27,26.378,26.2191,26.2191,9323,0
REIT.US,D,20240111,000000,26.29,26.29,25.88,26.0004,5024,0
REIT.US,D,20240112,000000,26.17,26.17,26.1,26.13,1669,0
REIT.US,D,20240116,000000,26.12,26.18,26.0198,26.12,5607,0
REIT.US,D,20240117,000000,25.9,25.9193,25.37,25.5671,3017,0
REIT.US,D,20240118,000000,25.59,25.59,25.2201,25.4019,30420,0
REIT.US,D,20240119,000000,25.55,25.79,25.4,25.7247,5335,0
REIT.US,D,20240122,000000,25.83,25.93,25.7977,25.8494,3484,0
REIT.US,D,20240123,000000,25.92,25.92,25.53,25.6745,5208,0
REIT.US,D,20240124,000000,25.85,25.85,25.3025,25.39,9053,0
REIT.US,D,20240125,000000,25.86,25.86,25.45,25.61,2807,0
REIT.US,D,20240126,000000,25.695,25.695,25.495,25.6,106242,0
REIT.US,D,20240129,000000,25.7,25.76,25.51,25.75,11494,0
REIT.US,D,20240130,000000,25.75,25.75,25.4856,25.51,1507,0
REIT.US,D,20240131,000000,25.45,25.73,25.14,25.3,5048,0
REIT.US,D,20240201,000000,25.14,25.59,25.109,25.59,5527,0
REIT.US,D,20240202,000000,25.87,25.87,25.034,25.38,4941,0
REIT.US,D,20240205,000000,25.13,25.13,24.78,24.88,7494,0
REIT.US,D,20240206,000000,24.87,25.2,24.87,25.2,1220,0
REIT.US,D,20240207,000000,25.16,25.24,24.95,25.0964,3813,0
REIT.US,D,20240208,000000,25.05,25.54,25.05,25.52,18332,0
REIT.US,D,20240209,000000,25.4,25.51,25.301,25.45,13859,0
REIT.US,D,20240212,000000,25.52,25.52,25.41,25.47,12704,0
REIT.US,D,20240213,000000,25.2,25.2,24.6452,25,5197,0
REIT.US,D,20240214,000000,25.15,25.17,24.88,25.12,4060,0
REIT.US,D,20240215,000000,25.4301,25.6,25.39,25.58,2286,0
REIT.US,D,20240216,000000,25.51,25.51,25.37,25.37,2485,0
REIT.US,D,20240220,000000,25.21,25.43,25.21,25.35,6301,0
REIT.US,D,20240221,000000,25.34,25.57,25.34,25.57,2238,0
REIT.US,D,20240222,000000,25.58,25.595,25.46,25.58,1153,0
REIT.US,D,20240223,000000,25.55,25.6,25.5,25.5,1935,0
REIT.US,D,20240226,000000,25.49,25.49,25.12,25.22,3678,0
REIT.US,D,20240227,000000,25.22,25.2901,25.195,25.2231,2142,0
REIT.US,D,20240228,000000,25.095,25.5599,25.095,25.3609,3728,0
REIT.US,D,20240229,000000,25.52,25.575,25.48,25.54,2920,0
REIT.US,D,20240301,000000,25.27,25.7567,25.2699,25.7567,2795,0
REIT.US,D,20240304,000000,25.84,26,25.71,25.97,3217,0
REIT.US,D,20240305,000000,26.046,26.046,25.62,25.71,12228,0
REIT.US,D,20240306,000000,25.99,25.99,25.675,25.86,5955,0
REIT.US,D,20240307,000000,25.91,25.91,25.69,25.77,3428,0
REIT.US,D,20240308,000000,25.9,26.1199,25.9,26.0561,3191,0
REIT.US,D,20240311,000000,26.11,26.11,25.8531,25.9228,13099,0
REIT.US,D,20240312,000000,26.04,26.04,25.7699,25.923,5123,0
REIT.US,D,20240313,000000,25.97,26.03,25.82,25.83,6968,0
REIT.US,D,20240314,000000,25.88,25.88,25.251,25.4079,5299,0
REIT.US,D,20240315,000000,25.37,25.43,25.2785,25.3756,2027,0
REIT.US,D,20240318,000000,25.63,25.63,25.38,25.43,4391,0
REIT.US,D,20240319,000000,25.43,25.48,25.31,25.48,4260,0
REIT.US,D,20240320,000000,25.53,25.57,25.2806,25.55,4686,0
REIT.US,D,20240321,000000,25.58,25.58,25.34,25.5,8575,0
REIT.US,D,20240322,000000,25.74,25.74,25.14,25.2,11246,0
REIT.US,D,20240325,000000,25.34,25.34,24.98,24.98,7867,0
REIT.US,D,20240326,000000,25.09,25.09,24.89,24.93,5755,0
REIT.US,D,20240327,000000,25.11,25.58,25.11,25.58,9942,0
REIT.US,D,20240328,000000,25.59,25.81,25.59,25.81,5905,0
REIT.US,D,20240401,000000,25.81,25.81,25.32,25.34,4967,0
REIT.US,D,20240402,000000,25.3,25.3,24.9101,25.02,5386,0
REIT.US,D,20240403,000000,25,25,24.9399,24.98,2272,0
REIT.US,D,20240404,000000,25.11,25.265,24.8,24.86,5301,0
REIT.US,D,20240405,000000,24.79,25.02,24.77,25.02,7192,0
REIT.US,D,20240408,000000,25.15,25.37,25.1399,25.37,3017,0
REIT.US,D,20240409,000000,25.64,25.67,25.4699,25.67,2551,0
REIT.US,D,20240410,000000,25.35,25.35,24.6299,24.75,9158,0
REIT.US,D,20240411,000000,25.04,25.04,24.6001,24.81,6554,0
REIT.US,D,20240412,000000,24.86,24.86,24.42,24.52,5512,0
REIT.US,D,20240415,000000,24.85,24.85,24.0371,24.14,6140,0
REIT.US,D,20240416,000000,23.94,23.9994,23.75,23.86,5548,0
REIT.US,D,20240417,000000,23.76,23.81,23.7,23.76,2021,0
REIT.US,D,20240418,000000,23.92,23.92,23.61,23.65,1970,0
REIT.US,D,20240419,000000,24.07,24.07,23.7803,23.7803,3058,0
REIT.US,D,20240422,000000,24.13,24.13,23.79,24.04,7236,0
REIT.US,D,20240423,000000,24.06,24.2601,24.06,24.255,5553,0
REIT.US,D,20240424,000000,24.29,24.29,24.165,24.24,4951,0
REIT.US,D,20240425,000000,24.29,24.29,23.96,24.08,5673,0
REIT.US,D,20240426,000000,24.25,24.25,24.1,24.1,3241,0
REIT.US,D,20240429,000000,24.32,24.43,24.2701,24.34,9961,0
REIT.US,D,20240430,000000,24.39,24.39,23.86,23.86,6408,0
REIT.US,D,20240501,000000,23.91,24.26,23.86,23.86,10488,0
REIT.US,D,20240502,000000,23.995,24.26,23.995,24.26,1048,0
REIT.US,D,20240503,000000,24.38,24.46,24.34,24.46,3371,0
REIT.US,D,20240506,000000,24.8,24.8,24.375,24.51,7725,0
REIT.US,D,20240507,000000,24.55,24.8,24.55,24.73,6506,0
REIT.US,D,20240508,000000,24.56,24.57,24.46,24.52,5950,0
REIT.US,D,20240509,000000,24.78,24.98,24.78,24.98,6307,0
REIT.US,D,20240510,000000,25.13,25.13,24.86,24.9111,3688,0
REIT.US,D,20240513,000000,24.99,25.1,24.955,25.05,2249,0
REIT.US,D,20240514,000000,25.29,25.29,25.11,25.26,4550,0
REIT.US,D,20240515,000000,25.5,25.59,25.49,25.49,8503,0
REIT.US,D,20240516,000000,25.54,25.58,25.48,25.48,5697,0
REIT.US,D,20240517,000000,25.55,25.59,25.465,25.52,13874,0
REIT.US,D,20240520,000000,25.57,25.57,25.32,25.36,4934,0
REIT.US,D,20240521,000000,25.42,25.42,25.2703,25.39,7097,0
REIT.US,D,20240522,000000,25.37,25.37,25.12,25.17,2082,0
REIT.US,D,20240523,000000,25.26,25.26,24.61,24.65,6198,0
REIT.US,D,20240524,000000,24.77,24.77,24.6332,24.65,7435,0
REIT.US,D,20240528,000000,24.68,24.795,24.52,24.52,3736,0
REIT.US,D,20240529,000000,24.26,24.26,24.14,24.2373,6852,0
REIT.US,D,20240530,000000,24.3,24.55,24.3,24.5281,4240,0
REIT.US,D,20240531,000000,24.63,24.95,24.63,24.95,2515,0
REIT.US,D,20240603,000000,25.05,25.0647,24.95,24.98,2873,0
REIT.US,D,20240604,000000,24.97,25.27,24.95,25.1379,4487,0
REIT.US,D,20240605,000000,25.21,25.21,25.0599,25.0869,1825,0
REIT.US,D,20240606,000000,25.09,25.1023,25.03,25.1023,3121,0
REIT.US,D,20240607,000000,25.27,25.27,24.765,24.94,4289,0
REIT.US,D,20240610,000000,24.8,25.06,24.8,24.94,5201,0
REIT.US,D,20240611,000000,25.06,25.06,24.801,24.93,8429,0
REIT.US,D,20240612,000000,25.55,25.57,25.2,25.2,5084,0
REIT.US,D,20240613,000000,25.08,25.25,25.08,25.208,2511,0
REIT.US,D,20240614,000000,25.22,25.24,25.0499,25.24,3031,0
REIT.US,D,20240617,000000,25.26,25.2709,25.0399,25.21,9698,0
REIT.US,D,20240618,000000,25.31,25.43,25.25,25.43,6697,0
REIT.US,D,20240620,000000,25.26,25.26,24.96,25.0463,19065,0
REIT.US,D,20240621,000000,25.01,25.02,25.01,25.01,13304,0
REIT.US,D,20240624,000000,25.17,25.45,25.09,25.2923,3101,0
REIT.US,D,20240625,000000,25.41,25.41,24.88,25,5188,0
REIT.US,D,20240626,000000,24.81,24.96,24.81,24.9301,5622,0
REIT.US,D,20240627,000000,24.92,25.0771,24.87,25.0771,2974,0
REIT.US,D,20240628,000000,25.34,25.4295,25.2,25.4295,7807,0
REIT.US,D,20240701,000000,25.6,25.6,25.05,25.21,3158,0
REIT.US,D,20240702,000000,25.06,25.41,25.06,25.29,9441,0
REIT.US,D,20240703,000000,25.39,25.43,25.24,25.3,1979,0
REIT.US,D,20240705,000000,25.38,25.38,25.25,25.33,9489,0
REIT.US,D,20240708,000000,25.39,25.46,25.27,25.31,5972,0
REIT.US,D,20240709,000000,25.31,25.46,25.31,25.38,11937,0
REIT.US,D,20240710,000000,25.66,25.66,25.3495,25.5674,3636,0
REIT.US,D,20240711,000000,25.99,26.21,25.99,26.17,13032,0
REIT.US,D,20240712,000000,26.21,26.47,26.21,26.33,12584,0
REIT.US,D,20240715,000000,26.61,26.61,26.35,26.54,8744,0
REIT.US,D,20240716,000000,26.86,26.87,26.598,26.86,4084,0
REIT.US,D,20240717,000000,26.85,27.16,26.79,27.03,7711,0
REIT.US,D,20240718,000000,26.92,27.34,26.87,27,21142,0
REIT.US,D,20240719,000000,27.1563,27.1563,26.6916,26.83,12372,0
REIT.US,D,20240722,000000,26.92,27.17,26.72,27.17,8366,0
REIT.US,D,20240723,000000,27.22,27.269,27.03,27.23,8718,0
REIT.US,D,20240724,000000,27.22,27.248,26.77,26.77,12028,0
REIT.US,D,20240725,000000,26.7,26.92,26.45,26.47,6842,0
REIT.US,D,20240726,000000,26.61,26.98,26.61,26.85,87034,0
REIT.US,D,20240729,000000,27.12,27.12,26.905,27.12,4205,0
REIT.US,D,20240730,000000,27.15,27.33,27.05,27.33,4358,0
REIT.US,D,20240731,000000,27.39,27.47,27.12,27.12,4743,0
REIT.US,D,20240801,000000,27.23,27.43,27.12,27.27,4418,0
REIT.US,D,20240802,000000,27.33,27.33,27.0189,27.26,4415,0
REIT.US,D,20240805,000000,26.32,27.101,25.98,26.41,18656,0
REIT.US,D,20240806,000000,26.92,27.25,26.92,27.1,5264,0
REIT.US,D,20240807,000000,27.36,27.36,26.9,26.92,7279,0
REIT.US,D,20240808,000000,26.94,27.1987,26.9011,27.1,7878,0
REIT.US,D,20240809,000000,27.12,27.41,27.12,27.39,10667,0
REIT.US,D,20240812,000000,27.49,27.49,26.95,27.12,12544,0
REIT.US,D,20240813,000000,27.18,27.35,27.18,27.35,3371,0
REIT.US,D,20240814,000000,27.33,27.545,27.33,27.41,10568,0
REIT.US,D,20240815,000000,27.86,27.86,27.335,27.53,10974,0
REIT.US,D,20240816,000000,27.4,27.48,27.29,27.43,6778,0
REIT.US,D,20240819,000000,27.51,27.67,27.455,27.67,6366,0
REIT.US,D,20240820,000000,27.6,27.6,27.535,27.57,24506,0
REIT.US,D,20240821,000000,27.75,27.78,27.54,27.78,5866,0
REIT.US,D,20240822,000000,28,28,27.6901,27.91,4072,0
REIT.US,D,20240823,000000,28.14,28.43,28.14,28.39,5107,0
REIT.US,D,20240826,000000,28.76,28.76,28.2801,28.37,8905,0
REIT.US,D,20240827,000000,28.27,28.51,28.25,28.48,10297,0
REIT.US,D,20240828,000000,28.55,28.55,28.25,28.49,3987,0
REIT.US,D,20240829,000000,28.49,28.49,28.22,28.3431,7093,0
REIT.US,D,20240830,000000,28.4,28.68,28.375,28.68,5060,0
REIT.US,D,20240903,000000,28.56,28.64,28.31,28.31,11876,0
REIT.US,D,20240904,000000,28.54,28.7701,28.465,28.63,6317,0
REIT.US,D,20240905,000000,28.88,28.88,28.49,28.52,10489,0
REIT.US,D,20240906,000000,28.5,28.5,28.14,28.39,6131,0
REIT.US,D,20240909,000000,28.62,28.66,28.32,28.62,10764,0
REIT.US,D,20240910,000000,28.76,28.97,28.62,28.97,8530,0
REIT.US,D,20240911,000000,28.77,28.93,28.5,28.93,5769,0
REIT.US,D,20240912,000000,29.03,29.06,28.8,29.0313,14798,0
REIT.US,D,20240913,000000,29.6,29.6,29.18,29.33,17943,0
REIT.US,D,20240916,000000,29.56,29.56,29.29,29.42,11605,0
REIT.US,D,20240917,000000,29.71,29.71,29.19,29.23,9122,0
REIT.US,D,20240918,000000,29.41,29.4599,29.2002,29.24,18935,0
REIT.US,D,20240919,000000,29.73,29.73,28.86,29.17,13354,0
REIT.US,D,20240920,000000,29.16,29.16,28.81,29.03,10176,0
REIT.US,D,20240923,000000,29.18,29.34,29.18,29.34,10433,0
REIT.US,D,20240924,000000,29.52,29.52,29.188,29.31,31529,0
REIT.US,D,20240925,000000,29.74,29.74,29.0999,29.17,17874,0
REIT.US,D,20240926,000000,29.17,29.17,28.81,28.88,10890,0
REIT.US,D,20240927,000000,28.95,29.07,28.88,28.95,9187,0
REIT.US,D,20240930,000000,28.81,29.18,28.742,29.18,9519,0
REIT.US,D,20241001,000000,29.32,29.32,28.79,28.93,23707,0
REIT.US,D,20241002,000000,28.92,28.92,28.63,28.78,8213,0
REIT.US,D,20241003,000000,28.6,28.7098,28.47,28.61,13813,0
REIT.US,D,20241004,000000,28.48,28.57,28.3999,28.54,14357,0
REIT.US,D,20241007,000000,28.39,28.39,28.16,28.33,10213,0
REIT.US,D,20241008,000000,28.22,28.28,28.18,28.22,6949,0
REIT.US,D,20241009,000000,28.14,28.34,28.14,28.34,3560,0
REIT.US,D,20241010,000000,28.35,28.35,28.0301,28.17,2098,0
REIT.US,D,20241011,000000,28.15,28.41,28.15,28.38,4826,0
REIT.US,D,20241014,000000,28.5,28.58,28.26,28.57,11052,0
REIT.US,D,20241015,000000,28.79,29,28.79,28.83,7956,0
REIT.US,D,20241016,000000,28.9601,29.18,28.9601,29.18,4750,0
REIT.US,D,20241017,000000,29.1391,29.1391,28.87,29.05,8237,0
REIT.US,D,20241018,000000,29.14,29.25,29,29.25,14015,0
REIT.US,D,20241021,000000,29.26,29.26,28.67,28.69,12486,0
REIT.US,D,20241022,000000,28.79,28.88,28.66,28.79,10229,0
REIT.US,D,20241023,000000,28.85,29.07,28.798,29.07,24110,0
REIT.US,D,20241024,000000,29.26,29.26,28.91,28.99,6249,0
REIT.US,D,20241025,000000,29.19,29.19,28.72,28.77,7658,0
REIT.US,D,20241028,000000,28.88,29.01,28.845,28.89,2516,0
REIT.US,D,20241029,000000,28.9,28.9,28.7,28.74,4252,0
REIT.US,D,20241030,000000,28.84,29,28.7899,28.89,9299,0
REIT.US,D,20241031,000000,28.78,28.78,28.27,28.27,13587,0
REIT.US,D,20241101,000000,28.42,28.46,28.01,28.0501,13776,0
REIT.US,D,20241104,000000,28.64,28.64,27.99,28.17,7363,0
