<TICKER>,<PER>,<DATE>,<TIME>,<OPEN>,<HIGH>,<LOW>,<CLOSE>,<VOL>,<OPENINT>
SKYU.US,D,20210122,000000,41.05,42.04,41.05,42.0101,1616,0
SKYU.US,D,20210125,000000,42.77,43.44,40.079,41.4352,15300,0
SKYU.US,D,20210126,000000,41.4,42.34,41.04,42.1723,17128,0
SKYU.US,D,20210127,000000,41.61,43.08,41.26,41.6529,11783,0
SKYU.US,D,20210128,000000,42.3,42.3,41.5,41.51,10759,0
SKYU.US,D,20210129,000000,42.04,42.06,40.17,40.6904,12964,0
SKYU.US,D,20210202,000000,43.53,44.58,43.53,44.22,11331,0
SKYU.US,D,20210203,000000,44.83,45.75,44.46,45.15,14728,0
SKYU.US,D,20210204,000000,45.9,46.606,45.9,46.606,13059,0
SKYU.US,D,20210205,000000,47,48.185,47,48.1374,2919,0
SKYU.US,D,20210208,000000,49.52,49.7963,49.04,49.7963,13461,0
SKYU.US,D,20210209,000000,50.33,52.09,50.33,52.05,22524,0
SKYU.US,D,20210210,000000,52.28,52.28,48.15,50.65,19537,0
SKYU.US,D,20210211,000000,50.86,50.86,50,50.32,7793,0
SKYU.US,D,20210212,000000,49.6,50.95,49.6,50.95,2221,0
SKYU.US,D,20210216,000000,51.62,52.02,49.86,49.89,4670,0
SKYU.US,D,20210217,000000,48.88,48.9258,47.6,48.9258,3728,0
SKYU.US,D,20210218,000000,48.37,48.37,47.6,48.11,3267,0
SKYU.US,D,20210219,000000,48.78,49.21,48.78,48.79,2284,0
SKYU.US,D,20210222,000000,47.47,47.79,45.165,45.165,5834,0
SKYU.US,D,20210223,000000,42.87,43.665,40.07,43.665,4977,0
SKYU.US,D,20210224,000000,43.87,44.97,43.08,44.9484,4192,0
SKYU.US,D,20210225,000000,44.867,44.9397,40.87,40.87,10407,0
SKYU.US,D,20210226,000000,41.5,42.02,40,41.5297,2932,0
SKYU.US,D,20210301,000000,42.62,43.83,42.62,43.77,1928,0
SKYU.US,D,20210302,000000,43.21,43.528,42.71,42.71,2324,0
SKYU.US,D,20210303,000000,41.15,41.15,39.7411,39.81,1924,0
SKYU.US,D,20210304,000000,38.04,39.0595,36.31,36.54,6132,0
SKYU.US,D,20210305,000000,36.11,37.19,34.05,37.19,4896,0
SKYU.US,D,20210308,000000,36.64,36.64,35.42,35.42,825,0
SKYU.US,D,20210309,000000,37.3,38.83,37.3,38.72,1886,0
SKYU.US,D,20210310,000000,39.8,40.04,38.65,38.65,3284,0
SKYU.US,D,20210311,000000,39.26,40.65,39.26,40.65,994,0
SKYU.US,D,20210312,000000,39.99,39.99,39,39.9133,1922,0
SKYU.US,D,20210315,000000,40,40.58,40,40.58,1109,0
SKYU.US,D,20210316,000000,41.08,41.08,39.66,39.82,1368,0
SKYU.US,D,20210317,000000,39.04,40,38.75,40,1108,0
SKYU.US,D,20210319,000000,38.65,38.92,38.5,38.89,937,0
SKYU.US,D,20210322,000000,39,39,39,39,288,0
SKYU.US,D,20210323,000000,39.365,39.365,38.99,38.99,579,0
SKYU.US,D,20210324,000000,38.2,38.2,36.5899,36.5899,913,0
SKYU.US,D,20210325,000000,36.0001,36.49,35.3,36.49,1699,0
SKYU.US,D,20210326,000000,36.15,37.81,36.15,37.81,696,0
SKYU.US,D,20210329,000000,36.72,36.77,36.6,36.77,666,0
SKYU.US,D,20210330,000000,36.4972,36.4972,36.3,36.3,253,0
SKYU.US,D,20210331,000000,37.9099,38.01,37.9099,38.01,731,0
SKYU.US,D,20210401,000000,38.76,39.78,38.76,39.61,4501,0
SKYU.US,D,20210405,000000,40.04,40.47,39.67,40.46,4251,0
SKYU.US,D,20210406,000000,40.27,40.9,40.27,40.81,2169,0
SKYU.US,D,20210408,000000,41.1386,41.24,41.1386,41.24,670,0
SKYU.US,D,20210409,000000,40.58,41.6288,40.58,41.5494,950,0
SKYU.US,D,20210412,000000,41.66,41.95,41.66,41.95,691,0
SKYU.US,D,20210413,000000,42.42,42.65,42.42,42.57,1263,0
SKYU.US,D,20210414,000000,43.46,43.66,42.67,42.67,862,0
SKYU.US,D,20210415,000000,42.95,43.475,42.9,43.475,4239,0
SKYU.US,D,20210416,000000,43.035,43.035,43.035,43.035,177,0
SKYU.US,D,20210419,000000,43.05,43.05,42.06,42.06,3417,0
SKYU.US,D,20210420,000000,42.17,42.17,40.75,40.7501,845,0
SKYU.US,D,20210421,000000,41.79,41.79,41.79,41.79,319,0
SKYU.US,D,20210422,000000,42.59,42.5901,42.56,42.59,4320,0
SKYU.US,D,20210423,000000,42.91,42.91,42.9099,42.9099,2128,0
SKYU.US,D,20210426,000000,43.94,43.94,43.94,43.94,116,0
SKYU.US,D,20210427,000000,44.16,44.16,44.16,44.16,318,0
SKYU.US,D,20210428,000000,44.1,44.1,43.73,43.73,830,0
SKYU.US,D,20210429,000000,43.41,43.41,42.265,42.265,2194,0
SKYU.US,D,20210430,000000,41.78,41.8748,41.78,41.8748,962,0
SKYU.US,D,20210503,000000,40.77,40.8983,40.5018,40.5018,4435,0
SKYU.US,D,20210504,000000,39.09,39.09,37.96,38.62,4680,0
SKYU.US,D,20210505,000000,39.87,39.87,38.46,38.482,1898,0
SKYU.US,D,20210506,000000,38.1,38.1,38.08,38.08,1358,0
SKYU.US,D,20210510,000000,37.68,37.68,37.4206,37.4206,1503,0
SKYU.US,D,20210511,000000,35,36.11,35,36.11,1844,0
SKYU.US,D,20210512,000000,36.46,36.46,35.24,35.24,1156,0
SKYU.US,D,20210514,000000,36.24,36.4,36.2399,36.4,1300,0
SKYU.US,D,20210517,000000,36.5603,36.69,36.5603,36.69,1768,0
SKYU.US,D,20210518,000000,36.91,37.52,36.91,37.16,1141,0
SKYU.US,D,20210519,000000,36.25,36.25,36.25,36.25,367,0
SKYU.US,D,20210520,000000,37.79,37.79,37.767,37.767,1038,0
SKYU.US,D,20210521,000000,38.02,38.02,37.9,37.9,620,0
SKYU.US,D,20210524,000000,38.31,38.31,38.31,38.31,272,0
SKYU.US,D,20210525,000000,38.9,38.9,38.6522,38.6522,605,0
SKYU.US,D,20210526,000000,39.54,39.62,39.54,39.62,435,0
SKYU.US,D,20210601,000000,39.75,39.75,39.75,39.75,562,0
SKYU.US,D,20210602,000000,39.445,39.7411,39.445,39.7411,381,0
SKYU.US,D,20210603,000000,39.15,39.1501,38.92,38.92,631,0
SKYU.US,D,20210604,000000,40.11,40.2254,40.11,40.2254,449,0
SKYU.US,D,20210607,000000,40.6099,40.87,40.6099,40.8211,793,0
SKYU.US,D,20210608,000000,40.98,40.98,40.98,40.98,374,0
SKYU.US,D,20210609,000000,42.18,42.18,41.8478,41.8478,722,0
SKYU.US,D,20210611,000000,42.2656,42.555,42.2656,42.555,1036,0
SKYU.US,D,20210615,000000,43.17,43.17,43.17,43.17,1182,0
SKYU.US,D,20210616,000000,43.21,43.21,42.35,42.35,868,0
SKYU.US,D,20210617,000000,43.68,44.293,43.68,44.293,423,0
SKYU.US,D,20210618,000000,44.11,44.25,43.82,44.25,577,0
SKYU.US,D,20210621,000000,44.66,44.79,44.66,44.74,731,0
SKYU.US,D,20210622,000000,44.9,45.25,44.6799,45.25,2412,0
SKYU.US,D,20210623,000000,45.01,45.1499,44.9766,44.9766,779,0
SKYU.US,D,20210624,000000,45.2628,45.4301,45.2628,45.4301,889,0
SKYU.US,D,20210629,000000,46.93,47.14,46.816,47.0546,630,0
SKYU.US,D,20210630,000000,45.9111,45.9111,45.7467,45.7467,106,0
SKYU.US,D,20210701,000000,46.08,46.08,45.5,45.6714,1108,0
SKYU.US,D,20210702,000000,45.664,45.8171,45.616,45.8171,2227,0
SKYU.US,D,20210706,000000,46.72,46.741,46.6484,46.6484,923,0
SKYU.US,D,20210707,000000,46.7199,46.72,46.59,46.5901,1088,0
SKYU.US,D,20210708,000000,45.25,46,44.43,45.365,2783,0
SKYU.US,D,20210709,000000,46.6399,46.6471,46.6399,46.6471,578,0
SKYU.US,D,20210712,000000,45.8769,45.8769,45.8769,45.8769,363,0
SKYU.US,D,20210713,000000,46,46.2512,46,46.2512,373,0
SKYU.US,D,20210714,000000,45.425,45.425,45.425,45.425,584,0
SKYU.US,D,20210715,000000,43.57,43.73,43.26,43.73,1268,0
SKYU.US,D,20210716,000000,43.6,43.6,43.6,43.6,277,0
SKYU.US,D,20210719,000000,42.835,43.1009,42.835,43.1009,355,0
SKYU.US,D,20210720,000000,43.41,44.5236,43.41,44.5236,875,0
SKYU.US,D,20210721,000000,45.41,45.5966,44.53,45.5966,1035,0
SKYU.US,D,20210722,000000,46,46.225,46,46.1248,862,0
SKYU.US,D,20210728,000000,45.49,46.32,45.38,46.1586,1994,0
SKYU.US,D,20210729,000000,46.24,46.24,46.0446,46.0446,364,0
SKYU.US,D,20210730,000000,45.6999,45.84,45.6999,45.84,1584,0
SKYU.US,D,20210802,000000,45.26,45.6,45.26,45.6,426,0
SKYU.US,D,20210804,000000,46.33,46.33,46.33,46.33,162,0
SKYU.US,D,20210805,000000,47.07,47.1938,47.07,47.1938,410,0
SKYU.US,D,20210806,000000,46.85,47.12,46.8499,46.9,3565,0
SKYU.US,D,20210809,000000,47.33,47.44,47.33,47.44,458,0
SKYU.US,D,20210810,000000,47.5,47.5,46.33,46.33,814,0
SKYU.US,D,20210811,000000,46,46.15,46,46.15,973,0
SKYU.US,D,20210812,000000,46.1,46.355,46.09,46.355,639,0
SKYU.US,D,20210813,000000,46.23,46.23,46.1879,46.1879,543,0
SKYU.US,D,20210817,000000,44.101,44.1607,44.101,44.1607,816,0
SKYU.US,D,20210819,000000,42.97,43.49,42.97,43.49,848,0
SKYU.US,D,20210820,000000,44.465,44.465,44.465,44.465,403,0
SKYU.US,D,20210823,000000,45.06,45.99,45.06,45.96,1491,0
SKYU.US,D,20210824,000000,47.15,47.19,47.05,47.17,1426,0
SKYU.US,D,20210825,000000,47.49,47.5088,47.49,47.5088,796,0
SKYU.US,D,20210826,000000,47.97,48.21,47.51,47.6018,2059,0
SKYU.US,D,20210827,000000,48.028,48.028,48.02,48.02,721,0
SKYU.US,D,20210830,000000,49.11,49.11,49.11,49.11,272,0
SKYU.US,D,20210831,000000,48.56,48.67,48.4812,48.52,986,0
SKYU.US,D,20210901,000000,49.63,49.636,49.385,49.385,540,0
SKYU.US,D,20210903,000000,50.14,51.77,50.14,51.696,12398,0
SKYU.US,D,20210907,000000,50.95,50.95,50.82,50.82,552,0
SKYU.US,D,20210908,000000,49.66,49.69,49.66,49.69,338,0
SKYU.US,D,20210909,000000,50.21,50.21,49.84,49.84,584,0
SKYU.US,D,20210910,000000,50.29,50.29,48.86,48.86,497,0
SKYU.US,D,20210913,000000,48.67,48.67,48.67,48.67,186,0
SKYU.US,D,20210914,000000,48.6,48.75,48.53,48.75,969,0
SKYU.US,D,20210915,000000,48.56,49.2407,48.56,49.2407,236,0
SKYU.US,D,20210917,000000,50.1,50.11,49.5656,49.5656,867,0
SKYU.US,D,20210920,000000,46.29,46.9301,46,46.9,4255,0
SKYU.US,D,20210921,000000,47.54,47.54,47.54,47.54,127,0
SKYU.US,D,20210923,000000,49.12,50.2556,49.12,50.2556,1968,0
SKYU.US,D,20210927,000000,48.67,48.8756,48.67,48.8756,1031,0
SKYU.US,D,20210928,000000,47.5,47.5,46.1,46.1,569,0
SKYU.US,D,20210929,000000,46.18,46.18,46.18,46.18,286,0
SKYU.US,D,20210930,000000,45.3,45.66,45.18,45.66,833,0
SKYU.US,D,20211001,000000,45.6116,46.46,45.6116,46.46,562,0
SKYU.US,D,20211004,000000,43.73,43.73,43.39,43.39,409,0
SKYU.US,D,20211005,000000,46.72,46.72,44.04,45.13,11590,0
SKYU.US,D,20211006,000000,44.39,45.78,44.39,45.76,4347,0
SKYU.US,D,20211007,000000,47.6921,47.916,47.23,47.2797,2231,0
SKYU.US,D,20211011,000000,47.21,47.21,47.21,47.21,445,0
SKYU.US,D,20211014,000000,49.9,51.25,49.61,50.7263,10970,0
SKYU.US,D,20211015,000000,51.25,51.25,51.11,51.1466,593,0
SKYU.US,D,20211018,000000,50.73,51.645,50.73,51.53,2811,0
SKYU.US,D,20211019,000000,51.99,53.38,51.99,53.3,1517,0
SKYU.US,D,20211020,000000,53.5,53.5,53.5,53.5,208,0
SKYU.US,D,20211021,000000,53.7002,53.76,53.7002,53.76,282,0
SKYU.US,D,20211022,000000,53.34,53.34,53.34,53.34,171,0
SKYU.US,D,20211025,000000,53.6,53.7989,53.6,53.7989,483,0
SKYU.US,D,20211026,000000,53.1,53.1,51.93,51.94,950,0
SKYU.US,D,20211027,000000,52.38,52.38,52.38,52.38,269,0
SKYU.US,D,20211028,000000,51.42,52.16,51.07,52.11,1117,0
SKYU.US,D,20211029,000000,51.77,52.16,51.77,52.16,608,0
SKYU.US,D,20211101,000000,52.49,52.49,52.22,52.22,797,0
SKYU.US,D,20211102,000000,53.06,53.06,52.7601,52.95,987,0
SKYU.US,D,20211103,000000,52.86,53.4,52.86,53.4,1642,0
SKYU.US,D,20211104,000000,56.675,56.675,56.16,56.24,1230,0
SKYU.US,D,20211105,000000,55.08,55.08,54.5,54.82,1465,0
SKYU.US,D,20211108,000000,56.73,56.737,56.73,56.737,1152,0
SKYU.US,D,20211109,000000,56.1901,57.5166,56.1901,57.5166,2005,0
SKYU.US,D,20211110,000000,56.5,56.5,54.6986,54.6986,713,0
SKYU.US,D,20211116,000000,56.65,57.37,56.6125,57.37,2219,0
SKYU.US,D,20211117,000000,57.29,57.29,55.9,55.9,2038,0
SKYU.US,D,20211118,000000,55.68,55.68,55.02,55.085,2795,0
SKYU.US,D,20211119,000000,55.12,55.21,55.12,55.21,1135,0
SKYU.US,D,20211122,000000,53.1,53.1,49.49,50.44,1830,0
SKYU.US,D,20211123,000000,47.93,47.93,47.13,47.49,1314,0
SKYU.US,D,20211124,000000,47.19,49.4,47.19,49.3999,2539,0
SKYU.US,D,20211126,000000,49.47,49.81,48,48.22,6909,0
SKYU.US,D,20211129,000000,48.9,50.08,48.76,50.05,1699,0
SKYU.US,D,20211130,000000,49.38,49.38,46.62,46.92,15223,0
SKYU.US,D,20211201,000000,44.6,44.725,42.92,43.14,2180,0
SKYU.US,D,20211202,000000,43.38,43.4799,43.38,43.4799,549,0
SKYU.US,D,20211203,000000,41.2,41.2001,40.4,40.75,15297,0
SKYU.US,D,20211206,000000,41.03,41.73,40.18,41.73,5484,0
SKYU.US,D,20211207,000000,45.31,45.95,45.31,45.37,3350,0
SKYU.US,D,20211208,000000,46.08,46.5438,45.14,46.375,2157,0
SKYU.US,D,20211209,000000,46.78,46.78,43.67,43.67,1131,0
SKYU.US,D,20211210,000000,44.44,44.685,43.97,43.97,1018,0
SKYU.US,D,20211213,000000,44.48,44.48,43.575,43.575,1565,0
SKYU.US,D,20211214,000000,41.52,41.5276,40.96,40.96,1892,0
SKYU.US,D,20211215,000000,41.4,41.4,41.4,41.4,164,0
SKYU.US,D,20211216,000000,43.65,43.65,40.52,40.52,1516,0
SKYU.US,D,20211217,000000,40.4,42.285,40.32,42.285,8969,0
SKYU.US,D,20211220,000000,40.35,41.28,40.23,40.88,4297,0
SKYU.US,D,20211221,000000,42.18,44.3536,42.18,44.34,1559,0
SKYU.US,D,20211222,000000,43.88,44.1812,43.87,44.18,944,0
SKYU.US,D,20211223,000000,44.33,45.15,44.33,45.15,545,0
SKYU.US,D,20211227,000000,45.4,45.81,45.4,45.62,1820,0
SKYU.US,D,20211228,000000,45.44,45.44,44.36,44.36,2308,0
SKYU.US,D,20211229,000000,44.25,44.25,44.25,44.25,371,0
SKYU.US,D,20211230,000000,45,45.5462,45,45.5337,737,0
SKYU.US,D,20211231,000000,44.6303,44.83,43.93,43.93,442,0
SKYU.US,D,20220104,000000,40.75,41.17,40.02,40.99,5232,0
SKYU.US,D,20220105,000000,40.36,40.37,37.98,38.0781,14713,0
SKYU.US,D,20220106,000000,37.31,38.71,37.31,38.71,1532,0
SKYU.US,D,20220107,000000,38.31,38.31,38.15,38.15,459,0
SKYU.US,D,20220110,000000,36.4,38.29,36.4,38.29,1312,0
SKYU.US,D,20220111,000000,40,40,39.94,39.98,493,0
SKYU.US,D,20220112,000000,39.73,39.792,39.73,39.792,356,0
SKYU.US,D,20220113,000000,37.82,37.82,36.63,36.63,872,0
SKYU.US,D,20220114,000000,35.8101,36.4831,35.8101,36.4831,229,0
SKYU.US,D,20220119,000000,35.12,36,34.93,34.93,7147,0
SKYU.US,D,20220120,000000,35.35,35.35,34.38,34.38,550,0
SKYU.US,D,20220121,000000,33.98,33.98,31.8797,31.8797,2983,0
SKYU.US,D,20220124,000000,31.97,33.2466,31.97,33.2466,648,0
SKYU.US,D,20220125,000000,32.33,33.24,30.87,30.87,4421,0
SKYU.US,D,20220126,000000,31.69,32.45,29.82,29.82,2243,0
SKYU.US,D,20220127,000000,31.9,31.9,29.4694,29.4694,1450,0
SKYU.US,D,20220128,000000,28.91,28.91,28.91,28.91,1075,0
SKYU.US,D,20220131,000000,33.05,34.1,33.05,34.09,3366,0
SKYU.US,D,20220201,000000,34.28,35.285,33.76,34.8126,4364,0
SKYU.US,D,20220202,000000,35,35,33.6,33.9062,1527,0
SKYU.US,D,20220203,000000,32.51,32.53,32.02,32.02,730,0
SKYU.US,D,20220204,000000,32.53,34.0456,32.53,33.4267,1591,0
SKYU.US,D,20220207,000000,33.39,34.31,33.1,33.3,3431,0
SKYU.US,D,20220208,000000,34.08,34.14,34.08,34.08,623,0
SKYU.US,D,20220209,000000,35.17,36.47,35.17,36.47,1190,0
SKYU.US,D,20220210,000000,36,37.1,35.36,36.5,12707,0
SKYU.US,D,20220211,000000,35.7216,35.7216,32.3397,32.58,9950,0
SKYU.US,D,20220214,000000,32.46,32.46,32.46,32.46,657,0
SKYU.US,D,20220215,000000,33.14,34.0563,33.14,34.0563,3483,0
SKYU.US,D,20220216,000000,31.74,31.74,31.74,31.74,475,0
SKYU.US,D,20220217,000000,30.45,30.45,30.45,30.45,293,0
SKYU.US,D,20220218,000000,30.35,30.35,29.6,29.6,964,0
SKYU.US,D,20220222,000000,28.8,28.855,28.1455,28.1455,1212,0
SKYU.US,D,20220223,000000,26.38,26.41,26.37,26.41,2285,0
SKYU.US,D,20220224,000000,26.41,28.52,26.41,28.52,2865,0
SKYU.US,D,20220225,000000,27.42,29.0117,27.42,29.0117,5237,0
SKYU.US,D,20220228,000000,28.61,29.515,28.61,29.4093,2662,0
SKYU.US,D,20220301,000000,29.5001,29.885,28.72,28.8681,5363,0
SKYU.US,D,20220302,000000,28.93,30.01,28.93,29.88,4727,0
SKYU.US,D,20220303,000000,30.09,30.09,28.5144,28.5144,4674,0
SKYU.US,D,20220304,000000,26.94,26.94,26.81,26.81,1379,0
SKYU.US,D,20220307,000000,26.5,27.1995,25.31,25.31,2605,0
SKYU.US,D,20220308,000000,25.995,25.995,24.9647,24.9647,1664,0
SKYU.US,D,20220309,000000,26.54,26.54,26.54,26.54,734,0
SKYU.US,D,20220310,000000,26.245,26.702,26.245,26.702,575,0
SKYU.US,D,20220311,000000,25.67,25.67,25.67,25.67,245,0
SKYU.US,D,20220314,000000,23.58,23.58,23.1433,23.1433,882,0
SKYU.US,D,20220315,000000,23.75,24.3466,23.75,24.3466,1334,0
SKYU.US,D,20220316,000000,25.77,26.73,25.77,26.73,1006,0
SKYU.US,D,20220317,000000,27.72,28.05,27.6,28.05,914,0
SKYU.US,D,20220318,000000,28,30.34,28,30.34,1410,0
SKYU.US,D,20220321,000000,29.7733,29.9116,29.7733,29.9116,373,0
SKYU.US,D,20220322,000000,31.77,31.7927,31.5704,31.5704,1258,0
SKYU.US,D,20220324,000000,30.4699,31.62,30.31,31.62,766,0
SKYU.US,D,20220325,000000,30.2201,30.8779,30.2201,30.8779,243,0
SKYU.US,D,20220329,000000,32.75,34.07,32.75,33.8755,3739,0
SKYU.US,D,20220330,000000,33.41,33.69,32.9,32.9,1461,0
SKYU.US,D,20220404,000000,33.54,33.68,33.54,33.68,635,0
SKYU.US,D,20220405,000000,31.8,31.8,31.78,31.78,1554,0
SKYU.US,D,20220406,000000,29.28,29.4147,29.27,29.4147,718,0
SKYU.US,D,20220408,000000,28.78,28.9,28.0341,28.0341,7231,0
SKYU.US,D,20220411,000000,27.82,28.05,27.82,28.05,1119,0
SKYU.US,D,20220413,000000,28.85,28.85,28.85,28.85,242,0
SKYU.US,D,20220419,000000,27.6905,27.9,27.6905,27.9,635,0
SKYU.US,D,20220420,000000,27.19,27.19,26.6947,26.6947,342,0
SKYU.US,D,20220421,000000,24.8,24.9219,24.8,24.9219,571,0
SKYU.US,D,20220422,000000,24.82,24.82,23.6272,23.6272,520,0
SKYU.US,D,20220425,000000,23.89,24.5813,23.89,24.5813,1968,0
SKYU.US,D,20220426,000000,24.5,24.5,22.6016,22.6016,1505,0
SKYU.US,D,20220427,000000,23.15,23.47,22.33,22.3611,3526,0
SKYU.US,D,20220428,000000,22.95,23.9899,22.95,23.9899,480,0
SKYU.US,D,20220429,000000,22.2,22.2,21.7775,21.7775,616,0
SKYU.US,D,20220502,000000,22.5543,22.8762,22.5543,22.8762,376,0
SKYU.US,D,20220503,000000,22.64,22.64,22.11,22.2834,614,0
SKYU.US,D,20220504,000000,21.83,23.4121,21.83,23.4121,708,0
SKYU.US,D,20220505,000000,20.2806,20.2806,19.91,20.123,2528,0
SKYU.US,D,20220506,000000,18.87,18.8918,18.87,18.8918,117,0
SKYU.US,D,20220509,000000,17.23,17.23,16.5002,16.5002,801,0
SKYU.US,D,20220510,000000,17.06,17.45,16,16.8178,21233,0
SKYU.US,D,20220511,000000,16.59,16.59,15.2988,15.2988,251,0
SKYU.US,D,20220512,000000,15.9,16.0672,15.9,16.0672,412,0
SKYU.US,D,20220513,000000,18.1044,18.1044,18.1044,18.1044,13,0
SKYU.US,D,20220516,000000,16.8868,16.8868,16.8868,16.8868,88,0
SKYU.US,D,20220517,000000,17.89,17.89,17.3,17.5567,3377,0
SKYU.US,D,20220518,000000,17.15,17.15,15.7076,15.8839,436,0
SKYU.US,D,20220519,000000,15.85,16.82,15.85,16.483,365,0
SKYU.US,D,20220520,000000,17.02,17.02,15.75,16.3362,1303,0
SKYU.US,D,20220523,000000,16.5,17,16.5,16.8179,670,0
SKYU.US,D,20220524,000000,16,16.01,15.14,15.4822,1953,0
SKYU.US,D,20220525,000000,16.4013,16.4013,16.4013,16.4013,101,0
SKYU.US,D,20220526,000000,16.225,17.61,16.225,17.49,5796,0
SKYU.US,D,20220527,000000,18,18.8891,18,18.8891,123,0
SKYU.US,D,20220531,000000,18.51,18.51,18.302,18.302,230,0
SKYU.US,D,20220601,000000,17.91,18.38,17.85,18.207,7386,0
SKYU.US,D,20220602,000000,19.99,19.99,19.8501,19.9451,354,0
SKYU.US,D,20220603,000000,19.55,19.55,18.76,18.8,1234,0
SKYU.US,D,20220606,000000,19.04,19.24,18.9,18.9163,4533,0
SKYU.US,D,20220607,000000,19.59,19.6203,19.5803,19.6203,752,0
SKYU.US,D,20220608,000000,19.81,19.82,19.5164,19.5164,1731,0
SKYU.US,D,20220609,000000,18.28,18.29,18.1377,18.1377,957,0
SKYU.US,D,20220610,000000,16.55,16.89,16.53,16.6867,3249,0
SKYU.US,D,20220613,000000,14.91,14.91,14.37,14.4375,1483,0
SKYU.US,D,20220614,000000,14.25,14.53,14.25,14.5202,370,0
SKYU.US,D,20220615,000000,15.4274,15.4274,15.4274,15.4274,111,0
SKYU.US,D,20220616,000000,13.8667,13.8667,13.8667,13.8667,345,0
SKYU.US,D,20220617,000000,13.97,14.672,13.97,14.672,222,0
SKYU.US,D,20220621,000000,15.75,15.75,15.3923,15.3923,553,0
SKYU.US,D,20220622,000000,15.7,15.7,15.5117,15.5117,133,0
SKYU.US,D,20220623,000000,16.25,17.04,15.88,16.97,10113,0
SKYU.US,D,20220624,000000,17.9,18.584,17.9,18.584,12580,0
SKYU.US,D,20220627,000000,18.77,18.77,17.79,17.9649,3365,0
SKYU.US,D,20220628,000000,17.3547,17.3547,16.5556,16.5556,873,0
SKYU.US,D,20220629,000000,16.45,16.45,16.34,16.3596,306,0
SKYU.US,D,20220630,000000,15.7243,15.88,15.42,15.4863,1853,0
SKYU.US,D,20220701,000000,15.94,16.0003,15.94,16.0003,483,0
SKYU.US,D,20220705,000000,15.28,17.2949,15.28,17.2949,926,0
SKYU.US,D,20220706,000000,17.54,17.54,16.77,17.0856,3663,0
SKYU.US,D,20220707,000000,18.23,18.3129,18.23,18.3129,1004,0
SKYU.US,D,20220708,000000,18.6849,18.6849,18.0879,18.15,713,0
SKYU.US,D,20220711,000000,17.96,17.96,16.87,17.03,7617,0
SKYU.US,D,20220712,000000,16.97,16.97,15.69,15.8803,3374,0
SKYU.US,D,20220713,000000,15,15.94,15,15.6773,3466,0
SKYU.US,D,20220714,000000,14.79,14.9024,14.79,14.9024,1437,0
SKYU.US,D,20220715,000000,15.405,15.5,15.37,15.5,416,0
SKYU.US,D,20220718,000000,15.95,16.35,15.42,15.4597,1339,0
SKYU.US,D,20220719,000000,15.95,16.315,15.95,16.307,571,0
SKYU.US,D,20220720,000000,17.5996,17.71,17.5996,17.71,620,0
SKYU.US,D,20220721,000000,17.79,18.12,17.54,18.1039,1576,0
SKYU.US,D,20220722,000000,17.58,17.58,16.72,16.7651,591,0
SKYU.US,D,20220725,000000,16.2801,16.3686,16.2801,16.3686,859,0
SKYU.US,D,20220726,000000,15.18,15.18,15.03,15.1115,1720,0
SKYU.US,D,20220727,000000,16.43,16.63,16.43,16.63,402,0
SKYU.US,D,20220728,000000,16.77,17.0826,16.69,17.0826,3561,0
SKYU.US,D,20220729,000000,17.37,17.46,17.34,17.347,1717,0
SKYU.US,D,20220801,000000,17.69,17.69,17.47,17.6062,415,0
SKYU.US,D,20220802,000000,17.92,17.92,17.85,17.8692,662,0
SKYU.US,D,20220803,000000,18.92,19.66,18.92,19.4228,4774,0
SKYU.US,D,20220804,000000,19.25,19.4685,18.9,19.4685,2717,0
SKYU.US,D,20220805,000000,19.51,19.94,19.51,19.935,924,0
SKYU.US,D,20220808,000000,20.46,20.46,20.4536,20.4536,678,0
SKYU.US,D,20220809,000000,19.62,19.62,19.27,19.4145,1406,0
SKYU.US,D,20220810,000000,20.9,21.34,20.79,21.2574,2234,0
SKYU.US,D,20220811,000000,21.95,21.95,20.4554,20.4554,2553,0
SKYU.US,D,20220812,000000,21.1499,21.3343,21.1499,21.3343,801,0
SKYU.US,D,20220815,000000,21.4,21.4199,21.08,21.3116,1512,0
SKYU.US,D,20220816,000000,21,21.05,20.7,21.0096,1455,0
SKYU.US,D,20220817,000000,20.3565,20.3565,19.94,20.0203,2516,0
SKYU.US,D,20220818,000000,19.99,20.21,19.99,20.1333,1112,0
SKYU.US,D,20220819,000000,19,19,18.74,18.8814,1216,0
SKYU.US,D,20220822,000000,18.65,18.65,17.8,17.91,1750,0
SKYU.US,D,20220823,000000,17.7919,17.7919,17.7919,17.7919,32,0
SKYU.US,D,20220824,000000,18.512,18.512,18.0622,18.0622,976,0
SKYU.US,D,20220825,000000,18.81,18.885,18.81,18.885,999,0
SKYU.US,D,20220826,000000,18.759,18.759,17.3243,17.3243,373,0
SKYU.US,D,20220829,000000,17.14,17.14,16.8022,16.8022,909,0
SKYU.US,D,20220830,000000,16.99,16.9901,16.31,16.5983,2929,0
SKYU.US,D,20220831,000000,16.47,16.47,16.2975,16.2975,554,0
SKYU.US,D,20220901,000000,15,15.1646,14.59,15.1646,2489,0
SKYU.US,D,20220902,000000,15.9399,15.9399,14.91,14.9534,3931,0
SKYU.US,D,20220906,000000,14.77,14.77,14.7494,14.7494,311,0
SKYU.US,D,20220907,000000,15.16,15.4599,15.16,15.4082,1311,0
SKYU.US,D,20220908,000000,15.09,15.8634,15.03,15.8634,804,0
SKYU.US,D,20220909,000000,16.7,17.2792,16.7,17.2792,2845,0
SKYU.US,D,20220912,000000,17.7,18.14,17.7,18.0747,1127,0
SKYU.US,D,20220913,000000,16.28,16.4,15.93,16.0699,5681,0
SKYU.US,D,20220914,000000,15.87,16.1583,15.87,16.1583,724,0
SKYU.US,D,20220915,000000,15.9,15.9,15.4499,15.5663,2713,0
SKYU.US,D,20220916,000000,15,15,14.66,14.7849,2126,0
SKYU.US,D,20220919,000000,14.5,14.9209,14.47,14.9209,1624,0
SKYU.US,D,20220920,000000,14.72,14.72,14.277,14.277,4780,0
SKYU.US,D,20220921,000000,14.4265,14.78,13.9325,13.9325,949,0
SKYU.US,D,20220922,000000,13.71,13.71,12.95,13.0313,8557,0
SKYU.US,D,20220923,000000,12.82,12.9,12.36,12.6369,11750,0
SKYU.US,D,20220926,000000,13.04,13.04,12.2189,12.2189,2026,0
SKYU.US,D,20220927,000000,12.58,12.89,12.3901,12.591,8868,0
SKYU.US,D,20220928,000000,12.9601,13.66,12.9601,13.5545,4452,0
SKYU.US,D,20220929,000000,12.585,12.7458,12.585,12.7458,1404,0
SKYU.US,D,20220930,000000,13.15,13.1755,12.4325,12.4325,2277,0
SKYU.US,D,20221003,000000,12.49,13.1,12.49,12.9527,1212,0
SKYU.US,D,20221004,000000,13.87,14.62,13.87,14.3947,21224,0
SKYU.US,D,20221005,000000,14.49,14.5,14.3907,14.3907,1540,0
SKYU.US,D,20221006,000000,14.2,14.22,14.2,14.2014,677,0
SKYU.US,D,20221007,000000,13.22,13.22,12.82,12.8783,3597,0
SKYU.US,D,20221010,000000,12.52,12.5201,11.65,11.9218,4833,0
SKYU.US,D,20221011,000000,11.346,11.4881,11.346,11.4881,568,0
SKYU.US,D,20221012,000000,11.46,11.48,11.4369,11.4369,1453,0
SKYU.US,D,20221013,000000,11.43,11.65,11.43,11.62,1556,0
SKYU.US,D,20221014,000000,11.09,11.13,10.93,10.93,2304,0
SKYU.US,D,20221017,000000,11.81,12.1491,11.81,12.0372,4455,0
SKYU.US,D,20221018,000000,13,13,12.4938,12.4938,586,0
SKYU.US,D,20221019,000000,12.12,12.13,11.79,11.86,6735,0
SKYU.US,D,20221020,000000,12.63,12.63,12.0935,12.19,2734,0
SKYU.US,D,20221021,000000,12,12.74,11.86,12.71,14589,0
SKYU.US,D,20221024,000000,12.42,12.82,12.1535,12.8053,9633,0
SKYU.US,D,20221025,000000,13.8277,13.8277,13.8277,13.8277,60,0
SKYU.US,D,20221026,000000,12.92,13.59,12.92,13.0997,999,0
SKYU.US,D,20221027,000000,13.52,13.52,13.3933,13.3933,566,0
SKYU.US,D,20221028,000000,13.86,14,13.86,13.8648,562,0
SKYU.US,D,20221031,000000,13.83,13.83,13.5129,13.7141,1211,0
SKYU.US,D,20221101,000000,13.5447,13.5447,13.5447,13.5447,2,0
SKYU.US,D,20221102,000000,13,13.1,12.1025,12.1025,685,0
SKYU.US,D,20221103,000000,12.005,12.005,11.6019,11.6019,4015,0
SKYU.US,D,20221104,000000,11.05,11.08,10.6,10.6982,8801,0
SKYU.US,D,20221107,000000,11.66,11.66,10.7899,10.9806,6362,0
SKYU.US,D,20221108,000000,11.4099,11.4099,10.9,11.0737,6983,0
SKYU.US,D,20221109,000000,10.5476,10.6,10.4317,10.4317,126719,0
SKYU.US,D,20221110,000000,12.32,12.62,12.1,12.62,82874,0
SKYU.US,D,20221111,000000,12.92,13.47,12.92,13.4415,56067,0
SKYU.US,D,20221114,000000,13.08,13.3686,12.82,13.155,2263,0
SKYU.US,D,20221115,000000,13.9,14,13.66,13.7879,2437,0
SKYU.US,D,20221116,000000,13.5848,13.5848,12.8512,12.8512,1300,0
SKYU.US,D,20221117,000000,12.25,12.44,12.16,12.2091,1235,0
SKYU.US,D,20221118,000000,12.02,12.1619,12.02,12.1619,193,0
SKYU.US,D,20221121,000000,11.88,11.88,11.61,11.6903,1351,0
SKYU.US,D,20221122,000000,11.6,11.8605,11.6,11.8605,485,0
SKYU.US,D,20221123,000000,12.065,12.6033,12.065,12.6033,965,0
SKYU.US,D,20221125,000000,12.47,12.47,12.24,12.3338,1568,0
SKYU.US,D,20221128,000000,11.84,11.9402,11.84,11.9402,436,0
SKYU.US,D,20221129,000000,11.75,11.755,11.75,11.755,271,0
SKYU.US,D,20221130,000000,12.68,12.8262,12.55,12.8262,293,0
SKYU.US,D,20221201,000000,13,13.2901,13,13.2598,674,0
SKYU.US,D,20221202,000000,12.94,12.94,12.89,12.89,393,0
SKYU.US,D,20221205,000000,12.375,12.375,11.8284,11.8284,647,0
SKYU.US,D,20221206,000000,11.34,11.38,11.34,11.3799,1270,0
SKYU.US,D,20221207,000000,11.24,11.2551,11.24,11.2551,197,0
SKYU.US,D,20221208,000000,11.072,11.7872,11.072,11.6674,1031,0
SKYU.US,D,20221209,000000,11.82,11.85,11.6095,11.6095,330,0
SKYU.US,D,20221212,000000,12.2728,12.2728,12.2728,12.2728,8,0
SKYU.US,D,20221213,000000,13.38,13.58,12.35,12.5035,2964,0
SKYU.US,D,20221214,000000,12.8,12.91,12.49,12.56,767,0
SKYU.US,D,20221215,000000,11.7891,11.7891,11.45,11.5225,989,0
SKYU.US,D,20221216,000000,11.53,11.5301,11.2677,11.3551,5784,0
SKYU.US,D,20221219,000000,11.12,11.12,10.7209,10.7209,1047,0
SKYU.US,D,20221220,000000,10.6,10.93,10.56,10.93,1733,0
SKYU.US,D,20221221,000000,10.89,11.06,10.8899,11.03,1888,0
SKYU.US,D,20221222,000000,10.5299,10.5299,10.17,10.4366,4378,0
SKYU.US,D,20221223,000000,10.36,10.36,10.2101,10.3355,334,0
SKYU.US,D,20221227,000000,10.12,10.12,9.8017,9.9491,3176,0
SKYU.US,D,20221228,000000,9.95,9.95,9.865,9.865,3170,0
SKYU.US,D,20221229,000000,10.2101,10.6304,10.2101,10.6304,7607,0
SKYU.US,D,20221230,000000,10.4617,10.5656,10.46,10.5656,3365,0
SKYU.US,D,20230103,000000,10.5852,10.5852,10.5852,10.5852,9,0
SKYU.US,D,20230104,000000,10.8234,10.8234,10.6123,10.662,429,0
SKYU.US,D,20230105,000000,10.01,10.01,9.7731,9.7731,3173,0
SKYU.US,D,20230106,000000,9.99,10.0287,9.7,10.0287,2496,0
SKYU.US,D,20230109,000000,10.62,10.69,10.5267,10.5267,724,0
SKYU.US,D,20230110,000000,10.65,10.6584,10.65,10.6584,244,0
SKYU.US,D,20230111,000000,11.1727,11.1727,11.1727,11.1727,66,0
SKYU.US,D,20230112,000000,11.14,11.14,11.14,11.14,152,0
SKYU.US,D,20230113,000000,11.24,11.5831,11.24,11.5831,3733,0
SKYU.US,D,20230117,000000,11.53,11.7701,11.53,11.73,1466,0
SKYU.US,D,20230118,000000,12.04,12.05,11.3402,11.3402,8911,0
SKYU.US,D,20230119,000000,11.14,11.15,10.8716,10.8716,1552,0
SKYU.US,D,20230120,000000,10.9,11.6,10.9,11.5744,4938,0
SKYU.US,D,20230123,000000,11.6,12.3,11.6,12.3,1301,0
SKYU.US,D,20230124,000000,12.175,12.175,12.15,12.17,1077,0
SKYU.US,D,20230125,000000,11.25,12.0891,11.25,12.0891,4420,0
SKYU.US,D,20230126,000000,12.21,12.61,12.21,12.58,2405,0
SKYU.US,D,20230127,000000,12.75,13.0235,12.7,13.0235,776,0
SKYU.US,D,20230130,000000,12.54,12.7,12.31,12.43,3561,0
SKYU.US,D,20230131,000000,12.7767,12.9219,12.7767,12.9219,625,0
SKYU.US,D,20230201,000000,12.91,13.8554,12.91,13.8554,10161,0
SKYU.US,D,20230202,000000,15,15.3,14.99,15.1898,5234,0
SKYU.US,D,20230203,000000,14.06,14.73,14.03,14.03,4475,0
SKYU.US,D,20230206,000000,13.66,13.76,13.3875,13.3977,5849,0
SKYU.US,D,20230207,000000,13.4,14.0804,13.4,14.0804,3956,0
SKYU.US,D,20230208,000000,13.94,13.99,13.52,13.52,3204,0
SKYU.US,D,20230209,000000,13.88,13.88,13.3223,13.3223,1435,0
SKYU.US,D,20230210,000000,12.99,12.99,12.74,12.8684,5769,0
SKYU.US,D,20230213,000000,12.99,13.57,12.99,13.5388,1587,0
SKYU.US,D,20230214,000000,13.45,14.07,13.45,14.06,3738,0
SKYU.US,D,20230215,000000,13.97,14.6616,13.97,14.6616,352,0
SKYU.US,D,20230216,000000,13.78,14.02,13.72,13.8009,4870,0
SKYU.US,D,20230217,000000,13.275,13.34,13.2259,13.3218,1037,0
SKYU.US,D,20230221,000000,12.63,12.63,12.59,12.59,217,0
SKYU.US,D,20230222,000000,12.89,12.89,12.61,12.87,643,0
SKYU.US,D,20230223,000000,12.95,12.95,12.6,12.91,6622,0
SKYU.US,D,20230224,000000,12.18,12.29,12.18,12.29,247,0
SKYU.US,D,20230227,000000,12.54,12.54,12.36,12.36,963,0
SKYU.US,D,20230228,000000,12.3601,12.38,12.3601,12.38,825,0
SKYU.US,D,20230301,000000,12.152,12.2,12.152,12.19,1641,0
SKYU.US,D,20230302,000000,12.13,12.37,11.94,12.37,1423,0
SKYU.US,D,20230303,000000,12.97,13.08,12.97,13.08,857,0
SKYU.US,D,20230306,000000,13.4,13.42,13.04,13.04,2688,0
SKYU.US,D,20230307,000000,12.79,12.79,12.65,12.79,2917,0
SKYU.US,D,20230308,000000,12.92,12.92,12.735,12.81,2418,0
SKYU.US,D,20230309,000000,12.02,12.02,12.02,12.02,36,0
SKYU.US,D,20230310,000000,11.01,11.13,11.01,11.09,525,0
SKYU.US,D,20230313,000000,10.74,11.3999,10.72,11.2084,1269,0
SKYU.US,D,20230314,000000,11.6152,11.6152,11.6152,11.6152,21,0
SKYU.US,D,20230315,000000,11.45,11.71,11.45,11.6687,2117,0
SKYU.US,D,20230316,000000,12.37,12.4,12.37,12.4,453,0
SKYU.US,D,20230317,000000,12.17,12.17,12.1456,12.1456,168,0
SKYU.US,D,20230320,000000,12.05,12.09,12.05,12.09,222,0
SKYU.US,D,20230321,000000,12.75,12.75,12.75,12.75,85,0
SKYU.US,D,20230322,000000,12.44,12.44,12.0747,12.0747,571,0
SKYU.US,D,20230323,000000,12.33,12.42,12.33,12.42,597,0
SKYU.US,D,20230324,000000,12.05,12.3102,12.05,12.3102,573,0
SKYU.US,D,20230327,000000,12.4,12.45,12.335,12.335,1401,0
SKYU.US,D,20230328,000000,12.31,12.31,12.1,12.29,1881,0
SKYU.US,D,20230329,000000,12.54,12.74,12.54,12.6781,1011,0
SKYU.US,D,20230330,000000,12.95,12.95,12.8454,12.8454,1345,0
SKYU.US,D,20230331,000000,12.961,13.7088,12.96,13.7088,1375,0
SKYU.US,D,20230403,000000,13.4,13.4,13.37,13.4,573,0
SKYU.US,D,20230404,000000,13.32,13.3722,13.32,13.3722,2185,0
SKYU.US,D,20230405,000000,12.7297,12.7297,12.7297,12.7297,138,0
SKYU.US,D,20230406,000000,12.57,12.94,12.36,12.94,1584,0
SKYU.US,D,20230410,000000,12.85,13.05,12.73,13.05,643,0
SKYU.US,D,20230411,000000,12.85,12.85,12.83,12.83,489,0
SKYU.US,D,20230412,000000,13.14,13.32,12.719,12.719,3751,0
SKYU.US,D,20230413,000000,13.11,13.3152,13.11,13.3152,2024,0
SKYU.US,D,20230414,000000,13.22,13.22,12.93,13.0651,1032,0
SKYU.US,D,20230417,000000,13.215,13.215,13.215,13.215,321,0
SKYU.US,D,20230418,000000,13.17,13.2332,13.17,13.2332,1163,0
SKYU.US,D,20230419,000000,13.0203,13.0203,13.0003,13.0003,325,0
SKYU.US,D,20230420,000000,12.72,12.72,12.72,12.72,149,0
SKYU.US,D,20230421,000000,12.71,12.7457,12.71,12.7457,183,0
SKYU.US,D,20230424,000000,12.5,12.5,12.3711,12.3711,319,0
SKYU.US,D,20230425,000000,11.645,11.645,11.645,11.645,113,0
SKYU.US,D,20230426,000000,11.9595,11.9595,11.9595,11.9595,1,0
SKYU.US,D,20230427,000000,12.35,12.3501,12.3472,12.3472,883,0
SKYU.US,D,20230428,000000,12.11,12.1426,11.95,12.1426,1672,0
SKYU.US,D,20230501,000000,12.18,12.18,12.0292,12.0292,206,0
SKYU.US,D,20230502,000000,11.5,11.5,11.45,11.4584,341,0
SKYU.US,D,20230503,000000,11.1573,11.1573,11.1573,11.1573,18,0
SKYU.US,D,20230504,000000,11.39,11.39,11.335,11.335,148,0
SKYU.US,D,20230505,000000,11.735,11.735,11.735,11.735,89,0
SKYU.US,D,20230508,000000,11.99,12.07,11.99,12.0554,300,0
SKYU.US,D,20230509,000000,12.195,12.195,12.1,12.1,292,0
SKYU.US,D,20230510,000000,12.4816,12.5996,12.4209,12.5996,643,0
SKYU.US,D,20230511,000000,12.65,12.65,12.65,12.65,188,0
SKYU.US,D,20230512,000000,12.54,12.54,12.54,12.54,18,0
SKYU.US,D,20230515,000000,12.98,12.995,12.98,12.995,561,0
SKYU.US,D,20230516,000000,13.01,13.01,12.9674,12.9674,175,0
SKYU.US,D,20230517,000000,13.46,13.66,13.4599,13.63,1632,0
SKYU.US,D,20230518,000000,13.91,14.1237,13.79,14.1237,506,0
SKYU.US,D,20230519,000000,13.91,13.9841,13.9099,13.9841,1634,0
SKYU.US,D,20230522,000000,14.3367,14.3367,14.3367,14.3367,27,0
SKYU.US,D,20230523,000000,14.15,14.18,13.9,13.93,544,0
SKYU.US,D,20230524,000000,13.825,13.883,13.825,13.883,639,0
SKYU.US,D,20230525,000000,14.3495,14.3495,14.3495,14.3495,138,0
SKYU.US,D,20230526,000000,14.31,15.39,14.31,15.154,3554,0
SKYU.US,D,20230530,000000,15.3801,15.5535,15.3801,15.5535,571,0
SKYU.US,D,20230531,000000,15.33,15.7334,15.33,15.7334,321,0
SKYU.US,D,20230601,000000,15.59,16.48,15.5,16.2444,3791,0
SKYU.US,D,20230602,000000,16.9656,16.9656,16.9235,16.9235,517,0
SKYU.US,D,20230605,000000,16.87,16.98,16.85,16.98,930,0
SKYU.US,D,20230606,000000,16.99,17.34,16.99,17.1984,3138,0
SKYU.US,D,20230607,000000,17.34,17.34,16.08,16.1321,2203,0
SKYU.US,D,20230608,000000,16,16.24,16,16.24,1298,0
SKYU.US,D,20230609,000000,16.5,16.85,16.4316,16.4316,1093,0
SKYU.US,D,20230612,000000,16.73,17.14,16.73,17.13,2618,0
SKYU.US,D,20230613,000000,17.46,17.67,17.3379,17.67,4669,0
SKYU.US,D,20230614,000000,17.4295,17.85,17.4295,17.85,1471,0
SKYU.US,D,20230615,000000,17.39,18.37,17.39,18.37,1852,0
SKYU.US,D,20230616,000000,18.1354,18.1354,17.82,17.82,1066,0
SKYU.US,D,20230620,000000,17.37,17.54,17.33,17.33,1346,0
SKYU.US,D,20230621,000000,17.185,17.185,16.55,16.57,2339,0
SKYU.US,D,20230622,000000,16.3617,16.5951,16.13,16.5951,4201,0
SKYU.US,D,20230623,000000,16.27,16.27,16.26,16.26,833,0
SKYU.US,D,20230626,000000,16.06,16.1,15.8872,15.8872,760,0
SKYU.US,D,20230627,000000,16.08,16.4749,16.08,16.4749,2397,0
SKYU.US,D,20230628,000000,16.855,16.855,16.63,16.78,1852,0
SKYU.US,D,20230629,000000,16.89,16.89,16.75,16.7621,771,0
SKYU.US,D,20230630,000000,17.23,17.275,17.16,17.2,917,0
SKYU.US,D,20230703,000000,17.07,17.15,17.0409,17.15,802,0
SKYU.US,D,20230705,000000,16.98,17.1,16.8968,17.1,2674,0
SKYU.US,D,20230706,000000,16.65,16.6744,16.18,16.6744,19721,0
SKYU.US,D,20230707,000000,16.72,17,16.69,16.7105,5222,0
SKYU.US,D,20230710,000000,16.61,17.1491,16.5,17.1491,331,0
SKYU.US,D,20230711,000000,17.3,17.672,17.3,17.672,458,0
SKYU.US,D,20230712,000000,17.95,17.95,17.53,17.766,7604,0
SKYU.US,D,20230713,000000,18.74,18.7919,18.74,18.7919,944,0
SKYU.US,D,20230714,000000,19.05,19.05,18.37,18.44,6729,0
SKYU.US,D,20230717,000000,18.44,18.88,18.44,18.88,892,0
SKYU.US,D,20230718,000000,18.78,19.39,18.78,19.39,2374,0
SKYU.US,D,20230719,000000,19.76,19.76,19.2687,19.55,1947,0
SKYU.US,D,20230720,000000,19.19,19.19,18.26,18.26,5800,0
SKYU.US,D,20230721,000000,18.3402,18.3402,18.25,18.25,141,0
SKYU.US,D,20230724,000000,18.3,18.3,18.22,18.22,792,0
SKYU.US,D,20230725,000000,18.4,18.62,18.4,18.59,1025,0
SKYU.US,D,20230726,000000,18.5,18.56,18.21,18.44,7329,0
SKYU.US,D,20230727,000000,18.8,18.8,17.93,18.09,2382,0
SKYU.US,D,20230728,000000,18.44,18.56,18.44,18.56,303,0
SKYU.US,D,20230731,000000,18.95,19.12,18.95,19.12,1724,0
SKYU.US,D,20230801,000000,19.04,19.38,19,19.38,2892,0
SKYU.US,D,20230802,000000,19.8,19.8,17.73,17.88,4179,0
SKYU.US,D,20230803,000000,18.0004,18.08,18,18.03,1656,0
SKYU.US,D,20230804,000000,18.33,18.33,18.04,18.04,602,0
SKYU.US,D,20230807,000000,17.8,18.17,17.8,18.17,2357,0
SKYU.US,D,20230808,000000,17.28,17.48,17.28,17.48,646,0
SKYU.US,D,20230809,000000,17.32,17.33,16.99,17,7657,0
SKYU.US,D,20230810,000000,17.8,17.9,17.29,17.4087,1166,0
SKYU.US,D,20230811,000000,17.38,17.45,17.3599,17.4183,447,0
SKYU.US,D,20230814,000000,17.7179,17.7179,17.7179,17.7179,122,0
SKYU.US,D,20230815,000000,17.3727,17.3727,17.3727,17.3727,58,0
SKYU.US,D,20230816,000000,17.13,17.13,17.02,17.0538,3534,0
SKYU.US,D,20230817,000000,16.8,16.8001,16.6421,16.6421,744,0
SKYU.US,D,20230818,000000,16.04,16.83,16.04,16.747,2747,0
SKYU.US,D,20230821,000000,16.84,17.1041,16.84,17.1041,1365,0
SKYU.US,D,20230822,000000,17.14,17.326,17.14,17.195,386,0
SKYU.US,D,20230823,000000,17.47,17.85,17.47,17.7612,1196,0
SKYU.US,D,20230824,000000,17.6297,17.6297,16.9069,16.9069,4315,0
SKYU.US,D,20230825,000000,16.7,17.27,16.7,17.27,4772,0
SKYU.US,D,20230828,000000,17.4359,17.4359,17.4359,17.4359,227,0
SKYU.US,D,20230829,000000,18.1,18.1,17.99,18.04,658,0
SKYU.US,D,20230830,000000,18.31,18.3394,18.31,18.3394,575,0
SKYU.US,D,20230831,000000,18.74,18.86,18.74,18.86,743,0
SKYU.US,D,20230901,000000,19.46,19.5799,19.3079,19.3322,781,0
SKYU.US,D,20230905,000000,19.345,19.5036,19.345,19.415,3223,0
SKYU.US,D,20230906,000000,19.1,19.5219,19.0301,19.28,2070,0
SKYU.US,D,20230907,000000,19.46,19.46,18.64,19.197,1935,0
SKYU.US,D,20230908,000000,19.1122,19.1122,19.1122,19.1122,155,0
SKYU.US,D,20230911,000000,19.41,19.44,19.41,19.44,320,0
SKYU.US,D,20230912,000000,19.01,19.01,18.5884,18.6,577,0
SKYU.US,D,20230913,000000,18.33,18.56,18.315,18.56,913,0
SKYU.US,D,20230914,000000,18.5029,18.5029,18.5029,18.5029,62,0
SKYU.US,D,20230915,000000,18.1481,18.1481,17.98,17.98,737,0
SKYU.US,D,20230918,000000,17.65,17.84,17.65,17.7295,841,0
SKYU.US,D,20230919,000000,17.5344,17.5344,17.5344,17.5344,73,0
SKYU.US,D,20230920,000000,17.2646,17.2646,17.2646,17.2646,11,0
SKYU.US,D,20230921,000000,16.705,16.705,16.4116,16.4116,2654,0
SKYU.US,D,20230922,000000,16.76,16.779,16.51,16.5384,1069,0
SKYU.US,D,20230925,000000,16.44,16.56,16.41,16.5001,4409,0
SKYU.US,D,20230926,000000,16.25,16.2641,15.86,15.8788,1002,0
SKYU.US,D,20230927,000000,15.98,16.2247,15.98,16.2247,1794,0
SKYU.US,D,20230928,000000,16.13,16.65,16.13,16.6266,7999,0
SKYU.US,D,20230929,000000,17.05,17.05,16.72,16.72,2606,0
SKYU.US,D,20231002,000000,17.41,17.41,16.7,16.8781,13573,0
SKYU.US,D,20231003,000000,16.44,16.44,15.9,15.95,10720,0
SKYU.US,D,20231004,000000,16.03,16.34,15.97,16.2673,7617,0
SKYU.US,D,20231005,000000,16.0619,16.0619,16.0619,16.0619,95,0
SKYU.US,D,20231006,000000,16.82,16.8712,16.82,16.865,3274,0
SKYU.US,D,20231009,000000,16.76,17.11,16.76,17.0291,2523,0
SKYU.US,D,20231010,000000,17.65,17.65,17.3029,17.3029,5532,0
SKYU.US,D,20231011,000000,17.64,17.64,17.51,17.5411,5497,0
SKYU.US,D,20231012,000000,17.55,17.55,17.0448,17.0448,1027,0
SKYU.US,D,20231013,000000,16.4606,16.4606,16.4606,16.4606,41,0
SKYU.US,D,20231016,000000,16.571,17.22,16.571,17.1221,12374,0
SKYU.US,D,20231017,000000,17.46,17.52,17.29,17.3028,2778,0
SKYU.US,D,20231018,000000,17.01,17.01,16.6476,16.6476,418,0
SKYU.US,D,20231019,000000,16.92,17.03,16.535,16.535,10103,0
SKYU.US,D,20231020,000000,15.4,15.5915,15.38,15.5915,61483,0
SKYU.US,D,20231023,000000,15.25,15.615,14.98,15.4102,29710,0
SKYU.US,D,20231024,000000,15.9904,16,15.72,15.95,9853,0
SKYU.US,D,20231025,000000,15.405,15.43,14.79,14.79,1875,0
SKYU.US,D,20231026,000000,14.76,14.97,14.38,14.4093,13235,0
SKYU.US,D,20231027,000000,14.52,14.52,14.52,14.52,226,0
SKYU.US,D,20231030,000000,14.63,14.8895,14.6,14.78,20021,0
SKYU.US,D,20231031,000000,15.01,15.3,15.01,15.27,499,0
SKYU.US,D,20231101,000000,15.28,15.28,15.02,15.15,1018,0
SKYU.US,D,20231102,000000,15.65,15.65,15.59,15.59,1376,0
SKYU.US,D,20231103,000000,15.92,16.27,15.8999,16.23,2681,0
SKYU.US,D,20231106,000000,16.46,16.46,15.83,16.17,4753,0
SKYU.US,D,20231107,000000,17.195,17.195,16.87,16.97,4406,0
SKYU.US,D,20231108,000000,16.78,16.93,16.67,16.93,4967,0
SKYU.US,D,20231109,000000,16.77,16.77,16.28,16.44,661,0
SKYU.US,D,20231110,000000,16.21,16.94,16.21,16.94,625,0
SKYU.US,D,20231113,000000,16.88,16.91,16.69,16.82,3340,0
SKYU.US,D,20231114,000000,17.97,18.13,17.9099,18.13,2406,0
SKYU.US,D,20231115,000000,18.2,18.2,18.12,18.12,1299,0
SKYU.US,D,20231116,000000,17.88,17.88,17.65,17.65,3558,0
SKYU.US,D,20231117,000000,17.97,17.97,17.87,17.9,3025,0
SKYU.US,D,20231120,000000,18.17,18.4501,18.17,18.3782,1096,0
SKYU.US,D,20231121,000000,18.19,18.19,18.11,18.15,630,0
SKYU.US,D,20231122,000000,18.35,18.35,18.325,18.325,234,0
SKYU.US,D,20231124,000000,18.5,18.5,18.2,18.3,4234,0
SKYU.US,D,20231127,000000,18.41,18.52,18.2,18.2,3003,0
SKYU.US,D,20231128,000000,18.06,18.5,18.06,18.4322,512,0
SKYU.US,D,20231129,000000,19,19.37,19,19.23,1373,0
SKYU.US,D,20231130,000000,19.19,19.19,19,19.07,888,0
SKYU.US,D,20231201,000000,19.92,19.92,19.92,19.92,726,0
SKYU.US,D,20231204,000000,19.57,19.7,19.5,19.7,1435,0
SKYU.US,D,20231205,000000,19.71,19.77,19.71,19.7425,1886,0
SKYU.US,D,20231206,000000,19.76,19.76,19.2,19.2,492,0
SKYU.US,D,20231207,000000,19.18,19.37,19.18,19.35,5902,0
SKYU.US,D,20231208,000000,19.55,19.68,19.515,19.68,1095,0
SKYU.US,D,20231211,000000,19.79,19.79,19.79,19.79,88,0
SKYU.US,D,20231212,000000,19.82,19.82,19.82,19.82,199,0
SKYU.US,D,20231213,000000,20.405,20.69,20.405,20.69,388,0
SKYU.US,D,20231214,000000,21.01,21.01,21.01,21.01,119,0
SKYU.US,D,20231215,000000,21.05,21.35,21.01,21.3,3693,0
SKYU.US,D,20231218,000000,21.3,21.8,21.3,21.62,4890,0
SKYU.US,D,20231219,000000,22.0154,22.0154,21.93,21.9651,4716,0
SKYU.US,D,20231220,000000,21.6,22.12,21.1,21.1,4322,0
SKYU.US,D,20231221,000000,21.48,21.81,21.48,21.81,1859,0
SKYU.US,D,20231222,000000,21.96,21.96,21.85,21.9,703,0
SKYU.US,D,20231226,000000,22.21,22.21,22.19,22.19,178,0
SKYU.US,D,20231227,000000,21.96,22.32,21.96,22.06,1001,0
SKYU.US,D,20231228,000000,21.99,22.1439,21.74,22.07,2024,0
SKYU.US,D,20231229,000000,22.0599,22.0599,21.53,21.74,1122,0
SKYU.US,D,20240102,000000,20.6,20.6,20.17,20.41,7505,0
SKYU.US,D,20240103,000000,20.06,20.06,19.56,19.76,6459,0
SKYU.US,D,20240104,000000,19.45,19.7198,19.13,19.49,2440,0
SKYU.US,D,20240105,000000,19.68,19.68,19.46,19.55,6994,0
SKYU.US,D,20240108,000000,20.0299,20.83,20.0299,20.83,2063,0
SKYU.US,D,20240109,000000,20.64,20.77,20.51,20.77,564,0
SKYU.US,D,20240110,000000,20.83,21.31,20.83,21.31,285,0
SKYU.US,D,20240111,000000,21.6083,21.6083,21.0597,21.455,536,0
SKYU.US,D,20240112,000000,22.16,22.16,21.6,21.6,750,0
SKYU.US,D,20240116,000000,21,21.37,20.9732,21.37,1091,0
SKYU.US,D,20240117,000000,20.89,21.1688,20.89,21.1688,462,0
SKYU.US,D,20240118,000000,21.4,21.66,21.2403,21.6,3058,0
SKYU.US,D,20240119,000000,21.85,22.42,21.85,22.42,910,0
SKYU.US,D,20240122,000000,23.2,23.45,22.8799,23.07,2839,0
SKYU.US,D,20240123,000000,23.39,23.39,22.9999,23.22,2300,0
SKYU.US,D,20240124,000000,23.84,23.84,23.14,23.36,2730,0
SKYU.US,D,20240125,000000,23.57,23.6897,23.11,23.37,7571,0
SKYU.US,D,20240126,000000,23.34,23.57,23.34,23.34,3788,0
SKYU.US,D,20240129,000000,23.8,24.4,23.55,24.4,3239,0
SKYU.US,D,20240130,000000,24.32,24.32,23.93,24.24,699,0
SKYU.US,D,20240131,000000,23.51,23.51,22.44,22.44,5405,0
SKYU.US,D,20240201,000000,22.9599,23.1,22.77,23.0542,1236,0
SKYU.US,D,20240202,000000,23.6702,23.96,23.6702,23.92,4249,0
SKYU.US,D,20240205,000000,23.86,23.86,23.2106,23.4,7186,0
SKYU.US,D,20240206,000000,23.4867,23.4867,23,23.43,1498,0
SKYU.US,D,20240207,000000,23.9,24,23.82,24,943,0
SKYU.US,D,20240208,000000,25.07,25.15,25.07,25.15,842,0
SKYU.US,D,20240209,000000,25.99,26.25,25.99,26.1201,2099,0
SKYU.US,D,20240212,000000,26.2,26.38,25.67,25.722,3683,0
SKYU.US,D,20240213,000000,23.87,24.49,23.3,24.085,9408,0
SKYU.US,D,20240214,000000,24.49,25.19,24.25,25.19,2413,0
SKYU.US,D,20240215,000000,24.95,24.95,24.5,24.81,3234,0
SKYU.US,D,20240216,000000,24.65,24.65,24.08,24.14,2924,0
SKYU.US,D,20240220,000000,23.32,23.37,22.75,23.075,4415,0
SKYU.US,D,20240221,000000,22.36,22.36,21.81,22.0737,4179,0
SKYU.US,D,20240222,000000,23.51,23.51,23.12,23.3572,3750,0
SKYU.US,D,20240223,000000,23.22,23.49,23.17,23.49,10546,0
SKYU.US,D,20240226,000000,23.85,24.14,23.67,23.8,3015,0
SKYU.US,D,20240227,000000,24.16,24.16,23.78,23.9142,2916,0
SKYU.US,D,20240228,000000,23.87,23.9,23.72,23.7899,2789,0
SKYU.US,D,20240229,000000,24.98,24.98,24.44,24.88,1443,0
SKYU.US,D,20240301,000000,25.7,25.98,25.7,25.8961,2289,0
SKYU.US,D,20240304,000000,25.94,26.2,25.9134,26.19,3355,0
SKYU.US,D,20240305,000000,25.23,25.23,24.01,24.3,8805,0
SKYU.US,D,20240306,000000,25.36,25.36,25.0987,25.19,2417,0
SKYU.US,D,20240307,000000,25.15,25.65,25.15,25.65,3102,0
SKYU.US,D,20240308,000000,26.29,26.29,25.21,25.21,1133,0
SKYU.US,D,20240311,000000,24.93,24.93,24.68,24.85,593,0
SKYU.US,D,20240312,000000,25.04,25.55,25.04,25.36,762,0
SKYU.US,D,20240313,000000,25.33,25.33,25.15,25.15,811,0
SKYU.US,D,20240314,000000,24.5,24.8,24.5,24.8,223,0
SKYU.US,D,20240315,000000,24.25,24.26,23.85,23.93,1955,0
SKYU.US,D,20240318,000000,24.4402,24.69,24.24,24.69,1706,0
SKYU.US,D,20240319,000000,24.1,24.72,24.1,24.72,708,0
SKYU.US,D,20240320,000000,24.93,25.68,24.93,25.68,528,0
SKYU.US,D,20240321,000000,25.97,25.97,25.575,25.575,1216,0
SKYU.US,D,20240322,000000,25.69,25.69,25.32,25.39,582,0
SKYU.US,D,20240325,000000,25.38,25.39,25.24,25.24,1419,0
SKYU.US,D,20240326,000000,25.5,25.5,25.16,25.18,1333,0
SKYU.US,D,20240327,000000,25.01,25.08,24.77,25.08,1932,0
SKYU.US,D,20240328,000000,25.35,25.35,25.08,25.08,2092,0
SKYU.US,D,20240401,000000,25,25.12,25,25.12,771,0
SKYU.US,D,20240402,000000,24.33,24.455,24.33,24.455,260,0
SKYU.US,D,20240403,000000,24.77,24.89,24.77,24.89,1222,0
SKYU.US,D,20240404,000000,25.3095,25.3095,24.38,24.38,870,0
SKYU.US,D,20240405,000000,24.62,24.99,24.62,24.96,1702,0
SKYU.US,D,20240408,000000,25.1,25.24,25.1,25.24,689,0
SKYU.US,D,20240409,000000,25.4045,25.4045,25.4045,25.4045,31,0
SKYU.US,D,20240410,000000,24.5,24.67,24.5,24.67,2026,0
SKYU.US,D,20240411,000000,25.04,25.33,24.69,25.25,5030,0
SKYU.US,D,20240412,000000,24.5,24.5,23.85,24.1,1272,0
SKYU.US,D,20240415,000000,24.31,24.31,22.8,22.8,2194,0
SKYU.US,D,20240416,000000,22.6,22.86,22.6,22.8,1045,0
SKYU.US,D,20240417,000000,22.7815,22.7815,22.5151,22.5151,274,0
SKYU.US,D,20240418,000000,22.37,22.41,22.09,22.09,648,0
SKYU.US,D,20240419,000000,21.3901,21.3901,21.14,21.14,2587,0
SKYU.US,D,20240422,000000,21.87,22.11,21.39,22.06,1450,0
SKYU.US,D,20240423,000000,22.4,23.26,22.4,23.26,2518,0
SKYU.US,D,20240424,000000,23.615,23.615,23.1,23.15,1091,0
SKYU.US,D,20240425,000000,22.8089,22.8089,22.8089,22.8089,40,0
SKYU.US,D,20240426,000000,23.6201,23.66,23.47,23.5383,694,0
SKYU.US,D,20240429,000000,23.58,23.58,23.58,23.58,15,0
SKYU.US,D,20240430,000000,22.6615,22.6615,22.27,22.27,662,0
SKYU.US,D,20240501,000000,22.38,23.33,22.21,22.4674,8869,0
SKYU.US,D,20240502,000000,22.59,22.59,22.59,22.59,123,0
SKYU.US,D,20240503,000000,23.34,23.34,22.78,22.78,588,0
SKYU.US,D,20240506,000000,23.56,23.57,23.56,23.57,273,0
SKYU.US,D,20240507,000000,23.4099,23.4099,23.375,23.375,163,0
SKYU.US,D,20240508,000000,23.26,23.26,23.26,23.26,97,0
SKYU.US,D,20240509,000000,23.61,23.61,23.61,23.61,13,0
SKYU.US,D,20240510,000000,23.535,23.535,23.535,23.535,19,0
SKYU.US,D,20240513,000000,23.75,23.835,23.75,23.835,2446,0
SKYU.US,D,20240514,000000,24.28,24.28,24.28,24.28,8,0
SKYU.US,D,20240515,000000,24.69,25.32,24.62,25.32,5534,0
SKYU.US,D,20240516,000000,25.3,25.3,24.89,24.89,684,0
SKYU.US,D,20240517,000000,25.117,25.13,25.0418,25.13,501,0
SKYU.US,D,20240520,000000,25.3,25.48,25.2367,25.48,1824,0
SKYU.US,D,20240521,000000,25.25,25.3,25.2,25.29,1590,0
SKYU.US,D,20240522,000000,25.305,25.34,24.9591,25.19,1855,0
SKYU.US,D,20240523,000000,24.85,24.965,24.42,24.45,1719,0
SKYU.US,D,20240524,000000,24.11,24.51,24.11,24.51,1863,0
SKYU.US,D,20240528,000000,24.74,24.74,24.28,24.38,1589,0
SKYU.US,D,20240529,000000,24.11,24.42,24.11,24.42,904,0
SKYU.US,D,20240530,000000,22.48,22.48,22.48,22.48,272,0
SKYU.US,D,20240531,000000,22,22,21.13,21.775,5390,0
SKYU.US,D,20240603,000000,21.97,22,21.3,21.67,2815,0
SKYU.US,D,20240604,000000,21.4899,21.6,21.48,21.6,862,0
SKYU.US,D,20240605,000000,21.94,22.28,21.83,22.28,1482,0
SKYU.US,D,20240606,000000,22.82,22.82,22.82,22.82,70,0
SKYU.US,D,20240607,000000,22.21,22.23,22.21,22.23,988,0
SKYU.US,D,20240610,000000,22.48,22.54,22.43,22.54,248,0
SKYU.US,D,20240611,000000,22.08,22.5,22.08,22.5,626,0
SKYU.US,D,20240612,000000,23.31,23.3101,23.11,23.14,3292,0
SKYU.US,D,20240613,000000,22.68,22.68,22.46,22.635,1188,0
SKYU.US,D,20240614,000000,22.63,22.77,22.63,22.77,343,0
SKYU.US,D,20240617,000000,22.4,22.9,22.2,22.87,5296,0
SKYU.US,D,20240618,000000,22.81,22.86,22.81,22.86,345,0
SKYU.US,D,20240620,000000,22.94,22.94,22.5,22.775,5830,0
SKYU.US,D,20240621,000000,22.6801,23.06,22.6801,23.06,251,0
SKYU.US,D,20240624,000000,22.8799,22.8799,22.66,22.66,849,0
SKYU.US,D,20240625,000000,22.7,22.91,22.7,22.91,288,0
SKYU.US,D,20240626,000000,23.35,23.35,23.35,23.35,10,0
SKYU.US,D,20240627,000000,23.62,24.3,23.62,24.2561,382,0
SKYU.US,D,20240628,000000,24.39,24.62,24.39,24.49,1095,0
SKYU.US,D,20240701,000000,24.66,24.95,24.2,24.91,2604,0
SKYU.US,D,20240702,000000,24.9879,24.9879,24.89,24.89,558,0
SKYU.US,D,20240703,000000,25,25.24,25,25.07,937,0
SKYU.US,D,20240705,000000,25.21,25.49,25.21,25.42,1939,0
SKYU.US,D,20240708,000000,25.39,25.39,25.14,25.22,830,0
SKYU.US,D,20240709,000000,24.66,24.66,24.56,24.56,601,0
SKYU.US,D,20240710,000000,24.36,24.4001,24.21,24.38,9887,0
SKYU.US,D,20240711,000000,24.4,24.9,24.23,24.34,12614,0
SKYU.US,D,20240712,000000,24.74,24.76,24.67,24.67,534,0
SKYU.US,D,20240715,000000,24.66,24.8,24.65,24.8,639,0
SKYU.US,D,20240716,000000,24.94,25.19,24.81,25.19,1350,0
SKYU.US,D,20240717,000000,24.5746,24.5746,24.16,24.27,4989,0
SKYU.US,D,20240718,000000,23.38,23.42,23.38,23.42,1636,0
SKYU.US,D,20240719,000000,23.3015,23.4,23.3015,23.4,187,0
SKYU.US,D,20240722,000000,23.84,23.84,23.77,23.83,1033,0
SKYU.US,D,20240723,000000,24.13,24.3323,24.13,24.31,1124,0
SKYU.US,D,20240724,000000,23.7934,23.97,22.57,22.57,3842,0
SKYU.US,D,20240725,000000,23.2,23.2,23.2,23.2,132,0
SKYU.US,D,20240726,000000,23.4276,23.57,23.4276,23.57,216,0
SKYU.US,D,20240729,000000,23.64,23.74,23.48,23.48,3931,0
SKYU.US,D,20240730,000000,23.49,23.49,22.53,23.03,1214,0
SKYU.US,D,20240731,000000,23.7285,24.105,23.7285,24.08,1404,0
SKYU.US,D,20240801,000000,22.31,22.62,22.29,22.62,1260,0
SKYU.US,D,20240802,000000,20.94,21.17,20.68,21.17,2667,0
SKYU.US,D,20240805,000000,18.45,19.87,18.45,19.77,1409,0
SKYU.US,D,20240806,000000,20.63,20.63,20.63,20.63,473,0
SKYU.US,D,20240807,000000,22.2,22.2,20.96,21.03,2766,0
SKYU.US,D,20240808,000000,21.8875,21.8875,21.8875,21.8875,66,0
SKYU.US,D,20240809,000000,21.77,22.2835,21.77,22.2835,353,0
SKYU.US,D,20240812,000000,22.16,22.16,21.82,21.82,670,0
SKYU.US,D,20240813,000000,22.25,23.01,22.25,23.01,1341,0
SKYU.US,D,20240814,000000,23.27,23.36,23.27,23.36,182,0
SKYU.US,D,20240815,000000,24.21,24.42,24.21,24.39,8038,0
SKYU.US,D,20240816,000000,24.2985,24.541,24.2899,24.5256,1911,0
SKYU.US,D,20240819,000000,24.6185,25.0288,24.6185,25.02,8317,0
SKYU.US,D,20240820,000000,25.16,25.17,24.87,24.87,10891,0
SKYU.US,D,20240821,000000,25.01,25.17,24.92,25.17,1830,0
SKYU.US,D,20240822,000000,24.84,24.85,24.48,24.54,1916,0
SKYU.US,D,20240823,000000,25.19,25.19,25.19,25.19,412,0
SKYU.US,D,20240826,000000,25.35,25.3501,24.64,24.89,17281,0
SKYU.US,D,20240827,000000,24.55,24.83,24.55,24.74,1491,0
SKYU.US,D,20240828,000000,23.97,24.09,23.97,24.09,1030,0
SKYU.US,D,20240829,000000,24.09,25.0402,24.09,24.62,2179,0
SKYU.US,D,20240830,000000,25.11,25.1556,24.84,25.15,3407,0
SKYU.US,D,20240903,000000,23.6,23.69,23.6,23.69,392,0
SKYU.US,D,20240904,000000,23.83,23.86,23.83,23.86,309,0
SKYU.US,D,20240905,000000,23.78,23.86,23.7,23.86,2395,0
SKYU.US,D,20240906,000000,22.85,22.88,22.85,22.88,383,0
SKYU.US,D,20240909,000000,23.11,23.21,23.11,23.21,361,0
SKYU.US,D,20240910,000000,23.41,23.41,23.41,23.41,219,0
SKYU.US,D,20240911,000000,24.3,24.3,24.3,24.3,24,0
SKYU.US,D,20240912,000000,25,25,25,25,189,0
SKYU.US,D,20240913,000000,25.42,25.42,25.27,25.27,541,0
SKYU.US,D,20240916,000000,25.06,25.78,25.06,25.73,1625,0
SKYU.US,D,20240917,000000,26.02,26.02,25.62,25.62,519,0
SKYU.US,D,20240918,000000,25.57,25.57,25.57,25.57,142,0
SKYU.US,D,20240919,000000,26.63,26.94,26.63,26.71,6837,0
SKYU.US,D,20240920,000000,26.85,27.07,26.53,27.07,6626,0
SKYU.US,D,20240923,000000,27.18,27.25,27.18,27.25,5618,0
SKYU.US,D,20240924,000000,27.43,27.43,27.08,27.32,7302,0
SKYU.US,D,20240925,000000,27.17,27.17,27.0201,27.13,5136,0
SKYU.US,D,20240926,000000,27.87,27.87,27.08,27.35,6818,0
SKYU.US,D,20240927,000000,27.31,27.35,27.31,27.35,428,0
SKYU.US,D,20240930,000000,27.08,27.25,26.68,27.25,11013,0
SKYU.US,D,20241001,000000,26.38,26.38,25.95,26.02,650,0
SKYU.US,D,20241002,000000,26.56,26.56,26.355,26.45,915,0
SKYU.US,D,20241003,000000,26.33,26.33,26.33,26.33,156,0
SKYU.US,D,20241004,000000,27.1,27.67,26.84,27.67,30183,0
SKYU.US,D,20241007,000000,27.16,27.2,26.78,26.78,1459,0
SKYU.US,D,20241008,000000,27.43,27.43,27.43,27.43,33,0
SKYU.US,D,20241009,000000,28.34,28.34,28.34,28.34,53,0
SKYU.US,D,20241010,000000,28.62,28.93,28.585,28.78,1605,0
SKYU.US,D,20241011,000000,29.28,29.4399,29.23,29.23,1953,0
SKYU.US,D,20241014,000000,29.5,29.53,29.34,29.37,2751,0
SKYU.US,D,20241015,000000,29.27,29.27,28.89,28.89,3507,0
SKYU.US,D,20241016,000000,28.99,28.99,28.99,28.99,96,0
SKYU.US,D,20241017,000000,29.26,29.26,29.26,29.26,18,0
SKYU.US,D,20241018,000000,29.61,29.71,29.51,29.65,863,0
SKYU.US,D,20241021,000000,29.34,29.9501,29.34,29.57,1449,0
SKYU.US,D,20241022,000000,28.8373,28.84,28.8373,28.84,754,0
SKYU.US,D,20241023,000000,28.0188,28.11,28.0188,28.11,1363,0
SKYU.US,D,20241024,000000,28.58,28.63,28.58,28.63,203,0
SKYU.US,D,20241025,000000,29.3792,29.3792,28.95,28.95,1063,0
SKYU.US,D,20241028,000000,28.93,29.03,28.83,29.03,3317,0
SKYU.US,D,20241029,000000,29.03,29.65,29.03,29.65,638,0
SKYU.US,D,20241030,000000,29.66,30.05,29.6,29.6,3706,0
SKYU.US,D,20241031,000000,29.31,29.31,28.64,28.64,1566,0
SKYU.US,D,20241101,000000,29.32,30.063,29.32,29.81,1654,0
SKYU.US,D,20241104,000000,29.6,29.81,29.5,29.6099,2888,0
